/*--------------------------------*- C++ -*----------------------------------*\
| =========                 |                                                 |
| \\      /  F ield         | OpenFOAM: The Open Source CFD Toolbox           |
|  \\    /   O peration     | Version:  2306                                  |
|   \\  /    A nd           | Website:  www.openfoam.com                      |
|    \\/     M anipulation  |                                                 |
\*---------------------------------------------------------------------------*/
FoamFile
{
    version     2.0;
    format      ascii;
    arch        "LSB;label=32;scalar=64";
    class       surfaceScalarField;
    location    "7.3";
    object      phi;
}
// * * * * * * * * * * * * * * * * * * * * * * * * * * * * * * * * * * * * * //

dimensions      [0 3 -1 0 0 0 0];

oriented        oriented;

internalField   nonuniform List<scalar> 
7520
(
-0.986814
0.796473
0.190341
-1.34366
-0.20429
1.54795
-0.0615437
-1.88874
1.95028
0.230694
-0.0309518
-0.199743
0.264924
1.82299
-2.08792
-0.0893697
0.0962016
-0.0068318
-0.307512
2.13069
-1.82318
-0.209546
-2.00699
2.21653
-1.54284
1.4813
0.823109
-0.0890492
-0.73406
0.424705
-0.131332
-0.293373
-0.274156
-1.57958
1.85373
0.670056
-0.0782669
-0.591789
-0.0975939
0.135489
-0.0378951
-2.1259
0.928509
1.19739
0.0755991
1.52732
-1.60291
0.280552
-0.0487499
-0.231803
-0.0421356
-0.41355
0.455686
0.0339035
0.0202699
-0.0541734
-0.0648478
0.3454
-0.39836
-0.281122
0.679482
-1.0604
1.136
-0.0340686
-0.309558
0.343627
0.137152
-0.139925
0.00277252
0.110022
-0.267928
0.157905
0.249985
-0.242723
-0.00726131
0.867311
1.12386
-1.99117
-0.0356393
0.311807
-0.276168
-0.0212311
0.0551346
0.200574
-0.0331726
-0.167402
-1.13518
1.74201
-0.606829
-0.0471843
-0.0179451
0.0651294
-1.85236
2.03512
-0.182755
-0.0593002
-0.161431
0.220731
-0.319061
-1.25155
1.57061
-0.35941
0.964369
-0.60496
0.26917
-0.535801
0.26663
0.829195
-1.58643
0.757235
0.0897124
-0.31275
0.223038
-0.044959
-0.101058
0.146017
-0.0279602
0.258655
0.342784
-0.459917
0.117133
0.283948
-0.0339632
2.09658
-1.58497
-0.51161
-0.589019
-0.57653
1.16555
-1.45983
1.60241
-0.142574
-0.136019
-0.131489
0.267509
0.261975
-0.0764325
-0.185542
-1.33212
0.196942
0.270583
-0.0743009
-0.196282
1.79521
0.176246
-1.97145
-0.717114
0.264884
0.45223
-0.0297654
0.0315751
-0.00180964
1.07747
0.478504
-1.55597
0.0144257
-0.103795
-0.759348
0.128204
0.631144
0.390566
-1.25597
0.865408
-0.0400864
-0.122036
0.162123
-0.114534
0.0673497
-2.20179
1.13291
1.06888
1.56726
-0.717115
-0.850141
0.0309917
0.165753
-0.196745
-1.29362
0.974562
0.808331
-0.138275
0.0111931
-0.0409585
0.00413557
-0.101729
1.16095
-2.3938
1.23285
0.128703
1.6665
-1.25523
0.981188
0.274043
0.310313
-0.234894
-0.0754192
-0.503917
0.894483
-0.0764262
-0.559541
0.635967
0.334635
-0.091467
-0.243168
-0.0494657
-0.138929
0.188395
1.00412
-1.57859
0.574466
0.126695
-0.11102
-0.0156744
1.75265
-0.496417
-1.25623
0.397254
-0.746466
0.349212
1.67294
-1.16799
-0.50495
-0.810283
0.0509354
-1.50905
-0.692741
1.04896
-0.692777
-0.356188
0.238484
-0.614914
0.37643
-0.34353
0.284229
-0.527746
0.48561
0.217415
-0.0168406
0.0142847
-0.0469673
0.0326826
1.10814
0.644511
-2.0023
2.33845
-0.336148
0.734722
0.832534
-0.975549
1.11641
-0.140861
0.0161543
-0.0773917
0.0612374
1.35523
-1.62939
0.239631
0.193844
-0.104131
0.13867
0.299277
-0.437946
0.00747941
0.0829612
-0.0904406
-0.525551
0.381873
0.143677
1.45182
-0.447693
-0.713286
0.610583
0.102703
1.18459
-1.74394
0.559356
-0.0876714
0.110225
-0.0225538
-0.054445
0.0911008
-0.0366558
3.00425
-1.9268
-1.07745
0.525459
-0.410695
-0.576119
-1.33803
0.834116
-1.9207
1.61319
0.162724
-0.0773984
-0.0853251
0.402733
0.0219723
-0.156894
0.155776
0.00111798
-0.110544
0.141305
-0.0307607
1.98356
-1.15436
-0.11105
0.0120368
0.0990135
-0.766563
0.368204
0.0351122
-0.0326728
-0.00243944
0.620787
0.428177
-0.783068
0.491684
0.291385
1.00816
-1.32725
0.319096
0.037154
0.0999984
-0.202363
-0.514751
-0.370626
0.0952215
0.275404
1.01126
-0.18815
0.662962
-0.570545
-0.0924177
-0.0413411
-0.0803087
0.12165
-0.240219
0.216785
0.0234341
0.6949
-1.85109
1.15619
0.37898
-0.413048
-0.34917
-0.0409476
0.390118
-0.0206484
-0.0904019
-0.357218
-0.248548
0.605765
0.139305
0.0318738
-0.171178
-0.0634845
0.202789
-0.594854
-0.188215
-0.702729
-0.513233
1.21596
-1.28677
2.33653
-1.04976
0.389622
-0.403122
0.0135002
-1.16419
-0.173841
-0.0335479
-0.0497807
0.0833286
1.41551
-0.338049
-0.636214
0.415286
0.220928
-0.0181864
0.15003
-0.131844
0.28455
-0.0732016
-0.211349
0.243809
-2.13254
0.31592
-1.77575
-2.91458
1.01113
1.90345
-0.841082
-0.41415
-1.52877
1.53554
-0.00676306
2.13998
0.204954
-2.34493
0.17894
-0.223899
0.716931
0.282179
-0.99911
-0.269682
-0.210295
0.479977
0.37408
-1.90285
-1.84231
-0.0100567
0.00119037
0.0130943
0.0613679
-0.116733
0.0553649
0.282123
-0.322209
1.65616
-0.471578
-0.152865
0.124905
-0.0194465
0.00291917
0.0165273
0.749858
-0.418359
-0.331498
-0.438599
-1.6873
-0.0718013
-0.19788
0.0620438
-0.586649
0.524606
0.286301
0.169207
-0.455509
-1.56431
0.9358
0.628511
1.01476
-0.749835
-0.0705126
0.452264
-0.381752
-0.262396
0.372418
0.505127
-0.233677
-0.271451
0.686848
-0.548178
0.234355
-0.308655
0.915002
0.290128
-1.20513
0.293712
-0.329351
-0.350536
-1.44645
1.79699
1.28557
0.658876
0.680432
-0.441948
-1.33004
0.970635
-0.690581
0.908672
-0.218092
0.00713998
-0.0331436
0.0260036
0.265258
-0.306174
0.0409158
-0.826361
1.44715
-0.268966
-0.144334
0.4133
0.416397
-0.130096
-0.835846
0.89789
0.584796
-1.06537
0.480574
-0.506428
-0.0191227
0.66714
-0.397969
0.137455
-0.0107604
-0.148891
0.155469
-0.00657778
0.0770666
-0.18761
-0.3607
-0.0900549
0.450755
0.128596
0.206039
-1.02276
-0.555825
-0.755625
-0.808686
0.0199045
0.0494888
-0.0693934
1.09729
-0.135111
-0.962182
-1.54907
0.262301
-1.18781
2.18137
-0.993557
0.352163
0.152964
-0.419796
0.499579
-0.0797828
-0.767052
0.564689
0.56105
-1.15007
1.75098
-0.0617656
-1.68922
-1.42787
1.88765
-0.459788
-0.0222233
0.0835912
0.38911
1.53733
-1.92644
0.0337247
-0.162982
0.129257
-0.133213
1.8062
-1.67299
0.00117761
0.108987
-0.110165
-0.888339
1.24169
-0.353348
-0.131077
-0.635975
0.0637826
-0.424483
0.258753
-0.171461
-1.8296
2.00106
0.0285614
-0.00829144
-1.72951
0.706746
-0.321964
-0.157461
0.479425
0.0849099
-0.126251
0.11867
1.59501
-1.71367
-0.549398
-0.566513
1.11591
-0.501046
0.396248
0.104799
2.75547
-1.84201
-0.913459
0.456621
-1.00602
0.0444835
-0.047512
0.00302848
0.104349
0.737189
-0.841538
0.0435209
-0.0466902
0.00316929
0.832423
0.813459
-1.64588
-0.229747
-0.48354
-0.0634369
0.173928
-0.110491
-0.906374
0.692277
0.214097
-0.070517
0.0379019
0.0326151
1.51027
-0.412979
1.0569
-1.95907
0.902178
-2.79635
1.21631
1.58004
-1.16966
-1.62669
-0.366715
0.479688
-0.112973
0.510304
-0.313591
-0.196713
0.942228
-1.72056
0.778329
0.0234527
1.08672
-1.11017
-0.645884
-0.0468931
1.14124
-0.226236
1.23219
1.32388
-2.55607
-0.180421
0.0853202
0.0951005
0.0485917
-0.954966
1.87808
-0.479413
-1.39866
0.13333
-0.0996049
0.080769
0.2717
-0.32045
1.06525
0.812823
0.168246
0.694457
-0.862703
0.352896
-0.0410886
-0.061784
0.0181871
0.0435969
0.560515
-0.435153
-0.125363
-1.82184
0.870315
0.951522
0.452752
0.0575522
0.851552
-1.55428
0.226407
0.00381547
-0.230222
0.132862
0.129113
-1.66802
1.61522
0.0528004
1.16597
-0.581171
-0.000677471
-0.0389801
0.0396576
0.0318736
-0.186495
0.154621
0.117538
-0.209005
1.72898
-0.568026
-0.10201
0.362926
-0.260916
0.00106344
-0.0205099
0.341078
-0.47241
0.748526
-0.449249
-0.669121
0.692573
-0.0966597
-0.0522312
2.13069
0.0120781
-0.0163145
0.00423639
0.0631607
0.685365
-0.19849
0.128189
0.0703009
-0.0709347
0.0164897
0.414527
-0.0717431
1.53404
-0.817106
0.416243
-0.361361
-0.054882
0.299434
-1.18777
0.0459769
-0.403195
-2.00221
1.83075
0.0434505
0.00103304
-2.21176
0.223239
-0.241425
0.00757941
0.0902305
-0.0978099
-0.604854
-1.21698
1.72359
1.28066
1.71043
-0.774633
-1.57958
0.204283
0.458679
0.243927
-0.240429
-0.00349704
0.172681
-0.232267
0.0595856
-1.23577
0.659244
-0.194798
-0.253947
0.448745
0.274931
-0.36398
-0.106194
-2.01568
2.12187
0.986385
0.208433
-1.51325
1.30481
0.954477
1.08064
-1.19099
1.58551
-1.1964
-0.0530118
0.380001
-0.326989
-0.881911
0.749422
0.13249
-0.229063
0.127053
-0.0814165
0.319977
-0.23856
-0.246983
-0.25779
0.504773
-0.529562
1.81513
-0.266958
-0.361307
0.628265
-0.368899
0.23288
0.243623
-1.21917
-0.0925707
0.0307867
0.00853017
-1.86396
0.976319
0.887637
0.361589
-0.439855
0.00833035
-0.0173254
0.406947
1.22077
1.5347
1.65421
-0.529567
-1.12464
0.114919
-0.0429503
-0.0719682
0.715189
0.957755
0.117396
0.12653
0.602897
-2.2049
1.602
-0.0965883
0.0959857
0.000602682
0.835015
0.616802
-0.214663
-0.0980867
0.736567
-0.568321
-0.566073
1.43338
0.151782
0.0109417
1.36786
-0.359709
0.141768
-0.134288
1.77776
-0.123553
0.0997816
0.395185
0.0210576
0.0167568
0.293556
-1.74445
-0.835353
0.954236
-0.118883
0.00574447
-0.116765
1.77356
0.0385964
-1.81216
-0.70232
0.435362
0.219084
0.0654663
-0.301889
0.0669948
0.0266949
-1.19469
1.53836
-1.57701
0.0386482
0.00386079
-0.258824
0.254963
-0.588297
1.42331
-0.834507
1.52941
0.0241945
-0.0203337
0.767495
-0.275811
1.95285
-0.597621
0.00346593
0.123663
-0.127129
-0.0702661
-0.0908059
0.161072
0.111757
0.00316127
-0.373819
-0.731049
-0.102173
-0.293766
0.395939
0.879523
1.45701
-1.64954
1.299
0.101351
-0.450521
-0.945194
0.868768
-1.13454
1.32313
-0.188582
0.520111
-1.69743
1.56422
1.50313
-0.394993
1.30181
0.794769
-0.0656283
0.272577
1.26578
-1.31807
0.288025
1.03005
0.247594
-0.280767
0.440439
0.0123136
-0.210053
0.146569
-0.0906295
-1.49434
0.455028
-1.26048
0.805448
-1.50864
1.01382
0.494821
0.138572
-0.698113
-0.220958
0.25195
0.0831971
-0.0234103
0.0685953
-0.045185
-0.538335
0.467823
0.960775
0.542358
-1.42787
-0.113785
-0.126434
1.61605
-1.42796
-0.188094
-0.403106
1.94043
-1.64474
2.48088
-0.836138
-0.727594
1.03683
-0.309236
0.0535735
-1.3472
0.136588
-0.45018
-0.262042
0.413133
-0.151091
0.0481358
0.0429649
1.33229
0.698711
-1.25663
0.557922
-0.00459515
-1.54765
1.55224
-0.0515451
-0.105349
-0.00671174
-0.463953
0.470664
-0.415209
1.13678
-0.721571
0.195652
-0.136257
-0.0593944
0.207188
-0.2042
-0.00298741
-1.98963
1.78534
2.38705
-0.488487
-1.89856
0.0542829
0.00200514
-0.056288
0.00750399
0.165177
0.0914022
-0.59783
-0.842962
1.67539
0.0265185
0.00859371
1.75098
-0.976881
1.08123
0.146614
-0.146614
-0.113465
0.317265
-2.31957
2.24595
-0.927682
-1.31827
-1.12799
0.811901
0.316085
-0.0207214
0.00685281
0.0138686
0.990475
-1.18968
0.199208
-0.5845
-0.198889
0.783389
0.509285
-1.96256
1.45328
-0.0986127
-0.783299
-0.206398
0.136132
-0.182995
-0.584101
0.767096
0.746092
0.422736
-1.16883
-1.37259
-0.424335
0.677453
-0.253118
-0.633314
0.944334
-0.311019
1.45144
-1.33277
0.286981
-0.389154
0.101064
-0.333456
0.28399
-1.34258
1.40815
-0.0655676
-1.26904
1.77062
-0.501583
-0.0166999
0.12927
-0.11257
-1.59461
-0.799195
-0.0322022
0.0109711
-1.64995
0.462135
-0.360943
0.279527
-0.177794
-0.549799
-0.0359277
-0.0606606
-0.840575
2.07277
0.0447778
-0.354336
-1.52926
0.129115
1.40014
0.462488
-0.374354
-0.0881342
-0.866285
0.175704
0.206456
-0.549938
0.343482
1.60365
-0.133382
-1.47027
-0.0361463
0.187881
-0.151735
-0.373427
0.578384
1.01198
-1.59037
-0.670845
1.59935
0.169866
0.689938
0.725577
-0.0971997
1.5841
0.193661
-1.40299
1.3984
0.267949
-0.0544498
-0.213499
0.390514
-0.143675
-0.246838
-1.99485
0.350107
-0.142757
-0.31716
-0.591992
-0.24336
0.24878
0.814636
-0.218055
-0.596581
0.188018
0.09593
-1.06125
1.48716
-0.42591
0.14886
-0.239666
-0.0619868
0.327245
0.244613
-0.506655
-0.02718
0.434118
-0.406938
-0.061284
-0.0237224
0.0850064
0.772726
-0.272978
-0.499748
-0.0336234
-0.162941
0.196565
-0.28332
0.315642
-0.0323222
0.0155823
-0.305988
0.290406
0.304649
-0.0570548
0.464196
-0.248953
-0.215243
1.54513
-1.03554
-0.955627
-0.050311
0.0252258
0.0250852
0.0635636
-0.071855
-0.270477
-0.23057
1.12826
-0.31362
-0.0598246
-1.19989
1.25972
-0.344973
-0.0256526
-0.0118832
-0.582971
0.175127
0.032061
0.166002
-0.164824
-1.35967
-0.0342981
-0.0785312
0.112829
1.29957
-1.00944
1.21796
1.16908
0.290669
-0.0642616
-0.146239
-1.68614
1.83238
0.79156
0.409883
-1.20144
0.192958
-1.04115
0.702478
0.338671
0.413014
0.0494745
0.0317355
0.0636821
-0.0954176
2.13638
-1.14405
-0.992334
0.133606
-0.298182
0.164576
0.74717
0.346857
-1.09403
0.0684061
0.0995859
-0.167992
1.71682
0.0189849
-1.73581
-0.43447
0.0209195
-0.248454
0.293232
0.0344543
0.0399652
-0.0744195
-0.485102
-0.0426438
0.029283
0.0197191
-0.0490021
-0.396728
-0.677006
1.07373
1.11661
0.487043
0.983698
-1.04352
0.757922
-1.17313
-1.9106
1.80441
-0.0038414
-0.0764673
0.244531
-0.595928
0.351397
0.722166
0.988267
1.13061
-1.36299
0.232389
1.23112
-0.541181
-0.128786
0.0858352
-0.00561245
-0.115463
0.121075
-1.70048
-0.443463
2.14394
-0.406623
0.43756
-0.0309377
0.011374
0.13524
0.17207
1.65092
-0.136346
-0.0440744
0.733881
-1.32778
0.593898
-0.720739
-0.358897
1.07964
1.52847
-0.471574
0.68391
0.574176
-0.784471
-0.257183
0.0047452
0.252437
0.020075
-0.187477
-0.469212
1.16792
0.0108743
0.0326467
-0.372972
-0.185349
0.55832
-0.00508373
0.995558
0.741187
-1.25442
-0.480098
-0.404529
0.499751
0.748723
-0.926517
0.0632008
-0.051164
-0.0962978
-0.224152
-1.94173
0.906182
-0.0918853
-0.00405645
0.0959417
0.0138581
-0.00251667
-0.0113414
0.225776
0.860942
0.197364
-0.0316112
0.0293219
-1.69018
1.66085
0.667199
-0.926007
0.258808
-0.0201478
0.0601517
-0.0400038
-0.760325
1.21535
-0.119003
-0.362435
0.481438
-0.27179
0.478246
-0.972051
1.4506
-0.478553
-0.480006
0.488974
-0.00896826
2.20716
-0.0671827
0.437048
-0.235223
-0.201825
-0.583248
0.3347
-0.174317
0.293314
1.30799
1.03045
0.134925
-1.64416
1.50924
-0.794399
-0.189851
0.98425
-0.284368
0.260278
0.0240904
0.102224
-0.177072
0.0748473
-0.0208619
-0.117666
0.138528
-0.0987024
0.00613171
-0.59337
-0.257818
-0.01011
-0.10903
0.139817
-0.127341
0.387113
-0.259773
-0.226013
0.264879
-0.0388655
-0.0386841
0.210474
-0.17179
0.798013
-0.37133
-0.0607734
0.013806
0.370998
-1.01775
0.646747
1.19387
-0.96809
0.0115485
-0.338035
0.326487
-1.00678
-0.737159
-1.37605
1.50475
0.729015
-0.446836
-1.28993
0.814076
0.47585
0.24959
-0.0949728
-0.154617
1.7562
-1.7562
-1.60942
0.100374
-0.367004
-0.225454
-0.619408
0.844862
0.574659
-0.532044
-0.0426146
0.00824562
0.0611078
-0.0663334
0.00522563
-0.000110524
0.196659
-0.196549
-0.42669
1.25559
-0.8289
0.440685
0.0793689
-0.520054
0.771171
-0.717597
-1.03781
0.24341
-0.0402564
-0.210564
0.25082
0.00730527
-1.32538
-0.468916
-1.2388
0.769888
0.306617
0.012547
0.225903
-0.23845
-0.266579
0.328566
-0.0619873
-0.23151
0.168074
-0.0818637
0.123686
-0.116107
0.0358841
0.119279
0.240206
-0.359485
-0.0805842
-0.0348788
0.249042
0.215154
-0.179344
0.17176
0.00758397
0.013629
0.0180279
-0.0316568
0.0971781
-0.0405291
-0.056649
-0.0637642
0.164157
-0.100393
-0.554895
1.36034
0.502115
-1.13731
0.635195
-0.149875
-0.0791475
0.229023
-0.0443283
-2.52443
2.56876
0.888315
-0.556557
-0.331758
0.47762
-0.0419926
-0.190274
0.0450458
-0.0777186
-0.0528603
0.186467
0.284289
-0.9544
0.670112
-0.427056
-1.24097
-0.209115
0.792891
-0.583776
-0.105334
0.0846854
0.397883
-0.268923
-0.12896
0.7212
-0.350202
-0.773918
0.542274
-0.545604
0.00332913
-0.512629
0.317832
-0.158173
0.573459
-0.252098
0.283971
-1.82193
-0.104867
-0.279482
0.524095
0.0279893
-0.234387
0.0846453
0.0364302
0.30881
-0.296263
-0.0809212
-1.31047
0.755573
1.99164
-0.185439
-1.8296
2.24324
-1.08225
-1.16098
-0.083772
0.465645
-0.067581
-0.742702
0.468389
-0.391322
-0.239283
-0.0178997
-0.562969
-0.404526
0.967495
0.105872
0.248124
-0.353997
0.0408717
-0.881953
-1.98636
-0.306736
-0.317082
0.623818
0.677974
-0.0107755
-0.238227
-0.0369924
0.275219
0.462083
-0.083103
0.163747
0.0858428
2.0476
-1.53832
-0.88277
0.319801
-0.244972
-0.049096
0.294068
-0.0436888
-0.120962
-1.06872
0.512282
-0.124843
-0.387439
-0.0809789
-0.033555
0.901041
-1.1655
0.264456
-0.655064
-0.0669773
1.82318
-0.45889
-0.558856
1.68789
-2.09343
0.405545
-2.24174
1.889
0.352743
0.148805
0.102627
-0.251432
0.14875
1.15705
0.0187595
0.831295
-0.850055
0.0383475
0.324579
0.106127
-0.0518441
0.00841499
-0.311211
0.302796
1.27905
-1.42529
0.0791459
0.334708
-0.379638
0.0449297
-1.53786
-0.071564
-0.58603
-0.331059
0.280748
0.106598
0.00334031
-0.109938
-0.610932
0.302315
0.308617
-0.382732
0.32972
-1.08484
-0.48093
1.56577
-0.125484
-0.0450555
0.0243341
-0.335982
-0.00614125
0.342124
-0.369507
1.38333
-0.153831
-0.897201
-0.230785
1.36495
-0.5134
0.99681
-1.4235
-0.0128766
-0.0204952
0.0333718
1.05315
-0.643463
-1.44446
-0.334742
-0.0791972
0.413939
-0.0538974
0.200466
0.0643687
-0.438234
0.373865
0.448712
0.0368984
0.427363
1.10667
-0.136122
0.299149
-0.0647946
-0.413988
0.396663
-0.174426
0.0680761
0.10635
0.241479
-0.107146
-0.134334
-0.139025
-0.0412467
0.180272
0.33674
0.0936908
-0.430431
0.074767
0.0468828
-0.193229
-0.0655947
-0.0318898
1.17861
0.0315884
0.126405
-0.157993
0.0697962
-0.122326
0.0525301
-0.0172615
-0.342494
0.359755
0.609893
0.235962
-0.660296
-0.0704974
0.353125
-0.0710017
-0.421448
0.159052
-0.126262
-0.0367195
1.79594
-0.982484
0.074646
-0.22029
0.145644
-1.58687
0.21082
-0.108488
0.024071
0.0844168
-0.038472
-0.032045
-0.381711
-1.86003
0.352107
-0.0583949
-0.756278
-1.44862
-0.528081
0.155109
-0.656522
0.320539
0.921032
-0.722645
-1.44706
1.58198
-2.07712
0.376641
-0.175171
0.0431865
0.131985
0.0377295
-0.187821
-0.378504
0.566325
-0.275797
0.0148806
-0.341613
-1.09219
1.43381
-0.565223
-1.1528
1.71803
0.579636
0.339381
-0.919017
-0.00522028
0.32363
0.218645
-0.255151
-0.251505
-0.169429
-0.101376
0.270805
0.114163
0.365813
0.268371
0.129512
0.45602
-0.586218
-0.0243739
0.036452
-0.586685
0.757626
-0.170941
-0.144677
0.440581
-1.34156
0.058457
-0.00896819
-1.35609
0.436776
0.168989
-1.02504
-0.529246
-0.136768
-0.92988
-0.314768
1.24465
-0.12058
0.588968
-0.101377
0.913278
-0.28871
-1.01066
-0.931069
-1.24047
1.43968
0.0786357
-0.259618
0.0149291
-0.0640532
0.0491241
-0.620029
0.559022
0.061007
0.67191
-0.802986
-0.121244
0.029359
-1.1168
-0.173131
-0.102437
0.0309182
0.071519
0.180215
0.592512
-1.45607
-0.166897
1.62296
0.0624884
-0.143073
0.271877
-0.3661
0.094223
-0.231739
0.39324
0.132219
-0.197226
-0.0522268
0.249453
-1.31078
0.831365
-0.286534
0.010737
-0.169821
-0.128361
-0.323634
0.0435781
0.0196227
-0.045733
0.138207
-0.0139236
-0.0604959
0.302286
1.31294
-0.648938
1.95075
1.0112
0.625661
-0.82455
0.0365913
-1.49266
-0.30523
-0.318296
0.375656
-0.0573599
0.203926
0.0128592
0.0572664
0.0135157
-0.0538397
0.121189
-0.192004
1.82138
-1.62938
0.206435
-0.84241
-0.120638
-0.25546
-0.0667492
0.806097
-0.277706
0.349406
-0.0717001
-0.0228703
-1.53552
1.55839
0.599216
0.272471
0.302188
-0.523524
-0.54988
0.942162
-0.392282
0.0207108
0.0177919
-0.0203086
-0.236678
0.946326
-0.709648
0.126024
0.182491
-0.308515
-0.141821
-0.629133
0.770954
-0.270881
-0.0584704
-2.0514
-0.0305668
0.182349
-0.178883
0.0270081
-0.283766
-0.00276716
0.336672
-0.653755
2.27484
-0.958276
-1.31657
-0.137387
0.411154
-0.0859497
0.357826
-0.285139
-0.260465
-0.172376
-0.0131666
0.0030837
-0.346613
-0.1896
0.836304
-0.978125
0.133812
-0.091091
-0.0427215
-0.365648
-1.96517
1.09552
0.86965
-1.98252
1.93819
-1.14262
0.318535
0.824084
-0.0741312
0.30545
-0.231319
0.699327
0.428928
-0.0347451
0.193605
-0.04302
-0.178975
0.0198557
-0.254687
-0.014236
1.11927
1.15558
0.00263379
0.0155533
1.6309
-1.42595
-0.0356003
-1.3973
1.4329
1.24086
-0.0622492
-0.286403
-0.0745402
0.631129
0.101444
-0.248576
-0.0597144
0.500153
0.767292
-1.55726
0.789964
0.0884877
2.36498
-1.4284
-0.936583
0.007293
-0.0597658
0.0666186
0.731002
0.716147
1.11975
-1.01937
1.07815
-1.64338
-1.24486
0.0325755
1.21229
-1.7681
0.363493
1.40461
0.0800569
0.05976
2.44878
0.0533601
-2.50214
-0.70931
1.3692
-0.659889
0.0491618
0.215717
-0.843458
0.210144
-0.000862584
0.044313
-1.33861
0.204069
0.00681649
-0.0221324
0.0153159
-0.0909586
0.2177
-0.126741
0.145939
-0.486562
0.340623
0.526307
0.427929
-0.508287
-0.102645
0.0751591
0.832267
-0.93088
-0.0642267
-0.0525062
-0.248093
0.0518114
0.694372
0.406598
-1.10097
-0.565111
0.560694
0.00441627
0.0923558
-0.42877
0.336415
-0.801789
-1.60998
0.80914
0.800844
0.120321
0.841031
0.249794
-1.09083
-0.295496
0.216159
-0.240126
0.0239667
0.164768
-0.0355112
-0.242106
0.00387873
-0.281964
-1.42537
0.608268
-0.408782
0.782579
-0.373797
-0.627804
-0.702241
1.71174
-0.735423
-0.0997711
0.179456
-1.41844
0.0829187
-1.40888
1.32596
0.0489328
0.0167046
-0.0656374
1.12334
-0.969136
-0.154205
0.168098
-0.0180678
-0.028431
-1.44514
0.817339
-0.564516
1.26699
-0.203822
0.5449
0.289701
0.212178
0.0293014
0.802002
-0.36664
-0.0185326
0.690442
-0.942705
0.427954
-1.63929
0.486487
1.04954
-1.07241
-1.5576
1.3656
-0.0866838
-1.48038
0.214318
1.26606
0.562111
0.23078
0.0338109
-0.92349
0.698036
-0.108115
-0.127268
0.235383
-2.22696
0.618227
1.60874
0.392214
0.824465
-1.21668
0.0889538
-1.32943
0.73627
0.122699
-0.858969
-0.343136
-0.00484012
-0.940354
-0.0764568
-0.0113516
0.0492535
1.49144
-1.47246
-0.0514233
-0.986711
-0.623273
0.594742
-0.0191558
-1.2257
1.1161
-0.275065
-1.56422
-0.0153579
-0.280542
-0.924588
0.325126
-0.278602
1.9106
0.220088
0.166848
-1.23557
0.132348
-0.100474
0.204659
-0.451643
0.332938
-0.552547
0.219609
0.110943
0.0941546
-0.205098
-0.417512
0.182289
0.288373
0.272142
-1.12515
1.15191
-0.0267597
-0.741178
1.11865
-2.08966
0.97101
-0.274675
-0.055189
0.087804
-1.47075
0.126432
1.34432
-0.371322
0.891433
-0.656521
0.697393
0.154667
0.978746
0.541123
-1.02122
-0.827323
-0.159438
0.986761
-0.20443
-1.36018
1.01857
-0.120555
0.123658
-0.00310354
0.0487431
-0.088747
0.961032
-1.43024
-0.761506
0.0958273
0.665678
0.0693031
-0.0641669
-0.00513618
-1.0686
0.439464
0.0359364
0.0242033
-0.223946
0.404033
2.27019
0.178587
-0.801775
0.820535
-0.258257
0.088436
-1.24953
2.17737
-0.92784
-0.0734206
0.0624998
0.0749553
0.362382
-0.0187548
0.990384
1.19099
0.644059
-0.91987
0.283372
-2.12538
-0.16192
0.127622
0.138875
-1.14832
-0.209594
-0.955903
-0.20418
0.0513154
0.777333
-0.3733
-1.34074
-0.118012
1.22469
0.179977
-1.67431
0.305252
1.36906
-0.0776665
0.470906
0.962832
-1.13045
-0.29742
0.730048
-0.32298
-0.407068
0.859109
-0.298668
-0.560441
-0.173519
0.0372618
0.631093
-0.659778
0.0286848
-1.43495
0.94398
0.490968
0.529441
0.921163
0.000629485
0.105968
0.750005
-0.514043
-2.14066
0.87427
1.26639
-2.00106
1.5576
1.00212
0.712573
-1.71469
0.786691
-0.735756
1.78274
-0.588126
-1.19462
-1.03692
0.166017
-0.0801821
-0.181242
-0.10105
0.18637
-0.0350391
0.111778
-0.0767386
-0.261608
0.122679
-1.77359
-0.2334
0.117834
-0.109419
-0.0303362
-0.0163541
0.960595
-0.504796
-0.455799
0.763825
-0.46151
-0.114961
0.122465
-0.142923
1.27353
0.0600325
-0.0110997
-0.320861
-0.747736
-1.49207
0.562194
-0.0648476
-0.0750773
0.120969
0.0992474
0.097069
-0.0821399
-0.490395
-0.509025
0.0902281
-0.0753238
-0.0149043
0.175125
-0.736699
-0.467983
1.20468
-0.296562
0.0127956
-0.117151
1.13497
0.994442
-2.12941
-0.377603
0.957239
0.20795
-0.0830455
0.665098
-0.818897
-0.815974
1.63487
-0.940269
-0.956489
0.551963
0.293364
-0.196146
-0.0972181
1.02274
-1.15785
-0.146437
1.92859
-0.809942
-0.173722
0.100521
-0.43094
-0.70637
0.0926121
2.06059
-1.80441
-0.256185
-0.902515
-0.589559
-0.34129
0.159219
0.0630027
-1.03212
-0.203756
1.23588
0.237964
-0.216242
0.342266
-1.65358
-1.45321
0.64745
0.805757
-0.157536
-0.00456169
0.162097
0.941884
-0.571477
-0.370407
0.100878
-0.154717
0.0752335
0.0805429
0.77588
-1.86072
0.749963
0.109146
-0.324639
-0.558131
0.330564
-0.0824396
0.143552
0.329932
-1.06663
0.0279136
0.352088
-0.369947
0.0364911
-0.119023
0.0397105
0.0793124
0.985076
0.797668
0.549897
0.057062
0.648466
-0.190797
-0.457669
1.69743
-1.39218
-0.393304
-0.18482
0.139442
0.0253261
0.202406
-0.0743802
-0.285105
0.00323663
-0.123791
0.555762
-0.0816435
-1.81143
-0.0201921
-0.137344
-0.0673813
0.00332808
1.07745
-1.17883
0.861023
-0.414121
-0.446902
0.00382451
0.106401
-0.0088666
0.0156831
0.390471
0.0204021
0.0646043
0.203617
-0.476595
-2.68879
1.12638
1.56241
-0.0826067
0.00521502
-0.0288475
0.100247
0.117168
-0.262511
-0.287427
0.648471
-1.46737
-0.00667963
-0.957911
2.09288
0.610839
-0.0701215
-0.540718
-0.603609
-0.487073
-0.0449714
0.0861535
-1.09258
0.497041
-0.729486
0.232445
0.187135
-0.297083
0.109948
-0.156001
1.14093
1.33995
-1.35359
1.39218
-2.0595
1.58564
0.473861
1.14658
-2.10449
2.3787
-1.15793
-1.04086
-1.03854
-0.0479041
0.116499
-0.0494196
-0.414533
-1.57105
0.0906724
-0.0760552
-1.28694
1.21145
-1.97036
0.758912
-0.0518162
0.230756
-0.393897
0.117769
-0.126737
0.990523
1.37446
-2.17496
0.925432
-0.170919
-0.76935
-1.33866
-0.0988032
-0.19828
1.98252
-2.0497
-0.127718
-1.08104
-0.000351896
1.30472
-0.726338
-1.74175
1.78084
-0.0390843
0.465591
2.10317
0.416625
-0.0493944
-0.367231
1.67591
-0.597753
0.226332
0.0355272
0.72953
-0.741413
0.0843413
0.127837
0.690135
0.799334
-1.48947
-0.54058
-0.430182
1.02041
-1.06543
0.0450265
0.347635
-0.472478
-1.72358
0.727279
0.996304
1.25323
-0.129885
-0.905506
-0.178633
1.00741
-1.52081
0.275657
-0.530808
-0.278123
0.437174
-0.61926
0.431439
-1.54393
-0.582109
2.12604
-0.424544
0.518235
-0.464075
0.421431
1.11762
-1.34841
0.0480926
1.35185
-2.00078
-0.262687
-0.402208
0.210624
-1.17871
0.107527
0.688946
0.494614
0.0117498
-0.59585
-1.75771
0.310651
0.0367015
0.158803
-0.195504
0.0665179
-0.305078
1.14558
1.09766
1.23472
-0.970264
0.0924848
-0.0663293
-0.368824
0.43429
-0.451188
0.488086
-0.648995
-0.940076
2.08665
-0.243811
0.364131
-0.544238
-0.853662
1.3979
-1.4262
0.716889
-0.0644135
0.29738
0.0623749
-1.45501
-0.0742423
-0.147364
0.644405
-1.39426
-1.29453
2.06059
0.550419
-1.35911
0.993138
-0.56521
-0.218855
0.525504
-0.306859
-0.226252
0.237801
-1.54133
0.230545
-0.780424
1.14954
-2.08962
-0.791001
-0.213357
0.548057
-0.186056
-1.5557
1.14191
-1.67115
1.34056
0.649238
-1.53317
0.883933
1.4677
-0.523718
1.85373
-0.885615
-1.09707
1.98268
0.601033
1.25183
-1.01386
-0.63335
-0.819858
-1.0152
-1.0443
0.445835
-0.836411
1.4364
-0.599987
-0.130038
1.36627
-1.23623
-1.01343
-0.95311
1.96654
0.914197
0.106208
0.241718
0.364399
-0.307924
0.248918
0.0590059
-0.00192339
-0.237743
0.48484
-1.38735
-0.689569
-0.373084
-0.246945
-0.145456
0.582233
-0.0723947
0.708362
-1.98724
0.682066
1.30517
-0.0285579
-1.62802
1.65658
0.0278684
-0.235422
0.0388728
0.589892
-1.81981
1.81981
-0.0731254
-0.0158116
0.088937
-0.623398
1.04613
-0.220987
0.122184
-0.754821
-0.244027
0.60984
-1.35359
-0.0556581
-1.25652
0.279638
1.27595
-1.26864
-1.20951
0.17739
-0.157323
0.558199
-0.400876
0.112456
0.518637
0.147533
-0.0365903
-0.957084
-1.19625
0.193759
1.00249
-1.38008
-0.363016
-0.872615
-1.21704
0.029544
-0.22677
0.156405
0.280068
-0.565207
-0.0509516
0.0370281
0.357453
-0.283013
-0.336247
-0.950646
1.42383
-0.473186
0.321877
0.195837
-0.225834
0.381597
-0.155763
-0.417174
0.159384
0.393605
-0.525858
0.132253
-1.16965
1.9251
-0.922979
-1.39834
-1.88797
0.352449
-1.65866
0.0484874
0.98801
1.14837
0.147998
-1.07259
1.22925
0.178895
0.24202
-0.445842
0.642052
0.61696
0.169731
2.05059
-0.901048
-1.07413
-0.641451
1.71558
1.13336
-0.00648324
-1.12688
-0.0194556
-0.102871
-0.186888
0.170188
0.132432
1.34015
-1.47258
-1.17954
1.07241
0.107133
1.17954
-1.3656
0.206939
-0.258755
-1.0641
1.05926
0.0749263
-0.04927
0.0961529
-1.66509
0.151848
1.52337
-0.874136
-0.300856
-0.0647371
0.132813
-0.416124
0.901492
0.248921
-0.0843448
0.623291
-1.33294
0.172134
-0.231529
-0.557256
-0.0576574
0.614453
-2.07048
0.522834
-0.0697397
0.4191
-0.349361
-1.03658
-0.933786
0.067933
0.675654
0.490313
-0.878212
0.076437
-0.124402
-0.304368
0.102609
-2.13558
1.09472
0.0691168
-0.018116
-0.278147
0.00274099
-0.0484739
-0.0945156
-1.40974
0.652336
-1.57979
0.927449
0.0578969
0.238707
-0.296604
-0.000219809
-0.24021
-1.02716
1.3068
0.605004
0.352235
1.3214
-1.13045
0.179066
0.0400177
1.72348
-1.99218
0.2687
0.246412
-0.252554
-0.802488
-0.056481
0.359771
-0.438968
0.287058
-0.250628
-1.30069
0.208279
-0.0869252
-0.121354
-1.47783
0.185385
1.29245
0.341916
-0.279428
-0.037921
0.329511
-0.29159
1.16934
-1.18849
-0.26187
0.356024
0.60713
0.237732
-0.174509
0.246028
-0.0394363
0.124122
0.175975
0.658084
-0.834059
-0.419592
-0.0669697
-0.924735
-1.01338
1.93811
0.122908
-0.19388
0.339524
-1.00142
1.93819
-0.0561162
0.0938457
0.047551
0.0525782
0.141487
2.14954
-1.03027
-1.21095
0.76191
-0.531365
-0.87883
2.14522
-0.0506852
0.0710873
-0.266761
0.278135
-0.01618
-0.141813
-0.280159
0.178783
-0.304312
0.577362
-0.297294
1.15598
0.0349363
-0.0321953
0.292606
-0.0667027
0.0352979
0.414665
0.0854877
0.465927
-0.74894
0.201846
-0.230853
0.0290065
0.0635328
-0.0468283
0.171781
0.879825
-1.05161
-0.229084
0.101816
0.476513
-0.597093
2.0969
-1.21738
1.01971
0.907869
0.108591
0.533379
-1.14114
0.338616
-0.421719
-0.387835
1.41781
0.629793
-1.48138
1.48138
1.71236
-0.839474
1.0831
-0.0330205
1.54493
-1.51191
0.918741
1.0257
0.733308
-2.27723
0.171097
-1.14922
-1.3454
-0.206443
-1.42307
1.62951
-0.390018
-0.122611
0.0690358
1.16882
0.14666
-0.253805
-0.687147
1.48511
-0.797967
-0.17277
0.257111
-0.0186382
-0.183032
0.596046
2.65784
-1.08148
-1.57637
1.61368
-1.48725
1.12227
0.200854
0.0265163
-0.00232178
0.0306039
1.5644
0.549602
1.10018
0.386973
0.020153
0.189696
-0.209849
-0.33554
0.207179
0.174813
-0.186405
0.011592
0.155874
-0.20938
0.0535062
0.503209
-0.42805
0.323319
-0.467996
0.534549
-0.330266
0.0217452
0.0155019
-0.00725632
-0.18063
0.377774
-0.197144
-0.321135
0.296179
0.0249556
2.0497
-1.65749
0.540372
-0.546539
0.00616677
-1.49144
-0.329593
0.258591
-0.991334
1.91008
0.251284
-0.318033
2.24566
-1.51235
0.238974
-0.303768
-0.150952
-0.0270763
-1.31992
0.0652467
1.58954
1.28125
-1.07062
-0.102056
0.13921
-0.0923317
-1.48467
-0.284145
0.276884
0.235653
-0.35629
-0.352212
0.280512
-0.0792844
-1.33267
1.29707
-1.43992
1.47857
-1.16258
-0.466288
0.411406
0.66642
0.371638
-0.385874
-0.0533762
0.0682985
0.335756
-0.404055
-0.346892
1.41215
-0.930832
-1.05362
-2.12043
-0.0752455
0.0715496
0.00369587
-0.00478541
1.44011
-1.43532
1.76281
-1.15455
0.310768
-0.368128
2.15382
-0.984999
0.958706
0.648678
-1.60738
0.219126
0.0297943
0.681876
-0.270721
0.174933
-0.791094
-0.0513157
-1.1186
0.650612
-0.396222
0.200076
-0.14463
0.116199
0.294544
-0.352939
-1.09669
1.55586
-0.840673
0.10336
0.0561413
0.311149
0.70011
0.23886
0.409606
1.7178
-1.53241
0.290505
-0.348975
1.37213
-1.84371
-0.10801
-0.822869
-0.138278
0.037885
1.04954
0.195766
-0.0378606
-0.0336327
0.0222913
0.00148241
-0.194712
-0.210128
0.172207
-0.563813
1.65933
-1.22987
1.19685
-0.422345
0.974308
-0.569426
0.0924648
0.00571768
-0.126962
0.265686
0.893348
0.680857
-1.57421
-0.870508
0.511611
-0.42093
-1.80604
-0.643005
-0.0156049
0.0311054
0.137803
-0.168908
1.4526
0.157642
-0.180196
0.213911
-1.78362
1.75506
0.067411
-0.437358
1.16286
-0.174424
-0.107157
0.281581
1.73068
-1.01453
-0.899845
2.05124
-1.1514
-0.821393
1.45683
-0.635437
-0.312675
0.139905
-0.323289
-0.0135716
-0.0846143
0.0981859
0.60178
-0.860095
1.29927
-0.439175
-0.257307
0.0670323
-1.36563
-1.94235
0.94433
0.998015
-1.59742
-0.344548
-0.410273
1.07803
-1.96365
0.266677
-1.01441
1.28182
-1.92483
0.317162
0.465416
1.706
-1.02209
0.121325
0.135593
-0.256918
-0.0172549
-0.118886
0.185504
-0.014916
-1.30034
1.31526
-0.141805
-0.396531
-0.0859764
0.133107
-0.0471305
1.24624
-0.996449
0.548725
-1.35482
0.806092
0.217018
-0.0623507
1.76618
-0.779798
-0.0221566
-0.212231
0.685823
-0.77998
-0.0230066
0.129807
-0.291238
0.220027
0.482179
-0.702206
1.70016
-1.91383
0.213667
-0.300007
0.20192
0.0857625
0.297929
0.603563
1.75542
-0.171785
0.0858088
2.00009
-1.6366
-1.97158
0.874518
0.737682
-2.01608
1.2784
-1.07516
-0.43516
1.51032
0.918605
0.793137
-1.61826
1.99218
-0.373912
-1.46776
1.33438
0.190817
0.588367
-0.779184
-0.0801118
-0.820717
1.40132
-0.580607
-1.61826
1.11975
0.384521
-0.34803
-0.136072
-1.04264
0.200882
-0.784658
0.0133495
-1.60675
0.800722
0.806024
-0.30231
0.217965
-1.77478
0.674521
1.10026
0.758748
-0.441586
-1.12056
-0.908712
2.04137
-1.30368
1.44367
-0.141172
0.155598
1.68449
-0.67251
-0.749251
1.39376
1.05175
-1.06666
1.82254
-1.34868
1.31676
-1.35313
0.0363727
-0.0780175
0.00447683
0.0735407
-0.767726
0.0265479
-1.01703
2.00741
0.367624
-0.112661
0.771021
-0.0420062
-0.616463
1.57094
1.18721
0.280483
0.497634
-1.57279
-1.02447
-0.917877
-1.64954
-1.36912
-0.758665
-0.84808
1.88285
-1.27574
-0.607102
0.930029
0.032587
-1.81621
1.65749
-0.365481
0.290941
0.315022
-0.246723
1.46278
0.714585
0.376046
0.127163
1.73548
0.0195868
-0.177567
2.44776
0.674018
0.270316
0.290357
0.944363
0.801966
0.339273
0.920549
0.747067
-1.66762
-0.290121
-1.50073
0.664324
0.281562
-0.146157
0.279264
-0.180491
0.38442
-0.423468
0.304466
0.15032
0.038075
0.839349
0.684026
1.51694
-1.32044
-0.196496
-0.161718
0.164955
0.547144
-0.0562402
0.0426686
0.00927135
0.315286
0.537952
-0.608074
-1.56923
0.69509
-0.401476
-0.194452
0.265529
0.0277028
0.333939
-1.4883
-0.0567206
-0.00744638
-0.0629682
-0.124642
-0.158664
0.00352396
0.15514
0.0164178
0.570793
0.00317171
-0.0421518
-0.310561
-1.33402
-1.04119
0.240857
0.800332
1.63535
-0.592024
-1.04333
-0.75544
1.4692
-0.713759
0.731999
-0.115038
-2.04718
1.14733
-0.144986
1.6723
1.75943
-0.736685
0.0349862
-0.184861
0.149875
0.867561
-0.63678
0.0398917
-1.22839
1.53505
1.66016
-0.25555
-1.66511
1.02366
-1.20637
0.0794924
-0.0275816
0.0137721
-0.177195
0.163423
-0.348679
-0.188626
0.164028
0.0245977
2.07523
0.645885
0.267385
-0.00923681
-0.186243
0.19548
1.53888
-0.771591
-1.63704
1.66963
-0.21375
0.178239
0.177897
-1.01676
-1.05372
-0.705791
1.497
-0.791205
-1.32536
-0.568667
1.89403
1.86902
-1.64336
-0.225657
0.779323
0.00446074
-1.02319
-0.961919
-1.34152
-0.0116092
0.77355
-2.15717
1.38362
0.223237
-1.82066
-0.309992
1.49721
-0.295866
-0.174124
0.46999
-1.17604
-0.953365
-1.52047
0.234475
-0.483427
-1.71488
-0.105634
-0.0307967
0.136431
-0.563844
0.412532
0.151312
0.330386
-0.0153641
0.769741
0.727254
0.0702255
-0.0640938
0.0937017
-0.0107405
-1.03029
1.06666
-0.0079322
0.211858
-1.03029
1.80458
-0.816315
-0.00593016
0.453214
-0.116799
-0.926273
1.94585
-1.01958
0.1218
-0.0128123
0.955677
0.600185
-0.299889
1.36877
-0.0011894
0.658101
0.432393
-0.523849
0.0914561
2.17316
-1.39961
0.739717
-1.24575
0.0494914
-1.95402
0.705706
-1.50367
-0.133608
0.471589
-0.337981
1.53104
-0.708879
-0.822158
-0.741455
-1.21652
1.95798
-0.0612017
1.50125
-1.5382
0.0369458
0.407765
-1.49996
-1.00218
2.15817
-0.163067
-0.388047
0.551114
0.297053
0.866929
0.664108
0.357547
-0.342667
1.72348
0.765507
2.72184
-1.71071
-1.21337
-2.17823
-2.0437
1.14266
-0.410098
-1.39406
1.70471
-0.378906
-1.00032
0.144122
-0.522626
2.65914
-0.755691
-1.59297
-1.80661
0.092938
-1.53781
0.77915
1.13596
0.915281
0.93101
0.237798
0.527593
-0.765392
1.09541
0.907743
-2.00315
-0.0720771
0.878174
-0.877175
1.55057
-0.673392
0.363189
1.2505
0.402015
-0.00535247
0.358937
-0.876176
-0.463095
-0.491305
-1.77684
1.59927
0.836751
0.9375
1.78434
0.33123
0.119525
1.4447
0.800954
-0.0294176
1.61053
-0.743597
1.57306
-0.882927
0.148405
0.0771954
-1.56187
-0.0616624
2.2734
-2.21173
0.00869182
1.50824
1.52758
-0.821873
-2.49661
0.925053
1.57156
-1.91789
1.17644
0.638808
0.754954
0.0344229
0.163473
-1.37446
0.895346
0.561483
-1.53958
0.0996609
-1.55911
0.263136
1.77684
1.53623
-0.852202
0.104329
-0.011393
-0.0929364
0.910458
0.700068
0.794347
1.24702
0.479643
0.773583
-1.26149
2.05583
-1.4932
0.0229281
1.68922
-1.66963
1.53294
-0.763203
-1.88196
0.799706
0.673152
1.98599
-0.379413
0.843583
-0.46417
-0.268269
0.296183
0.0563213
0.194499
0.0368687
-1.30551
0.971989
-1.29066
0.451191
0.712464
1.41357
0.883878
-0.585949
-0.116439
-0.201087
-0.459758
-1.34401
0.0570684
-0.962329
-0.959302
1.92163
-2.09297
0.789282
2.34659
-0.863317
-1.48328
1.01874
-0.120605
0.306597
-0.185991
-0.230459
-1.97197
0.755452
-1.90299
0.976716
0.693574
-1.95087
1.2573
1.05175
1.61501
-1.11737
0.193364
-0.029757
0.0115585
0.172382
-0.398216
1.06269
-2.16321
1.10052
-1.0146
-0.650509
-0.645698
0.397733
-0.520344
-0.709349
-1.61236
-0.0512055
0.000253847
-0.322146
0.422189
-1.85003
1.5382
0.311832
1.45576
0.890833
1.32679
0.846371
0.9819
-1.10628
1.15908
1.55945
-2.25672
0.857109
1.50125
0.312147
-0.00521983
-1.63704
1.57478
-0.879686
1.13236
-2.84307
0.0779883
0.12052
-1.66185
-0.0179586
-0.705441
0.191398
1.70597
-0.958908
-0.0276563
-1.03771
-0.11293
1.15064
1.10628
-0.0545315
-0.0140335
0.168654
-0.255579
-0.252444
0.211496
0.324921
-0.327688
-0.276625
-0.0295494
-1.87326
0.910933
1.66622
-0.695585
-1.59821
-0.00470833
2.43188
-1.50683
0.334082
1.98095
-0.902919
1.66034
-0.859618
-0.815031
1.53347
-2.11607
0.854582
-0.784814
0.0421118
-1.22967
-0.729409
2.55797
-1.42561
0.986937
-1.63745
0.402601
2.4575
-0.547755
1.04518
-0.497422
1.41813
1.68996
-0.940091
-0.749866
-0.73638
-0.178374
0.914754
-1.03919
-1.85003
1.43655
-1.25364
-0.182906
-0.266529
1.10567
-0.839137
-1.47769
0.927327
0.0252623
-0.0142912
0.270503
2.33873
1.97628
-0.8167
0.445377
-1.20474
1.21343
0.0631338
-1.38357
-1.56016
0.00260608
1.55756
0.659596
-0.819034
1.12878
-1.55583
2.14045
-0.858632
-1.34939
1.34939
0.622076
0.937378
-0.101622
0.404418
-0.754692
1.66515
-1.45312
1.45312
-2.37567
-2.01718
1.10846
0.454134
0.156449
-1.56487
-0.765338
0.398698
-0.0817719
-1.60247
0.0376014
0.47704
-0.99028
1.9348
-0.583706
1.59203
-1.00833
-1.56705
-1.49241
1.28597
-0.0942298
0.420564
-0.58363
1.29731
0.736374
0.683771
1.02858
2.14843
-1.30206
0.824066
0.424909
-0.721396
1.70833
-0.807408
0.14763
-0.910498
1.43655
-1.45759
2.54696
-1.62152
0.93465
-2.08605
-0.786674
1.78298
-0.0312242
1.25364
-1.25104
-0.1274
0.576646
0.182128
-0.758774
-1.48536
1.48536
1.8743
-1.09056
-0.78374
-1.47246
1.31152
0.185689
-1.64098
1.64098
1.07458
0.799714
0.00799635
2.00247
0.436621
0.121578
-1.39542
0.056758
1.79654
-0.427476
2.04337
-1.76627
2.37983
-1.05595
0.890725
-1.17434
-1.25104
-1.5811
1.5811
-1.42255
2.31338
2.22176
-1.36465
-1.89447
0.902137
2.1085
-1.17385
-0.966643
0.700114
-1.89498
1.04609
0.848897
0.367566
-1.96217
1.0313
1.65339
0.804107
-1.20474
-1.44168
1.44168
0.0215513
0.127198
1.14161
-1.15908
0.017472
1.50335
-1.59927
0.0959227
-1.89289
0.9861
0.906787
0.433736
1.46029
0.166756
-1.14161
-1.50335
-1.21676
1.90053
-1.26499
2.11957
1.73414
-0.710474
1.21343
-0.820401
0.940362
1.00408
-0.8468
-0.934162
-1.17033
0.236668
0.714355
-1.64382
1.30768
-1.22897
-0.583191
0.78322
1.17476
1.04247
1.33623
0.47782
-0.0655544
0.0817364
-1.30432
-0.960768
2.26508
1.04108
0.674502
-1.22687
-1.24484
2.47171
-2.12369
-0.757014
0.349946
-1.84674
0.756184
-0.623847
0.948602
-1.57192
1.83109
1.03637
-1.88317
-0.543192
0.0359849
-0.726345
1.76742
-0.934981
0.883448
-1.18637
1.86677
-0.680402
1.76693
-0.785035
2.19231
-0.959458
-0.859706
1.89607
-0.806169
0.070413
0.68779
0.730341
-1.07401
-0.0301636
-1.5077
-1.16502
-0.795975
0.422675
0.138793
-0.103807
-1.93418
0.909713
0.998648
-0.660595
0.945449
-2.1193
-0.958819
-0.0402592
0.552686
-0.958252
-0.969164
-1.19956
1.98278
0.998858
0.905648
0.943754
0.919693
1.32026
-0.496177
-1.11218
-1.23403
-0.997307
2.23134
-0.851714
1.74506
1.13874
-1.0708
0.746526
-0.270012
0.9337
-2.12559
1.19189
0.189379
-0.958729
-0.536493
-1.17824
-0.974478
-1.09803
0.151934
0.382616
-1.08651
-0.847669
0.802913
1.89354
-0.950642
-0.942893
-0.724227
1.90066
-0.994852
0.41596
0.859873
-1.94638
2.39089
-1.08378
-1.30712
1.94537
-0.770611
-0.391542
0.83641
-1.82114
0.984726
-2.40255
0.979998
-1.84696
-1.04676
-0.796508
2.28228
-1.21959
0.322023
0.00848634
0.00701561
-1.1856
0.948737
-0.613342
-1.23362
-1.25232
-0.824315
1.95712
-1.13281
0.96839
-2.15399
-1.45395
1.0117
-1.87141
-1.86716
1.00779
0.97716
-2.1554
0.997858
-1.24769
-0.165924
1.41361
1.21409
-2.17355
-0.78734
0.32583
1.05251
-1.83625
0.99558
-2.44953
0.73925
1.47728
-1.43951
0.0594335
1.14254
1.13259
0.812779
-2.009
1.16312
0.845883
-0.0738048
0.357662
0.748004
1.13005
0.88792
-1.90255
1.01463
-1.20609
1.74525
0.131583
-0.901242
1.91295
-0.409951
0.722574
-0.849744
-1.24571
2.09545
1.26521
0.831693
0.0075085
-0.18458
-1.20107
1.92768
-0.795093
0.80039
0.960799
-1.76119
1.52025
-2.43371
2.51583
-1.60826
-1.08735
1.94723
-1.10337
-0.843018
1.18701
-2.18432
-0.29902
-0.956691
-0.864445
1.06965
-1.82106
0.751415
-1.60322
1.11773
-1.79814
-0.992293
0.0609292
0.254357
0.15734
0.873862
0.814653
-1.77134
-1.25173
0.446976
-0.67784
1.56255
1.0953
-0.908671
-1.01144
0.991549
1.15527
-2.58088
0.691005
1.07593
0.0089478
-1.14964
-0.775188
0.133581
-0.00431124
1.15224
0.830542
-0.788815
1.52519
-0.139766
1.15269
-1.76603
0.886684
-1.83733
-0.761985
-0.775829
0.0314498
-0.619473
0.869772
0.719643
1.06772
-1.78736
-0.766602
-0.894153
-0.203461
0.243405
0.951223
-1.90947
0.00049058
0.548485
0.961831
-0.16728
0.0918428
0.0754369
-0.0200475
0.753345
1.01408
1.96502
2.21734
-1.29765
-0.44899
1.90227
-1.16648
0.561503
1.15652
1.35791
0.112549
1.83738
2.3379
-0.9289
-1.22509
0.0479533
-0.0871763
0.039223
-1.36469
-0.103077
-0.140692
0.492089
-0.645447
1.45917
-0.119018
-0.130463
-0.145505
0.275969
0.0912884
-0.0251137
0.0676413
0.0765965
0.832206
0.826289
0.00670777
1.22254
1.56319
-0.745849
0.23984
-0.236025
0.000331099
-0.0161427
-0.632237
1.63009
0.864922
0.115908
-0.503956
1.99366
1.2013
2.18063
-1.29718
-0.847575
-0.74205
1.88459
0.422074
1.27241
-2.07161
-0.97435
1.20453
-1.75101
0.546479
0.0207154
-0.3726
0.0810102
0.777
1.71351
-1.39295
-0.320556
-0.13454
-1.35866
-0.12185
-1.08766
0.682113
1.25269
0.0567166
-1.87932
-0.106517
-0.0431807
-0.076549
0.11973
0.633776
-0.342878
1.06114
-0.718263
1.66763
-0.193848
-1.47378
1.09533
-0.0370125
1.38133
0.920156
1.26452
-0.901489
-1.46238
-0.499495
-0.499648
0.999143
0.127143
1.16402
-0.602193
0.37952
0.222673
2.4798
-1.48094
-1.33284
-1.0257
-0.85555
-0.498209
1.35376
0.0680055
-0.995465
-0.122819
0.428486
-1.63283
1.46011
-1.14101
-0.875168
1.23283
-0.107062
0.0751726
-0.237345
-1.2363
0.893424
-0.754689
0.682611
0.0431605
2.366
-1.03043
-1.33557
0.743542
-1.08724
1.43969
0.222848
-1.15904
0.936189
1.02372
1.1301
0.0488049
1.58776
-1.09199
-1.07122
-0.100352
0.0313375
-1.76207
0.204654
-0.0399476
-0.74799
0.0242591
1.47655
0.889449
-0.467771
1.34793
-0.880157
1.04431
-0.672793
0.198107
-1.54351
1.05061
-1.27676
0.226146
1.26626
-1.6579
-0.882545
2.1513
-0.878476
1.87529
0.542548
-0.364651
-0.07755
0.07755
0.153668
-1.15012
-1.11286
0.534165
-0.25639
-1.16951
-1.19265
0.206919
1.7583
0.164282
0.175242
-1.11297
1.86916
1.10658
-1.90167
-2.19532
0.970228
-0.000507078
-0.141306
0.653009
1.1985
0.162934
-0.880049
0.514562
-1.27397
2.22271
-0.129222
0.0558016
1.06393
-0.143513
-0.52081
-1.299
-0.786956
1.89353
-0.0411564
-1.48848
0.699662
0.0287929
0.925064
-0.189056
0.126128
0.0629271
0.972975
-0.112502
-0.300286
0.00904823
-0.0728276
0.0728276
-0.790732
0.313512
-1.66831
0.892481
0.03121
-0.035036
-1.27516
-0.0305314
-0.218434
-0.0984004
-0.052975
-0.316641
1.57925
-0.635494
-0.121224
-0.406092
0.995984
-1.11316
-0.34496
0.015159
0.329801
-0.0783091
-0.0936204
-0.0790595
-0.397857
0.051244
1.55497
-0.787231
-0.27814
0.77162
1.3561
1.02373
0.0415306
-0.171994
-0.194081
0.947012
-0.34623
1.95497
-1.22343
-1.7499
2.97333
-1.01937
0.509513
-0.0681156
-0.0650189
-0.0794066
-2.51137
-0.0963578
1.08438
-0.113881
-0.970499
-1.57888
0.0916251
0.927864
-0.157452
0.0772702
0.412409
-0.996276
-0.670887
-1.83125
0.0527476
-0.0532547
-0.0951313
-1.38865
0.392372
-1.36346
1.32438
0.0289698
1.11774
1.26284
-2.38058
-0.0575352
-0.172687
0.593271
-0.251275
-0.0751053
-0.845053
0.46564
-1.21893
0.176285
0.57613
0.351023
0.326951
1.04167
1.23285
-2.27452
-0.0849694
-0.54808
1.22373
0.952267
-0.98135
-0.928125
-0.0735847
-0.485708
-0.0550091
0.835534
0.0599983
-0.198651
-0.353896
-0.774121
-0.166015
-0.0624341
0.187377
0.129813
-0.0234634
1.0822
-0.0694482
-0.770733
0.985051
-0.259899
1.36108
0.589671
0.691476
-0.825033
0.0714847
0.968874
-1.67821
-1.13123
2.27216
-0.0894982
-0.16832
-0.169499
1.18144
-2.31266
1.37539
-0.880573
0.655439
-0.0857497
0.301467
-0.715044
-0.575621
-0.121744
0.045005
-0.895743
1.37356
0.47491
-1.33046
-1.46073
0.580571
1.68325
-0.812801
-0.870447
0.621093
0.087269
0.213238
0.458267
-0.671505
-1.00408
0.504585
-0.567303
1.71393
-0.143546
1.3757
-2.42871
1.05301
0.863598
-0.691817
0.00625688
-0.118827
1.17795
-0.151989
-0.475884
1.35816
-0.882275
0.916851
-1.33909
0.422236
-1.06836
-0.855818
1.88334
-0.897244
1.16046
-2.46757
1.21348
-0.527654
-1.30714
1.88191
0.204194
0.212937
1.38906
0.413609
0.889438
-1.30305
-0.40737
0.153423
0.0862597
-0.968649
-0.874693
-0.755415
1.63011
0.479651
-0.89768
-0.134792
0.00170694
0.133085
-0.417742
1.95244
-1.54426
-1.94065
1.31865
1.2955
0.0197578
0.597357
-1.60568
-0.084866
-0.10419
-0.0551292
-1.51679
0.436287
-0.578091
-0.538667
-1.27213
-1.76151
0.611866
-1.47129
-0.208336
-0.362208
0.877878
1.06657
0.140603
0.943777
-1.47742
2.59516
1.04522
-1.11678
-0.0222762
0.377704
-0.625975
-0.64658
1.27255
-0.0134892
-0.067432
2.10581
-0.44856
-0.0105532
0.00811373
0.987034
-1.1949
-0.0308078
-1.36671
-1.2499
0.292819
0.354877
-1.23005
-1.04366
1.89256
2.4233
0.129153
-2.43059
1.34911
0.814444
1.01791
-0.583041
0.287174
-2.44892
0.906078
0.382689
0.978072
0.231267
-1.27243
1.853
0.05416
-0.0639539
0.00979381
1.23696
-1.01412
-1.1247
0.032121
0.415125
0.316873
1.55806
0.568216
-0.742643
0.0493262
0.955219
-1.08527
-0.914391
0.615723
-1.2405
0.838253
1.05052
-1.45522
1.55488
-0.996202
-0.971125
1.75757
0.452846
-0.923429
-1.93193
0.957584
-0.0701981
-0.606863
0.296302
0.0793336
0.789434
-0.113189
0.007555
-0.0793674
1.15064
-2.37022
0.982324
-0.426562
0.559964
-1.67734
-0.929188
1.41403
-0.0350613
-1.19332
-1.28657
0.215948
0.0724873
1.29568
0.14799
-1.39104
1.49963
-0.108595
0.548105
1.20583
-1.75394
-1.09387
0.833382
-1.05539
-0.363248
1.41864
0.751862
-0.940012
1.13784
1.25411
-0.861742
-1.63957
0.0313087
0.819858
-1.97005
-1.31694
1.04572
-1.63069
0.584968
0.94538
-0.961032
-0.0923115
1.05334
-0.333409
0.290423
-0.00697479
-0.283449
-0.566665
0.165189
0.0117302
1.72056
-1.00799
1.88877
0.473023
-0.203304
-0.26972
0.156629
-0.0153449
-0.100762
-0.444578
-0.550685
1.2013
0.293856
-1.13299
-0.94817
1.07055
-0.452639
-0.617914
-0.0376901
-0.0510568
-1.93746
-0.576122
0.816979
-1.14537
-0.209447
-1.01843
-1.27341
1.20177
-0.600737
-1.57287
-0.696406
-0.0154664
0.238705
-0.859122
-1.10358
0.532101
1.73838
-1.14103
-0.758266
0.262613
0.621264
0.732921
1.05006
1.71119
0.737332
-1.00487
-0.897421
0.654061
-0.806433
1.36863
2.32181
-1.28014
0.903597
0.163299
0.324351
-0.340424
0.016073
-0.0510029
-0.00121084
1.0411
-1.33835
-0.816439
1.08902
-0.659757
0.853516
0.301886
-0.0218013
-0.694396
-1.02471
0.189215
0.835498
1.48462
-1.66091
0.176288
-2.12516
0.82447
0.180019
-0.450495
1.18574
-0.635845
0.0162569
0.00223614
1.33261
-1.24073
-0.0918827
-1.1921
0.104435
-0.336376
-1.13738
-0.0102511
-0.412818
0.423069
0.133395
-0.189053
0.209357
0.143538
-0.191083
0.611647
-1.45979
-0.417641
1.02265
0.472873
0.20458
-0.0199067
-0.592985
1.19972
1.07244
0.952467
-1.38275
-0.0273195
0.0553556
-0.0553556
0.611683
-0.407024
-1.06526
0.780742
-1.42732
-0.0252034
-0.30661
1.0438
-0.0222152
-0.288795
-1.05029
1.56606
-2.22937
-0.264405
1.00938
0.144321
0.541045
1.05315
-0.454769
0.375832
0.0789363
0.919928
-0.0195284
-0.900399
-1.04762
0.386092
-1.59644
1.21035
-0.166112
-1.05316
1.0997
-0.0465391
0.504732
-1.56012
-0.901139
-0.0263924
-1.08258
-0.000197446
-1.22166
1.21687
-1.36761
1.31898
0.0486379
0.23233
0.310218
0.471503
-1.63653
1.21081
-2.35283
1.14202
0.0207415
0.000533877
-0.278139
-1.11068
0.545472
-1.5499
0.140164
0.928603
1.10914
-2.03774
-0.370864
0.896357
0.107457
-0.0307697
-0.0766872
0.0922243
-0.0922243
1.31519
0.272349
1.30963
1.30239
0.379556
-0.901393
0.0513384
0.173261
0.515236
-1.25124
2.1763
-0.127363
1.61198
-1.58258
-0.400939
-0.129661
0.208973
-0.637677
-0.72439
0.237509
0.486881
-1.22179
1.26431
-0.0425195
0.626908
-1.34195
1.02965
-2.10343
1.07379
1.58113
-0.113046
0.176049
-1.36521
-0.018128
-0.198114
-1.09838
1.14787
-1.20161
0.163897
0.955798
0.166353
-0.949652
-0.142855
-0.302987
-0.0573021
0.319889
-0.0764844
0.847696
0.733435
-0.159969
0.163848
-1.51944
-1.49923
1.49167
-1.47526
-0.904347
1.69748
1.16134
0.802198
-0.0873306
1.32409
0.380619
0.933382
0.163841
-0.0759131
-0.320309
-1.20208
-0.110824
-1.25588
-0.949287
-0.0140754
0.0140754
0.716652
-0.206689
0.921999
-1.79669
0.0060233
-1.98283
0.000981111
-0.000981111
-1.23811
1.47925
-1.05702
-0.00734924
0.00734924
0.403103
1.2634
-0.0189246
0.400149
-0.0169988
0.0169988
0.803221
-0.0201681
0.0201681
0.0305831
1.27226
-1.30284
-0.208163
-0.0273919
0.0273919
0.224535
-0.0615645
-0.0139483
0.0755128
0.0482944
-1.21087
0.811191
-1.59623
-0.435137
0.0290421
-0.0290421
-1.69047
-0.545622
-0.471446
-0.350342
0.981244
-0.630903
-1.22996
0.0966843
-0.0966843
-0.03769
-0.0693725
-0.0282018
0.0282018
-0.450413
-0.601193
-0.120118
0.120118
-2.19888
-0.948995
-0.0296692
0.0296692
0.283142
0.876703
-0.112186
0.112186
-0.027916
0.027916
-0.470062
-0.110748
0.110748
-0.0280475
0.0280475
-0.606127
0.796944
-0.116363
0.116363
-0.5251
0.12175
1.44265
-0.764057
-0.0847522
0.0847522
-0.0385197
0.0385197
-1.33344
-0.139138
-0.623121
-0.804201
-0.119175
0.119175
0.654727
0.0818403
-1.4284
1.86497
-1.43648
0.343744
-0.321624
-0.0221202
-0.166188
-1.37732
0.050406
-1.00932
1.27671
0.533279
0.224347
-1.97634
0.991337
0.0193248
-0.28199
0.262665
0.0328786
-0.0328786
0.00867363
0.0418411
-1.23517
-0.119811
-0.363617
0.13524
-0.118568
0.118568
-0.10848
0.10848
-0.0948511
0.0948511
-0.0800884
0.0800884
-0.0777617
0.0777617
1.11021
0.192174
-0.0676517
0.0676517
0.0262393
-0.0262393
0.0417417
-0.0366448
0.0366448
0.222775
-0.0615406
-1.26384
1.19139
-2.05002
0.691922
0.93759
-0.0109435
0.0109435
-0.0407803
0.0407803
-0.000143517
0.000143517
0.43152
-0.418005
0.156115
0.00268775
0.00698891
-0.00698891
-1.29773
0.0268837
-0.0268837
0.626173
1.33703
-0.542585
-0.320119
0.801471
0.0143719
-0.0143719
-0.0325509
0.0325509
0.0220506
-0.0220506
-1.4553
0.69989
0.334311
-0.271611
-0.0627
-0.00130094
-1.27348
0.160319
-0.0343264
0.0343264
-0.248639
1.29773
0.143954
-1.15551
0.015035
-0.015035
-1.25044
-0.035818
0.035818
2.0343
-1.76862
-0.0085646
0.0085646
-0.0353399
0.0353399
0.0800052
-0.0800052
0.949486
-1.87247
-0.0156866
0.0156866
-0.0358738
0.0358738
-0.508179
0.914024
-0.405845
0.981926
-1.79824
-0.63705
-0.403734
1.04078
-1.33041
-0.0531646
0.645489
0.984606
0.0174962
-0.0174962
0.0390625
-0.0390625
-0.029042
0.029042
0.874867
-1.65466
0.855166
-2.1064
-1.42042
1.42042
0.73994
-1.32597
-0.429746
0.132452
1.45762
0.0187972
-0.0187972
-0.0375721
0.0375721
-0.959547
-0.494373
0.0156255
-0.0156255
-0.0413966
0.0413966
0.549284
-0.594255
-0.235374
0.404363
-0.0431807
0.0431807
0.0130054
-0.0130054
-1.53215
0.758031
-1.84115
0.753908
0.00798887
-0.00798887
-0.151039
0.0416209
-0.0489252
0.0489252
0.013868
-0.013868
-0.0381647
0.0381647
0.0108395
-0.0108395
-1.20691
0.998831
-1.29261
-0.0128987
0.905289
-1.65328
-0.0364328
0.0364328
0.018873
-0.018873
-0.0581209
0.0581209
0.0731026
-0.285333
0.524026
0.01158
-0.01158
0.389529
-0.385113
-0.0385405
0.0385405
-0.000256164
0.276648
1.67832
0.112604
-0.935474
0.0205482
-0.0205482
-0.0396585
0.0396585
-1.3445
1.28938
-0.708123
-0.705606
1.41373
-1.39502
-1.17048
0.721869
0.0602112
-0.335203
0.274991
0.0287042
-0.0287042
0.00575273
-0.00575273
-0.0361379
0.0361379
0.578343
0.316936
0.154654
0.124057
-0.611501
0.487444
-0.456942
0.54243
0.0300008
0.131775
-0.161775
0.0626932
-0.0626932
-1.41488
1.41488
-0.0358045
0.0358045
0.49289
-0.397277
-0.406849
0.0688131
-1.11029
-0.0424138
0.0424138
0.0626826
-0.0626826
-0.149807
-0.0177455
-0.955435
1.60718
-0.024343
-1.20562
0.809579
0.0482801
-0.0482801
-0.121658
0.0402345
-0.0402345
1.50812
0.567115
-0.583897
-0.230433
-0.552658
0.411965
0.374342
-0.429351
-0.0789046
-0.270523
0.0139874
0.256535
-1.89661
1.12142
0.0475683
-0.0475683
0.318748
0.783293
-0.0431256
0.0431256
-0.732331
0.802744
-1.00228
-0.0885493
0.0159815
-1.22289
0.0436054
-0.0436054
-0.0437551
0.0437551
-0.0437929
0.0437929
-0.0500498
0.0500498
-0.0457385
0.0457385
-0.0474455
0.0474455
-0.045457
0.045457
0.242982
-0.19663
0.0456783
-0.0460798
0.0460798
0.849993
0.054009
-0.054009
-0.511073
0.51724
0.244148
0.0348051
-0.0348051
0.972056
-1.82377
0.531453
0.0150852
-0.0256383
-0.0928925
-0.336221
0.429114
0.0258287
-0.0258287
0.618912
0.0172783
-0.0172783
-0.116214
0.0106463
-0.0106463
1.36997
0.866586
-0.119453
0.00253255
-0.00253255
0.17544
0.654903
0.49123
-0.419849
-0.0713818
0.0120845
-0.0120845
-0.0974209
-1.0527
0.0947167
-0.246372
0.139206
-0.157334
-0.924041
-0.0874037
0.837101
-0.309508
0.502796
0.0775562
-1.15272
-1.07576
-0.0699933
0.390533
0.0298025
0.00924806
0.867604
0.307864
0.0226994
-0.145975
1.12967
1.15662
0.0602554
-1.21688
0.881409
-0.34813
0.22216
0.910704
-0.832524
-0.0781804
0.427263
-0.0180026
0.0259989
-1.34528
0.930645
0.414631
-1.46788
0.861047
-1.00371
-1.63754
-0.0506964
1.68824
1.37257
-1.51819
-0.941822
-0.913647
-0.971216
-1.37108
0.0327326
0.0651148
-0.0651148
0.125108
-0.281612
0.612842
0.351591
-0.141395
0.381235
-0.0108157
0.0108157
-0.141659
-0.812252
-0.098246
-1.00749
0.654424
0.148797
0.281293
-0.330688
0.730997
-1.47685
-0.255017
-0.0257499
0.665397
-0.533577
-0.542183
-0.795566
-0.24155
-0.467732
-0.0816712
1.89894
1.30153
-0.0292698
0.026362
-0.45144
-1.45451
0.583201
-0.129067
-1.06884
1.72772
1.35333
-0.122214
-0.120276
-1.61553
-1.27874
0.213477
0.303524
-0.011974
2.58786
-1.56414
0.00626361
-0.0280649
1.30187
0.355244
-0.479646
0.153584
-1.0817
-1.18416
0.687983
-0.467205
-0.846552
-0.520077
-0.653053
-0.0495209
0.0495209
0.0105943
-0.0105943
-1.01259
0.372116
-0.595803
0.223687
-0.556552
1.25229
-0.689332
-0.796315
0.352886
-0.52701
-0.964973
0.215446
-0.255706
0.571901
-1.78477
1.64598
0.138789
-1.12381
1.0315
1.00642
-0.433822
-0.5726
-1.09169
-0.178003
0.0262682
0.966421
-0.981309
1.7925
1.16336
-0.397889
1.14975
-0.294142
0.219762
1.14194
-0.441835
-1.07295
1.07295
-1.27673
0.216157
-0.116424
-0.0997329
0.658172
-0.192245
-0.467254
0.295469
-1.48595
1.5229
-0.439031
0.00167302
0.837048
-0.956388
0.11934
-1.71328
-0.399676
0.0605283
0.124976
0.964973
0.701823
-1.3043
0.602481
0.297856
-8.17505e-05
0.29185
1.08524
-1.37709
0.805757
0.113815
-0.567379
0.0996468
0.295262
-0.155357
0.178292
-5.33052e-05
-0.363765
0.000749221
-1.26069
0.461274
1.94511
-1.35184
0.271947
0.093658
-0.431966
0.338308
0.248238
-0.653685
0.405447
0.264443
0.0594822
-0.0594822
-0.184737
0.616175
0.658293
1.14045
-1.14045
0.274758
0.0250516
0.203225
-0.495903
1.0455
-0.117961
0.529367
0.321047
-0.119127
2.3205
-0.980557
-1.07764
0.176146
-0.0746181
-0.282479
0.357097
0.251869
-0.456042
-0.492871
0.00247628
-1.1711
0.0155989
1.16217
-0.642894
1.13941
-0.496511
0.307671
-0.0897055
0.955956
-0.122221
0.0452935
0.826076
-1.89729
1.00474
0.891926
0.112816
0.985295
-0.990987
-0.232018
-0.0328151
-0.222202
1.01459
-0.87824
-0.136355
-0.472613
0.124583
-0.149136
-1.78012
0.516106
-0.197851
0.374512
-0.0840886
-1.28453
2.19061
0.00410979
-0.0850887
0.0875883
0.805307
-0.824836
-0.0329684
0.0329684
-1.49987
0.373017
-0.0820756
2.01629
-0.432005
0.647853
-0.101651
0.0444908
0.0257347
0.450776
0.00148785
0.111214
-0.0627261
0.250021
0.0341086
-0.466176
0.432068
0.0253462
-0.0253462
0.0763228
-0.0763228
-0.789175
1.7711
0.808265
-2.0531
-0.0188513
0.0188513
0.990987
-0.479985
0.363186
-0.134482
-0.741772
0.876254
-0.415141
-0.119326
-0.345737
-0.639893
0.266096
0.25978
0.419702
0.674116
-0.407655
0.83033
-0.00949559
0.00949559
-1.42637
1.80699
-0.106031
0.106031
-0.0363603
-0.136831
0.430662
-0.293831
-1.07239
-0.141763
-0.432976
-1.07373
0.103235
0.566454
-0.346427
0.424144
0.43291
-0.131146
-0.106225
-0.291632
-0.292927
0.438294
-0.145367
0.707916
-1.31769
0.151209
1.68781
-0.740794
-0.259532
-0.172466
0.431998
-0.164678
0.600964
0.00636239
0.0650524
-0.0714147
-1.27585
-0.225368
0.194571
0.607595
0.0950174
-0.0235328
-0.842237
0.0387756
0.0501613
0.401466
-0.595918
0.152963
-0.0150353
-0.136004
-2.14831
-0.928933
1.36386
0.248121
0.00675271
-0.00675271
-0.119174
-0.91361
-0.0218641
-0.0572973
0.647788
-1.32118
-0.0419438
0.181173
-0.139229
-0.0562478
0.0562478
1.98713
-0.472077
-1.51506
0.0441694
0.202243
-0.77948
0.378541
0.165067
-0.0701437
0.233891
-0.0980055
0.276919
-1.34931
-0.806692
-0.064462
-1.01367
-0.122696
1.83232
0.106714
-0.0524905
-0.0542238
0.147906
0.336138
0.40717
0.99609
-1.78527
0.270245
-0.203212
-0.249565
-1.27341
0.726308
0.474989
0.0946641
-0.0946641
0.80789
0.245453
-0.448751
-0.148974
0.135653
-0.100957
1.21117
-0.183331
-0.541059
-0.289613
1.38302
-0.85775
1.68383
2.32545
-0.105439
0.189562
0.292992
1.84902
-1.15755
-1.21644
1.38892
-1.58007
-1.56075
-0.175532
-0.331962
0.0608738
0.271089
1.44315
-0.100665
0.0566346
-0.957034
-0.0209649
-0.124807
0.425179
-0.113031
-1.5277
0.150383
0.817486
-0.145641
-0.813088
0.151743
2.1159
-1.09218
0.60717
-0.908026
0.310044
0.0676602
1.76458
0.0520918
-0.351757
-0.41189
0.181431
0.547548
-0.487855
0.120374
0.425694
0.876769
-0.137842
-0.226391
0.364232
1.11842
0.691536
1.58186
0.473066
-0.0744519
-0.121658
-0.0969296
-0.231977
0.328906
0.293809
-1.31796
-1.03487
0.007555
-0.107123
0.442879
1.08881
-0.556708
-1.02685
0.00738377
-0.0394287
0.172371
-0.47679
1.22552
-0.0900198
0.111571
0.277328
0.489768
-0.70133
0.644812
-0.407303
-0.316149
-0.0927769
0.408926
-0.941364
-1.09638
0.0957438
0.0291643
-0.0658504
0.0294901
0.899695
-1.6305
0.730805
0.47094
0.104542
-0.575483
0.589328
-0.616404
-0.961842
1.2434
-0.138848
-0.0198158
-0.0451511
-0.345517
-0.114241
0.370228
0.343719
-0.409313
-0.236291
-0.0720023
0.308294
1.23713
0.153125
-0.153125
0.61177
-0.0898602
-1.49272
-0.100583
-0.239842
0.701115
-0.417974
-0.141795
-0.378549
-0.0130153
0.0130153
-0.211764
-0.134392
0.346156
-0.41931
0.313986
-0.00964956
-0.12512
-0.273096
0.469144
-0.875603
-0.601475
1.33006
-1.62908
0.075697
-1.02421
-1.19545
1.99079
-1.45662
-0.157566
-0.319224
-0.264634
-0.292012
-0.65951
1.33363
-0.220185
-0.363446
-0.240738
-0.22833
0.469068
-0.248872
0.42889
-1.13136
0.933275
-1.96012
-0.301946
0.378543
0.00148241
-0.558842
0.189035
0.625409
-0.769166
-0.105122
-0.141177
-0.194105
0.335282
-0.244589
0.688421
0.349328
-0.222185
0.424754
-0.152163
1.06038
0.000840232
-0.430754
0.907303
-0.476549
-0.164077
0.541129
-0.377053
-0.0768325
-0.202851
-0.00727725
0.660838
-1.40348
-0.452231
-0.439587
0.716915
0.266898
-0.226291
-0.0406073
1.01724
-1.01724
-0.00146738
-0.0693036
0.0288253
0.23384
1.22905
0.0567376
-0.058367
0.00162941
0.172444
1.66425
-0.789378
-0.727936
-0.0207905
0.423391
1.41257
-0.619359
1.61545
0.00175318
0.983887
0.891398
-1.58674
-0.165739
-0.0305425
-0.034848
0.0653906
0.109333
0.0014379
-0.379155
0.273178
-0.000131491
-0.144523
-0.124741
-0.0344099
0.0344099
-0.20596
-0.196012
0.401972
0.204225
-0.245381
1.32789
-0.00561502
0.00210771
-0.941207
-0.227197
0.196666
0.279623
-0.373243
0.208544
-0.763714
1.63069
-0.0828214
-0.437475
-0.566605
0.305955
-0.27713
-0.37491
0.00375563
0.0222433
0.242652
-2.06581
0.541028
0.682706
-0.296756
0.22864
-0.102647
0.0873019
0.554305
-0.151192
0.358216
0.480569
-0.838784
0.0510256
-0.00786512
-0.408398
1.30088
-0.828032
-0.417085
0.985302
0.532593
-0.30992
-0.216706
0.349157
0.745558
-0.509312
-0.806602
1.52349
0.403389
-0.594472
0.021285
-0.162591
-0.032782
0.314866
0.378353
-0.448129
1.42269
0.894532
0.863039
0.0604722
0.779592
-0.489722
-0.289869
0.303568
0.15686
1.72272
-1.29858
0.317162
-0.392268
0.770009
1.00109
-0.429533
-1.30948
0.114036
-0.00376612
0.212716
0.220555
0.0107117
0.153193
0.0166719
0.592907
0.0100884
0.0136284
0.0147627
0.0207478
0.0023267
-1.36508
1.97146
-0.391419
0.0152958
-0.490661
1.03613
1.28218
-2.0789
0.796716
-0.000159969
0.0328066
0.0108
0.0568248
-0.27353
-0.00606116
0.00606116
0.125813
-0.0339702
-0.964269
1.59118
-0.0693036
-0.237007
0.723888
0.00713243
-0.693847
-0.44042
0.340067
0.264205
0.00738297
-0.793618
-0.263124
-0.00566721
-1.31678
0.0289065
-0.266252
0.00767871
-1.32024
0.267541
0.212691
-0.340409
0.811331
-1.60495
-1.10764
0.23359
-0.145097
0.145097
-0.0017755
-0.0514809
0.0128231
-0.15169
0.156016
0.0479454
1.78792
0.459465
-1.16801
1.86659
-0.00149158
0.322969
-0.0456382
-1.16524
-0.0430039
-0.0185606
-0.123595
0.0697666
-0.372754
-0.124527
-0.0068811
-0.000565276
-0.0756831
-1.15948
0.823506
0.000478095
0.100509
-0.0589784
0.894355
1.62646
-0.824986
1.11263
-1.09665
0.614117
0.300636
0.424822
0.44381
0.343301
-0.24439
0.222175
1.36266
0.0151705
-0.649651
-0.514779
0.156827
-0.184146
1.22901
-0.219701
0.506875
0.388652
-0.398903
0.257346
-0.213177
2.21545
0.100746
-0.30057
-0.0210534
-0.000575726
0.583318
-0.521643
-0.0616749
-1.14233
-0.77958
-0.981067
0.112569
-0.0710523
-0.0415163
0.449491
-0.855336
-0.0578501
-0.821867
-1.85476
-0.0122191
0.366895
-0.68904
0.12874
-0.00178407
-0.00262009
-1.2813
-0.000892166
0.351255
-0.463915
-1.14954
-0.646798
0.524578
1.55047
0.546953
-1.10366
0.616389
0.752239
-0.490164
0.11708
-0.0360486
-0.017312
1.41864
-0.487993
-0.956958
0.356971
-0.27074
-1.21056
-0.33089
0.283857
-0.152615
0.277591
0.00173192
0.00803352
0.886608
0.851775
0.589714
0.654934
-0.79651
-0.680336
-1.13394
-0.744455
0.941397
-0.398224
-0.325997
-0.244565
-0.296534
0.586722
-1.11087
-1.62877
0.00458686
-0.28015
0.339505
-0.0593547
-1.35034
-0.949443
0.008156
1.45741
0.0035206
-0.410352
-1.42968
-0.454414
0.0345651
-0.300142
0.386972
-0.535313
0.14834
0.461211
0.000333452
0.23121
0.461808
-0.106284
1.85951
-1.68092
-0.626266
0.14418
-1.39097
0.00821703
0.162673
-0.112267
0.143123
0.956543
0.0934661
0.400223
-0.287674
-0.0547135
1.49384
-0.877447
0.0058663
-0.796237
0.130602
-0.00033929
-0.130262
1.62585
-0.814524
-0.621599
-0.38688
-0.137665
0.524545
-0.511994
0.210121
-0.649707
-0.000711825
-0.00289118
0.400871
-0.542665
1.20189
0.473436
0.00276531
-0.155566
-0.491232
1.7108
-0.911091
-0.367888
0.122017
-0.00396287
0.720082
-0.0285407
0.372385
-0.356128
1.37791
-0.620674
-0.324875
0.42804
-0.103165
0.149568
0.462079
-0.696563
-0.492791
-3.7754e-05
-1.0998
0.651053
0.384772
-0.340271
-0.00880028
0.683807
0.688696
-1.3725
0.00198844
-0.342864
0.249971
-0.000622802
-0.149431
-0.42866
-0.275919
-0.383264
-0.527909
0.287171
-0.0576902
-0.0089764
-1.35824
0.300439
0.642163
0.543579
-0.00855039
0.0615117
-0.673054
0.573055
-0.00663205
-1.10683
-0.203948
-0.504841
0.439364
-0.597537
0.0107107
-0.471707
0.152484
-0.686434
1.28892
2.61572
-1.78234
0.0498883
0.795196
-0.765394
0.874551
0.0789094
0.10746
-0.145725
1.17897
0.35648
-0.374225
-0.018893
0.356901
0.900637
0.734234
-1.0796
-1.08774
1.08328
0.441841
-0.469177
-1.25247
-0.357361
-0.134268
1.78025
1.06278
-0.582214
0.0222913
0.347393
-0.354368
-0.417812
-0.022609
-0.0908562
0.62525
0.149422
-0.591917
0.442495
-0.11005
-1.16336
-1.32366
0.106677
0.0369302
-0.572316
0.50887
-1.25831
-0.462252
1.32523
-1.70414
-0.0693274
0.924744
-0.587466
-0.337278
0.058885
-0.0021474
0.373618
0.0682225
-0.128234
0.479825
-0.179278
-0.0460902
1.23135
1.165
0.263559
-1.1461
-0.0156049
0.0012056
0.0230535
-1.03178
-1.06545
-0.160951
0.081287
-0.0795029
0.735997
-0.0640872
-0.220808
0.284895
0.246774
-0.0730343
-0.258928
0.173357
1.26899
0.683863
0.133303
-0.0102867
-1.85492
-0.142857
0.137637
0.0809926
0.520566
-1.00644
-0.266767
-0.0185662
-0.294759
0.310421
-0.0156625
-1.25923
0.718649
-1.40555
1.98168
-0.00377572
0.0144864
0.793115
0.867044
0.857554
0.00824636
-0.117658
0.132954
0.111841
-0.0434603
0.0508433
-0.75366
-0.639224
-0.366795
-0.151043
0.421546
0.466744
0.323756
-0.422157
-0.0634834
0.0652366
-0.516773
0.305037
-0.0924583
0.518075
0.504976
-0.0297911
0.0297911
-0.000930802
0.245155
-0.235067
-1.04377
0.103995
-0.723357
0.00996133
0.113246
0.363795
1.0587
-0.131254
0.190976
-0.221926
0.0309499
0.492221
-0.392574
0.34268
0.053029
0.0626615
0.195696
-0.3083
-0.0457503
0.0831247
-0.202578
-0.572998
-0.0622968
0.367334
-0.508631
-1.7031
-1.2249
2.38891
0.349319
-0.379076
1.63747
0.476829
-0.102487
-1.30567
0.224825
-1.17354
1.55212
-0.378577
0.0234892
-0.0234892
-0.105526
0.0283629
0.0771633
0.277409
-0.0857794
-0.19163
-0.238041
0.298915
-0.0438245
-0.395358
0.0720685
-1.63031
1.48677
0.435947
0.622292
-1.36309
-0.0415864
0.331102
-0.393035
0.491599
-0.200243
0.00109876
0.291652
-0.148529
-0.321748
0.413037
-0.000333867
0.0731615
0.412613
-0.344971
-0.502639
0.277851
-0.36282
-0.659827
1.32522
-1.33888
-0.139223
-0.350941
-0.248195
0.0762011
0.394608
-0.0417225
0.836476
0.0066221
-0.18304
0.636766
1.73253
0.291198
-0.769419
0.228624
-0.26366
1.62761
-0.890278
-0.323015
-0.0111634
0.0425009
0.224028
-0.303434
-0.0895513
0.0198513
0.0988392
-0.920707
-0.930797
1.8978
-1.03477
-0.00384164
0.404388
-0.0782899
-0.0183943
-0.0684144
1.15136
-1.08295
0.254403
0.319056
-0.0331588
-0.0200959
-0.363133
0.300699
1.94383
0.226732
-0.321863
0.19592
-0.317143
-0.440675
-0.153581
-0.0782899
-0.0675547
0.0773485
1.18625
0.0378452
-0.0789653
0.107667
0.0565903
0.0148522
0.0658169
-0.0658169
-0.327173
-0.0888281
-0.134669
-0.6227
1.4903
0.059565
-0.00210525
0.0701108
-0.0504331
-0.406514
0.310156
0.173143
-0.0284018
1.86575
-0.99916
0.0475909
-0.0523654
-0.360453
0.00845311
0.0131058
-0.884679
-1.07545
0.526657
-0.703625
-0.699855
0.0607824
0.247511
-0.412735
0.983528
0.0200081
0.032441
0.0332134
-1.6514
-0.0200081
-0.927712
-0.520507
0.156616
-0.0936061
0.0283684
0.343681
-1.31233
-0.599032
-0.395924
-0.107098
-0.102119
0.0685638
0.443471
-0.0200363
-0.565202
0.113319
0.232837
-0.184058
-0.0473806
0.0402772
-0.0832795
-0.850604
0.1447
0.190583
0.360719
-0.467236
1.10303
-0.759483
0.268395
0.223204
0.66574
0.454845
0.200058
0.00219961
-1.54824
1.43819
0.868122
-0.301679
-0.566442
-0.251187
0.0248962
0.0482732
-0.266707
-0.120196
0.342622
0.0470948
0.797966
-0.948438
-0.460774
0.340578
0.0582812
-0.0223971
-0.134971
-1.09099
0.144804
-0.170008
-0.00870511
-0.0823268
0.0910319
0.00850048
-0.0332675
0.0332675
0.673799
-0.873816
0.132045
-0.00836534
0.00836534
-0.542577
-0.27389
0.1219
-0.360907
-0.188527
0.815177
-0.40973
0.417708
-0.0992652
0.132312
0.178037
-0.0284018
1.1984
-0.415886
0.138756
0.0120084
-0.587491
-0.154431
0.574133
-1.47319
-0.592627
0.332879
-0.100622
0.176059
0.202151
-0.561418
-0.13529
0.024799
-2.51046
-0.888095
-0.0364938
-0.41164
-0.384109
0.962452
0.0170506
0.0911772
0.0250639
0.570183
0.160076
-0.179983
-0.0250639
-0.0235149
-0.169931
-0.0244466
-0.889547
-0.111375
-0.713461
0.780085
0.26542
-0.00853684
0.372043
0.688666
-1.78085
0.00245031
-0.141485
0.131928
-0.00243813
-0.0890255
1.65667
-1.13158
-0.376013
0.0205745
0.0189941
1.40356
-0.0538395
0.914234
-0.814418
1.61662
-0.0116267
-0.811424
0.67771
0.0160403
0.268402
-0.0638444
0.110666
-0.635654
0.415469
-0.625963
0.461285
-0.51607
-0.112606
0.867428
-0.297918
-0.111395
-0.0134772
-0.108785
-0.247614
-0.0126085
0.365743
-0.0234471
-0.362435
0.385883
0.102997
0.0183832
-0.142315
1.04578
-0.869635
1.04496
0.0567943
-0.0183832
1.64172
-0.491751
0.15553
-0.0454609
-1.09687
-1.72339
0.0360925
-0.105022
0.546833
-0.608508
-1.0743
0.132237
-0.0727283
0.619185
-0.792125
1.24132
0.0981698
0.00866506
-0.127991
-0.913169
1.05163
-0.116663
-0.0628421
-0.167831
-1.09832
-0.046854
-0.0850375
0.0237898
0.0721519
-0.651257
1.36991
-0.0328903
-0.206853
-0.986358
-0.00248317
0.253229
0.0571917
-0.0950158
-0.0924608
0.812039
1.72581
0.471865
-0.129746
0.0707676
1.45806
-0.57145
0.0622457
1.14978
0.465666
-0.387279
-0.482676
0.366012
-0.0238009
0.114031
-0.208444
-0.0893515
0.0701969
-0.1212
0.200795
-0.00468929
-0.0153292
-0.24457
0.14347
0.657301
-0.0378942
-0.167325
0.383675
-0.606418
0.456611
0.359394
1.88177
0.0114743
0.238845
-0.312429
-0.0131811
0.128015
-0.276035
-0.127169
-0.101098
-0.0240696
-1.42981
0.0715713
0.407151
0.129292
0.299599
-1.52006
-0.43724
0.8083
-0.344392
-0.463908
0.00280864
1.22624
0.466353
-0.0335784
-0.159218
0.0615727
-0.508455
-0.399571
1.64285
-0.0762598
-0.159912
-0.0160403
-0.00930589
0.0538523
0.0378942
0.789509
-0.447252
-0.92525
-0.187159
0.0764987
-0.0672585
0.170053
0.231919
-0.00516349
-0.259627
0.21902
-0.251053
0.318436
-0.429831
0.637659
0.600648
0.0117511
0.18051
0.477659
-0.631864
-0.360635
0.225665
0.873215
-0.773361
-0.112001
-0.407693
-0.242014
0.168642
0.195489
0.024858
-0.864922
0.796508
0.402411
-0.802087
-0.00893037
0.00893037
-0.640348
-0.747007
-0.266413
0.0182184
-0.173702
-0.172811
1.46443
-1.29162
0.0603221
-0.0617895
-0.587611
-1.14416
0.488687
-0.125501
0.648429
0.013339
-0.43666
-0.102973
-0.362129
0.262864
0.0763506
-0.0692182
-0.208097
0.145307
-0.102008
0.101751
-1.54373
0.14226
-0.549564
0.0221809
0.353969
-0.359321
0.167444
-0.229493
0.243121
-0.925096
-0.336468
-0.114775
0.114441
0.255431
-0.218278
0.350496
0.126204
-0.422941
-0.0676105
1.47322
-0.799418
-1.14319
-1.17142
-0.136525
-1.02311
1.15963
-0.0574513
-0.000238912
-0.20236
-0.7988
0.212368
0.15866
-0.00569722
0.072607
-0.0740986
-0.170628
-0.39079
-0.493382
0.0288079
-0.0263576
0.690584
-0.217148
0.332153
0.446217
-1.02813
-0.177075
-0.294632
-0.429609
0.765616
-2.35974
-0.220279
-0.208962
0.049786
0.384851
-0.0548587
0.312674
-0.484916
1.83591
-0.735389
-0.0976738
-0.0308216
-0.737321
0.307788
1.05155
1.337
-1.56883
0.0902798
-0.372472
-0.0259953
-1.34304
-0.17202
1.59059
0.0673704
-0.0680823
0.277405
-0.0487651
-0.179003
-1.25602
0.438439
0.267235
-0.404199
1.74042
-0.2943
-0.0333884
0.0366464
-0.0219317
-0.142339
-0.7014
0.0776614
-0.195646
0.0205745
-1.28724
0.0216374
-0.0714424
0.0674796
-0.207151
0.00410027
-0.0403653
0.270447
-1.39505
-0.221024
1.09439
0.0168339
-0.720653
-0.404442
-0.270635
-0.624563
0.33694
-0.00782727
-0.00482178
-0.0958437
0.583712
0.0638417
-1.49353
0.327844
-0.35568
0.518431
-0.202208
0.216971
0.433133
-0.899263
-0.0731615
-0.00512847
0.854602
-0.106523
1.25631
-0.0721784
0.1285
0.778833
1.24541
-1.27395
0.0271738
0.503946
-0.187566
0.175347
-0.127831
0.0772021
-0.0789776
0.144828
-0.13558
0.0501665
0.103518
0.919997
0.0656955
0.139437
-1.16254
0.0809221
0.475662
-0.277118
-0.198544
0.404397
-1.32348
-0.00468929
0.136976
-0.159631
0.161069
0.452799
-0.0859686
0.00367606
-1.09406
1.10127
0.459766
-0.207132
-1.50366
0.343129
-0.0223365
0.0284139
0.0707384
-0.970014
-0.109339
1.07935
0.0672311
-0.188212
0.143815
-0.0240064
0.015456
-0.014253
1.32791
-0.0177786
-0.103346
0.0610033
-0.274612
0.0798993
-0.110788
-0.0409129
0.0774077
-0.0261038
-0.200941
-0.823273
-0.299139
0.00131626
-1.44283
0.0158544
0.0493821
-0.047235
0.147756
-0.00669933
-0.00944333
-0.200524
0.158189
-0.779005
-0.0711524
-0.0339698
-0.747612
-0.303416
0.0305933
0.524525
-0.372041
-1.52192
2.11263
0.395944
0.0854943
1.10596
-0.011623
-0.399565
-0.532449
0.247197
-0.231124
-0.082318
0.0764955
0.840231
0.374871
-0.554299
-0.312029
-0.157599
0.978646
-0.410819
-0.0668187
0.0328485
0.198346
1.48053
-0.0556679
0.370381
-1.46676
-0.301738
0.00900899
-0.143011
-0.635993
0.0768393
-1.132
0.358123
-0.937206
-0.400868
-0.00837207
-0.525757
-0.298588
0.088639
-0.46068
0.456333
-0.618016
-0.299851
-0.0901071
-0.365595
-0.211382
0.335126
-0.213288
1.11283
0.0137897
-1.3222
-0.473415
0.640171
0.0712504
0.0848903
-0.523983
-0.55351
-0.427019
0.426072
0.143807
0.0239041
-0.129029
-1.41607
0.0731863
0.407027
-0.0211447
0.678008
0.291011
0.960919
0.818366
0.247915
-0.103735
-0.241947
0.00477496
-0.610249
0.431246
-0.140709
0.165993
0.0509782
-0.100242
0.477596
-0.118203
0.0840635
0.533761
0.0405248
-0.649033
0.272328
0.00930676
-1.04109
-0.0996643
-0.23375
0.583302
0.136762
-0.0878385
-0.0229492
0.0858501
-0.00587372
0.0275112
-1.52034
0.089919
-0.111015
1.03041
-0.0412904
-0.00604362
0.723753
-0.0687256
0.109011
-0.112669
-1.1292
-0.0920891
-0.093353
-0.177116
0.198432
0.0926843
0.0492506
0.0731486
1.54628
-0.568497
-0.527972
-0.371693
0.303852
-0.056341
-0.977625
0.414275
-0.000668712
-0.661942
0.103604
-0.277961
0.529156
-0.0221641
-0.406186
0.672282
-1.23091
0.230696
-0.86922
-0.677196
)
;

boundaryField
{
    SideWalls
    {
        type            empty;
        value           nonuniform List<scalar> 0();
    }
    Top
    {
        type            calculated;
        value           uniform 0;
    }
    Inlet
    {
        type            calculated;
        value           nonuniform List<scalar> 
18
(
-1.94444
-1.94444
-1.94444
-1.94444
-1.94444
-1.94444
-1.94444
-1.94444
-1.94444
-1.94444
-1.94444
-1.94444
-1.94444
-1.94444
-1.94444
-1.94444
-1.94444
-1.94444
)
;
    }
    Bottom
    {
        type            calculated;
        value           uniform 0;
    }
    Outlet
    {
        type            calculated;
        value           nonuniform List<scalar> 
18
(
2.0794
1.98445
2.02927
1.96752
2.00134
1.95683
1.92742
2.0422
2.0725
2.08957
2.01713
1.92557
2.01649
1.94462
1.88486
1.59649
1.93776
1.52655
)
;
    }
    Plate
    {
        type            calculated;
        value           uniform 0;
    }
}


// ************************************************************************* //
