/*--------------------------------*- C++ -*----------------------------------*\
| =========                 |                                                 |
| \\      /  F ield         | OpenFOAM: The Open Source CFD Toolbox           |
|  \\    /   O peration     | Version:  2306                                  |
|   \\  /    A nd           | Website:  www.openfoam.com                      |
|    \\/     M anipulation  |                                                 |
\*---------------------------------------------------------------------------*/
FoamFile
{
    version     2.0;
    format      ascii;
    arch        "LSB;label=32;scalar=64";
    class       volScalarField;
    location    "8.6";
    object      p;
}
// * * * * * * * * * * * * * * * * * * * * * * * * * * * * * * * * * * * * * //

dimensions      [0 2 -2 0 0 0 0];

internalField   nonuniform List<scalar> 
5098
(
0.00713963
0.719851
0.14439
1.16351
-2.76278
1.50293
0.33654
-1.25644
0.154584
0.752644
-6.17035
0.381851
-0.46153
1.92992
-0.823306
-0.0335445
-5.07927
-6.27365
-2.3861
-5.08553
1.52874
-0.0292588
-0.661427
2.786
-4.12007
1.42152
1.26525
0.264632
-2.38639
-1.32626
0.282458
2.18391
1.25908
-4.03171
0.0231137
-1.68998
0.710037
1.09742
1.82024
-0.361403
1.10283
-6.32056
1.37516
0.266187
0.277533
0.788915
-5.34466
2.25872
0.259931
1.22831
0.492949
1.79813
-3.36388
0.907946
1.51453
1.83258
1.47006
0.97933
2.19454
-0.305312
0.0385328
-5.26722
0.0301394
-0.286466
-3.36937
1.96732
-0.00478282
0.425566
0.482983
0.82977
1.44557
0.0971307
-0.0485396
-0.459572
-0.157233
1.22198
-0.116154
1.93064
0.409931
1.77514
-0.348998
-2.48774
1.30408
-4.44358
-6.58547
-1.47795
3.15066
-0.129498
-1.26478
0.0236306
0.172485
-3.2041
0.391116
1.16923
1.82763
0.438761
0.780338
2.02389
-0.138911
0.209064
-9.45066
1.41937
-3.55295
-0.0759488
1.91009
0.194123
1.37949
0.371346
2.30987
-6.07766
0.982646
-2.18109
1.07321
-3.45617
1.47077
-2.41101
-3.38954
-0.50678
-0.291662
2.74094
1.74806
0.809048
0.637701
-4.18593
-3.28052
-5.02648
0.828366
-0.555347
2.01421
-3.46267
-4.61763
2.0949
2.05156
-0.327089
-7.08927
-2.80817
-0.454957
1.34549
1.82747
0.886422
1.84893
-4.57387
0.104151
0.158721
0.800167
-0.146402
0.555568
-2.6428
-0.978151
-0.332621
-7.49671
-3.30633
-3.21857
1.25175
3.1637
2.6135
0.989471
-8.56581
1.10876
-2.437
0.544753
-0.93968
-3.20846
1.19929
-5.31954
0.308014
-3.21009
-1.01558
-4.13468
1.01847
0.392528
1.24023
0.698857
0.291766
0.333701
0.879903
1.25951
-1.66403
1.34777
3.12146
-1.41212
-3.30673
0.861286
-5.08447
1.16248
-0.285917
1.96783
0.6833
1.18071
-3.57117
-2.29046
0.42835
-0.140825
-0.163024
0.29754
-3.32056
-1.41638
-2.74504
0.00837642
0.958361
-3.88838
1.74677
0.287613
0.705164
0.889727
2.60541
-0.468538
1.87218
0.468757
-0.172043
1.00766
1.70539
0.228854
0.756391
-1.00171
-2.3413
-0.187961
-6.5362
-3.18976
0.926657
0.154921
1.50689
-0.0601592
0.0926137
-3.36259
0.864401
3.00455
1.30898
0.329296
-2.37545
1.55684
2.8035
-1.74432
-0.00298076
0.243922
0.268834
1.43967
-3.28274
-1.68605
1.37249
-2.48838
0.672768
0.00157383
2.40473
1.44013
0.377046
1.86245
-6.27966
-5.23728
0.356627
0.765136
0.16964
-2.39673
-3.47288
1.28596
-3.26581
-6.7431
0.85588
2.20121
-0.127001
-0.309191
-3.37798
-3.93419
-0.0230543
-0.0231867
-5.34751
-2.43813
-6.63144
0.569434
1.40459
-3.51213
0.258451
-2.42479
0.573623
2.14888
-2.94951
-6.94665
-7.57147
-1.06046
1.0241
-4.49469
-1.07534
-3.38253
-1.14975
-4.05356
-4.2487
1.30151
-0.0776992
0.307347
0.398197
-4.28673
-3.19144
2.46557
0.314828
0.195525
0.859267
-0.0590024
0.295418
1.24258
1.23196
-0.126697
-0.474078
1.41825
1.40232
-5.28373
0.535112
-0.662428
0.898502
0.891119
-5.43297
0.214539
-2.50258
1.4472
-0.271775
-0.58733
3.13146
-0.390101
-0.0456053
0.481478
2.51348
0.380315
-3.07892
-1.53616
-2.69432
-0.136995
1.87434
0.826348
1.28059
2.26798
-0.258353
0.781929
0.463863
1.83223
-1.27699
0.76111
0.455083
-0.128086
1.25854
0.668453
0.920542
0.0342087
0.878093
0.395185
1.33024
-2.34297
-0.118502
0.808718
-2.49873
-0.513279
0.366476
-1.88332
2.68431
2.47356
-4.07412
-0.296773
-4.35982
-3.15859
0.329837
1.98286
0.0387751
1.3184
0.430269
0.488888
-0.143072
0.228661
2.19138
1.33891
1.0573
-1.24854
-3.32198
2.05939
0.29481
-1.90317
-0.0246486
0.070005
-5.32158
0.891101
0.519017
-0.837218
-0.158248
0.946797
-4.9919
1.33582
-0.513331
0.167895
-1.18622
0.112859
-3.34218
1.12053
-4.13094
1.26645
0.366212
1.32524
1.00149
1.37694
-1.18244
1.27419
-2.47713
0.692074
-1.16676
-3.43697
2.50373
1.90143
1.31346
-2.40781
0.657383
0.839451
-5.04289
0.391785
-1.09475
1.30355
-1.57847
-3.33633
0.38707
-0.710811
-0.81538
1.38885
2.67648
-0.946473
0.216995
0.881164
1.66213
0.238747
0.939663
-4.508
-3.23749
-0.169183
-2.03264
0.255316
0.298024
-0.0144472
-2.41615
0.00294599
0.558873
-0.976349
-2.67463
0.0193323
-0.587718
1.18668
-0.767124
1.34367
0.853524
1.12529
-4.93697
1.56446
-0.70413
-2.18538
-0.768757
-2.33805
0.822441
-5.44034
0.423661
1.32199
-4.94329
-5.61379
0.169793
-6.1405
-0.132214
0.577387
-1.68097
1.33066
-0.265225
2.62053
-1.18864
1.14684
-6.34415
-3.44296
-5.40126
-5.25693
1.04571
-2.33566
-1.34687
-2.91634
-1.65738
1.25826
-1.52379
-2.39304
1.56339
-1.83687
0.981864
1.19035
-0.0386648
-2.93453
-0.151281
0.292835
0.667781
0.616975
-1.04997
0.937619
0.988847
-1.8921
-2.573
0.09062
-0.905716
-2.97157
-0.000551413
1.64615
-2.55025
1.51316
1.29043
-6.11254
-0.660547
-2.44149
-6.93707
-2.43181
-2.99791
1.14271
1.01035
-1.41976
-0.0279531
-3.20887
1.30791
1.77479
0.312018
0.878656
0.799273
2.51682
-3.41995
-0.925559
2.19375
-5.02976
-2.21959
2.45806
-0.202476
-2.33359
-0.00119537
-2.61297
-3.02083
0.259754
-1.22528
0.349681
2.97236
-5.6963
0.342561
-8.14067
0.229826
0.755933
-0.763023
-3.39264
-5.2257
1.27071
-2.40439
-3.39421
1.33896
-4.97147
-5.24815
0.048262
-7.38814
3.05588
-2.14891
-0.869085
0.827633
0.0166709
-2.60715
-0.976424
-5.82798
-5.04295
1.4923
-5.60873
-1.28748
-5.85472
-1.83766
1.13535
-3.30001
-2.71491
-3.96388
-2.5578
-0.231841
-4.17969
-2.62508
-0.943812
-1.59022
-2.92826
1.46292
1.79428
3.09195
-2.43131
1.2942
2.21477
-9.60182
0.45699
-8.5291
0.894399
-4.08254
0.562398
-0.423072
-0.171524
1.20497
1.04752
-3.40645
-3.24558
2.5706
-0.847625
-5.93204
0.1476
1.15205
-0.614733
1.0505
-1.75044
-1.52468
-0.321248
2.15241
-1.23636
-2.27209
2.10742
-4.13974
1.89995
-4.59435
-3.43616
-2.60489
-4.5757
-3.37158
-2.9583
1.99038
-1.7251
-1.48028
2.06266
-1.03748
0.426172
0.32535
2.4937
-2.44504
1.63848
0.62904
-0.139947
-0.0686675
-3.52813
-0.251655
-2.56268
-0.0115633
-5.55392
0.243886
1.93309
-3.91519
-0.0662565
1.08767
2.59088
-3.39427
1.88704
3.06183
-1.52457
0.446334
-1.02041
1.35288
2.10955
1.75931
-2.27123
0.330011
0.023676
-5.16844
0.586481
0.0312475
1.04327
-7.45247
0.457279
-0.604953
-3.7978
-0.72269
-0.0612268
0.427809
1.11656
0.482863
-7.09724
2.2254
1.20811
1.8819
0.494894
-3.32922
-0.910845
-0.6455
2.15213
2.62392
-2.29945
1.55566
-5.32339
-3.75101
-2.45316
1.00236
-2.39028
-2.42884
-5.46318
-6.78719
-0.47622
0.250839
-1.36083
0.572176
1.4285
-2.41307
1.39925
-0.0332983
1.27987
-3.35629
-9.44749
-0.010009
2.31843
-2.06721
-5.19532
-0.757416
-2.45777
0.852854
-2.80383
-0.823434
2.01507
-5.701
-6.63249
-2.51072
-8.73012
-2.40474
1.19391
-0.0195308
2.69059
2.27973
1.966
-4.89107
-3.43084
-2.34158
-2.45147
0.512611
-3.29979
-3.05119
-3.47667
-5.58429
1.63129
-3.37597
0.929912
-4.28244
1.91505
1.28434
-4.04462
0.521128
-2.56466
2.84604
-0.469103
0.211284
-1.39037
-6.11947
-9.3525
-6.21351
-2.97506
1.79742
-1.57661
-1.01052
-3.26006
-3.49549
-0.387091
-5.4504
-0.556345
-0.250867
0.07888
0.612106
-5.58976
1.23706
1.9975
-3.56042
-0.378736
-4.68909
1.10864
-2.43613
0.606305
-0.426454
-5.28681
0.0307769
-3.32718
-2.94711
-4.31614
-7.2458
1.20653
0.469732
-2.25103
-0.997826
-0.570198
1.26044
0.334234
-1.5402
-5.24371
2.93548
-0.170142
1.71633
-2.16402
0.943816
-3.35584
-6.29488
0.0939198
-3.47479
-5.51626
2.10985
1.9602
-5.1987
0.354445
-5.41465
1.69748
-1.20004
-3.37582
-3.36703
-3.53934
-2.46565
-0.10766
0.217339
1.32791
-0.497636
0.176786
-3.67573
0.0202268
-5.10108
-3.31193
1.43577
-0.783684
2.16225
-0.84584
1.6609
1.29241
1.06589
-4.40031
0.787213
-0.593038
-0.124619
0.84537
0.650994
0.0100522
-3.01795
-3.3763
-10.2501
-6.8047
0.9824
0.393483
0.717608
-3.44402
-1.81718
3.08876
-5.50791
1.07324
0.000675407
2.00419
-2.76854
1.58444
-5.24919
-5.78141
2.28366
-4.60411
-2.44404
0.941866
2.40127
1.0127
-0.15058
-0.990127
-1.04628
-3.81799
-1.92005
-3.35177
0.995453
-4.1176
-2.17473
-3.40146
-0.150895
0.0126002
-2.3608
-1.01576
-3.32205
1.11085
0.447911
0.640063
-8.35978
-2.83474
2.05901
-3.34244
-1.66486
-3.23643
0.214126
-3.34797
-3.32084
-4.20218
-0.446398
-0.198209
1.32403
-3.37201
-8.77445
-2.56414
0.0809332
0.0440377
-1.82798
0.253271
-3.37682
1.31131
-5.12217
2.44964
2.03799
-0.0423247
1.49001
1.05982
1.4161
2.66691
1.26986
-5.31456
-10.5008
-2.32087
-10.8069
-0.290934
-4.02375
1.41854
-2.8025
1.6992
1.8315
0.518262
0.480987
-6.38569
-0.136311
-1.63175
-0.276794
2.11118
1.04849
0.101316
0.27779
-3.37826
-11.0948
-4.77085
-2.64625
-1.47349
0.0485035
0.37282
-7.01969
-1.42456
2.23947
0.85434
1.78103
1.72118
1.12815
-0.34323
-0.577889
-0.80458
-3.46875
0.759042
0.0948291
0.0840485
1.22855
2.39251
-4.5314
-0.686831
0.405704
1.55075
-5.38265
-0.248981
-2.78823
2.78932
1.29827
-3.07609
0.453286
-0.182539
-7.18417
1.3228
1.44629
0.422945
0.810624
-1.10344
-5.05065
0.153796
0.527669
2.08908
-0.335739
1.8599
-3.54772
-6.19272
-3.48953
1.28082
1.76178
-2.01803
-0.923566
2.76875
0.709397
0.395328
0.577636
2.5782
0.621038
0.85163
0.311569
1.32233
-0.864474
-0.580232
1.69706
2.98897
0.322393
-9.24138
-1.2854
-1.00751
-3.81607
1.66249
1.03663
-1.73298
0.384459
1.20614
0.344867
0.743639
0.0386287
1.55469
1.74302
-2.01936
2.56765
1.14489
-0.821433
0.00991578
-0.308144
-0.0455163
0.676292
0.65499
1.25105
1.14267
0.708367
-8.20831
-9.70672
1.22905
0.566655
1.93253
-1.64316
0.997002
1.11842
0.20499
1.30697
1.6792
-0.0398277
-0.00655519
0.527915
1.53906
-1.90164
-0.88656
-1.13219
1.71578
0.340498
1.30719
2.46365
-4.42126
2.36679
2.72766
-0.960286
-1.29366
-2.89586
3.02922
-2.31821
1.36
2.55431
0.882924
-3.37624
1.08467
0.528743
2.76525
-0.0978265
0.609757
2.87579
2.1203
0.0291568
2.82861
2.01193
0.121857
-5.46332
-3.96709
0.00849213
0.142031
1.06609
1.9476
-2.48354
-0.267224
1.17581
0.0177479
2.22644
-1.75535
2.59473
-2.24661
-5.28079
0.115225
-1.39225
1.84007
-0.259638
0.588758
-5.45927
1.96619
0.704297
1.4303
1.25018
-7.56751
0.150062
-0.244821
-0.645794
0.125606
2.17461
0.94288
-0.0369077
0.119054
-0.1596
-5.05552
1.92112
0.120525
1.37797
-0.468452
-1.96487
-5.97771
0.33742
0.184165
2.45967
-0.231925
0.567817
-5.67079
-8.40372
1.79545
2.34945
-4.67869
1.71443
0.899131
-5.42389
0.504931
-0.54168
2.98029
-0.909659
-1.5413
1.38597
-5.07995
1.88613
-3.42943
-4.58333
-0.069382
-3.1337
-3.34399
-1.61264
0.937424
-0.269305
-3.37014
0.00696293
0.381159
-1.38255
1.17174
2.2272
1.27645
1.29937
-5.05436
-5.295
0.13468
0.678167
-1.83235
0.0113847
-0.032192
0.00167325
0.720137
1.47122
0.788178
0.917545
1.19141
-0.405791
-0.819966
-2.7308
0.190568
-1.7352
2.77666
1.19725
0.850957
-4.79011
-0.928434
0.0734745
-0.223825
-6.12047
-2.34802
-0.690031
-1.12973
0.958365
-1.3868
-0.156574
1.04633
-3.36294
0.0440505
2.19351
-1.51319
-1.41267
-0.0460521
1.43578
-7.63803
0.314903
-10.8325
-0.0226111
-5.00044
-4.47187
1.24952
-4.34876
-0.269929
-0.531739
-5.10459
-7.45202
-1.7952
1.35175
0.227421
-5.27972
2.13963
-3.3896
1.28606
-0.0782899
-2.20301
-0.999239
-1.63797
-3.59613
0.576728
1.34265
1.15799
0.198824
-3.57039
1.89862
-7.07943
-1.53487
0.00787616
-4.06749
-0.196178
0.0310714
1.78841
-3.45715
-2.44942
-9.41756
1.16324
1.24057
-6.2095
0.528391
-0.040442
-0.375892
0.286946
0.461105
0.0411014
-2.6423
-5.94542
2.24574
0.0784523
-0.0354488
-0.04782
0.00740122
1.25926
-5.26694
-0.74365
-6.15735
1.1919
-0.165785
-0.0488655
0.368294
0.00650066
0.420967
0.14719
1.20928
-0.294463
-2.02802
0.61427
1.45741
-0.129837
0.947381
0.958614
1.4585
1.47339
1.03552
0.888539
2.52519
0.640685
-1.39482
-0.0773721
-4.47736
0.288432
-0.288283
0.843595
0.106023
2.49235
0.104404
0.267192
-4.80838
0.189899
-4.47379
-0.142173
-3.49608
0.728305
-4.39989
0.890104
1.01508
1.4058
-4.03061
1.64096
-3.50345
0.971843
1.4352
0.753262
-5.19159
-1.90066
-5.22265
1.01513
-6.37524
-2.46196
1.17845
-0.188303
-0.0920154
1.27928
1.59676
-0.93194
2.1439
-0.73517
-1.80177
-1.80422
-1.09208
-0.114929
-0.592931
-2.42004
2.35424
0.00134763
0.811164
-1.79558
-7.55774
1.69069
1.72056
0.00767077
-0.112538
1.38748
-2.99048
0.305479
1.32582
-0.619627
-0.70954
-0.366867
-0.321289
2.41254
-3.5225
1.2149
-0.177502
-0.525594
2.66911
0.883722
0.154405
1.60306
-9.87893
1.28875
1.38483
0.390267
1.32609
0.397864
1.18943
1.40919
-0.459252
1.51425
-2.39238
-0.923488
0.000100239
-2.50007
1.90014
-3.36486
-3.03158
0.268919
-0.283887
-0.189738
-3.40423
0.884668
0.244088
0.929693
1.03052
-0.0461907
-1.96738
0.121165
-9.79929
1.51168
-0.688356
-3.35604
-1.73481
-4.73859
1.30428
-3.43631
-3.59324
1.33336
-3.51879
1.1916
1.16436
-3.32293
-3.62167
1.38685
2.03867
-1.95087
1.25963
-3.18137
-1.20331
-3.86691
0.317633
-1.01254
-3.58571
2.67404
-0.999456
-3.10872
0.00629087
-0.934444
1.4343
-0.168484
-2.19841
-3.47787
-5.04071
-9.86377
-3.36611
-0.227563
1.98491
-0.0418611
-6.77826
0.0112161
-3.34581
2.08604
2.71465
-3.34361
-0.0600893
0.639196
-3.37955
0.28873
2.36247
-2.00053
-2.69508
1.22008
1.2622
1.18423
-1.04988
-0.0281157
0.00203531
-0.500279
-1.24299
-0.525363
1.25747
-0.658622
0.315638
0.267735
1.31719
1.03139
-0.456662
0.934693
1.31257
1.18269
0.357737
2.42783
-1.19539
2.24941
-0.141903
2.14048
2.95752
-0.718325
0.119667
0.634949
1.33787
-2.32682
0.899658
0.0867903
-0.271513
0.743006
1.70319
0.844927
0.928505
0.958272
-0.333582
-4.76067
2.82614
-3.41632
0.485943
-5.11661
-0.737107
-3.52325
1.28111
0.947459
1.02103
1.07765
-1.33038
-0.311115
1.20067
0.366429
-0.592167
-2.23662
0.366068
-2.2531
0.318566
1.24912
2.67229
1.31502
1.42494
1.30526
0.808496
2.49204
1.08935
1.33345
0.508688
-6.90842
-0.876183
0.450464
-0.112749
2.86332
-1.65371
0.361041
0.00145796
-0.719733
2.66357
1.02385
-0.123882
-6.10619
0.0715257
-1.16476
-0.189873
1.54914
1.65635
0.251581
1.62132
0.127747
2.26892
-2.81847
0.244514
0.615684
0.383973
0.316794
1.9439
0.625115
0.103234
1.30289
0.415141
-7.53155
1.42025
2.01825
-0.556514
-4.02999
-3.38047
-2.52834
-0.831505
-3.58459
-0.188169
1.29146
0.077917
-0.435954
0.796548
-1.52903
-0.812131
-0.510924
-2.73886
-4.55924
0.206086
-3.38482
-3.32631
1.01997
1.31649
1.42388
-5.19792
0.835957
-1.26921
1.36159
2.2728
-4.22048
0.00798095
-0.15839
2.12945
0.627838
-6.07949
-0.83482
-2.53942
-0.129877
0.0716157
2.4338
-0.175508
-0.000376296
0.870123
-0.230891
0.00484071
1.05716
0.220093
-0.141056
-2.95162
-3.70657
0.927751
-3.30006
-0.173307
-0.741132
-3.3452
1.38587
1.1027
2.63797
0.305611
2.49073
-0.141012
1.65937
-3.39545
-1.25242
-8.01791
1.86683
0.423986
0.305595
0.34611
-2.89136
-7.14657
0.00855474
-0.137191
-0.17666
-0.423774
-0.255772
0.11512
1.08688
1.535
-2.84935
0.0446166
0.119371
-0.377408
-0.233779
1.31802
-0.142452
0.981518
-0.569596
-0.127886
1.59979
-2.97121
-0.212756
0.000721128
-0.107451
-1.72604
1.51036
-2.08859
-0.144833
-0.176968
-3.78026
-1.57735
-0.196963
2.08778
1.69943
0.00481791
-2.28204
-9.57121
1.21391
-0.057008
-0.494959
0.000331141
0.344806
0.0584991
-0.13856
-1.62757
0.00631377
0.8471
-0.492993
0.664538
-1.92553
-2.05726
0.727374
0.803888
0.0322073
0.191635
1.10767
0.577371
-0.602827
-0.741614
-0.237262
-6.65549
-0.143284
1.16508
-3.27187
-0.317002
0.0485245
-0.0100075
-0.764515
-0.117204
-0.171263
-0.0759419
1.71337
1.12182
-2.49415
-0.143874
-3.96204
-5.82679
0.42901
-0.200693
1.74866
-0.789037
1.2224
1.08197
-0.678
-2.34549
-8.88308
-2.414
-4.69903
1.34799
-0.190693
0.0815209
-3.37583
1.1867
-0.225535
1.48304
-0.0282116
0.0270301
1.77413
0.0103443
-0.026052
-2.1755
1.63025
0.219212
1.31667
1.28819
-9.63369
-0.106587
1.36796
-2.77556
1.55589
-3.39693
1.47066
-3.76587
-0.148534
0.00326909
1.21356
1.38221
-1.72189
1.26884
0.833163
-0.213182
1.8283
0.781334
-4.56212
1.3256
-0.15317
-0.0383468
-1.64138
-5.45724
-0.149553
-3.4873
0.00208882
1.27788
1.23011
-0.209558
-0.199172
0.868663
-0.0766618
1.32392
-5.71938
0.00573126
-0.837625
-2.55707
-0.789603
-4.72373
0.245331
-2.13637
-0.152355
-2.49802
0.757386
-0.200682
-5.1156
-0.218407
0.30683
2.05327
-1.93147
0.00441559
-0.222792
0.348421
-0.312341
-2.71632
-1.80748
0.75057
-0.137776
0.505386
1.40806
0.000797764
-0.151737
-1.2737
-0.140312
-0.0470261
-1.22894
1.34868
-0.640821
0.00582433
-1.07138
-5.36171
-0.0559838
-0.140248
-0.51383
-5.57989
0.112935
0.0793764
-0.18095
-0.214902
0.00947114
0.00870495
-6.53704
-1.39798
-4.82277
0.738465
-0.409771
-0.227721
0.871277
0.918843
-0.143088
0.00951079
0.915416
0.417627
0.00764092
-4.58552
-0.016098
0.579881
-0.122331
-5.22415
0.00649635
0.731305
0.0371094
1.08511
1.01142
-0.190706
0.648307
1.29196
-0.265938
-5.1975
-0.134478
-1.56391
1.38565
1.31985
0.000950297
-0.062128
-0.157004
-0.188307
-0.0597346
-0.147768
-5.25617
-0.0220149
1.318
0.136228
-0.164237
1.33238
-0.169795
2.26323
-0.155914
0.124599
0.0912191
-0.178239
1.58074
-0.127269
-0.061045
-10.9816
-0.0467325
1.13329
0.780975
-0.148285
1.36316
-0.339423
0.28212
1.40721
-0.7525
1.00101
-0.209683
0.309843
-0.415114
0.43304
-1.55803
-7.85766
-0.287786
1.3307
0.74396
0.429412
0.917571
0.00264147
-0.122754
-0.173936
0.271475
-0.262958
-7.93581
-0.0679897
-0.00397509
-0.135965
-0.164834
-0.47657
-4.22752
2.15221
-7.53775
-3.3653
2.08977
0.00960426
-0.109415
-0.120398
-0.2155
0.408766
-0.194206
-0.13341
-2.45876
-11.2441
0.485468
1.34956
-0.155263
-0.0866909
-0.100822
0.00309361
-0.0645923
-0.133031
-0.146018
-0.138651
1.33612
-5.66783
-4.81151
0.85226
-0.211583
-2.47605
-0.131542
-7.0275
-0.0380443
0.7314
-2.47015
1.52284
-0.248747
-0.176644
-3.36862
-0.18731
-0.282109
-0.148629
-4.94229
-4.76618
2.07507
-5.64367
-1.49012
-0.000632751
-1.53516
-0.0410682
-0.14968
-3.50712
0.00359987
-0.12589
-0.301587
-0.178869
-0.0445679
1.69926
0.32516
-0.0137279
-0.106289
-0.111048
-4.99507
-0.282275
-2.01175
-0.151066
-0.308267
1.52407
0.102091
1.35201
-0.015922
0.0371992
-0.0422261
0.00254904
0.010418
-2.42062
-6.53886
-0.527954
0.431128
0.481473
0.809392
-0.0606377
-0.0833038
-0.0320126
1.37634
-0.13184
0.213994
0.422331
0.00519598
-0.141094
-1.81464
-0.116702
0.00620168
-0.250255
1.3618
0.00606911
0.159287
-0.0364263
0.892006
-0.0812954
-0.43835
0.00986241
-0.0414582
-3.35119
-0.149173
-0.124823
-0.396183
-0.035483
1.2038
-0.0498483
-0.920249
-0.15829
-0.154732
0.30101
-0.067681
-0.140992
-4.28033
-3.39575
-0.103676
1.63624
1.43165
0.00181821
-0.149376
-1.55649
0.0070986
0.297221
-2.1441
-0.03867
1.55474
0.380565
0.00873396
-0.0202093
-3.19663
1.31151
-0.0954988
0.00275809
-0.0125678
-3.47925
0.0592335
-0.0451553
-3.85406
0.866359
0.520699
-0.409368
0.138467
-0.0161985
1.33437
-0.0271737
0.0115394
-0.0403607
-0.00878855
-4.52466
-0.110826
-0.0923485
-0.00391795
-0.141677
0.0093451
0.0981758
-0.00863885
-0.0285557
-0.394581
-0.338725
-0.0728669
0.011961
2.69266
-0.100682
0.0242754
-0.00224884
-0.0774753
-0.22571
-0.0868206
0.0265774
0.299709
-0.0418217
-0.0882943
-0.0486095
-0.0114713
1.35429
-0.00829866
-0.0934927
0.0304591
0.0114449
0.00968597
0.0375705
-0.113117
1.00309
-0.167677
-1.37507
0.708277
-0.0425384
-0.0303501
-0.0464597
-0.0254841
-3.38224
-3.00114
0.17617
-0.0889399
-0.0338703
0.0100068
-2.42895
1.35786
1.1393
-0.0242693
-0.45895
-0.140553
-0.0495232
1.34019
-0.00812073
-0.217697
1.48419
-0.072846
1.45695
-0.0393033
-0.0784438
-0.0868608
-0.00276698
-0.00722661
1.66083
-0.15199
0.00146234
-0.551559
-0.603207
0.756428
1.62438
0.0043402
-0.438579
-0.0964848
0.00717523
0.000251123
0.586256
-3.38086
7.56026e-05
-0.0201234
-0.117583
-0.118684
-0.107829
-0.0615019
-1.00673
0.00241831
0.00184152
-0.504324
1.40339
-1.88022
0.00647808
-0.127163
1.16695
1.3482
0.0114825
0.00033675
-3.69151
-4.81583
0.00483061
-0.01901
-0.0143201
-0.0480595
0.000517734
-3.5922
0.00152998
0.0108899
-0.0164994
1.78758
-0.0155658
-0.091982
-0.11613
-4.87335
-0.0129583
1.05166
0.0249653
1.28221
-0.00866741
-3.43703
0.00408486
-0.0929404
-0.161361
-0.379993
-0.2509
0.00472654
0.00138254
-0.0977348
-0.010362
-0.0145369
-0.0761229
0.00901368
0.00450271
-0.0901686
1.35739
-0.00945208
-0.627651
1.35498
-0.0299524
-0.0831782
-1.29924
0.763188
-0.0580345
-10.3066
-0.00591588
-0.00970686
-2.93789
0.0344236
-0.0313057
-0.218768
-0.0249623
-0.115768
-2.66321
-0.00464578
-3.51013
-0.197631
-0.00271486
-2.65091
-2.18363
0.00817077
-0.0104366
-0.0229867
0.14316
-0.0544546
-0.0643171
0.580501
0.00345037
0.000458859
-0.000964683
-6.21355
-0.0256915
0.00314179
-0.0401983
-0.130058
-0.174882
-0.0880556
-0.00941417
-5.78244
2.09908
-0.0172548
-0.0319845
-0.00290895
-5.48274
1.43644
-0.161611
0.115918
0.00129087
1.4907
-0.0225438
0.306941
-0.0685067
0.00535593
-0.00325393
-0.089195
-2.41963
-0.627696
0.244055
0.246381
-0.00707795
-0.00842047
-0.159925
0.934079
-0.170003
0.00502012
-0.0257033
-0.150253
1.43794
-0.180283
0.0068081
0.00792805
-0.0733966
-0.0354689
-0.0056142
1.13208
0.279994
2.13374
-0.00382209
-5.49068
-0.340747
2.50885
-0.252433
-0.0578016
-0.00437188
-0.0485325
-0.665988
1.34136
-0.338489
-0.19986
-0.051368
-3.36279
-0.0674767
-0.0605578
-0.0112941
3.00338
1.068
1.65996
-0.122526
1.33509
-0.0173533
-9.22707
-3.42791
1.34852
-3.56877
-3.47585
-0.00152948
-0.0830275
-0.234901
-0.0587213
-1.31519
-0.282088
-1.37016
0.939512
-5.07566
-0.0837955
1.23897
-0.151065
-1.2622
0.00328173
0.000716667
-0.0194173
1.57264
-0.0375681
-6.84632
-0.0187878
-2.51742
0.00340464
-0.32989
-0.260849
2.12341
-3.68638
-0.348584
-0.663668
0.00631291
-0.0106968
1.11405
1.39063
-0.111869
-0.23083
-3.63369
-0.239646
-0.709945
2.58968
0.961769
0.191146
-0.13965
-0.764322
-0.0524696
0.677261
-0.0287658
-0.608511
-0.0379525
0.864949
1.33099
0.720602
-3.31939
0.482326
-0.425382
-0.0103844
-3.77559
-0.0971052
-0.341141
1.18658
-0.0687993
-3.65091
-0.0372426
2.0377
-1.39407
-0.340404
-0.40503
-1.1
0.0131099
-2.53963
2.46105
-0.118472
-5.14938
-3.56308
-0.838591
-0.0527459
0.656033
-0.579481
-0.118837
-1.27811
-3.32063
1.42759
-0.111214
0.0295979
-0.488506
-0.535634
-0.163667
-3.34247
-0.0399218
-3.32064
2.70667
-0.0509461
-3.4296
2.34647
0.00175199
-0.0620357
-0.23535
0.00233642
1.60841
-4.53004
1.31944
1.31863
-0.0954892
-0.550441
1.30367
0.997395
-0.0542334
-0.76046
-4.68595
-4.5986
1.36258
-0.0893401
-1.50408
-3.40377
-0.0379387
-2.13071
-0.139149
-0.223144
1.38873
-0.408571
-0.149527
-3.74232
-0.0222256
-0.0113526
-0.00602345
-3.44566
-9.96965
0.00575243
-0.116136
0.0585941
-0.887383
-0.06683
2.57049
-0.0571166
-3.85856
0.269362
-0.00670855
0.695253
-0.164415
1.32146
-0.0503776
0.929394
-3.03019
-0.108274
1.75743
-2.95622
-4.71599
1.65649
0.813288
-0.155362
-0.156033
1.3274
0.799599
-0.0141251
0.895689
2.43111
-0.373935
0.971044
-1.0351
-0.0975907
1.9197
-2.99185
0.152161
-0.107639
1.3732
-0.813962
1.02092
0.88986
1.14571
-4.07185
-0.11292
-0.115636
-0.0201386
-0.020893
-9.81994
-5.19832
-0.0833861
-0.0170665
-5.17817
-0.0661594
-0.492472
-1.52224
1.25757
1.49094
1.36475
-0.0652158
-0.193741
-0.230315
0.663614
-0.0485801
-0.0893422
2.46566
-0.0183544
-0.0876726
0.0816778
-3.53114
1.64849
-0.0870156
-0.720714
-3.11742
0.0451884
0.760958
-1.55305
-3.73528
0.0116113
-0.00749248
0.367458
1.30962
-4.99414
-6.70414
0.0797956
0.74947
-0.455737
0.00124046
-0.10044
-0.0052007
0.181352
0.560123
-0.0942937
2.94429
1.88248
-0.176156
-0.0884531
-3.77553
2.18092
0.343682
0.264719
2.74699
-0.0166532
0.500323
0.792851
2.4708
0.180261
-3.56539
1.0989
-3.02633
-0.000104118
-0.787321
0.104597
-4.31338
2.39662
0.10699
-0.049151
0.0466053
-1.91452
0.343235
2.72222
-0.053913
-0.0952845
-0.20907
1.17375
-0.323793
0.287351
0.719921
0.763063
-0.154738
-0.247714
-7.28835
0.0759519
0.307256
0.346733
-0.129718
2.29095
-0.0917407
-0.140478
1.397
0.00183282
0.000852207
0.0515265
-0.169674
0.95621
-0.00886458
0.350305
-1.53392
-0.076492
0.226557
-6.99675
-0.16442
0.0601988
-0.0646003
-0.0557779
0.145452
-0.0332245
-0.0484109
0.00246033
-0.0214075
-0.164128
-0.446694
-3.08454
-0.0592404
-0.57989
0.322109
-0.0416538
0.256851
-0.585278
-4.4201
-0.0773823
1.38082
-0.531361
-0.140227
0.0635428
-0.430017
1.75203
-0.0737623
-1.16578
0.146783
2.99958
2.6283
-0.116364
0.0500089
-2.36795
0.00147312
1.29293
1.34758
1.00734
-0.0344196
-0.00328147
0.0381118
2.13582
0.122711
0.398933
0.297412
-5.2136
0.165657
0.00822185
1.31731
1.95546
-0.285755
-5.10313
-0.157845
1.24591
1.77303
-0.169099
0.136266
-0.62071
2.62562
-0.00342779
-0.153546
0.286436
0.0440296
-0.00449301
-0.00209672
1.33074
-0.0041493
-0.00165027
-0.235752
-2.33543
-0.12513
0.0044481
1.87631
0.938666
1.2094
0.0561734
-5.13462
2.8606
-0.106149
0.046972
0.905957
-0.531644
0.634987
1.29695
1.25097
0.00102186
-6.32335
-1.30239
1.32594
-0.691629
0.00520221
-0.160177
1.15072
0.568036
0.00777026
-0.107726
0.637849
-0.346471
0.00712124
0.0665689
-0.0405808
-0.567666
-0.184571
1.18972
2.23835
-2.91099
1.84165
0.3112
-1.25673
-0.00395441
-5.27452
0.632697
-3.81441
0.168564
0.101615
-0.0183733
-0.0777545
0.224473
2.94322
0.00386578
1.47849
1.12293
-0.174944
-0.0311516
0.0820912
-0.497722
-0.27734
-3.65071
-0.125083
0.218407
-0.0452831
-0.441147
1.67602
0.558171
0.282326
0.164701
-2.63105
0.0600047
-0.0483406
0.178578
0.542224
0.0862663
-1.51067
1.65859
1.23621
-0.819098
0.189332
-0.00399368
0.898989
1.33943
1.4561
-1.7291
-5.15081
-2.33909
0.0183224
1.32891
-1.53326
1.62909
0.00682354
0.232372
-5.60392
-2.42716
1.35062
-0.513974
1.37414
0.571155
0.116041
0.0600314
-0.672153
-4.32505
0.0770745
-0.770467
1.31087
0.26533
1.62926
1.67042
-0.119379
1.57062
0.0898316
-0.000402557
0.81306
1.59558
-0.927152
-0.274985
1.33106
0.717313
0.156806
1.51653
0.829029
1.42827
-0.154997
-0.259815
0.0499469
-3.32298
0.544476
0.501117
0.794807
-4.92497
1.51436
-0.0017727
-0.87347
0.345647
1.40812
0.323169
1.15816
-0.0182516
-3.45349
-0.650683
-0.106847
-2.59287
1.01433
1.0387
-4.53851
-0.672511
0.199069
-0.0339928
-0.310034
1.55694
2.00633
0.0676809
0.299933
0.322398
0.250048
0.577826
-0.0021453
1.08331
-3.87269
-0.0917652
-1.23102
-1.17576
0.0893801
1.5247
1.16617
0.173567
-0.0458722
-0.0331141
1.33177
1.32193
0.97704
-1.3969
1.651
1.12443
1.36913
0.396147
0.0641517
0.128628
0.692221
0.916061
-8.03783
1.38964
-0.352291
0.316202
1.32236
-0.62773
-7.69967
2.11751
2.03778
0.0985378
0.511934
0.720998
1.08307
0.0669672
0.0785921
-0.176123
-0.2284
-1.08452
-1.87181
-1.23752
-1.1452
-0.29964
1.33405
2.20846
0.0959678
1.34732
0.135082
3.17722
-1.17073
1.38939
0.0716737
-2.43793
-6.04795
3.17632
0.193113
-0.160351
3.12685
0.336713
-3.0228
0.931269
3.07078
0.346818
2.99706
1.00961
0.0791736
-5.37906
2.85179
-0.245784
-0.127299
-2.50649
0.54975
-0.0462626
1.21996
2.63562
-0.000807316
0.28719
1.41367
0.683233
1.0365
1.28833
-0.433786
-4.97024
-2.5926
2.56229
0.249887
-5.01346
0.19351
0.0949947
2.49654
0.213584
0.203643
-5.12411
2.42624
-2.78509
-5.18758
2.35769
1.49101
-5.20382
-1.63637
-5.34315
0.889739
1.64863
-5.30957
2.24669
1.33054
0.195513
-5.18539
1.46383
0.708684
0.237779
-1.20218
-3.90786
1.37561
1.32839
-4.6639
1.18027
0.511045
-1.04991
-3.28339
2.0532
-0.449939
1.29674
-2.92592
-4.98972
-4.90984
-4.78469
-4.64265
-4.48998
-4.33966
-0.863058
-4.16818
-3.7912
2.0925
1.99248
-0.21523
1.07702
0.218121
1.17371
-3.69922
1.94307
-0.00042964
-3.62317
1.40119
-3.60252
-3.55654
-0.0244137
1.81406
1.30429
1.04161
0.863164
1.36631
-1.64539
-3.50619
1.76405
-3.46118
0.0655723
-1.75594
-3.3755
1.36329
1.70458
-0.151651
1.44053
0.0051002
1.25495
-3.4274
-0.799835
0.197497
1.64569
-0.814007
-2.43744
1.58698
-3.02861
-0.966588
-1.06391
-3.366
1.53364
0.9386
0.312801
1.35483
0.400374
-0.0972525
-0.0746635
-3.37147
-3.89701
1.46764
0.315394
-0.0362389
1.43183
0.273768
-7.34071
-1.13637
-3.37808
1.41478
-5.10394
1.06865
-0.467093
0.0115558
-3.3851
1.35166
1.08854
-4.05228
1.28277
-3.39271
-0.189842
-0.609885
-2.42814
-3.54595
1.23017
-3.3877
1.14552
-3.39318
-4.95873
1.10964
-0.00529677
1.03149
-0.0533457
1.07704
-3.34055
-0.717566
2.40586
1.43127
-3.36056
-10.6782
1.01684
-4.04439
-5.05139
1.38308
-3.27255
1.32855
0.954999
-0.0603946
0.467832
-0.83719
1.34063
1.16364
0.107236
-2.41902
-3.17047
-2.43293
0.875317
0.221283
-1.39785
-0.506437
-3.26297
-1.86284
-2.50367
0.928212
0.809057
2.00088
0.843443
2.14489
1.28277
-2.88515
-0.526127
0.600304
-5.70165
0.962276
-0.0451536
0.0357036
1.02757
1.26535
-0.224205
-2.71659
-5.11484
0.664897
-3.621
-0.122561
1.2806
1.53229
0.548116
2.36738
-8.54371
0.683852
0.254228
-2.54872
0.416289
-1.53575
0.575034
1.61284
1.42486
1.12693
-2.39965
0.484255
0.38087
0.304852
0.19371
0.0988297
-0.0241504
-2.31465
0.409974
-0.132989
1.2698
-0.375831
-3.76345
2.28623
-2.29387
-0.413358
-4.2575
1.20144
-2.34957
1.63027
-2.2525
0.335997
-2.26084
-4.65081
-2.31574
1.33061
-0.624911
-1.54142
-2.37015
-3.43382
-8.32598
1.36853
-2.24025
-2.4407
1.37053
1.39001
-1.0871
-8.71312
1.49321
0.279046
-5.50564
0.390886
0.829544
1.66329
-1.93234
0.233825
-8.83723
1.60004
-4.94338
-1.42126
-4.98144
1.03425
1.2274
0.456933
-3.35335
0.888794
1.56091
0.289138
-3.55462
1.21509
0.298456
0.610354
-0.48096
1.2188
-2.85949
-0.00558105
0.00248149
0.89857
-1.73181
1.79349
0.620254
-1.72016
0.886557
-2.45636
1.67004
1.39961
1.41702
1.48959
0.20877
0.300634
-1.63861
-1.24409
-1.07161
-0.322906
0.291434
1.25962
-2.2494
-0.587313
2.6227
0.000518479
0.984332
1.01187
-5.1891
-0.0650176
0.0875247
0.0876406
0.894004
0.745336
1.30373
1.31466
1.09707
0.334243
1.56368
-2.44177
-0.00472514
-1.64165
-5.23272
-0.244642
-2.07577
1.15784
-4.97541
1.127
-0.788241
-3.88665
0.275315
-1.67873
-1.87145
-5.09359
0.237195
1.45897
-0.201389
-0.7955
-0.0252868
0.746485
0.186283
-6.63913
-0.014079
0.603381
0.401592
-4.04191
1.22546
0.525466
1.23209
-4.84887
0.20075
-0.0380261
-0.00691925
0.51225
-4.60687
0.561961
-0.0262442
-0.00694723
1.06325
1.85345
-0.0461181
-2.93557
1.33916
-1.63681
1.28344
-0.0764871
-0.0202016
0.460135
-3.27603
0.00447512
-0.734193
-5.56042
-3.37428
1.24636
-0.279708
1.12859
-0.800108
-0.00503564
2.06434
1.78391
-5.59267
0.762288
-6.18146
-1.42394
1.5234
-1.38673
0.621995
-1.98344
-0.199079
-1.69513
-1.58882
-0.247167
0.455879
-0.0039364
-1.37658
1.34347
-5.02042
-3.09764
0.122372
-0.880771
1.80557
0.130327
0.857906
2.15521
2.21731
-0.0070899
2.04416
1.23175
1.26083
0.419568
1.54166
1.43402
0.890115
-5.06662
0.0362515
1.25832
1.2509
0.00428757
-0.0074351
-5.85167
2.76441
1.32492
-0.954288
1.18185
1.10451
-0.516768
1.47489
0.581427
1.82504
-0.518572
-3.11302
0.149421
2.26753
-1.93327
1.54008
3.14266
1.19902
0.601411
0.30016
-0.0648893
-0.000184035
1.29118
2.51643
-2.39106
-1.13422
2.34513
0.216698
0.728653
2.70521
-1.30087
-5.28889
0.309722
-0.0216619
-2.50771
0.622936
0.0162489
-1.70308
0.141881
0.451605
-7.84096
0.679122
2.74622
1.78565
-0.235276
0.0431829
1.5225
-0.067062
0.717114
-5.1989
3.01978
-1.00691
-1.60627
-1.34134
2.03988
0.972987
1.29379
0.526286
-7.1836
-0.545579
-1.04808
-0.37516
-1.0536
0.682358
-0.101459
0.111011
-4.36631
0.70221
0.515477
1.33076
-0.080948
-1.27317
-0.525915
2.33522
1.30856
-4.16822
0.586022
-2.87876
1.59647
-4.51994
1.62817
2.5492
-3.59564
0.0796837
-4.18356
0.253425
1.32931
-5.03431
0.827759
-3.2694
1.38547
-3.64164
0.00571043
1.60348
-1.15063
-1.45195
-9.41256
1.00381
1.6038
-3.37038
2.89945
0.997299
0.314731
1.2929
-0.041724
0.83746
-2.99373
-4.83069
-2.32724
-8.07264
1.68111
0.733069
0.318517
-5.18031
2.35889
-0.215246
-0.859035
-0.0491045
0.0671024
-1.46583
1.17679
0.360028
-0.154568
-2.23842
-1.35687
-0.725592
1.15761
-0.797322
1.0706
0.0313645
0.236497
0.656245
1.07705
0.84568
0.571414
-3.54566
-0.0317584
0.274101
1.30377
1.33905
0.252685
-5.99728
-2.29509
-2.62819
0.909835
2.95355
1.47806
-4.49324
-0.0771497
-5.9279
1.32789
-1.57229
1.18834
1.81334
-1.26598
0.756673
-0.367618
1.33885
-1.35722
0.0540594
-5.76141
-3.35223
-7.4674
-8.55274
-0.448222
1.08388
0.289115
0.475548
0.756242
-4.3292
1.51592
-2.03869
1.32856
0.114553
-0.0256822
0.960754
-2.53961
0.552862
-3.95398
-5.17973
2.21736
-5.61189
0.218369
-5.68807
-1.56456
0.260033
1.58653
-0.956268
2.88529
2.41291
-3.48285
1.95495
0.454955
1.35617
2.75064
-1.15534
-0.028513
1.1754
0.561536
0.274197
-3.3694
-4.63709
-0.820919
-1.08589
-1.41623
-0.608878
1.13138
-4.67693
0.397837
0.531671
1.55712
-2.04955
1.47916
-1.88332
-1.88678
0.109923
1.07248
1.3246
0.0369312
1.28957
0.129864
3.18432
0.512085
-2.45491
3.15555
1.7282
2.08962
1.91267
3.10792
2.09515
0.839871
0.190275
3.03589
0.921151
0.127329
-4.98019
1.34634
-3.26633
1.07602
1.23848
-1.30363
1.97165
1.22736
-3.33328
-0.120524
-0.92317
1.77639
1.63902
-0.269708
-0.854268
-3.51654
-2.74721
1.29537
-2.50692
0.338282
-1.60858
2.94815
1.97554
0.357094
1.00837
-3.27255
-3.77837
1.31898
-0.765854
2.59891
0.840526
-3.08524
0.560898
-3.60357
1.29819
-0.635431
-1.14916
-1.43674
2.5661
-4.99853
-1.9222
-2.93326
0.00588955
2.53052
-0.55591
-4.68045
-2.90695
0.711183
-3.71737
2.01869
0.326193
0.297704
-5.19253
-0.0259041
0.317853
-5.07709
2.4613
-0.893643
0.764985
1.32103
0.0550424
-2.34431
-3.29089
0.972408
-5.16142
-0.0103176
2.39394
2.39314
1.55341
-1.75215
2.30211
1.87599
0.707398
0.98698
-5.20506
1.04274
1.23412
0.908226
0.912669
1.75583
1.41026
-1.19564
-1.92147
0.834994
-5.26936
1.34366
-2.54576
-0.984741
-3.66085
1.48756
-0.770692
0.327084
-0.597599
1.26266
-3.8291
-5.24812
-1.17559
1.52785
-2.47389
-3.60303
-0.156734
0.881985
0.180122
-3.04521
-0.0862621
-7.78677
0.187007
0.836504
-0.00338831
0.0378122
-0.649678
-3.4076
0.462744
1.14063
-3.10775
-0.058644
-0.329756
-3.69631
1.02318
0.517792
-1.34675
0.664636
0.0664479
0.302477
1.08181
1.21896
2.02549
1.23066
1.91235
-9.07291
-4.96057
0.21289
-4.85359
-4.72328
-4.5809
0.95589
-4.41436
-4.2698
0.416801
0.232266
-3.74991
0.315317
0.126315
-0.714052
1.96839
1.39181
2.95106
-3.66393
-8.48128
-2.41635
2.79938
-0.289371
0.404208
-4.67003
1.02887
-3.58736
-0.622784
-4.52292
-0.42482
-3.88291
-3.53222
1.15912
-1.03468
0.764461
-1.17417
0.313847
-1.14998
1.79248
0.497216
2.37492
0.221993
-3.48527
1.35519
-0.0922841
0.327277
-0.02491
-0.938606
-2.78858
-0.570048
1.73447
0.663674
-3.8525
1.73369
1.7483
-3.64146
-0.0714965
-3.44184
0.295967
0.630985
-0.775785
-0.432383
1.67548
0.359193
0.541149
0.622813
-3.35716
-2.61545
2.18972
-8.27822
1.40113
-0.156376
1.2824
0.0472648
1.25713
1.61614
-9.796
0.233412
0.873098
-1.7343
1.15926
1.51324
0.315904
1.56097
-2.49035
-3.82929
0.7319
1.72876
-0.0656307
1.42294
-0.74441
1.45607
0.702171
0.385502
0.409829
-3.36598
1.49968
1.60091
1.36813
-0.757327
-4.25087
-0.74139
-9.61742
-0.844398
2.34593
-3.92944
0.983323
-3.37659
1.4451
-2.431
-4.16954
-0.0479774
0.65239
1.32736
0.339562
-0.875255
2.81933
0.98203
-3.3831
1.38404
1.17518
1.24963
-0.0379702
-3.3911
-11.4226
0.185396
0.47517
0.918634
1.31826
-3.39129
-3.81309
1.26741
-1.02565
-2.04288
1.20719
0.862804
0.14032
0.347017
-3.86808
0.499088
1.25897
-3.40281
-0.046099
1.33757
1.26011
-2.71323
1.18813
-3.39202
1.1856
-0.122769
-4.38888
0.456378
1.7936
-0.885498
1.08645
-3.2372
1.111
-3.38222
-0.392506
0.430902
1.8659
-1.16317
1.20287
0.24217
-2.42891
0.626793
-3.34085
1.04766
1.53549
1.60202
-1.83004
2.04368
-1.05095
1.37335
-0.318124
-3.32881
-4.83393
0.987297
-1.54972
0.929731
1.1587
-3.22838
1.34218
0.913295
0.395782
1.32019
-0.620939
-2.13536
2.28971
-2.76495
-2.01893
-2.77156
0.841098
-2.82127
0.485541
0.954692
1.11654
0.031495
0.255448
-2.05194
0.821918
-4.64673
-0.912091
0.997042
2.36676
-3.34828
1.25565
2.67166
0.499964
0.444466
-2.80568
1.52685
-4.62785
0.340744
-0.6057
-0.67522
1.9714
-1.54582
-2.63408
0.621696
0.5626
0.369584
-0.129523
-1.31593
-0.816889
0.982597
-0.448848
1.34367
0.598142
-1.56479
-0.255896
-2.46625
-6.58505
1.34033
-5.79763
0.530265
1.09804
-1.31324
-0.735105
2.1568
0.183326
0.0065511
0.573942
0.433559
0.436799
0.345721
-9.00336
0.251203
0.148033
-1.49901
1.47093
-2.33677
0.30105
0.0370006
1.68037
-0.0804802
-0.468489
0.187443
1.70934
1.73987
-5.17492
1.08592
0.960207
-2.25314
0.859352
0.755327
0.241724
-2.23885
2.88152
2.03676
-5.84638
1.10821
0.419563
-0.0173325
-2.2876
0.356197
-0.697449
1.9381
-4.75151
-2.34411
1.91456
-5.17409
-0.871224
-0.162294
1.33171
0.274734
1.59338
-2.28307
0.14526
2.3237
2.51667
1.1639
0.0704511
-5.87999
3.17365
-1.04956
1.84986
1.29343
-0.23874
0.0979753
-0.622072
-0.16048
2.02311
-2.87356
-4.23749
0.803483
-1.69664
-4.41813
-3.62841
1.95759
-2.12168
-3.38657
-2.45319
-0.86095
0.387661
-0.198191
0.00196449
0.166768
-0.492019
-0.578278
-0.0610436
2.33345
1.29644
1.61926
1.46147
0.0443953
-1.56973
2.2713
-3.93733
0.540492
-0.256152
0.72118
-3.7082
0.284371
2.0865
-1.31115
-3.79486
0.40221
1.2911
0.974659
-3.38117
-3.44517
1.36492
1.28155
2.48771
1.0458
1.40835
1.35713
1.29482
-0.313639
1.57344
-3.06316
0.211542
-2.40492
-1.87557
-8.75448
-0.867283
-2.46197
0.987602
0.350031
-1.05773
-2.47427
-1.46121
0.319902
-4.74363
0.236296
-3.53023
1.36636
2.32686
-4.83308
-0.0229814
-1.21421
-4.75193
-4.44234
-9.61831
0.32567
1.32836
-1.3772
-4.63245
-3.72243
-9.10705
1.45589
-3.12114
-3.52127
-5.25453
-8.97949
0.0696471
-6.88066
-0.342786
-0.285455
2.45707
-0.677874
-1.73139
1.61329
-0.215198
-1.23968
-2.02863
-0.501697
-4.04053
-2.45286
-4.84207
-0.0480725
0.294608
0.911404
-2.19505
-1.30711
-1.7274
-3.19544
-0.242025
-2.64373
-0.926478
-3.26698
2.17225
-0.153235
1.803
3.07468
2.23744
2.64363
-5.02197
1.77757
0.267454
0.179782
-1.36258
-1.05839
0.100823
-1.62617
0.00118009
0.000621105
0.926589
-8.04675
1.04811
-1.60821
-4.14509
0.30461
-3.14332
1.58499
-0.376914
-2.39873
0.550683
-3.06011
-4.0217
-2.42902
1.06894
-3.03438
-2.29598
-6.58117
-5.81081
0.791977
-0.0918558
-2.23436
-7.53919
0.621157
-0.436963
-1.43128
0.348671
-2.972
-3.88708
-5.16058
-4.64248
-0.583516
-3.43675
-3.95923
-4.76244
-3.63513
0.468022
-0.0802517
0.777876
-0.358268
-0.499518
0.0231829
-10.2598
-6.88453
0.339412
2.90757
-0.487136
0.430925
-0.925024
-2.15666
-2.04195
0.810303
-6.36682
-2.60976
1.30808
-2.63771
-3.32393
1.37192
-2.86291
-1.58028
1.65301
1.21509
0.177027
-0.353038
-5.06324
-5.63411
-4.94198
1.13415
1.98183
-3.60048
-3.24365
0.151082
-4.66932
-1.43338
0.365088
-0.0243067
1.64324
1.90466
-3.43422
1.18951
-4.91383
-5.00285
-1.01287
-3.89046
0.668416
0.228248
2.66561
-2.3772
-2.54369
2.77252
-2.8622
-2.72112
-6.25998
-1.36477
0.473472
0.495179
-3.70803
-0.862882
-0.114749
2.2108
-0.0989651
2.08623
-0.639499
-2.58968
-0.879233
-2.31129
-4.95733
-0.744266
-1.50172
-2.86733
-0.519335
1.42714
0.133082
-2.09736
1.01499
2.9631
-2.45257
-3.378
-3.11576
-1.84293
2.88727
-2.97545
0.329279
0.133626
-2.67285
-1.06136
-2.32597
0.200857
0.00210884
-0.180574
0.410273
-0.28338
-2.6107
2.24181
-4.00957
-1.83927
2.30396
1.32225
1.68212
-1.87908
1.05204
-1.36786
-2.34745
0.742962
1.17101
1.92869
-0.563985
-0.15713
0.146809
0.330849
-2.70991
-2.63689
0.0356485
-8.16284
-2.45959
0.462673
-1.23198
-0.0656801
0.206966
-2.97159
2.35659
1.21814
1.46375
-0.451478
-1.90013
0.638371
-1.50151
-5.14305
1.12032
0.00317128
-1.56355
-0.0137221
1.88622
-2.96268
1.83881
-0.0881566
1.52462
-4.67284
1.84569
-0.296154
-0.216267
-2.74977
-4.09132
0.717943
-0.323579
-0.255978
0.132889
-2.44963
0.609248
-1.08422
2.24784
-7.19255
-0.515991
-1.61389
0.238055
1.58356
-0.964422
-3.31492
0.884388
2.11319
-5.93012
-5.34777
0.0236091
0.50303
-2.72335
-2.26357
1.4371
-6.47607
0.33277
0.736194
2.40211
1.05173
1.73616
1.95722
-2.26704
-0.0242835
-3.4433
2.29
2.86313
-4.85278
0.247028
-0.752011
-5.29205
-3.11736
-0.81586
2.30719
-1.1779
0.753847
0.107965
-0.557738
1.6736
0.697928
-0.492248
-2.69342
1.22439
1.88551
0.409434
0.250399
0.370586
1.52692
0.080812
-2.46467
-5.05337
-1.12838
-2.456
1.42007
-4.23623
-1.6874
-8.03063
-2.71048
1.32835
-8.5777
-3.12693
-0.182929
0.0445632
2.19359
-2.01063
-1.07512
0.294358
-1.27392
0.951785
2.91931
0.0378677
-1.98658
-3.52852
-2.05447
0.836168
-0.257719
-0.0124448
2.80702
-1.56102
2.00495
-3.61316
-0.770709
-0.40133
-3.08427
-4.62516
-0.541035
-1.80862
1.0367
-0.295822
-2.22922
-2.43357
0.10525
-1.43468
-10.1283
-2.89893
0.209089
1.1156
1.89165
-4.885
0.112222
0.809843
0.627881
-0.103375
-3.49282
1.84324
-3.75565
1.27209
1.61759
0.863187
-4.65795
0.713713
0.760897
-0.976529
-4.61786
-3.74762
0.597427
2.16262
1.95081
1.31817
1.7215
-3.32835
-3.3702
0.336534
0.127786
-3.28028
2.70135
0.866172
0.380553
1.19334
-0.315397
-2.5668
-3.891
1.42955
-0.728259
1.12547
-0.546966
1.69415
1.35534
-3.86315
2.09091
-3.20395
-1.13578
-3.50804
-0.062822
-3.25407
-2.87399
-1.43279
-5.19251
0.451095
-4.78314
-1.09345
-1.8975
0.308617
-3.74285
-0.0170273
0.355006
2.32736
-10.3221
-0.401226
-3.67779
0.304629
2.09606
-0.234675
-3.4145
-4.50997
-3.48402
0.0124556
-10.0831
-0.0233186
-1.24976
-0.304751
-0.104697
0.71096
3.08971
2.92276
-0.154392
0.350622
-2.43791
2.37938
1.54401
1.72271
1.8246
-2.32201
2.56148
0.0444078
-8.8103
0.620938
-3.56473
1.48328
-0.902889
-1.94815
0.0727445
0.786572
-5.02496
0.188652
1.60432
0.22211
1.56571
-0.807553
1.05926
0.665408
-0.436253
-4.64911
2.27021
-0.591357
0.751472
-3.22801
-9.92071
-0.0065683
0.173051
-3.30575
1.09482
1.63721
0.867267
-2.41227
1.59502
0.321002
-1.88006
0.392918
1.01234
-3.37891
0.689196
2.05203
-0.116283
-5.5529
-0.317314
-3.66277
-0.205467
-1.37876
-4.87928
0.327032
0.67587
2.27517
2.74099
-2.15536
-2.02562
0.174818
-0.961638
-1.62302
1.70922
-1.80666
-2.39684
0.297228
-3.41214
-1.78781
-4.29878
0.517332
-3.6418
-0.467169
1.83175
0.228261
-4.30127
-2.55386
2.1584
0.0832042
-1.40067
-0.988875
1.37412
-4.83204
0.709236
-11.4425
1.81887
0.91709
1.21645
-4.01756
-0.402576
2.34033
-0.169583
-0.321279
-1.43724
-3.98865
-4.87986
1.12777
0.529175
0.340009
-4.85138
-0.187657
0.707641
-10.8158
0.17133
0.144876
1.28779
2.52644
-0.382427
-0.0951599
-1.33332
-0.0264717
-1.06087
0.616631
0.905395
-4.27752
-4.05235
0.728698
1.57235
-3.57653
0.430801
0.712481
1.8879
1.77986
-3.904
-3.84288
0.512213
1.26696
-1.19467
-2.80769
0.0083689
-3.81775
0.598704
-4.69264
0.371912
-2.26329
0.102567
-4.77866
0.501214
-5.83825
-1.9416
-5.00545
2.02861
1.74071
1.34987
-2.17638
2.02791
1.28006
-0.293708
-0.197348
-1.04061
-0.226569
-5.06355
-5.21296
-2.20506
0.430898
-3.25156
0.00785849
0.0057735
-4.9728
2.51386
0.705125
1.67519
1.76806
-0.589695
-2.44752
-2.3919
2.69307
-0.348618
-0.109233
1.1621
0.00702219
1.55306
0.881178
0.456653
1.35277
-0.389634
1.87308
1.91434
0.303585
1.37401
-0.456754
0.828229
0.0953827
-3.5509
0.967227
2.3234
-0.377183
-0.408307
-3.79653
2.20735
-8.27141
-2.51695
-3.26717
-0.212643
0.00333411
2.76007
-1.10193
0.00386233
1.31957
-0.0613132
-0.440913
-3.55274
1.10672
1.13678
0.951856
-0.623294
1.97114
-0.0501774
2.57271
2.48907
-1.47047
0.978968
-1.0461
0.257448
-4.86604
1.39487
-4.77932
1.64755
-2.65823
1.21159
-0.642199
0.547402
1.87213
-8.41693
-0.0430654
-2.45302
-5.70999
-1.73984
-3.47022
-1.41017
-1.29804
-0.537969
1.79474
-10.927
2.15896
-0.262021
-4.43939
-1.17839
-4.92947
-1.60863
-5.24459
-5.15569
-0.931272
-8.54642
1.9644
-2.49869
1.8579
-0.533497
-2.86115
-4.77197
-1.16477
0.811846
0.22528
2.18298
-1.05172
-2.34842
0.0218299
-2.78515
1.30212
-4.5847
1.07677
-0.0127046
-2.44698
0.226629
-9.6441
0.331503
-0.323002
-0.983261
1.61664
2.17921
-0.698447
-0.513971
1.08927
1.1418
2.14339
2.84644
0.19157
-1.09978
1.32921
-0.19263
-1.98765
-0.727391
2.06038
-2.78028
0.977847
-4.54593
-0.586887
-0.11935
-4.85674
-0.0142791
0.295208
-0.797792
2.76873
-0.0593761
1.3319
1.24838
-2.85004
0.30058
-2.47405
1.28635
-2.4501
-1.43587
0.205881
-3.28983
0.860531
-0.967571
2.5973
-3.7271
1.73336
-4.9172
2.59502
1.49087
1.3348
-3.70748
-4.10449
-0.26356
-1.05265
-1.23433
1.50107
1.52875
1.24358
-1.0549
2.62394
0.842613
1.32671
-4.82002
-2.44292
-2.03951
-1.53695
1.18318
-10.3205
-4.84078
-5.17863
-0.150001
1.92479
1.00464
-2.44979
0.734328
-0.285859
-2.90857
0.296974
0.0324508
1.18778
-3.75224
0.00295202
-7.54161
-0.21791
-3.57818
-5.16295
-3.25091
-2.53944
-0.35575
1.05538
-0.210516
0.92586
-4.66648
1.34856
-0.992847
-2.22257
0.958878
-0.17067
-2.26622
2.36547
1.33142
0.728901
0.112737
1.56304
-3.62791
-3.48546
-1.66228
-0.0671679
-7.66886
0.0804135
1.28423
-0.238714
0.633554
2.11845
-3.43571
-1.81648
-0.0886092
-0.830001
-4.6644
1.48692
-2.45421
1.85529
1.09806
1.42736
-8.23759
-4.81771
-1.92266
-1.07829
1.75848
-11.1383
1.337
0.259398
-8.79671
0.399055
-1.50386
2.42151
0.0663162
0.122601
0.0182082
-0.0682313
-4.99814
1.67329
-2.98692
1.4328
1.45118
2.87458
1.46064
-1.79705
-3.37953
-4.62891
-0.0640084
1.85319
-1.1661
0.016808
-1.18783
-3.02601
1.8366
0.596803
-3.41058
-0.00878963
1.66155
2.56131
0.0727962
-0.0315283
1.73425
1.25601
1.18757
1.70363
-1.42647
-3.65268
1.34003
-3.75005
-0.985981
-0.192138
-3.60278
1.75247
1.17349
0.0816869
-2.58981
1.51064
-3.37989
-1.51952
-0.183241
0.842801
1.32817
1.76229
-1.08983
-0.0968847
-3.6109
2.74299
3.07218
1.37114
1.15226
0.00334865
-3.71613
2.75898
0.289987
-6.00123
-0.206509
0.00489528
-3.37269
-5.60158
-3.67618
0.582849
-0.445664
-4.62039
1.4875
1.26389
-3.83472
-4.94698
-2.51816
0.97409
0.13254
1.76718
-1.26318
-0.0364205
0.147276
0.010641
-2.41176
-0.562252
1.50299
1.0314
0.0013268
1.81079
1.54665
0.762019
-0.0184041
-0.317227
-4.10469
0.836494
-0.147578
-11.5583
0.0341216
-5.9622
1.56274
-4.04735
-0.222735
1.12596
1.10807
-5.88357
1.47324
3.1515
-2.30281
0.977156
-0.314193
-3.36553
2.40918
-0.180887
0.0465874
-2.28837
-0.0445424
-3.38163
0.291069
-0.333416
1.13306
-0.324726
-1.45295
-0.369264
-3.39013
1.86211
0.858956
-2.46091
1.46187
0.64498
2.32578
3.07732
-0.0084463
0.478659
-10.7485
0.0297492
-0.146013
0.371794
2.146
1.73458
-1.36859
-0.050944
0.724441
-5.22525
-1.11195
0.273109
-1.74111
-1.71429
3.06571
-4.87104
-0.885954
1.75703
0.35771
1.21581
-5.04013
-1.92601
-1.20481
1.38593
-0.428745
0.0061046
-0.513676
-2.45666
-4.8688
-4.4864
1.09471
0.00395438
0.909877
-0.846969
0.654395
-4.14788
0.962836
-3.88703
1.06737
1.34966
2.04628
-3.38586
-2.43889
1.08854
-0.102527
-3.47928
-0.284805
-0.357153
-1.11783
2.27675
-3.51274
-4.74993
-0.0253713
-3.66734
-0.952448
-4.42086
-0.0427019
1.51805
0.0851777
-5.03351
0.338221
-0.101237
1.33603
-0.756676
-0.0323787
-0.116339
2.55956
-4.0206
0.344029
-0.381103
-3.91517
0.299173
-5.21722
0.870934
1.47094
-0.646464
-3.26987
-11.2952
-3.17591
-1.09759
0.0334103
-1.15932
-1.93848
0.812646
0.543968
-7.22958
-0.721579
2.08368
2.80232
-0.0978539
1.55806
2.80999
0.327173
-4.67319
-4.98666
-3.49174
-10.921
-0.771281
-1.61149
-10.1615
0.978766
-4.78445
-0.246943
-1.0026
1.1116
-0.49548
1.21093
-4.82495
-1.33035
-0.81972
2.39241
1.07685
-2.41984
0.0781201
-5.26891
-5.0687
1.63457
0.430111
-2.30091
0.678184
-2.54508
-3.58196
1.09629
-4.96839
-4.48398
-1.10272
0.392057
1.3704
2.81656
0.887528
1.12099
-3.22453
0.733351
-3.6638
-4.10147
-0.0168732
-2.25349
-0.886357
1.31799
0.872638
-0.415281
1.8173
-3.73462
1.17647
0.779039
0.777923
0.236893
1.34546
1.34089
-5.01416
1.36681
-10.0681
-1.9812
-0.311533
2.36634
-3.56337
0.337642
-0.303804
-0.884403
2.25024
-0.386543
2.74014
-3.83685
-1.2514
1.15645
-0.306146
0.243841
-0.403983
-0.229947
-1.22368
0.753475
1.07495
2.37502
0.790089
1.0883
)
;

boundaryField
{
    SideWalls
    {
        type            empty;
    }
    Top
    {
        type            zeroGradient;
    }
    Inlet
    {
        type            zeroGradient;
    }
    Bottom
    {
        type            zeroGradient;
    }
    Outlet
    {
        type            fixedValue;
        value           uniform 0;
    }
    Plate
    {
        type            zeroGradient;
    }
}


// ************************************************************************* //
