/*--------------------------------*- C++ -*----------------------------------*\
| =========                 |                                                 |
| \\      /  F ield         | OpenFOAM: The Open Source CFD Toolbox           |
|  \\    /   O peration     | Version:  2306                                  |
|   \\  /    A nd           | Website:  www.openfoam.com                      |
|    \\/     M anipulation  |                                                 |
\*---------------------------------------------------------------------------*/
FoamFile
{
    version     2.0;
    format      ascii;
    arch        "LSB;label=32;scalar=64";
    class       volScalarField;
    location    "7";
    object      p;
}
// * * * * * * * * * * * * * * * * * * * * * * * * * * * * * * * * * * * * * //

dimensions      [0 2 -2 0 0 0 0];

internalField   nonuniform List<scalar> 
5098
(
-0.49701
0.574126
0.18261
2.01055
-1.59218
2.25793
0.106095
-1.3071
0.208775
0.31764
-4.10776
0.79691
0.380119
2.56532
-0.724276
-0.0103173
-2.56478
-7.11425
-3.78758
-2.74653
1.55082
-0.00963871
0.901295
3.14834
-6.49379
2.18425
1.44964
1.43483
-3.80657
0.597467
0.65507
2.75363
1.65411
-1.15342
-0.330686
-2.60296
1.61945
1.61342
2.46336
1.08848
1.97009
-10.7747
2.15393
0.235184
-0.10545
0.690624
-3.37543
2.79427
0.665188
2.05222
0.267725
1.96823
-4.76639
1.50376
2.26308
2.22149
1.67086
1.88244
2.76033
-0.296107
-0.0751917
-4.1787
-0.345438
0.416276
-4.74951
2.59387
0.0491027
0.198666
1.26261
1.78439
1.63137
0.0278699
1.25075
0.000964901
-0.201702
2.05332
-0.178549
2.27799
0.314735
2.15365
-0.330855
-5.60189
2.00962
-1.46375
-7.59233
0.530469
3.37282
-0.179634
-1.46542
-0.0986051
0.893088
-4.62737
0.823103
2.01239
2.47465
0.0899159
1.76003
2.34114
-0.190543
1.28319
-5.20368
2.19312
-0.187442
-0.212412
2.28367
-0.266216
1.53167
0.143345
2.83782
-4.28446
1.89675
-3.58733
1.60565
-4.61821
1.48764
-3.75051
-6.4815
-1.21616
-0.265227
3.12304
1.93043
0.333331
0.305632
-8.04383
-4.71993
-2.84125
1.41616
0.946826
2.5393
-4.63119
-8.33345
2.68391
2.65047
-0.989734
-2.77675
-2.75732
-1.377
1.50018
2.49172
1.49943
1.97905
-0.450175
1.34384
0.214353
0.686206
-0.249955
1.32036
-1.28598
-1.21276
1.10233
-9.92654
-4.79997
-1.52709
1.6662
3.40728
3.05861
1.88672
-4.18327
1.97543
-3.81568
1.47411
-0.807028
-4.69395
1.85207
-7.08347
0.522334
-1.83886
0.535503
-6.66214
1.88224
0.0882711
2.05752
0.476504
1.44658
0.572722
0.818848
1.96514
-2.56091
1.9522
3.39821
-2.6396
-6.16558
1.77288
-6.92426
1.81816
-0.823683
2.26232
1.58774
2.02532
-4.57443
-3.68527
0.319584
1.19701
-0.214973
0.556528
-4.6343
-4.09317
-2.89216
0.0123696
1.84443
-7.15183
1.95852
-0.0961889
0.580016
1.46482
3.05554
-0.840585
2.52296
1.01088
1.18828
1.66669
1.91986
0.305086
0.63365
-1.05948
-3.73228
-0.227408
-5.25283
-4.66522
0.868414
0.823256
2.18472
0.0329291
0.808016
-4.6315
1.55023
3.33263
1.53772
1.35815
0.159285
1.63629
3.19721
-4.74049
0.00835847
0.365336
0.416994
1.21627
-5.46807
-2.27803
1.85234
-5.8145
0.417959
0.0440131
2.88693
1.50933
0.887577
2.51641
-4.82398
-2.69219
0.819326
0.487099
1.37989
-3.92227
-6.32666
1.72244
-5.34614
-2.47936
0.314559
2.75236
-0.0833534
-0.833318
-4.69929
-6.30046
1.26819
0.0432892
-5.17505
-3.81446
-4.51256
0.158652
1.87368
-4.57466
-0.00705988
-3.81021
0.170761
2.71905
-0.112734
-11.1514
-9.01422
0.648368
1.66708
-8.10666
-1.12409
-4.63266
-1.23135
-0.369481
-0.669658
1.72397
-0.226676
0.525719
0.849159
-8.17891
-4.55535
2.88378
-0.0409978
1.34696
0.293888
-0.366486
0.605259
1.40134
1.67671
-0.290603
-0.864097
2.13575
1.4482
-5.02279
1.59591
-1.48656
0.818754
1.74446
-3.45294
0.931451
-4.00022
2.2135
-0.256673
0.333136
3.39022
-1.23764
0.0418826
1.08261
2.98722
0.294904
-4.50121
-2.07827
-4.43491
-0.181499
2.49927
0.559953
1.48341
2.80859
-0.190537
1.75975
1.04639
2.49464
0.548165
1.74144
0.237177
0.622788
2.07965
1.27057
1.74776
1.3029
1.81779
0.360882
1.62239
-3.69941
-0.176144
1.38062
-3.88995
-1.20579
0.777231
0.348358
2.96783
2.96006
-7.46384
-0.27892
-7.6333
-2.74203
0.587593
2.5031
0.0128959
1.55391
1.39577
1.02747
-0.225076
0.202879
2.74976
1.63183
1.05704
0.630232
-5.55098
2.65271
0.230729
-2.68465
-0.131349
0.0362037
-4.24888
1.79758
0.29855
0.601669
-0.211997
1.49676
-2.63846
1.726
-0.874818
0.196007
-2.03457
-0.236313
-5.90459
1.94321
-0.275367
1.44088
0.424795
1.60119
1.90582
1.18499
-2.74771
2.0889
-2.75235
0.544352
-1.03754
-4.85477
2.9277
2.19521
1.55393
-3.7171
0.519987
1.51613
-5.4326
0.293369
-1.35935
1.56437
-0.394776
-4.70592
0.0814219
-1.44139
-0.0369618
1.45225
2.93508
-1.77495
0.724321
1.47355
2.21985
0.0722941
0.892208
-7.88274
-4.6449
0.055579
-0.939503
0.143077
1.46219
0.0318466
-3.81253
0.0183187
1.60684
-1.76785
-4.417
0.0542704
0.945822
1.28965
-2.57734
1.93918
1.74366
1.17759
-2.19254
1.4106
-1.44717
-2.77506
-0.699781
-3.73628
1.44813
-3.18084
0.982427
1.58894
-2.03835
-3.09274
0.19287
-10.6976
0.666562
1.51293
-2.6517
2.12212
-0.0949958
2.92403
-2.29918
1.95329
-6.1148
-4.61873
-9.45442
-4.73383
1.92827
-3.78471
0.581597
-0.851176
-2.25567
1.44468
-2.2059
-3.847
2.21723
-2.84452
0.928096
0.816361
-0.611117
-3.16046
1.20041
0.178681
1.68812
0.380206
-0.955357
0.296928
1.5405
-2.73406
-1.15804
-0.353939
-2.88767
-4.56775
-0.0020273
2.34391
-3.6226
2.25305
1.65517
-6.57507
0.91629
-3.84978
-7.55317
-3.81701
-3.85649
1.19095
0.946853
-2.81337
-0.341741
-4.75097
1.56619
1.77279
0.490315
0.779287
1.44036
2.98669
-5.05288
-0.920631
2.45577
-5.58161
-1.33025
2.92308
-0.256014
-3.0686
0.00938303
-5.25737
-4.37887
1.43666
0.649374
0.435581
3.31088
-8.50737
0.0271109
-3.67867
-0.182379
0.292239
-1.46202
-4.65211
-2.46843
1.44453
-0.185177
-4.93679
1.83784
-2.23956
-4.30078
-0.260491
-3.28598
3.32955
-2.9421
-1.71969
1.7358
-0.0961528
-4.01477
-1.20867
-3.15813
-8.90744
2.23593
-3.35008
-1.43931
-3.45201
-1.04538
1.76682
-4.54687
-0.491201
-5.00725
-4.07975
-0.323615
-6.45127
-4.03221
0.748981
0.465621
-4.31624
1.5125
1.93434
3.30363
-0.571572
1.79819
2.57594
-5.59813
0.223757
-10.8585
0.785445
-0.364844
0.379417
-0.386749
-0.298993
1.17061
0.779268
-5.01899
-4.79522
2.91871
-1.40567
-7.69839
-0.199952
1.76816
0.946961
1.04291
-2.54987
-2.29803
-0.136615
2.11003
0.616587
0.19699
2.68583
-0.744496
2.54507
-6.92133
-5.17862
-0.708036
-1.10527
-4.83034
-4.65375
2.6092
-2.4971
-2.26146
2.64472
-1.21828
0.0418898
-0.0831078
2.88602
-3.78182
2.34148
0.331234
-0.0997098
0.369354
-4.65534
1.12563
-0.605988
-0.112212
-9.13269
1.36794
2.08464
-6.43921
-0.248107
1.90609
2.83274
-5.02946
1.80181
3.30034
-2.29531
0.973889
-1.11212
1.67255
2.41925
2.11234
-3.60631
1.47834
0.50579
-5.92913
1.36687
-0.281399
1.85318
-3.44529
1.55503
0.910144
-0.309735
-0.0215368
0.479355
1.53385
1.97485
0.213763
-6.52593
2.78057
1.78114
2.2054
0.291769
-0.871157
-0.0960752
-0.246748
2.70399
2.95277
-3.20967
1.79303
-5.5446
-5.2201
-0.0657929
1.54588
-3.84616
-3.81481
-6.07196
-6.73866
-0.419405
0.715707
-2.14828
1.62902
2.06975
-3.8052
2.11243
-0.00343389
1.6736
-4.73699
-7.31593
-0.122372
2.84095
-0.576864
-1.66936
-1.28134
-3.77088
1.4219
-1.80752
0.782875
2.61807
-6.84415
-8.25876
-3.37125
-8.94515
-3.86397
2.02356
-0.71307
2.89011
2.77826
2.58749
-7.30019
-4.7257
-3.69244
-3.88164
0.23325
-4.7159
-4.51946
-4.64371
-7.67827
2.17909
-4.63929
1.84464
-6.84671
2.55351
1.50214
-4.94612
0.305178
-3.90793
3.22576
-0.405038
1.39463
-1.93701
-8.66022
-6.33093
-8.16969
-4.13059
2.12528
-0.977823
-0.99994
-4.6232
-4.60957
0.907342
-5.01038
-0.430127
-0.0200703
0.416813
0.454366
-9.40907
2.01218
2.58717
-4.88126
1.05247
-7.16488
1.90732
-3.81433
0.228626
1.01745
-6.15144
-0.0860423
-4.63349
-0.816727
-8.02381
-2.92075
1.79929
1.19377
-3.55896
-0.267112
0.967591
1.42922
0.0419344
0.496457
-8.98698
3.27858
1.06304
1.96033
-0.210793
0.856761
-4.89886
-10.2108
-0.239654
-5.29892
-2.52427
2.68211
2.35002
-3.48759
0.889953
-4.63886
2.37884
0.643264
-4.63244
-4.68766
-4.60161
-3.85376
-0.0725911
0.204623
1.73731
-1.15144
-0.128415
-4.63702
1.27826
-3.05332
-4.80777
2.13119
0.816194
2.73562
-0.825659
1.85505
2.09308
1.93603
-1.20379
1.75071
-0.532424
0.406251
0.513939
0.222477
0.929929
-4.67692
-4.88921
-6.00189
-11.2308
0.869116
1.50696
0.599491
-4.67956
0.373043
3.37206
-4.52408
1.85873
0.0205416
2.61717
-4.22333
1.64046
-2.26688
-9.22277
2.80708
-1.65488
-3.82317
0.812946
2.90594
1.80659
-0.512571
-1.17375
-1.76937
-4.34814
-2.90165
-4.80079
1.89417
-4.91732
-2.56276
-4.63244
1.1787
0.023932
-3.93727
-1.29606
-4.81711
1.16833
0.142764
1.65577
-3.76477
-4.2115
2.63518
-5.19014
-3.26797
-4.55632
0.324071
-4.64108
-4.77674
-6.61957
-0.396077
-0.0362596
1.47372
-4.90471
-6.87665
-3.9388
0.107987
-0.0125618
0.364183
0.0660435
-4.63961
1.5499
-0.472407
2.58956
2.10811
0.612891
2.10695
0.714758
1.51583
3.09573
2.0829
-8.53302
-7.62628
-0.0503218
-7.36969
-0.719602
-6.64148
1.84156
-4.14181
2.38975
2.49227
1.59303
1.56778
-7.93072
0.799891
-2.44688
-0.25407
2.66975
1.89707
-0.223783
-0.0201728
-4.62124
-8.65119
-0.428126
-3.99746
-2.25931
-0.388284
0.0414951
-5.31383
0.528304
2.7564
1.68547
2.05142
1.87743
1.9798
-0.0395664
-0.547616
-0.812613
-4.76736
0.619095
0.368263
1.31984
1.21587
2.85392
-3.50005
-0.99597
0.145402
1.69413
-2.64858
-0.0602662
-4.51834
3.18916
1.67701
-4.72197
1.54635
-0.587564
-11.1217
1.48057
1.87816
0.91341
0.611605
0.670176
-2.11323
-0.134818
0.287013
2.68183
-1.04706
2.38923
-5.6309
-3.45668
-6.40935
1.39807
2.0618
-2.35019
-0.0696519
3.17032
0.560338
1.34738
1.37952
2.95031
0.312909
1.79497
-0.0931203
1.87933
-0.181949
-0.425743
2.39735
3.27895
0.471607
-5.14766
0.00827185
-1.23845
-5.15763
1.8276
0.962069
-2.5873
1.51182
2.04083
1.48472
1.61045
0.0706539
1.8165
2.41439
-1.8641
3.02269
2.00045
0.823129
0.00856007
-0.925098
0.0458636
1.69338
0.435791
1.80024
1.99866
1.5701
-7.66488
-9.71392
2.05764
1.15961
2.34335
-0.35735
1.54081
1.85943
1.15418
2.11314
2.16221
-0.202593
-0.104483
1.60266
2.10687
-2.03279
-0.911929
-1.70586
2.11409
0.404051
1.84729
2.94592
-6.79559
2.85606
3.13344
-0.13053
-1.38276
-0.0903889
3.34582
-3.53485
2.01334
2.97027
0.781348
-4.64614
1.01466
1.23687
3.11528
1.21239
1.21171
3.23149
2.39486
-0.0669508
3.20876
2.61086
0.00486201
-4.21318
-4.48826
0.0137418
0.444008
1.94582
2.57814
-3.7072
-0.284731
1.12845
0.556609
2.33064
-3.78159
2.79965
-2.54246
-7.75152
1.35287
-2.20717
2.10793
-0.577987
1.30591
-5.72316
2.58429
1.69955
1.72267
1.77779
-11.7636
-0.143612
-0.247332
0.941302
1.02847
2.74297
1.86833
-0.00986153
1.09042
0.492942
-5.956
2.55587
-0.000379873
2.11597
-0.0348779
-0.0118797
-7.23437
0.353506
0.855912
2.90434
-0.0400753
1.15114
-6.3978
-3.9932
2.46693
2.45978
-6.72539
2.40829
0.738175
-6.8128
0.307891
0.991532
3.30368
-0.300697
-2.53653
2.17047
-0.446521
1.90592
-4.60139
-8.42501
-0.0692628
-4.60027
-4.78658
0.469401
1.79771
-0.28346
-4.82156
0.0106551
-0.0704777
-2.1333
0.95864
2.77827
1.40355
1.24833
-2.01832
-2.38416
0.158252
1.26467
-1.30501
0.00942692
0.0475868
2.32006e-05
0.290602
1.3318
0.668786
0.856145
1.32814
1.05996
-1.49721
-4.27535
0.275876
-1.73619
3.17232
1.17232
0.759322
-1.73437
-1.16376
-0.685736
-0.249003
-6.13028
-3.20126
-0.692531
-1.2612
1.80025
0.359703
-0.033164
1.93129
-4.72795
-0.489587
2.72379
-2.74688
-2.16519
0.572685
1.66649
-7.14525
0.403955
-7.54854
-0.14836
-2.55195
-1.48229
2.00941
-7.04634
0.958714
-0.0079555
-7.71131
-8.19565
-0.609686
1.51678
0.24216
-4.76104
2.71589
-4.90372
1.7737
-0.590434
-2.95097
-1.86661
-1.0752
-4.49622
1.62405
1.66026
1.7246
-0.119696
-6.63314
2.43265
-8.97114
-2.44594
0.00925752
-6.83509
-0.120796
-0.0264775
2.44789
-4.5858
-3.87449
-5.10703
1.26138
1.15671
-9.58065
1.09569
-0.0873236
-0.72843
0.549642
0.962218
0.643436
-0.107828
-9.96855
2.59057
-0.219489
-0.00636986
0.940563
0.01321
1.27165
-9.40394
-0.756913
-2.49093
1.31168
-0.19549
-0.217095
0.745544
0.00835951
0.208923
-0.264861
1.74344
-0.270786
-1.51556
1.50294
1.56269
-0.178851
0.916802
0.920782
1.70769
2.07391
1.80564
0.288276
2.83029
1.32796
-2.14842
1.12023
-8.40899
0.0664098
0.0148432
0.765634
-0.433521
2.84034
0.490249
0.435977
-0.400145
0.684938
-1.47527
0.54687
-4.51249
1.30824
-1.01383
1.53922
0.999106
1.70181
-7.65875
2.15229
-5.46493
1.6057
1.77877
0.629518
-2.19217
-2.33919
-3.39678
1.91379
-9.70811
-3.83843
1.91045
1.02037
-0.169182
1.96157
1.41422
-1.15215
2.61556
-1.60736
0.165593
-2.07247
-1.61735
-0.180588
-0.566086
-1.75366
2.87169
0.0028583
0.632196
-0.772714
-5.85085
1.82197
2.1445
0.0125797
-0.0135938
1.60875
-4.41506
1.46613
1.68983
-0.64846
-0.73172
1.07804
-0.136364
2.91065
-4.77195
1.36639
-0.199976
-1.16586
2.83391
1.78134
0.38346
2.3097
-5.46271
2.09855
2.06377
0.0819233
1.60835
1.47813
1.33029
1.64514
-1.01383
1.77991
-0.0468029
0.768721
0.00797824
-3.83081
1.84351
-4.68688
-4.61864
-0.0226455
-0.298264
1.17641
-4.49341
1.51653
0.431578
0.890066
1.5652
1.25909
0.310654
0.15277
-7.94598
1.6692
0.841042
-5.20383
-1.80124
-1.5262
1.69246
-5.48625
-6.13655
1.51394
-5.83869
2.03119
1.09958
-5.0363
-4.66499
1.8922
2.14154
-1.2728
1.46552
-4.65176
-1.35122
-4.51944
0.449692
-1.16851
-4.60051
3.09678
0.693088
-4.45783
0.0266486
-0.975436
1.64289
0.879777
-2.20646
-4.57897
-5.67953
-6.4076
-4.58536
1.15752
2.57026
-0.389717
-10.3614
0.0203699
-4.62976
1.98078
3.13201
-5.15304
1.07658
1.66935
-4.59653
0.514639
2.81863
-3.19647
-2.31787
1.37031
1.48304
1.30056
-1.18667
0.865494
0.00976474
0.955632
-2.03962
0.00486668
1.67531
-0.700502
0.358581
0.932802
1.57006
1.03515
-0.00949131
0.818343
1.6821
1.28479
1.43345
2.92679
-1.72257
2.74327
-0.162257
2.67964
3.27302
-3.19199
0.133491
0.481454
1.58536
-3.66293
0.825423
0.973973
-0.0656923
1.73488
2.37764
1.79999
1.856
0.620609
1.05828
-8.9815
3.20005
-5.10266
0.182805
-5.38671
-1.01982
-6.49875
1.691
1.85199
1.0123
1.94011
-2.18973
0.000235924
2.02469
1.502
-0.123481
-1.22362
0.0854124
-0.0920891
0.476237
1.74762
3.07018
1.60002
2.18258
2.09814
1.75956
2.93686
1.14184
1.63376
0.265901
-5.69222
0.723064
1.2083
1.19145
3.23509
0.377991
0.804654
0.00200609
-0.0342875
3.0982
1.03979
-0.44961
-6.97438
1.3033
-1.6359
-0.219834
2.27246
1.73913
1.43339
1.82377
0.0252138
2.4219
-4.16764
1.40984
0.388542
0.249318
0.17324
2.55276
0.275656
0.0298537
1.69681
1.51603
-3.59086
1.53
2.63058
-0.491247
-6.4196
-4.91629
-3.92213
-0.860154
-5.89111
-0.528456
1.53214
0.577113
0.00461516
1.68634
-0.11995
-0.802786
-0.968553
-3.4581
-3.76803
0.235571
-4.90931
-4.7376
1.58239
1.57595
2.19651
-3.11201
0.747552
-0.229532
1.56127
2.5784
-5.90128
0.0188892
-0.104359
2.65991
1.21042
-3.07508
-1.08806
-3.89967
-0.0218521
-0.0480988
2.82418
-0.109032
0.000637679
0.796833
0.557739
0.0095307
0.984999
0.269551
0.758756
-4.8256
-6.22747
0.324455
-4.85062
-0.151203
0.670079
-3.46408
1.82543
1.13919
3.01317
0.61243
2.74026
-0.613203
1.9092
-0.856372
-0.19612
-4.58867
2.48568
-0.116739
0.377164
0.315813
-2.99253
-5.08029
0.0124385
0.0290922
-0.2026
-0.372289
-0.237523
0.148363
1.12293
2.00981
-4.35379
-0.0711922
0.164997
-0.344518
-0.00345537
1.78761
0.340275
0.927259
-0.240819
-0.0895465
2.30236
-3.40795
0.714988
0.00181573
0.0297047
-0.918643
2.25872
-2.64044
-0.166945
-0.154728
-5.11323
-1.20712
-0.185807
2.6827
2.00162
0.00624319
-3.59562
-11.0349
1.67805
-0.367749
-0.426956
0.0021194
0.638519
-0.0430352
-0.107846
-1.3566
0.00532746
0.747699
-0.847364
1.6659
0.277172
-1.77663
0.324336
0.699216
0.0556269
0.048807
1.69861
0.276657
-0.594708
-0.768413
-0.239883
-4.17636
-0.171663
1.72095
-3.49832
-0.917972
-0.0512256
0.0076637
-1.58183
0.0750897
-0.18087
-0.0299281
2.40653
1.19765
-3.83915
-0.173189
-6.3374
-3.8911
0.00246155
-0.214032
1.76783
0.85152
1.37352
1.57917
0.0741111
-3.43907
-4.27061
-3.79826
-1.62337
1.86311
-0.161895
0.615587
-4.67472
1.95625
0.0278765
1.77209
-0.206658
-0.098067
2.20368
0.0256002
0.000637735
-3.73685
2.34536
0.352322
1.5094
1.6859
-7.10933
-0.0196937
1.59394
-4.26191
2.29063
-1.06259
2.22863
-3.03036
-0.178373
-0.0902859
1.73067
2.16505
-3.16972
1.45202
0.750628
-0.22615
2.48738
0.67151
-7.22517
1.61404
-0.14011
-0.491024
-1.43374
-7.99125
-0.146224
-5.33049
0.00193207
1.50403
1.23669
-0.198592
0.035061
0.807938
-0.512366
1.5857
-2.3296
0.0192444
-1.1274
-0.676105
-0.0790048
-0.507195
1.33481
0.194108
-0.12072
-4.08472
1.74939
-0.182879
-3.19766
-0.210535
0.487327
2.65646
0.0376733
0.00192869
1.16732
0.234198
-0.30461
-0.0319078
-2.59214
0.247867
0.0336408
0.194131
1.75
0.00461716
-0.167155
-3.84889
-0.0973921
0.0199454
-0.448464
1.68569
-0.493967
0.01497
0.378635
-3.59535
-0.39403
-0.0838815
1.00341
-5.221
0.14494
-0.0277279
-0.146477
-0.156627
0.0167274
0.0143706
-9.41224
-0.975048
-1.81444
0.55492
0.919141
-0.276915
0.789769
0.86729
-0.108592
0.0164595
0.867786
0.132912
0.0174017
-1.23103
-0.141258
0.398599
-0.817291
-6.47266
0.0168248
0.470358
0.0731927
1.0904
0.993432
-0.0991211
0.38725
1.69208
0.0177661
-5.69974
-0.0796372
-2.7611
2.16914
1.60225
0.0372833
-0.0290372
-0.163039
-0.0175022
0.0205416
-0.154963
-4.56809
-0.141322
1.57005
0.213289
-0.0810054
1.63021
-0.0436215
2.54021
-0.170362
0.163429
0.123108
-0.179031
2.31063
-0.0612658
0.0293653
-7.43656
0.0350341
1.20846
0.678193
-0.116517
1.67867
-0.165228
1.23993
2.1437
0.876308
0.987389
-0.0910648
0.965123
0.00936457
0.360286
-2.95784
-8.04504
0.0182484
2.05984
0.634839
1.48896
0.867251
-0.0021708
0.0337494
0.0150225
-0.149075
1.12733
-6.80325
0.0271845
0.00874392
0.0193775
-0.133712
-0.426183
-7.05526
2.71178
-8.96472
-4.66018
2.56114
-0.00205796
0.0224454
-0.036935
0.0151413
1.44884
0.0293985
-0.0452008
-3.82032
-8.29951
0.129315
1.6929
0.0319016
0.0303386
-0.657874
0.0117722
-0.283773
-0.0870023
-0.0731174
0.0324204
1.68121
-9.89587
-1.77787
0.76617
-0.216667
-3.79565
-0.0993503
-9.58203
-0.0199639
1.72724
-3.85505
2.07711
-0.254202
0.0299592
-4.63548
-0.168748
-0.25756
-0.120508
-7.01711
-1.59294
2.58245
-4.71407
-2.80735
0.00734061
-2.45284
-0.0141518
0.00532873
-4.39607
0.0094165
-0.0863478
-0.309725
-0.0803785
0.0413332
2.05125
0.445827
0.00515148
-0.0546474
-0.0449826
-9.22052
-0.110736
-2.86036
-0.141972
-0.297617
1.94425
-0.0209408
1.68446
-0.00153373
-0.0588821
-0.0218084
0.00498453
0.0179387
-3.80574
-10.5
-0.1565
0.9245
1.38851
0.711764
-0.0267054
-0.0466733
-0.0119858
1.92945
-0.0986187
0.26638
0.958616
0.00999956
-0.056084
0.0171347
-0.0609017
0.00179347
0.00748315
1.70998
0.00259208
1.23065
-0.0261212
1.69473
0.0372726
1.03655
0.00871871
-0.0241818
-4.7347
-0.0503073
-0.0888303
-0.383173
-0.160951
1.32403
-0.0332875
0.446088
-0.17384
-0.152118
0.328125
0.0417902
-0.101709
-8.14776
-4.6138
-0.0462048
2.10703
1.5688
0.0119589
-0.10171
-1.52658
0.028805
0.411471
-0.014751
-0.00157843
2.29136
0.104639
0.0322914
0.00781714
-4.22563
1.6828
-0.763343
0.0544209
0.00819308
-4.82618
0.0912974
0.0339731
-7.32838
0.770458
1.10854
0.0112124
-0.155068
0.0126551
1.63147
0.00300796
0.0172681
-0.0143054
0.0404331
-0.398863
0.036803
0.0408698
0.00455728
-0.102431
0.0263123
-0.0142352
0.00655802
0.0285675
-0.379593
-0.0495614
-0.0365514
0.0541115
3.02495
-0.0674275
0.056239
0.00748477
-0.758969
0.670349
-0.0512897
0.0531975
0.295504
0.0298103
-0.027252
-0.0253573
0.00504828
1.65517
0.0112701
-0.0577633
0.0567164
0.014705
0.0219292
0.0654513
-0.0763161
1.85215
-0.17004
-1.62051
1.31753
-0.0203343
0.0227575
0.0244426
-0.140968
-4.64096
-0.150896
0.23833
-0.00771963
-0.112596
0.0196395
-2.50498
1.81971
1.85709
0.0124564
-0.0499956
0.0211727
-0.0243489
1.63839
0.00570802
-0.0543345
1.73036
-0.010125
1.72608
0.0423029
0.0126775
-0.223711
0.0430105
0.00225161
2.05541
-0.133273
0.00277611
-0.43396
-0.492271
1.58631
2.34207
0.00567586
-0.365736
0.0246149
0.0209529
0.00209022
1.63513
-5.9884
0.00398787
0.0235179
-0.0371307
-0.0722772
-0.0431899
0.0491469
-1.70898
0.00192132
0.0336275
-0.965132
1.65908
-3.01524
0.0360201
-0.0513819
1.14185
1.19166
0.0229136
0.00283946
-4.5519
-8.88862
0.0105594
0.0268278
0.00621928
0.0175605
0.00360671
-4.35401
0.0130951
-0.0354469
0.0267023
1.71199
0.00543635
0.036251
0.0134066
-1.86636
0.00561586
1.55827
0.00627288
1.91625
-0.107908
-5.13339
0.0226661
0.0361201
0.00865007
-0.0579799
-0.0145548
0.0219767
0.0364677
0.0352264
0.00470163
0.00858391
-0.0203072
0.0236569
0.0311049
-0.0381751
1.71508
0.0435959
-0.653113
1.99448
0.00361922
0.0309139
-1.26521
0.651299
0.0155981
-6.12146
0.0177081
0.0268245
-4.60822
-0.0687018
0.0214124
-0.61302
0.0257824
-0.929732
-0.391259
0.00407766
-6.47476
-0.200091
0.0291527
-2.18119
-0.394861
0.020889
0.0147801
0.0366948
0.146226
0.0354487
0.0397271
0.386524
0.00979133
0.0153457
0.0283057
-2.78214
0.00552066
0.0082764
0.00436964
-0.0901308
-0.060287
0.00960542
0.00994146
-4.06406
2.65326
0.0281878
0.00385093
0.047308
-2.6477
1.88823
-0.136619
0.144618
0.002311
1.90793
0.0109297
0.570232
-0.0319963
0.00165528
0.0185004
-0.40676
-3.8015
-0.084925
0.306721
1.43192
0.0273244
0.00380371
-0.143995
1.85397
0.00421184
0.0314307
0.0124618
-0.127281
1.46025
-0.197002
0.0335814
0.0138509
0.00178616
-0.00284348
0.0269138
0.866345
-0.182826
2.20652
0.00723115
-4.02268
-0.324985
2.42638
1.13901
-0.0106854
0.0182503
0.0341994
-0.0219286
1.5552
-0.330865
-0.0126697
0.0421651
-5.23048
0.00221258
0.0396633
0.0301112
3.16167
1.09639
1.61124
0.0053045
1.70314
0.00640858
-10.5403
-5.4472
2.14322
-6.13253
-5.77573
0.0177104
1.23617
-0.235864
0.00356267
-0.615591
-0.278917
-2.1178
0.340597
-0.520556
-0.0318042
1.69511
-0.114844
0.334619
0.0287437
0.026211
0.0375678
1.75574
0.0170634
-6.79792
0.0408955
-3.89553
-0.00156981
-0.0103258
0.023147
2.70716
-6.45035
-0.344837
-0.0710161
0.0321749
0.0337876
1.17982
1.67187
-0.0792348
-0.00548477
-4.7352
0.0105134
0.81255
3.01317
0.923684
0.238418
-0.599465
-0.161166
0.00504171
0.511099
0.0369468
-0.0343435
0.0122849
0.741801
1.61742
1.50586
-5.0318
1.05024
-0.022599
-0.0613484
-7.41921
-0.00976647
0.00616494
1.82123
-0.156614
-4.62006
-0.00157512
2.60391
-1.04843
-0.326824
-0.279105
-1.2296
-0.0935236
-3.9905
2.78535
-0.809542
-1.57157
-4.57782
-0.109031
0.0289114
0.250001
-0.530596
-0.15933
-1.69866
-4.68716
1.69835
-0.0651581
0.0169943
-0.00549387
0.92406
-0.160807
-4.63384
0.00169364
-0.660794
3.12849
-0.00668151
-4.58908
2.83008
0.00453279
0.0247395
-0.605127
0.00701753
1.83388
-7.82347
1.58772
1.67705
-0.495733
-0.200966
1.69419
0.883353
-0.692386
-1.2677
-7.48909
-1.37129
1.78973
-0.00497625
-1.22141
-4.44886
0.429204
-0.785659
-0.0990569
-0.50822
1.64765
-0.427335
-0.0138722
-4.12206
0.00875219
0.0139921
0.0390214
-4.58444
-10.4504
-0.00864662
-0.00503037
-0.0458209
-0.857657
0.036488
3.02058
0.0415106
-7.42083
0.460944
0.0127255
1.70398
-0.153217
1.68181
0.0405577
1.51479
-3.56428
0.00303619
2.41421
-0.753746
-1.74011
1.93738
0.244879
-0.126382
-0.139609
1.71148
1.77041
0.0485628
1.83326
2.80097
1.02528
1.88313
-3.30853
-0.0450823
2.51966
-4.32492
0.512841
-0.720719
1.61801
-1.76204
1.89932
1.81097
1.98457
-1.35585
-0.0722125
-0.6224
0.0136988
0.0146442
-10.8974
-5.14838
-0.0399459
0.01675
-3.86756
-0.570673
-0.419941
0.234535
2.06239
2.22809
2.13811
0.0105167
1.13624
-0.159639
0.528521
0.00537635
-0.82231
2.94268
0.0252952
-0.35498
0.101114
-4.71572
2.33476
-0.281754
-0.68053
-3.3857
0.0578467
0.274077
-1.33712
-6.44228
1.26236
0.0280077
1.28043
1.76778
-5.98081
-2.89711
0.0911254
1.71776
-0.995088
0.0063637
-0.0538808
0.00669618
1.36727
0.150468
-0.175556
3.2933
2.39014
-0.170549
0.0114904
-4.0745
2.68998
1.46885
0.105639
2.95611
0.0120626
1.56694
0.652057
2.75128
0.174029
-5.07651
1.05589
-4.64246
0.0030822
-0.239121
0.118046
-6.50498
2.8301
0.116829
-0.160211
-0.065635
0.318607
1.02069
3.12279
-0.174006
-0.173671
-0.806445
1.27285
-0.31963
0.0609312
0.376493
1.51697
-0.961286
-0.239652
-3.78499
0.100844
0.488895
1.49195
-1.03301
2.76312
-0.186139
-0.196675
1.71262
0.0177632
0.00115554
0.0109072
-0.639565
0.913342
0.013918
0.696154
-1.99358
-0.15451
1.37583
-4.49969
-0.154613
0.0394091
-0.168466
-0.208638
1.3775
0.0379813
0.0339439
0.00238527
-0.379482
-0.135789
-0.417439
-3.63011
-0.0203265
0.738093
0.254704
-0.130972
0.303438
-0.381573
-8.46386
-0.194302
1.69183
-0.45393
-0.139275
0.0754685
-0.393116
2.43428
-0.164971
0.630708
0.110413
3.2348
3.02512
-0.959547
-0.420485
-3.79207
-0.000963016
1.4366
1.69876
1.61691
-0.119312
0.00707317
0.0376188
2.62365
0.130859
0.114808
0.448267
-1.95834
0.224133
-0.100092
1.44234
2.5677
-0.751864
-0.474784
-0.191363
1.37057
2.22373
-0.493648
0.553935
-1.12225
3.0707
0.00117256
-0.425194
1.18688
-0.0456631
0.00980018
0.0137104
1.63877
0.00577345
0.00105587
-0.623331
-3.69486
-0.189604
0.00304975
2.52142
0.872431
1.95833
0.00890346
-0.607474
3.20886
-0.178823
0.0371545
0.729436
-0.471028
1.30071
1.48314
1.73108
0.0099759
-5.55294
-0.729958
1.6607
-0.596539
0.0109202
-0.828526
1.65747
0.336947
0.0185131
-0.238186
0.456775
-0.318765
0.0173902
0.0323671
-0.131339
-0.516131
-0.111544
1.25276
2.56039
-0.139426
1.9144
1.42971
-1.85729
0.00965681
-9.66329
1.66646
-0.657954
0.0701164
0.0518993
-0.0951966
-0.152528
0.106163
3.22437
0.00820208
1.78421
1.16665
-0.179828
0.0331121
-0.339424
-0.0885635
0.467573
-0.297334
-0.389349
1.07953
-0.122589
-0.411618
2.00281
0.352061
0.371767
0.174003
-4.17374
0.0749761
0.723266
0.0962747
1.21877
0.0906742
-1.40847
2.35844
2.02921
0.0203795
1.39954
0.0097358
0.829403
1.62288
1.78514
-0.325251
-0.440584
-3.62396
-0.033475
1.65189
-1.65583
2.26966
0.0177041
0.856962
-5.59557
-3.81125
1.65789
-0.465786
1.65902
0.372788
0.136656
0.0658045
0.257662
-1.09842
1.32459
0.471404
1.68157
0.454208
2.21192
2.37407
-0.286562
2.09617
0.0955958
-0.00355834
0.718263
2.31913
0.789878
-0.949076
1.76506
0.357008
0.118282
2.2611
1.5371
2.19735
-0.199697
-0.242476
0.0555889
-4.88899
0.229412
0.143707
1.36875
-8.35018
1.86992
0.00198513
-0.647464
1.39559
1.78561
0.29273
1.64633
0.039865
-5.20874
-0.583978
-0.210269
-3.96095
1.01864
1.04906
-7.53831
-0.552864
0.282204
-0.0434122
1.11761
2.29452
2.50179
0.6967
0.512685
0.051669
0.358296
1.45988
0.00736322
1.95836
-0.321885
-0.18403
-0.800456
-0.613064
1.0414
1.74816
1.9799
1.27565
-0.0897219
0.0443587
1.65132
1.63384
1.75128
0.0483788
2.09411
0.966221
1.69229
1.06879
0.0547742
0.126105
1.6951
1.5367
-11.8846
1.73655
-0.297493
0.396864
1.37257
-0.536972
-5.48985
2.70362
2.06932
0.10653
1.59025
0.595128
1.12691
0.0709723
0.0682274
-0.155825
-0.208986
-0.485399
-3.35383
0.38366
-0.830606
-0.292639
1.65048
2.38073
0.108988
1.68511
0.159603
3.37893
-1.90234
1.95473
0.0764945
-3.76081
-4.67308
3.42612
0.261516
-0.215518
3.41043
0.100948
-4.57271
1.61261
3.3809
0.0834815
3.33269
1.00003
0.0816011
-4.1004
3.23308
-0.221074
-0.182221
-4.22556
0.328445
-0.0801519
1.90872
3.07948
0.0123775
0.468991
2.02655
0.341073
1.71057
1.4522
-0.509552
-2.619
-4.01495
3.02646
0.5526
-2.95429
0.263364
0.104073
2.97907
1.1898
0.0504747
-3.31573
2.92841
-3.51642
-3.66367
2.87849
1.97683
-4.00952
-2.68679
-4.55755
0.823089
2.01799
-4.44579
2.79961
1.66826
0.122098
-4.74534
2.22442
0.39827
0.347859
-0.947566
-7.01882
1.56693
1.67275
-1.33175
1.6957
0.175003
-1.48949
-3.96004
2.6578
1.04254
1.48026
-0.782855
-5.7111
-5.9605
-6.16019
-6.31538
-6.42027
-6.41617
-0.504558
-6.39059
-6.10464
2.10366
2.61314
1.02545
1.07159
0.295317
1.26399
-5.97783
2.57829
-0.000289956
-5.82261
2.09594
-4.43906
-5.61856
0.0354277
2.48201
1.54383
1.05742
0.62524
1.67401
-2.91454
-5.45826
2.44622
-5.30002
0.0463096
0.359504
-4.70979
1.61236
2.40212
-0.207117
2.09148
0.0500788
1.38479
-5.1281
-0.623614
-0.113945
2.35867
-0.773833
-3.82269
2.31546
-0.0637467
-1.46293
-0.762656
-4.79642
2.27738
1.65925
0.535212
1.68061
0.402305
-0.0544039
-0.0223747
-4.73716
-6.19871
2.22906
0.659229
0.0393579
1.75367
0.757468
-10.6137
-0.701392
-4.69532
2.19042
-5.59435
1.65884
-0.13
0.0207655
-4.66615
2.14577
0.86172
-7.58787
2.09569
-4.64643
-0.181927
-0.554953
-3.81238
-0.204447
2.06084
-4.63664
2.0004
-4.64268
-1.87349
1.14601
0.00438091
1.0221
-0.0107209
1.95393
-4.64103
0.902157
2.62408
1.7506
-4.65321
-8.6771
1.91494
-1.17384
-3.51815
1.48845
-4.64199
1.66345
1.87722
-0.0195507
0.253594
-1.82298
1.66899
1.21394
0.0903321
0.112466
-4.61575
-3.81528
1.82274
0.4938
-4.36728
0.45389
-5.52699
-2.66906
0.11862
0.85297
1.78024
2.34092
1.64609
2.51067
1.74379
-4.5255
1.00517
0.231207
-5.08621
0.888805
-0.015333
0.0659726
1.03441
1.42273
-0.219078
-4.43605
-5.30939
1.68755
-2.7647
-0.493561
2.00588
1.46042
0.116157
2.87488
-12.2367
0.525367
0.336576
-4.32416
0.385055
-2.55166
1.63113
2.02094
1.8258
1.17746
-4.19246
1.57561
1.50938
1.46884
1.4015
1.35042
1.27518
-3.65084
1.52952
1.21535
1.85418
1.08354
-7.14756
2.34609
-4.05999
-0.839576
-8.2544
1.33089
-3.8161
2.24802
-3.94586
0.438833
-3.85363
-8.13299
-3.78585
1.65484
-1.09886
-0.197764
-3.73941
-4.20414
-4.25817
1.7148
-5.33939
-3.74915
1.77881
1.7569
-1.09161
-12.0673
1.8897
0.336307
-9.6244
0.146721
0.729523
1.58774
-2.76444
0.119596
-5.41754
1.88217
-2.33923
-2.21298
-6.13909
0.986306
1.69588
0.169884
-4.65502
0.802727
1.94671
1.26881
-4.83624
1.67082
0.698251
1.34863
-0.459642
1.7034
-1.04097
0.0101124
-0.00215079
0.835933
-3.07966
2.46639
0.35581
0.0618088
0.306362
-3.79608
2.1894
1.79824
1.57029
1.71496
0.290708
0.0714602
0.277157
-1.91284
0.710059
-0.816434
0.12106
1.28503
-3.52337
0.397418
3.05655
0.00711482
0.9592
1.00119
-8.57542
-0.0355955
1.18797
0.0872082
0.8422
1.39204
1.67306
1.73983
1.71544
0.122559
1.96989
-3.81635
0.0311544
0.453988
-0.44256
-0.578085
0.0445361
1.91135
-7.7893
1.63232
-1.43294
-7.368
0.371028
-2.77913
0.354905
-0.488347
0.33046
1.84567
0.283924
-0.667041
0.0312649
0.506053
0.0295237
-2.99873
0.00798002
1.64455
0.150884
-2.58029
1.31023
0.211505
1.32807
-2.01917
0.144167
-0.133479
0.0324941
0.3465
-6.57497
0.275988
0.0265596
0.0521646
1.06249
2.49939
1.05669
-3.18628
1.68338
-0.314459
1.34838
-0.0300452
0.0417718
1.3513
-4.82365
0.01343
-1.29917
-8.70832
-4.79582
1.68209
-0.26419
1.9887
0.353938
0.00526698
2.6078
2.45358
-2.49277
0.647014
-2.2384
-1.24114
1.90201
-1.98155
0.168
-2.6958
-0.201002
-2.71978
0.47931
0.94381
0.186524
0.00645975
0.0757725
1.64876
-8.61835
-3.85424
0.95987
0.693635
2.43776
0.162217
0.734048
2.56347
2.60373
-0.00577442
2.29836
1.34814
1.69836
0.397249
2.25725
1.7937
0.604884
-0.482495
-0.0125461
1.35361
1.3304
-0.00263738
0.00989117
-2.11413
3.14984
1.39934
0.768933
1.68528
1.07461
-0.0691256
1.21214
0.418122
2.23636
-0.488071
-0.194031
0.196543
2.81249
0.285477
1.8793
3.2477
1.67303
1.62216
0.0547069
0.764096
-0.000436315
1.93792
2.97762
-4.02945
0.463767
2.86656
-0.0670511
0.206621
3.1289
0.62618
-9.67454
0.533635
-0.109537
-3.90868
0.476299
0.0258099
0.10824
0.000168904
0.383136
-11.9202
0.180494
2.80451
1.87264
0.778656
1.30216
1.5257
-0.513365
1.54156
-0.554325
3.33014
-0.784836
-2.83799
0.0441211
2.46268
1.57919
1.52269
0.249056
-4.59773
-1.38139
-0.841186
-0.235185
-0.162831
1.33108
-0.1858
0.00434054
-1.59852
1.66337
0.319642
1.55152
-0.0391578
0.51689
0.726883
2.86171
1.51529
-0.405194
1.24714
-4.51772
1.96326
-0.36889
1.62465
2.68433
-0.252572
0.0969192
-2.95506
0.0928023
1.66251
-0.444528
0.731755
-0.918916
1.50721
-4.57825
-0.0206238
2.31858
0.674247
-1.77081
-8.83612
1.75168
2.03521
-0.228127
3.22719
1.57967
0.575154
1.37563
-0.206247
1.7955
-2.30121
-0.777389
-2.15571
-11.3653
1.74456
0.219127
0.565815
-2.13542
2.76878
1.1511
-0.68641
0.0248197
0.0161954
-2.78552
1.23139
1.24713
1.18523
-2.84507
0.500852
-0.413847
1.02849
-0.575853
1.09317
-0.0137992
0.346873
0.272725
1.02162
0.636431
1.62791
-4.47144
0.0504504
0.271439
1.67548
2.05466
0.275828
-5.22883
-0.527905
-0.0223999
0.858368
3.1491
1.83319
-0.494015
1.24222
-10.3247
1.66602
-1.85554
1.18686
2.47032
-1.61793
0.360994
-0.945747
1.6595
0.541084
-0.00446233
-3.76449
-4.1772
-10.191
-7.48763
-1.1636
1.76253
1.15018
0.119539
1.70436
-7.30772
1.80375
0.2082
1.65204
0.13983
0.0309202
1.66088
-3.9318
1.61175
-7.55725
-5.12338
2.64839
-3.8934
0.315794
-0.732432
0.390168
1.06868
2.31451
-1.40793
3.25473
2.90076
-4.83711
2.4437
0.368066
1.72787
3.06976
-2.04166
0.00319108
1.01886
1.58332
0.410072
-6.02119
-1.07166
0.152028
-1.67813
-0.264512
-0.120902
1.68968
-1.50079
0.153335
1.54965
2.1625
-3.30758
2.20347
-1.57906
-3.12828
0.143289
1.11046
1.6319
0.739697
2.062
1.15687
3.41385
1.51267
-3.77247
3.4256
2.36867
2.49919
1.91965
3.40648
2.54391
0.289255
1.32155
3.35865
0.871625
0.137986
-2.31295
1.58631
-4.69676
1.05521
1.37241
-1.10818
2.43569
1.68486
-3.71801
-0.557494
0.483369
2.34945
2.28944
-0.236441
-1.26637
-6.12886
-4.17976
2.05651
-0.577055
0.100378
-4.7683
3.20363
2.52762
0.110926
1.009
-5.25255
-6.78142
2.11663
-0.396183
3.05299
1.60934
-5.88555
0.152066
-5.90924
1.28116
-1.14813
-4.16842
-2.42726
2.99138
-2.79693
-5.10536
-0.0756266
0.00771948
3.00383
-0.469852
-1.60498
-3.54163
0.55044
-4.67246
2.5806
0.652846
0.750547
-9.61349
0.000373603
0.564897
-3.1425
2.95378
-1.4279
0.354167
1.67431
1.14982
-4.0854
-4.69805
1.54756
-3.49709
-0.60491
2.57798
2.90444
2.2784
0.121677
2.8384
2.43664
1.71057
0.967403
-3.84222
1.9308
1.25448
1.84073
1.82085
2.40592
2.00554
-1.83116
-2.55893
1.57149
-4.22773
1.44308
-3.4019
-1.57237
-4.8081
2.22082
-0.712158
0.587061
-1.16213
2.06161
-0.718374
-4.58596
-0.999184
1.4796
-3.14842
-4.55983
-0.133258
1.65378
0.567474
-6.26374
-0.458771
-11.1911
0.0436662
0.242414
-0.00139217
-0.0157971
0.52903
-4.32694
1.5612
1.67189
-5.39111
-0.453599
-0.735355
-4.74966
0.858928
1.57261
-2.45234
1.29919
1.28586
0.495986
1.8056
1.35058
2.63777
1.90176
2.53947
-12.2744
-5.83632
1.00963
-6.06796
-6.25088
-6.37498
0.915873
-6.43484
-6.42195
0.168346
0.344065
-6.05893
0.0822944
0.7182
-1.08997
2.5966
1.52831
3.29903
-5.91019
-11.3454
-3.7132
2.83537
-0.270679
1.04064
-1.48538
0.837627
-5.73576
-1.22905
-1.3895
0.970893
-7.21219
-5.57238
1.252
-1.59723
1.55709
-0.218985
0.698052
-2.37268
2.46718
0.266751
2.70051
0.314382
-5.38064
1.75867
-0.947163
0.746251
-0.431108
-1.73607
-4.65284
-0.2957
2.4243
1.68209
-6.17001
2.41336
2.42927
-4.17234
-0.0158322
-5.25401
0.449164
1.47959
-0.507794
-0.843761
2.38081
0.406969
0.181288
0.413994
-4.79497
-4.29791
2.72881
-6.02816
1.28095
0.180236
1.45114
0.00569677
2.07591
2.3368
-11.5589
0.0544196
1.61525
-2.78148
1.22165
1.95445
0.107293
2.29714
-3.04623
-7.30692
0.230076
2.20247
-0.0295607
2.19098
-1.28617
1.82325
1.71095
1.40896
0.0890439
-4.76603
2.25169
2.32153
1.74726
-1.37733
-1.50304
0.232517
-9.33517
-1.23237
2.77652
-6.90111
0.784723
-4.7163
2.21288
-3.81805
-1.32002
-0.129088
0.445908
1.74319
-0.0914353
-1.36217
3.104
1.70813
-4.67962
2.16892
1.24352
1.29046
-0.441329
-0.17587
-9.17577
1.3916
0.145683
1.85043
2.12134
-4.6538
-1.21321
1.4298
0.736701
-3.27402
1.29969
0.580911
0.141698
1.11885
-1.31525
1.16418
2.0806
-4.64025
1.15734
2.1322
1.46761
0.0432088
2.02948
-4.63601
1.64708
-0.184641
-6.61323
0.30045
2.4199
-0.585241
1.65636
-4.96807
1.97662
-4.6481
-0.365682
1.14467
2.50517
-1.81837
1.31476
0.638591
-3.8143
1.6299
-4.64187
1.9351
2.2467
1.62102
0.188839
2.58082
-0.185614
1.68476
-0.317427
-4.65479
-0.481685
1.89753
-2.7207
0.871145
1.14756
-4.63909
1.67862
1.84778
0.0473423
1.66461
0.95287
-4.77565
2.69997
-3.24407
-3.23479
-6.05896
1.80069
-5.67566
-0.0115155
1.70431
1.15774
0.0633102
0.997781
-3.02437
0.725169
-1.35512
0.168092
0.939968
2.869
-5.55578
1.70227
3.10565
1.13848
1.12855
-4.48882
1.72165
-1.17576
0.743895
-1.14966
0.75323
2.23378
-2.58803
-4.38527
1.66007
1.53103
1.10166
0.994438
-1.12556
0.847284
0.748483
1.04503
1.65316
1.59892
-3.52305
0.806343
-4.25737
-2.44962
1.68343
-5.86167
1.60365
1.62057
0.46071
0.442482
2.5855
0.252962
0.045311
1.56407
1.54283
1.277
1.49217
-11.7541
1.43519
1.37748
0.210108
2.19162
-4.12204
0.844116
1.31153
2.29187
1.24423
0.816666
0.0423613
2.34442
2.30741
-0.426713
1.10826
0.735394
-3.99381
0.780122
1.33695
0.811806
-3.89271
3.17589
2.48323
-6.24771
0.974429
0.229302
0.00422016
-3.8105
0.926063
0.769816
2.12911
-0.352815
-3.7581
2.37242
-3.17674
-1.48722
-0.593106
1.65
0.804547
1.89608
-2.6628
0.231944
2.82798
2.97085
1.22884
0.00036817
-5.32801
3.34224
0.602008
2.40536
1.52303
-0.260345
0.116213
-1.24312
-0.144874
2.23973
-0.148706
-7.78189
0.697869
0.395994
-2.61465
-6.82999
2.50311
-2.92926
-4.97816
-0.0155734
0.380597
0.84544
-0.229799
0.277484
0.775683
0.526209
0.475135
0.00581706
2.86167
1.71257
1.94579
2.03084
1.0944
-2.24645
2.81703
-1.59481
0.21439
-0.445132
1.43174
-4.70001
0.409777
2.28982
0.141875
-0.320776
0.188058
1.72508
0.883291
-4.87148
-4.56661
1.63118
1.72607
2.66392
1.61502
1.9337
2.14909
2.10484
-0.731536
2.05882
-0.130795
0.775189
-4.11902
-2.41359
-6.95887
0.808331
0.0453733
1.89342
0.713426
0.342241
-3.86793
-1.49155
1.03888
-1.7196
0.162612
-6.63596
1.66459
2.55745
-6.38473
0.0366245
-1.93421
-4.92792
-0.335469
-6.2992
0.615422
1.62375
0.459237
-1.36332
-6.04166
-9.8631
1.76686
-1.25589
-5.49151
-1.77354
-5.37098
0.836001
-11.0171
0.873405
1.06371
2.94965
-0.628711
0.312841
2.33418
0.189725
0.267351
-3.2044
0.829259
-6.47799
-3.75819
-6.11434
0.029391
0.126978
0.804585
0.164803
-2.22031
0.415205
-4.54764
-0.270934
0.052777
0.298864
-5.20555
2.3997
-0.117723
1.75726
3.22336
2.44723
3.05406
-5.83305
2.32256
0.217269
0.166135
-1.68313
-0.112042
0.329731
0.327842
0.0324158
-0.031272
0.872369
-9.59168
1.07144
-2.88789
-6.45733
-0.216114
-2.15018
1.92889
1.06502
-3.71169
1.17177
-4.60174
-0.338726
-3.73138
0.435651
-0.140631
-4.02123
-3.41066
-3.15305
1.69263
-0.0405654
-3.55618
-11.4074
1.65958
-1.02063
0.496644
0.450241
-4.83486
-0.339054
-0.52735
-1.36335
0.220628
-5.82577
-6.33713
-1.86937
-6.48057
0.331853
0.318708
1.72958
-0.845202
-0.46838
1.20384
-10.3501
-3.42187
0.694654
3.26671
-0.360466
0.373346
-0.880126
0.147564
-3.17234
1.77625
-3.09489
-3.85675
1.69989
-0.000470099
-4.61711
2.13849
-4.50976
-2.92249
2.3633
1.25341
0.0243512
-0.74451
-0.464751
-10.122
-2.45855
1.60491
2.12517
-4.71836
-0.175717
0.200306
-1.51912
0.554293
1.4769
0.0347518
2.32437
2.49927
-6.57685
1.00772
-2.30598
-0.533305
-3.00665
-0.26993
1.39929
0.335554
3.07781
-4.15137
-4.29202
2.71683
-3.51981
-4.10253
-10.8489
-2.09432
1.53061
1.47612
-4.61819
-1.9853
1.1714
2.66131
-0.0635168
2.68225
-1.09174
-4.05469
0.242041
-3.83927
-6.35554
-1.16877
0.483273
-2.1089
-1.02002
2.1695
0.632035
0.062356
0.95409
3.31017
-3.77324
-4.64482
-4.60534
-1.48843
3.25861
-4.57727
0.61348
0.0498102
0.0568739
-2.38015
-3.95818
0.0507386
0.0298262
-0.172785
0.0356664
-0.0340054
-4.21738
2.79241
-4.37474
-2.98522
2.83869
1.18807
2.34008
-3.05296
1.58907
-0.263155
0.0394637
1.32257
1.18441
2.4998
0.872988
-0.135744
0.678527
0.195109
-3.04341
-4.58805
-0.0214575
-4.26337
-3.7879
1.08317
0.650865
0.00612679
0.613414
-0.0760159
2.72552
1.67947
1.64581
0.30889
-3.09808
1.44502
-2.67603
-4.67803
1.64296
-0.0497856
-2.65211
-0.00212658
2.53529
-3.97012
2.44757
-0.0382926
2.26537
-0.518413
2.50449
1.12088
1.16391
-4.44899
-1.77093
1.68594
1.1123
-0.718442
-0.00850017
-3.80786
0.228401
-1.78427
2.71758
-4.14724
0.555257
-2.60146
0.58022
2.27828
-2.23338
-5.55628
0.838498
2.7015
-5.75356
-3.15769
0.0182157
0.356827
-3.82254
-0.467623
1.39344
-10.8574
0.631559
1.67689
2.29251
1.07839
2.27469
2.06065
0.203954
-0.00900747
-1.75853
2.67929
3.18171
-9.17651
0.507211
-1.20677
-0.607333
-4.14496
0.285218
2.83971
-2.49237
1.74112
-0.347717
0.854137
2.3748
1.70989
-1.00167
0.0236259
1.35719
2.52519
0.211333
0.379054
0.439341
1.85127
0.898243
-3.80983
-6.51283
-1.46276
-3.80466
1.90274
-7.32041
-2.90786
-10.2434
-4.08383
1.57682
-10.8465
-0.183679
-0.171124
1.18307
2.75902
-0.417423
-1.37932
0.0360754
-1.91586
1.86898
3.27974
0.0566682
-3.25271
-4.57284
0.291019
0.601357
-0.258151
-0.497802
3.20185
0.435751
2.62171
-6.47942
0.548719
0.784766
-6.6276
-1.1615
-0.952311
-3.01228
1.0222
-0.0391097
0.184488
-3.81862
0.876202
0.395722
-11.8657
-4.44433
0.644484
0.922817
2.53734
-2.49882
-0.0159355
0.662366
0.44181
-0.0936618
-6.12811
2.50427
-6.79659
1.70124
2.2239
1.78425
-7.9038
0.534315
1.74371
-0.859511
-1.0104
-1.01847
1.19774
2.49096
2.52762
2.09826
1.84239
-4.00576
-5.96823
0.786824
0.161766
-4.66699
2.79535
1.81202
0.962672
1.30264
1.03368
-3.97667
-7.32645
2.17684
0.604048
1.19996
-0.086922
2.35756
1.64752
-0.338433
2.60676
-0.30636
-1.81707
-5.69277
0.000493996
-5.05781
-0.658686
-2.10669
-4.92114
1.52705
-6.4806
0.704468
-2.90762
0.534656
-4.69828
0.0395501
0.175884
2.67347
-11.7029
-0.373092
-4.59768
0.521946
2.24477
1.06388
-5.8666
-0.715685
-4.25331
1.24531
-8.39426
0.0380966
-2.49927
0.0924961
-0.490089
1.71503
3.38786
3.27961
0.267567
0.14593
-3.81506
2.66222
1.84964
1.5057
2.06129
0.186698
2.60315
0.0105226
-8.31519
0.268273
-0.267397
2.23387
-1.55393
-2.73631
1.27223
1.40362
-0.467344
1.39826
2.3172
1.3863
2.29466
0.672058
1.71276
1.59845
0.947536
-1.00053
2.72024
-0.895424
0.586693
-3.7845
-12.081
0.0191293
0.601363
-0.204475
1.96512
2.34709
0.799363
-4.0552
2.26225
0.79148
-3.12115
1.17506
0.84968
-4.60408
0.523371
2.21797
-0.182582
-1.90814
0.85446
-4.6112
-0.742566
-1.29808
-0.472333
0.838578
1.62829
2.81567
3.15572
0.223475
0.286187
1.3513
-1.32108
-2.6681
2.39977
-2.77949
-3.87158
0.887686
-4.13872
-2.75189
-0.324079
1.12869
-6.03586
1.01028
2.41221
0.54134
-0.445755
0.0477604
2.66132
0.116498
-2.4717
-1.62081
1.34633
-9.15438
1.70743
-9.99416
2.42216
1.61782
1.27255
-0.363096
-0.848643
2.6456
1.12934
-0.289845
-2.4532
-6.8139
-0.607185
1.60061
1.38251
0.684619
-0.452569
-0.729868
1.39214
-10.4531
0.18824
0.00491652
1.49624
2.99949
-0.360367
-0.0546217
0.179789
-0.000367584
-0.948003
1.23907
0.846502
-8.19733
-0.507387
0.4104
2.26217
-5.68437
-0.264851
1.6403
2.11868
2.44922
-0.994905
-3.52016
1.34299
1.14589
0.180988
-4.52306
-0.62688
-6.17824
1.43701
-6.29967
1.19231
-3.48661
-0.274856
-1.87281
0.120136
-10.3604
-0.446921
-0.431625
2.40645
2.33493
1.24358
-2.97048
2.63865
1.46836
-0.746599
-0.185852
-1.6494
-0.239882
-0.387248
-3.90488
-3.505
1.24386
-4.62663
0.822786
0.0298919
-5.89105
2.60991
1.33599
2.37988
2.28164
-0.984098
-3.80455
0.113109
3.04682
-0.343159
0.974588
1.63464
0.00740617
2.00304
0.801133
0.109537
1.29401
-0.273272
2.06815
2.35195
1.4348
1.70239
0.0241229
1.47424
0.112548
-5.6044
1.85613
2.58539
0.484565
-0.870982
-6.14227
2.76577
-4.84324
-3.98612
-6.73929
-0.227244
0.00879665
3.05619
0.534594
-0.0432132
2.12144
-0.698319
-0.0694553
-0.421582
1.80862
1.16972
0.9192
-1.03691
1.67278
-0.0186234
3.00819
2.97243
-1.83939
1.84437
-1.41842
0.589837
-0.594357
1.70522
-6.25301
2.35963
-4.40084
2.02328
0.567678
1.18578
2.29197
-8.66594
0.0172115
0.0716995
-4.51298
0.264726
-5.29731
-1.83754
-2.31214
-0.942271
2.46853
-11.147
2.73447
-0.234241
-8.47361
0.243957
-6.02595
-2.45343
-8.38588
-0.545496
-1.82127
-9.41241
2.3882
-4.28979
2.44392
0.230989
-4.31342
-1.82814
-2.21079
0.724506
-0.0522546
2.66925
0.713991
0.160814
0.0525036
-4.31165
1.51496
-0.318454
1.11791
-0.0350843
-3.81317
0.0445796
-11.882
0.455164
-0.675133
0.601365
2.28924
1.94167
-0.64056
-0.343653
1.57689
1.63857
2.72436
3.0199
1.22348
-0.192114
1.6655
0.906279
0.181179
0.205445
2.66249
-4.46895
0.806885
-6.40537
0.667782
-0.177694
-2.14464
-0.0781612
0.500721
0.854521
3.17589
-0.208628
1.67217
1.69109
-4.20627
0.502345
-2.48934
1.49977
-4.2244
-2.17768
0.0306929
-0.151739
1.58085
0.764242
2.67873
-0.800641
2.42313
-2.30214
3.04883
1.8147
1.63731
-5.99792
-7.36829
-0.268056
0.171646
-1.93539
2.15311
2.21002
1.39584
0.149188
3.05109
0.763948
1.67045
-2.00978
-3.816
0.141177
0.431075
1.85765
-8.79508
-0.409454
-3.52875
-0.12043
2.55215
0.989838
-3.81573
0.562454
-0.283551
-0.0274566
0.48513
-0.029468
1.10456
-6.25077
0.000939818
-4.14016
-0.250873
-4.58629
-3.38772
-4.92188
-5.04239
-0.312573
1.75946
-0.244444
0.870653
-0.626018
2.13839
-3.72441
0.21485
0.34298
-0.588365
-3.9052
2.41066
1.66727
0.346913
0.134579
2.2906
-3.72998
-5.39121
-2.09156
-0.0222271
-4.52491
1.22177
1.19391
-0.25464
0.445286
2.47007
-0.209159
-0.396761
1.23913
0.833631
-6.47816
2.18736
-3.80391
2.51136
1.0907
2.10372
-5.43113
-6.74152
-3.02944
0.448661
2.44102
-9.53748
1.63845
0.890082
-12.0416
0.384776
-1.71206
2.92369
1.32691
0.131194
0.86196
-0.319055
-0.471575
2.29693
-3.35638
1.36504
2.00444
3.1217
1.93384
-4.20785
-4.65286
-6.38272
0.0114646
2.32874
-1.08008
0.0300254
-2.13377
-4.42736
2.33572
0.401193
-5.06053
-0.0684137
2.2468
3.02414
-0.0445748
0.040846
2.23846
2.04807
1.29173
2.40115
-1.52281
-5.90939
1.60712
-6.88862
0.749846
-0.182672
-6.58377
2.37057
1.24539
-0.502428
-4.36102
2.21469
-4.66368
-2.39067
-0.221824
0.741878
1.66108
2.44455
-2.08252
-0.0525694
-5.82468
3.1551
3.17956
1.68667
1.98525
0.00476574
-4.63338
2.90494
0.453332
-5.15775
-0.18795
0.00718561
-4.82407
-4.14088
-4.59572
1.22849
-0.842355
-0.86756
2.01359
1.86786
-6.42639
-2.44957
-1.89245
0.816204
1.18046
2.36285
-2.22159
0.0343761
-0.244364
1.0015
-3.78769
-0.511954
2.14034
1.9027
0.00471262
2.2792
2.061
1.48084
1.0158
0.980503
-7.87408
1.79827
1.11518
-9.99385
-0.034473
-4.49222
2.20385
-7.01284
1.15325
1.01863
1.64371
-4.69617
1.80901
3.32523
-3.876
0.949413
0.620183
-4.13224
2.91433
-0.228592
1.06665
-3.95969
0.0226622
-0.491244
0.466123
0.532889
1.14855
0.994451
-2.49286
-0.35828
-4.64609
2.29986
0.773843
-3.7987
1.97738
1.66667
2.8355
3.22251
-0.00620781
1.57004
-11.2566
1.29881
-0.117913
0.989778
2.72489
2.34549
-1.2575
-0.0189223
1.46705
-4.91677
-3.39801
-0.278012
0.411144
-3.25437
3.10921
-6.61553
-0.828263
2.23832
0.777939
1.11448
-0.498085
-2.6597
-0.196787
2.16339
-0.404425
0.0237344
0.630043
-3.7955
-2.14967
-6.46482
1.94307
1.22009
1.8452
-1.41099
1.40843
-1.10894
1.87415
-6.62596
1.6201
1.61667
2.40293
-4.24915
-3.80901
0.634276
-0.0617507
-4.38133
-0.652751
0.768904
-1.97638
2.79162
-5.45881
-1.75589
1.27337
-4.76457
-1.5504
-6.46705
0.26188
1.19063
1.33938
-0.509627
0.651893
1.15585
1.62625
0.880037
0.0417672
-0.182765
3.02135
-0.963303
0.689493
0.549177
-2.20624
0.492375
-3.74704
1.81949
1.92566
-0.989492
-4.75523
-10.9391
-0.18963
-2.98117
1.30731
-2.64456
-3.77564
0.670336
0.322434
-3.33851
-1.07138
2.47301
3.12998
-0.604819
2.17409
3.07029
0.923176
-0.857043
-6.67295
-0.180094
-10.6802
-1.57484
-2.69712
-9.6128
0.957284
-0.696302
1.04135
0.742864
1.97657
0.670897
2.01874
-2.00341
0.405039
0.84467
2.90278
1.06957
-3.80259
1.25273
-3.78631
-0.502329
2.34264
1.53745
-1.91789
1.68919
-0.570857
-0.863552
1.93821
-1.54827
-6.54208
-3.70234
1.51802
2.12697
3.0219
0.688169
1.60434
-3.74818
1.43157
-0.286389
-2.18271
1.27685
-1.80666
0.80813
2.09377
1.81873
0.610041
2.2697
-6.90961
1.63746
0.628357
1.46764
-0.121106
1.62361
1.60469
-0.535003
2.11923
-6.55593
-1.62221
0.586608
2.88379
-0.894005
0.959505
0.735556
0.807119
2.77594
0.727385
2.98391
-6.6501
-1.18195
1.97759
0.704227
-0.0945071
0.648779
0.589899
-1.18372
1.42366
0.956346
2.88913
1.4582
1.00751
)
;

boundaryField
{
    SideWalls
    {
        type            empty;
    }
    Top
    {
        type            zeroGradient;
    }
    Inlet
    {
        type            zeroGradient;
    }
    Bottom
    {
        type            zeroGradient;
    }
    Outlet
    {
        type            fixedValue;
        value           uniform 0;
    }
    Plate
    {
        type            zeroGradient;
    }
}


// ************************************************************************* //
