/*--------------------------------*- C++ -*----------------------------------*\
| =========                 |                                                 |
| \\      /  F ield         | OpenFOAM: The Open Source CFD Toolbox           |
|  \\    /   O peration     | Version:  2306                                  |
|   \\  /    A nd           | Website:  www.openfoam.com                      |
|    \\/     M anipulation  |                                                 |
\*---------------------------------------------------------------------------*/
FoamFile
{
    version     2.0;
    format      ascii;
    arch        "LSB;label=32;scalar=64";
    class       surfaceScalarField;
    location    "8.9";
    object      phi;
}
// * * * * * * * * * * * * * * * * * * * * * * * * * * * * * * * * * * * * * //

dimensions      [0 3 -1 0 0 0 0];

oriented        oriented;

internalField   nonuniform List<scalar> 
7520
(
-0.92549
0.754488
0.171002
-1.31673
-0.190643
1.50737
-0.0972204
-1.82813
1.92535
0.254036
-0.0368905
-0.217146
0.1255
2.40581
-2.53131
-0.101186
0.109076
-0.00788967
-0.308507
2.10079
-1.79229
-0.147568
-2.21346
2.36103
-1.5354
1.43818
0.759765
-0.105614
-0.654151
0.423904
0.170811
-0.594714
-0.23993
-1.48766
1.72759
0.485365
0.111513
-0.596878
-0.112112
0.153985
-0.0418729
-2.40176
0.995112
1.40664
0.0602817
1.47142
-1.5317
0.341568
-0.0045158
-0.337052
0.191103
-0.562958
0.371855
0.0313527
0.0229477
-0.0543004
-0.0842834
0.425851
-0.427345
-0.237561
0.664906
-1.00443
1.06471
-0.0616446
-0.346861
0.408505
0.167323
-0.156757
-0.0105659
0.0496535
-0.0467073
-0.0029462
0.270961
-0.26281
-0.00815169
0.890193
1.11115
-2.00134
-0.0497568
0.356476
-0.30672
-0.00916698
0.0405197
0.269338
-0.0524359
-0.216902
-1.03375
1.66403
-0.63028
-0.054875
-0.0218102
0.0766852
-1.85615
2.04807
-0.191926
0.488491
-0.705408
0.216917
-0.315084
-1.21295
1.52803
-0.287937
0.919445
-0.631508
0.256818
-0.569312
0.312493
0.838656
-1.61806
0.779409
0.0915292
-0.336888
0.245358
-0.0592666
-0.126389
0.185656
-0.028236
0.282272
0.0971851
-0.606812
0.509627
0.307055
-0.0360936
1.95743
-1.5618
-0.395631
-0.536864
-0.567788
1.10465
-1.47252
1.59481
-0.122287
-0.0967556
-0.198504
0.29526
0.293042
-0.0895087
-0.203533
-1.2898
0.256052
0.295885
-0.0837071
-0.212178
1.75131
0.175157
-1.92647
-0.70876
0.231826
0.476933
-0.0224841
0.0218478
0.000636313
1.09089
0.497354
-1.58825
0.015642
-0.116828
-0.77194
0.101613
0.670327
0.358581
-1.25536
0.896779
-0.0511519
-0.129526
0.180678
-0.13402
0.0791453
-2.34854
1.23468
1.11386
1.57983
-0.651658
-0.928174
0.0466854
0.111527
-0.158212
-1.27034
0.955254
0.740135
-0.25477
0.00425684
-0.0267409
0.00469771
-0.11681
1.2098
-2.58955
1.37975
0.120523
1.63079
-1.2918
0.982804
0.308993
0.34428
-0.253865
-0.0904146
-0.530686
0.889267
-0.515171
-0.38026
0.895431
0.377213
-0.0974564
-0.279756
-0.402684
0.45147
-0.0487854
1.10434
-1.68358
0.579237
0.144051
-0.125468
-0.0185833
1.93989
-0.550574
-1.38932
0.444537
-0.778594
0.334057
1.47968
-1.00893
-0.470753
-0.86073
0.0887899
-1.6018
-0.746742
0.664032
-0.736875
0.0728433
0.246474
-0.657166
0.410692
-0.136978
0.625469
-0.425932
0.617035
0.29018
-0.0208421
0.0300423
-0.0426393
0.012597
1.26544
0.674451
-1.98604
2.49503
-0.508985
0.699594
0.880239
-1.03848
1.11636
-0.0778789
-0.0169239
-0.082763
0.0996869
1.36197
-1.6019
0.258995
0.207987
-0.116457
-0.23739
0.40664
-0.16925
0.00708588
0.0991163
-0.106202
-0.551661
0.36769
0.183971
1.51623
-0.411883
-0.788338
0.650748
0.137589
1.11577
-1.11208
-0.00369126
-0.0988797
0.124571
-0.025691
0.340237
-0.0234036
-0.316834
2.70951
-1.8093
-0.900209
0.54615
-0.383965
-0.541525
-1.34406
0.813378
-1.91173
1.60322
0.18608
-0.0857499
-0.10033
0.559804
-0.1359
-0.18052
0.1791
0.0014204
-0.0791566
0.0949148
-0.0157582
2.01879
-1.18013
-0.166557
0.03091
0.135647
-0.751264
0.323919
0.0419053
0.00870567
-0.0506109
0.742725
-0.0786934
-0.716999
0.459068
0.257931
0.554193
-1.61926
1.06507
0.0553761
0.111947
-0.158672
-0.550087
-0.315221
0.0667966
0.248425
0.902483
-0.142718
0.673987
-0.622101
-0.0518862
0.0236757
-0.0976634
0.0739876
-0.219967
0.202446
0.0175206
0.720295
-1.91075
1.19046
0.41389
-0.475534
-0.352258
-0.0696385
0.421897
-0.0598632
-0.106694
-0.370975
-0.117841
0.488816
0.16001
0.0344585
-0.194469
-0.0679923
0.228002
-0.541168
-0.175831
-0.514321
-0.224422
0.738743
-1.71563
2.62981
-0.914172
0.333837
-0.349287
0.0154498
-1.13368
-0.210389
-0.0373608
-0.0572721
0.0946329
1.44087
-0.349982
-0.627295
0.440454
0.186841
-0.142452
0.402828
-0.260376
0.324515
-0.0809649
-0.24355
0.259029
-2.08716
0.305069
-1.77759
-2.41853
1.18613
1.23239
-0.839101
-0.452696
-2.06448
2.03939
0.0250887
2.19632
0.154256
-2.35057
0.210701
-0.269967
1.0423
-0.519629
-0.522666
-0.268884
-0.106756
0.37564
0.345823
-2.4103
-1.85207
-0.00407881
0.0220145
0.00802783
0.0723253
-0.14036
0.0680345
0.301843
-0.352995
1.16687
-0.0510935
-0.168235
0.139999
-0.0123887
0.000686991
0.0117017
0.802888
-0.420701
-0.382186
-0.455687
-1.94607
-0.10067
-0.168214
0.0539934
-0.614334
0.56034
0.166422
0.255197
-0.421619
-1.46982
0.857768
0.612057
1.20848
-1.08298
-0.16963
0.545031
-0.375401
-0.0842094
0.133863
0.559706
-0.269226
-0.290479
0.46061
-0.698
0.250447
-0.334154
0.87053
0.303287
-1.17382
0.322291
-0.372048
-0.315062
-1.41882
1.73388
1.28149
0.662953
0.72749
-0.481016
-1.26951
0.981576
-0.715496
0.957847
-0.242352
-0.0128207
-0.0269591
0.0397798
0.239503
-0.275486
0.0359828
-0.232012
0.974737
-0.277994
-0.179726
0.45772
0.323858
-0.157437
-0.88361
0.937603
0.577263
-1.0232
0.445936
-0.491468
-0.0601931
0.714634
-0.457816
0.156232
-0.0121805
-0.0454344
0.0869543
-0.0415199
0.0740221
-0.153179
-0.561476
0.0107625
0.550714
0.137364
0.239849
-1.16277
-0.520807
-0.757146
-0.712678
0.00452763
0.0991159
-0.103644
0.590919
0.0493237
-0.640242
-1.68072
-0.0349099
-1.22917
2.25929
-1.03012
0.382544
0.177161
-0.248041
0.342002
-0.0939609
-0.755873
0.597201
0.541232
-1.0781
1.73348
-0.0523788
-1.6811
-1.44854
1.9117
-0.46316
-0.0284213
0.100747
0.349294
1.55025
-1.89955
0.0367051
-0.182556
0.145851
-0.153232
1.83379
-1.68056
-0.00172143
0.138625
-0.136904
-0.925586
1.28587
-0.360287
-0.0792564
-0.676617
-0.131219
-0.430258
0.278081
-0.201779
-2.03704
2.23881
0.038067
-0.0151193
-1.8864
0.723632
-0.592596
0.0680844
0.524511
0.106398
-0.082722
0.135833
1.57853
-1.71436
-0.465875
-0.62724
1.09312
-0.541623
0.432957
0.108665
3.02627
-1.99656
-1.02971
0.517365
-0.98324
0.0967625
-0.0937444
-0.00301803
0.0908493
0.76928
-0.860129
0.0643268
-0.0667889
0.00246207
0.850509
0.794167
-1.64468
-0.279371
-0.508967
-0.108289
0.264069
-0.15578
-0.911402
0.666862
0.24454
-0.0906792
0.0473613
0.043318
1.01549
-0.424573
1.01522
-1.86854
0.853319
-2.70072
1.16447
1.53626
-1.1282
-1.57252
-0.348327
0.423154
-0.0748266
0.111369
-0.0538505
-0.0575187
1.13768
-1.7355
0.597819
0.0158819
1.11155
-1.12743
-0.30385
-0.433025
1.08775
-0.217216
1.33314
1.29061
-2.62376
-0.206498
0.102819
0.103679
0.00728328
-0.918686
1.84525
-0.419594
-1.42566
0.149916
-0.113211
-0.0327919
0.440678
-0.445194
1.00894
0.836315
0.177221
0.637476
-0.814697
0.397501
-0.0410243
-0.0632482
-0.0166218
0.07987
0.277274
-0.200724
-0.0765502
-1.85131
0.89369
0.957615
0.160468
-0.0490986
0.787608
-1.30193
0.120267
-0.172527
0.0522595
0.146181
0.146861
-1.60806
1.56294
0.0451144
1.12462
-0.547359
0.00712936
-0.0325338
0.0254044
0.0163481
-0.00155862
-0.0147895
0.140359
-0.237815
1.79354
-0.583742
-0.129675
0.34587
-0.216195
0.000726229
-0.013115
0.728898
-0.558087
0.559385
-0.152745
-0.696132
0.712014
0.0361815
-0.0816159
2.10079
0.00607274
-0.0129649
0.00689213
0.191261
0.368124
-0.22362
0.146485
0.0771348
-0.0596904
0.399928
0.601266
-0.504081
1.05658
-0.0142896
0.503885
-0.391284
-0.112602
0.311332
-1.23692
-0.0336065
-0.337368
-2.20294
2.00116
0.0586424
0.03812
-2.35051
0.257061
-0.399513
0.159613
0.115187
-0.2748
-0.630809
-1.2205
1.35948
1.35003
1.61862
-0.760848
-1.48766
0.0998663
0.574121
0.287035
-0.257302
-0.0297329
0.182538
-0.267599
0.0850615
-1.18694
0.619152
-0.241571
-0.263027
0.504598
0.290687
-0.3963
-0.0893353
-2.00515
2.09448
0.906883
0.237196
-1.52634
1.28914
0.955546
1.09253
-1.05905
1.5477
-1.19841
-0.0556654
0.41732
-0.361655
-0.851962
0.74888
0.103082
-0.207808
0.0781326
-0.100872
0.358819
-0.257946
-0.21955
-0.232105
0.451656
-0.537339
1.81883
-0.31526
-0.376195
0.691456
-0.444322
0.347566
0.191325
-1.2298
-0.134462
0.0712133
0.0101961
-1.98613
0.984465
1.00167
0.43818
-0.326667
0.00919377
-0.0219659
0.355803
1.3354
1.69087
1.64593
-0.475669
-1.17026
0.136054
-0.0486071
-0.0874473
0.573475
0.906203
0.161892
0.125143
0.419365
-2.13426
1.7149
-0.0778952
0.0566482
0.0212469
0.921371
0.594856
-0.236708
-0.10018
0.699646
-0.522425
-0.551476
1.44167
0.17499
0.0110894
1.38752
-0.833331
0.161516
-0.15443
1.80815
-0.162228
0.112555
0.446698
0.0571873
0.0232486
0.321031
-1.73657
-0.857623
0.881935
-0.0243126
0.00690939
-0.132377
1.84752
0.020119
-1.86764
-0.752906
0.437645
0.254642
0.0698728
-0.331711
0.0778461
0.0326079
-1.04153
1.54408
-1.59967
0.0555921
-0.000844889
-0.225027
0.225871
-0.606241
1.52761
-0.855013
1.57531
0.0163936
-0.0172385
0.703078
-0.24401
1.92489
-0.562918
-0.00500904
0.184142
-0.179133
-0.106606
-0.0625428
0.169149
0.133203
0.00285108
-0.281648
-0.751451
0.017233
-0.258393
0.24116
1.23134
1.39847
-1.5248
1.20974
0.131886
-0.484144
-1.32694
0.811768
-1.12244
1.34193
-0.21949
0.523517
-1.65812
1.50489
1.7555
-0.490064
1.33271
0.62472
-0.0774389
0.250783
1.2933
-1.32434
0.309969
1.01437
0.296226
-0.348662
0.12359
0.0368779
-0.23361
0.165618
-0.197629
-1.36417
0.377199
-1.19392
0.816717
-1.55659
1.09394
0.462658
0.453639
-0.833899
-0.193081
0.239767
0.10455
-0.358433
0.339483
0.0189504
-0.606923
0.437293
1.18033
0.575171
-1.44854
-0.111758
-0.108209
1.6635
-1.45144
-0.212057
-0.369539
1.91979
-1.64524
2.42077
-0.775524
-0.660217
0.96085
-0.300632
0.0626549
-1.33299
0.101368
-0.155218
-0.297962
0.457765
-0.159803
0.213422
-0.236826
1.34835
0.595873
-1.09121
0.495341
-0.0255301
-1.55392
1.57945
-0.0593215
-0.121198
0.0212039
-0.442704
0.4215
-0.300354
0.847246
-0.546892
0.216566
-0.149826
-0.0667396
0.402505
-0.267017
-0.135488
-1.96628
1.77564
2.65449
-0.56953
-2.08496
0.0779615
0.0177422
-0.0957037
-0.0054471
0.187985
0.136062
-0.62753
-0.827526
1.67803
0.0496125
-0.00770719
1.73348
-1.01579
1.10664
0.0464105
-0.0464105
-0.347671
0.44311
-2.42915
2.24399
-0.920397
-1.32359
-1.53359
0.804821
0.728774
-0.0142336
0.0664242
-0.0521906
0.975744
-1.17118
0.195434
-0.547481
-0.169379
0.71686
0.816526
-1.9059
1.08938
-0.0488833
-0.803079
-0.225968
0.119362
-0.155597
-0.5397
0.695297
0.664461
0.476499
-1.14096
-1.4134
-0.426928
0.713166
-0.286238
-0.710752
0.830688
-0.119936
1.45432
-1.31848
0.312457
-0.295224
0.0894738
-0.159704
-0.24298
-1.75279
1.96711
-0.214325
-1.04153
1.61721
-0.575686
-0.0213895
0.156599
-0.13521
-1.79173
-0.797824
-0.0241032
0.0149362
-1.69729
0.468111
-0.402715
0.301842
-0.143664
-0.516553
-0.069076
-0.00881916
-0.790474
2.12362
0.0644698
-0.411331
-1.53357
0.146306
1.38726
0.0920701
-0.141061
0.0489913
-0.910131
0.194635
0.248123
-0.610544
0.362421
1.608
-0.165269
-1.44273
-0.0388993
0.206323
-0.167424
-0.327124
0.317951
1.28004
-1.59799
-0.794914
1.79003
0.132982
0.694957
0.745917
-0.0036441
1.558
0.250155
-1.41646
1.39093
0.375951
-0.0205211
-0.35543
0.500359
0.0245727
-0.524932
-1.92889
0.283648
-0.0167614
-0.59005
-0.531389
-0.326234
0.293933
0.727287
-0.167399
-0.559887
0.201558
0.105497
-0.461938
1.29964
-0.837703
0.179759
-0.242302
-0.0535652
0.293068
0.263897
-0.561859
0.21513
0.34658
-0.561711
-0.100104
-0.058963
0.159067
0.42517
0.268019
-0.693189
-0.00139958
-0.122728
0.124128
-0.311178
0.342882
-0.031704
-0.0125353
-0.225671
0.238207
0.382324
-0.0860978
0.205638
-0.605311
0.399673
1.55705
-1.05752
-0.943824
-0.143128
0.245402
-0.102274
0.060172
-0.0752913
-0.296604
-0.245019
1.03772
-0.310438
-0.0140681
-1.22835
1.24242
-0.30701
-0.00821087
-0.00480342
-0.536365
0.227767
0.174738
0.196599
-0.198321
-1.23916
-0.0417171
-0.0928358
0.134553
1.26385
-0.960562
1.33283
1.32166
0.103958
0.0163095
-0.154961
-1.7216
1.87656
0.792268
0.328105
-1.12037
0.286598
-0.984828
0.66384
0.320988
0.0690108
0.0230592
-0.0074231
0.0833448
-0.0759217
2.04188
-1.07735
-0.964535
0.141389
-0.321017
0.179627
0.724266
0.250442
-0.974709
0.0747552
0.108321
-0.183076
1.71456
0.026691
-1.74125
-0.465002
-0.0979559
-0.283771
0.348241
0.0343885
0.0483344
-0.082723
-0.682386
0.256454
0.0234162
0.0199119
-0.0433281
-0.287205
-0.62895
0.916155
1.10219
0.505805
0.992081
-1.00615
0.711979
-1.01233
-1.8845
1.79516
-0.0855546
-0.0121087
0.280583
-0.584303
0.30372
0.681203
0.937412
1.12175
-1.3132
0.191458
1.24718
-0.552224
-0.151124
0.102517
-0.0121956
0.0614156
-0.04922
-1.87418
-0.49063
2.36481
-0.382844
0.460348
-0.0775041
0.0141349
0.0322756
0.326442
2.07936
-0.151208
-0.0552899
1.14608
-1.6997
0.553613
-0.62453
-0.361642
0.986172
1.46169
-0.446465
0.78348
0.528023
-0.634779
-0.293861
0.00928697
0.284574
0.0304971
-0.247399
-0.451476
1.04735
0.019446
0.0448809
-0.239777
-0.286994
0.526771
-0.00101251
0.976757
0.379595
-0.604017
-0.443596
-0.373746
0.440542
0.721913
-0.865578
0.128706
-0.0977956
-0.00159516
-0.443598
-1.94332
0.885802
0.221738
-0.37099
0.149252
0.0496655
-0.0407681
-0.00889742
0.236437
0.875116
0.135609
-0.0240828
0.0352994
-1.65818
1.62288
0.400895
-0.286603
-0.114292
-0.0498954
0.0744742
-0.0245788
-0.765166
1.14237
-0.0989823
-0.330066
0.429048
-0.286903
0.535026
-0.964582
1.41715
-0.452569
-0.37304
0.417037
-0.0439979
2.22107
-0.0247531
0.570142
0.0266589
-0.596801
-0.524479
0.406638
-0.188055
0.496715
1.5012
0.993825
0.11224
-2.10445
1.99221
-0.83645
-0.193642
1.03009
-0.205098
0.22322
-0.0181224
-0.222868
-0.453449
0.676317
-0.0765501
-0.0213422
0.0978922
-0.0965613
-0.0379002
-0.473176
-0.0427243
-0.003983
-0.0447189
0.115932
-0.175279
0.457656
-0.282377
-0.267216
0.338327
-0.0711109
-0.078886
0.175679
-0.0967926
0.756163
-0.395468
-0.034383
-0.00825633
0.630627
-1.14192
0.511297
1.22276
-0.98632
-0.0267173
-0.341605
0.368323
-0.482632
-0.629449
-1.36507
1.4856
0.0910695
-0.610699
-1.28931
0.823143
0.466164
0.43297
-0.0768882
-0.356082
1.73194
-1.73194
-1.70142
0.0996141
-0.519364
-0.200342
-0.621002
0.821344
0.527386
-0.506541
-0.0208446
0.0374699
0.0808874
-0.154915
0.0740276
-0.0270571
0.226799
-0.199742
-0.365055
1.20428
-0.839222
0.312599
0.25046
-0.563059
0.759602
-0.696948
-1.09049
0.254035
-0.0560365
-0.248576
0.304612
-0.034007
-1.29033
-0.401648
-1.16775
0.7661
0.925587
-0.0226436
0.218783
-0.196139
-0.302216
0.399817
-0.0976014
-0.318391
0.210101
-0.087125
0.340758
-0.181145
0.0407743
0.138322
0.108345
-0.246667
0.0446494
0.0167662
0.59229
-0.386652
-0.334494
0.343384
-0.00889046
0.00526418
0.0158836
-0.0211478
0.0817606
0.027845
-0.109606
-0.0698298
0.185579
-0.115749
-0.485578
1.30229
0.431146
-1.06451
0.63336
-0.168099
-0.0814312
0.24953
-1.73561e-05
-2.66418
2.6642
0.835637
-0.528358
-0.307279
0.451672
-0.069935
-0.197664
0.0773703
-0.0686646
-0.0595156
0.200905
0.278826
-0.900951
0.622125
-0.39151
-1.21655
-0.344165
0.655206
-0.311041
-0.0969108
0.0370476
0.451262
-0.31444
-0.136822
0.833081
-0.202455
-0.856999
0.55472
-0.460661
-0.0940586
-0.578938
0.337367
-0.121843
0.562296
-0.0507393
0.0670874
-1.7197
-0.0896031
-0.319237
0.583134
-0.00906863
-0.216899
-0.0619518
0.0127318
0.265081
-0.287725
-0.0842783
-1.24048
0.754903
1.96613
-0.132344
-2.03704
2.25736
-1.09883
-1.15852
-0.130384
0.498074
-0.119148
-0.741582
0.410421
-0.336399
-0.267965
-0.0258955
-0.402636
-0.458328
0.860964
0.145458
0.157739
-0.303197
0.0783202
-0.917421
-1.96985
-0.324238
-0.357457
0.681695
0.156992
0.243903
-0.266203
-0.0463484
0.312552
0.535567
-0.121677
0.144354
0.288616
2.19157
-1.37504
-0.796097
0.393461
-0.270048
-0.0625669
0.332615
-0.0521831
-0.137295
-1.03388
0.467256
0.200766
-0.668021
-0.0960092
-0.0380111
0.938617
-1.21078
0.272164
-0.642531
-0.0603499
1.79229
-0.730416
-0.411508
0.96811
-2.268
1.29989
-2.25044
0.941404
1.30904
0.168569
0.108363
-0.276932
0.152702
1.05237
0.0577891
0.815721
-0.87351
0.0957586
0.250112
0.170351
-0.0923899
0.262265
-0.519208
0.256943
1.29755
-1.45251
0.0476367
0.256122
-0.389576
0.133454
-1.6492
-0.0522142
-0.625341
-0.189739
0.0466112
0.127988
0.00246572
-0.130454
-0.657144
0.322899
0.334246
-0.417789
0.362123
-1.03492
-0.418826
1.45374
-0.137505
-0.0544824
0.0402488
-0.500712
0.639256
-0.138544
-0.346515
1.44045
-0.175259
-0.940363
-0.593232
1.38404
-0.596432
1.03622
-1.40128
0.0112563
-0.0468061
0.0355498
1.05669
-0.592242
-1.93906
-0.360288
-0.125359
0.485647
-0.0553801
0.220998
0.191204
-0.466046
0.274842
0.322605
0.29443
0.973285
0.0833003
-0.0926896
0.325529
-0.0750819
-0.373237
0.351271
-0.169275
0.0380574
0.131218
0.26549
-0.106619
-0.158872
-0.158173
-0.0427637
0.200936
0.209984
0.175131
-0.385115
0.109604
-0.035616
-0.172901
-0.052126
-0.0269568
1.12655
0.0464028
0.199211
-0.245614
0.0829283
-0.15085
0.0679216
-0.0644725
-0.0332159
0.0976885
0.567796
0.277579
-0.704507
-0.102167
0.388251
-0.0864082
-0.218917
0.134707
-0.143706
-0.0388505
1.78945
-0.995284
0.00984798
-0.190557
0.180709
-1.5706
0.205525
-0.0880943
-0.0154814
0.103576
-0.0470311
-0.0436481
-1.38464
-0.8658
0.399554
-0.0772631
-0.613106
-1.52116
-0.573065
0.333288
-0.0836292
-0.417083
0.778465
-0.761679
-1.80715
1.91939
-2.28832
0.414133
-0.13193
-0.0150676
0.146998
0.0355431
-0.248614
-0.375879
0.624494
-0.295482
0.0792868
-0.209018
-1.37934
1.58836
-0.588773
-0.691342
1.28011
0.38226
0.407171
-0.789431
0.00154498
0.192438
0.362282
-0.286364
-0.275495
-0.188939
-0.103424
0.292363
0.0202056
0.355434
0.290226
0.161036
0.348306
-0.643475
-0.0247614
0.0308342
-0.537722
0.594196
-0.0564744
-0.185309
0.40158
-1.3111
0.116616
-0.0175
-1.67078
0.441328
0.0474871
-0.938473
-0.363455
-0.151869
-0.954737
-0.279665
1.2344
-0.0899647
0.500385
-0.555537
1.36036
-0.339808
-1.01736
-0.925961
-1.22262
1.41805
0.115108
-0.332041
0.0299853
-0.0881229
0.0581376
-0.692754
0.599888
0.092866
0.703201
-0.782458
-0.248222
0.46996
-1.1177
-0.171603
0.0560248
-0.0555399
-0.000484891
-0.442866
0.868036
-1.4153
-0.165312
1.58061
0.011943
0.0327064
0.0281705
-0.615801
0.58763
-0.255224
0.431686
0.114464
-0.187938
-0.0608427
0.248781
-1.27836
0.858766
-0.264923
-0.0305594
-0.186994
-0.134023
-0.388314
0.0905604
0.0381453
-0.047353
0.0224818
-0.0265467
-0.0561763
0.320964
1.24198
-0.552642
1.88535
1.03269
0.59619
-0.765568
0.0360771
-1.45138
-0.281648
-0.349356
0.42774
-0.0783843
0.178331
0.0241148
-0.00466718
0.0151685
-0.0607405
0.139886
-0.230864
1.99436
-1.7635
0.157734
-0.834351
-0.132596
-0.273346
-0.079649
0.972533
-0.297836
0.387013
-0.0891767
-0.131652
-1.55035
1.682
0.39597
0.242555
0.28483
-0.34646
-0.507007
0.958309
-0.451302
0.0696518
0.00592698
-0.0466951
0.0112397
0.158448
-0.169688
0.0919744
0.428178
-0.520152
-0.154163
-0.603945
0.758108
-0.296252
-0.0757962
-2.01866
0.0126928
0.233874
-0.238883
0.0475151
-0.325233
0.0603101
0.34573
-0.703187
2.36351
-1.00745
-1.35606
-0.175447
0.429301
-0.552216
0.580386
-0.123912
-0.336749
-0.193224
-0.0103096
0.570142
-0.70712
-0.134833
0.817706
-0.971869
0.155504
-0.103449
-0.0520547
-0.407176
-1.92998
1.08793
0.842049
-2.09766
2.09764
-1.07492
0.271056
0.803859
-0.0400885
0.253986
-0.213898
0.689227
0.348498
-0.108512
0.213356
-0.0114942
-0.0216148
0.0315973
-0.280705
-0.033735
1.15676
1.20675
-0.0441712
0.0275495
1.63522
-1.48096
-0.0458413
-1.38829
1.43413
1.18795
-0.0613979
-0.308765
-0.0939493
0.228393
0.13096
-0.27037
-0.0694446
0.193035
0.803603
-1.41267
0.609068
0.126428
2.25463
-1.35081
-0.90382
0.0188203
0.0524651
0.0139591
0.0565565
0.91818
0.980019
-0.880405
0.738693
-1.32747
-1.22027
-0.0162924
1.23656
-1.49748
0.957983
0.539499
0.107816
0.00811588
2.42906
0.0503787
-2.47944
-0.656726
1.29807
-0.64134
0.0845172
0.25381
-0.714293
0.00354181
-0.0105589
0.0692013
-1.35442
0.231979
-0.0182772
0.0265301
-0.00825297
-0.129794
0.212027
-0.0822321
0.100949
-0.449564
0.348615
0.568531
0.313404
-0.538721
-0.118424
0.0494083
0.856911
-0.905795
-0.0740215
-0.0663382
-0.270715
0.0585365
0.956241
-0.345369
-0.610871
0.0195747
-0.295032
0.275458
0.322027
-0.557543
0.235516
0.0308144
-1.5611
0.791872
0.769224
0.0831236
0.851249
0.276035
-1.12728
-0.217741
0.236952
-0.260994
0.0240421
0.183176
-0.0373251
-0.273559
0.00735564
-0.316397
-1.0128
0.998508
-0.476392
0.790356
-0.313964
-0.556622
-0.712891
1.74772
-0.763252
-0.101801
0.188539
-1.37826
0.0680533
-1.36126
1.2932
0.0412279
0.0855113
-0.126739
0.737087
-0.223492
-0.513595
0.390381
0.0124471
0.019722
-1.37787
0.821248
-0.551585
1.21543
0.128961
0.599937
0.328707
0.238525
0.0269654
0.854908
-0.417262
0.0321338
0.671067
-0.941674
0.391587
-1.19554
0.504201
0.981464
-1.11312
-1.74818
1.51732
-0.00550234
-1.44388
0.206071
1.23781
0.320322
0.334884
0.0501981
-0.899118
0.698776
-0.133687
-0.129886
0.263574
-2.49736
1.09994
1.39742
0.427904
0.810013
-1.23792
0.0697505
-1.29237
0.783941
0.0617743
-0.845715
-0.526527
-0.433585
-0.893354
-0.041231
-0.015669
0.0630303
1.52191
-1.49522
-0.035578
-0.957423
-0.603672
0.1584
0.0213331
-1.2416
1.15012
-0.298867
-1.50489
0.0172285
-0.272825
-0.900992
0.360055
-0.46412
1.8845
0.216295
0.155191
-1.18907
0.151052
-0.116593
0.186928
-0.406478
0.327929
-0.577682
0.249753
-0.0443944
0.0201412
0.0242532
-0.581268
0.607927
0.19201
0.0852643
-1.09538
1.15221
-0.0568334
-0.729545
0.950833
-2.15758
1.20675
-0.937793
-0.0649307
0.108249
-1.45709
0.124347
1.33274
-0.417209
0.940726
-0.66151
0.739831
0.156864
0.916302
0.514725
-0.958321
-0.843334
-0.191152
1.03449
-1.3266
-1.55074
1.34172
-0.134077
0.137798
-0.00372105
0.0724751
-0.0970539
0.857699
-1.30918
-0.25144
0.378662
-0.127221
0.166282
0.264408
-0.43069
-1.0476
0.44365
0.0445865
0.0286028
-0.245749
0.397091
2.27585
0.153208
-0.782151
0.83994
-0.280598
0.0936046
-1.19918
2.33835
-1.13918
-0.08309
0.0698401
0.0863917
0.417374
-0.00886864
1.04277
1.21653
0.607443
-0.851453
0.283199
-2.27976
-0.186871
0.145154
0.132452
-1.09301
-0.234196
-0.976585
-0.226585
0.0583503
0.824445
-0.427354
-0.524197
-0.797908
0.881208
0.197982
-1.7154
0.275599
1.4398
-0.0633428
0.495029
1.24007
-1.15135
-0.29719
0.777626
-0.333953
-0.443673
0.908925
-0.349466
-0.559459
-0.192151
0.0423255
0.677051
-0.678429
0.00137827
-1.49547
0.948054
0.547416
0.537324
0.879827
0.00133718
0.126651
0.808846
-0.531267
-2.25584
1.06487
1.19097
-2.23881
1.74818
1.03279
0.630686
-1.66347
0.829048
-0.740258
1.62463
-0.544676
-1.07996
-1.07753
0.191932
-0.0894142
-0.110572
-0.104702
0.207521
-0.0471467
0.134154
-0.0870078
0.150102
0.301367
-1.8755
-0.337962
0.500235
-0.237969
-0.0363222
-0.0304667
0.843952
-0.464321
-0.379631
0.820414
-0.497515
-0.141092
0.135645
-0.124719
1.24646
0.0777037
-0.0364759
-0.293602
-0.753993
-1.48358
0.528838
-0.0593544
-0.0974029
0.147036
0.132125
0.122306
-0.0923209
-0.513228
-0.430858
0.112077
-0.0877216
-0.0243558
0.19415
-0.776219
-0.299869
1.07609
-0.293983
-0.0312503
-0.0515827
1.22826
1.01595
-2.24421
-0.429239
0.811499
0.232377
-0.0923782
0.626211
-0.825314
-0.92138
1.74669
-0.914605
-0.877837
0.419509
0.286421
-0.138585
-0.147836
1.0067
-0.957373
-0.178344
2.04635
-1.09552
-0.202456
0.121492
-0.418608
-0.645899
0.0435372
2.06405
-1.79516
-0.268887
-0.924168
-0.559407
-0.293817
0.178234
0.0782478
-1.01213
-0.245503
1.25763
0.246172
-0.541881
0.633855
-1.6221
-1.33063
0.618504
0.712125
-0.20252
-0.00434858
0.206869
0.963303
-0.631429
-0.331874
0.117334
-0.178074
0.0849813
0.0941182
0.698663
-1.73358
0.760981
0.147944
-0.389851
-0.406245
0.231643
-0.0739037
0.162086
0.163128
-0.939347
0.0288016
0.388519
0.187873
-0.347577
-0.502463
0.474332
0.0281313
0.929873
0.69476
0.489118
0.0542974
0.703386
0.0821558
-0.785542
1.65812
-1.38252
-0.332592
0.0929923
0.156058
0.0271183
0.156627
-0.0789387
-0.167728
0.00440417
-0.138481
0.544881
-0.146776
-1.79692
-0.0298014
-0.172719
-0.07693
-0.0111929
1.11309
-1.66863
0.778081
-0.358698
-0.419382
0.00464687
0.119924
-0.0114326
-0.00684451
0.381532
0.0704482
0.0886191
0.58147
-0.313451
-2.65084
1.25702
1.39382
-0.0978073
0.0150443
-0.00307475
0.123775
0.166405
-0.3055
-0.305044
0.757679
-1.58299
-0.0414309
-0.956409
2.18467
0.560484
-0.0661827
-0.494301
-0.534387
-0.44058
-0.0659608
0.0975516
-1.11167
0.449131
-0.703675
0.254544
0.542941
-0.567119
0.0241774
0.0164144
1.07747
1.3433
-1.3624
1.38252
-2.51444
1.83952
0.674911
1.24703
-2.20344
2.61259
-1.27719
-1.06017
-1.10696
0.221915
0.117568
-0.0771462
-0.365558
-1.52133
0.0774563
-0.0161554
-1.29705
1.2047
-1.98212
0.77742
-0.0676761
0.278377
-0.353002
0.0705035
-0.114501
0.958168
1.29646
-2.30261
1.10344
-0.140327
-0.774277
-1.32988
-0.493865
-0.0732536
2.09766
-2.12241
-0.100862
-1.12873
-0.118422
1.23387
-0.915924
-1.87342
1.82149
0.0519285
0.3743
2.2899
0.391365
0.0464027
-0.437768
1.37035
-0.631658
0.250568
0.0445056
0.680451
-0.685255
0.101314
0.13721
0.752397
0.700692
-1.45309
-0.47438
-0.309306
1.05114
-1.05672
0.00558361
0.657552
-0.456786
-1.60628
0.657989
0.948294
0.420087
0.317
-0.958146
-0.196041
1.12027
-1.7167
0.297825
-0.584189
-0.140443
0.275151
-0.674822
0.426208
-1.49277
-1.07311
2.56588
-0.280802
0.455933
-0.39009
0.646544
1.25551
-1.84874
0.102888
1.35856
-1.9112
-0.209207
-0.102661
0.226057
-1.21238
0.107486
0.647002
0.517836
-0.0016606
-0.538039
-2.16597
0.358816
-0.00556401
0.0398028
-0.0342388
0.0795471
-0.337494
1.15919
1.09817
1.27713
-1.00497
0.0850585
-0.00239491
-0.198329
0.459815
-0.342508
0.636938
-0.586007
-0.907174
2.15421
-0.0960039
0.179127
-0.840474
-0.619092
1.45957
-1.32956
0.672836
-0.0726119
0.0657305
0.0319579
-1.44556
-0.0880053
-0.175035
0.624166
-1.46591
-1.18494
2.06405
0.547578
-1.26026
0.943881
-0.630477
-0.197181
0.576172
-0.21389
-0.264774
0.238057
-1.42326
0.305213
-0.812219
1.26747
-2.17465
-0.796036
-0.118124
0.524763
-0.217246
-1.65617
1.34176
-1.70521
1.35101
0.651228
-1.63641
0.985183
1.50967
-0.561615
1.72759
-0.793042
-1.21216
2.0052
0.553067
1.28934
-1.04317
-0.623323
-0.707306
-1.40581
-1.10862
0.442259
-0.941986
1.54842
-0.606435
-0.14565
1.36749
-1.22184
-1.01662
-0.949394
1.96601
0.899159
0.151979
0.270125
0.37045
-0.190022
0.176801
0.0132206
0.0345373
-0.27684
0.474334
-1.3985
-0.622968
-0.397816
-0.294938
-0.0695006
0.510829
0.24034
0.655091
-1.9323
0.377895
1.55441
-0.0398887
-1.627
1.66689
0.0241191
-0.269555
0.0698128
0.431725
-1.72281
1.72281
-0.313493
-0.046367
0.35986
-0.532899
1.0094
-0.584173
0.0903076
-0.699158
-0.149515
0.504949
-1.3624
0.00626436
-1.29968
0.28389
1.24451
-1.27852
-1.23425
0.22212
-0.0787843
0.422093
-0.343309
0.147096
0.529955
-0.0489725
0.00457814
-0.988347
-1.21181
0.162113
1.0497
-1.37963
-0.0456589
-1.08146
-1.07612
0.0635237
-0.251462
0.173056
0.496211
-0.620123
-0.0573915
0.0308448
0.393537
-0.347929
-0.326893
-1.06581
1.50587
-0.440054
0.339398
0.190255
-0.225468
0.41674
-0.191272
-0.371398
0.139292
0.323646
-0.591228
0.267582
-1.04909
1.86889
-0.8361
-1.47769
-2.00845
0.458098
-1.99806
0.0551738
0.927987
1.11389
0.121773
-1.02277
1.52999
0.437123
0.652718
-0.523758
0.636128
0.620177
0.208871
2.12178
-0.854302
-0.862432
-0.623757
1.48619
1.16094
-0.0438934
-1.11705
-0.0413179
-0.109532
-0.217793
0.196404
0.151212
1.35057
-1.50178
-1.30007
1.11312
0.186959
1.30007
-1.51732
0.235554
-0.30323
-1.46645
1.03287
0.0884826
-0.0904576
0.0548416
-1.66322
0.136884
1.64915
-0.997921
-0.269388
-0.0942187
0.132276
-0.466629
0.727493
0.267249
-0.0876217
0.375624
-0.545312
0.187212
-0.253952
-0.598634
-0.0585325
0.70095
-2.08015
0.526222
-0.0987744
0.475311
-0.376537
-1.05504
-0.927084
0.104218
0.679958
0.444664
-0.897715
0.115564
-0.309097
-0.248446
0.134997
-2.22066
1.16048
0.0618889
-0.0546358
-0.233089
0.0343135
-0.0816665
-0.0901451
-1.38332
0.61947
-1.72646
1.10699
0.0733683
0.270352
-0.34372
0.0276619
-0.284964
-1.05309
1.33699
0.425512
0.385987
1.30867
-1.15135
0.203361
0.0512805
1.70894
-1.96543
0.256489
0.335717
0.303539
-0.828383
-0.0173314
0.38041
-0.505769
-0.0264772
0.039209
-1.23775
0.341788
-0.0741801
-0.267608
-1.50454
0.204626
1.29992
-7.42399e-05
0.0120172
-0.0249607
0.0684732
-0.0435125
1.19078
-1.16945
-0.0150287
0.0351699
0.605678
0.215666
0.050924
-0.0514089
-0.0861659
0.123213
0.202414
0.667648
-0.870063
-0.430136
-0.0194279
-0.920625
-1.01848
1.93911
0.169478
-0.116312
0.297021
-0.92508
2.09764
-0.098081
0.133624
0.0601329
0.094363
0.143769
2.24085
-1.08409
-1.24978
0.81859
-0.513377
-1.13218
2.32315
-0.0694542
0.139902
-0.151832
0.165967
-0.0332448
-0.212369
-0.305858
0.202434
-0.307099
0.70129
-0.205079
1.21073
0.0985065
-0.064193
0.255333
-0.0365498
0.0419105
0.15338
0.0396545
0.469633
-0.817562
0.224515
-0.260111
0.0355967
0.140697
-0.0551857
0.209506
0.761597
-0.971103
-0.259838
0.129952
0.439019
-0.528984
2.41532
-1.18398
1.02382
0.889409
0.0606082
0.481917
-1.20471
0.361918
-0.483595
-0.374843
1.57432
0.617247
-1.51783
1.51783
1.58786
-0.884163
1.07549
-0.0499428
1.53987
-1.48993
0.908933
1.03551
1.19935
-2.69213
0.124929
-1.0968
-1.35333
-0.177134
-1.44757
1.62471
-0.419844
-0.159094
0.0811486
1.25578
0.178272
-0.284891
-0.667059
1.57946
-0.912397
-0.180967
0.282281
-0.00445491
-0.0962508
0.165262
2.60191
-1.08651
-1.51541
1.59187
-1.46752
1.11243
0.229501
0.0221433
-0.00574968
0.0147923
1.56374
0.512
0.574873
0.724768
0.0253545
0.210659
-0.236014
-0.360932
0.226909
0.193757
-0.209123
0.0153662
0.1723
-0.234401
0.0621006
0.450064
-0.400656
0.348283
-0.533591
0.66943
-0.569564
0.0345846
0.0410214
-0.00355147
0.287362
-0.0390383
-0.248324
-0.210318
0.204917
0.00540131
2.12241
-1.69451
0.316688
-0.337346
0.0206582
-1.52191
-0.360225
0.273817
-0.99505
1.90398
0.265939
-0.345588
2.72861
-1.52926
0.253568
-0.32865
-0.173207
0.467003
-1.2915
-0.204709
1.46976
1.31998
-1.09393
-0.105892
0.161269
-0.118181
-1.48149
-0.305258
0.297107
0.251068
-0.383664
-0.387394
0.298218
-0.0969103
-1.33884
1.293
-1.44335
1.49894
-1.13718
-0.540084
0.427482
0.703139
0.40557
-0.439305
-0.0713869
0.136488
0.354023
-0.490511
-0.381459
1.39039
-0.845944
-1.13274
-2.44815
-0.0932725
0.0890519
0.00422067
-0.0236071
1.45079
-1.42719
1.42752
-0.429016
0.338549
-0.416934
2.15944
-0.90366
1.05717
0.669063
-1.72624
0.236556
0.030693
0.66996
-0.240659
0.205691
-0.824117
-0.0102338
-1.01808
0.718207
-0.37461
0.236025
-0.115892
0.135614
0.320714
-0.397978
-1.05662
1.40617
-0.832694
0.044382
0.0556549
0.210256
0.692226
0.459024
0.244361
1.75757
-1.55294
0.315606
-0.391402
1.61411
-1.6652
-0.0636612
-0.842133
-0.158532
0.0427835
0.981464
-0.00342486
0.000478653
-0.0238981
0.0150007
-0.000519985
-0.172381
0.00471498
-0.0296756
-0.550226
1.63815
-1.23798
1.18803
-0.477837
0.897346
-0.357983
0.122144
-0.452564
0.204343
0.338187
0.918538
0.626002
-1.54454
-0.78694
0.425298
-0.826677
-1.67068
-0.570329
-0.00801455
-0.104926
0.105419
-0.000492495
1.42169
0.17372
-0.199411
0.227347
-1.76843
1.72855
0.580422
-0.392549
1.14689
-0.215856
-0.0641447
0.28
1.3455
-0.427318
-0.81958
2.14054
-1.32096
-0.65653
1.49189
-0.835364
-0.348334
0.167367
0.00636188
-0.0401525
-0.0736284
0.113781
0.507918
-0.888638
1.21257
-0.323932
-0.294242
0.0965779
-1.497
-1.91101
0.861376
1.04964
-1.61221
-0.251482
-0.447676
1.17478
-1.96782
0.218328
-0.97232
1.27529
-1.84562
0.388195
0.40216
1.35476
-0.571275
0.0464781
-0.0142661
-0.032212
-0.0860643
0.0663352
-0.0523762
-0.00882153
-1.25189
1.26072
-0.222028
-0.384895
-0.07166
0.137946
-0.0662861
1.2777
-1.00166
0.517438
-1.32608
0.808641
0.246984
-0.0901199
1.69331
-0.78643
0.0256913
-0.242591
0.668067
-0.805487
0.0230294
-0.182206
-0.523203
-0.0876336
0.700223
-0.61259
1.90538
-1.50325
-0.402133
-0.326268
0.226088
0.0673053
0.347441
0.380052
1.60096
-0.174496
0.102836
2.08294
-1.12496
-2.00634
0.79418
0.478519
-2.10672
1.6282
-1.31746
-0.335326
1.65279
0.90143
0.846287
-1.55549
1.96543
-0.409944
-1.47614
1.31087
0.222266
0.606669
-0.828935
-0.0977102
-0.760001
1.24965
-0.489653
-1.55549
0.980019
0.0775799
-0.425157
-0.150264
-1.06211
0.356536
-0.667577
-0.353363
-1.59204
0.856912
0.735127
-0.324879
0.237257
-1.94175
1.02062
0.921129
0.777163
-0.388967
-1.2144
-0.860622
2.1804
-1.70188
1.77789
-0.156294
0.171936
1.75562
-0.475586
-0.881361
1.55581
0.955712
-0.964533
2.17266
-1.49774
1.27585
-1.31743
0.0415855
-0.0907917
0.00509376
0.085698
-0.797856
0.0683112
-1.04118
2.08395
0.317355
-0.0914841
0.609423
-0.518354
-0.639279
1.59483
0.977222
0.532447
0.440878
-1.75834
-1.08709
-0.823921
-1.5248
-1.3195
-0.695544
-0.896494
2.17539
-1.35647
-0.818923
0.907379
0.0339366
-1.80237
1.69451
-0.40489
0.310941
0.411587
-0.2751
1.67365
0.664701
0.346202
0.103862
1.71359
0.0149513
-0.147644
2.4235
0.750817
0.0798705
0.29425
0.982883
0.763011
0.324735
1.03776
0.744747
-1.78251
0.0498403
-1.58004
0.638053
0.28437
-0.13469
0.272636
-0.158125
0.384345
-0.37909
0.280108
-0.317151
0.268366
0.960142
0.689008
1.42304
-1.23841
-0.184632
-0.178919
0.183323
0.556153
-0.0731452
0.0329927
-0.00498347
0.360815
0.497492
-0.563674
-1.70683
0.708905
-0.351649
-0.232654
0.305212
0.0430285
0.3391
-1.51923
0.390481
-0.126073
-0.0529774
-0.100201
-0.135711
0.0127445
0.122966
0.0239516
0.466044
-0.00101905
-0.0315147
-0.34565
-1.72882
-1.06854
0.282305
0.786235
1.42355
-0.557107
-0.866442
-0.701424
1.29984
-0.598411
0.764081
-0.143904
-2.1307
1.31112
-0.111006
1.58242
1.49408
-0.487387
0.0382661
-0.203861
0.165595
0.711565
-0.376682
0.0751001
-1.24455
1.56564
1.19722
-0.657717
-1.48172
0.857967
-1.23462
0.117571
-0.0297886
0.0151822
-0.194717
0.179535
-0.550506
-0.206972
0.179498
0.0274746
2.4984
0.54823
0.276817
-0.00911671
-0.20437
0.213486
1.4102
-0.606597
-1.63221
1.66615
-0.23648
0.199155
0.207863
-1.02405
-1.0561
-0.657606
1.56959
-0.911985
-0.833384
-0.632345
1.46573
2.08621
-1.73808
-0.34813
0.921851
-0.0162661
-1.08967
-0.936363
-1.30911
-0.00831992
0.797837
-2.57896
1.78112
0.208648
-1.82086
-0.590166
1.56739
-0.504264
0.409574
0.0946903
-1.28023
-0.963977
-1.54056
-0.318507
-0.286805
-1.14826
-0.206048
-0.112325
0.318372
-0.628893
0.439943
0.188951
0.392848
0.0187396
0.688439
0.881152
0.0727383
-0.110639
0.112025
-0.0129087
-0.922948
0.964533
-0.00983927
0.188171
-0.922948
1.71751
-0.780097
-0.0074804
0.539513
-0.303997
-0.84332
1.90483
-1.06151
0.155183
-0.016558
0.94779
0.458379
-0.272713
1.38658
-0.00222833
0.589404
0.44421
-0.467488
0.0232778
2.50731
-1.70947
0.701613
-1.29581
0.0839956
-1.93561
0.685797
-1.59819
0.131753
0.140225
-0.271979
1.55289
-0.850086
-0.702808
-0.438717
-1.48048
1.9192
-0.413113
1.51158
-1.54584
0.034257
0.32984
-1.70918
-1.03516
2.24589
-0.283198
-0.313917
0.597115
0.358784
0.749121
0.803774
0.398371
-0.319084
1.70894
0.752156
2.59854
-1.41241
-1.45242
-2.31539
-2.11639
1.26209
-0.286835
-1.66477
2.02359
-0.374948
-0.971241
0.202063
-0.577942
2.43479
-1.2024
-1.59372
-1.80356
0.0891993
-1.5383
0.842758
1.28501
0.855526
0.927825
0.00188274
0.573082
-0.574965
1.23413
0.831384
-2.06551
0.122427
0.850106
-0.742728
1.36039
-0.617658
0.355358
1.23651
0.358374
-0.00710244
0.254804
-0.772207
-0.446149
-0.454802
-1.75932
1.61168
0.827407
1.23408
1.36446
0.22626
0.324454
1.69872
1.02989
-0.0530849
1.56202
-0.812903
1.5077
-0.755306
0.164603
0.097543
-1.57903
-0.042396
2.33032
-2.28793
0.0106865
1.41236
1.61605
-0.930254
-2.65822
1.20496
1.45326
-1.77759
1.33887
0.619319
0.936493
0.0128815
0.188105
-1.29646
0.686308
0.805586
-1.56373
0.120376
-1.42414
0.244493
1.75932
1.6515
-0.962492
0.117428
-0.0127515
-0.104676
0.795648
0.766376
0.617661
1.56274
-0.128916
0.549003
-1.56932
2.18699
-1.50304
0.0603129
1.6811
-1.66615
1.58554
-0.897106
-1.88749
0.78866
1.19509
1.2397
-0.422594
0.887624
-0.46503
-0.295438
0.324239
0.0755072
0.229105
0.0203031
-1.29882
0.621863
-1.28651
0.402347
0.880241
1.68564
0.693613
-0.346172
0.267462
-0.222066
-0.518618
-1.32649
0.0294371
-0.920893
-0.954145
1.87504
-2.35519
0.653309
2.73423
-1.1919
-1.54233
0.966397
-0.147578
0.354549
-0.206971
0.195932
-1.97907
0.498585
-1.85059
1.00727
0.350867
-1.81232
1.46145
0.955712
1.78492
-1.34405
0.179147
0.304036
-0.00396281
0.20928
-0.434748
1.06636
-2.10821
1.04185
-0.789289
-0.692434
-0.257912
0.423398
-0.582492
-0.574067
-1.42095
-0.0516288
-0.00576265
-0.0981018
0.387944
-1.85288
1.54584
0.307043
1.64503
1.0892
1.66922
0.838088
0.72804
-0.993216
1.03833
1.49008
-2.67492
0.96545
1.51158
0.458048
-0.0136423
-1.63221
1.70263
-0.993724
1.33145
-2.74385
0.350103
0.123811
-1.54707
-0.0605487
-0.759072
0.227805
1.81428
-1.06954
-0.0621471
-1.30792
0.0756775
1.23225
0.993216
-0.0375041
-0.061257
0.439942
-0.514122
-0.290844
0.221206
0.392386
-0.332076
-0.248322
-0.0271643
-1.82109
0.9002
1.59583
-0.614252
-1.5255
-0.00620318
2.70982
-1.50486
0.0601665
1.9831
-0.808315
1.62222
-0.765313
-0.963523
1.42745
-2.32253
0.753209
-0.821095
0.0795129
-1.14551
-0.72303
2.6566
-1.32515
0.817933
-1.51037
0.455262
2.55955
-0.475731
0.967222
-0.491491
1.54117
1.82099
-1.05023
-0.770761
-0.753361
-0.206804
0.960164
-1.15637
-1.85288
1.32249
-1.13999
-0.182497
-0.116682
1.11549
-0.998806
-1.40169
0.850361
0.0232097
-0.00827349
0.4874
2.54874
1.98336
-0.861625
0.444415
-1.09047
1.10115
0.0706068
-1.30902
-1.44265
0.00363837
1.43902
0.670067
-0.861218
1.13285
-1.52436
2.07744
-0.802148
-1.26037
1.26037
0.74609
0.743992
-0.32828
0.585223
-0.797165
1.59281
-1.42928
1.42928
-2.72116
-2.05627
1.19565
0.504923
0.145826
-1.44886
-0.814783
0.397521
-0.104254
-1.48405
0.0351962
0.185338
-0.674857
1.86797
-0.540803
1.73765
-1.19685
-1.42806
-1.48789
1.31076
-0.0716967
0.345769
-0.628967
1.51166
0.704066
0.591447
0.996415
2.44112
-1.60304
0.735459
0.432045
-0.746586
1.56452
-0.860339
0.18191
-0.892045
1.32249
-1.53817
2.77901
-1.67557
0.878586
-2.19954
-0.739167
1.68746
0.414641
1.13999
-1.13635
-0.141112
0.633637
-0.0915809
-0.542057
-1.4517
1.4517
1.74884
-1.0829
-0.66594
-1.49522
0.909746
0.657641
-1.59796
1.59796
1.07608
0.672765
-0.0951248
2.06132
0.378124
0.0439687
-1.36982
0.0399488
1.84279
-0.402987
2.30289
-1.75355
2.47542
-1.18481
0.888346
-1.31912
-1.13635
-1.62104
1.62104
-1.55514
2.64435
2.5615
-1.59605
-1.82496
0.860427
2.22222
-1.34363
-1.01799
0.901311
-1.79102
1.05508
0.735936
0.343428
-2.13516
1.24412
1.29164
1.2679
-1.09047
-1.50564
1.50564
0.00322798
0.149474
1.01986
-1.03833
0.01847
1.54803
-1.61168
0.0636472
-1.80893
0.988625
0.820301
0.685356
0.780373
0.245774
-1.01986
-1.54803
-1.18459
1.77603
-1.56844
2.32165
1.53552
-0.677557
1.10115
-0.714942
0.934437
1.01001
-0.753842
-0.903098
-1.30034
0.27809
0.721246
-1.78952
1.28054
-1.2696
-0.598047
0.562878
1.35632
1.1674
1.44519
0.482304
-0.0687448
0.195219
-1.30192
-0.910545
2.21246
0.925393
0.560796
-1.11463
-1.25149
2.36612
-2.26432
-0.808352
0.364679
-1.67948
0.596579
-1.40048
1.16749
-1.47338
1.82278
1.02326
-1.7771
-0.752592
0.00144437
-0.626134
1.55153
-0.916561
0.872686
-1.24903
1.65132
-0.402287
1.50376
-0.775716
2.36917
-0.98942
-0.795296
1.81856
-0.845443
0.105185
0.88415
0.65702
-1.16135
-0.101059
-1.54814
-1.4285
-0.845662
0.418308
0.153864
-0.115598
-1.89449
0.807396
1.25303
-0.316133
0.932923
-2.27656
-0.876692
-0.0490446
0.353566
-0.956615
-0.92355
-1.42558
1.98845
1.23246
0.82506
0.846226
0.958465
1.24526
-0.441404
-1.20622
-1.36172
-1.04032
2.40204
-0.798273
1.71681
1.16206
-1.05785
0.663334
-0.224315
0.896274
-2.28519
1.38891
0.139922
-0.9142
-0.517726
-1.3314
-0.94799
-1.18562
0.485867
0.183562
-1.15911
-0.735372
0.635746
1.78538
-0.925989
-0.859394
-0.459705
1.79858
-0.999056
0.388637
0.756113
-1.91523
2.32573
-1.11354
-1.21219
1.89178
-0.535465
-0.381759
0.741735
-1.71223
0.970493
-2.67173
1.11659
-1.56516
-1.03537
-0.812251
2.24013
-1.17378
0.343514
0.0305642
0.0104572
-1.38028
1.0483
-0.285335
-1.27983
-0.470775
-0.68353
1.93774
-1.25421
0.971376
-2.35166
-1.50424
1.00205
-1.79734
-1.75031
0.90939
0.997442
-2.32884
0.886962
-1.2373
-0.19382
1.43112
1.4082
-2.39762
-0.844797
0.347281
1.03509
-1.70103
1.15748
-2.66172
0.747714
1.61332
-1.42207
0.0424393
1.19161
1.27022
0.621559
-2.11626
1.3813
0.734956
-0.0204933
0.225565
0.889923
1.26311
0.866276
-1.84412
0.977844
-1.48051
1.5951
0.247092
-0.813739
1.81579
-0.235979
0.740136
-0.706473
-1.4999
2.20637
1.29974
1.11558
-0.553016
0.0995668
-1.31795
1.88966
-0.619438
0.651419
0.992274
-1.64369
1.589
-2.61871
2.74647
-1.57111
-1.18042
1.93653
-1.20613
-0.709096
1.35746
-2.39778
-0.0911065
-0.946609
-0.765618
1.03893
-1.61355
0.574624
-1.57822
1.09478
-1.49706
-0.971643
-0.0251164
0.385931
0.18048
0.821751
0.715224
-1.66183
-1.46344
0.453984
-0.612854
1.53855
1.06336
-0.843849
-1.05223
0.932464
1.32669
-2.65184
0.72464
0.779116
0.0102448
-1.13797
-0.707656
0.161466
-0.00486694
1.32363
0.664823
-0.903063
1.60713
-0.151034
1.06799
-1.35332
0.826849
-1.75284
-0.710023
-0.828279
0.00489907
-0.89881
0.75732
0.529709
1.01795
-1.54766
-0.662099
-0.810628
-0.187763
0.200779
0.896124
-1.85274
0.0648009
0.482336
1.17045
-0.127973
0.0862569
0.0417166
-0.032878
0.595602
0.955924
1.94519
2.47028
-1.51182
-0.531277
1.62065
-1.15952
0.372094
0.908021
1.46928
0.0244468
1.62448
2.58587
-0.925657
-1.426
0.0120449
-0.0689849
0.05694
-1.35001
-0.126127
-0.175109
0.47883
-0.429078
1.49519
-0.144623
0.357225
-0.652846
0.295621
0.0391347
-0.027548
0.0534444
0.0471872
0.690985
0.820561
-0.20074
1.73073
1.50653
-0.685286
0.269496
-0.442022
0.0721045
-0.118472
-0.611112
1.49807
0.878555
0.252229
-0.566146
2.04612
1.39574
2.38909
-1.51641
-0.841448
-0.519625
1.71124
0.903327
1.46894
-2.26677
-0.98974
0.981227
-1.2563
0.27507
0.0232924
-0.110405
0.0668929
0.774127
1.28337
-0.53077
-0.752603
-0.156916
-1.34613
-0.159675
-1.07457
0.685289
1.18269
-0.0313243
-1.53774
-0.159674
-0.0387342
-0.0943551
0.133089
0.647531
-0.602825
1.56075
-0.957927
1.46856
-1.09435
-0.374212
1.10486
-0.0358082
1.36855
0.953874
0.752096
-0.897836
-1.46619
-0.545255
-0.494415
1.03967
0.0149263
1.2111
-0.594018
0.172264
0.421754
2.68119
-1.44873
-1.26267
-1.07725
-0.979405
-0.430767
1.41017
0.0251325
-0.963171
-0.125378
0.507882
-1.79697
1.39214
-0.327077
-1.00354
1.22911
-0.12361
0.0966533
-0.235018
-1.56614
0.963315
-0.38033
0.502757
0.0641699
2.51645
-1.20567
-1.31079
0.654466
-1.14519
1.60329
0.0687068
-1.19578
1.12707
1.13321
1.02623
0.0463159
1.51035
-1.05073
-1.05748
-0.143851
0.076504
-1.62527
0.494112
-0.051362
-0.669345
0.0847167
1.48539
1.03106
-1.08758
1.59726
-0.50968
1.12821
-0.689565
0.211633
-1.56496
0.908499
-1.46409
0.555593
0.297792
-1.69044
-0.878471
1.50501
-0.804859
1.84108
0.425556
-0.217693
-0.0144828
0.0144828
0.176169
-1.17783
-0.986861
0.677645
-0.318209
-1.41162
-1.21752
1.27018
1.41594
0.117869
0.179152
-1.16136
1.75793
1.19356
-1.81299
-2.41559
0.989587
0.0825904
-0.294959
-0.188485
1.12659
0.274013
-0.925671
0.601316
-1.43885
2.48714
-0.151485
0.0683951
1.14702
-0.0198975
-0.51307
-1.20974
-0.635241
1.8288
-0.0494518
-1.58733
0.684268
0.0163578
0.975327
-0.249087
0.0350689
0.214018
1.17633
-0.115574
0.0483136
-0.571516
-0.0357768
0.0357768
-0.774827
-0.0227288
-1.70932
0.881045
0.0437505
-0.0422566
-1.46172
-0.0368233
-0.224429
-0.135312
-0.0613452
0.0355024
1.4753
-0.629075
-0.123834
-0.450979
0.882704
-1.09995
-0.302238
0.0130242
0.289213
-0.0942866
-0.113578
-0.0920194
-0.0665159
-0.640604
1.50365
-0.749758
-0.273442
0.549883
1.32771
1.14771
0.586263
-0.229038
-0.132185
0.864189
-0.823979
2.2214
-0.763483
-1.38877
2.15225
-0.880405
0.575875
-0.0775824
-0.0687025
-0.0865567
-2.6544
-0.128022
1.05597
0.213785
-1.26975
-1.551
0.0834777
0.74153
-0.18128
0.0918655
0.43748
-0.931645
-0.684399
-1.79504
0.177499
-0.0949085
-0.0979691
-1.44838
0.516736
-1.47834
1.53027
0.0930771
1.15882
1.21741
-2.37624
-0.090711
0.142971
0.729744
-0.0639272
-0.100755
-0.884463
0.461869
-1.26063
0.198517
0.916482
-0.24058
0.397571
1.05818
1.18475
-2.24293
-0.106672
-0.505686
1.18564
0.881274
-0.904768
-0.947971
-0.0962194
-0.449557
-0.0447444
0.899625
0.0775836
-0.230475
-0.347207
-0.866085
-0.170061
-0.0823718
-0.170744
0.128464
0.00275371
1.12269
-0.0895596
-0.75919
0.965261
-0.251148
1.38588
0.499465
0.927438
-0.832398
0.1339
0.976989
-1.70081
-1.18076
2.25822
-0.00915231
-0.033572
-0.174777
1.12728
-2.30803
1.43278
-0.970117
0.699655
-0.130787
0.384597
-0.753047
-0.533464
-0.146532
0.0595239
-0.937946
1.42025
0.41024
-1.38965
-1.66999
1.16031
1.80918
-0.844138
-0.965045
0.811006
-0.155915
0.207001
0.419295
-0.626296
-1.03534
0.490087
-0.706672
1.82223
0.240185
1.34071
-2.40721
1.0665
0.781492
-0.571986
0.00820795
-0.143418
0.88843
-0.154939
-0.519285
1.4456
-0.926315
1.05925
-1.42036
0.361109
-1.07369
-0.754397
1.80339
-0.814764
1.2023
-2.41449
1.17391
-0.505846
-1.30618
1.79546
0.202791
0.335562
1.37934
0.330392
0.986834
-1.31723
-0.448039
0.185012
0.579691
-1.02506
-0.795052
-0.76618
1.56123
0.49483
-0.900965
-0.1647
0.00256023
0.16214
-0.459751
2.15062
-1.58765
-1.85891
1.27351
1.25405
0.00666492
0.595716
-1.79256
-0.355486
0.106399
-0.0467937
-1.42659
0.41579
-0.637818
-0.416377
-1.28777
-1.66877
0.530802
-0.430629
-0.260714
-0.361387
0.877485
1.06696
-0.090091
1.14606
-1.44546
2.60428
1.16102
-1.21323
-0.0228612
0.454418
-0.703311
-0.453956
1.15727
-0.0365005
-0.0477779
1.62996
-0.428771
-0.0514465
0.000835508
1.02814
-1.17805
-0.0635565
-1.38192
-1.28512
0.296769
0.231142
-1.23468
-1.07794
1.81388
2.41972
0.125896
-2.39551
1.309
0.63552
0.978343
-0.211634
-0.29263
-2.40327
0.867869
0.300932
0.941822
0.249805
-0.654965
1.81527
-0.00504059
-0.0145979
0.0196384
1.28369
-1.21499
-1.10289
-0.00877966
0.450489
0.313592
1.54426
0.446367
-0.775276
0.0606306
0.855418
-1.47729
-0.953509
0.604043
-1.13099
0.71752
1.1197
-1.45695
1.57733
-1.03029
-0.960666
1.70833
0.407696
-1.06745
-1.86269
0.872949
-0.0743945
-0.6553
0.30965
-0.226047
1.03781
-0.250111
0.0440635
-0.102887
1.16627
-2.34005
0.953802
-0.408921
0.549606
-1.89365
-0.941313
1.41565
-0.067506
-1.17704
-1.32687
0.232942
-0.0371992
1.73392
0.0439615
-1.38517
1.52102
-0.135849
0.540602
1.45061
-1.99121
-1.2105
0.974995
-1.07811
-0.381134
1.45925
0.585358
-0.728076
1.29173
1.41176
-0.895026
-1.59085
0.019736
0.707306
-1.98271
-1.24822
1.24296
-1.82101
0.578053
1.24665
-0.967196
-0.0729544
1.04015
-0.328919
0.466774
-0.141098
-0.325676
-0.562948
0.211299
0.0272719
1.66451
-1.03382
1.83722
0.586325
-0.199151
-0.387174
0.18075
0.290694
-0.471839
-0.267259
-0.383566
1.10177
0.107611
-1.10642
-1.08608
0.970569
-0.273891
-0.696678
-0.0627345
-0.0343194
-1.88543
-0.560349
0.842653
-1.15225
-0.173828
-1.28587
-1.25453
1.14502
-0.591952
-1.22338
-0.661015
-0.108356
0.365417
-0.921699
-1.13801
0.506583
1.93238
-1.33666
-0.752784
0.275367
0.418246
0.672353
1.01511
1.66953
0.922809
-1.03553
-0.89085
0.564616
-0.827644
1.35648
2.28375
-1.22557
1.04093
0.177436
0.355246
-0.375793
0.0205472
-0.0620836
-0.00323416
1.10185
-1.34039
-0.8344
1.08518
-0.697284
0.859397
0.261915
0.0986347
-0.599154
-1.02061
-0.0396393
1.06025
1.47036
-1.65879
0.18843
-2.25745
1.01971
0.187897
-0.4845
1.17098
-0.681865
0.104554
0.00342826
1.35886
-1.24374
-0.115126
-1.20769
0.133115
-0.334086
-1.1553
0.205165
-0.434562
0.229397
0.423815
-0.41755
0.229558
0.167942
-0.293513
0.639282
-1.47881
-0.440491
0.866003
0.508892
0.204275
-0.0205376
-0.611976
1.15782
1.10041
0.951488
-1.38212
-0.0291222
0.0806141
-0.0806141
0.554922
-0.367994
-1.08446
0.829562
-1.28352
-0.0274375
-0.298979
1.06826
-0.0248719
-0.197611
-1.22275
1.51993
-2.20603
0.00275826
0.94686
-0.158894
0.527018
1.05669
-0.334203
0.356952
-0.0227497
0.955175
-0.0482606
-0.906914
-1.08279
0.353568
-1.87546
1.52189
-0.205496
-1.05416
1.13202
-0.077868
0.513018
-1.59113
-0.928675
0.0473303
-1.28041
0.0299473
-1.22958
1.20598
-1.37867
1.30169
0.07698
0.107582
0.317974
0.443041
-1.87154
1.17059
-2.29958
1.12899
0.028794
0.000599498
-0.274864
-1.08198
0.451504
-1.52496
0.141643
0.872133
1.09287
-1.965
-0.419366
0.783585
0.123998
-0.0358122
-0.0881861
0.185396
-0.185396
1.39445
0.245722
1.67367
1.53318
0.429107
-0.898224
0.0247137
0.195443
0.577532
-1.41506
2.39039
-0.135192
1.60555
-1.59214
-0.444333
-0.431159
0.45929
-0.651468
-0.694387
0.257421
0.436966
-1.22496
1.28856
-0.0635937
0.576754
-1.3298
1.04821
-2.06734
1.01913
1.48098
-0.119731
0.197979
-1.40308
-0.0320358
-0.509845
-1.09474
1.17873
-1.33882
0.0309017
0.766039
0.122661
-0.92574
-0.604117
0.0803594
-0.0674993
0.313823
-0.113044
0.881877
0.599104
-0.183216
0.190572
-1.50856
-1.50693
1.53314
-1.50919
-0.92605
1.77234
1.31762
0.922813
-0.174781
1.62974
0.39385
1.03842
0.192156
-0.0277036
-0.346907
-1.14252
-0.133902
-1.24802
-0.957331
0.000335052
-0.000335052
0.710876
-0.240064
0.940064
-1.73512
0.00280635
-1.94894
-0.00836289
0.00836289
-1.23267
1.58826
-1.22715
-0.0175567
0.0175567
0.395164
1.23562
-0.0144625
0.425744
-0.0268698
0.0268698
0.719425
-0.0293319
0.0293319
0.0540057
1.25206
-1.30607
-0.224331
-0.0367613
0.0367613
0.210823
-0.0754961
0.0378452
0.0376509
0.0326126
-1.16979
0.788098
-1.56381
-0.468954
0.0369812
-0.0369812
-1.64127
-0.574672
-0.378784
-0.353163
1.02297
-0.669806
-1.24555
0.0590219
-0.0590219
-0.0576046
-0.0660055
-0.0355365
0.0355365
-0.48048
-0.490623
-0.0765426
0.0765426
-2.14322
-0.853239
-0.0370621
0.0370621
0.328165
0.881899
-0.0667033
0.0667033
-0.0346042
0.0346042
-0.707876
-0.0619052
0.0619052
-0.0344794
0.0344794
-0.623983
0.846249
-0.0602683
0.0602683
-0.533644
0.131505
1.43223
-0.765931
-0.0361855
0.0361855
-0.0466309
0.0466309
-1.33714
-0.164636
-0.685278
-0.598241
-0.049067
0.049067
0.612035
0.0876113
-1.35081
2.16438
-1.6565
0.14935
-0.189838
0.040488
-0.183875
-1.38109
0.0757766
-1.04054
1.31736
0.546249
0.0479473
-1.9601
1.05644
0.106851
-0.105437
-0.00141359
0.0391003
-0.0391003
0.0129368
0.0766911
-1.25373
-0.456627
0.169823
0.0322756
-0.0188036
0.0188036
-0.0101349
0.0101349
-0.00295679
0.00295679
0.00336728
-0.00336728
0.00787175
-0.00787175
1.51279
0.0203913
0.0118548
-0.0118548
-0.0189855
0.0189855
0.0807343
-0.0432913
0.0432913
0.272995
-0.0342643
-1.25606
1.18103
-1.98318
0.683642
0.941067
0.0195523
-0.0195523
-0.047989
0.047989
0.0193021
-0.0193021
0.466673
-0.451505
-0.0312311
0.0710339
0.0194952
-0.0194952
-1.33784
0.0314912
-0.0314912
0.620856
1.32467
-0.494861
-0.319836
0.901106
0.0192085
-0.0192085
-0.0379268
0.0379268
0.0219064
-0.0219064
-1.3728
0.606625
0.413965
-0.30595
-0.108016
-0.00133654
-1.29298
0.193031
-0.0399526
0.0399526
-0.264388
1.33784
0.167797
-1.16645
0.0114492
-0.0114492
-1.51798
-0.0416291
0.0416291
2.27326
-1.93507
-0.00851441
0.00851441
-0.0411197
0.0411197
0.148052
-0.148052
1.00593
-1.84203
-0.00731451
0.00731451
-0.0417192
0.0417192
-0.545474
0.955724
-0.41025
0.942418
-1.72251
-0.456209
-0.39272
0.848929
-1.26045
-0.0485703
0.600657
0.897417
0.0066782
-0.0066782
-0.0163596
0.0163596
-0.0338295
0.0338295
0.818129
-1.60456
0.899359
-2.31442
-1.4213
1.4213
0.672403
-1.29774
-0.633059
0.42798
1.71763
0.00801474
-0.00801474
-0.0440256
0.0440256
-0.990866
-0.490532
0.00903379
-0.00903379
-0.0486725
0.0486725
0.49817
-0.564131
-0.217262
0.264749
-0.0509965
0.0509965
0.0117858
-0.0117858
-1.63632
0.77023
-2.03989
0.894703
0.0063712
-0.0063712
-0.492552
0.254583
-0.0579059
0.0579059
0.0223448
-0.0223448
-0.0457253
0.0457253
0.0253628
-0.0253628
-1.18652
1.00379
-1.30149
0.00267331
0.840702
-1.51005
-0.0439309
0.0439309
0.0493646
-0.0493646
-0.0828134
0.0828134
0.024551
-0.267142
0.523148
0.0305443
-0.0305443
-0.0599182
0.335376
-0.0467307
0.0467307
-0.367256
0.71175
1.50965
0.0637267
-0.90586
0.0480443
-0.0480443
-0.0481511
0.0481511
-1.25371
1.20692
-0.708521
-0.544257
1.25278
-1.41265
-1.14102
0.773701
0.108284
-0.430027
0.321743
0.0520009
-0.0520009
0.00294293
-0.00294293
-0.0441451
0.0441451
0.442213
0.30471
-0.164485
0.246018
-0.614332
0.368314
-0.310219
0.349874
0.225566
-0.076323
-0.149243
0.109578
-0.109578
-1.40711
1.40711
-0.0440849
0.0440849
0.518028
-0.448142
-0.437795
0.0961892
-1.12835
-0.0514192
0.0514192
0.087162
-0.087162
-0.14438
0.0733016
-0.892877
1.63302
-0.0544091
-1.19114
0.896179
0.0472815
-0.0472815
-0.0410092
0.0503653
-0.0503653
1.55641
0.941993
-0.57061
-0.244607
-0.540873
0.365764
0.343948
-0.388693
-0.0867761
-0.129774
-0.512862
0.642636
-1.8187
1.11105
0.0376353
-0.0376353
0.30983
0.840522
-0.0544641
0.0544641
-0.743101
0.848286
-1.00733
-0.11995
0.0501393
-1.23665
0.0265432
-0.0265432
-0.0558013
0.0558013
-0.0563999
0.0563999
-0.0646078
0.0646078
-0.0597409
0.0597409
-0.0623011
0.0623011
-0.0604083
0.0604083
0.217154
-0.228217
0.05501
-0.0619892
0.0619892
0.882617
0.0742252
-0.0742252
-0.42913
0.449788
0.237361
0.0132201
-0.0132201
0.971443
-1.76972
0.658131
-0.0321252
-0.0193213
-0.107606
-0.351275
0.458881
-0.000602371
0.000602371
0.473283
-0.0126833
0.0126833
-0.024911
-0.0207293
0.0207293
1.3631
0.911952
-0.348673
-0.0215648
0.0215648
0.0756194
0.116682
0.468335
-0.137091
-0.331244
0.0166639
-0.0166639
-0.124689
-1.05314
0.124577
-0.287157
0.549108
-0.581144
-0.939169
-0.113059
0.726252
-0.15317
0.487274
0.113272
-1.10724
-0.959169
-0.472368
0.0552853
0.0651132
0.0102819
0.892282
0.238457
-0.00681363
-0.131596
1.12368
1.18873
0.068003
-1.25673
0.758729
-0.21248
0.225108
0.949905
-0.842116
-0.107788
0.475696
-0.0689866
-0.0261381
-1.36995
0.963148
0.4068
-1.42591
0.795626
-1.0121
-1.73938
-0.133862
1.87324
1.42167
-1.96213
-0.855119
-0.898703
-0.934206
-1.35262
0.0122364
0.0651089
-0.0651089
0.139674
-0.365393
0.591653
0.211233
-0.212869
0.482365
-0.00738516
0.00738516
-0.174552
-0.819512
-0.0725324
-0.962188
0.77085
-0.0514247
0.384287
-0.337885
0.741036
-1.42632
-0.305635
-0.0430269
0.668227
-0.601714
-0.357455
-0.813702
-0.191459
-0.35086
-0.0913521
1.82819
1.30595
-0.0538862
0.000198175
-0.428261
-1.39481
0.614154
-0.109231
-1.06871
1.73166
1.3689
-0.121718
-0.124253
-1.617
-1.32318
0.238719
0.124538
-0.0124833
2.68007
-1.53236
0.0937149
0.00491978
1.27537
0.279148
-0.588245
0.23824
-1.10505
-1.12876
0.687355
-0.345704
-0.803594
-0.433578
-0.578755
-0.0812151
0.0812151
0.0119734
-0.0119734
-1.05912
0.151364
-0.508516
0.357152
-0.584569
1.36928
-0.663365
-0.859476
0.51748
-0.107906
-0.87602
0.23685
-0.285894
0.605559
-2.26816
1.75103
0.517131
-1.10577
1.03282
0.900754
-0.302762
-0.597992
-1.11455
-0.19715
0.0297257
1.01897
-0.909343
1.69744
1.16129
-0.337819
0.923177
-0.169312
0.090373
1.01128
-0.319057
-1.01422
1.01422
-1.25339
0.237187
-0.124836
-0.112351
0.709164
-0.239532
-0.397914
0.223419
-1.5039
1.53816
-0.0110334
-0.381515
0.862013
-0.920871
0.058858
-1.61122
-0.440047
-0.0839187
0.0315426
0.87602
0.722503
-1.26831
0.545811
0.190021
0.000700038
0.295062
1.11633
-1.41139
0.712125
0.12819
-0.599005
0.248145
0.326193
-0.158826
0.196341
0.0028141
-0.609487
0.563829
-1.23048
0.358413
2.17371
-1.44397
0.143351
0.203702
-0.219385
0.0156833
0.222391
-0.52207
0.299678
0.218193
0.0939434
-0.0939434
-0.244595
0.670803
0.688275
1.10837
-1.10837
0.154064
0.0495584
0.129216
-0.555891
1.06789
-0.18204
0.609522
0.347728
-0.121639
2.26837
-0.925072
-1.03307
0.135231
-0.107867
-0.288729
0.396596
0.260456
-0.45465
-0.476028
-0.0372004
-1.14485
-0.0215979
1.18875
-0.51111
0.957082
-0.445973
0.33081
-0.0935528
0.971834
-0.128126
-0.0164732
0.763869
-1.82135
0.975985
0.891043
0.0849422
0.929483
-0.961169
-0.452214
-0.033502
-0.272133
0.968718
-0.883268
-0.0854504
-0.20311
-0.222047
-0.116756
-1.77719
0.526423
-0.136093
0.47611
-0.00933587
-1.28739
2.15526
0.00471773
-0.100727
0.138866
0.806667
-0.854927
-0.0153052
0.0153052
-1.52313
0.416125
-0.105185
1.99839
-0.48869
0.690795
-0.112885
0.000753702
0.0719846
0.471652
0.0733794
0.130227
-0.0750536
0.244833
-0.128989
-0.194193
0.323183
0.0327605
-0.0327605
0.114786
-0.114786
-0.771865
1.71428
0.721512
-1.973
-0.0177585
0.0177585
0.961169
-0.558777
0.25478
0.0180735
-0.90043
0.882356
-0.281735
-0.115929
-0.376107
-0.636022
0.322058
0.293685
0.371221
0.639173
-0.458803
0.877111
-0.00887198
0.00887198
-1.70869
2.10254
-0.101092
0.101092
-0.0160484
-0.171312
0.464374
-0.293062
-1.10631
-0.166389
-0.554277
-1.11628
-0.153466
0.652013
-0.739647
0.427587
0.468139
0.0422532
0.514797
-0.581313
-0.30991
0.491067
-0.181157
0.60412
-1.34007
0.180549
1.58932
-0.725133
-0.251747
-0.254568
0.506314
-0.238165
0.653955
0.00743375
0.0779439
-0.0853777
-1.26338
-0.372186
0.259862
0.588003
0.118823
0.0150773
-0.873719
0.330761
0.0290987
0.354885
-0.587538
0.117808
-0.174837
-0.317715
-2.12986
-0.816615
1.35359
0.251965
0.0122178
-0.0122178
-0.110697
-0.911994
0.00613375
-0.011757
0.702844
-1.3205
-0.0435435
0.196505
-0.152961
-0.0842884
0.0842884
2.02601
-0.360999
-1.66501
0.615091
-0.279374
-0.82953
0.385198
0.196818
-0.227664
0.372018
-0.107342
0.290697
-1.39701
-0.790051
-0.0298284
-0.998184
-0.139064
2.24173
-0.000963454
-0.034572
0.0355355
-0.452298
0.293854
0.180973
0.963889
-1.73575
0.306579
-0.210001
-0.2844
-1.25453
0.722937
0.378837
0.0922732
-0.0922732
0.809619
0.230532
-0.491641
0.203951
0.194952
0.15203
1.36076
-0.206001
-0.488385
-0.187285
1.38785
-0.811
1.57487
2.25733
0.131204
0.136321
0.290437
1.74027
-0.812834
-1.36741
1.3804
-1.60307
-1.04561
-0.471949
-0.43747
0.167472
0.269998
1.44017
-0.105485
0.0872851
-0.994199
-0.0647149
-0.14704
0.533997
-0.0759492
-1.54575
0.164657
0.976917
-0.0860743
-0.828126
0.164575
2.15052
-1.01731
0.59116
-0.860549
0.346388
0.10803
2.08934
-0.0452704
-0.282956
-0.464473
0.660406
0.58444
-0.533968
0.14781
0.286728
0.901799
-0.234849
-0.215836
0.450685
1.12585
0.667963
1.66236
0.477495
-0.0510058
-0.0410092
-0.129593
-0.238374
0.367967
0.32245
-1.29515
-1.00444
0.0440635
-0.182123
0.536146
1.11099
-0.604402
-0.954168
0.00888671
-0.0525348
0.195545
-0.505339
1.21906
-0.116245
0.119473
0.236273
0.459024
-0.688123
0.612558
-0.355137
-0.337225
-0.120354
0.457579
-0.917061
-1.04794
0.0433469
-0.0154463
-0.390952
0.374904
0.842209
-1.60026
0.758051
0.584625
-0.193926
-0.390699
0.967427
-0.500424
-0.995935
1.2803
-0.0989923
-0.0367186
-0.0393693
-0.370713
-0.147906
0.390468
0.311839
-0.363965
-0.259412
-0.0750828
0.334495
1.32552
0.139803
-0.139803
0.605608
-0.113268
-1.47887
-0.113023
-0.26277
0.746279
-0.418114
-0.17845
-0.404042
-0.0116706
0.0116706
-0.239222
-0.137314
0.376536
-0.460041
0.268488
-0.00931314
-0.158222
-0.276526
0.526318
-0.875737
-0.6385
1.70465
-1.79576
0.0512939
-1.01486
-1.19926
2.28183
-1.60418
-0.187848
-0.317491
-0.277421
-0.218762
-0.643839
1.28301
-0.332097
-0.296871
-0.237675
-0.255794
0.493469
-0.277857
0.465754
-1.21019
1.00465
-1.95882
-0.0812395
0.128427
-0.000519982
-0.467661
-0.0565566
0.692077
-0.35173
-0.110512
-0.171771
-0.195733
0.367504
-0.390129
0.674401
0.000373103
0.0145532
0.216243
-0.165218
1.46965
0.00144465
-0.428577
0.953218
-0.524642
-0.0444712
0.465823
-0.421352
-0.266051
0.0136344
-0.00891945
0.606033
-1.38131
-0.04702
-0.407424
0.643697
0.376328
-0.280749
-0.0955788
0.955257
-0.955257
-0.00152562
-0.0230323
-0.152949
0.151535
1.202
-0.0311395
0.0175453
0.0135942
0.200815
1.60725
-0.789117
-0.753502
0.0150497
0.440212
1.32801
-0.591992
1.55588
0.00245791
0.905421
0.935662
-1.60064
-0.203408
-0.0385989
0.0107117
0.0278871
-0.0376028
0.00479812
-0.343875
0.260576
0.00012483
-0.157362
-0.279629
-0.0419132
0.0419132
-0.204021
-0.226164
0.430185
0.224109
-0.273561
1.30615
0.00163686
0.00279979
-0.899776
-0.251546
0.214723
0.296721
-0.410298
0.232154
-0.817023
1.58325
0.0326521
-0.431082
-0.60426
0.0195562
-0.172505
-0.395983
0.063338
-0.0894761
0.262107
-2.01081
0.486298
0.699346
-0.32137
0.243788
-0.0694278
0.360122
0.625328
-0.185988
0.298651
0.425738
-0.724389
0.0991787
-0.0350088
-0.440125
1.32117
-0.876718
-0.45644
0.902807
0.527683
-0.105929
-0.190566
0.618546
0.924153
-0.484796
-0.759011
1.43185
0.332315
-0.625828
-0.0434134
-0.251546
-0.0376449
0.321422
0.305402
-0.422773
1.37803
0.860855
0.84747
0.0320137
0.748944
-0.449533
-0.299411
0.326566
-0.178597
1.76591
-1.33833
0.340546
-0.441301
0.742312
0.971971
-0.464851
-1.29578
0.0965216
-0.00419096
0.221841
0.241294
0.00851097
0.0362465
0.013472
0.555094
0.00866866
0.00717815
0.00632407
-3.50342e-05
0.00450448
-1.33087
1.90826
-0.371999
0.000566831
-0.547077
0.998581
1.23112
-2.0898
0.858686
-0.00145729
0.0463382
-0.000250203
0.453682
-0.644248
-0.0138576
0.0138576
0.0986628
-0.0124059
-1.00785
1.5846
-0.0230323
-0.254083
0.691049
0.000193136
-0.684095
-0.498666
0.354815
0.12474
-0.000286722
-0.808933
-0.232872
-0.00643565
-1.29826
0.0655093
-0.300527
0.00269793
-1.34364
0.290494
0.192144
-0.293006
0.763329
-1.57226
-1.06661
0.200307
-0.133001
0.133001
-0.0020258
-0.0617853
0.0026259
-0.167389
0.17348
0.0587385
1.72066
0.457745
-1.53035
1.8323
-0.00167649
0.304755
-0.0340126
-1.13578
0.00209589
-0.077592
-0.139722
0.603017
-0.522658
-0.151963
-0.393326
0.267253
-0.112974
-1.14076
0.802221
0.000509455
0.127462
0.458801
0.872728
1.59118
-0.690076
1.13565
-1.08551
0.632117
0.328047
0.397902
0.451867
0.335611
-0.266649
0.241777
1.32854
0.0191892
-0.714463
-0.435302
0.172337
-0.201459
1.17365
-0.47427
0.18164
0.467023
-0.261858
0.331899
0.283192
2.23577
0.131802
-0.148706
-0.0411313
-0.00214322
0.304447
0.00907791
-0.313525
-1.09064
-0.729289
-0.90637
0.119591
-0.0529033
-0.0666874
0.491521
-0.901771
-0.00537596
-0.840918
-1.47837
-0.0373444
-0.20558
0.107478
0.147082
-0.00232403
0.00275204
-1.30412
-0.00367439
0.319915
-0.411399
-1.11993
-0.609427
0.481301
1.49174
0.517809
-1.12221
0.57072
0.785763
-0.548062
0.150246
-0.0404655
-0.0384739
1.45353
-0.490378
-1.01646
0.410027
-0.119724
-1.01501
-0.360861
0.289438
0.0571456
-0.025603
0.00179441
0.0240018
0.940988
0.991391
0.544038
0.690364
-0.742415
-0.683908
-1.14153
-0.660177
0.916229
-0.442409
-0.352965
-0.206941
-0.330597
0.506297
-1.13728
-1.76552
0.0579962
-0.254357
0.303122
-0.0487654
-1.35266
-0.913576
0.00395662
1.46623
0.00400599
-0.376483
-1.43841
-0.392265
0.255174
-0.339593
0.35493
-0.474175
0.119244
0.196439
6.02907e-05
0.359894
0.413507
-0.13446
1.85917
-1.70596
-0.67471
-0.129686
-1.36486
-0.0172628
0.215991
-0.140214
0.0683381
0.952074
0.108769
0.0554006
-0.0309537
-0.0679821
1.48352
-0.912796
-0.00413768
-0.816735
0.107542
-0.0229132
-0.0846285
1.59081
-0.827476
-0.568968
-0.38809
-0.205072
0.593163
-0.536221
0.174054
-0.581478
-0.00964615
-0.00409878
0.420529
-0.598979
1.20817
0.464569
0.00219933
-0.168624
-0.440803
1.69823
-0.909567
-0.348305
0.182568
-0.0110921
0.244121
-0.037668
0.430548
-0.325995
1.4084
-0.628992
-0.324192
0.512012
-0.187821
0.272863
0.366419
-0.764586
-0.551948
-0.000598593
-1.13569
0.644048
0.296246
-0.37052
-0.0133231
0.721681
0.630683
-1.35236
0.00189278
-0.369495
0.261889
-0.00158084
-0.218396
-0.419422
0.0237227
-0.415172
-0.55477
0.317096
0.079117
-0.0138225
-1.35262
0.305712
0.576062
0.594921
-0.0120809
0.0852712
-0.655534
0.420084
-0.00804598
-1.12169
-0.156668
-0.57013
0.459608
-0.58145
0.335681
-0.497309
0.179818
-0.693651
1.23946
2.0682
-1.0932
0.0394341
0.819836
-0.754723
0.660102
0.084455
0.123066
-0.168175
1.18945
0.444417
-0.371115
-0.0156403
0.354955
1.00261
0.744088
-1.09821
-1.0371
1.09302
0.422407
-0.108095
-1.24774
-0.436737
-0.49219
2.24322
0.920419
-0.494681
0.0150007
0.320663
-0.461761
-0.326142
0.0184226
-0.366094
0.546038
0.247913
-0.605512
0.357599
-0.0932483
-1.16129
-1.34367
0.123172
0.067052
-0.589218
0.506747
-1.16376
-0.57174
1.67553
-2.05048
0.187352
0.952963
-0.581785
-0.371178
-0.0616542
0.0305147
0.399532
0.0228756
-0.308915
0.520148
-0.254607
-0.117579
1.10836
1.19633
0.209924
-1.08839
-0.00801455
-0.0175627
0.102279
-1.01466
-1.10757
-0.19357
0.0923759
-0.0900519
0.788579
-0.147463
-0.258749
0.406212
0.296344
-0.163018
-0.274452
0.189223
1.23629
0.688605
0.270974
-0.00924405
-2.01353
-0.179272
0.16563
-0.129798
0.441249
-1.00417
-0.294324
0.0271822
-0.182814
0.209565
-0.0267502
-1.19088
0.716497
-0.955808
1.87229
0.0644796
0.271201
0.884765
0.31245
0.817194
-0.00854944
0.0235897
-0.0230229
-0.320947
0.0380536
-0.0383403
-0.443136
-0.674033
-0.309207
-0.108701
0.596101
0.452407
0.34307
-0.478382
-0.0766999
0.0791578
-0.50962
0.301297
-0.104167
0.56722
0.471876
0.0113761
-0.0113761
0.0049933
0.10739
-0.0987214
-0.933141
0.177011
-0.659331
0.0127283
0.0068016
0.178536
1.17166
-0.0646704
0.238646
-0.303537
0.0648908
0.525452
-0.277307
0.322027
0.0486836
0.0669135
0.092063
-0.305017
0.286204
-0.493891
0.145217
-0.5079
-0.147624
0.448921
-0.591256
-1.69667
-1.15899
2.3701
0.631583
-0.327547
1.64112
0.432947
-0.0889986
-1.42193
0.250295
-1.22225
1.57324
-0.350992
0.0369566
-0.0369566
0.00536865
-0.22159
0.216222
0.234229
-0.0870263
-0.147202
-0.266561
0.434032
-0.00311076
-0.586301
0.592663
-1.59715
1.83734
0.484565
0.574513
-1.29965
-0.0325774
0.403575
-0.309721
0.312204
-0.319322
0.00310144
0.4392
-0.370862
-0.0683693
0.107504
-0.00417331
0.0399501
0.175726
-0.122282
-0.41089
0.294599
-0.401271
-0.623744
1.29197
-1.47276
-0.173363
-0.374699
0.297775
-0.526812
0.0224727
0.495007
0.801689
0.00619666
0.00289501
0.546193
1.93415
0.287667
-0.690069
0.250312
-0.292569
1.52071
-0.597902
-0.421915
0.110039
-0.0335346
0.24054
-0.327096
-0.0800594
0.0222005
0.0536429
-0.894561
-0.841403
1.86145
-1.01398
0.000244331
0.549047
-0.0453005
-0.0137214
-0.0663042
1.17075
-1.10445
0.218837
0.343459
-0.15387
0.0589614
-0.407608
0.325236
2.03725
0.250324
-0.348293
0.223964
-0.347798
-0.392376
-0.171755
-0.0453005
-0.0250536
0.0446921
0.870305
0.319062
-0.05914
0.126437
0.014564
0.0288317
0.0485396
-0.0485396
-0.299091
-0.107323
-0.161872
-0.549424
1.44171
0.081042
-0.049559
0.0746915
-0.0407275
-0.460024
0.332002
0.176694
-0.0340066
1.85431
-0.942362
0.0668646
-0.198785
-0.235778
-0.0401712
0.0556422
-0.947944
-1.01088
0.819798
-0.723003
-0.658305
0.0649893
0.269506
-0.465681
0.931726
0.0278746
0.0405431
0.0327255
-1.92755
-0.0278746
-0.91856
-0.366406
0.225595
-0.0944502
0.0278133
0.338326
-1.36338
-0.570377
-0.588453
-0.108543
-0.118534
0.0805226
0.784464
-0.022783
-0.544339
0.116139
0.260397
-0.154259
-0.0441102
0.412017
-0.191763
-0.859933
0.146982
0.220522
0.368068
-0.527741
1.09968
-0.780777
0.279834
0.0323705
0.620847
0.406347
-0.289665
0.00428546
-1.69188
1.59864
0.824506
-0.349221
-0.475285
-0.34693
0.0661808
0.0791371
-0.303566
-0.0995598
0.37816
0.0387116
0.830255
-0.86097
-0.40791
0.30835
0.0671013
-0.026327
-0.136898
-1.03671
0.158328
-0.185765
-0.0802708
-0.0665147
0.146786
0.00982917
-0.0454312
0.0454312
0.659268
-0.936178
0.0357481
-0.00453746
0.00453746
-0.480001
-0.308496
0.153557
0.0383862
-0.273197
0.641342
-0.341664
0.344026
-0.102641
0.101228
0.0699538
-0.0340066
1.26072
-0.133266
-0.0392388
0.300406
-0.691105
-0.187355
0.558576
-1.43908
-0.571733
0.353869
-0.106722
0.148439
0.213934
-0.591256
-0.200331
0.0445511
-2.57962
-1.20182
-0.0220705
-0.459864
-0.412184
0.854397
0.0529355
0.107444
0.0311761
0.537627
0.176984
-0.197522
-0.0311761
0.0149753
-0.186745
0.00140517
-0.755694
-0.147076
-0.707851
0.751911
0.31598
-0.0186361
0.310446
0.793934
-1.81124
0.00284771
-0.158049
0.0283359
0.348627
-0.0773761
1.65367
-1.17086
-0.404169
0.0248207
0.220492
1.37727
-0.0623226
0.898322
-0.591013
1.51383
-0.0161882
-0.774638
0.645113
0.0210923
0.295559
-0.0740266
0.0944865
-0.692907
0.36081
-0.675178
0.437014
-0.541119
-0.163127
0.889936
-0.270545
-0.0934206
0.00821743
0.133528
-0.291162
-0.0149937
0.364388
-0.51032
0.328016
0.182304
0.14022
0.021662
0.0415786
0.990624
-0.855393
1.03446
0.0600574
-0.021662
1.68881
-0.52137
0.170095
-0.0193827
-1.07125
-1.94699
0.000920113
-0.172018
0.167254
-0.480779
-1.09013
0.169155
-0.0808308
0.517853
-0.735947
1.19793
0.0724358
-0.0157576
-0.100171
-0.871538
1.03759
-0.155596
-0.0809551
-0.255614
-1.11929
-0.139652
-0.109391
-0.200588
0.34984
-0.590379
1.30688
-0.00542248
-0.0463403
-1.02041
0.00805782
0.133588
0.0759761
-0.125881
-0.121518
1.00017
1.83016
0.327582
0.474073
-0.0152727
1.60099
-0.660007
0.0396827
1.11093
0.444949
-0.366335
-0.540604
0.385008
-0.0775181
0.192705
-0.25947
-0.119479
-0.287609
0.225525
0.0731062
-0.0022167
0.0205265
-0.271675
0.138577
0.640738
-0.0650268
-0.143272
0.381032
-0.568913
0.424533
0.385119
1.93637
-0.00800864
0.256288
-0.352508
-0.0134285
0.208267
-0.286486
-0.172927
-0.100075
-0.0244749
-1.40111
0.048494
0.240595
0.133654
0.3321
-1.48945
-0.419073
0.783612
-0.349187
-0.434425
0.00794606
1.19405
0.511149
-0.199015
-0.222772
0.00937976
-0.488877
-0.371671
1.78864
-0.105324
-0.198079
-0.0210923
-0.0116683
0.0934355
0.0650268
0.754805
-0.393622
-0.958742
-0.302884
-0.00816796
-0.000631686
0.171198
0.258986
0.149707
-0.340483
0.244904
-0.279453
0.28632
-0.37974
0.649084
0.578463
-0.0196517
0.2013
-0.251344
-0.262251
-0.39172
0.254822
0.903239
-0.775317
-0.146379
-0.35757
-0.223908
0.120371
0.0587569
0.01012
-0.878555
0.812251
0.395859
-0.835906
0.0190623
-0.0190623
-0.637279
-0.761223
0.427571
-0.129796
-0.0348672
-0.207586
1.48287
-1.27528
0.0738488
-0.0753745
-0.63595
-1.08528
0.544693
-0.289913
0.675785
0.0390569
-0.412393
-0.125093
-0.394051
0.29141
-0.0326311
0.0328243
-0.191778
0.104517
-0.424684
0.0574284
-1.70559
0.171751
-0.526889
0.036155
0.317406
-0.324509
-0.0121636
-0.0806399
0.087818
-0.953041
-0.307009
-0.0914465
0.0872732
0.0253645
-0.249388
0.363852
0.123975
-0.372587
-0.0782176
1.43362
-0.774355
-1.17918
-1.1384
-0.017257
-1.23823
1.25549
-0.0343754
0.113492
-0.156575
-0.797897
0.105535
0.159029
-0.0412215
0.0819663
-0.0836428
-0.201805
-0.389451
-0.5421
0.0232775
-0.0204298
0.736149
-0.27158
0.305108
0.391108
-1.36366
-0.201967
-0.295342
-0.431583
0.784761
-2.32378
-0.233137
-0.292701
0.0114261
-0.0660208
-0.344681
0.320915
-0.563222
1.75575
-0.713898
-0.0890718
0.224747
-0.782182
0.31733
1.03917
1.3136
-1.55298
0.0614123
-0.340151
-0.0350853
-1.36179
-0.303214
1.59011
0.0439044
-0.0535506
0.302107
-0.0583192
-0.265018
-1.26379
0.463081
0.648494
-0.458735
1.90393
-0.387251
0.0551751
0.111037
0.0310643
-0.12159
-0.66304
0.0881972
0.412298
0.0248207
-1.26182
0.110932
-0.0433958
0.0323037
-0.0414927
-0.0316778
-0.0315199
0.240448
-1.37003
-0.253317
1.18516
0.0107942
-0.837861
-0.190337
-0.282411
-0.624177
0.348479
-0.00918589
-0.0321051
-0.0733803
0.621522
0.0624861
-1.50089
0.398704
-0.412354
0.484201
-0.0520947
0.0584188
0.398341
-0.979289
-0.0399501
-0.00535043
0.84641
-0.092613
1.20354
-0.0881663
0.163673
0.699257
1.24893
-1.2866
0.058238
0.421293
-0.290486
0.253141
-0.159383
0.0873638
-0.0893896
0.12193
-0.111649
0.0620753
0.134803
0.913217
-0.0236546
0.0456976
-1.28393
0.258291
0.510037
-0.296175
-0.213862
0.440765
-1.32154
-0.0022167
0.24362
-0.127328
0.132126
0.424676
-0.100093
0.00232075
-1.06331
1.21615
0.430643
-0.0207859
-1.53744
0.428986
0.0429308
-0.14449
-0.0719433
-1.15148
-0.0327403
1.18422
0.0692674
-0.205683
0.118242
0.0126217
-0.0247026
0.0337622
1.23303
0.467373
-0.135781
0.0582756
-0.26864
-0.446585
-0.138484
-0.0357233
0.0791101
-0.0261924
-0.17924
-0.835625
-0.228985
0.00119239
-1.43944
0.0197444
0.0594134
-0.0553355
0.176827
-0.0160944
-0.102377
-0.222612
0.209807
-0.829282
-0.0554286
-0.0550838
-0.782031
-0.0168046
0.0354775
0.549012
-0.369195
-1.67083
2.15905
0.35923
0.0698176
1.09274
-0.0132992
-0.449599
-0.564003
0.270692
-0.250144
-0.103938
-0.0239048
0.81927
0.219227
-0.593152
-0.138272
-0.160349
0.953438
-0.418372
-0.0456403
0.0332344
0.210088
1.419
0.00183717
0.36898
-1.41692
-0.408314
0.0206873
-0.176603
-0.652679
0.0463015
-1.17826
0.382961
-0.898961
-0.383112
-0.0081016
-0.560563
-0.327424
0.112136
-0.481331
0.486473
-0.654692
-0.304947
-0.106142
-0.390358
-0.143865
0.353139
-0.224891
1.15168
-0.00304333
-1.32193
-0.412798
0.658572
0.182018
0.100893
-0.536521
-0.544183
-0.477874
0.378167
0.167739
0.021907
-0.139514
-1.39446
0.0890064
-0.268432
0.450736
0.713063
0.344671
0.976561
0.522001
0.0941038
-0.22379
-0.153009
-0.0241031
-0.643734
0.378716
-0.116999
0.0290675
0.0293513
-0.117336
0.536738
-0.151618
0.0981242
0.489314
-0.177037
-0.303742
0.105058
0.0341114
-1.04877
-0.037528
-0.199989
0.619581
0.150031
-0.108697
-0.029787
0.106805
0.0210016
0.0899301
-1.49029
0.118702
-0.186584
1.16024
-0.0244491
-0.00801769
0.681874
0.129606
0.0980454
-0.122116
-1.11541
-0.0793875
-0.125192
-0.245393
0.212372
0.120902
0.0595382
0.0884078
1.78028
-0.470614
-0.647651
-0.407815
0.330975
-0.0614697
-1.00846
0.602023
-0.00429013
-0.685995
0.0981808
-0.279809
0.471988
-0.0258394
-0.374188
0.696246
-1.32616
0.307279
-0.882942
-0.659317
)
;

boundaryField
{
    SideWalls
    {
        type            empty;
        value           nonuniform List<scalar> 0();
    }
    Top
    {
        type            calculated;
        value           uniform 0;
    }
    Inlet
    {
        type            calculated;
        value           nonuniform List<scalar> 
18
(
-1.94444
-1.94444
-1.94444
-1.94444
-1.94444
-1.94444
-1.94444
-1.94444
-1.94444
-1.94444
-1.94444
-1.94444
-1.94444
-1.94444
-1.94444
-1.94444
-1.94444
-1.94444
)
;
    }
    Bottom
    {
        type            calculated;
        value           uniform 0;
    }
    Outlet
    {
        type            calculated;
        value           nonuniform List<scalar> 
18
(
2.16713
1.97868
2.07502
1.95104
2.01171
1.92633
1.88016
2.11359
2.13361
2.15954
2.0395
1.88586
2.05978
1.90109
1.83291
1.56302
1.88097
1.44005
)
;
    }
    Plate
    {
        type            calculated;
        value           uniform 0;
    }
}


// ************************************************************************* //
