/*--------------------------------*- C++ -*----------------------------------*\
| =========                 |                                                 |
| \\      /  F ield         | OpenFOAM: The Open Source CFD Toolbox           |
|  \\    /   O peration     | Version:  2306                                  |
|   \\  /    A nd           | Website:  www.openfoam.com                      |
|    \\/     M anipulation  |                                                 |
\*---------------------------------------------------------------------------*/
FoamFile
{
    version     2.0;
    format      ascii;
    arch        "LSB;label=32;scalar=64";
    class       volScalarField;
    location    "4.5";
    object      p;
}
// * * * * * * * * * * * * * * * * * * * * * * * * * * * * * * * * * * * * * //

dimensions      [0 2 -2 0 0 0 0];

internalField   nonuniform List<scalar> 
5098
(
-0.723531
0.451024
0.258679
2.04932
-0.649837
2.27508
0.0113831
-0.816258
0.244463
0.266736
-0.232667
0.841028
0.442712
2.5503
-0.435952
0.016842
-0.0936968
-0.981268
-4.99568
-0.110655
1.42176
0.0165938
1.03484
3.06694
-2.58244
2.20451
1.35143
1.52169
-4.94008
0.767104
0.686001
2.72058
1.60775
-0.0232534
-0.405187
-3.17838
1.66718
1.57527
2.45632
1.20805
2.0125
-5.95237
2.17753
0.165215
-0.242256
0.556592
-0.160386
2.75774
0.700259
2.08655
0.158128
1.85164
-6.96469
1.50629
2.27808
2.14282
1.57315
1.93069
2.72656
-0.126787
-0.193818
-0.299941
-0.430468
0.469476
-7.04312
2.57666
0.0715297
0.110692
1.30583
1.84094
1.53018
-0.118877
1.35297
0.108223
-0.0875943
2.0882
-0.0161518
2.19329
0.284238
2.07225
-0.164081
-6.36583
2.01169
-0.0507927
-1.0803
0.709306
3.25985
-0.0052694
-1.03189
-0.204001
0.941978
-5.70726
0.843975
2.0505
2.46794
-0.0124664
1.8215
2.24957
-0.0726019
1.35326
-0.933167
2.21477
0.0740036
0.115898
2.20288
-0.473512
1.41232
0.0596655
2.79668
-0.261243
1.94782
-4.75109
1.56218
-6.32245
1.3534
-4.95839
-5.19187
-1.55709
0.049405
3.04664
1.81031
0.0823051
0.264499
-8.85287
-5.6521
-0.119946
1.42612
1.07422
2.49628
-6.14628
-4.99967
2.6584
2.62835
-1.31078
-0.503519
-1.44506
-1.74325
1.37537
2.48448
1.51857
1.85483
-0.0611614
1.43996
0.280517
0.588842
0.104606
1.36299
-0.524343
-1.00718
1.22049
-3.6364
-4.41612
-0.568521
1.59982
3.29615
2.99546
1.93388
-0.824184
2.01768
-4.808
1.52509
-0.479366
-4.29624
1.8461
-1.44808
0.524453
-0.699417
0.677862
-2.64837
1.92058
-0.0335117
2.09033
0.331964
1.53093
0.59445
0.737558
1.96772
-2.85076
1.93073
3.29865
-3.09133
-4.12021
1.81827
-1.52351
1.81117
-1.02679
2.16454
1.63507
2.063
-9.2647
-4.68329
0.30237
1.30395
-0.111352
0.559673
-5.91005
-4.55031
-1.61005
0.0132962
1.88619
-5.10446
1.84376
-0.22168
0.496001
1.43306
2.99308
-0.73579
2.51301
1.07788
1.29677
1.65528
1.80655
0.286346
0.501913
-0.700056
-4.97782
-0.110819
-0.404337
-5.58911
0.748357
0.870037
2.18429
0.105423
0.861154
-6.6773
1.56089
3.24356
1.42471
1.42296
0.397835
1.50992
3.12192
-4.69541
0.0230406
0.398154
0.45175
0.983702
-9.08764
-1.91442
1.82215
-7.11572
0.277575
0.153831
2.83763
1.38685
0.934594
2.50653
-0.314521
-0.101896
0.87869
0.345049
1.47144
-5.34924
-7.36506
1.67374
-9.59819
-0.517745
0.255512
2.71953
-0.00434402
-0.999197
-7.13396
-3.20561
1.36965
0.0583983
-0.534653
-4.78773
-0.290567
0.081209
1.82996
-8.97424
-0.0740002
-4.79041
0.0851248
2.69008
0.106489
-5.02438
-2.87141
0.802262
1.65997
-4.59052
-0.764443
-6.83948
-0.832164
-0.0112977
0.00156602
1.67183
0.106149
0.533172
0.9099
-8.96925
-5.13252
2.82858
-0.184451
1.4259
0.254283
-0.445604
0.628058
1.30264
1.62444
0.0938451
-0.775407
2.14676
1.31036
-0.506286
1.66704
-1.89702
0.730736
1.7776
-0.162841
0.980847
-5.39341
2.23343
-0.113799
0.395702
3.28601
-1.62327
0.114908
1.11467
2.93076
0.253685
-5.1762
-1.63868
-5.35645
-0.0464645
2.4883
0.42176
1.37437
2.77008
0.0463628
1.82144
1.07151
2.48701
0.714149
1.80127
0.143403
0.688175
2.11241
1.27153
1.77594
1.40176
1.87239
0.342483
1.5265
-4.65826
-0.0320446
1.41299
-4.94633
-1.53033
0.796918
0.551384
2.87057
2.906
-4.77872
-0.13284
-3.85165
-1.28225
0.598589
2.4574
-0.154192
1.45169
1.45491
1.05617
0.0267826
0.100379
2.71772
1.5337
0.908302
0.795973
-10.1266
2.63044
0.162648
-2.79017
-0.129676
-0.0965633
-0.311302
1.84181
0.308922
0.730834
0.0237697
1.49
-0.106686
1.66853
-0.722882
0.20123
-2.33593
-0.361867
-8.78221
1.9739
0.0658274
1.35789
0.425643
1.52263
1.95463
0.972902
-5.04881
2.12008
-6.08844
0.422725
-0.616108
-4.28658
2.87093
2.09772
1.46405
-4.9034
0.403108
1.50958
-0.702161
0.273552
-0.998769
1.46769
-0.243513
-7.53089
-0.0473659
-1.76275
0.0717177
1.31553
2.83012
-2.15701
0.757419
1.46376
2.18492
-0.286591
0.765423
-3.75442
-5.69669
0.096405
-0.426587
0.0723607
1.54919
0.0746183
-4.8782
0.0294239
1.67496
-2.08071
-5.36862
0.148531
1.07576
1.19737
-6.40359
1.92097
1.78691
1.04124
-0.0741444
1.19452
-1.78975
-2.07457
-0.396129
-4.91001
1.45984
-0.140654
1.00584
1.49265
-0.0631624
-0.142656
0.180583
-6.26124
0.734708
1.56407
-2.97849
2.14883
0.0444668
2.83613
-2.75544
1.98029
-0.609797
-6.78483
-5.90197
-0.429612
1.97273
-5.02577
0.753364
-0.0509124
-1.78876
1.32843
-6.68555
-5.25979
2.21191
-3.131
0.789652
0.576513
-0.893961
-5.91337
1.30872
0.131793
1.7568
0.251418
-0.558843
0.217495
1.53705
-2.88064
-0.470905
-0.49248
-6.2438
-5.52339
0.00607631
2.34917
-3.43946
2.26831
1.60283
-0.805459
1.05
-5.12151
-0.942998
-4.91657
-3.43217
1.03967
0.816208
-4.20263
-0.382316
-5.59948
1.47303
1.60905
0.500904
0.664917
1.44766
2.93028
-6.43687
-0.574096
2.3549
-0.770258
-0.584215
2.87004
0.0308898
-3.81656
0.00283769
-3.8669
-4.09726
1.52503
0.813578
0.433032
3.22375
-2.13111
-0.108509
-0.585584
-0.319213
0.0294579
-1.72042
-6.27243
-0.0872391
1.30204
0.106892
-6.55715
1.78901
-0.075269
-0.345904
-0.350053
-0.433988
3.22559
-3.19819
-2.13926
1.78171
-0.350077
-4.55208
-0.90759
-0.159904
-4.6953
2.25221
-0.163385
-0.987402
-0.17345
-0.489193
1.75722
-4.87386
0.0492786
-4.09214
-5.42845
0.0519524
-2.34616
-5.35801
0.89841
0.652635
-5.28349
1.3779
1.81357
3.19175
-0.259691
1.75496
2.50667
-1.0734
0.13509
-3.49566
0.651392
-0.0192665
0.263587
-0.220587
0.0366677
1.02919
0.561308
-6.43939
-5.59349
2.84391
-1.41959
-1.44726
-0.353945
1.74842
1.07875
0.883618
-2.66384
-2.39367
0.0483429
1.91848
0.783756
0.428133
2.66031
0.00012927
2.53274
-1.9969
-6.18557
-0.0340259
-0.0299251
-6.72649
-5.39038
2.59054
-2.71827
-2.4205
2.62252
-0.873166
-0.122658
-0.248843
2.82582
-5.00689
2.34768
0.213907
-0.0181491
0.393874
-6.25478
1.23744
-0.242486
-0.157903
-3.10905
1.44232
1.95822
-3.23625
0.104112
1.93533
2.72323
-6.67332
1.58875
3.19157
-2.44116
0.985217
-0.766789
1.59723
2.32786
2.03083
-4.48381
1.5628
0.540081
-0.853467
1.40657
-0.336771
1.87886
-0.407384
1.63307
1.04033
0.0121334
0.0660517
0.518103
1.61221
2.01561
0.0757515
-0.635426
2.74384
1.74974
2.11445
0.187954
-0.324091
0.0737529
0.0758236
2.67456
2.87269
-3.23472
1.68667
-0.641104
-4.56116
0.07583
1.54676
-5.22615
-4.83854
-0.824206
-0.70761
-0.244349
0.753118
-6.03932
1.7032
2.05701
-5.00293
2.12153
0.0151553
1.61434
-7.33503
-0.657264
-0.167858
2.79953
-0.30218
-0.438806
-1.26784
-4.75086
1.41125
-0.770264
0.924558
2.59928
-1.09461
-1.41455
-3.44407
-2.16584
-4.99868
2.05877
-1.02798
2.76137
2.73745
2.57168
-1.93702
-5.92366
-4.6155
-5.24035
0.0910248
-5.46653
-4.6777
-10.1204
-1.61067
2.14242
-5.95441
1.89433
-2.45945
2.54062
1.40057
-3.73083
0.194087
-4.98426
3.14703
0.0763772
1.48187
-1.64196
-1.95943
-0.581814
-1.60176
-3.68162
2.03253
-0.481609
-0.626984
-4.82229
-6.74844
1.01529
-0.464215
-0.2751
0.0402389
0.441999
0.335564
-3.71235
2.03152
2.56828
-4.20882
1.17096
-2.12051
1.93075
-4.73212
0.14336
1.13742
-0.917598
-0.295281
-5.98159
-0.344119
-5.69094
-0.626205
1.78244
1.24035
-4.36093
-0.224111
1.09707
1.31848
-0.0607554
0.679539
-4.05168
3.19051
1.1602
1.85103
0.0986812
0.732416
-7.09544
-4.87155
-0.316253
-6.01772
-0.12919
2.65644
2.27663
-0.19126
0.94674
-0.383354
2.38045
0.807728
-6.45224
-7.26645
-9.54977
-4.96854
0.0111229
0.10119
1.67506
-1.42155
-0.210013
-4.29986
1.37471
-0.137434
-5.73299
2.13358
0.956439
2.7043
-0.503841
1.73903
2.12196
1.9787
-0.345993
1.80713
-0.289903
0.444606
0.289986
0.109051
1.00283
-5.45387
-6.72373
-0.778173
-4.58753
0.717687
1.5852
0.514037
-6.01093
0.572814
3.27225
-0.337467
1.88123
0.0305077
2.59813
-5.36009
1.51276
-0.0987656
-2.80535
2.76819
-0.0807068
-4.64861
0.666056
2.85775
1.82939
-0.527401
-0.873596
-1.9812
-3.93928
-3.08029
-5.72225
1.94102
-3.57249
-6.77719
-6.64196
1.2843
0.0246106
-5.33337
-1.04548
-4.23731
1.04907
0.00632369
1.71884
-0.723816
-5.28361
2.61259
-10.5857
-3.44224
-5.00979
0.38354
-6.16032
-7.50123
-3.51966
-0.226627
0.0360866
1.36719
-6.82577
-1.59657
-5.22058
0.21604
-0.512062
0.566145
-0.22059
-6.84723
1.45689
-0.0545159
2.44478
1.9594
0.672027
2.09144
0.467158
1.3802
3.02893
2.11458
-4.21302
-0.858148
0.118453
-0.907996
-0.742259
-3.00654
1.76979
-4.17625
2.39194
2.48553
1.66846
1.64407
-2.92694
0.877051
-2.70925
-0.123283
2.64275
1.93401
-0.317001
-0.132876
-7.34243
-1.51382
-0.0202248
-5.12221
-2.41037
-0.54389
-0.0798112
-0.40285
0.706612
2.71916
1.71813
1.95233
1.7574
2.01935
0.0401325
-0.307078
-0.530302
-4.7504
0.506345
0.378277
1.4137
1.06376
2.80452
-1.39889
-0.867417
0.0238784
1.57378
-0.103214
-0.172723
-5.3208
3.11492
1.6153
-5.44063
1.62229
-0.644228
-4.51107
1.37165
1.82181
0.955312
0.485755
0.829207
-0.0665137
-0.205303
0.144777
2.65608
-1.4078
2.34618
-5.34464
-0.196679
-7.77269
1.27793
1.96376
-1.54631
0.0728748
3.09703
0.443642
1.4061
1.42519
2.8816
0.181962
1.84903
-0.227849
1.83799
0.070257
-0.273848
2.40032
3.17762
0.478711
-0.574366
0.174292
-0.887093
-4.07043
1.71086
0.782284
-2.74144
1.5937
2.07686
1.56793
1.65227
0.167409
1.72091
2.41331
-1.04962
2.96248
2.04033
0.965086
0.00993082
-1.20469
0.117202
1.7613
0.309655
1.76067
2.03851
1.60862
-1.93992
-1.97443
2.09196
1.18265
2.27446
-0.225688
1.51759
1.86972
1.22049
2.14253
2.11118
-0.0406355
-0.249293
1.67909
2.07479
-1.24537
-0.582957
-1.54432
2.04394
0.387419
1.80755
2.89337
-2.14891
2.80991
3.06179
0.0744465
-0.883282
0.0731315
3.25332
-3.82925
2.00748
2.90857
0.644185
-7.19842
0.85504
1.27718
3.03241
1.3154
1.20933
3.14628
2.29418
-0.412707
3.12986
2.59239
-1.25755
-0.270504
-3.68658
0.0240498
0.46258
1.99025
2.56255
-3.76762
-0.152697
0.990617
0.601932
2.18423
-3.9514
2.67667
-1.59508
-3.61333
1.44889
-2.38905
2.00566
-0.547004
1.34203
-0.681637
2.56863
1.76025
1.64806
1.75334
-4.25074
-0.232711
-0.100534
1.07592
1.09389
2.7115
1.9216
0.011848
1.16017
0.543328
-0.920797
2.54301
-0.940464
2.13149
0.0467903
0.101099
-1.18386
0.330688
0.907095
2.85043
-0.0603982
1.16124
-0.898553
-0.538526
2.46268
2.31167
-1.76225
2.40936
0.598999
-1.2101
0.196401
1.12067
3.21077
-0.247539
-3.00022
2.19504
-0.0591388
1.74183
-7.1223
-6.77125
0.121971
-5.61352
-7.17573
0.655702
1.83561
-0.159373
-6.78984
0.0115082
-0.319113
-2.27564
0.752089
2.74335
1.27336
1.11147
-0.0641757
-0.0895252
0.166489
1.28469
-0.635437
0.0130999
0.0851428
0.00530527
0.2744
1.13379
0.56196
0.723165
1.2116
1.18185
-1.73612
-4.80093
0.311665
-1.03678
3.09789
1.03003
0.636904
-0.053115
-0.909786
-0.996175
-0.136083
-0.674783
-2.28482
-0.394475
-0.903035
1.83228
0.520501
0.0311344
1.97654
-7.12578
-0.75219
2.68968
-3.24759
-2.29376
0.625498
1.56452
-0.726876
0.420129
-1.28474
-0.0910498
-0.0945304
-0.454797
2.02489
-2.60415
1.05741
0.0814712
-2.0945
-1.0731
-0.3129
1.3991
0.185447
-0.435091
2.68723
-10.1357
1.72916
-0.801541
-3.49148
-2.27541
-0.538707
-9.41978
1.69424
1.58684
1.70419
-0.234912
-7.02696
2.39256
-1.55544
-2.6971
0.0092192
-3.11405
0.0257438
-0.525864
2.44403
-10.5405
-4.94438
-0.619609
1.16179
1.02138
-4.32638
1.12987
0.12832
-0.633905
0.555242
0.991457
0.694312
0.0727512
-3.935
2.51825
-0.279027
0.0270367
1.01821
0.010272
1.12193
-4.98564
-0.442145
-0.619722
1.20404
-0.0650375
-0.0208223
0.755261
0.0115603
0.0978751
-0.418287
1.72267
-0.136519
-0.733909
1.54775
1.43726
-0.0200152
0.806721
0.797833
1.61119
2.05073
1.82235
0.208612
2.74556
1.35762
-2.28954
1.21134
-6.03188
-0.0819139
0.0593987
0.615989
-0.711304
2.76935
0.515581
0.442056
-0.00480237
0.721122
-0.0347821
0.601824
-3.90767
1.31551
-0.0182228
1.54196
0.897076
1.62204
-7.32158
2.10423
-5.56032
1.60358
1.69993
0.524271
-0.121777
-1.64561
-0.177135
1.96169
-2.60251
-4.81609
1.92114
1.11303
-0.0698513
1.9637
1.18061
-0.877195
2.56874
-2.0046
0.344654
-1.34703
-1.44291
-0.0785096
-0.310906
-0.80056
2.82692
0.0121862
0.514486
-0.37949
-0.482249
1.68889
2.07608
0.0151121
0.0316753
1.50155
-4.87407
1.55257
1.61474
-0.375231
-0.445416
1.19779
-0.194118
2.86183
-6.1851
1.25357
-0.0699495
-1.41487
2.69101
1.82553
0.397533
2.3175
-0.810185
2.1288
2.06245
-0.0357826
1.53717
1.54793
1.21177
1.54953
-1.16302
1.68649
0.142963
0.916541
0.00314127
-4.91703
1.642
-7.39055
-5.45209
-0.130675
-0.17765
1.2871
-4.76794
1.52292
0.438544
0.76789
1.52527
1.36205
0.52094
0.208492
-0.836647
1.55202
0.974508
-6.78071
-1.12189
-0.0419971
1.63876
-6.13176
-4.82173
1.39586
-5.4304
2.0679
0.953786
-7.30869
-6.5973
1.84764
2.0021
-0.590086
1.34228
-5.35684
-0.941778
-3.80533
0.458554
-0.8372
-7.14716
3.02893
0.844596
-5.11846
0.0331669
-0.628201
1.5407
0.964581
-1.26269
-7.49381
-0.785143
-0.657202
-5.50271
1.27015
2.55032
-0.406979
-2.89349
0.0255796
-7.73561
1.77599
3.06264
-11.1384
1.16315
1.73884
-7.68446
0.523035
2.77027
-3.81715
-1.17414
1.25081
1.36932
1.17184
-0.806354
0.937231
0.00599
1.07891
-2.22844
0.0619794
1.64946
-0.41445
0.359692
0.9848
1.47233
0.909301
0.0850588
0.693021
1.63568
1.17465
1.50152
2.87658
-1.48817
2.70314
-0.0223887
2.64809
3.17781
-6.72855
0.223937
0.362849
1.47923
-4.59777
0.702582
1.04221
0.045672
1.79851
2.37787
1.85794
1.90921
0.377417
1.17222
-7.82382
3.11948
-6.27274
0.128115
-0.623578
-0.874903
-9.61458
1.67374
1.8996
0.876918
1.98103
-2.42757
0.0879096
2.05858
1.58515
-0.182493
-0.540485
-0.0160772
0.128546
0.487463
1.69989
3.00016
1.5073
2.20228
2.12533
1.81355
2.88132
1.01471
1.55375
0.137285
-0.47068
0.866
1.2575
1.29399
3.15497
0.569927
0.848804
0.00249387
0.0736888
3.03214
0.928241
-0.455417
-2.42955
1.3962
-1.32652
-0.0988266
2.28437
1.60547
1.52252
1.7136
-1.13269
2.28774
-5.09349
1.49409
0.257417
0.235192
0.138186
2.53802
0.244247
-0.0348752
1.65797
1.59154
-0.804071
1.40189
2.61006
-0.286136
-2.74044
-6.56519
-4.94908
-0.556687
-4.81113
-0.542728
1.45572
0.618787
0.0604996
1.72854
0.125809
-0.483565
-0.98139
-3.84843
-1.63161
0.215792
-6.5434
-9.14415
1.55791
1.4823
2.21778
-0.137893
0.640092
0.00217011
1.45206
2.49271
-2.9354
0.0314124
0.0199615
2.62654
1.21591
-0.179006
-0.881385
-4.89043
0.0336131
-0.904505
2.76545
0.0195781
0.000383411
0.670254
0.622313
0.0122567
0.828748
0.249097
0.832138
-3.26773
-4.05705
0.25814
-7.77777
-0.0308544
0.795451
-4.25178
1.74687
1.04869
2.94093
0.637176
2.63516
-0.781353
1.79941
-0.0033395
-0.128113
-1.07126
2.47363
-0.395055
0.381825
0.274442
-4.65648
-1.43752
0.014422
0.0547336
-0.0809011
-0.236301
-0.105842
0.235578
0.997661
1.95626
-4.60741
-0.572855
0.262896
-0.18314
0.030609
1.73806
0.364032
0.797123
-0.229362
0.0039645
2.30953
-1.99264
0.791915
0.00189205
0.0507141
-0.433136
2.27404
-1.89665
-0.00155052
-0.0460939
-4.5626
-0.620533
-0.0580272
2.65702
1.90039
0.016924
-4.43247
-2.87105
1.59408
0.00735809
-0.26029
0.00710645
0.650335
-0.686668
-0.0133721
-0.734486
0.0089839
0.640471
-0.708163
1.72639
0.486371
-0.970902
0.0688457
0.577728
0.156298
-0.573889
1.67765
0.169041
-0.339106
-0.4809
-0.120004
-0.26668
-0.0347318
1.68817
-4.62984
-1.17345
-0.606971
0.0120848
-1.96693
0.138254
-0.0536835
0.0276834
2.40801
1.07727
-4.77681
-0.0140892
-3.01125
-0.218005
-0.235236
-0.0899053
1.61807
0.991541
1.27841
1.58665
0.20035
-3.40228
-0.707387
-4.75705
-0.0592492
1.82061
-0.0521849
0.660201
-7.08898
1.97516
0.0591856
1.68113
-0.043894
-0.208093
2.13559
0.0316097
0.0311221
-3.44851
2.35246
0.345053
1.41138
1.65372
-1.47801
0.0274765
1.48527
-4.72274
2.303
-0.401608
2.24681
-1.28031
-0.0506372
-0.306708
1.70247
2.18913
-3.17559
1.35468
0.634609
-0.109566
2.48092
0.551154
-2.43943
1.53118
-0.0184597
0.0328492
-0.841334
-1.91958
-0.00842684
-5.79094
0.00230744
1.40621
1.09255
-0.0571966
0.0689817
0.700873
0.0240667
1.47648
-0.202797
0.0219769
-0.963728
-0.0524156
0.0771994
-0.109815
1.40743
0.416554
0.00168312
-5.39381
1.81316
-0.0469309
-0.159286
-0.0775709
0.508591
2.63323
0.175343
0.0100546
1.27947
0.21728
-0.137188
0.128021
-2.91377
0.177558
0.0658659
0.0937564
1.67522
0.00472805
-0.0319772
-8.34148
-0.00299719
0.0382746
-0.280369
1.63397
-0.29664
0.0140094
0.508141
-0.195001
0.0181292
0.00103294
1.13093
-0.490811
0.193593
-1.18289
0.119267
0.0321245
0.0193699
0.0151884
-2.21739
-0.516962
-0.534636
0.425461
1.03101
0.0966609
0.689537
0.747333
-0.00880565
0.0248109
0.736839
0.00954311
0.0166859
-0.31984
-0.0267517
0.296678
-1.13496
-1.0889
0.0165035
0.346416
0.15247
0.995745
0.87696
0.111583
0.3688
1.64786
0.0776819
-0.721814
0.00617766
-2.9178
2.19311
1.52301
0.129101
0.0312165
-0.0409763
0.109097
0.0429791
0.010526
-0.391209
-0.0835925
1.48848
0.27353
0.0222143
1.5512
0.114064
2.44391
-0.0370815
0.224862
0.181472
-0.0638267
2.3207
0.00701002
0.0425715
-1.08313
0.045625
1.09258
0.584556
-0.00359506
1.58811
0.0985372
1.30497
2.15775
1.0144
0.864696
0.0321209
1.02176
0.0768566
0.350872
-3.53647
-0.941663
0.0737641
2.07059
0.550657
1.55493
0.729822
-0.000532567
0.0585296
0.0933445
-0.311143
1.24117
-0.629602
0.0447834
0.00441108
0.0404921
-0.0303088
-0.259853
-2.94414
2.68278
-1.3708
-7.21689
2.50928
0.0672453
0.0446878
0.024855
0.0506126
1.51355
0.0595701
0.0356869
-4.75892
-1.0907
-0.00490655
1.59619
0.0908439
0.053003
-0.913667
0.0076772
0.029925
0.00156337
0.00958982
0.0763616
1.60533
-4.5984
-0.052419
0.664362
-0.0834662
-4.80201
0.111731
-1.97805
0.0218087
1.79172
-5.18996
2.04463
-0.123268
0.081513
-6.57989
-0.0520454
-0.208255
-0.0140774
-1.70959
-0.0404129
2.54307
-0.358892
-3.20898
0.00998324
-2.5979
0.0209106
0.0976724
-10.0721
0.00861175
0.000200091
-0.183678
0.0305754
0.057513
1.96767
0.449922
0.0219376
0.123699
0.019432
-5.69956
0.0930711
-3.40097
0.0142003
-0.151981
1.88424
-0.706969
1.60682
0.0284838
-0.199922
0.0234835
0.00457619
0.0154909
-4.80132
-3.54011
0.0888531
0.940232
1.44212
0.614782
0.0122412
0.00914407
0.0297827
1.88646
-0.00926685
0.256754
0.964058
0.0215976
0.0167991
0.103431
-0.00109478
0.00760614
0.0894585
1.64438
0.00454439
1.30401
0.0163481
1.72132
0.0597034
1.15972
0.0120638
0.0206978
-11.1191
0.0297289
-0.0030729
-0.222305
-0.0845222
1.21641
0.00718529
0.568072
0.0304604
-0.0404491
0.326292
0.0579039
-0.000723797
-6.87889
-7.124
0.0231902
2.05395
1.45525
0.027284
0.0111821
-0.917123
0.0231787
0.409289
0.141811
0.020545
2.30382
-0.0759203
0.0569552
0.0211782
-3.59061
1.59936
0.0389724
0.0704668
0.020544
-6.09682
0.164495
0.0461566
-8.00873
0.650645
1.15182
0.0644991
-0.197266
0.144663
1.54112
0.031919
0.0185826
0.0185617
0.117803
-0.0213173
0.0851243
0.0702966
0.0162377
-0.0121937
0.0257896
-0.216106
0.0150891
0.0640576
-0.228772
0.0876613
0.0302748
0.122117
2.94161
0.012645
0.16449
0.0125748
0.0489888
0.745661
0.0137108
0.125472
0.259192
0.0533628
0.0181439
0.0207036
0.0152335
1.56403
0.0212373
0.0104877
0.131708
0.024894
0.0277409
0.155398
-0.00033249
1.88828
-0.046956
-1.12811
1.32118
0.0252474
0.0296899
0.0598835
-0.103813
-8.89348
0.101233
0.230054
0.030934
0.128961
0.0200945
-1.43666
1.77526
1.86597
0.0300158
0.0846304
0.0886211
0.0163981
1.55071
0.0183164
0.0410589
1.62995
0.0247429
1.62402
0.058154
0.0338394
0.0433253
0.0553141
0.00934736
1.98161
0.0132185
0.00319647
-0.280607
-0.285303
1.61882
2.34949
0.0116403
-0.239156
0.0428248
0.0269217
0.000120692
1.70696
-10.2426
0.00243864
0.0318794
0.121538
0.000613646
0.0119016
0.071888
-1.85339
0.00350613
0.0284337
-0.958497
1.57414
-3.55023
0.0445896
0.0101523
1.00306
0.995094
0.0251335
0.00478989
-4.29172
-7.65731
0.0156139
0.0432086
0.00280333
0.0312317
0.000686158
-3.88926
0.0167126
0.133894
0.0320668
1.51306
0.0144215
0.0830835
0.0401459
-0.0668624
0.0169709
1.54099
0.104739
1.90696
-0.192135
-6.09848
0.0404575
0.0808287
0.0442879
0.0449106
0.0913364
0.0197569
0.0320437
0.0878147
0.0181238
0.0226431
0.0205238
0.0443546
0.0480136
0.012418
1.63377
0.0446708
-0.372403
1.98443
0.0124746
0.10127
-0.803993
0.531044
0.0315202
-0.928212
0.0344569
0.0259523
-5.44324
-0.219138
0.0265113
-0.65856
0.0388368
0.0454204
0.06552
0.0201967
-8.8828
-0.0798237
0.0472826
-1.06589
0.0567304
0.0274242
0.0265517
0.0466353
-0.0658923
0.10919
0.0868128
0.271175
0.0145572
0.017626
0.0433863
-0.705879
0.00704431
0.00686563
0.0280733
0.00241821
0.0261051
0.0372864
0.0273279
-0.236926
2.6255
0.0387895
0.016843
0.0435585
-0.114835
1.84135
0.0115386
0.20086
0.00312068
1.83982
0.0261303
0.584769
0.112383
0.00233117
0.0185278
0.0691118
-4.78035
0.083084
0.293495
1.52155
0.0301781
0.00944845
-0.0369911
1.90498
0.0368302
0.0247366
0.0214613
-0.0184008
1.33166
0.0276072
0.0460915
0.0184401
0.0290392
0.0145527
0.0302674
0.642374
-0.423432
2.05735
0.00388124
-0.235688
-0.202536
2.25935
1.25283
0.0181949
0.0301566
0.0596263
0.0533822
1.45521
-0.202667
0.0440228
0.0946674
-7.15663
0.0295226
0.0865205
0.0354748
3.03042
0.991762
1.43763
0.0396633
1.62698
0.0250409
-1.63903
-6.52411
2.16996
-5.14732
-5.82645
0.0227273
1.3412
-0.0998117
0.0291971
-0.334579
-0.144302
-2.24456
0.294572
-0.0952505
0.0236866
1.64606
0.00846164
0.478522
0.0315907
0.0388099
0.0624294
1.64499
0.0335186
-2.03565
0.0634076
-4.80358
0.00255583
0.0507752
0.0579191
2.67854
-4.50073
-0.207953
0.0586214
0.0274366
0.0548786
1.08247
1.57584
0.0131385
0.0383577
-6.54115
0.0525906
0.946469
2.95082
0.776655
0.228194
0.0425123
0.0624519
0.0236402
0.379671
0.0498351
0.0577654
0.0265074
0.599633
1.53768
1.54017
-7.6937
1.10229
0.054633
0.133997
-9.36137
0.119983
0.0508138
1.80752
-0.106659
-7.08071
0.0214492
2.57921
-0.561348
-0.163747
0.0599671
-0.869211
-0.195529
-5.31118
2.71111
0.0541054
-0.341877
-7.56312
0.0612871
0.120348
0.206175
-0.296254
-0.185674
-1.31216
-7.81196
1.6074
0.000839739
0.0480472
0.0477731
1.04862
0.0244298
-7.90767
0.020336
0.0197084
3.05958
0.017224
-7.79485
2.78447
0.00703459
0.119679
0.0636891
0.00970871
1.72252
-5.07301
1.49704
1.61079
0.0285908
0.0619346
1.6278
0.77464
0.0646361
-1.21639
-2.664
-0.0617615
1.72951
0.0262813
-0.647755
-5.09192
0.465041
-0.367422
0.0106043
0.0500216
1.55398
0.0636088
0.0393682
-3.78636
0.022596
0.0270073
0.0535589
-5.94206
-2.17403
0.102373
0.0321947
-0.305417
-0.519525
0.0792853
2.95989
0.0843682
-9.64407
0.492309
0.0256369
1.76997
-0.0408271
1.59181
0.0613793
1.51673
-6.94557
0.114061
2.41051
-0.000772255
-0.0625391
1.83566
0.164102
-0.019941
-0.0376034
1.65548
1.83067
0.0542003
1.88822
2.73783
1.14073
1.93337
-7.86621
0.0174022
2.50276
-5.17655
0.538774
0.0502486
1.51405
-2.15846
1.94257
1.86072
2.02114
-0.0750937
0.00209622
-0.819623
0.0295839
0.125505
-1.74024
-0.564402
0.0183012
0.0253302
-1.37694
0.0856119
-0.238949
0.3911
2.09204
2.24327
2.16106
0.113438
1.24216
-0.206769
0.407755
0.107808
0.0734807
2.88951
0.0406234
0.0299834
0.222719
-6.36757
2.33837
-0.00616207
-0.396282
-5.0115
0.160852
0.228141
-0.77117
-4.13828
1.35748
0.0592332
1.33959
1.71286
-2.46109
-0.322901
0.111285
1.77378
-1.12507
0.00751387
-0.000137334
0.00336024
1.45378
-0.089375
-0.0431086
3.20694
2.34298
-0.0448189
0.122124
-3.79497
2.6523
1.547
0.062714
2.83209
0.0163648
1.63712
0.515976
2.65887
0.0517376
-2.86731
0.908013
-5.37863
0.0122732
0.0651107
0.120158
-2.1354
2.77818
0.0459664
-0.0808573
-0.246268
0.527059
1.06509
3.05009
-0.0662781
-0.113233
0.0755354
1.16213
-0.174254
-0.113619
0.163543
1.54682
0.0716672
-0.103752
-0.918429
0.174976
0.498245
1.57651
0.0645495
2.71847
-0.000618455
-0.129729
1.63544
0.0273321
0.00686214
0.143414
-0.783802
0.805212
0.0213115
0.694349
-1.52245
-0.135893
1.45548
-1.18739
-0.046293
-0.295963
-0.0548094
-0.01854
1.47256
0.109766
0.117059
0.013124
-0.424068
-0.0264989
-0.250262
-7.93237
0.0195048
0.853683
0.200414
-0.130326
0.28113
0.0740966
-7.90589
-0.0221931
1.6161
-0.278593
-0.202008
0.157166
-0.213729
2.43314
-0.078115
0.793018
-0.377567
3.12116
2.95672
0.0725979
-0.580147
-5.08984
0.0039817
1.33882
1.62808
1.61357
-0.186654
0.0153067
0.151681
2.58096
0.224276
-0.0673237
0.457017
-0.193528
0.250949
-0.18381
1.33296
2.55287
0.0777941
-0.0347388
-0.180097
1.24837
2.16441
-0.506551
0.586175
-1.1324
3.00725
0.000926064
0.0569537
1.24612
-0.726648
0.0223569
0.0230332
1.55471
0.0053888
-0.00024693
-0.659947
-4.56231
-0.106295
0.0075295
2.51186
0.756586
1.97146
-0.153715
-0.193651
3.12246
-0.121396
0.121898
0.612396
-0.281487
1.32464
1.38883
1.68827
0.00929535
-0.473622
-0.384914
1.5782
-0.340229
0.0166025
0.0833183
1.6243
0.320093
0.0316767
0.00848389
0.348254
-0.149463
0.017089
0.134143
-0.145719
-0.288899
-0.194599
1.13501
2.47926
0.120011
1.77646
1.5055
-1.6992
0.018407
-6.82732
1.73684
0.0184414
-0.799268
-1.01288
-0.197625
-0.159863
-0.183577
3.12068
0.0121551
1.69547
1.06163
-0.199445
0.0642521
-0.472988
0.0525174
0.526229
0.0238316
0.0416095
1.14246
-0.185197
-0.247681
1.91652
0.333999
0.361598
0.0760501
-3.10985
0.172013
0.785463
-0.398452
1.25326
0.144361
-0.830621
2.36318
2.05477
0.175664
1.49204
0.00969821
0.700625
1.52532
1.695
-0.00112706
-0.0414262
-4.23597
-0.195563
1.56981
-1.07626
2.26146
0.0230269
0.903755
-0.60142
-4.79738
1.5828
-0.280046
1.5601
0.266709
0.223823
0.0914506
0.304593
-0.0172796
1.41992
0.580812
1.59828
0.459418
2.18389
2.37838
0.0287368
2.05802
0.104005
-0.00702283
0.603004
2.32872
0.93647
-1.28394
1.71775
0.131807
-0.139728
2.2762
1.55798
2.21835
-0.15056
-0.0938754
0.0521081
-9.63533
0.102916
0.027278
1.36772
-3.35088
1.79547
0.00351787
-0.371745
1.46314
1.69995
0.233738
1.62429
0.0505488
-6.00088
-0.333948
-0.0100007
-4.94865
0.912179
0.926959
-3.02036
-0.324037
0.298666
-0.182701
1.23432
2.3069
2.45281
0.747825
0.521651
-0.0520705
0.359412
1.50634
0.0118578
2.0019
0.0166823
-0.056512
-0.424009
-0.333106
1.10958
1.6348
2.00966
1.35153
-0.197813
0.0797567
1.58476
1.58021
1.7715
0.119763
2.034
0.814698
1.62158
1.10546
-0.0341508
-0.157484
1.75724
1.53465
-3.57161
1.67094
-0.22224
0.401206
1.23446
-0.315398
-0.431743
2.67528
1.90343
-0.226417
1.66649
0.476015
1.03269
0.0407078
0.151036
-0.0424395
-0.0897879
-0.294535
-3.15785
0.531246
-0.457251
-0.145586
1.54735
2.25467
0.135777
1.61515
0.22378
3.26237
-2.00542
1.92501
-0.170266
-4.8129
-1.54831
3.31816
0.290526
-0.129895
3.31108
0.0180754
-5.55581
1.61704
3.29032
-0.115447
3.24669
0.876653
-0.0348714
-0.260383
3.15633
-0.0780687
-0.167335
-5.35076
0.202295
0.0411758
1.91336
3.01527
0.00974704
0.497929
2.00669
0.306946
1.71651
1.35215
0.0798698
-0.106008
-5.1339
2.96641
0.566579
-0.135601
0.264142
-0.142798
2.92358
1.25652
-0.133971
-0.174356
2.87723
-2.22621
-0.222329
2.83181
1.92695
-0.297782
-3.35213
-0.373729
0.685062
1.94093
-0.357249
2.76301
1.59531
-0.0601562
-0.449883
2.24274
0.234207
0.456034
-0.54254
-4.28317
1.46213
1.59954
-0.0383255
1.66904
0.077359
-1.1772
-9.42708
2.63451
1.16752
1.3737
-0.100073
-0.861885
-1.04881
-1.26454
-1.51041
-1.79111
-2.10116
-0.302311
-2.43998
-3.66141
1.92556
2.59399
1.12319
0.936251
0.287047
1.16038
-4.10914
2.56378
9.04266e-05
-4.54964
2.09976
-8.84063
-4.98267
0.119426
2.47598
1.45265
0.933821
0.478602
1.5818
-2.91249
-5.40629
2.44435
-5.75962
-0.548186
0.557454
-7.06674
1.51663
2.40418
-0.113693
2.08381
0.106613
1.28852
-6.18655
-0.362594
-0.240515
2.36468
-0.463973
-4.82813
2.32543
0.222509
-1.27955
-0.42011
-6.81825
2.29164
1.67255
0.536795
1.59648
0.397084
0.0178981
0.025748
-6.9591
-3.23109
2.24734
0.688431
0.0761259
1.66551
0.794866
-2.58472
-0.386702
-6.9965
2.21293
-0.693249
1.6442
0.0529092
0.0234026
-6.98796
2.17289
0.668436
-5.89266
2.12681
-6.90643
-0.0565235
-0.318213
-4.79753
0.0465978
2.09664
-6.70716
2.03986
-6.60914
-0.0547364
1.03364
0.00805393
0.897017
0.0228733
1.99761
-6.31341
1.03974
2.51092
1.65879
-6.18665
-1.01793
1.96326
-0.0233701
-1.20354
1.35381
-5.92584
1.59551
1.93041
0.0235507
0.230779
-2.23112
1.59266
1.08903
-0.644782
0.354651
-5.74504
-4.79032
1.87951
0.509789
-7.80305
0.533325
-11.2465
-8.19486
0.368616
0.750442
1.84131
2.25569
1.6742
2.43985
1.6961
-5.50411
1.13496
0.0156595
-0.4391
0.768011
0.0150221
0.147853
0.913148
1.30473
-0.0906782
-5.43613
-0.623415
1.75772
-1.15013
-0.544054
2.01414
1.28715
-0.136443
2.82961
-3.83559
0.405236
0.340892
-5.39472
0.381871
-2.65365
1.70543
1.95147
1.76375
1.08909
-5.37128
1.65406
1.59141
1.55632
1.49326
1.44797
1.37733
-4.51844
1.61073
1.32335
1.83102
1.20552
-9.26052
2.18213
-5.34677
-0.827384
-8.35683
1.22592
-5.18472
2.23277
-5.3014
0.437253
-5.2277
-3.97425
-5.10995
1.5765
-1.04583
0.0919906
-4.96667
-8.80837
-0.453988
1.64018
-9.06309
-4.67558
1.71404
1.69146
-0.711362
-3.12185
1.80522
0.322948
-6.59198
0.0396013
0.563543
1.40272
-3.24874
-0.0359959
-0.476516
1.78263
-0.0866347
-2.33159
-1.0488
0.833313
1.64489
0.128436
-5.88704
0.698988
1.87367
1.33346
-6.39715
1.63313
0.731608
1.38597
-0.262288
1.65567
-0.413152
0.0173367
-0.0049616
0.714042
-3.53164
2.46201
0.335047
0.165629
0.281867
-4.63577
2.14495
1.72417
1.45439
1.60428
0.302536
-0.119677
0.457573
-2.01204
0.865587
-0.94659
0.0403714
1.14609
-4.18526
0.47569
2.99186
0.0215961
0.838802
0.889956
-3.08815
0.115378
1.26642
-0.43088
0.745936
1.41143
1.6017
1.68964
1.69144
-0.0421989
1.90987
-4.8162
0.118566
0.64248
-0.039052
-0.542558
0.223366
1.9285
-2.4625
1.59313
-1.5725
-6.87846
0.376673
-3.93235
0.557307
-0.0796481
0.324753
1.76968
0.279973
-0.37826
0.111894
0.381205
-0.632241
-0.27237
0.0214988
1.71488
0.0991728
-0.965901
1.19194
0.174764
1.20219
-0.063009
0.0248427
0.0639504
0.116771
0.330508
-1.7068
0.243759
0.0551744
0.0776434
0.94004
2.49134
1.1411
-4.36366
1.61298
-0.0503161
1.2125
0.0169799
0.0757061
1.40441
-8.14718
0.0265298
-1.39312
-2.43076
-6.78724
1.63538
-0.0985478
2.02945
0.446656
0.0101415
2.57622
2.45026
-0.161206
0.539573
-0.410909
-0.739178
1.82451
-1.75047
0.080853
-5.05907
-0.074591
-3.16761
0.664525
1.04027
0.165646
0.0179673
0.127346
1.58753
-3.77185
-3.6726
1.02019
0.835383
2.42917
0.181814
0.594185
2.50259
2.53994
0.00154752
2.19157
1.23895
1.6608
0.384489
2.26776
1.71736
0.408694
-0.0516736
-0.0244176
1.2387
1.21383
0.00810734
0.0337814
-0.250031
3.07332
1.27004
0.917739
1.64011
0.956643
-0.0108274
0.976016
0.31202
2.16531
-0.279933
0.0745301
0.229405
2.77348
0.495087
1.79758
3.12721
1.63535
1.68498
-0.0257828
0.830297
0.0012861
1.93196
2.9208
-5.37444
0.610706
2.82213
-0.143001
0.1283
3.06036
0.798246
-6.97591
0.528237
0.108102
-4.96522
0.346274
0.0384681
0.243791
-0.365403
0.371924
-4.30148
0.0902884
2.64967
1.74182
0.863537
1.39877
1.38431
-0.633793
1.57767
-0.131222
3.23534
-0.436912
-3.32027
0.151776
2.40073
1.57102
1.43832
0.206585
-0.322257
-1.74349
-0.477458
-0.224828
-0.131201
1.33871
-0.0347482
-0.202439
-0.107753
1.71712
0.304789
1.45908
0.00234692
0.681282
0.835544
2.81787
1.41775
-0.0424421
1.29519
-5.32731
1.88357
-0.0136665
1.4746
2.53145
0.0141765
0.199168
-1.12617
-0.187032
1.58902
-0.0617018
0.606353
-0.0349719
1.3682
-9.34306
-0.0432367
2.3276
0.831565
-1.26496
-0.98052
1.76714
1.96987
0.0456011
3.13563
1.57153
0.58085
1.24608
0.0969342
1.85402
-1.05338
-0.0628078
-1.16248
-3.90965
1.61121
0.131705
0.578485
-0.158278
2.71433
1.26173
-0.396036
0.0736297
-1.05812
-3.17739
1.12013
1.30316
1.29206
-7.68654
0.671156
-0.278986
0.878208
-0.33879
0.966627
-0.0635829
0.358935
0.248943
0.89487
0.526185
1.70164
-2.44195
0.0548604
0.223229
1.59898
2.06152
0.220544
-1.83333
0.0341751
0.228892
0.722719
3.02253
1.75477
-0.119154
1.34655
-4.85082
1.58139
-1.26416
1.04624
2.46477
-1.229
0.347136
-1.17006
1.59496
0.714608
-0.702453
-1.11678
-10.1568
-2.11434
-0.702591
-1.50818
1.76343
1.20643
-0.0298257
1.75612
-3.18218
1.71382
0.422124
1.56477
0.165655
0.10772
1.66742
-5.00042
1.68429
-8.35316
-0.559414
2.59534
-0.215657
0.371825
-0.291424
0.575426
1.12719
2.32448
-1.15865
3.1751
2.85128
-6.14742
2.394
0.348595
1.66608
2.9808
-2.45254
0.015128
0.854893
1.64539
0.413801
-10.761
-0.0692344
0.226545
-1.60721
-0.0949363
-0.166192
1.66161
-0.0571209
0.0368941
1.61062
2.145
-4.03686
2.21558
-0.88486
-3.80166
0.199842
0.984591
1.57442
0.794948
2.08396
1.23083
3.30181
1.57273
-4.62649
3.32274
2.36209
2.4356
1.74738
3.31199
2.48818
0.224605
1.398
3.27024
0.77597
0.023335
-0.692175
1.48922
-4.68391
0.920405
1.26561
-0.616419
2.38067
1.64134
-4.02493
-0.669028
0.609188
2.32118
2.28445
-0.210533
-1.09302
-5.93415
-5.32251
2.07661
-0.0991097
-0.0968826
-5.98653
3.09324
2.49542
0.0478088
0.889391
-8.0079
-4.59831
2.14466
-0.274561
2.99075
1.6321
-10.9296
0.0591797
-4.56465
1.14264
-1.20212
-6.76977
-2.90613
2.93069
-0.12069
-8.00696
0.203053
0.0122584
2.94606
-0.292468
-0.059101
-9.25722
0.414897
-8.04079
2.55395
0.681549
0.779877
-6.10843
0.0384977
0.565951
-0.150819
2.90026
-1.3409
0.320736
1.58022
1.23018
-5.33931
-8.13196
1.5317
-0.194107
-0.909177
2.45358
2.85542
2.29054
0.274528
2.79696
2.40841
1.775
0.853821
-0.250302
1.97677
1.12938
1.89474
1.86813
2.40138
1.98032
-1.80564
-5.56971
1.59733
-0.311712
1.31993
-9.67812
-1.56716
-6.83476
2.23523
-0.403331
0.610091
-1.28434
2.08968
0.0105417
-0.401967
-0.568807
1.32002
-4.26347
-8.01814
-0.0244
1.6773
0.592384
-9.71479
-0.523073
-2.775
-0.171894
0.153468
0.00355982
-0.303048
0.632654
-6.05563
1.63986
1.65504
-11.3723
-0.551085
-0.699688
-6.96337
0.70687
1.64036
-7.34718
1.31842
1.37642
0.504404
1.81595
1.26178
2.61638
1.90036
2.52741
-3.23222
-0.943742
1.06835
-1.14836
-1.37876
-1.63982
0.805992
-1.94148
-2.27609
0.0382036
0.409489
-3.88399
-0.13591
0.767562
-0.867
2.57968
1.39926
3.21474
-4.32792
-2.40036
-4.80186
2.67871
-0.138963
1.07849
-0.05838
0.689549
-4.76924
-1.38813
-0.0312288
1.08778
-5.44327
-5.19987
1.13665
-1.47737
1.58554
-0.053015
0.729712
-2.72206
2.46316
0.137813
2.62643
0.367295
-5.60131
1.69056
-1.25361
0.771083
-0.540706
-2.08088
-5.09477
-0.23752
2.4244
1.74857
-3.43359
2.41321
2.42829
-4.33912
0.0235367
-5.97266
0.460041
1.52344
-0.303453
-0.816705
2.38486
0.395994
0.00602284
0.287038
-7.03153
-5.33196
2.69628
-0.504255
1.09779
0.249286
1.33856
-0.251185
2.10848
2.34478
-2.14961
-0.188531
1.6351
-2.60087
1.11041
1.89403
-0.102724
2.30931
-4.58447
-9.60031
0.147744
2.15168
0.00989697
2.21213
-1.35752
1.75619
1.77771
1.47108
-0.000495319
-6.91275
2.26785
2.33089
1.68411
-1.5019
-0.14422
0.268825
-1.13022
-1.02039
2.72571
-3.93306
0.637109
-7.0027
2.23325
-4.80976
-0.196706
0.125607
0.318614
1.68563
-0.307328
-1.24204
3.00271
1.71969
-7.0163
2.19381
1.12739
1.16488
0.0956063
0.131857
-1.24601
1.48331
0.0364943
1.9047
2.15038
-6.96072
-0.149491
1.31284
0.887952
-3.96962
1.1972
0.392131
-0.0324132
1.17018
-0.100978
1.20084
2.11399
-6.8097
1.2473
2.15889
1.34235
0.307581
2.06698
-6.68559
1.61019
-0.0274171
-2.04689
0.279705
2.40979
-0.338476
1.6399
-8.50524
2.01822
-6.43739
-0.227242
1.19363
2.49576
-1.92201
1.2098
0.669969
-4.80183
1.69003
-6.325
1.98122
2.25607
1.48294
0.377392
2.54753
-0.0969676
1.60276
-0.186092
-6.04241
-0.0738487
1.94843
-3.24852
0.75941
1.0081
-5.85556
1.5833
1.90273
-0.0705049
1.58651
1.08625
-9.75555
2.64417
-8.3204
-3.90895
-9.10614
1.8597
-10.5314
-0.28803
1.72131
1.03991
0.136623
1.05324
-9.09723
0.617286
-0.0479885
0.200284
0.78237
2.82323
-7.40268
1.66066
3.03923
1.17008
1.17621
-5.47294
1.61455
-0.0532659
0.7647
-1.25273
0.879259
2.12729
-3.09771
-5.41373
1.73219
1.58779
1.15123
1.08287
-0.666756
0.98887
0.570785
1.17063
1.57261
1.65758
-4.00402
0.894429
-5.38298
-0.374523
1.60979
-0.653574
1.68001
1.59322
0.624387
0.543976
2.52948
0.299271
0.150111
1.62166
1.62304
1.32796
1.57698
-2.53959
1.5247
1.47208
0.355913
2.20256
-5.36307
0.884074
1.41127
2.27786
1.3493
0.927698
-0.0228176
2.33557
2.27631
-0.0172984
0.986408
0.585964
-5.33018
0.66021
1.35185
0.853912
-5.27029
3.07642
2.42543
-0.791064
0.828566
0.215082
0.0287733
-5.17694
0.980947
0.899615
2.00748
0.0251819
-5.03737
2.31578
-0.146446
-1.58958
0.104091
1.55974
0.846994
1.8013
-1.72497
0.251941
2.78546
2.91374
1.09464
-1.10427
-0.474759
3.22325
0.752196
2.37293
1.42195
-0.137132
0.19415
-1.45094
-0.0348726
2.12338
0.0876185
-6.61952
0.582785
0.590912
-0.91142
-8.22452
2.46876
-4.17683
-6.42413
0.210925
0.48592
0.883611
-0.109144
0.276023
0.825062
0.612355
0.564378
0.0659158
2.81768
1.64893
1.85718
1.9984
1.17123
-2.06462
2.77801
-0.538039
0.177484
0.0953448
1.46389
-7.95934
0.421323
2.16971
0.222836
0.0158267
0.155946
1.6723
0.759382
-6.58541
-8.211
1.54224
1.67474
2.53405
1.58688
1.89379
2.17543
2.13509
-0.739352
2.00807
0.157022
0.819431
-5.35216
-1.76733
-0.617579
0.95263
0.287865
1.94234
0.713007
0.463908
-4.90503
-0.948182
1.08402
-0.0523765
0.175007
-10.4267
1.56735
2.44909
-1.28592
0.110261
-2.04903
-2.14732
0.000999158
-1.28095
0.634402
1.54442
0.629831
-0.0575165
-3.91085
-1.35571
1.67735
-0.474201
-5.23819
-0.253744
-1.15961
0.896787
-3.85238
0.975576
1.17285
2.89691
-0.369629
0.507579
2.34208
0.206652
0.394264
-3.73225
0.944533
-2.83498
-4.62787
-1.1637
0.0841681
0.10108
0.670046
0.390558
-2.61265
0.608398
-11.2436
-0.158671
0.310381
0.39369
-8.48068
2.28704
-0.021229
1.57291
3.10352
2.33118
2.98644
-0.865886
2.28706
0.242314
-0.00326259
-1.20458
0.0985461
0.323194
0.512665
0.156243
0.126895
0.78028
-1.49284
0.950124
-3.34588
-2.62808
-0.497808
-0.895399
1.83907
1.18507
-4.88467
1.19841
-5.62006
0.0475017
-4.71413
0.220342
0.139242
-5.32608
-0.221748
-0.888466
1.73712
0.0236223
-4.39244
-3.43174
1.73137
-1.23662
0.673521
0.455312
-11.4031
-0.000445807
-0.106595
-0.0557924
0.217708
-6.68548
-3.02237
-0.0644135
-5.25498
0.309991
0.323523
1.7834
-0.951834
-0.255513
1.28888
-1.4673
-0.269791
0.714274
3.18353
-0.253024
0.350877
-0.536985
0.367613
-3.52349
1.8353
-0.21021
-2.70489
1.63061
0.257025
-8.26935
2.15994
-5.44367
-3.32439
2.36876
1.12238
-0.440407
-0.699387
-0.0655947
-5.70423
-0.0953065
1.54825
1.99656
-7.0664
0.124574
0.213345
-0.0543283
0.731675
1.55215
0.112726
2.32724
2.48066
-10.4531
0.825322
-0.086434
-0.0310291
-5.47894
0.0200186
1.43852
0.42099
3.00901
-5.34638
-5.35039
2.58116
-4.03626
-5.05151
-5.54846
-2.11378
1.59752
1.53387
-7.61356
-2.318
1.27145
2.61168
0.0166934
2.65657
-1.00867
-5.06563
0.311435
-5.21811
-1.1414
-1.0316
0.666382
-0.946683
-1.07625
2.18579
0.670563
0.254643
0.829543
3.22622
-4.67581
-6.97532
-5.69956
-0.777436
3.17938
-5.55687
0.630754
0.00156826
0.316727
-5.98027
-5.35029
-0.0422773
0.146978
-0.0427963
-0.0869963
-0.0260453
-5.39662
2.7558
-2.13756
-3.57559
2.79715
1.0122
2.33811
-3.6775
1.58385
0.031671
0.266546
1.33584
1.05657
2.47365
0.997354
-0.0379943
0.719833
0.162014
-1.82765
-10.9215
-0.142508
-0.401411
-4.60821
1.11872
0.815934
0.056885
0.639781
0.204217
2.66176
1.62636
1.53207
0.352511
-3.75593
1.48498
-3.19022
-1.87897
1.6188
-0.00982925
-3.21682
0.0182617
2.52369
-2.46663
2.43238
0.0249219
2.28008
0.000236168
2.49555
1.23374
1.27404
-5.33817
-0.59825
1.74188
1.22986
-0.806401
-0.325147
-4.70062
0.184022
-1.89782
2.67214
-0.296579
0.647792
-4.98849
0.60144
2.28422
-2.56043
-7.83998
0.729935
2.67376
-0.590401
-0.962965
0.15227
0.344533
-10.4226
-0.139557
1.25002
-4.47605
0.660461
1.72731
2.12117
0.966789
2.23868
1.92755
0.434409
0.140255
-0.650457
2.61859
3.08865
-7.22591
0.524953
-1.10381
-0.17875
-10.7508
0.362738
2.79824
-5.36063
1.80366
-0.522993
0.976754
2.37899
1.77732
-1.08942
0.284679
1.25176
2.51511
0.213691
0.416059
0.440543
1.76422
0.958627
-4.71374
-1.18217
-1.16443
-4.67103
1.8453
-3.5567
-3.46587
-1.8396
-4.9654
1.49089
-1.95008
0.0465555
-0.0351867
1.26499
2.72375
-0.182083
-1.08769
-0.0594786
-1.86698
1.91993
3.19777
0.15283
-2.73489
-8.39199
0.506321
0.457206
-0.134922
-0.681637
3.12626
0.620697
2.60181
-5.64044
0.666444
0.886387
-7.48451
-0.0452385
-0.909474
-3.64427
0.895118
-0.126914
0.413676
-4.82405
0.934032
0.564945
-2.60406
-5.29069
0.677665
0.744572
2.52424
-0.768931
-0.480452
0.527354
0.316069
0.109616
-6.37417
2.49601
-4.98594
1.64702
2.20321
1.83322
-3.30231
0.394149
1.80467
-0.519168
-0.0335387
-0.190745
1.22476
2.40875
2.50334
2.12216
1.71515
-3.89104
-8.15742
0.824383
0.204313
-8.42957
2.6388
1.86817
1.00868
1.19643
1.1434
-5.06323
-6.37405
2.19423
0.722693
1.0923
-0.0591188
2.35669
1.56953
0.00590854
2.56948
0.078866
-1.93946
-5.07358
0.093365
-9.35157
-0.140348
-1.97735
-0.491085
1.59698
-1.40915
0.860272
-2.51342
0.532318
-7.56001
0.108492
0.134526
2.60379
-2.21331
-0.221825
-8.0851
0.517224
2.11379
1.16705
-7.15252
-0.0163036
-5.11085
1.33738
-1.65863
0.0682903
-2.87493
0.179421
0.0876202
1.7793
3.29304
3.19679
0.24527
0.130569
-4.77467
2.57036
1.76078
1.27296
1.95493
0.421422
2.43065
-0.0817735
-0.87829
0.0669654
0.0773589
2.25122
-1.6637
-3.16715
1.35882
1.41471
-0.0617689
1.49083
2.32611
1.46891
2.30653
0.804152
1.71315
1.65027
1.06408
-0.0559024
2.6718
-0.780781
0.458753
-3.9689
-2.69785
0.0379045
0.628743
0.0988439
2.00793
2.35383
0.684449
-10.5216
2.26105
0.821719
-3.77714
1.22439
0.730723
-8.471
0.394273
2.0914
-0.0314419
-0.295336
0.951998
-8.26095
-0.956329
-0.828211
-0.00241391
0.876677
1.68058
2.77665
3.08473
0.447991
0.497897
1.4354
-1.0617
-3.17538
2.40145
-3.49661
-5.25998
0.922163
-5.67808
-4.42672
0.0421162
1.16623
-4.24675
1.13431
2.38912
0.559135
0.027113
0.30002
2.62147
0.192828
-2.99383
-1.73214
1.20928
-6.83576
1.76909
-1.73147
2.40489
1.62443
1.15394
-0.0368035
-0.881539
2.56241
1.23133
-0.166385
-2.95468
-3.43434
-0.0422871
1.54996
1.43128
0.677455
-0.0820954
-0.953942
1.40769
-1.50915
0.216238
-0.24925
1.41925
2.94232
-0.19404
0.0189209
0.288783
0.0151531
-0.55438
1.27041
0.73416
-7.9948
0.0263222
0.223708
2.26702
-4.78879
-0.553338
1.6906
2.0065
2.446
-0.0056276
-1.7518
1.38844
0.990409
0.266159
-5.37933
-0.945614
-3.44711
1.48229
-1.39596
1.24437
-2.59288
-0.404673
-0.0669805
-0.0796549
-6.04128
0.0125453
-0.060066
2.33171
2.31432
1.08351
-3.79273
2.61683
1.37433
-0.81909
-0.0535824
-1.73034
-0.177283
-0.00314148
-0.25994
-4.31892
1.29361
-5.77654
0.889022
0.0522877
-0.953922
2.44165
1.34044
2.38367
2.2386
-0.835692
-4.69767
0.353385
2.96768
-0.212464
1.05927
1.5936
0.0124344
1.93834
0.702414
-0.0126853
1.14842
-0.232439
1.95201
2.29038
1.51209
1.62667
0.138597
1.47944
0.177891
-5.03225
1.89979
2.48706
0.554928
-0.92571
-3.68353
2.73162
-0.404325
-5.06137
-8.24857
-0.187642
0.013533
2.96056
0.684549
0.0351832
2.14991
-1.02552
-0.0978852
0.0511813
1.81456
1.05395
0.776298
-0.897637
1.47729
0.0239841
2.94701
2.91795
-1.37207
1.88329
-1.13571
0.607282
-0.0625853
1.62725
-1.27614
2.36532
-5.40364
2.05353
0.674841
1.21024
2.22459
-1.03595
0.0622405
0.316788
-0.310083
0.455199
-5.80762
-1.41421
-2.82606
-0.858839
2.46434
-1.83676
2.70128
-0.096383
-7.18472
0.355987
-1.05809
-2.3574
-2.65601
-0.122205
-2.26847
-1.28417
2.32416
-5.36262
2.42114
0.238168
-5.36788
-0.0601617
-2.65436
0.60041
-0.14207
2.6256
0.869659
0.398089
0.146773
-5.38259
1.42735
0.0316605
1.00379
0.137613
-4.74799
-0.247369
-3.0545
0.461252
-0.613955
0.745302
2.29086
1.77708
-0.369599
-0.254575
1.55256
1.58516
2.69405
2.88636
1.29521
-0.174661
1.59154
0.994503
0.387579
0.211759
2.63862
-5.43542
0.658159
-1.65545
0.778165
-0.019847
-0.0764602
0.0698376
0.525684
0.994594
3.10179
0.0858794
1.5943
1.62542
-5.00367
0.555865
-5.36889
1.39894
-5.3503
-2.15163
-0.240918
0.147873
1.59679
0.913353
2.51341
0.00572946
2.42319
-0.0840426
2.98699
1.7292
1.55527
-4.14569
-4.30814
-0.189645
0.223047
-2.05985
2.14811
2.21232
1.287
0.180596
2.98577
0.656327
1.58634
-0.0708011
-4.75749
0.348299
0.61478
1.85725
-1.02468
0.015358
-0.200927
-0.0223281
2.53934
0.869812
-4.7359
0.424567
-0.185947
0.247627
0.498519
-0.150329
0.964808
-3.75022
0.00291219
-0.339441
-0.140583
-7.68043
-0.179756
-8.89142
-10.567
-0.212408
1.7661
-0.155903
0.740806
-0.0148954
2.16432
-6.38054
0.438306
0.293807
-0.668656
-5.28251
2.23921
1.59939
0.104773
0.189485
2.30258
-1.96906
-5.60642
-1.53601
0.0177581
-0.363288
1.30225
1.04531
-0.16557
0.328228
2.39358
0.100227
0.0406314
1.34436
0.975716
-1.54401
2.19389
-4.68417
2.50064
0.948306
2.10411
-0.463357
-1.64677
-3.4576
0.587545
2.4393
-1.255
1.57633
0.935841
-3.65067
0.374163
-1.14726
2.87333
1.42521
-0.0593312
0.928333
0.0780468
-0.0465657
2.2841
-6.47782
1.21012
1.96736
3.00755
1.87975
-9.54294
-7.02475
-1.52111
0.0529792
2.27563
-0.675682
0.168146
-2.60431
-4.85594
2.28791
0.278288
-6.29921
0.0898107
2.22074
2.9648
-0.262027
0.10804
2.19191
2.07364
1.15654
2.40318
-0.996028
-4.33558
1.50351
-5.71869
0.901174
-0.0591212
-6.46622
2.35651
1.11146
-0.804299
-5.3746
2.22254
-7.11084
-2.38458
-0.158478
0.598556
1.58826
2.4427
-2.53221
-0.001457
-4.55294
3.0838
3.04806
1.62316
2.02015
0.0028577
-8.59191
2.76015
0.475211
-0.424302
-0.0744023
0.0054317
-6.72464
-0.252799
-8.61346
1.26683
-0.785754
-0.0263002
1.96959
1.84919
-3.53944
-0.0958008
-0.881206
0.700016
1.25535
2.34282
-2.6913
0.109003
-0.381587
1.07729
-4.75246
-0.28705
2.13081
1.94414
-0.000646786
2.22682
2.01646
1.51222
1.09468
1.08652
-8.02117
1.85724
1.21292
-1.58617
0.00203863
-0.297305
2.19715
-3.63938
1.26532
0.870507
1.62287
-0.337771
1.72531
3.2071
-5.27025
0.839354
0.701168
-8.18675
2.86513
-0.140708
1.14237
-5.31114
0.074236
0.042746
0.492545
0.603506
1.01629
1.10229
-3.01924
-0.20556
-6.47903
2.23736
0.652648
-4.66341
1.93389
1.73259
2.79298
3.0975
0.144118
1.64835
-2.13133
1.39714
-0.0294528
1.03495
2.69441
2.3291
-0.750023
0.0199754
1.49984
-0.495849
-5.06741
-0.571779
0.605072
-9.27945
2.98801
-1.45131
-0.505076
2.18766
0.805736
0.966931
-0.0774451
-2.18392
0.0728373
2.18675
-0.230272
0.152302
0.7309
-4.63819
-0.0773882
-1.79832
1.98024
1.30964
1.90001
-1.46734
1.44496
-0.233944
1.92351
-3.59846
1.58522
1.53791
2.32451
-6.82268
-4.7454
0.367923
-0.0086599
-7.65405
-0.618297
0.86516
-2.34763
2.75275
-5.4521
-0.0595575
1.3753
-7.26069
-1.63733
-1.93679
0.245259
0.946661
1.43698
-0.090415
0.661294
1.2522
1.55306
1.01898
0.0784213
-0.0326756
2.9619
-0.00801766
0.690658
0.627074
-0.785021
0.512114
-0.233639
1.87623
1.87135
-0.847416
-8.8077
-1.84941
0.0962426
-8.0296
1.40686
-7.28405
-9.81353
0.543397
0.200832
-0.325811
-0.900778
2.4021
3.04152
-0.801755
2.15865
2.96111
0.961192
-0.0462559
-1.35929
0.051619
-2.01967
-1.95537
-3.24718
-1.21453
0.840111
-0.0385825
1.14381
0.892378
2.01794
0.772525
2.04747
-0.0711942
0.564075
0.986276
2.85382
0.959755
-4.79051
1.33596
-0.226841
-0.0851497
2.34933
1.61721
-0.978475
1.7536
-0.179849
-0.226134
1.97312
-0.290978
-1.84324
-5.29443
1.60003
2.14591
2.89662
0.538165
1.58655
-5.7699
1.45395
0.0297069
-0.753278
1.37841
-0.90651
0.95333
2.11657
1.87523
0.699665
2.21046
-6.15941
1.57321
0.499918
1.47839
-0.254584
1.55187
1.50075
-0.117656
2.1369
-1.27677
-0.855545
0.664105
2.83755
-0.263544
1.00864
0.823496
0.951302
2.73915
0.822798
2.87051
-3.89406
-0.733995
2.00843
0.789759
-0.246969
0.741112
0.660245
-0.745786
1.4413
0.809816
2.84265
1.4744
0.851495
)
;

boundaryField
{
    SideWalls
    {
        type            empty;
    }
    Top
    {
        type            zeroGradient;
    }
    Inlet
    {
        type            zeroGradient;
    }
    Bottom
    {
        type            zeroGradient;
    }
    Outlet
    {
        type            fixedValue;
        value           uniform 0;
    }
    Plate
    {
        type            zeroGradient;
    }
}


// ************************************************************************* //
