/*--------------------------------*- C++ -*----------------------------------*\
| =========                 |                                                 |
| \\      /  F ield         | OpenFOAM: The Open Source CFD Toolbox           |
|  \\    /   O peration     | Version:  2306                                  |
|   \\  /    A nd           | Website:  www.openfoam.com                      |
|    \\/     M anipulation  |                                                 |
\*---------------------------------------------------------------------------*/
FoamFile
{
    version     2.0;
    format      ascii;
    arch        "LSB;label=32;scalar=64";
    class       surfaceScalarField;
    location    "4.5";
    object      phi;
}
// * * * * * * * * * * * * * * * * * * * * * * * * * * * * * * * * * * * * * //

dimensions      [0 3 -1 0 0 0 0];

oriented        oriented;

internalField   nonuniform List<scalar> 
7520
(
-1.02267
0.795793
0.226878
-1.36167
-0.187634
1.5493
-0.00635975
-1.83637
1.84273
0.234349
-0.0320081
-0.202341
0.0174825
1.46097
-1.47845
-0.0892738
0.0960248
-0.00675105
-0.276324
2.07387
-1.79755
-0.157281
-1.70153
1.85881
-1.44737
1.44101
0.857186
-0.0892559
-0.76793
-0.0377424
-0.208393
0.246135
-0.235175
-1.71816
1.95334
0.709677
-0.105748
-0.603929
-0.0987771
0.137077
-0.0383002
-1.88356
0.963975
0.919582
0.145637
1.58298
-1.72862
-0.0770065
-0.0465887
0.123595
-0.216972
0.163015
0.0539575
0.0274774
0.0504161
-0.0778936
0.0422016
-0.119208
-0.415799
-0.269647
0.685446
-1.07054
1.21618
-0.0294101
-0.316603
0.346013
0.14083
-0.141888
0.00105711
-0.00685036
-0.118571
0.125422
0.25329
-0.246675
-0.00661425
0.872199
1.12098
-1.99318
-0.0360821
0.317883
-0.2818
-0.0591298
0.0866072
0.197571
-0.0311173
-0.166454
-1.14735
1.75897
-0.611616
-0.0477933
-0.0180257
0.065819
-1.83509
1.95864
-0.123543
-0.295692
0.334809
-0.0391174
-0.26644
-1.2365
1.50294
-0.537258
1.01875
-0.481497
0.273693
-0.545009
0.271316
0.799176
-1.54146
0.742285
0.092001
-0.319423
0.227422
-0.0445959
-0.10167
0.146266
-0.0277991
0.262148
0.408001
0.403545
-0.811547
0.28831
-0.0350202
2.20191
-1.64144
-0.560471
-0.469862
-0.68567
1.15553
-1.49616
1.62543
-0.129271
-0.023386
0.0766062
-0.0532202
0.262185
-0.0764024
-0.185783
-1.34427
0.196918
0.275064
-0.0759744
-0.19909
1.79424
0.150841
-1.94508
-0.722324
0.254894
0.467429
0.198149
-0.20204
0.00389109
1.00783
0.533626
-1.54145
0.0146212
-0.103895
-0.763324
0.125583
0.637741
0.382923
-1.25372
0.870793
-0.0422533
-0.123604
0.165858
-0.116674
0.0688805
-2.19896
1.09762
1.10134
1.08764
-0.521912
-0.565726
-0.0174446
-0.00218113
0.0196257
-1.25286
0.986417
0.832248
-0.12257
-0.0336607
0.231809
0.00406498
-0.102842
1.11711
-2.22397
1.10685
0.152454
1.64179
-1.24461
0.990551
0.254055
0.316843
-0.23857
-0.0782724
-0.523549
0.906472
0.232265
-0.925073
0.692808
0.341854
-0.0943828
-0.247471
0.444057
-0.472474
0.0284166
0.718607
-1.45515
0.736541
0.127306
-0.111295
-0.0160114
2.13803
-0.950753
-1.18727
0.411578
-0.773571
0.361993
1.70611
-1.20747
-0.498637
-0.823874
0.0605498
-1.48673
-0.712232
1.16635
0.177245
-1.3436
0.241845
-0.62519
0.383345
-0.0521883
-0.243503
-0.0463638
-0.170609
0.214535
-0.0169646
0.0152904
-0.0467386
0.0314482
1.09053
1.04749
-1.80071
2.03565
-0.234942
0.742571
0.345067
-0.956848
1.11887
-0.162018
0.0490908
-0.00969521
-0.0393956
1.36299
-1.59816
0.243056
0.196742
-0.104741
0.474413
0.253705
-0.728118
0.00741234
0.0837959
-0.0912082
-0.549608
0.402952
0.146656
1.33234
-0.613736
-0.726854
0.630979
0.0958749
0.778717
-0.967238
0.188521
-0.0876054
0.110313
-0.0227076
-0.00514615
0.00045687
0.00468928
2.34797
-1.36536
-0.98261
0.537161
-0.455024
-0.567648
-1.36894
0.845393
-1.8841
1.60777
0.164989
-0.0779037
-0.0870854
-0.149455
0.111713
-0.15833
0.157093
0.00123687
-0.187977
0.26434
-0.0763631
1.88965
-1.09047
0.334588
-0.146548
-0.188039
-0.781876
0.366076
-0.0300093
-0.0437909
0.0738002
-0.136708
1.30306
-0.786502
0.466595
0.319907
1.29122
-2.03988
0.74866
0.039675
0.101155
-0.178267
-0.544057
-0.377452
0.0889914
0.288461
1.06268
-0.205493
-0.389163
0.303209
0.0859535
-0.0801086
0.224174
-0.144066
0.0506149
-0.0501404
-0.000474513
0.734022
-1.84831
1.11429
0.388454
-0.417864
-0.348747
-0.0504309
0.399178
0.239378
0.09521
0.124394
-0.25694
0.132546
0.142109
0.0321707
-0.174279
-0.0642764
0.206385
-0.615417
-0.171086
0.0420954
-0.644021
0.601925
-0.738165
1.71728
-0.979117
0.394275
-0.415058
0.0207826
-1.1726
-0.196338
-0.0337069
-0.0499041
0.083611
1.36579
-0.357969
-0.64018
0.420073
0.220107
-0.000463875
0.115897
-0.115434
0.290771
-0.0752432
-0.215528
0.224831
-2.0612
0.317405
-1.81356
-2.16877
0.817416
1.35135
-0.844086
-0.400519
-1.24907
1.03583
0.213242
1.89724
0.312051
-2.20929
0.182093
-0.226689
-0.155539
1.18914
-1.0336
-0.26149
-0.397951
0.659442
0.0487182
-1.29779
-1.84569
0.0105939
0.00251167
0.0127788
0.0627675
-0.119609
0.0568411
0.286864
-0.329117
0.853225
-0.0745081
-0.154583
0.126784
-0.0356831
0.00749892
0.0281842
0.756127
-0.426428
-0.329699
-0.478897
-1.40466
0.0136824
-0.275173
0.0380017
-0.573772
0.53577
0.1226
-0.102369
-0.0202304
-1.59352
0.94625
0.647273
0.610563
-0.59308
-0.0546539
0.449973
-0.395319
-0.158852
0.152002
0.520971
-0.242168
-0.278803
1.04447
-0.570058
0.237972
-0.313947
0.901307
0.320841
-1.22215
0.29963
-0.335712
-0.383406
-1.43246
1.81587
1.27678
0.667664
0.696589
-0.454743
-1.31606
0.778805
-0.705721
0.908712
-0.202991
0.00591437
-0.0336226
0.0277082
0.276072
-0.323948
0.047876
-1.47714
1.34043
-0.27715
-0.148891
0.426042
0.0830532
0.0395465
-0.850308
0.88831
0.550523
-1.0903
0.539773
-0.529
-0.020608
0.675629
-0.401936
0.137992
-0.0106857
-0.363425
0.130656
0.232769
0.063247
-0.251224
-0.359893
-0.111625
0.471518
0.132527
0.209327
-0.759663
-0.695485
-0.766183
-0.82734
0.0577988
-0.088833
0.0310342
1.66762
-0.699644
-0.96798
-1.14996
0.411794
-1.15771
2.12407
-0.966357
0.362541
0.15843
-0.236933
0.118836
0.118097
-0.768072
0.589804
0.634132
-1.10399
1.74539
-0.0656128
-1.67977
-1.48759
1.93156
-0.443973
-0.0233555
0.086123
0.367143
1.43096
-1.79811
0.0340175
-0.166224
0.132207
-0.112062
1.77286
-1.6608
0.00174674
0.109239
-0.110986
-0.881851
1.23006
-0.348213
-0.0977272
-0.670344
0.0745479
-0.434441
0.263761
-0.178896
-1.62731
1.80621
-0.0189077
0.0693238
-1.59136
0.831701
0.236211
-0.1656
-0.0706115
-0.107205
0.027096
0.112794
1.59927
-1.71206
-0.576778
-0.550557
1.12733
-0.511488
0.4034
0.108087
2.4681
-1.61978
-0.848317
0.441596
-1.01837
-0.198451
0.232177
-0.033726
0.110902
0.718537
-0.829439
0.0459853
-0.0492998
0.00331448
0.826563
0.807029
-1.63359
-0.223647
-0.503208
-0.0584922
0.16599
-0.107498
-0.930336
0.690564
0.239772
-0.0733524
0.0392396
0.0341128
1.42488
0.242745
1.08304
-2.02226
0.93922
-2.79065
1.23035
1.5603
-1.16784
-1.62281
-0.375016
0.487346
-0.11233
0.27469
-0.368567
0.093877
0.647697
-1.52688
0.87918
0.0554903
1.05784
-1.11333
-0.865595
1.04284
1.12579
-0.224487
1.10513
1.13278
-2.23791
-0.182851
0.0881659
0.0946855
0.0251028
-0.955439
1.85708
-0.482797
-1.37428
0.135022
-0.101004
0.0867557
-0.153286
0.106697
1.07032
0.786754
0.186994
0.665803
-0.852797
0.360321
-0.0424389
0.00824485
0.050556
-0.0588009
0.161449
-0.294035
0.132586
-1.81364
0.856164
0.957478
0.0152459
0.259444
0.821229
-0.779133
0.497875
-0.0307959
-0.467079
0.133399
0.128786
-1.86876
1.81339
0.0553759
1.19303
-0.642511
0.0238149
0.2095
-0.233315
-0.0384825
-0.115096
0.153579
0.11895
-0.213333
1.67267
-0.555562
0.0333155
-0.0260793
-0.00723626
0.00227139
-0.0379545
-0.328065
0.119672
0.928055
-0.67435
-0.660208
0.715698
-0.370969
0.00754413
2.07387
0.0192666
-0.0194399
0.000173385
0.0274011
0.900654
-0.20004
0.128982
0.0710583
0.0199458
-0.0250919
-0.3537
0.761701
1.14572
-1.30126
0.414549
-0.369772
-0.0447777
0.316633
-1.19848
0.182924
-0.0585293
-1.82701
1.64811
-0.243235
0.044784
-1.98429
0.221027
-0.221491
-0.0694164
-0.0578017
0.127218
-0.593431
-1.22021
1.39084
0.957127
1.7254
-0.779154
-1.71816
0.0968354
-0.485998
0.0449396
0.232601
-0.27754
0.173602
-0.235667
0.0620652
-1.27776
0.592087
-0.194211
-0.261245
0.455456
0.336807
-0.426063
-0.122595
-1.91544
2.03804
0.992786
0.215217
-1.50658
1.29136
0.919084
1.03955
-0.777928
1.48335
-1.1162
-0.0518308
0.391009
-0.339178
-0.876804
0.769961
0.106844
0.0190066
0.0143089
-0.0835739
0.326417
-0.242843
-0.269015
-0.247734
0.516749
-0.521062
1.79784
-0.275724
-0.364732
0.640456
0.0874114
-0.110797
0.264245
-1.22109
0.0344833
-0.0262384
0.00841946
-1.84414
1.00958
0.834565
0.363103
-0.468851
0.00842604
-0.026553
0.420828
1.07765
1.39045
1.64762
-0.53497
-1.11265
0.117874
-0.0434072
-0.0744673
0.742434
0.963672
0.16205
-0.117111
0.683667
-1.99972
1.31605
-0.0159687
0.0259264
-0.00995765
0.494389
0.837954
-0.217982
-0.101441
0.751437
-0.564443
-0.574883
1.44708
0.154245
0.0107446
1.86673
-0.575505
0.143743
-0.136331
1.77273
-0.125111
0.101315
0.400009
0.0145403
0.0177685
0.299074
-1.73325
-0.839378
0.98191
-0.142532
0.00577576
-0.117071
1.77405
0.0121544
-1.7862
-0.709705
0.433982
0.223337
0.0674338
-0.307581
0.0690111
0.00820127
-1.21567
1.54396
-1.58942
0.0454579
0.0211826
-0.309649
0.288466
-0.829615
1.324
-0.801847
1.53587
0.0536064
-0.0324238
0.78436
-0.317766
1.95295
-0.589969
0.00513747
0.118815
-0.123952
-0.0677931
-0.0958583
0.163651
0.11501
0.00286412
-0.054009
-0.746521
-0.215104
0.0174662
0.197638
0.52044
1.19684
-1.73122
1.34781
0.111655
-0.460402
-0.78205
1.01431
-1.13996
1.33387
-0.193907
0.53248
-1.81017
1.6981
2.05683
-0.966294
1.32464
0.877269
-0.0666411
0.258552
1.28541
-1.33223
0.319482
1.01274
0.250181
-0.281298
0.228346
-0.2131
-0.211787
0.14751
-0.106912
-1.53453
0.522291
-1.20059
0.678296
-1.20228
0.482019
0.720264
-0.155708
-0.769365
0.0191631
-0.0366077
0.0853906
-0.0270605
0.193994
-0.166933
-0.542398
0.487744
1.07375
0.983082
-1.48759
0.0207806
0.0298343
1.61816
-1.43185
-0.186308
-0.384793
1.81576
-1.5596
2.50074
-0.941149
-0.774245
1.03802
-0.263771
0.124771
-1.37763
-0.202063
-0.166504
-0.271525
0.427357
-0.155832
-0.0166194
0.0170763
1.3362
0.708038
-1.27949
0.571451
-0.0274814
-1.55713
1.58461
-0.0523813
-0.105949
-0.00253002
-0.471969
0.474499
-0.7939
1.66701
-0.873109
0.197794
-0.137457
-0.0603367
-0.531665
0.640435
-0.10877
-1.96757
1.77993
2.03078
-0.443221
-1.58756
-0.132635
0.0660731
0.0665614
0.0049354
0.168666
0.104629
-0.633628
-0.822718
1.64928
-0.0450953
0.015086
1.74539
-0.980002
1.0909
0.0198034
-0.0198034
-0.138686
0.247422
-2.04813
2.25581
-0.938405
-1.31741
-0.716609
0.872758
-0.156149
0.006196
-0.311935
0.305739
1.06402
-1.19549
0.13147
-0.561104
-0.250683
0.811787
0.867013
-1.99828
1.13126
-0.0766767
-0.800128
-0.2093
0.141507
-0.223256
-0.565447
0.788703
0.760478
0.420003
-1.18048
-1.31468
-0.428893
0.69234
-0.263446
-1.00501
1.14062
-0.135608
1.44925
-1.33646
-0.105986
-0.109118
-0.0581138
-0.0134676
0.457525
-1.16947
0.986875
0.182599
-1.29648
1.87378
-0.5773
-0.016842
0.130932
-0.11409
-1.47099
-0.752975
-0.0556852
-0.00344459
-1.61486
0.457152
-0.368266
0.284692
-0.243684
-0.530562
0.0395341
-0.0555028
-0.680703
1.78584
0.042716
-0.359319
-1.51884
0.109252
1.40959
0.956435
-1.01882
0.0623871
-0.871614
0.165894
0.213491
-0.566584
0.353093
1.61462
-0.15734
-1.45728
-0.0120749
-0.058123
0.0701979
-0.377546
0.755967
0.601698
-1.35766
-0.429668
1.39364
0.245432
0.641526
0.724268
-0.0658747
1.5818
0.190925
-1.43309
1.40561
-0.11152
-0.035585
0.147105
-0.0976218
-0.10839
0.206011
-2.04289
0.483292
-0.121395
0.52494
-0.618181
-0.221197
0.249201
0.861353
-0.304544
-0.556809
0.191041
0.097269
-1.12457
1.86602
-0.741447
0.147849
-0.243707
-0.0725642
0.348637
0.251955
-0.52348
-0.200643
0.0447013
0.155942
0.32588
-0.0344509
-0.291429
0.695577
-1.17899
0.483416
-0.0127463
0.00856851
0.00417781
-0.288714
0.320855
-0.0321413
0.124499
-0.469966
0.345467
0.304158
-0.0539777
0.0322572
0.40299
-0.435247
1.33136
-1.03013
-0.963051
-0.178749
-0.461078
0.639827
0.0975825
-0.0282587
-0.271334
-0.240153
1.11172
-0.250369
0.0030811
-1.25808
1.255
-0.354598
-0.022854
-0.0413672
-0.574049
-0.333904
-0.197761
0.168855
-0.167108
-1.4034
-0.0349289
-0.0793075
0.114236
1.31391
-0.993072
1.07803
0.952748
0.436714
0.061161
-0.160052
-1.5986
1.75866
0.670888
0.514205
-1.18509
-0.133642
-1.04645
0.626041
0.420412
1.22139
-0.264955
0.0249548
0.00540593
-0.0303607
2.21252
-1.21344
-0.999078
0.134754
-0.30275
0.167996
0.677751
0.440631
-1.11838
0.0703681
0.100379
-0.170747
1.70037
0.0351161
-1.73549
0.0520086
0.111006
-0.253887
0.296603
0.0570766
-0.0011909
-0.0558857
0.215536
-0.2619
0.0481862
0.0208169
-0.0690032
-0.506001
-0.664687
1.17069
1.12028
0.494339
1.00588
-1.0028
0.589743
-1.38364
-1.84661
1.72402
0.147161
0.0770128
0.249729
-0.603791
0.354062
0.742497
0.982907
1.14119
-1.32874
0.18755
1.20325
-0.561728
-0.13074
0.0873327
0.10941
-0.320058
0.210648
-1.52115
-0.319071
1.84022
-0.421745
0.448442
-0.0266978
-0.00614844
0.0259519
0.307297
1.15367
-0.136985
-0.0458666
1.00635
-2.06917
1.06281
-0.819953
-0.311935
1.13189
1.61385
-0.530815
-0.0522597
0.555284
-0.953235
-0.262475
0.00450841
0.257967
0.0192194
-0.185673
-0.482988
1.19103
0.0117337
0.0342516
-0.128544
0.150076
-0.0215321
0.0543241
1.0097
0.0951358
-0.739157
-0.412322
-0.41616
0.505151
0.715841
-0.959525
-0.20155
0.055002
-0.0657149
0.172412
-1.93074
0.900614
0.0532466
0.103533
-0.15678
-0.306105
0.214732
0.0913726
0.200066
0.857773
-0.00498669
0.00280555
0.0213617
-1.66172
1.64036
0.0163284
-0.620766
0.604437
-0.0240827
0.0633802
-0.0392976
-0.685954
1.20824
-0.150162
-0.352679
0.502841
-0.282494
0.495984
-0.216572
1.30124
-1.08467
-0.655702
0.535017
0.120685
1.98811
-0.0908698
-0.137746
-0.141965
0.279711
-0.00481269
-0.252127
-0.176307
-0.163497
1.12686
0.908793
0.292981
-1.36692
1.07393
-0.804982
-0.177949
0.982931
0.0697729
0.132533
-0.202306
0.067533
0.251554
-0.319087
-0.16693
-0.0132843
0.180215
0.0206307
0.0138526
-1.03353
-0.130667
0.0120961
-0.0398682
0.0136298
-0.122282
0.389603
-0.267321
-0.228628
0.262915
-0.0342867
-0.0560803
0.0591829
-0.00310257
0.795063
-0.385285
-0.0592975
0.0125589
-0.238098
-0.592095
0.830193
1.17367
-0.973606
0.0110417
-0.351254
0.340213
-0.53005
-0.437188
-1.36878
1.52123
1.09362
0.0955202
-1.34508
0.842873
0.502204
0.218722
-0.0947664
-0.123955
1.74014
-1.74014
-1.61791
0.131183
-0.995421
-0.19079
-0.652225
0.843015
0.574989
-0.53715
-0.0378385
-0.196694
-0.320112
0.205024
0.115088
0.00317793
0.197412
-0.20059
-0.50416
1.26674
-0.762584
0.11198
-0.189917
0.0779375
0.797789
-0.673018
-1.05698
0.251997
-0.0390144
-0.21407
0.253085
-0.013111
-1.31912
-0.529699
-1.2046
0.674901
0.742153
0.00983185
0.235003
-0.244835
-0.27202
0.329224
-0.0572044
-0.226134
0.167641
-0.0828053
-0.149223
0.0798063
0.0360733
-0.0526188
0.119489
-0.0668703
-0.259693
-0.0603647
-0.320803
0.35306
0.119276
-0.141409
0.022133
-0.0883377
-0.116521
0.204859
-0.156253
0.0297189
0.126534
-0.0646776
0.167483
-0.102805
-0.654651
1.33295
0.585041
-1.12337
0.538327
-0.149789
-0.0810397
0.230828
-0.0512437
-2.23554
2.28678
0.899486
-0.586355
-0.313131
0.444463
-0.0406403
-0.195027
-0.0519498
0.00815888
-0.0542533
0.189007
0.300788
-0.923708
0.62292
-0.453061
-1.4157
-0.201136
0.829611
-0.628475
0.186189
0.0531885
0.404762
-0.271519
-0.133243
0.318758
-0.556856
-0.459712
-0.109799
-0.0543607
0.16416
-0.524222
0.330011
-0.157928
0.578001
-0.178069
0.139586
-1.58032
0.214959
-0.288779
0.540734
0.0322846
-0.241585
0.347849
-0.137201
0.315616
-0.305784
-0.0833801
-1.29031
0.635658
1.98038
-0.207523
-1.62731
2.2449
-1.08661
-1.15829
-0.0792812
0.482233
-0.0837709
-0.740103
0.518079
-0.454832
-0.244301
-0.0181741
-0.588382
-0.403557
0.991939
-0.0434938
0.0480911
-0.00459734
0.0226577
-0.866744
-1.89408
-0.311209
-0.325569
0.636778
0.42368
-0.407352
-0.242853
-0.0379662
0.280819
0.465945
-0.0774908
0.164718
0.0540034
1.99797
-1.13096
-0.90474
0.316358
-0.249654
-0.0503206
0.299975
-0.0456577
-0.0987104
-1.09678
-0.0148925
-0.247985
0.262878
-0.0826218
-0.034052
0.920313
-1.18147
0.261154
-0.668942
-0.0574053
1.79755
0.117281
-0.709376
1.24343
-2.04698
0.80355
-1.9959
1.32874
0.667168
0.150815
0.103808
-0.254623
0.151027
1.19196
0.017439
0.845731
-0.86317
-0.0532482
0.0271689
0.0447268
-0.177361
-0.0288848
-0.275359
0.304244
1.26064
-1.4207
0.222082
0.0524625
0.0318744
-0.0843369
-1.46498
-0.152933
-0.583793
-0.876715
0.697966
0.107916
0.00340286
-0.111318
-0.629102
0.305565
0.323537
-0.391649
0.339818
-1.0991
-0.543619
1.64272
-0.145314
0.276938
-0.270742
0.322341
-0.597697
0.275356
-0.72602
1.20804
-0.154306
-0.8874
0.170791
0.765732
0.0554968
0.895752
-1.39991
-0.0538236
0.0497437
0.0040799
1.12971
-0.397778
-1.08067
-0.343663
-0.0718231
0.415486
-0.0550814
0.202592
-0.131895
0.0436686
0.0882264
0.10012
-0.270728
-0.148758
1.29448
-0.224534
0.30506
-0.0670873
-0.425359
0.398806
-0.179392
0.0717571
0.107635
0.246799
-0.106317
-0.140482
-0.141708
-0.0417778
0.183485
0.138997
-0.113447
-0.0255492
-0.281084
0.137019
-0.222164
-0.0874847
-0.0294496
1.2152
-0.357478
0.0943937
0.263084
-0.0797555
0.111113
-0.0313575
0.122525
-0.354061
0.231536
0.00961028
0.236785
-0.665678
0.153009
0.360881
-0.074017
-0.126806
-0.0320459
-0.129183
-0.0370419
1.79983
-0.992797
0.0692855
-0.301173
0.231887
-1.60529
0.236517
-0.059724
0.0928948
-0.0331708
-0.039803
-0.0335494
-0.694197
-1.30171
0.3584
-0.0587708
-0.861471
-1.13825
0.0897976
-0.218341
-0.290087
0.612428
0.995915
-0.752713
-1.04789
1.34087
-1.82525
0.304095
-0.132284
0.0696139
0.0626701
0.137841
-0.180121
-0.394507
0.574628
0.0467933
-0.0540296
-0.456542
-0.835571
1.29211
-0.828426
-1.05492
1.88334
0.603972
0.343498
-0.94747
0.00524439
0.197299
-0.307099
-0.261536
-0.261944
-0.171543
-0.104834
0.276377
0.256446
0.402996
0.275948
0.128814
0.0863779
-0.599989
-0.0102441
0.0295106
-0.696872
0.927757
-0.230885
-0.141916
0.00896876
-0.942592
-0.0847752
-0.00405781
-0.770119
-0.174099
0.306645
-0.775652
-0.0034816
-0.136665
-0.892216
-0.335049
1.22726
-0.175573
0.693652
0.229029
0.643729
-0.292901
-1.00426
-0.926485
-1.28907
1.42054
0.0755298
0.192487
0.0166539
-0.0673832
0.0507293
-0.630808
0.575479
0.0553296
0.713083
-0.81081
0.269446
-0.2162
-1.12834
-0.216736
-0.243335
0.322823
-0.0794882
1.13912
-0.443543
-1.46101
-0.141072
1.60208
-0.0893733
-0.17032
0.109318
0.234969
-0.344287
-0.232594
0.396255
0.140906
0.0247089
0.0194533
-0.0441622
-1.30402
0.821225
0.0164459
0.0303474
-0.172546
-0.130204
-0.325997
-0.10064
-0.10091
0.300753
0.253181
0.054744
-0.11063
0.355804
1.45758
-0.736317
2.06096
1.02472
0.601971
-0.852654
-0.00684941
-1.45416
-0.0971575
-0.325351
0.38193
-0.0565789
-0.0332731
-0.0168672
-0.172951
0.0117511
-0.0547651
0.123646
-0.0974231
1.54118
-1.44376
0.177863
-0.848208
-0.122906
-0.259402
-0.0697155
0.0563561
-0.282609
0.356846
-0.0742374
-0.010517
-1.42817
1.43869
0.631112
0.265829
0.30916
-0.669471
-0.571386
0.948171
-0.376785
-0.0792403
-0.104514
0.319246
-0.535805
0.732089
-0.196284
-0.0268146
-0.40394
0.430755
-0.139998
-0.617629
0.757627
-0.276097
-0.0596148
-2.03318
-0.094895
0.181166
-0.176028
0.0297576
0.0645206
-0.0480747
0.337935
-0.663503
2.17909
-0.919314
-1.25978
-0.0354496
0.420918
0.29339
-0.184072
-0.204732
0.150372
-0.172609
-0.0131731
-0.375873
0.323685
-0.310235
0.843978
-0.983976
0.1363
-0.0920333
-0.0442665
-0.371771
-1.92925
1.0473
0.881954
-1.78513
1.73389
-1.17401
0.389897
0.784118
0.140108
-0.181575
0.0414672
0.600052
0.511671
-0.152454
0.197251
0.0560011
0.179357
-0.135091
-0.260334
-0.0111849
1.04172
1.13738
0.0738691
-0.0233131
1.51635
-1.2043
-0.0275484
-1.39295
1.4205
1.22343
-0.00822941
-0.291661
-0.0766048
0.0775736
0.0193147
-0.252582
0.13657
0.0917762
0.453279
-1.59689
1.14361
0.129431
2.3841
-1.48497
-0.899137
-0.0297732
-0.249328
-0.0626062
1.37991
-0.0394797
1.3688
-1.23761
1.06635
-1.89477
-1.24543
0.021288
1.22414
-0.955209
-0.00200441
0.957214
-0.0400866
0.0537164
2.16933
0.00048729
-2.16982
-1.76603
1.86361
-0.0975796
0.0449679
0.217947
-1.05362
0.0486108
-0.00193639
-0.241298
-1.34649
0.206535
-0.00750002
-0.00913236
0.0166324
-0.0914755
0.223472
-0.131997
0.147175
-0.493184
0.346009
0.522907
0.459003
-0.52493
-0.104172
0.0711865
0.865845
-0.942521
-0.0651556
-0.054453
-0.251815
0.0527251
-0.200603
1.47715
-1.27654
-0.260119
0.7623
-0.502181
0.0553312
-0.416654
0.361323
-0.795924
-1.52035
0.707173
0.813175
-0.0260667
0.849347
0.217118
-1.06647
-0.418218
0.219687
-0.243503
0.0238165
0.167976
-0.0357689
-0.246912
0.00405985
-0.28762
-1.17931
-0.12195
-0.393167
0.793189
-0.400021
-0.761232
-0.554831
1.77155
-0.76197
-0.101767
0.185189
-1.37757
0.0235687
-1.35822
1.33465
-0.272062
-0.0362741
0.308336
0.852774
-0.867623
0.0148488
0.136816
-0.0209183
-0.0998106
-1.43207
0.670843
-0.655351
1.28139
-0.230787
-0.097278
0.294937
0.218419
0.0283799
0.807511
-0.373529
0.00660476
0.706479
-0.953065
0.409008
-1.89245
0.837533
1.25876
-1.26928
-1.48714
1.38972
-0.00285344
-1.45353
0.191187
1.26235
0.593327
0.236283
0.0330495
-0.91639
0.725599
-0.113618
-0.127202
0.24082
-1.39976
0.228186
1.17157
0.307704
0.791886
-1.09959
0.0110781
-1.30015
0.775202
0.0895941
-0.864796
0.140297
0.253126
-1.03518
0.069253
-0.0118003
0.05104
1.51255
-1.47743
0.241622
-0.986351
-0.533998
0.78542
-0.0040331
-1.2414
1.1141
-0.264753
-1.6981
-0.0200572
-0.316958
-0.905191
0.332399
0.136827
1.84661
0.227259
0.111532
-1.20831
0.134945
-0.102774
0.191186
-0.460202
0.325226
-0.555837
0.230611
0.239728
-0.037536
-0.202192
0.175811
-0.317776
-0.109851
0.271299
-1.14512
1.17832
-0.033204
-0.746108
1.09084
-1.7698
0.678966
-0.75485
-0.056543
0.0906558
-1.45882
0.10945
1.34937
-0.362221
0.894701
-0.668527
0.691185
0.156772
0.96659
0.604405
-1.01673
-0.821641
-0.177387
0.999029
-0.71824
-1.20343
0.746887
-0.121855
0.125119
-0.00326408
0.0520043
-0.0913019
0.972135
-1.45512
-0.206459
-0.472213
0.678672
-0.165685
0.138714
0.0269715
-1.06451
0.446882
0.0365179
0.0249068
-0.227248
0.405575
1.9474
0.221926
-0.791204
0.808643
-0.262027
0.0894812
-1.09978
1.73679
-0.637014
-0.0738988
0.0627668
0.0752251
0.367959
-0.0219461
0.946789
1.17728
0.626016
-0.943781
0.281146
-1.90093
-0.164546
0.129617
0.115383
-1.10845
-0.2211
-0.960368
-0.206689
0.052106
0.784394
-0.378819
-1.10397
0.420609
0.873866
0.181783
-1.68245
0.329533
1.35291
-0.0833247
0.47958
0.674045
-1.19654
-0.291046
0.745084
-0.333525
-0.411559
0.853461
-0.282197
-0.571264
-0.175032
0.0375745
0.627303
-0.663506
0.0362027
-1.40723
0.334298
1.07293
1.1083
0.192935
0.000615386
0.1073
0.761103
-0.524317
-1.76797
0.628227
1.13974
-1.80621
1.48714
0.804663
0.794715
-1.59938
0.780493
-0.719944
1.81908
-0.619857
-1.19923
-1.04274
0.167561
-0.0802281
-0.00731725
-0.100337
0.188503
-0.0363401
0.113903
-0.0775625
-0.235494
-0.23698
-1.53592
-0.165601
0.0687512
-0.0976361
-0.0316317
-0.0176681
1.02493
-0.477798
-0.547131
0.781558
-0.475993
-0.117782
0.122717
-0.126656
1.26785
-0.328794
0.0567322
-0.274944
-0.789567
-1.44706
0.554847
-0.0652627
-0.0766249
0.121595
0.0916051
0.100248
-0.0835939
-0.501026
-0.597525
0.0928831
-0.0769299
-0.0159532
0.175747
-0.788432
-0.476529
1.26496
0.0349055
0.0296151
0.196109
1.04908
0.99193
-2.04101
-0.384039
0.98801
0.210465
-0.0836808
0.60671
-0.896822
-0.649634
1.54646
-0.927169
-0.978051
0.574494
0.298853
-0.200974
-0.0978785
0.524994
-1.22464
-0.147107
1.5176
-0.426764
-0.17705
0.101807
-0.391347
-0.732022
0.0728504
1.95309
-1.72402
-0.229073
-0.862124
-0.584939
-0.0213738
0.160814
0.0651849
-1.01476
-0.2187
1.23346
0.213304
0.529374
-0.556189
-1.66857
-1.70817
0.68958
1.01859
-0.157168
-0.00484343
0.162012
0.940131
-0.551696
-0.388435
0.103221
-0.157986
0.075897
0.0811965
0.899435
-1.99854
0.757157
0.0963043
-0.316803
-0.587937
0.0371025
0.0109886
0.146443
0.0733558
-0.861787
0.0262272
0.364782
-0.542926
0.529458
-0.0902944
-0.00481884
0.0951133
0.982803
0.836282
0.56831
0.0550484
0.706231
-0.558746
-0.147485
1.81017
-1.48063
-0.0406683
-0.52563
0.142559
0.0254168
0.207377
0.0311118
-0.0979822
0.00371072
-0.125566
0.52702
0.067996
-1.79066
-0.0192802
-0.137888
-0.0692573
0.00187407
1.05478
-0.82575
0.887965
-0.47752
-0.410445
0.00383109
0.106482
-0.011239
0.00373899
0.396904
0.0616911
-0.35312
-0.857734
-0.321259
-2.15649
0.878978
1.27751
-0.0110946
0.00139935
0.0734945
0.100498
0.114037
-0.272046
-0.294538
0.477253
-1.37407
0.230908
-0.958413
2.00749
0.621282
-0.0878259
-0.533456
-0.666273
-0.487192
-0.0499578
0.0876035
-1.12383
0.492064
-0.738787
0.246723
-0.235935
0.183132
0.0528033
-0.0956387
1.29991
1.20083
-1.46848
1.48063
-1.61554
1.13566
0.479886
1.04968
-2.00809
2.13935
-1.0617
-1.04557
-0.978272
-0.0179807
0.211975
-0.0539187
-0.418051
-1.53009
0.0765553
-0.0137624
-1.31498
1.23719
-1.98222
0.745034
-0.0512571
0.23335
-0.458174
0.27741
-0.156725
1.01428
1.36982
-1.77769
0.677909
-0.121997
-0.805172
-1.34254
0.233019
-0.0498867
1.78513
-1.876
-0.126597
-1.11411
0.0967099
1.11768
-0.361713
-1.4872
1.64525
-0.158053
0.409066
1.87771
0.435101
-0.067694
-0.367407
1.87025
-0.803901
0.230007
-0.304403
0.716903
-0.75827
0.0886573
0.129762
0.397626
1.00715
-1.40477
-0.615407
-0.455144
1.01513
-1.06721
0.0520867
-0.307946
0.0599612
-1.74205
0.749802
0.992247
0.945285
-0.0925105
-0.298926
0.0629823
0.856758
-0.801261
0.283089
-0.544625
-0.161789
0.129743
-0.631694
0.451573
-1.10931
-0.844349
1.95366
-0.159686
0.0462388
0.00103668
-0.262936
1.04178
-0.870989
0.0515385
1.32409
-2.06041
0.00626026
-0.217492
0.208199
-1.18181
0.0736283
0.722165
0.388292
0.0453041
-0.610751
-1.44295
0.395064
0.0621056
0.258801
-0.320906
0.0682699
-0.311113
1.15863
1.08627
1.2419
-0.980749
0.0429159
-0.203635
-0.0903999
0.436881
-0.046286
-0.224442
-0.695891
-0.959039
2.00872
-0.168629
0.142562
-0.69953
-1.13012
1.82965
-2.04991
0.283878
-0.0652852
0.20784
0.0236962
-1.4539
-0.0649355
-0.16178
0.653843
-1.00656
-1.14993
1.95309
0.559927
-1.38727
1.01781
-0.558807
-0.220028
-0.161593
-0.145506
-0.235753
0.246795
-1.61416
0.21243
-0.783816
1.05831
-2.01735
-0.809546
-0.177161
-0.0749662
-0.08765
-1.39955
0.857555
-0.861036
1.34644
0.827661
-1.50767
0.680009
1.61673
-1.28243
1.95334
-0.940376
-1.01813
1.95851
0.500181
1.25117
-1.03786
-0.694283
-1.01388
-0.843158
-0.772386
0.454695
-0.64508
1.55978
-0.914701
-0.115028
1.34223
-1.2272
-1.02561
-0.939373
1.96498
0.908183
0.106944
0.236173
0.373314
-0.46881
0.322195
0.146616
-0.0033823
-0.240325
0.496093
-1.35822
-0.796417
-0.385413
-0.245396
-0.197495
0.0233953
-0.290956
0.983764
-1.978
0.90648
1.07152
-0.0177351
-1.67283
1.69057
0.0472329
-0.2388
0.0382097
0.607901
-1.90452
1.90452
-0.0420493
-0.0158607
0.05791
-0.643085
1.06309
0.221291
0.0117279
-0.771947
-0.331228
0.734224
-1.46848
-0.0299465
-1.27229
0.292284
1.27184
-1.28495
-1.1995
0.18474
-0.247311
0.12214
0.125171
0.103469
0.523834
0.260545
-0.0208171
-0.955654
-1.17541
0.159831
1.01558
-1.38227
-0.140904
-0.589732
-1.18007
-0.0347602
0.0594691
0.158084
-0.320315
0.115583
-0.0173919
0.0721359
0.363063
-0.276069
-0.355624
-0.667945
1.35495
-0.687009
0.326815
0.203286
-0.229731
0.39661
-0.166879
-0.423335
0.175602
0.419593
-0.532878
0.113285
-1.08901
1.7867
-0.982035
-1.28168
-1.67804
0.249869
-1.24094
0.0492143
1.02114
1.19138
0.126384
-1.03157
1.13381
-0.146936
-0.351353
0.120566
0.64878
0.613875
0.166619
1.99605
-0.937738
-1.03413
-0.839682
1.87382
1.15573
-0.032541
-1.12319
0.136491
-0.0253776
-0.190378
0.173536
0.132139
1.34581
-1.47795
-1.30207
1.26928
0.032788
1.30207
-1.38972
0.211781
-0.263038
-0.806085
1.05921
0.0755276
0.35951
-0.222491
-1.64565
0.139068
1.5856
-0.757944
-0.357553
-0.0648008
0.136558
-0.431385
0.936825
0.252659
-0.0846631
0.661583
-0.857867
0.174523
-0.23486
-0.571741
-0.0534487
0.753515
-2.06076
0.503633
-0.0683682
0.425975
-0.357607
-1.04203
-0.940189
0.0885205
0.65928
0.533755
-0.865719
0.0745148
-0.0960437
-0.320611
0.100638
-2.07478
1.02921
0.040945
-0.0206205
-0.285163
0.036658
0.264095
0.0520507
-1.43059
0.738101
-1.47896
0.740858
0.057834
0.244456
-0.30229
0.278732
-0.0461316
-1.01942
1.3117
0.624315
0.363695
1.33422
-1.19654
0.18334
0.0399975
1.6644
-1.95559
0.291188
-0.181886
-0.415811
-0.824617
-0.040179
0.369877
-0.4417
0.228354
-0.365555
-1.14946
-0.117084
-0.0144618
0.131546
-1.46207
0.165834
1.29624
0.248419
-0.337793
0.0859626
0.165996
-0.251959
1.18263
-1.18666
-0.265834
0.228298
0.621847
0.221169
-0.336104
0.256616
0.372066
-0.318877
0.184969
0.667456
-0.852424
-0.42364
-0.069544
-0.937889
-1.01796
1.95585
-0.183147
-0.245269
0.477156
-0.999551
1.73389
0.423102
-0.285262
0.0487471
0.0457141
-0.0402556
2.04487
-1.00315
-1.20163
0.764395
-0.551965
-0.538483
1.67823
0.365276
-0.303585
-0.027366
0.0212176
0.344969
-0.0818848
-0.289136
0.184302
-0.288888
-0.236188
-0.0841276
1.07851
-0.33648
0.373138
0.302443
-0.0674398
0.0362027
0.124
-0.0322243
0.486684
-0.762754
0.20547
-0.235251
0.0297815
-0.373062
0.336788
0.17704
0.895196
-1.07224
-0.235072
0.10787
0.456629
-0.632202
1.56165
-1.04121
1.00656
0.902409
0.106575
0.555004
-1.08284
0.347595
-0.425085
-0.342125
1.10899
0.888979
-1.52314
1.52314
1.7326
-0.819694
1.08394
-0.0249983
1.52449
-1.4995
0.933749
1.0107
0.874568
-1.98388
0.124394
-1.10837
-1.32993
-0.202304
-1.44488
1.64719
-0.403747
-0.120475
0.0707438
0.925228
0.15536
-0.261676
-0.968916
1.66304
-0.694128
-0.176022
0.264679
-0.017253
0.20705
1.01434
2.42928
-0.947481
-1.4818
1.59224
-1.48279
1.13771
0.196154
0.0483215
0.00528488
0.0460154
1.55326
0.563346
1.09477
0.771252
0.0208027
0.192807
-0.213609
-0.342698
0.212494
0.177391
-0.189494
0.0121026
0.157885
-0.212479
0.0545937
0.507847
-0.436661
0.331251
-0.473167
-0.463294
0.560129
0.0233179
-0.238026
0.0413316
-0.608111
0.553462
0.054649
-0.0132469
0.00479447
0.00845242
1.876
-1.5683
0.162663
0.0368749
-0.199538
-1.51255
-0.337419
0.263402
-1.00507
1.93882
0.255712
-0.325428
1.99409
-1.11952
0.243101
-0.310189
-0.15386
-0.391447
-1.34714
-0.0621518
1.61941
1.3117
-1.1035
-0.101734
0.141409
-0.0954149
-1.494
-0.288784
0.28217
0.239953
-0.362859
-0.360372
0.286135
-0.0819364
-1.32792
1.30037
-1.45195
1.49741
-1.18862
-0.468516
0.423738
0.655502
0.379586
-0.390771
-0.0557562
0.0583131
0.345012
-0.403325
-0.362165
1.43249
-0.978935
-0.996784
-1.97531
-0.0777639
0.074119
0.00364487
-0.0513526
1.47604
-1.42468
1.02985
-1.1518
0.317086
-0.373665
1.93098
-1.00576
0.771129
0.792018
-1.56315
0.223682
0.028977
0.684413
-0.263495
0.178044
-0.817236
-0.030972
-1.53195
1.05542
-0.40287
0.201896
-0.0889286
-0.0108821
0.300125
-0.358896
-1.09293
1.57861
-0.83618
-0.150586
0.0583944
0.336896
0.725783
-0.0195348
0.725766
1.6909
-1.52506
0.295882
-0.355497
0.897633
-0.972141
-0.095763
-0.846758
-0.141136
0.0383312
1.25876
0.142021
-0.016599
0.21765
-0.126277
0.00851316
-0.230677
-0.141565
0.227527
-0.573824
1.62112
-1.22494
1.19994
-0.42343
0.997924
-0.869009
0.0954463
0.289788
-0.0203416
0.141638
0.809031
0.706283
-1.51531
-0.942948
0.631013
0.0076555
-1.40742
-0.718798
0.101128
0.309568
-0.060467
-0.249101
1.42908
0.159266
-0.181973
-0.0426019
-1.74059
1.72286
-0.53877
-0.00415548
1.15009
-0.17702
-0.112209
0.289229
1.15227
-1.19175
-0.937706
1.98311
-1.04541
-1.02606
1.76959
-0.743524
-0.323627
0.147605
-0.168476
0.0924482
-0.101172
0.00872332
0.836115
-0.285855
1.14405
-0.8582
-0.264021
0.0689946
-1.72559
-1.95572
0.992916
0.962803
-1.62682
-0.366462
-0.405484
1.01102
-1.95139
0.199395
-0.988962
1.22561
-1.9444
0.301241
0.491948
1.30461
-1.35687
-0.0172684
0.173286
-0.156018
-0.0320961
-0.345369
0.282763
-0.0088512
-1.41885
1.4277
-0.130378
-0.41202
0.406054
-0.111339
-0.294714
1.23617
-1.01905
0.507292
-1.31168
0.804391
0.219516
-0.0627436
1.77335
-0.780569
-0.0256761
-0.215909
0.638881
-0.814759
0.00394836
0.113121
0.221688
0.634252
0.0638277
-0.69808
0.995556
-1.09185
0.0962914
-0.309592
0.208151
0.0797922
0.309743
0.627082
1.79995
-0.196124
0.602177
1.11508
-1.11709
-1.93579
0.917657
0.901541
-1.96897
1.06742
-0.834425
-0.541995
1.37642
0.990132
0.781419
-1.59465
1.95559
-0.360936
-1.48643
1.32909
0.191193
0.609415
-0.800608
0.00223711
-0.0593893
1.57762
-1.51823
-1.59465
1.3688
0.51447
0.0149878
-0.122841
-1.05896
0.196454
-0.824928
0.248694
-1.76192
0.897095
0.864824
-0.308731
0.224067
-1.21727
0.233393
0.983874
0.766481
-0.46524
-1.04282
-0.943144
1.97915
-1.07761
1.25653
-0.142651
0.157272
1.34333
-0.741632
-0.590864
1.63836
1.28994
-1.29879
1.50624
-1.02635
1.43612
-1.47769
0.0415686
-0.0788443
0.00444707
0.0743972
-0.777119
0.0310103
-1.00518
1.95197
0.433943
-0.145477
0.546069
0.547553
-0.618141
1.53723
0.465837
1.15089
0.585371
-1.4198
-0.97306
-0.982659
-1.73122
-0.88338
-0.854714
-0.907205
1.51818
-0.995969
-0.522215
0.953229
0.0321659
-1.77276
1.5683
-0.373294
0.29669
0.309476
-0.251163
1.12035
0.61644
0.386293
0.121555
1.71577
0.00708216
-0.146084
2.09349
1.29718
-0.156559
0.295415
0.946488
0.763569
0.362225
0.798882
0.804449
-1.60333
-0.198104
-1.51796
0.872883
0.270418
0.157463
-0.268803
-0.226638
0.400406
-0.441006
0.290844
0.354992
-0.326575
0.72743
0.858175
1.63414
-1.45269
-0.181449
-0.164764
0.168475
0.551492
0.0128786
0.0795696
0.0269247
-0.0517836
0.528442
-0.616268
-1.5909
0.832956
-0.405786
-0.198005
0.270747
0.0258556
0.330498
-1.42097
-0.0301467
0.16886
-0.0778321
-0.173392
0.0508571
0.00108479
-0.0519419
0.0172685
0.59438
-0.0223993
0.231899
-0.3169
-1.06249
-1.07186
0.260794
0.811062
1.75472
-1.42175
-0.332971
-0.155155
1.73439
-1.57924
0.730208
-0.116333
-1.98041
1.0427
-0.161865
1.74485
1.55881
-1.03382
0.0351132
-0.188153
0.15304
0.905855
-0.669571
0.0452897
-1.23195
1.56735
0.963457
-0.00624347
-1.86885
1.02917
-1.21077
0.087582
-0.0291204
0.0135927
-0.180194
0.166601
0.0866387
-0.191608
0.166907
0.0247014
1.42503
1.42247
0.273842
-0.00942306
-0.189001
0.198424
1.4427
-0.989422
-1.64053
1.67269
-0.217638
0.181869
-0.0754115
-1.00604
-1.05472
-0.940053
1.71068
-0.770625
-0.489671
-1.33588
1.82556
1.51303
-1.36619
-0.146846
0.722991
0.0902247
-0.977311
-0.931543
-1.44108
-0.0366125
0.898631
-1.98908
1.09045
0.192059
-1.81888
-1.26505
1.73089
0.30174
-0.478782
0.177042
-1.08317
-0.957839
-1.41741
0.443036
-0.0400466
-1.17176
-0.0936869
-0.0199877
0.113675
-0.579234
0.430269
0.148965
0.331587
-0.0221116
0.953935
0.756744
-0.0222447
0.0360973
0.0945556
-0.0107598
-1.25722
1.29879
0.00392204
-0.0371952
-1.25722
1.81319
-0.830281
-0.00619157
0.451268
-0.089945
-0.988899
1.96252
-0.973616
0.122121
-0.0128817
0.970499
0.608116
-0.354914
1.45625
-0.0215432
0.778116
0.500526
-0.659001
0.158475
2.00611
-1.10748
0.75534
-1.25398
0.0785665
-1.95625
0.906185
-1.60031
-0.97826
0.817781
0.16048
1.7947
-0.805459
-0.989244
-0.888338
-1.06365
1.95199
0.21603
1.49383
-1.53057
0.0367433
0.511812
-1.34738
-1.00951
2.08802
-0.146867
-0.413603
0.56047
-0.0879804
0.986034
0.808669
-0.0592731
0.0052435
1.6644
0.406761
2.11718
-1.29976
-1.70563
-2.09268
-1.9966
1.05886
-0.102759
-1.03629
1.43136
0.0562936
-0.98207
0.136551
-0.531058
2.11242
-0.76107
-1.5807
-1.78499
0.0729259
-1.68795
0.833235
1.03443
0.948681
0.918833
0.34607
0.611809
-0.957879
1.00441
0.962164
-1.96658
-0.524885
0.581242
-0.312642
1.62803
-1.31539
0.325569
1.26667
0.417242
-0.018436
0.0769648
-0.931373
-0.455545
-0.468162
-1.66489
1.5188
0.826774
0.855657
1.26152
0.347092
0.124425
1.09949
0.894595
0.0225716
1.82084
-0.834806
1.49429
-1.09667
0.149843
0.0613981
-1.5554
-0.0214744
1.97531
-1.95384
0.00449355
1.62964
1.67736
-0.771179
-2.04108
0.885309
1.15577
-1.93135
1.04301
0.951677
0.686679
0.00358182
0.149786
-1.36982
1.00806
0.761522
-1.55311
0.101161
-1.18542
0.271422
1.66489
1.63495
-0.776772
0.104436
-0.0113268
-0.0931096
0.998679
0.822161
0.908121
1.07103
0.275938
0.669346
-1.07509
1.98321
-1.49258
0.0352978
1.67977
-1.67269
1.76145
-0.807511
-1.89559
0.808982
0.759657
1.35277
-0.367438
0.842202
-0.474764
-0.279211
0.305439
0.0554985
0.197586
0.0431314
-1.32808
1.08821
-1.28236
0.462667
0.889589
1.06407
0.919746
-0.610003
-0.30691
-0.204806
-0.472115
-1.34858
0.0335978
-1.01468
-0.958503
1.97318
-1.98102
0.903409
2.06758
-0.921726
-1.14586
1.04887
-0.120879
0.311625
-0.190746
-0.291392
-1.9544
0.890743
-1.94944
0.960545
0.886971
-1.96127
1.0743
1.28994
1.4738
-0.88843
-0.0388853
-0.309222
-0.0646992
0.184701
-0.414431
0.656814
-2.02881
1.37199
-1.03682
-0.832029
-0.889746
0.416225
-0.5367
-0.890566
-1.84072
-0.0438615
0.0264696
-0.519986
0.380235
-1.84497
1.53057
0.314401
1.13049
0.937097
1.08752
0.918597
0.292149
-1.32686
1.38224
1.81673
-2.02508
0.917597
1.49383
-0.338754
0.0300212
-1.64053
1.61878
-0.785822
0.934873
-2.23463
-0.327201
0.100515
-1.71467
0.0618753
-0.705872
0.181555
1.68111
-0.876657
0.0970854
-0.798836
-0.259744
1.05858
1.32686
-0.0369241
0.057504
-0.189631
0.175169
-0.266912
0.216481
-0.0755155
0.0274408
-0.29419
-0.0297583
-1.91646
0.901777
1.65553
-0.87673
-1.67173
-0.0568877
2.08265
-1.19734
0.269946
1.9712
-0.960181
1.85151
-0.954416
-0.635974
1.84973
-1.99093
0.915835
-0.78468
0.0445774
-1.29066
-0.731595
2.08323
-1.14836
1.01587
-1.8479
-0.272461
2.02118
-0.684911
1.11162
-0.426707
1.67467
1.62318
-0.84402
-0.779157
-0.748039
-0.189695
0.937733
-0.810024
-1.84497
1.6199
-1.43249
-0.187402
-0.280219
1.01467
-0.734453
-1.57121
0.974415
0.0249766
-0.0284212
-0.381694
2.01994
1.96032
-0.820317
0.458097
-1.42501
1.4295
0.0876244
-1.54031
-1.63029
-0.00963456
1.63993
0.660963
-0.83835
1.22379
-1.67685
2.14167
-0.916066
-1.48949
1.48949
0.790996
1.02574
-0.0696863
0.37393
-0.876069
1.87475
-1.52792
1.52792
-2.04124
-1.97652
1.03337
0.461112
0.169868
-1.68718
-0.781937
0.408408
-0.0811202
-1.69981
0.0126257
0.147697
-1.04973
2.08861
-0.644175
1.45657
-0.812394
-1.6154
-1.48551
1.28321
-0.0701624
0.445289
-0.592156
1.66976
0.90674
0.726142
1.00646
2.01707
-1.09847
0.955987
-0.223916
-0.879608
1.89548
-0.799393
0.135887
-0.92038
1.6199
-1.73277
2.08834
-1.41043
0.954495
-1.9999
-0.810269
1.80252
0.0151269
1.43249
-1.44213
-0.129058
0.742561
0.264
-1.00656
-1.54825
1.54825
1.93255
-1.01471
-0.917838
-1.47743
0.560595
1.17029
-1.69092
1.69092
1.03282
0.899729
0.186558
1.96177
-0.152899
0.275039
-1.39028
0.0477377
1.78591
-0.432996
1.95305
-1.66682
2.00234
-0.869568
0.889726
-1.06867
-1.44213
-1.62478
1.62478
-1.12272
2.05981
2.03587
-1.11828
-1.93429
0.935215
2.01091
-1.05642
-0.961464
0.681245
-1.94677
1.01257
0.934206
0.336759
-1.80775
0.829626
1.1357
0.885473
-1.42501
-1.43971
1.43971
0.0230204
0.128006
1.33739
-1.38224
0.0448527
1.46119
-1.5188
0.0576152
-1.95337
0.962504
0.990866
1.22873
0.596828
0.1483
-1.33739
-1.46119
-1.23592
1.96207
-1.08709
2.00292
1.89389
-0.864723
1.4295
-0.913953
0.934485
1.00996
-0.940805
-0.942243
-1.06585
0.246196
0.863768
-1.39749
1.16255
-1.1971
-0.589102
0.902287
1.0497
0.902491
1.23685
0.909113
-0.061401
-0.0872437
-1.20052
-1.03983
2.24035
1.01118
0.862639
-1.15271
-0.83646
1.98917
-2.02369
-0.770313
0.358754
-1.89893
0.884215
-0.848177
0.936791
-1.64138
1.82421
1.019
-1.9598
-0.800003
0.0424639
-0.873848
1.88502
-0.964912
0.929979
-1.04936
1.92174
-0.872377
1.60449
-1.31234
2.0398
-0.932946
-0.946629
1.96563
-0.800791
0.0808476
0.698644
0.976024
-1.0072
-0.0211479
-1.44383
-0.907984
-0.81478
0.435961
0.140385
-0.105272
-1.93813
0.965066
0.750118
-0.857049
0.960731
-2.01715
-0.99792
-0.0414426
-0.0504365
-0.940532
-1.02559
-1.05744
1.95973
0.897805
0.975443
0.99514
0.937402
1.32753
-0.543413
-1.04199
-1.12049
-0.996854
2.11734
-0.869138
1.67817
1.18361
-1.09509
0.785259
-0.32863
0.933355
-1.99428
1.06093
0.13344
-0.938612
-0.541111
-1.06295
-0.966726
-1.03444
-0.791424
0.328131
-1.02285
-0.915281
0.904326
1.94765
-0.9344
-1.01325
-0.891203
1.93421
-0.973049
0.488955
0.937809
-1.96065
1.98086
-0.68831
-1.29255
1.94355
-0.893842
-0.398167
0.938708
-1.91089
0.972183
-2.06505
0.942336
-1.90641
-1.0211
-0.866042
1.99612
-1.3393
0.33494
-0.182909
-0.055117
-1.0838
0.941536
-0.853405
-1.05301
-1.1212
-0.918146
1.95113
-1.03299
0.972377
-2.05617
-1.12826
0.996618
-1.94325
-1.93505
1.02004
0.978492
-2.04145
1.03075
-1.25153
-0.155904
1.40743
1.124
-2.05695
-0.792198
0.316205
1.02158
-1.93942
0.944447
-2.07271
0.634104
1.2247
-1.4333
0.0510293
1.03054
1.03563
0.907915
-1.97129
1.0344
0.936891
-0.0271896
0.343803
0.670869
1.04037
0.810843
-1.82978
1.01893
-1.06697
1.78932
-0.148667
-0.952578
1.9492
-0.165188
0.842005
-0.916246
-1.06625
1.9825
1.002
0.559649
0.301715
-0.0501609
-1.11419
1.94605
-0.910416
0.951901
1.03966
-1.99156
1.23895
-2.08727
2.1834
-1.61951
-1.01355
1.95136
-1.0279
-0.932753
1.06907
-2.06592
0.0365968
-0.957456
-0.953435
1.0223
-1.90016
0.877859
-1.78922
1.01696
-1.88934
-0.995072
0.0677449
-0.119528
0.162912
0.936676
0.913467
-1.87092
-1.0576
0.453892
-1.02695
1.38159
1.04769
-0.951307
-1.01279
0.994201
0.984306
-2.13266
1.18456
0.419925
0.00553666
-1.12002
-0.824385
0.135352
-0.00442013
1.04184
0.917889
-0.785387
1.69213
-0.141724
1.03291
-1.88631
0.971064
-1.90546
-0.884616
-0.803334
0.0131877
-0.642813
0.937581
0.888352
1.01187
-1.90022
-0.91712
-0.938978
-0.229828
0.24813
1.00686
-1.94739
-0.0530749
0.649333
0.727087
-0.171382
0.0956919
0.0756902
-0.0185817
0.888294
0.99673
1.94976
2.04604
-1.10864
-0.852047
1.98331
-1.16549
0.825444
1.0579
1.1217
-0.10775
1.90532
2.06404
-0.958751
-1.09742
0.0476606
-0.0895069
0.0418464
-1.3659
-0.120531
-0.144903
0.498965
-0.856433
1.45257
-0.106767
-0.408689
0.528074
-0.119385
-0.117136
-0.025189
-0.0998381
-0.109494
0.91677
0.895285
0.239616
0.894194
1.56431
-0.893464
0.305604
-0.3364
-0.0136786
-0.00218212
-0.71702
1.74777
0.905003
0.0965756
-0.510178
1.95229
1.04352
2.01636
-1.08638
-0.857415
-0.884249
1.91478
-0.0741179
1.1808
-1.93377
-0.95576
1.06087
-1.88932
0.828451
0.0208715
-0.174164
-0.0777952
0.820595
1.90383
-1.12605
-0.77778
-0.13701
-1.35557
-0.120986
-1.07851
0.752464
1.33615
0.149575
-1.94275
-0.0986387
-0.0407805
-0.0791194
0.1199
0.628526
-1.11171
1.7811
-0.669392
1.8809
-0.736024
-1.14488
1.02107
-0.0533427
1.40272
0.959663
1.05179
-0.907181
-1.49171
-0.488083
-0.512875
1.00096
-0.0887533
0.828152
0.321291
0.336563
-0.657854
2.09427
-1.19646
-1.1143
-1.02826
-0.578939
-0.632805
1.21174
0.104225
-0.971488
-0.126224
0.469943
-1.55625
1.89285
-1.14419
-0.68592
1.02972
0.00678635
-0.0362359
-0.242182
-1.71374
0.602028
-0.681246
0.15636
0.0800142
2.01368
-0.920947
-1.09273
0.837422
-1.02317
1.27304
0.317672
-1.07541
0.757739
0.801681
1.1293
-0.030741
1.72791
-1.33073
-0.698077
-0.0941056
7.5423e-05
-1.88861
-0.205966
-0.0415611
-0.891877
0.0332032
1.17578
0.837898
-0.747574
1.84843
-1.10085
0.99118
0.0265157
0.204563
-1.5345
0.543446
-1.64229
1.09885
1.15682
-1.67038
-0.908976
1.78139
-0.916313
1.81206
0.117225
-0.192637
0.016484
-0.016484
0.172787
-1.19184
-1.03758
0.491833
0.298837
-1.01793
-1.21608
0.704237
1.89401
0.0986054
0.378551
-1.02661
1.91082
1.01813
-1.92855
-2.03935
0.941924
-0.403719
0.321835
0.966678
1.30781
0.214279
-0.736191
0.396461
-1.07811
2.01965
-0.130582
0.0566829
0.985929
-0.164707
-0.55671
-1.34781
-0.899945
1.91808
-0.0424446
-1.60688
0.821489
0.0163915
0.911008
0.25227
0.0298293
-0.282099
0.896926
-0.115275
-0.116686
0.338374
0.0128396
-0.0128396
-0.77317
0.614623
-1.81748
1.01415
0.0207257
-0.0362184
-1.07968
-0.0316085
-0.225811
-0.0938348
-0.0543951
-0.77121
1.7091
-0.713957
-0.12529
-0.413637
1.02154
-1.12849
-0.348264
0.00609318
0.342171
-0.0817069
-0.0969698
-0.0823264
-0.113804
0.437489
1.69195
-0.842414
-0.247882
0.888179
1.1331
0.869244
-0.609471
0.200783
0.00106206
0.992077
-0.0249896
1.19656
-0.585159
-1.6219
2.20706
-1.23761
0.516169
-0.0702357
-0.0651017
-0.0806888
-2.11741
-0.0935803
1.05813
-0.285071
-0.773059
-1.55849
0.0756953
1.19623
-0.158082
0.0778538
0.412895
-0.491398
-0.497041
-1.67278
-0.222778
-0.180942
-0.0962371
-1.5252
1.0338
-1.26722
1.10917
-0.176441
0.89904
1.24136
-2.1404
-0.239311
-0.227768
0.517065
-0.191432
-0.0736855
-0.847356
0.479918
-1.25494
0.195976
0.000473931
0.599471
-0.17579
0.805355
1.34766
-2.15301
-0.0871598
-0.577504
1.23678
1.01395
-1.01463
-0.93276
-0.0735391
-0.488967
-0.0444893
0.525338
0.062463
-0.207541
-0.348296
-0.743109
-0.168268
-0.0630144
0.569119
0.134219
-0.0265847
1.01088
-0.0708048
-0.784781
0.975968
-0.266001
1.32618
0.734782
0.112856
-0.855522
0.0584758
0.973694
-1.86312
-0.920802
2.22071
-0.069385
-0.0612825
-0.173007
1.41076
-2.33157
1.245
-0.524735
0.284371
-0.0808098
0.298757
-0.686626
-0.595735
-0.124473
0.0469107
-0.440991
1.3501
0.615268
-1.19421
-1.75034
0.649488
1.56748
-0.861455
-0.706023
0.746237
0.237527
0.223138
0.451574
-0.674712
-0.99174
0.503658
-1.14831
1.72985
0.0234152
1.36951
-2.2394
0.869892
0.88072
-0.70368
0.00624656
-0.120337
0.64101
-0.153806
-0.897835
1.44921
-0.551378
0.680357
-1.21108
0.530722
-1.06924
-0.923876
1.92296
-0.960451
0.900065
-2.19262
1.21171
-0.57283
-1.30545
1.9106
0.222118
0.0748979
1.24115
0.51385
0.62852
-1.14237
-0.415246
0.154001
0.0232352
-0.995992
-1.35653
-0.685093
2.04162
0.804009
-0.452269
-0.136346
0.0016535
0.134693
-0.367552
1.758
-1.24937
-1.97313
1.31319
1.45263
-0.0249226
0.644344
-1.45674
0.501465
-0.249195
0.00548768
-1.64686
0.454107
-0.584485
-0.564029
-1.09252
-1.77883
0.658811
-1.15888
0.0988914
0.204318
0.885632
1.05881
0.270053
0.788076
-1.42054
2.31958
0.920253
-1.07319
-0.022205
0.378113
-1.20633
-0.621499
1.82783
-0.0151451
-0.068235
1.83724
-0.422002
0.0683501
0.00545013
0.964596
-1.2073
-0.0340956
-1.35829
-1.25006
0.294405
0.421027
-1.10695
-0.988065
1.92227
2.14143
0.129698
-2.28277
1.33529
1.08863
1.00292
-0.195503
0.497244
-2.40669
0.959318
0.463997
0.981987
0.234141
-1.20359
1.85308
0.00711247
0.00360751
-0.01072
1.11254
-0.79487
-1.12398
0.000148137
0.411783
0.318424
1.46421
0.584287
-0.693628
0.0507635
0.990196
-1.66481
-0.916644
0.634447
-1.61581
0.92254
0.985324
-1.44092
1.54208
-0.958578
-0.981242
1.6928
0.469118
-0.666413
-1.95074
0.994982
-0.0711945
-0.61734
0.30044
0.270485
0.743829
-0.0970312
0.00334427
-0.0825368
0.824782
-2.16409
0.956266
-0.429246
0.600301
-1.48873
-0.905852
1.40195
-0.0316539
-1.2003
-1.32527
0.221768
0.0853305
0.922218
0.334315
-1.37249
1.48167
-0.109185
0.570264
0.948961
-1.51922
-1.01381
0.633648
-1.04624
-0.380717
1.42696
0.771428
-0.976921
1.02842
1.53226
-0.49846
-1.62499
0.0054826
1.01388
-1.94519
-1.36783
0.856437
-1.42309
0.566651
0.774141
-0.960087
-0.0753481
1.03543
-0.347962
0.268137
0.0162206
-0.284358
-0.571385
0.165599
0.0107296
1.58181
-0.787096
1.90786
-0.438734
0.172831
0.265903
0.159398
-0.133157
0.212963
-0.234768
-0.788846
1.84426
0.349209
-1.08366
-0.721342
1.4411
-0.336035
-1.10506
-0.0399275
-0.0513744
-1.95628
-0.558965
0.819759
-1.13163
-0.180054
-0.805358
-1.35416
1.16547
-0.665288
-1.89898
-0.710508
-0.00092878
0.221956
-0.565967
-1.10369
0.55199
1.60458
-0.960235
-0.75367
0.27754
0.642206
0.772366
1.03015
1.80947
0.201942
-0.770892
-0.909983
0.688786
-0.785885
1.34073
2.13873
-1.33337
0.722153
0.165433
0.335135
-0.351486
0.0163503
0.259641
-0.000994344
0.992582
-1.35668
-0.80955
1.0681
-0.674493
0.834324
-0.0957337
-0.0228109
-0.788033
-1.04463
0.295585
0.749041
1.48837
-1.67712
0.188749
-1.8167
0.667241
0.185938
-0.457272
1.19539
-0.627083
-0.0806468
-0.000237015
1.33198
-1.25304
-0.078944
-1.16073
0.0822203
-0.33862
-0.816427
-0.0357557
-0.42607
0.461825
-0.186897
0.15695
0.214422
0.1459
-0.17549
0.620779
-1.46581
-0.431903
1.05622
0.486496
0.205844
-0.0196786
-0.602403
1.38896
0.831758
0.94759
-1.38556
-0.0271535
0.0536396
-0.0536396
0.612092
-0.420905
-1.08215
1.00045
-1.62195
-0.0250072
-0.299458
1.01799
-0.0220941
-0.391199
-0.81988
1.67971
-2.14716
-0.277959
0.985146
0.253046
0.647608
1.12971
-0.146601
-0.0279713
0.174573
0.913403
-0.0224238
-0.890979
-1.03451
0.46462
-1.39008
0.925459
-0.163008
-1.03244
1.11509
-0.0826473
0.484232
-1.53047
-0.876149
-0.243274
-0.852824
-0.134342
-1.25002
1.19867
-1.37617
1.32352
0.0526485
0.182681
-0.0654552
0.53977
-1.44775
1.27082
-2.31774
1.04692
0.0204515
0.000541438
-0.275702
-1.13038
0.571575
-1.51643
0.0858363
0.963458
1.04992
-2.01338
-0.365622
0.963693
0.108087
-0.031192
-0.0768953
0.0817159
-0.0817159
1.32935
0.397083
0.943788
1.16183
0.368722
-0.913257
0.0500868
0.179303
0.526144
-1.04482
1.95583
-0.111683
1.60005
-1.5526
-0.408624
-0.0833319
0.178445
-0.632775
-0.726519
0.236469
0.49005
-1.23303
1.24522
-0.0121846
0.631826
-1.31845
0.758203
-2.19813
1.43992
1.95236
-0.114762
0.179947
-1.37739
0.0583251
0.471049
-1.08931
1.16788
-1.08223
0.283394
0.990777
0.135979
-0.936107
0.363566
-0.243001
-0.0579728
0.327782
-0.0796518
0.891547
1.06081
-0.162801
0.166861
-1.50746
-1.50291
1.59483
-1.57756
-0.976973
1.75839
1.11022
0.408884
-0.0750776
0.992996
0.438362
0.788321
0.16959
-0.0799647
-0.322905
-1.32126
-0.098946
-1.25935
-0.841767
-0.0138694
0.0138694
0.661258
-0.210651
0.787364
-2.14389
0.00464842
-1.14208
0.00109062
-0.00109062
-1.13587
1.3619
-0.831176
-0.00733542
0.00733542
0.362024
1.27976
-0.00568863
0.400626
-0.0173756
0.0173756
1.01024
-0.02069
0.02069
0.0206614
1.26813
-1.28879
0.0487782
-0.028099
0.028099
0.238635
0.0289898
-0.0697091
0.0407193
-0.00944886
-1.17917
0.364722
-1.67706
-0.443498
0.0294224
-0.0294224
-1.72455
-0.556025
-0.49039
-0.332266
0.966984
-0.634718
-1.23896
-0.0102236
0.0102236
0.101906
-0.0951201
-0.0284404
0.0284404
-0.457019
-0.615216
0.0106981
-0.0106981
-2.1757
-1.25234
-0.02981
0.02981
0.270938
0.981356
0.00677606
-0.00677606
-0.0279085
0.0279085
-0.0995878
0.00371073
-0.00371073
-0.0279607
0.0279607
-0.624915
0.816108
0.000276237
-0.000276237
-0.386019
0.104399
1.44886
-0.756214
-0.00252932
0.00252932
-0.038352
0.038352
-1.3167
-0.161249
-0.86246
-0.759494
-0.00611114
0.00611114
0.65921
0.0922273
-1.48497
1.62331
-1.15337
0.223138
-0.0795099
-0.143629
-0.164976
-1.36952
-0.00986318
-1.02563
1.29947
0.617485
0.310272
-1.78137
0.775618
-0.197886
-0.0553029
0.253189
0.0326195
-0.0326195
0.00837773
0.0331632
-1.23346
0.457211
-0.497258
0.0259519
-0.0313488
0.0313488
-0.0381928
0.0381928
-0.0446037
0.0446037
-0.0510822
0.0510822
-0.0644208
0.0644208
0.814585
0.34725
-0.0765169
0.0765169
0.0983315
-0.0983315
0.0426188
-0.0363143
0.0363143
0.219854
-0.0926811
-1.22643
1.13245
-2.04851
0.677827
0.96936
-0.103098
0.103098
-0.0403793
0.0403793
-0.106744
0.106744
0.438801
-0.42705
0.313086
-0.0542854
-0.116713
0.116713
-1.34364
0.0265484
-0.0265484
0.627037
1.35551
-0.53428
-0.318517
0.50487
-0.119166
0.119166
-0.0321596
0.0321596
-0.140062
0.140062
-2.09979
1.4147
0.332848
-0.276409
-0.0564393
-0.0015057
-1.27705
0.148559
-0.033868
0.033868
-0.248205
1.34364
0.0960756
-1.15808
-0.0849454
0.0849454
-0.983134
-0.0353077
0.0353077
1.69689
-1.55525
-0.0117841
0.0117841
-0.034799
0.034799
0.0726301
-0.0726301
0.776332
-1.75837
0.103948
-0.103948
-0.0353404
0.0353404
-0.50883
0.911312
-0.402482
0.984452
-1.81473
-0.656062
-0.421432
1.07749
-1.50244
-0.0378778
0.759311
0.988463
-0.107839
0.107839
0.0868427
-0.0868427
-0.0285893
0.0285893
0.869412
-1.64998
0.843597
-1.88842
-1.41074
1.41074
0.753209
-1.337
0.312848
-0.396975
1.2781
-0.106333
0.106333
-0.0370088
0.0370088
-0.954643
-0.477487
-0.0839338
0.0839338
-0.0408399
0.0408399
0.544484
-0.594441
0.0934734
0.213171
-0.0426367
0.0426367
-0.0665678
0.0665678
-1.59488
0.851773
-1.64999
0.626819
0.0129157
-0.0129157
-0.101403
0.00376692
-0.0484125
0.0484125
-0.0646314
0.0646314
-0.0377268
0.0377268
-0.0309054
0.0309054
-1.22431
1.00518
-1.27771
-0.0503726
0.887476
-1.77935
-0.0360566
0.0360566
-0.0270809
0.0270809
-0.0566556
0.0566556
0.077208
-0.293117
0.533706
0.00269225
-0.00269225
0.189176
-0.691357
-0.0381948
0.0381948
0.182173
0.111697
1.08487
0.0882213
-0.93498
0.00675005
-0.00675005
-0.0394317
0.0394317
-1.38989
1.39538
-0.713685
-0.745126
1.45881
-1.4206
-1.14014
1.03898
0.0539926
-0.331433
0.277441
0.0151114
-0.0151114
0.0131527
-0.0131527
-0.0359683
0.0359683
0.589635
-0.266537
1.08432
0.105009
-0.620838
0.515829
0.00296474
-0.0351891
-0.523044
0.067705
0.455339
0.0577345
-0.0577345
-1.42338
1.42338
-0.0356825
0.0356825
0.508648
-0.406371
-0.419799
0.0685446
-1.1293
-0.0194007
0.0194007
0.061499
-0.061499
-0.164694
-0.070272
-1.11106
1.41278
-0.0407197
-1.19824
0.752876
0.0213299
-0.0213299
-0.011351
0.0401709
-0.0401709
1.09916
0.32587
-0.516587
-0.233995
-0.558017
0.413114
0.386225
-0.430715
-0.0787785
-0.205513
0.756161
-0.550648
-1.90944
1.08506
0.0202645
-0.0202645
0.334715
0.558868
-0.0430887
0.0430887
-0.722551
0.803399
-0.993322
-0.073143
0.00089915
-1.22521
0.0207326
-0.0207326
-0.0437041
0.0437041
-0.043669
0.043669
-0.0499155
0.0499155
-0.0454954
0.0454954
-0.0471489
0.0471489
-0.0450421
0.0450421
0.260551
-0.200228
0.0463679
-0.0455515
0.0455515
0.862363
0.0531213
-0.0531213
0.023251
-0.222789
0.249996
0.0237225
-0.0237225
0.85697
-1.72611
-0.454861
0.0714245
-0.00307445
-0.0869747
-0.345975
0.432949
0.031068
-0.031068
0.634787
0.0378479
-0.0378479
-0.164515
0.0457392
-0.0457392
1.38823
0.761857
0.281374
0.040289
-0.040289
0.1152
0.27132
-0.218722
-0.612388
0.83111
-0.0205546
0.0205546
-0.121765
-1.07007
0.135442
-0.177134
-0.528795
0.58712
-0.929549
-0.0832434
1.0207
-0.408892
0.483069
0.0809145
-1.16641
-1.1985
0.432103
0.180325
0.0354725
0.00485923
0.687577
0.0148075
0.022295
-0.176559
1.18244
1.18458
0.0462929
-1.23087
1.02598
-0.408496
0.217145
0.912246
-0.83016
-0.082086
0.419937
0.375231
-0.188673
-1.29932
0.902015
0.39731
-1.47548
0.863866
-0.985458
-1.50627
0.00514705
1.50112
1.40635
-0.931287
-0.967954
-0.91178
-1.01862
-1.35671
3.22145e-05
0.0740577
-0.0740577
0.126731
-0.295852
0.642944
0.381582
-0.152555
0.458159
-0.00966437
0.00966437
-0.141844
-0.821236
-0.0991441
-1.04325
0.829613
0.180624
0.273035
-0.340729
0.569771
-1.46323
-0.257856
-0.0234415
0.634206
-0.644653
-0.553842
-0.795563
-0.318915
-0.49892
-0.0818346
1.92292
1.26101
0.00712152
0.0458081
0.0175585
-1.25368
0.605642
-0.144531
-1.07829
1.74595
1.35537
-0.152113
-0.107577
-1.62791
-1.31121
0.229061
0.376048
0.00313275
2.17164
-1.3024
-0.0183995
-0.00441145
1.23514
0.38161
-0.477654
-0.146398
-1.05723
-1.20594
0.662526
-0.0784641
-0.879292
-0.725599
-0.658043
-0.0464174
0.0464174
0.00864642
-0.00864642
-1.00269
0.39857
-0.618236
0.219666
-0.599643
1.07891
-0.680033
-1.01835
-0.230201
-0.248581
-1.08908
0.21935
-0.260793
0.617089
-1.21085
1.07211
0.138742
-1.11766
1.04231
1.0952
-0.488661
-0.606537
-1.11751
0.0716187
-0.00142081
1.11429
-1.26563
1.63035
1.25723
-0.419327
1.19075
-0.0547226
0.0858344
1.20235
-0.476563
-1.13536
1.13536
-1.27681
0.21902
-0.118098
-0.100922
0.667364
-0.18068
-0.699941
0.503817
-1.51728
1.55402
-0.518835
0.51468
0.847886
-0.942162
0.0942759
-1.82831
-0.389259
0.328661
-0.0458982
1.08908
0.663634
-1.31408
0.650448
0.12884
0.00281943
0.317464
1.08687
-1.40433
1.01859
0.114873
-0.577568
0.0786479
0.306428
-0.158823
0.181582
0.000287316
0.271031
-0.411935
-1.2437
-0.0793201
1.63743
-1.12036
0.443565
-0.0902431
-0.53626
0.626503
0.383307
-0.971158
0.58785
0.331156
0.0563327
-0.0563327
-0.173629
0.625202
0.686703
1.20901
-1.20901
0.290598
0.0323704
0.22774
-0.480078
1.04342
-0.108951
0.532689
0.330848
-0.122697
2.26949
-1.06865
-1.04228
0.135098
-0.0781075
-0.29573
0.373837
0.262105
-0.461678
-0.506497
0.0054712
-1.1581
2.85642e-05
1.17363
-0.658167
1.17379
-0.515625
0.314394
-0.0903266
0.932932
-0.130229
-0.00412655
1.27606
-1.97414
1.00911
0.870997
0.138114
1.01114
-1.07077
0.403967
-0.0344147
-0.223442
0.9982
-0.876171
-0.122029
-0.54474
0.559728
-0.151313
-1.78518
0.521408
-0.233235
0.366138
-0.0980007
-1.1717
2.13102
0.00403166
-0.0866534
0.0816856
0.800902
-0.823326
-0.0324653
0.0324653
-1.48418
0.380142
-0.0834521
1.9698
-0.418036
0.651144
-0.101399
0.0542471
-0.0764918
0.461258
-0.0112848
0.113925
-0.0647103
0.302975
0.16
-0.670995
0.510996
0.0257775
-0.0257775
0.0732973
-0.0732973
-0.794054
1.77851
0.936983
-1.77344
-0.0239106
0.0239106
1.07077
-0.485103
0.395158
0.141525
-0.73727
0.595745
-0.51435
-0.123722
-0.351278
-0.656088
0.256066
0.267246
0.4182
0.592639
-0.406755
0.842716
-0.00953917
0.00953917
-1.14441
1.58278
-0.121934
0.121934
0.0420984
-0.136841
0.442997
-0.306156
-1.08298
-0.14655
0.165462
-1.06279
0.289729
0.55468
0.0795723
0.449516
0.777969
-0.212423
-0.448073
0.334269
-0.303304
0.451506
-0.148202
0.714191
-1.30483
0.139341
1.83179
-0.839709
-0.270616
-0.162773
0.433389
-0.152453
0.60656
0.00635969
0.0664189
-0.0727786
-1.27166
-0.208242
0.188254
0.61606
-0.0816331
0.140109
-0.8383
0.00072854
0.0571815
0.402375
-0.600381
0.158672
0.0097819
-0.111185
-1.91758
-1.24067
1.36119
0.23886
0.00488268
-0.00488268
-0.122993
-0.910822
-0.0241573
-0.0677251
0.295633
-1.61102
-0.0416766
0.18337
-0.141694
-0.0540779
0.0540779
1.74316
-0.477873
-1.26528
-0.540135
0.35825
-0.796266
0.387643
0.170624
-0.0455275
0.210246
-0.0997897
0.280807
-1.36379
-0.820532
-0.0711645
-0.643335
-0.124228
1.32787
-0.0204803
0.0152101
0.00527024
0.88094
0.333134
0.52438
1.00569
-1.79974
0.27927
-0.210276
-0.254122
-1.35416
0.63521
1.20905
0.103816
-0.103816
0.780972
0.254463
-0.436726
-0.343687
0.129393
-0.296131
1.11072
-0.178137
-0.548381
-0.421924
1.38174
-0.46463
1.74069
2.28027
-0.257292
0.142678
0.276234
1.21981
-1.10696
-1.09018
1.4016
-1.57339
-1.21619
0.288213
-0.325643
0.0446921
0.280951
1.43862
-0.104652
0.0697593
-0.960739
-0.0153153
-0.127111
-0.236919
-0.101835
-1.53078
0.161262
0.654149
-0.109922
-0.82869
0.153735
1.87537
-1.07368
0.590585
-0.948139
0.315832
0.0622812
1.1081
0.214643
-0.014353
0.153418
-0.444809
0.556043
-0.469239
0.122738
0.143795
0.885577
-0.125607
-0.236472
0.362079
0.948231
0.543323
1.43199
0.458154
-0.129648
-0.011351
-0.103535
-0.241298
0.344833
-0.0430525
-1.23702
-1.08072
0.00334427
-0.0969371
0.441949
1.09501
-0.543016
-1.00504
0.00755847
-0.0411079
0.172539
-0.483243
1.22112
-0.0900045
0.113025
0.328638
0.460065
-0.689287
0.649934
-0.413465
-0.324217
-0.0933136
0.417531
-0.905876
-1.10751
-0.0474718
-0.00399629
-0.0217113
0.0638097
0.985238
-1.53443
0.549194
0.0300607
0.537831
-0.567892
0.36217
-0.753617
-0.962838
1.23326
0.0500364
0.000820705
0.00480688
-0.358192
-0.113923
0.382324
0.35352
-0.441005
-0.245243
-0.0720212
0.317264
0.973505
0.177291
-0.177291
0.616526
-0.0928919
-1.45971
-0.102838
-0.248648
0.703631
-0.432694
-0.14069
-0.39601
0.00419063
-0.00419063
-0.21934
-0.138173
0.357513
-0.432571
0.317252
-0.0100401
-0.13254
-0.281892
0.478975
-0.866158
-0.522096
0.959917
-0.92332
0.129231
-1.05273
-1.19882
1.68604
-1.19421
-0.161106
-0.322137
-0.259772
-0.32139
-0.696447
1.28909
-0.205976
-0.38618
-0.23909
-0.232964
0.472054
-0.255107
0.441045
-1.0651
0.820469
-1.82551
-0.269548
0.160053
0.00851316
-0.0616237
0.224009
0.864622
-1.10085
-0.108163
-0.1495
-0.196209
0.345709
0.0328588
0.688797
0.234467
-0.32322
0.145343
-0.154546
0.814094
0.000981999
-0.440737
0.91963
-0.478892
-0.160324
-0.18869
0.349015
0.112153
-0.192986
0.0514209
0.693079
-1.38671
-1.36739
-0.410437
0.739075
0.257741
-0.22511
-0.0326314
1.13927
-1.13927
-0.0013696
0.0139244
0.410967
-0.157778
1.209
0.419824
-0.161198
-0.258626
0.180204
1.68316
-0.813752
-0.722273
-0.149984
-0.122477
1.47806
-0.63705
1.64274
0.00190147
1.05018
0.76188
-1.61152
-0.157111
0.0154621
-0.0675054
0.0520433
0.29792
-0.00306533
-0.373673
0.279104
-5.21342e-05
-0.14733
-0.103492
-0.0343204
0.0343204
-0.203917
-0.202969
0.406886
0.207647
-0.250092
1.30681
-0.00343449
0.00213826
-0.905485
-0.231139
0.19953
0.286701
-0.383671
0.215573
-0.759016
1.55501
-0.493408
-0.432419
-0.559321
0.17817
0.232797
-0.267687
-0.371206
0.182533
0.249292
-2.06951
0.574385
0.662399
-0.304228
0.233992
0.0227963
-0.155953
0.532673
-0.155641
0.46734
0.558978
-1.02632
-0.292172
0.372187
-0.397116
1.41126
-0.847109
-0.424583
1.00887
-0.266612
-0.391242
0.0212999
-0.418275
0.768933
-0.522987
-1.50741
1.79128
0.425649
-0.601139
0.272871
0.0489641
-0.0333668
0.336633
-0.195513
-0.364818
1.35123
0.926661
0.766136
-0.221631
0.767916
-0.490609
-0.277306
0.309337
0.707532
1.69897
-1.24945
0.323752
-0.397437
0.782249
0.996258
-0.437513
-1.31403
0.115202
-0.00369474
0.207646
0.222839
0.0113021
0.227366
-0.00539689
0.614929
-0.00684407
-0.00641088
-0.0064785
0.00136729
-0.0133386
-1.34234
1.97986
-0.419554
-0.00476606
-0.485993
1.05757
1.21368
-1.91492
0.701242
-0.000149456
0.034401
-0.00364674
-0.449656
0.470956
0.025203
-0.025203
0.128116
-0.0324237
-0.945692
1.57752
0.0139244
-0.233636
0.723686
-0.00996861
-0.672184
-0.44431
0.350204
0.21231
-0.00245322
-0.786115
-0.273407
-0.00561119
-1.35179
0.0307221
-0.272904
-0.0208962
-1.35656
0.286489
0.223627
-0.350224
0.802785
-1.5889
-1.06126
0.281226
-0.153597
0.153597
-0.00170837
-0.0531459
-0.0114889
-0.154022
0.159377
-0.227335
1.78517
0.477093
-0.856179
1.78363
-0.0014397
0.346079
-0.0139964
-1.16517
0.0166098
0.0123801
-0.124861
-0.428773
0.185773
-0.127997
0.0087781
0.160082
-0.0623049
-1.17116
0.534215
0.000508742
-0.137464
-0.472007
0.949557
1.43592
-0.931046
1.12169
-1.12079
0.629984
0.307749
-0.136836
0.447986
0.441894
-0.248096
0.226002
1.35671
0.0152482
-0.666216
-0.615965
0.160101
-0.187254
1.23691
0.396266
0.100978
0.392387
-0.428143
-0.1626
-0.377536
2.03415
0.106264
-0.154229
0.0747192
0.00113152
0.100992
-0.543562
0.44257
-1.10692
-0.797476
-0.996488
0.114764
-0.0736469
-0.0411171
0.459466
-0.861948
-0.018455
-0.81121
-1.40694
-0.00908577
0.3754
-0.895386
0.130491
-0.00179681
0.017366
-1.26054
-0.000438312
0.352858
-0.498335
-1.13597
-0.654093
0.523864
1.77444
0.572025
-1.11504
0.619671
0.721061
-0.499464
0.114051
-0.0364357
-0.0148956
1.38306
-0.481047
-1.07465
0.159948
-0.0767022
-1.24376
-0.342037
0.278612
-0.328344
0.282445
0.00167016
0.00382442
0.914085
0.690494
0.597391
0.629873
-0.893155
-0.570079
-1.13594
-0.7618
0.958718
-0.407669
-0.33557
-0.259843
-0.308323
0.601659
-1.08142
-1.51109
-0.00175887
-0.293279
0.36456
-0.0712807
-1.35534
-0.950718
0.00836139
1.47303
0.00346343
-0.348654
-1.41213
0.188886
-0.801273
-0.313811
0.377566
-0.571846
0.19428
0.564497
0.000285809
-0.579932
0.466085
-0.104929
1.65104
-1.42911
-0.606164
0.633509
-1.37783
-0.00773279
-0.0811754
0.0713123
0.156734
0.965704
0.0937609
0.218425
-0.326175
-0.0572425
1.48066
-0.860991
0.00192917
-0.807328
-0.0474768
-0.00383133
0.0513081
1.6453
-0.842519
-0.651684
-0.400555
-0.128392
0.528947
-0.527105
0.254636
-0.665073
-0.00106536
-0.00291784
0.417015
-0.557705
1.2019
0.493735
0.00301596
-0.159243
-0.49485
1.7232
-0.91422
-0.0810266
0.108307
0.000468014
0.525117
-0.0442542
-0.0703378
-0.010309
1.36505
-0.622763
-0.336452
0.427976
-0.0915232
0.131488
0.489292
-0.586874
-0.509933
3.51576e-05
-1.11145
0.674724
0.412676
-0.351233
0.00298995
0.680749
0.703194
-1.38394
0.00210677
-0.343265
0.256291
-0.000509413
-0.138249
-0.446236
-0.6355
-0.39328
-0.532805
0.293715
-0.014792
0.00734547
-1.3778
0.338766
0.656253
0.53914
0.00677989
0.0633896
-0.668747
0.622631
0.00789132
-1.0964
-0.207625
-0.509506
0.445051
-0.602979
-0.00368291
-0.47263
0.150493
-0.642697
1.29315
2.06278
-1.42913
0.0460837
0.791068
-0.755596
0.916566
0.0788486
0.109655
-0.147266
1.17217
-0.086401
0.0161289
-0.0185959
0.369915
0.731446
0.81501
-0.90411
-1.13036
1.19771
0.450522
-0.831218
-1.25143
-0.357219
-0.157644
1.22976
1.26416
-0.705181
-0.126277
0.364369
-0.348148
-0.446081
-0.0725878
-0.0660978
0.641341
0.131546
-0.597903
0.466357
-0.0969294
-1.25723
-1.31696
0.0967514
0.037398
-0.577462
0.522951
-1.26264
-0.264232
1.06493
-1.00864
-0.378354
0.905661
-0.575111
-0.33055
0.280093
0.139731
0.378033
0.0724887
-0.10595
0.487532
-0.172227
-0.0360152
1.30933
1.18654
0.199405
-1.10838
0.101128
0.284628
-0.251425
-1.01217
-1.08518
-0.170895
0.081293
-0.0794962
0.745302
-0.0521056
-0.221726
0.273832
0.248801
-0.0599359
-0.265707
0.175612
1.26918
0.683771
0.114389
-0.0121265
-1.57603
0.0803547
-0.0503335
-0.0233626
-0.184308
-0.999201
-0.271371
-0.0217461
-0.0576598
0.0380846
0.0195753
-1.25547
0.640065
-1.20807
1.20854
0.013087
-0.0167699
0.433758
0.529699
0.862631
-0.00255963
-0.15854
0.153774
0.365474
-0.197215
0.194762
-0.139595
-0.630557
-0.387817
-0.0527737
-0.32892
0.486953
0.332162
-0.425997
-0.0648958
0.0667972
-0.540819
0.316343
-0.0926009
0.527065
0.466344
-0.0599179
0.0599179
-0.016364
0.0422603
-0.0491043
-1.13114
0.095115
-0.741291
0.00991538
0.196126
-0.0484292
0.972064
-0.231205
0.190078
-0.216651
0.0265722
0.501652
-0.423004
0.351335
0.0544053
0.0622895
0.0322062
-0.302194
-0.00685117
0.35444
-0.0730661
-0.595023
-0.049284
0.365627
-0.483437
-1.4704
-1.15697
1.98512
-0.337218
0.0279954
1.62722
0.482681
-0.0964559
-0.941931
0.230505
-1.15609
1.54564
-0.389554
0.0137121
-0.0137121
0.0793636
0.0015051
-0.0808687
0.286121
-0.0907067
-0.195415
-0.240595
0.285287
-0.0601599
0.210751
-0.379227
-0.950459
0.973874
0.44854
0.628576
-1.46829
-0.0533859
0.330372
-0.398769
0.000612426
-0.187542
-0.000892744
0.280873
-0.124139
-0.310724
0.193589
-0.0018503
-0.0109893
0.163602
-0.26344
-0.529572
0.284932
-0.372091
-0.685982
1.32019
-1.19347
-0.136218
-0.363246
-0.403388
0.604171
0.201184
-0.431385
0.831553
0.00670687
-0.335343
0.644221
1.47449
0.302143
-0.7975
0.232323
-0.268542
1.20654
-1.0046
-0.317813
-0.312751
0.312826
0.229715
-0.310404
-0.0284315
0.0198473
0.107876
-0.919085
-0.876822
1.82429
-1.05815
-0.00376375
-0.386903
0.00969903
0.000524558
-0.0389613
1.09514
-1.05618
0.258041
0.319961
0.141322
-0.322264
-0.369261
0.306246
1.62224
0.235052
-0.331289
0.203278
-0.328568
-0.439358
-0.155084
0.00969903
0.0155039
-0.0262239
1.40205
0.0168539
-0.0797969
0.1092
0.0550333
-0.0147835
0.0672992
-0.0672992
-0.395305
0.0413705
0.121
-0.767913
1.45549
0.0599238
0.382829
-0.278605
-0.0497808
-0.41075
0.31717
0.177954
-0.0281725
1.78675
-1.02489
-0.0653563
-0.0328006
-0.393269
0.0793158
-0.0428524
-0.790263
-1.03525
0.385943
-0.668504
-0.718203
0.0611112
0.256153
-0.414483
1.00886
0.0205406
-0.0122841
-0.184566
-1.2946
-0.0205406
-0.937114
-0.602641
0.151094
-0.320856
-0.00262267
0.398142
-1.39413
-0.636492
-0.0429128
0.0527071
-0.104435
0.0703827
0.0117477
-0.0202345
-0.567355
0.115716
0.241797
-0.218988
-0.0556483
-0.331228
-0.0671972
-0.842843
0.148364
0.197345
0.372954
-0.471593
1.17279
-0.795281
-0.390434
0.391047
1.32665
-0.153051
0.424371
-0.013855
-1.42075
1.32382
0.885568
-0.301288
-0.584281
-0.244071
0.0189611
0.0517056
-0.277517
-0.144815
0.332431
0.0553577
0.804194
-1.38143
-0.480731
0.335916
0.058375
-0.0223017
-0.138759
-1.19974
0.147717
-0.172724
0.014096
0.0540143
-0.0681103
0.00847091
-0.0326698
0.0326698
0.603105
-0.802591
0.0653213
-0.0146355
0.0146355
-0.594214
-0.284218
0.130411
-0.213764
-0.172254
1.19397
-0.606115
0.428549
-0.100518
0.132525
-0.104795
-0.0281725
0.984463
-0.166214
0.39901
-0.458833
-0.109059
-0.160585
0.578785
-1.4913
-0.578211
0.347783
-0.104439
0.180129
0.202538
-0.56564
-0.130172
0.0226737
-2.12325
-0.687229
-0.0364001
0.271722
-0.393653
0.983288
0.0128834
0.0936901
0.0249227
0.626865
0.163515
-0.183193
-0.0249227
-0.0308208
-0.172116
-0.280655
-0.914395
-0.129981
-0.693344
0.792575
0.250849
0.0357081
0.0341124
0.531782
-1.60547
-0.00497117
-0.136726
0.161261
-0.351571
-0.0929718
1.63561
-1.17942
-0.389926
0.0203263
-0.379322
1.3656
-0.0555268
0.890471
-0.957431
1.36632
-0.0113566
-0.786679
0.700494
0.0162987
0.273933
-0.0645109
-0.105946
-0.642563
0.436587
-0.632885
0.480431
0.211623
0.0674809
0.758737
-0.311174
-0.129831
0.00994489
-0.407195
-0.249748
-0.00684157
0.378691
0.500087
-0.877844
0.377757
0.0229981
0.0180775
0.0505539
0.998748
-0.86365
1.0641
-0.150671
-0.0180775
1.6641
-0.499559
0.153584
-0.0166781
-1.09025
-1.48542
0.0807605
0.0896139
0.520457
-0.077887
-1.06448
0.134271
-0.0745129
0.716695
-0.802146
1.28925
-0.0148305
0.00804628
-0.131768
-0.905472
1.08456
-0.112148
0.134707
-0.154818
-1.07814
-0.0332369
-0.0918417
0.00788004
-0.16466
-0.726431
1.3665
0.0253357
-0.018514
-0.81908
-0.00523987
0.0712653
-0.0331808
-0.0939101
-0.0917629
0.478485
1.52806
0.514053
-0.727453
0.255447
1.34202
-0.427938
0.0935821
1.17907
0.463671
-0.392449
-0.489411
0.377263
0.0325354
-0.090337
0.0715019
-0.0869982
0.287506
-0.0278644
0.214775
-0.0108813
-0.0163248
-0.249676
0.151131
0.662655
-0.0350608
-0.171879
-0.0865597
-0.616092
0.451397
0.368458
1.83856
0.0128686
0.243437
-0.316976
-0.0126237
0.116927
-0.286389
-0.121389
0.0473118
-0.0237395
-1.43263
0.0548378
0.0085763
0.132362
0.308682
-1.52442
-0.459539
0.787752
-0.328381
-0.459371
-0.00734412
1.21635
0.249355
0.385522
-0.145931
0.225808
-0.495527
-0.452612
1.35626
0.0295999
-0.162151
-0.0162987
-0.00947882
0.0490092
0.0350608
0.829849
-0.456856
-0.927088
0.344372
-0.0151143
-0.0196996
0.172584
0.234302
-0.0268544
-0.255329
0.222698
-0.260109
0.316661
-0.446492
0.566714
0.612799
0.149246
0.184312
0.630998
-0.616149
-0.369929
0.23117
0.858779
-0.702139
-0.108827
-0.439725
-0.225348
-0.0070322
0.149594
-0.0110138
-0.905003
0.866042
0.420265
-0.809524
0.00114369
-0.00114369
-0.639419
-0.718798
-0.719344
0.315956
-0.121346
-0.165038
1.46557
-1.30053
0.0620316
-0.0634012
-0.635999
-1.23761
0.499219
-0.104061
0.634485
0.00599016
0.0746699
0.100364
-0.374159
0.273641
0.17188
-0.181848
-0.217699
0.13555
0.18317
-0.000996702
-0.995622
0.144212
-0.557677
-0.00126322
0.351193
-0.369629
0.14209
-0.0618355
0.0554247
-0.928779
-0.263476
0.0306567
-0.032507
0.0218328
-0.22312
0.364026
0.128789
-0.423143
-0.0682056
1.42034
-0.817237
-1.21603
-1.16084
-0.26371
-0.778618
1.04233
-0.000306406
-0.0144856
0.0161912
-0.805853
0.0268093
0.163833
-0.00516091
0.0727537
-0.0741934
-0.17474
-0.3909
-0.431572
0.0310675
-0.0360387
0.697897
-0.204162
0.350222
0.452215
-0.775373
-0.173424
-0.299206
-0.434232
0.749976
-2.23748
-0.22524
-0.194678
-0.01645
0.279052
0.77612
0.318911
-0.486842
1.73126
-0.359267
-0.109009
-0.0642966
-0.743417
0.305904
1.05885
1.34935
-1.46682
0.0894226
-0.319294
-0.0273657
-1.2042
-0.0610825
1.59252
0.0296947
-0.0307601
0.284871
-0.0508792
-0.164552
-1.25055
0.438083
-0.393469
-0.337254
1.57411
0.0961275
-0.0686866
0.0248976
-0.153049
-0.16407
-0.708083
0.0779999
-0.463898
0.0203263
-1.19528
0.0111246
-0.0402497
0.0407178
-0.225848
-0.0757052
0.0212852
0.27089
-1.3807
-0.225359
0.835192
0.0342002
-0.828211
-0.330291
-0.279608
-0.562968
0.325832
-0.00784617
-0.00478997
-0.0998621
0.589805
0.0574963
-1.46963
0.32704
-0.349987
0.510445
-0.0719674
0.0654889
0.451742
-1.02732
0.0109893
-0.00129026
0.465636
-0.091323
1.27039
-0.0728897
0.128388
0.987012
1.23077
-1.27502
-0.103854
0.63641
-0.177667
0.168581
-0.128325
0.0774574
-0.0791658
-0.0303588
0.0352181
0.0517455
0.126415
0.909991
0.134074
0.254894
-1.03351
0.059389
0.480499
-0.287703
-0.192796
0.41677
-1.32586
-0.0108813
-0.226635
0.0177419
-0.0208073
0.504059
-0.0901187
0.00375424
-1.09759
0.981981
0.460067
-0.172468
-1.49619
-0.152334
-0.142047
0.36713
0.263931
-0.750775
-0.222447
0.973223
-0.0355749
-0.190981
-0.353047
-0.0560027
0.0627826
-0.173945
1.43036
-0.366098
-0.105462
0.0511729
-0.285528
0.310046
-0.111496
0.0165428
0.0775915
-0.00956904
-0.216011
-0.836719
-0.0404781
0.00116596
-1.41362
0.0164931
0.0503041
-0.0482014
0.150008
-0.00396762
0.00178549
-0.200981
-0.167931
-0.788113
-0.0738054
-0.0343571
-0.761641
-0.640794
-0.1672
0.523036
-0.372543
-1.28346
1.87493
0.394421
0.10842
1.11527
-0.0116557
-0.372864
-0.532744
0.254781
-0.238431
-0.0513794
0.130427
0.826063
0.106364
-0.542361
-0.241071
-0.16211
0.985273
-0.454336
-0.0672575
0.0348339
0.202545
1.5416
-0.326351
0.352422
-1.45993
0.101459
-0.000723094
-0.142899
-0.645214
-0.0328817
-0.854994
0.363091
-0.928764
-0.415094
-0.00666818
-0.535908
-0.306947
0.0847579
-0.457301
0.442884
-0.619255
-0.311204
-0.0909224
-0.37536
-0.264389
-0.0327728
-0.20868
1.14083
0.0128523
-1.31732
-0.4945
0.6428
-0.133995
0.0872369
-0.483933
-0.561141
-0.432593
0.444336
0.138877
0.023424
-0.131166
-1.28806
0.0739334
0.728287
-0.35053
0.672046
0.235893
0.946541
1.32103
0.0012914
0.632217
-0.0736589
0.00890101
-0.616263
0.451711
0.0339278
0.0746211
-0.00913217
-0.104402
0.484187
-0.115729
0.0846599
0.594128
0.463995
-0.541882
0.116713
0.0100427
-1.02222
-0.233135
-0.240553
0.588738
0.138035
-0.0885984
-0.0228973
0.0864916
-0.00800827
0.0191328
-1.51532
0.0891218
-0.0947838
0.636675
-0.00461605
-0.00626246
0.716167
-0.769919
0.121623
-0.114922
-1.13471
0.0465887
-0.0922012
-0.164522
0.203902
0.0921377
0.050252
0.0739686
1.17609
-0.48838
-0.0243851
-0.383205
0.312944
-0.0567907
-0.969968
0.321096
-6.34394e-05
-0.666754
0.120936
-0.336677
0.548016
-0.0225266
-0.424217
0.680283
-1.04757
0.215043
-0.870912
-0.668051
)
;

boundaryField
{
    SideWalls
    {
        type            empty;
        value           nonuniform List<scalar> 0();
    }
    Top
    {
        type            calculated;
        value           uniform 0;
    }
    Inlet
    {
        type            calculated;
        value           nonuniform List<scalar> 
18
(
-1.94444
-1.94444
-1.94444
-1.94444
-1.94444
-1.94444
-1.94444
-1.94444
-1.94444
-1.94444
-1.94444
-1.94444
-1.94444
-1.94444
-1.94444
-1.94444
-1.94444
-1.94444
)
;
    }
    Bottom
    {
        type            calculated;
        value           uniform 0;
    }
    Outlet
    {
        type            calculated;
        value           nonuniform List<scalar> 
18
(
2.02384
1.97572
1.98597
1.97023
1.98161
1.96072
1.96613
1.99522
2.00117
2.00226
1.98468
1.96262
2.00821
1.95958
1.9304
1.67069
1.95873
1.66225
)
;
    }
    Plate
    {
        type            calculated;
        value           uniform 0;
    }
}


// ************************************************************************* //
