/*--------------------------------*- C++ -*----------------------------------*\
| =========                 |                                                 |
| \\      /  F ield         | OpenFOAM: The Open Source CFD Toolbox           |
|  \\    /   O peration     | Version:  2306                                  |
|   \\  /    A nd           | Website:  www.openfoam.com                      |
|    \\/     M anipulation  |                                                 |
\*---------------------------------------------------------------------------*/
FoamFile
{
    version     2.0;
    format      ascii;
    arch        "LSB;label=32;scalar=64";
    class       surfaceScalarField;
    location    "6.9";
    object      phi;
}
// * * * * * * * * * * * * * * * * * * * * * * * * * * * * * * * * * * * * * //

dimensions      [0 3 -1 0 0 0 0];

oriented        oriented;

internalField   nonuniform List<scalar> 
7520
(
-0.98322
0.79295
0.19027
-1.34038
-0.205884
1.54626
-0.0502772
-1.9127
1.96298
0.228261
-0.030329
-0.197932
0.214155
1.7502
-1.96436
-0.0880664
0.0948194
-0.00675297
-0.308049
2.12802
-1.81997
-0.179341
-1.98335
2.16269
-1.54184
1.49157
0.830079
-0.0901177
-0.739961
0.407513
-0.204615
-0.202898
-0.262509
-1.60496
1.86747
0.693754
-0.100477
-0.593277
-0.0975892
0.135319
-0.0377302
-2.08406
0.945746
1.13832
0.082031
1.54262
-1.62466
0.244319
-0.0711122
-0.173207
-0.114285
-0.340802
0.455087
0.034033
0.0208796
-0.0549126
-0.0394658
0.283785
-0.387991
-0.287256
0.675247
-1.06821
1.15024
-0.0322094
-0.307375
0.339584
0.136242
-0.139724
0.00348179
0.110866
-0.304646
0.19378
0.246843
-0.241438
-0.00540424
0.861406
1.13113
-1.99253
-0.035261
0.309375
-0.274114
-0.0236718
0.0577047
0.196149
-0.0318052
-0.164344
-1.14413
1.74072
-0.596592
-0.0471808
-0.0178873
0.0650681
-1.8489
2.03024
-0.181338
-0.169659
-0.0399632
0.209622
-0.317976
-1.25322
1.5712
-0.38661
0.968092
-0.581482
0.259047
-0.529176
0.270129
0.815863
-1.59049
0.774628
0.0898954
-0.310496
0.220601
-0.0440975
-0.0994972
0.143595
-0.0277083
0.255969
0.326961
-0.407493
0.0805319
0.28161
-0.0347677
2.09011
-1.57367
-0.516444
-0.566228
-0.591212
1.15744
-1.47377
1.6181
-0.14433
-0.146146
-0.0916863
0.237832
0.258362
-0.0739376
-0.184424
-1.33904
0.194908
0.267669
-0.0728439
-0.194825
1.79987
0.179081
-1.97896
-0.722872
0.268551
0.454321
-0.0175165
0.0207916
-0.00327516
1.06697
0.477076
-1.54405
0.014568
-0.102634
-0.76466
0.120872
0.643788
0.381955
-1.25776
0.875802
-0.0399414
-0.12072
0.160662
-0.114254
0.0670731
-2.19762
1.122
1.07562
1.56651
-0.734175
-0.832338
0.0193614
0.160978
-0.18034
-1.30761
0.98963
0.817346
-0.123592
0.015661
-0.0331774
0.00406611
-0.101655
1.14325
-2.3663
1.22305
0.131854
1.66802
-1.25141
0.978691
0.27272
0.307677
-0.232351
-0.0753261
-0.511007
0.892962
-0.00639005
-0.606997
0.613387
0.332109
-0.0910303
-0.241079
0.0881702
-0.256372
0.168202
0.972194
-1.55879
0.586597
0.124706
-0.109323
-0.0153827
1.6976
-0.492028
-1.20557
0.403352
-0.749148
0.345796
1.68557
-1.18723
-0.498335
-0.81987
0.0552104
-1.48654
-0.711083
1.12286
-0.677383
-0.445478
0.235514
-0.607712
0.372199
-0.366777
0.197118
-0.523931
0.409646
0.212775
-0.0166261
0.0121373
-0.0472014
0.035064
1.03259
0.665005
-1.97173
2.30022
-0.328489
0.725891
0.840623
-0.959755
1.11164
-0.151882
0.0163475
-0.066056
0.0497085
1.36587
-1.62838
0.23734
0.192185
-0.102289
0.264321
0.267483
-0.531803
0.00735454
0.0816123
-0.0889668
-0.520364
0.380722
0.139642
1.41642
-0.444227
-0.711912
0.610023
0.10189
1.09308
-1.68833
0.595252
-0.0865044
0.108586
-0.0220815
-0.0359258
0.0527074
-0.0167816
3.04449
-1.89117
-1.15332
0.524224
-0.408979
-0.574241
-1.34088
0.829876
-1.92644
1.61839
0.160811
-0.0774289
-0.0833826
0.336769
0.0707442
-0.154492
0.153353
0.0011392
-0.116062
0.150281
-0.0342193
1.95851
-1.14265
-0.0975059
0.0173597
0.0801462
-0.761866
0.373875
0.028546
-0.0406384
0.0120924
0.580165
0.542696
-0.792321
0.498257
0.294064
1.21643
-1.5186
0.30217
0.0366654
0.099577
-0.196445
-0.526427
-0.378366
0.0980133
0.280352
1.02348
-0.193398
0.610121
-0.506155
-0.103966
-0.0523949
-0.0713836
0.123778
-0.203692
0.180269
0.0234228
0.699157
-1.84158
1.14242
0.377316
-0.409526
-0.343133
-0.0441674
0.387301
-0.0220971
-0.0754088
-0.322718
-0.249534
0.572252
0.13806
0.0319955
-0.170055
-0.0636627
0.201722
-0.599963
-0.192358
-0.627462
-0.528866
1.15633
-1.19149
2.26415
-1.07266
0.398445
-0.411609
0.0131641
-1.15519
-0.185691
-0.0332308
-0.0496358
0.0828666
1.40606
-0.339089
-0.639307
0.410849
0.228457
-0.00966316
0.130231
-0.120568
0.281872
-0.0725886
-0.209283
0.224707
-2.13741
0.324649
-1.79842
-2.75499
0.86209
1.8929
-0.836391
-0.41502
-1.4576
1.42506
0.0325402
2.10411
0.237542
-2.34166
0.176983
-0.221081
0.559454
0.516345
-1.0758
-0.269144
-0.24267
0.511814
0.303195
-1.76079
-1.84292
-0.00598222
-0.00146896
0.0136063
0.0606513
-0.113909
0.0532575
0.278828
-0.31877
1.57041
-0.47733
-0.151114
0.123405
-0.0205131
0.00295169
0.0175614
0.746353
-0.409059
-0.337293
-0.433586
-1.65048
-0.0598418
-0.209302
0.0512094
-0.576032
0.524823
0.309722
0.128434
-0.438156
-1.5694
0.937571
0.63183
0.924726
-0.710571
-0.063414
0.446861
-0.383447
-0.294123
0.404989
0.50215
-0.231766
-0.270384
0.789197
-0.524876
0.232531
-0.305375
0.881341
0.34008
-1.22142
0.291969
-0.32723
-0.336563
-1.4605
1.79706
1.29201
0.652436
0.679023
-0.443509
-1.3301
0.943494
-0.670267
0.898107
-0.22784
0.0096611
-0.0335769
0.0239158
0.269805
-0.311344
0.0415385
-0.967499
1.54766
-0.266355
-0.145274
0.411628
0.420201
-0.110478
-0.836006
0.887216
0.573741
-1.06587
0.492124
-0.502277
-0.0180864
0.661225
-0.402177
0.13527
-0.0105646
-0.267516
0.228558
0.0389587
0.076575
-0.192637
-0.334762
-0.104395
0.439157
0.128107
0.204002
-0.995268
-0.563523
-0.750912
-0.818489
0.0136965
0.0421464
-0.055843
1.20317
-0.1796
-1.02357
-1.49914
0.307648
-1.17997
2.17058
-0.990606
0.349964
0.152186
-0.43405
0.497469
-0.0634192
-0.770086
0.573641
0.569773
-1.136
1.7514
-0.059976
-1.69142
-1.43205
1.87843
-0.44638
-0.021274
0.0819253
0.397706
1.52426
-1.92196
0.0334167
-0.162752
0.129335
-0.114983
1.79601
-1.68103
0.00132836
0.107147
-0.108476
-0.890831
1.24981
-0.35898
-0.12969
-0.640396
0.0757492
-0.410511
0.277725
-0.170932
-1.79815
1.96908
0.0271312
-0.00625156
-1.7066
0.711328
-0.223574
-0.223962
0.447536
0.0744494
-0.126844
0.128078
1.58618
-1.71426
-0.563078
-0.552763
1.11584
-0.493581
0.390313
0.103268
2.70419
-1.78897
-0.915217
0.44529
-1.00837
0.0456299
-0.0509495
0.00531956
0.109913
0.737689
-0.847602
0.0404965
-0.0438105
0.00331392
0.836563
0.810681
-1.64724
-0.233019
-0.478893
-0.0600759
0.167527
-0.107451
-0.913927
0.694505
0.219422
-0.0678452
0.0369835
0.0308617
1.60965
-0.406479
1.05397
-1.97208
0.918115
-2.79913
1.20939
1.58975
-1.17439
-1.62474
-0.373669
0.488721
-0.115052
0.518027
-0.324392
-0.193635
0.908167
-1.69498
0.786809
0.0455613
1.06748
-1.11304
-0.691632
0.0142489
1.14018
-0.258839
1.20989
1.32267
-2.53256
-0.18026
0.0852034
0.0950569
0.0465681
-0.960495
1.86808
-0.478781
-1.3893
0.133019
-0.0996021
0.113195
0.198078
-0.26919
1.0648
0.803285
0.170978
0.686732
-0.85771
0.350258
-0.0408826
-0.0667287
0.0381666
0.0285621
0.554008
-0.439381
-0.114627
-1.80546
0.857179
0.948285
0.443797
0.0742301
0.801159
-1.42862
0.300431
-0.00038505
-0.300046
0.132253
0.126109
-1.69159
1.64178
0.0498038
1.18252
-0.608783
0.00719275
-0.0383745
0.0311818
0.027346
-0.226144
0.198798
0.116181
-0.207211
1.71499
-0.571741
-0.0813302
0.334327
-0.252997
0.00116357
-0.0216767
0.211978
-0.416593
0.781681
-0.514198
-0.653573
0.699135
-0.196758
-0.0707579
2.12802
0.0133944
-0.0169004
0.00350601
0.0392312
0.74245
-0.195945
0.125591
0.0703538
-0.0270882
-0.00883754
0.317203
0.00975794
1.60606
-1.04661
0.411059
-0.35991
-0.0511486
0.307196
-1.19803
0.065018
-0.387736
-1.97606
1.80513
0.0481421
-0.0025122
-2.1554
0.218067
-0.227731
-0.0216292
0.0675381
-0.0459089
-0.593672
-1.21179
1.86267
1.18182
1.72405
-0.786475
-1.60496
0.208237
0.401884
0.217849
-0.210638
-0.0072108
0.174622
-0.236902
0.0622801
-1.24551
0.654295
-0.193903
-0.254315
0.448219
0.288569
-0.378686
-0.1132
-2.01742
2.13062
0.989813
0.199559
-1.50406
1.3045
0.942058
1.08818
-0.892321
1.56604
-1.16833
-0.0507432
0.376078
-0.325335
-0.892919
0.758009
0.134909
-0.210408
0.129078
-0.0813779
0.317773
-0.236395
-0.249757
-0.263079
0.512836
-0.530838
1.82285
-0.268241
-0.35674
0.624982
-0.323138
0.176992
0.253766
-1.21352
-0.0757643
0.00903564
0.00831502
-1.85043
0.967833
0.882593
0.354858
-0.455335
0.00819214
-0.016635
0.41508
1.18015
1.52404
1.65331
-0.532563
-1.12074
0.113259
-0.0430691
-0.0701897
0.735909
0.949658
0.106998
0.110851
0.614172
-2.17352
1.55935
-0.0921531
0.102569
-0.0104164
0.789864
0.626557
-0.211963
-0.0985334
0.731671
-0.560693
-0.563116
1.42452
0.149438
0.0113734
1.51134
-0.294911
0.139903
-0.132548
1.77625
-0.122942
0.099788
0.392475
0.0185834
0.0168578
0.290819
-1.74736
-0.830208
0.9645
-0.134292
0.00561906
-0.114942
1.75906
0.0404194
-1.79948
-0.699394
0.431153
0.216816
0.0650557
-0.2989
0.0665492
0.021105
-1.20834
1.54379
-1.56444
0.0206515
0.00517749
-0.263584
0.258407
-0.585571
1.37544
-0.825338
1.52449
0.0260506
-0.0208731
0.774627
-0.27637
1.96197
-0.596093
0.00421411
0.119478
-0.123692
-0.0715592
-0.0896846
0.161244
0.109797
0.00346143
-0.369032
-0.728426
-0.132244
-0.27985
0.412094
0.771992
1.49216
-1.65625
1.31968
0.101594
-0.444727
-0.878811
0.872421
-1.13741
1.32711
-0.189704
0.513334
-1.69944
1.58446
1.46167
-0.429071
1.30425
0.785865
-0.0636918
0.275381
1.26841
-1.29969
0.287678
1.01201
0.244757
-0.276562
0.431034
0.0127627
-0.207794
0.144132
-0.0760286
-1.49764
0.462517
-1.24585
0.783329
-1.48984
1.01371
0.476132
0.0462464
-0.653244
-0.206276
0.225637
0.0836094
-0.00798953
0.108834
-0.100844
-0.534969
0.471555
0.845463
0.616203
-1.43205
-0.101018
-0.102674
1.6059
-1.42365
-0.182254
-0.405396
1.92965
-1.64769
2.49127
-0.843582
-0.735162
1.04477
-0.309613
0.0676763
-1.37528
0.127488
-0.451881
-0.258146
0.41029
-0.152144
0.0194246
0.0332828
1.33068
0.707627
-1.27254
0.564912
-0.0119466
-1.54695
1.55889
-0.050872
-0.10362
-0.0051741
-0.472957
0.478131
-0.426618
1.18762
-0.761001
0.193384
-0.134893
-0.0584915
0.146061
-0.11079
-0.0352715
-1.98668
1.7808
2.32297
-0.480931
-1.84204
0.0241214
0.00924381
-0.0333652
0.00644783
0.168174
0.0994945
-0.601772
-0.852286
1.68885
0.0172753
0.0112708
1.7514
-0.981423
1.09134
0.158303
-0.158303
-0.112385
0.294758
-2.26649
2.2524
-0.935032
-1.31737
-0.996178
0.810498
0.18568
-0.0438764
-0.0529566
0.096833
1.00222
-1.2081
0.205883
-0.589934
-0.200929
0.790863
0.598983
-1.97612
1.37713
-0.0879998
-0.804919
-0.207416
0.135857
-0.184693
-0.590915
0.775608
0.752769
0.421005
-1.17377
-1.3645
-0.414074
0.66955
-0.255476
-0.64912
0.993206
-0.344087
1.45994
-1.33186
0.255956
-0.3882
0.0907969
-0.264385
0.352555
-1.28091
1.30999
-0.0290781
-1.29501
1.77602
-0.481008
-0.016484
0.127471
-0.110987
-1.58334
-0.782958
-0.0334013
0.00972949
-1.63926
0.459286
-0.358225
0.276847
-0.181208
-0.553954
-0.0157298
-0.0764233
-0.833578
2.04346
0.0435293
-0.350904
-1.52486
0.130129
1.39473
0.545888
-0.416304
-0.129584
-0.865122
0.194855
0.207931
-0.545503
0.337572
1.59597
-0.138784
-1.45719
-0.0444143
0.153753
-0.109339
-0.378843
0.592666
0.970891
-1.56356
-0.611802
1.55755
0.177412
0.684284
0.721777
-0.125061
1.58486
0.191386
-1.40011
1.38817
0.217621
-0.0716189
-0.146002
0.339703
-0.178144
-0.161559
-2.00435
0.356656
-0.140127
-0.267367
-0.603027
-0.227182
0.252165
0.824489
-0.227033
-0.597456
0.187332
0.0942787
-1.1626
1.60779
-0.445195
0.149865
-0.23955
-0.0628672
0.332673
0.244479
-0.502625
-0.10344
0.44345
-0.34001
-0.0622068
-0.0116343
0.0738411
0.805103
-0.346308
-0.458795
-0.0413249
-0.152188
0.193513
-0.280338
0.312369
-0.0320313
0.0198125
-0.319942
0.30013
0.299796
-0.0550388
0.439312
-0.124908
-0.314403
1.52234
-1.03304
-0.959489
-0.00219876
-0.086803
0.0890018
0.070748
-0.0769995
-0.266249
-0.227332
1.13446
-0.309973
-0.0236695
-1.21743
1.2411
-0.351313
-0.0270531
-0.00973959
-0.590223
0.148026
-0.00196463
0.164087
-0.162758
-1.37104
-0.0338778
-0.0772755
0.111153
1.3226
-0.982522
1.18146
1.14151
0.328963
-0.0285326
-0.141827
-1.66905
1.81088
0.774975
0.426716
-1.20169
0.144147
-1.02966
0.66956
0.360103
0.483918
0.0619701
0.0389037
0.0533824
-0.0922861
2.152
-1.15819
-0.99381
0.131617
-0.295635
0.164018
0.735878
0.373392
-1.10927
0.0692667
0.097947
-0.167214
1.71699
0.024333
-1.74132
-0.403429
0.0626272
-0.246215
0.289744
0.0359428
0.0372944
-0.0732372
-0.396681
-0.12725
0.0304496
0.0189698
-0.0494194
-0.425792
-0.67108
1.09687
1.11913
0.476841
0.994891
-1.01856
0.756886
-1.1835
-1.90341
1.79021
0.022568
-0.0939516
0.250544
-0.603665
0.353121
0.724338
0.999708
1.16219
-1.36533
0.203142
1.23048
-0.546198
-0.126245
0.0831754
0.00703402
-0.198461
0.191427
-1.67264
-0.441311
2.11396
-0.407086
0.43269
-0.0256037
0.00753872
0.150764
0.203392
1.54681
-0.136754
-0.0435063
0.639905
-1.40682
0.766911
-0.726338
-0.342747
1.06908
1.54436
-0.490391
0.642153
0.572406
-0.815076
-0.254802
0.00463603
0.250166
0.0193568
-0.183701
-0.46787
1.1755
0.00958175
0.0309148
-0.380406
-0.136935
0.517341
-0.0118975
1.01412
0.720296
-1.24916
-0.459891
-0.411715
0.509728
0.753987
-0.935194
0.0578304
-0.0404706
-0.12056
-0.148629
-1.94365
0.910609
-0.080047
0.0381739
0.0418731
-0.0332407
0.0375829
-0.00434213
0.205323
0.862152
0.188786
-0.0278074
0.0278407
-1.6849
1.65706
0.64445
-0.955275
0.310826
-0.0169983
0.0579853
-0.040987
-0.736803
1.19932
-0.119934
-0.368256
0.48819
-0.268395
0.476325
-0.943027
1.46319
-0.520167
-0.499748
0.50136
-0.00161124
2.16729
-0.0631738
0.381042
-0.272589
-0.108453
-0.532358
0.282824
-0.172172
0.214643
1.30345
0.996776
0.153767
-1.57935
1.42558
-0.802168
-0.196814
0.998982
-0.289546
0.261245
0.0283002
0.126976
-0.0927233
-0.0342526
-0.00229224
-0.159357
0.161649
-0.098465
0.0227007
-0.878693
-0.296444
-0.00820216
-0.123467
0.132502
-0.12424
0.382756
-0.258516
-0.223711
0.260163
-0.0364519
-0.0277923
0.20967
-0.181878
0.804577
-0.370756
-0.0634534
0.0162521
0.228975
-0.881252
0.652277
1.17216
-0.966836
0.0194036
-0.339172
0.319768
-0.994202
-0.694127
-1.38793
1.51978
0.848742
-0.332397
-1.33885
0.837269
0.501579
0.227674
-0.0914897
-0.136184
1.76061
-1.76061
-1.59155
0.10501
-0.561353
-0.237226
-0.621686
0.858913
0.582429
-0.540027
-0.0424022
-0.0262067
0.0500692
-0.0316841
-0.0183851
-0.000821394
0.199093
-0.198272
-0.415451
1.26218
-0.846724
0.451795
0.020781
-0.472576
0.791235
-0.723558
-1.05191
0.249744
-0.0392565
-0.208267
0.247524
0.0408504
-1.34054
-0.470871
-1.23365
0.762777
0.348741
0.0128104
0.229065
-0.241875
-0.264523
0.324057
-0.0595345
-0.225681
0.165605
-0.0822035
0.0675455
-0.0891747
0.0357173
0.100104
0.262149
-0.362253
-0.140049
-0.0584117
0.141226
0.298086
-0.138659
0.11633
0.0223294
0.0131
0.00853095
-0.021631
0.0940583
-0.063905
-0.0301533
-0.0636518
0.163993
-0.100341
-0.554314
1.33764
0.512835
-1.14281
0.629976
-0.146823
-0.079753
0.226576
-0.0611383
-2.46205
2.52318
0.874647
-0.549799
-0.324848
0.465668
-0.0433562
-0.193545
0.0300804
-0.0707188
-0.0531733
0.18479
0.276002
-0.951315
0.675313
-0.430043
-1.26154
-0.197196
0.808654
-0.611458
-0.0955409
0.0734438
0.39508
-0.266466
-0.128614
0.595997
-0.367022
-0.76395
0.476977
-0.507118
0.0301406
-0.513606
0.319703
-0.164306
0.575155
-0.290422
0.317768
-1.95338
0.0622089
-0.275122
0.519601
0.026966
-0.234382
0.166353
0.0250736
0.314014
-0.301204
-0.0804517
-1.2999
0.745582
1.99157
-0.195559
-1.79815
2.24442
-1.08815
-1.15627
-0.0758523
0.456574
-0.0768696
-0.743
0.474939
-0.398364
-0.237082
-0.01772
-0.57858
-0.398003
0.976583
0.0822856
0.25363
-0.335915
0.0380207
-0.874412
-1.98958
-0.304755
-0.313032
0.617787
0.723398
-0.0789482
-0.235897
-0.036753
0.27265
0.457766
-0.0804494
0.159475
0.0681981
2.02844
-1.42946
-0.891106
0.312526
-0.242975
-0.0488589
0.291834
-0.0429981
-0.155105
-1.053
0.500121
-0.214631
-0.285489
-0.0806109
-0.033643
0.895139
-1.15544
0.260299
-0.649653
-0.059364
1.81997
-0.325603
-0.555649
1.57519
-2.06991
0.494715
-2.1594
1.78609
0.37331
0.147522
0.102917
-0.25044
0.149044
1.16259
-0.00128522
0.841773
-0.840487
0.0151481
0.319179
0.0679425
-0.0438212
-0.0109971
-0.281641
0.292638
1.27828
-1.42011
0.0905605
0.336732
-0.347273
0.0105403
-1.50685
-0.0846962
-0.586271
-0.332992
0.330794
0.105028
0.00328518
-0.108314
-0.606566
0.300757
0.305809
-0.377667
0.326924
-1.08986
-0.489038
1.5789
-0.125935
-0.0282909
-0.0155855
-0.241711
-0.192695
0.434406
-0.371394
1.3851
-0.151367
-0.858511
-0.137667
1.23557
-0.434416
1.02532
-1.44077
-0.0190982
-0.0115554
0.0306536
1.05309
-0.596732
-1.36762
-0.333526
-0.0761391
0.409665
-0.0545079
0.198639
0.0174885
-0.402879
0.38539
0.447854
-0.0382079
0.216055
1.39
-0.14253
0.295803
-0.0632716
-0.42117
0.404535
-0.175205
0.0681995
0.107006
0.243182
-0.105784
-0.137398
-0.13807
-0.0413742
0.179445
0.356999
0.058445
-0.415444
0.0664563
0.0573222
-0.196017
-0.0675673
-0.0397051
1.1675
0.0168538
0.102551
-0.119405
0.050598
-0.1003
0.0497017
-0.0115684
-0.402512
0.41408
0.580229
0.245423
-0.659497
-0.0617122
0.349671
-0.0708426
-0.441352
0.147228
-0.126263
-0.036489
1.78892
-0.978235
0.0970985
-0.224756
0.127658
-1.58727
0.19934
-0.104665
0.0358711
0.0687941
-0.0375411
-0.0303041
-0.263326
-1.89608
0.349801
-0.0578324
-0.79343
-1.38009
-0.468635
0.088229
-0.745042
0.503331
0.945798
-0.726523
-1.38433
1.53809
-2.04699
0.374341
-0.197196
0.0613084
0.135887
0.0179394
-0.184132
-0.381838
0.565969
-0.243255
-0.00974194
-0.349188
-1.04741
1.39659
-0.615253
-1.14945
1.7647
0.595409
0.337267
-0.932676
-0.00921258
0.316966
0.160011
-0.249567
-0.253058
-0.167328
-0.101743
0.269071
0.156814
0.355
0.267497
0.127583
0.457104
-0.579877
-0.0234854
0.0368799
-0.593198
0.775277
-0.182079
-0.142029
0.419018
-1.31442
0.048297
-0.0061506
-1.18411
0.393806
0.178447
-0.953534
-0.475087
-0.156774
-0.916907
-0.314825
1.23173
-0.125418
0.600357
-0.0418601
0.852358
-0.285472
-1.01265
-0.930999
-1.24768
1.45356
0.0760851
-0.215392
0.013223
-0.061269
0.0480461
-0.621543
0.563807
0.0577358
0.672218
-0.801907
-0.0418014
-0.0382456
-1.13469
-0.204161
-0.17936
0.100132
0.0792283
0.316673
0.48843
-1.46104
-0.167592
1.62863
0.0574741
-0.197523
0.296811
-0.277788
-0.0190237
-0.229027
0.386757
0.137467
-0.182659
-0.0379411
0.2206
-1.30969
0.830912
-0.269351
0.0260962
-0.168466
-0.127169
-0.319562
0.0363526
0.0214778
-0.0210981
0.216989
-0.00867442
-0.0645628
0.312388
1.32939
-0.641081
1.94533
1.01223
0.630045
-0.830974
0.0297863
-1.49083
-0.291838
-0.316824
0.373138
-0.0563132
0.179799
0.000470308
0.0726372
0.0126464
-0.0538636
0.120937
-0.193763
1.78771
-1.59394
0.208273
-0.84867
-0.118043
-0.252805
-0.0659652
0.679926
-0.274345
0.346327
-0.0719819
-0.00317558
-1.52676
1.52993
0.62015
0.275927
0.306502
-0.553967
-0.554572
0.940984
-0.386412
0.000106699
0.0130064
0.0245764
-0.28523
1.01996
-0.734732
0.0745892
0.157533
-0.232122
-0.148916
-0.63716
0.786076
-0.268914
-0.0583157
-2.04666
-0.0290847
0.179165
-0.174951
0.0244084
-0.244139
-0.0252117
0.335875
-0.648907
2.25369
-0.94818
-1.30551
-0.126257
0.407249
0.00821687
0.288594
-0.296317
-0.2108
-0.170525
-0.0138997
-0.143414
-0.223363
-0.199619
0.843726
-0.992641
0.131822
-0.0905136
-0.0413087
-0.36352
-1.97765
1.10299
0.874661
-1.95157
1.89043
-1.15484
0.325069
0.829773
-0.0652665
0.291893
-0.226626
0.688856
0.445606
-0.0148303
0.191649
-0.0622587
-0.197593
0.0247183
-0.253602
-0.0128648
1.10123
1.15246
0.0229124
0.0152542
1.63895
-1.40141
-0.0371136
-1.39657
1.43368
1.2574
-0.0899073
-0.283237
-0.0749881
0.616873
0.0862036
-0.247081
-0.0590357
0.49007
0.749332
-1.58028
0.830944
0.0793674
2.38386
-1.43902
-0.944843
0.00782639
-0.137883
0.0849268
0.902149
0.645515
1.15042
-1.04541
1.10544
-1.72069
-1.24934
0.0358391
1.2135
-1.71243
0.196083
1.51634
0.0598558
0.0726465
2.47227
0.0144168
-2.48669
-0.781119
1.39613
-0.615011
0.0465156
0.213647
-0.888408
0.239289
-0.00109132
0.0492334
-1.33595
0.198544
0.00461103
-0.0185064
0.0138954
-0.0929737
0.219664
-0.12669
0.146177
-0.491012
0.344835
0.518088
0.446412
-0.498427
-0.108139
0.0770066
0.843586
-0.931586
-0.0636275
-0.0502813
-0.245627
0.0508018
0.607956
0.587369
-1.19532
-0.654974
0.750308
-0.0953347
0.0690224
-0.413896
0.344873
-0.940204
-1.59135
0.77741
0.813937
0.114567
0.845004
0.253528
-1.09853
-0.313716
0.215094
-0.2383
0.0232052
0.164381
-0.0350456
-0.239797
0.0039005
-0.279728
-1.5101
0.4635
-0.399501
0.783689
-0.384188
-0.651653
-0.678452
1.70573
-0.7379
-0.0995587
0.178524
-1.42081
0.0630293
-1.40557
1.34254
0.0401452
0.018709
-0.0588542
1.14895
-1.13167
-0.0172798
0.1477
-0.0174685
-0.0448095
-1.4464
0.794745
-0.597997
1.26756
-0.297474
0.509452
0.287605
0.214087
0.0290948
0.80048
-0.369327
-0.0103637
0.682582
-0.952276
0.425849
-1.73407
0.584625
1.09212
-1.0953
-1.52777
1.33401
-0.117828
-1.47261
0.207866
1.26475
0.582466
0.226189
0.0329767
-0.935624
0.698397
-0.111208
-0.127466
0.238673
-2.10137
0.498006
1.60336
0.368528
0.828222
-1.19675
0.069459
-1.31714
0.744003
0.116909
-0.860912
-0.28212
0.041574
-0.920385
-0.0796347
-0.0107487
0.0477321
1.49081
-1.46648
-0.0485384
-0.994594
-0.596753
0.633876
-0.0323465
-1.217
1.10875
-0.263744
-1.58446
-0.0205052
-0.296765
-0.924656
0.323221
-0.220248
1.90341
0.224609
0.163423
-1.21642
0.132209
-0.100213
0.209387
-0.459144
0.325375
-0.544296
0.218921
0.166412
0.0962879
-0.2627
-0.347046
0.0744574
0.273642
0.280365
-1.14097
1.16124
-0.0202731
-0.736887
1.1183
-2.0738
0.955501
-0.400923
-0.0543966
0.0852583
-1.47628
0.139502
1.33678
-0.372004
0.885338
-0.653887
0.691907
0.155737
0.962735
0.54263
-1.00252
-0.812714
-0.182026
0.994739
-0.283818
-1.33054
0.981354
-0.119796
0.123094
-0.00329813
0.0467334
-0.0877204
0.973526
-1.4414
-0.784982
-0.00526619
0.790248
-0.00659969
-0.011454
0.0180537
-1.07638
0.439219
0.0355679
0.0237463
-0.221678
0.398302
2.24131
0.230963
-0.805732
0.804447
-0.255953
0.087487
-1.24086
2.09708
-0.85622
-0.0729871
0.0615922
0.073678
0.359013
-0.0194283
0.978001
1.19258
0.649068
-0.925438
0.273961
-2.06293
-0.159907
0.126029
0.14515
-1.12767
-0.212628
-0.94281
-0.201748
0.0506341
0.778865
-0.380562
-1.49637
0.137254
1.25275
0.178001
-1.67154
0.295907
1.37563
-0.0831612
0.469918
0.837957
-1.14259
-0.289461
0.729995
-0.324236
-0.405758
0.85115
-0.293842
-0.557308
-0.171572
0.0366796
0.632819
-0.661955
0.0291359
-1.40066
1.04504
0.355618
0.481099
0.982096
0.000617862
0.10441
0.745638
-0.500216
-2.12598
0.845802
1.28018
-1.96908
1.52777
0.96255
0.747818
-1.71037
0.789503
-0.734293
1.79272
-0.596116
-1.1966
-1.02534
0.163052
-0.0798766
-0.179203
-0.101275
0.186479
-0.0330387
0.109229
-0.0761902
-0.290185
0.033813
-1.76351
-0.21984
0.0838332
-0.0948303
-0.0294144
-0.014396
0.977381
-0.507951
-0.46943
0.762455
-0.461698
-0.116553
0.123001
-0.106417
1.26861
0.0534988
-0.0133536
-0.317164
-0.759215
-1.48341
0.566506
-0.0648477
-0.0748765
0.119536
0.0875172
0.0944916
-0.0812686
-0.482939
-0.473798
0.0874353
-0.0741885
-0.0132468
0.172068
-0.790659
-0.444854
1.23551
-0.274073
0.0299342
-0.127525
1.11806
0.994182
-2.11224
-0.376161
0.97157
0.20532
-0.0819142
0.663664
-0.816504
-0.780598
1.5971
-0.93885
-0.963677
0.565674
0.296448
-0.196214
-0.100233
1.01967
-1.19927
-0.148239
1.88423
-0.765927
-0.171813
0.0992245
-0.428946
-0.713864
0.0808096
2.05161
-1.79021
-0.261396
-0.900228
-0.583184
-0.332125
0.157265
0.0630897
-1.03259
-0.201975
1.23456
0.229349
-0.142938
0.217527
-1.65511
-1.48814
0.651014
0.837123
-0.154768
-0.00458553
0.159353
0.938095
-0.56717
-0.370925
0.0997013
-0.153565
0.0741175
0.0792352
0.802412
-1.89227
0.745695
0.105455
-0.314471
-0.576636
0.327276
-0.0736467
0.142956
0.311605
-1.10226
0.025384
0.350694
-0.437204
0.172819
-0.0893899
0.0112278
0.078162
0.982557
0.810161
0.558875
0.0569661
0.631955
-0.25511
-0.376844
1.69944
-1.40353
-0.392338
-0.234979
0.139514
0.0248672
0.203474
-0.0624095
-0.299843
0.0037484
-0.123544
0.546961
-0.0527661
-1.80672
-0.0195717
-0.135196
-0.0662751
0.00500606
1.05992
-1.10178
0.86965
-0.420797
-0.448852
0.0037098
0.104876
-0.00532681
0.00993785
0.396721
0.0124747
0.0613664
0.140314
-0.486622
-2.63285
1.05243
1.58041
-0.0699632
0.00390727
-0.0377519
0.098866
0.113909
-0.261047
-0.284456
0.628033
-1.44454
0.0376765
-0.971532
2.08959
0.615833
-0.0681065
-0.547727
-0.603672
-0.490621
-0.0494062
0.0857462
-1.10513
0.511902
-0.741109
0.229206
0.101979
-0.226965
0.124986
-0.180141
1.15683
1.33445
-1.36311
1.40353
-1.98206
1.494
0.488057
1.12185
-2.09339
2.33201
-1.15186
-1.03799
-1.02744
-0.0500073
0.158841
-0.054617
-0.41834
-1.56317
0.0905561
-0.0635835
-1.30175
1.20716
-1.96892
0.761766
-0.0508557
0.227839
-0.400856
0.135145
-0.136756
1.00823
1.37563
-2.11659
0.875732
-0.156329
-0.782521
-1.36003
-0.0216293
-0.205335
1.95157
-2.01474
-0.131257
-1.07856
0.0400206
1.29059
-0.697923
-1.70886
1.77367
-0.0648064
0.460061
2.06312
0.422639
-0.0590063
-0.363633
1.72896
-0.623517
0.223938
7.5415e-05
0.735167
-0.744907
0.0862719
0.127815
0.651361
0.82339
-1.47475
-0.537119
-0.445589
1.02661
-1.07115
0.0445409
0.238439
-0.45307
-1.73358
0.732883
1.00069
1.38331
-0.234367
-0.919556
-0.140483
0.925905
-1.36032
0.274758
-0.524325
-0.303667
0.450895
-0.622475
0.438343
-1.42809
-0.646976
2.07506
-0.443294
0.501739
-0.446443
0.319193
1.09513
-1.23279
0.0583118
1.36042
-2.0015
-0.251733
-0.461547
0.211913
-1.17875
0.102717
0.690233
0.472983
0.0125906
-0.603506
-1.69739
0.313068
0.0601398
0.237126
-0.297266
0.0661911
-0.302586
1.14662
1.0978
1.23068
-0.970377
0.0782776
-0.0721735
-0.367207
0.426969
-0.432722
0.394514
-0.65598
-0.9441
2.06595
-0.271297
0.385864
-0.501127
-0.993312
1.49444
-1.43239
0.651267
-0.0637686
0.334187
0.0798931
-1.45519
-0.0696703
-0.139548
0.651451
-1.32053
-1.31232
2.05161
0.554274
-1.37276
1.00215
-0.555736
-0.212618
0.454831
-0.29482
-0.220135
0.239539
-1.55725
0.222751
-0.777323
1.12595
-2.07005
-0.800714
-0.203587
0.486411
-0.158365
-1.5505
1.06234
-1.53743
1.33729
0.661204
-1.51274
0.851532
1.33034
-0.285307
1.86747
-0.897163
-1.08289
1.98005
0.559442
1.24287
-1.01352
-0.635743
-0.852394
-0.984056
-0.998002
0.441571
-0.799356
1.4109
-0.61154
-0.128939
1.363
-1.23407
-1.01107
-0.958154
1.96923
0.918529
0.108078
0.247211
0.366475
-0.35131
0.263249
0.0880616
-0.0018745
-0.237675
0.493712
-1.39394
-0.700815
-0.376779
-0.244764
-0.136651
0.530456
-0.171241
0.784628
-1.99011
0.734642
1.25547
-0.0474397
-1.6138
1.66124
0.0256096
-0.236492
0.0382204
0.600422
-1.83651
1.83651
-0.0562101
-0.0126469
0.068857
-0.633939
1.05494
-0.145358
0.123729
-0.76006
-0.274719
0.629719
-1.36311
-0.071114
-1.26762
0.286197
1.28102
-1.24017
-1.20059
0.167998
-0.147145
0.523855
-0.37671
0.117251
0.515568
0.2172
-0.0507876
-0.960425
-1.1932
0.188723
1.00448
-1.38573
-0.421201
-0.853829
-1.21997
0.00991
-0.192569
0.154448
0.189427
-0.485745
-0.0470371
0.0383627
0.354787
-0.278825
-0.34365
-0.93543
1.39259
-0.457164
0.318946
0.198962
-0.227754
0.382018
-0.154265
-0.424979
0.1619
0.40484
-0.524246
0.119407
-1.17048
1.91303
-0.95048
-1.37966
-1.85402
0.327261
-1.58079
0.0484397
0.993182
1.15881
0.131859
-1.05652
1.21115
0.0988444
0.121274
-0.418749
0.645271
0.62072
0.168784
2.03579
-0.909836
-1.07557
-0.691525
1.7671
1.13304
-0.00520434
-1.12783
0.00813432
-0.108434
-0.184813
0.168329
0.130234
1.33583
-1.46607
-1.17564
1.0953
0.0803477
1.17564
-1.33401
0.205078
-0.255933
-0.999269
1.04084
0.0725384
-0.0398322
0.0971543
-1.67238
0.168314
1.51448
-0.853281
-0.305149
-0.0653332
0.133533
-0.413668
0.919733
0.24654
-0.0825223
0.63229
-1.36702
0.170876
-0.229368
-0.551952
-0.0557605
0.617956
-2.05672
0.509774
-0.0706501
0.418538
-0.347888
-1.03713
-0.931792
0.0618879
0.681238
0.501286
-0.887125
0.0813922
-0.105708
-0.308188
0.100497
-2.11513
1.07715
0.0659516
-0.0203254
-0.280879
0.0263423
-0.0474405
-0.0879406
-1.4278
0.642041
-1.55337
0.911329
0.0569942
0.236617
-0.293611
-5.49663e-05
-0.210584
-1.02963
1.31582
0.616216
0.355355
1.331
-1.14259
0.17743
0.0393857
1.73754
-2.00504
0.267495
0.185602
-0.378297
-0.783852
-0.0770599
0.358593
-0.434732
0.344979
-0.319906
-1.27079
0.158276
-0.0939654
-0.0643101
-1.48378
0.191312
1.29247
0.401427
-0.343953
-0.0267238
0.366403
-0.339679
1.16011
-1.19246
-0.312065
0.408353
0.61202
0.246893
-0.236734
0.315962
-0.0355022
0.108946
0.163189
0.656486
-0.819675
-0.421863
-0.0691488
-0.924279
-1.01345
1.93772
0.0953399
-0.223752
0.351409
-1.00924
1.89043
-0.0551025
0.0730419
0.0456014
0.0497552
0.135298
2.126
-1.02477
-1.21322
0.760085
-0.537334
-0.811568
2.09175
-0.0325614
0.0450361
-0.270642
0.278181
0.0034968
-0.122901
-0.280652
0.178908
-0.320595
0.47637
-0.286943
1.13539
-0.0194236
0.0457659
0.297535
-0.0684705
0.034977
0.395835
0.0942353
0.472149
-0.750974
0.199765
-0.228543
0.0287778
0.0167024
0.00200658
0.173817
0.887121
-1.06094
-0.23376
0.106294
0.480221
-0.605639
2.00752
-1.23553
1.02017
0.907313
0.0922785
0.541483
-1.12095
0.337477
-0.417926
-0.388795
1.33506
0.693381
-1.48483
1.48483
1.71544
-0.83091
1.08468
-0.0244204
1.53611
-1.51169
0.91846
1.02598
0.758907
-2.18699
0.141381
-1.13402
-1.35355
-0.213689
-1.42636
1.64005
-0.38982
-0.123786
0.0684887
1.1196
0.152331
-0.258115
-0.712007
1.47562
-0.763616
-0.172047
0.258319
-0.0195417
-0.199333
0.683251
2.64989
-1.09161
-1.55828
1.61443
-1.47493
1.12696
0.200156
0.0273462
-0.00129561
0.0222219
1.56396
0.551683
1.12905
0.47874
0.0200047
0.187616
-0.207621
-0.332967
0.205799
0.172799
-0.184322
0.0115229
0.154016
-0.206902
0.0528861
0.512736
-0.435729
0.322331
-0.46436
0.488336
-0.280099
0.0203031
-0.0219203
-0.00428639
-0.310701
0.434339
-0.123638
-0.316437
0.287379
0.0290581
2.01474
-1.64621
0.502402
-0.516086
0.0136839
-1.49081
-0.32658
0.255737
-0.98629
1.90475
0.248997
-0.314962
2.18127
-1.42237
0.237458
-0.30073
-0.149245
-0.0680274
-1.33611
0.0315742
1.60536
1.28033
-1.06841
-0.102447
0.139112
-0.0818331
-1.48261
-0.281343
0.275939
0.234799
-0.352842
-0.349344
0.277362
-0.0797879
-1.33428
1.29717
-1.45152
1.47217
-1.15371
-0.461749
0.4106
0.663867
0.370258
-0.383123
-0.0507879
0.0630293
0.336096
-0.399125
-0.342685
1.40748
-0.942219
-1.04447
-2.07643
-0.0735463
0.0697788
0.00376755
-0.00157147
1.43467
-1.4331
1.77751
-1.31401
0.309477
-0.36579
2.13071
-1.01111
0.926139
0.653295
-1.57943
0.218646
0.0278938
0.681764
-0.274516
0.172965
-0.776053
-0.0726171
-1.14531
0.700453
-0.398443
0.202229
-0.147512
0.102702
0.292898
-0.35073
-1.07127
1.56983
-0.833921
0.0418543
0.0571088
0.31778
0.705697
0.153325
0.47863
1.71287
-1.52156
0.288338
-0.346654
1.27471
-1.75204
-0.121365
-0.810221
-0.138158
0.0378163
1.09212
0.241003
-0.0472225
-0.0228425
0.0185004
0.00197858
-0.197995
-0.254142
0.227418
-0.557819
1.66081
-1.2258
1.20138
-0.417718
0.983391
-0.655048
0.0958053
0.0914816
-0.133283
0.237207
0.886871
0.678659
-1.56553
-0.874021
0.531273
-0.324379
-1.77699
-0.643925
-0.0143116
0.0862808
0.157784
-0.244065
1.45428
0.156295
-0.178376
0.192099
-1.79466
1.74722
-0.0839677
-0.353236
1.1549
-0.170084
-0.110773
0.280857
1.79077
-1.14525
-0.904185
2.04087
-1.13669
-0.903269
1.51629
-0.613019
-0.316638
0.144591
-0.36607
-0.00119961
-0.0873796
0.0885792
0.653386
-0.887012
1.33241
-0.445401
-0.260262
0.0667162
-1.4044
-1.94895
0.95659
0.992363
-1.59157
-0.357311
-0.402749
1.0659
-1.96307
0.237586
-0.996801
1.2857
-1.92963
0.306174
0.477514
1.77276
-1.13061
0.122232
0.17463
-0.296862
-0.0223468
-0.185496
0.270423
-0.00726791
-1.30728
1.31455
-0.137166
-0.397803
-0.0543713
0.0988133
-0.044442
1.25088
-0.997352
0.543782
-1.33592
0.792141
0.219
-0.0632627
1.77722
-0.787408
-0.0213598
-0.213022
0.658775
-0.769155
-0.032752
0.164981
-0.204944
0.260158
0.383332
-0.64349
1.5764
-1.86167
0.285267
-0.299813
0.20128
0.0885574
0.300108
0.619625
1.75982
-0.189673
0.135302
1.85838
-1.6623
-1.96599
0.883106
0.774774
-1.99987
1.2251
-1.02899
-0.443934
1.47292
0.928727
0.777006
-1.60034
2.00504
-0.404699
-1.46835
1.32956
0.178867
0.593761
-0.772628
-0.0741567
-0.812245
1.48161
-0.66937
-1.60034
1.15042
0.432109
-0.259291
-0.137843
-1.04091
0.188689
-0.800147
0.0606503
-1.63273
0.814482
0.81825
-0.29988
0.217357
-1.71974
0.625667
1.09407
0.757257
-0.451083
-1.10074
-0.918534
2.02301
-1.24824
1.39651
-0.13992
0.154488
1.6394
-0.66851
-0.698889
1.36389
1.08539
-1.09265
1.77075
-1.2827
1.33299
-1.37009
0.0371
-0.0779723
0.00445844
0.0735139
-0.753659
0.0167727
-1.01382
1.99182
0.374156
-0.115749
0.703028
0.145714
-0.621143
1.5632
1.17693
0.153415
0.510232
-1.53922
-1.01345
-0.935503
-1.65625
-1.36081
-0.776408
-0.856324
1.80621
-1.22917
-0.577042
0.93505
0.0288424
-1.8235
1.64621
-0.362959
0.287971
0.308612
-0.245583
1.37835
0.718729
0.382383
0.130352
1.72201
0.0252065
-0.165285
2.4066
0.691979
0.301227
0.282394
0.948282
0.820224
0.319956
0.894295
0.730645
-1.62494
-0.342135
-1.47809
0.678733
0.27249
-0.15252
0.251334
-0.181906
0.386174
-0.429375
0.309441
0.221122
-0.0529194
0.816466
0.698019
1.54603
-1.34201
-0.204021
-0.161173
0.164921
0.547874
-0.0468534
0.0456537
0.0148586
0.285387
0.542128
-0.610235
-1.54759
0.694308
-0.406679
-0.196987
0.263058
0.0266866
0.347076
-1.48973
-0.0748789
0.0634249
-0.0642261
-0.128411
-0.118876
0.00588891
0.112987
0.0257068
0.584431
0.00173644
-0.040111
-0.305119
-1.26523
-1.04516
0.246668
0.798492
1.64329
-0.394445
-1.24884
-0.929562
1.59149
-0.661931
0.738008
-0.117288
-2.02476
1.12057
-0.152362
1.69499
1.82312
-0.803452
0.0342508
-0.18404
0.149789
0.875239
-0.64905
0.0315454
-1.224
1.53153
1.63743
-0.121084
-1.71398
1.02246
-1.20183
0.0740002
-0.024455
0.0131117
-0.176161
0.163049
-0.258209
-0.187259
0.163371
0.023888
1.99017
0.552053
0.266809
-0.00961819
-0.184648
0.194266
1.57746
-0.828123
-1.63737
1.66621
-0.212803
0.177757
0.153437
-1.00941
-1.04731
-0.740431
1.49223
-0.751797
-1.41711
-0.583046
2.00016
1.79137
-1.62192
-0.169445
0.735191
0.0196765
-1.01338
-0.957044
-1.36131
-0.00877525
0.810627
-2.12041
1.30978
0.224418
-1.81599
-0.226172
1.4031
-0.210472
-0.298597
0.509069
-1.15826
-0.95398
-1.51343
0.31291
-0.437819
-1.58172
-0.0977342
-0.0252265
0.122961
-0.564681
0.414277
0.150404
0.327002
-0.0183896
0.80392
0.688308
0.063327
-0.0406264
0.0921336
-0.0105213
-1.05555
1.09265
-0.00377797
0.183576
-1.05555
1.80667
-0.806966
-0.00594882
0.442094
-0.0972212
-0.947217
1.95287
-1.00565
0.119724
-0.0125766
0.948358
0.621472
-0.298023
1.37364
-0.00555664
0.659191
0.442459
-0.551817
0.109358
2.13313
-1.3225
0.730317
-1.2375
0.0442983
-1.9556
0.731583
-1.4952
-0.20369
0.532721
-0.32903
1.57434
-0.709466
-0.864869
-0.778233
-1.18743
1.96566
-0.00665413
1.4954
-1.53722
0.0418146
0.418559
-1.46596
-0.999378
2.13477
-0.151241
-0.399734
0.550975
0.247742
0.904653
0.669682
0.317129
-0.326871
1.73754
0.790112
2.57203
-1.70994
-1.28822
-2.15764
-2.03829
1.12845
-0.397516
-1.34002
1.65308
-0.29798
-0.995813
0.140599
-0.522437
2.46486
-0.571961
-1.59908
-1.80922
0.0949564
-1.54299
0.766578
1.11939
0.921478
0.933371
0.270679
0.51788
-0.788559
1.08108
0.918891
-1.99997
-0.117813
0.797739
-1.19705
1.77035
-0.573298
0.372403
1.24203
0.408839
-0.00430379
0.366252
-0.88491
-0.45046
-0.500855
-1.75196
1.58668
0.83146
0.859066
1.71296
0.334219
0.104938
1.37246
0.808814
-0.0167365
1.63808
-0.73343
1.59833
-0.946969
0.146677
0.0827121
-1.56532
-0.0562349
2.23237
-2.17614
0.00450077
1.54153
1.51682
-0.785238
-2.37908
0.886649
1.49243
-1.92065
1.14242
0.689741
0.674153
0.0365978
0.177155
-1.37563
0.9518
0.564489
-1.54601
0.0944975
-1.52001
0.262606
1.75196
1.51763
-0.819616
0.103108
-0.0110215
-0.0920862
0.936037
0.702046
0.822331
1.20068
0.611543
0.771769
-1.21005
2.03238
-1.48882
0.0316303
1.69142
-1.66621
1.56012
-0.756197
-1.88814
0.799987
0.606332
1.85853
-0.374512
0.835485
-0.460973
-0.267852
0.293236
0.0551019
0.192422
0.0674613
-1.30763
1.04924
-1.28555
0.454637
0.747947
1.32711
0.896908
-0.5968
-0.208004
-0.197401
-0.46047
-1.36482
0.0630737
-0.98156
-0.959547
1.94111
-2.06505
0.816805
2.28085
-0.852487
-1.42837
1.0083
-0.119029
0.303715
-0.184685
-0.331795
-1.97724
0.789815
-1.91837
0.971156
0.752145
-1.95902
1.20688
1.08539
1.58582
-1.07559
0.179598
-0.113529
0.00605835
0.165832
-0.393586
1.05878
-2.1737
1.11492
-1.04426
-0.669726
-0.703558
0.396541
-0.520327
-0.755266
-1.66777
-0.0496337
0.0025966
-0.328661
0.412936
-1.84935
1.53722
0.312129
1.38735
0.893502
1.26312
0.870004
1.1873
-1.14057
1.19038
1.62148
-2.19616
0.873664
1.4954
0.251243
0.0122733
-1.63737
1.5549
-0.860592
1.05229
-2.76223
-0.00300178
0.118762
-1.67601
0.0019277
-0.70611
0.205894
1.6753
-0.944653
-0.0262312
-1.00203
-0.14655
1.14858
1.14057
-0.0551891
0.00475626
0.0952623
-0.189228
-0.25417
0.210003
0.277901
-0.303113
-0.281152
-0.0301922
-1.89321
0.91165
1.69263
-0.749137
-1.6098
-0.0148507
2.34848
-1.46183
0.394327
1.98216
-0.916255
1.69828
-0.883799
-0.802496
1.61373
-2.07993
0.869876
-0.775615
0.0326141
-1.23434
-0.737744
2.475
-1.42271
1.00812
-1.67785
0.349761
2.3193
-0.550692
1.03347
-0.482779
1.42493
1.67308
-0.91634
-0.756738
-0.733166
-0.165958
0.899124
-1.04921
-1.84935
1.47147
-1.2801
-0.19137
-0.28982
1.11409
-0.824269
-1.49104
0.93769
0.0252797
-0.0155502
0.181551
2.23184
1.97107
-0.816868
0.444864
-1.23762
1.24212
0.0692501
-1.41126
-1.57808
5.0242e-06
1.57807
0.638399
-0.820425
1.13621
-1.56625
2.15149
-0.865791
-1.36726
1.36726
0.645679
0.975803
-0.0784135
0.371051
-0.770974
1.70701
-1.46096
1.46096
-2.27485
-2.01156
1.09302
0.454071
0.155951
-1.59293
-0.768622
0.399295
-0.0803938
-1.6309
0.0379765
0.475728
-1.02209
1.95446
-0.588749
1.57454
-0.985793
-1.53415
-1.5056
1.29191
-0.0893721
0.431272
-0.582512
1.29036
0.765025
0.695051
1.02039
2.13236
-1.26236
0.850651
0.383311
-0.749824
1.75795
-0.805863
0.143909
-0.905217
1.47147
-1.47789
2.48227
-1.60653
0.932876
-2.06956
-0.781562
1.78226
-0.0158604
1.2801
-1.2801
-0.126809
0.568154
0.249333
-0.817487
-1.48847
1.48847
1.89312
-1.0755
-0.81762
-1.46648
1.01482
0.388284
-1.65073
1.65073
1.06658
0.826541
0.0328051
1.9905
0.4089
0.114955
-1.40945
0.0494199
1.80397
-0.428342
2.0205
-1.76497
2.33994
-1.01727
0.897137
-1.14857
-1.2801
-1.5673
1.5673
-1.35149
2.245
2.16948
-1.29581
-1.91353
0.919717
2.09255
-1.15967
-0.96413
0.674309
-1.90735
1.04053
0.866821
0.358252
-1.9416
0.997069
1.53687
0.782424
-1.23762
-1.43678
1.43678
0.0209333
0.12811
1.16837
-1.19038
0.0220077
1.49301
-1.58668
0.0936623
-1.90616
0.975597
0.930562
0.718275
1.28189
0.154231
-1.16837
-1.49301
-1.21053
1.90559
-1.24645
2.11632
1.76609
-0.743632
1.24212
-0.840772
0.93958
1.00486
-0.865627
-0.943976
-1.14941
0.235145
0.732397
-1.62236
1.29387
-1.21448
-0.584999
0.81869
1.14697
1.01778
1.31423
0.465546
-0.110478
0.0227367
-1.30791
-0.961189
2.2691
1.04133
0.725769
-1.27363
-1.20022
2.47385
-2.10339
-0.755322
0.349564
-1.85848
0.78298
-0.650122
0.920119
-1.58042
1.83672
1.03227
-1.8979
-0.591639
0.0314046
-0.748448
1.78977
-0.937082
0.88591
-1.15975
1.88401
-0.724254
1.99904
-0.811734
2.16516
-0.942107
-0.889291
1.92156
-0.798627
0.0643337
0.635352
0.78958
-1.06258
-0.0467137
-1.46014
-1.12066
-0.803273
0.42271
0.13783
-0.103579
-1.93409
0.920643
0.952659
-0.713772
0.946353
-2.10602
-0.96548
-0.0400324
0.515164
-0.949093
-0.991136
-1.16411
1.9828
0.95499
0.927307
0.957187
0.90712
1.32836
-0.498584
-1.09444
-1.21698
-0.992245
2.20922
-0.847849
1.73472
1.13906
-1.07717
0.756953
-0.276732
0.930941
-2.08599
1.15505
0.159848
-0.942369
-0.545238
-1.15704
-0.97151
-1.08731
0.110073
0.378263
-1.06713
-0.866962
0.826386
1.89789
-0.940648
-0.957243
-0.770393
1.91281
-1.00228
0.405967
0.884441
-1.95157
2.39658
-1.07004
-1.32654
1.94461
-0.797636
-0.399168
0.85554
-1.83646
0.98092
-2.32087
0.969372
-1.87353
-1.04236
-0.795514
2.31951
-1.26073
0.322075
-0.020589
-0.00133129
-1.17508
0.949184
-0.671321
-1.2022
-1.25533
-0.847775
1.95236
-1.10458
0.95399
-2.12907
-1.40075
1.00724
-1.89653
-1.88313
1.01764
0.973182
-2.13022
1.01431
-1.25475
-0.149415
1.40417
1.20348
-2.14559
-0.780922
0.319224
1.0533
-1.87092
0.995002
-2.39575
0.724654
1.43803
-1.43188
0.0461549
1.11362
1.11604
0.82857
-2.00674
1.135
0.871744
-0.0878339
0.372598
0.741491
1.11517
0.87197
-1.88464
1.01267
-1.18036
1.73309
0.0887303
-0.902478
1.90971
-0.388597
0.735285
-0.852028
-1.2155
2.06753
1.26002
0.747503
0.107475
-0.200199
-1.18446
1.93413
-0.818092
0.784459
0.975981
-1.76044
1.46378
-2.379
2.45878
-1.60655
-1.06677
1.95121
-1.08635
-0.865218
1.17623
-2.16847
-0.262717
-0.963568
-0.872891
1.07109
-1.83557
0.764474
-1.61723
1.10535
-1.82961
-0.995412
0.0890087
0.196378
0.15876
0.900821
0.829836
-1.7934
-1.18517
0.455175
-0.769044
1.56355
1.08634
-0.917473
-0.996909
0.990746
1.09475
-2.51746
0.950687
1.04835
0.00837923
-1.14717
-0.78246
0.131727
-0.00425601
1.13491
0.847894
-0.774928
1.53995
-0.138238
1.13434
-1.80566
0.915608
-1.85626
-0.783755
-0.759232
0.0427113
-0.521312
0.885585
0.76276
1.0659
-1.82866
-0.799823
-0.914516
-0.202779
0.244602
0.964102
-1.9132
-0.026331
0.556302
0.91662
-0.171431
0.0927243
0.0787065
-0.0193165
0.769668
1.02011
1.96348
2.17892
-1.2718
-0.56218
1.93931
-1.17029
0.619927
1.14477
1.30692
0.108246
1.86811
2.2763
-0.948226
-1.18085
0.0511256
-0.0884051
0.0372795
-1.37542
-0.0929323
-0.147969
0.50109
-0.695269
1.45529
-0.119452
-0.248611
0.0126756
0.235935
0.0815216
-0.0248956
0.0543382
0.0643994
0.858899
0.814705
0.0636917
1.14745
1.57623
-0.781484
0.263394
-0.263779
-0.00365132
-0.00899557
-0.633825
1.64814
0.863687
0.102681
-0.502415
1.98289
1.15302
2.13339
-1.24748
-0.853112
-0.774108
1.88772
0.281141
1.24355
-2.0265
-0.972847
1.18573
-1.80723
0.621495
0.0207235
-0.408765
0.0690861
0.772047
1.78478
-1.35053
-0.434254
-0.124803
-1.36401
-0.109127
-1.09146
0.679596
1.27486
0.0616521
-1.90576
-0.103156
-0.0432129
-0.0763043
0.119517
0.637365
-0.702721
1.14393
-0.441209
1.75145
-0.29854
-1.45291
1.09401
-0.0473432
1.38412
0.931438
1.2226
-0.915134
-1.4633
-0.496989
-0.495809
0.992798
0.130466
1.12295
-0.561036
0.392437
0.168598
2.41247
-1.45748
-1.28427
-1.03282
-0.841939
-0.49593
1.33787
0.0538435
-0.990993
-0.121891
0.430736
-1.62742
1.63939
-1.33722
-0.866601
1.2392
-0.110356
0.0706509
-0.238367
-1.16138
0.458663
-0.744286
0.626472
0.0404805
2.31079
-0.987947
-1.32284
0.760239
-1.07658
1.40384
0.245516
-1.16111
0.915592
0.981098
1.14961
0.0774094
1.6069
-1.10337
-1.07033
-0.0972554
0.0624683
-1.79082
0.130728
-0.0385693
-0.770709
0.0470427
1.44512
0.865673
-0.265238
1.50232
-1.23708
1.03496
-0.652628
0.184952
-1.5385
0.773101
-1.09432
0.321219
1.34085
-1.64749
-0.896437
2.23257
-0.865881
1.8912
0.541172
-0.387736
-0.0547481
0.0547481
0.16205
-1.1594
-1.10289
0.523516
-0.207087
-1.13395
-1.1863
0.165103
1.79816
0.171967
0.179442
-1.10104
1.88402
1.08377
-1.90186
-2.14584
0.964989
-0.0351398
-0.0877615
0.840282
1.24946
0.155076
-0.889251
0.520013
-1.23753
2.18672
-0.126914
0.0539273
1.03877
-0.159152
-0.516825
-1.31968
-0.818393
1.90216
-0.0409266
-1.49387
0.718939
0.0289225
0.914914
-0.146133
0.134687
0.0114456
0.950632
-0.112367
-0.336686
0.131742
-0.0590597
0.0590597
-0.786411
0.405806
-1.68059
0.921361
0.0316356
-0.0348219
-1.2144
-0.0303058
-0.222041
-0.0955949
-0.0524543
-0.403023
1.59719
-0.640006
-0.120905
-0.406148
1.00657
-1.1123
-0.352213
0.0161397
0.336073
-0.0775832
-0.0936071
-0.0775036
-0.418824
0.19546
1.58725
-0.79616
-0.269706
0.786687
1.35067
0.989274
-0.121137
-0.127474
-0.187359
0.963368
-0.225853
1.82921
-0.891021
-2.00807
2.89909
-1.04541
0.50752
-0.0659312
-0.0626972
-0.0769028
-2.44542
-0.0941014
1.08764
-0.156805
-0.930833
-1.57036
0.0954272
1.34155
-0.155123
0.0752464
0.409483
-0.940906
-0.655647
-1.83104
0.0180951
-0.0532349
-0.0940809
-1.26479
0.323889
-1.35154
1.28673
-0.00449469
1.1045
1.25559
-2.36009
-0.106227
-0.193819
0.562198
-0.286533
-0.0736462
-0.840375
0.465863
-1.22683
0.185928
0.476752
0.438741
0.284657
1.02946
1.25414
-2.2836
-0.0855962
-0.560215
1.24145
0.966898
-0.978495
-0.934701
-0.0728925
-0.490116
-0.0576108
0.807024
0.0576278
-0.192643
-0.351653
-0.76147
-0.164307
-0.0623918
0.308471
0.130211
-0.0232055
1.06562
-0.0698067
-0.772362
0.980228
-0.259035
1.35512
0.590214
0.627509
-0.836953
0.0468015
0.964378
-1.73673
-1.13125
2.28807
-0.106246
-0.190198
-0.171479
1.19211
-2.32336
1.35684
-0.880705
0.7342
-0.0824334
0.29608
-0.704567
-0.580981
-0.11988
0.0436899
-0.88127
1.34682
0.470953
-1.31289
-1.48467
0.247589
1.65268
-0.828362
-0.824319
0.617995
0.166633
0.214189
0.460529
-0.674718
-0.992027
0.495038
-1.02601
1.6973
-0.175638
1.37098
-2.41555
1.04457
0.872996
-0.699179
0.00614603
-0.117133
0.707084
-0.151821
-0.43764
1.27855
-0.840914
0.887247
-1.32043
0.433184
-1.0695
-0.879399
1.89534
-0.919743
1.13791
-2.46444
1.21543
-0.556659
-1.29736
1.89216
0.211223
0.181972
1.37738
0.425644
0.85302
-1.27866
-0.406665
0.15235
-0.00328536
-0.961653
-0.890664
-0.779316
1.66998
0.475566
-0.909177
-0.132879
0.00166965
0.131209
-0.386995
1.91103
-1.51332
-1.93804
1.30804
1.31673
-0.00218511
0.596172
-1.58197
0.0294333
-0.175566
-0.0497512
-1.53066
0.440059
-0.577225
-0.549283
-1.25988
-1.75953
0.61236
-1.57163
-0.172694
-0.33346
0.883275
1.06117
0.180389
0.907249
-1.47526
2.57976
1.00798
-1.09268
-0.0216593
0.372976
-0.641453
-0.635831
1.27728
-0.0120876
-0.0683641
2.04864
-0.436057
0.00128412
0.0108083
0.987391
-1.2021
-0.0148996
-1.37421
-1.24464
0.284211
0.358417
-1.22502
-1.03115
1.89797
2.3935
0.127848
-2.44269
1.35108
0.838833
1.02511
-0.592396
0.381924
-2.46033
0.918487
0.40686
0.975547
0.229177
-1.58737
1.83496
0.0353912
-0.0390471
0.00365596
1.23262
-0.987103
-1.13278
0.0276557
0.415835
0.322173
1.5728
0.577244
-0.762113
0.0485048
0.960639
-1.00256
-0.908465
0.614623
-1.28438
0.861013
1.03694
-1.46297
1.55747
-0.987811
-0.973493
1.74663
0.457827
-0.908704
-1.9318
0.958949
-0.0698471
-0.599239
0.29412
0.122892
0.749529
-0.103545
0.00581065
-0.0777868
1.13243
-2.39316
0.9919
-0.444939
0.55959
-1.63518
-0.921709
1.41542
-0.0293918
-1.19461
-1.29024
0.221827
0.107526
1.20586
0.190648
-1.38757
1.48986
-0.102292
0.558218
1.15622
-1.71444
-1.07748
0.461271
-1.04016
-0.374432
1.41459
0.762812
-0.956209
1.10349
1.11041
-0.786526
-1.64169
0.0351341
0.852394
-1.96239
-1.33201
1.02237
-1.59414
0.571765
0.884039
-0.96442
-0.09417
1.05859
-0.330908
0.273961
0.00601865
-0.27998
-0.568844
0.162165
0.0118729
1.70122
-0.953398
1.89796
0.420226
-0.190947
-0.229279
0.154807
-0.0583789
-0.0307958
-0.453328
-0.518195
1.21865
0.309426
-1.13369
-0.920247
1.09478
-0.475885
-0.618895
-0.0362811
-0.0514393
-1.94116
-0.573399
0.820067
-1.14696
-0.188968
-0.980719
-1.29247
1.19047
-0.631032
-1.68959
-0.700228
-0.00785256
0.22592
-0.681343
-1.10096
0.533792
1.72136
-1.12519
-0.758842
0.264942
0.631966
0.739139
1.04312
1.71177
0.692517
-0.989114
-0.89845
0.671268
-0.794163
1.36067
2.32112
-1.29167
0.860343
0.161921
0.32299
-0.337171
0.0141802
0.0166026
-0.00115151
1.03099
-1.34637
-0.810726
1.08611
-0.661163
0.849887
0.228943
-0.0221577
-0.70757
-1.00693
0.226445
0.780485
1.47662
-1.65723
0.180608
-2.10039
0.829597
0.177279
-0.443529
1.18922
-0.630341
-0.0149956
0.00201122
1.34118
-1.2404
-0.100782
-1.18897
0.0975071
-0.345236
-1.13902
-0.0320398
-0.41325
0.44529
0.0654989
-0.136613
0.208102
0.142155
-0.179846
0.611117
-1.46254
-0.421627
1.03784
0.472108
0.197442
-0.019119
-0.588859
1.21925
1.06882
0.949971
-1.38246
-0.0263715
0.0536425
-0.0536425
0.621733
-0.412347
-1.06478
0.7975
-1.43333
-0.0242097
-0.300815
1.0385
-0.021277
-0.312372
-1.00806
1.57974
-2.24239
-0.303763
0.995268
0.199531
0.542919
1.05309
-0.450685
0.347172
0.103512
0.914092
-0.0176748
-0.896417
-1.04388
0.396282
-1.56484
1.16856
-0.16814
-1.0505
1.10098
-0.0504806
0.51275
-1.55291
-0.902045
-0.0790007
-1.03592
-0.0185855
-1.21661
1.21504
-1.36988
1.30876
0.0611131
0.256484
0.284688
0.478955
-1.59961
1.22199
-2.35116
1.12918
0.0202268
0.000473232
-0.278895
-1.11656
0.560822
-1.56147
0.133671
0.926498
1.11399
-2.04049
-0.375297
0.910162
0.105683
-0.0303122
-0.0753709
0.0855767
-0.0855767
1.28259
0.309434
1.22866
1.26955
0.37477
-0.907206
0.066719
0.170847
0.516166
-1.20153
2.11644
-0.121867
1.59849
-1.58484
-0.402147
-0.0953697
0.173532
-0.63708
-0.727077
0.245481
0.481596
-1.22258
1.25184
-0.0292647
0.622599
-1.32717
1.02314
-2.10978
1.08664
1.58196
-0.111751
0.174841
-1.36872
-0.0513345
-0.0916037
-1.10243
1.14673
-1.18561
0.183578
0.97498
0.147871
-0.95279
-0.0190538
-0.399695
-0.0572488
0.324904
-0.0803019
0.853724
0.728235
-0.158092
0.161993
-1.5242
-1.50022
1.5034
-1.47769
-0.910464
1.68747
1.1408
0.774003
-0.0797753
1.25541
0.397676
0.895943
0.169897
-0.0778967
-0.320547
-1.21478
-0.118597
-1.25561
-0.951124
-0.0158111
0.0158111
0.724685
-0.226723
0.91767
-1.80833
0.00571984
-1.88815
0.00220485
-0.00220485
-1.23834
1.47223
-1.03904
-0.00598729
0.00598729
0.40407
1.26395
-0.0165809
0.402209
-0.0155071
0.0155071
0.867328
-0.018821
0.018821
0.0281423
1.27834
-1.30648
-0.176341
-0.0262716
0.0262716
0.21843
-0.0464325
-0.0351486
0.0815811
0.0561195
-1.20983
0.933762
-1.7455
-0.436376
0.0284533
-0.0284533
-1.69122
-0.533711
-0.475019
-0.338607
0.978609
-0.640002
-1.23149
0.0851014
-0.0851014
-0.0240164
-0.0863396
-0.0277647
0.0277647
-0.452972
-0.607966
-0.108524
0.108524
-2.19953
-0.95461
-0.0293083
0.0293083
0.278177
0.916162
-0.104746
0.104746
-0.0276583
0.0276583
-0.429148
-0.105975
0.105975
-0.027852
0.027852
-0.61864
0.797507
-0.114301
0.114301
-0.506659
0.102948
1.46101
-0.766013
-0.0864932
0.0864932
-0.0383844
0.0383844
-1.32379
-0.142281
-0.631887
-0.801444
-0.123091
0.123091
0.647602
0.0840687
-1.43902
1.81537
-1.38463
0.370945
-0.327883
-0.0430624
-0.166077
-1.37242
0.05202
-1.0041
1.27091
0.529638
0.24564
-1.95099
0.93988
-0.0267271
-0.301745
0.328472
0.0327748
-0.0327748
0.00839873
0.0443362
-1.23894
-0.0194888
-0.41833
0.150764
-0.136788
0.136788
-0.129653
0.129653
-0.11797
0.11797
-0.104299
0.104299
-0.105205
0.105205
1.06091
0.20864
-0.0970025
0.0970025
0.0508422
-0.0508422
0.0440254
-0.0365009
0.0365009
0.220157
-0.079114
-1.26142
1.18493
-2.05072
0.7013
0.938747
-0.0323928
0.0323928
-0.040567
0.040567
-0.017804
0.017804
0.424442
-0.411795
0.245974
-0.00884857
-0.00757501
0.00757501
-1.29333
0.0266485
-0.0266485
0.627079
1.34174
-0.544495
-0.313214
0.770207
0.00379646
-0.00379646
-0.03221
0.03221
0.0128827
-0.0128827
-1.48732
0.708007
0.329341
-0.269977
-0.0593638
-0.00199565
-1.27494
0.162647
-0.0338921
0.0338921
-0.246143
1.29333
0.143444
-1.14768
0.014214
-0.014214
-1.20333
-0.0352945
0.0352945
1.96334
-1.72614
-0.00844721
0.00844721
-0.0347563
0.0347563
0.0751064
-0.0751064
0.932335
-1.88282
-0.0151509
0.0151509
-0.0352296
0.0352296
-0.512813
0.907872
-0.395059
0.985825
-1.79279
-0.650736
-0.409117
1.05985
-1.3514
-0.0598599
0.652899
0.995241
0.0184261
-0.0184261
0.0646387
-0.0646387
-0.0284766
0.0284766
0.8677
-1.65511
0.855016
-2.05655
-1.41967
1.41967
0.745626
-1.3319
-0.326615
0.0396724
1.41931
0.0204217
-0.0204217
-0.0367916
0.0367916
-0.962242
-0.486797
0.0186853
-0.0186853
-0.0405014
0.0405014
0.549629
-0.599035
-0.218745
0.397192
-0.0422196
0.0422196
0.0168581
-0.0168581
-1.52212
0.760649
-1.80836
0.731782
0.00830487
-0.00830487
-0.119166
0.0243361
-0.0478386
0.0478386
0.0179494
-0.0179494
-0.037274
0.037274
0.0126299
-0.0126299
-1.22607
1.00182
-1.29088
-0.0167526
0.89983
-1.67054
-0.0355811
0.0355811
0.0173833
-0.0173833
-0.0564584
0.0564584
0.0727007
-0.285723
0.524779
0.00955691
-0.00955691
0.459327
-0.554662
-0.0376443
0.0376443
0.0642637
0.175527
1.65368
0.112825
-0.923045
0.0157075
-0.0157075
-0.0387835
0.0387835
-1.3665
1.31675
-0.70763
-0.728216
1.43585
-1.39789
-1.15339
0.759088
0.0563695
-0.329053
0.272684
0.021842
-0.021842
0.00629365
-0.00629365
-0.0353483
0.0353483
0.584942
0.311018
0.221703
0.107961
-0.611858
0.503898
-0.409397
0.503633
-0.0623523
0.175173
-0.11282
0.0592981
-0.0592981
-1.41361
1.41361
-0.0350303
0.0350303
0.485438
-0.403978
-0.399614
0.0604421
-1.10431
-0.0345156
0.0345156
0.061044
-0.061044
-0.149706
-0.0489701
-0.992444
1.57302
-0.0321859
-1.1993
0.786835
0.0425967
-0.0425967
-0.129245
0.039367
-0.039367
1.51067
0.479493
-0.576604
-0.227041
-0.559953
0.411984
0.379244
-0.436854
-0.0788281
-0.227285
0.158645
0.0686399
-1.90668
1.12422
0.045576
-0.045576
0.324244
0.745662
-0.0422068
0.0422068
-0.730256
0.79459
-0.994637
-0.103896
0.00556175
-1.23163
0.0462236
-0.0462236
-0.0428247
0.0428247
-0.04285
0.04285
-0.048996
0.048996
-0.04474
0.04474
-0.0464096
0.0464096
-0.0444239
0.0444239
0.245745
-0.194342
0.045097
-0.0449951
0.0449951
0.837966
0.0526452
-0.0526452
-0.467555
0.481239
0.2475
0.0411984
-0.0411984
0.942232
-1.79008
0.502511
0.0317739
-0.0304898
-0.0924814
-0.329397
0.421878
0.0352908
-0.0352908
0.628726
0.0273033
-0.0273033
-0.13178
0.0192057
-0.0192057
1.36988
0.86884
-0.0258076
0.00839745
-0.00839745
0.219247
0.7113
0.469929
-0.454124
-0.0158045
0.00859315
-0.00859315
-0.106347
-1.05306
0.0962256
-0.241857
-0.0250427
-0.0262918
-0.914705
-0.0822046
0.864813
-0.346932
0.496245
0.0827494
-1.13217
-1.10777
0.0394963
0.463835
0.018036
0.0132697
0.827092
0.29618
0.0310962
-0.168074
1.16296
1.1567
0.0613278
-1.21803
0.904047
-0.374409
0.223764
0.896214
-0.831888
-0.0643266
0.424365
-0.0032648
0.0360699
-1.35177
0.936095
0.415677
-1.46522
0.868626
-0.998204
-1.5822
-0.0697945
1.65199
1.37853
-1.39216
-0.936221
-0.917122
-0.976182
-1.3699
0.0235292
0.0655023
-0.0655023
0.124655
-0.278439
0.612658
0.363681
-0.137639
0.401033
-0.0110299
0.0110299
-0.143929
-0.798649
-0.106569
-1.0146
0.670518
0.19681
0.273756
-0.332762
0.701156
-1.48264
-0.251998
-0.0245645
0.655219
-0.522773
-0.584999
-0.809172
-0.249743
-0.485316
-0.081313
1.90483
1.30329
-0.024958
0.0178885
-0.420544
-1.46503
0.588236
-0.134165
-1.0686
1.72104
1.35843
-0.127947
-0.12167
-1.61965
-1.27732
0.212534
0.342039
-0.0110567
2.52328
-1.53401
-0.0015329
-0.0206248
1.31141
0.366288
-0.471996
0.114003
-1.07774
-1.20098
0.7024
-0.448883
-0.863567
-0.526812
-0.656692
-0.0472717
0.0472717
0.00872733
-0.00872733
-1.0186
0.384612
-0.592882
0.20827
-0.576124
1.20044
-0.7093
-0.801037
0.293444
-0.59204
-0.981082
0.213537
-0.253569
0.557114
-1.6862
1.57739
0.108811
-1.13201
1.03784
1.03095
-0.452785
-0.57816
-1.10436
-0.135124
0.0257856
0.974576
-1.02238
1.95614
1.1803
-0.404842
1.16765
-0.299692
0.237282
1.16042
-0.454718
-1.07898
1.07898
-1.27817
0.214306
-0.115602
-0.098704
0.659286
-0.187137
-0.487069
0.297396
-1.48851
1.53033
-0.46271
0.109474
0.839965
-0.950557
0.110592
-1.73469
-0.395511
0.125265
0.145157
0.981082
0.724705
-1.32
0.595297
0.306541
-0.000839337
0.304347
1.07591
-1.38025
0.837123
0.112226
-0.567595
0.0822791
0.297803
-0.153213
0.177482
0.000275152
-0.279604
-0.141597
-1.24648
0.412042
1.87567
-1.31348
0.321121
0.0302902
-0.462206
0.431916
0.232962
-0.669229
0.436267
0.272194
0.0570544
-0.0570544
-0.179819
0.618162
0.656536
1.1494
-1.1494
0.275682
0.0280129
0.22285
-0.48802
1.0397
-0.114229
0.524829
0.32008
-0.1188
2.32004
-0.985595
-1.08004
0.164906
-0.0640806
-0.288338
0.352419
0.255687
-0.460254
-0.491892
0.00895311
-1.1613
0.0136192
1.16153
-0.655011
1.15704
-0.502029
0.30512
-0.0877628
0.953999
-0.125089
0.0300643
0.83758
-1.90791
1.01757
0.866828
0.15074
0.987711
-1.00167
-0.153656
-0.0328892
-0.219109
1.01736
-0.880347
-0.137009
-0.488468
0.229178
-0.15235
-1.77159
0.526499
-0.178358
0.363697
-0.0897362
-1.28351
2.20199
0.00414688
-0.0847578
0.0837579
0.807189
-0.824864
-0.0352327
0.0352327
-1.49158
0.370926
-0.0829557
2.02246
-0.420935
0.641299
-0.101196
0.0584339
0.00489309
0.451467
-0.00460626
0.110236
-0.0617958
0.257488
0.079549
-0.524158
0.444609
0.0246857
-0.0246857
0.0736805
-0.0736805
-0.795734
1.78156
0.894745
-2.09497
-0.0188945
0.0188945
1.00167
-0.475501
0.37828
-0.169209
-0.724921
0.89413
-0.434649
-0.120305
-0.340387
-0.644106
0.259919
0.257238
0.418009
0.633815
-0.413961
0.836671
-0.00888218
0.00888218
-1.38178
1.77946
-0.107041
0.107041
0.00219329
-0.121061
0.423596
-0.302536
-1.0845
-0.134572
-0.361189
-1.07412
0.143284
0.513781
-0.253623
0.43672
0.441676
-0.183644
-0.229465
-0.189359
-0.290165
0.438059
-0.147894
0.712935
-1.31827
0.147986
1.72297
-0.759601
-0.260741
-0.167262
0.428003
-0.159503
0.599562
0.00638549
0.0646105
-0.070996
-1.27394
-0.213597
0.18837
0.621258
0.0735858
-0.0267843
-0.830339
0.0202553
0.0486017
0.401629
-0.598616
0.154331
-0.00236656
-0.1168
-2.13091
-0.962982
1.36733
0.23116
0.00436557
-0.00436557
-0.137183
-0.891818
-0.0312271
-0.0802763
0.839125
-1.41242
-0.0405124
0.179374
-0.138861
-0.0543238
0.0543238
1.977
-0.488007
-1.48899
-0.125196
0.310799
-0.77961
0.377463
0.15751
-0.0555095
0.214985
-0.0973285
0.265765
-1.35027
-0.802044
-0.0837291
-1.05863
-0.121025
1.73951
0.0698101
-0.0341735
-0.0356366
0.301479
0.341378
0.436097
0.999078
-1.79481
0.273755
-0.207038
-0.247643
-1.29247
0.724379
0.494269
0.0956945
-0.0956945
0.784033
0.274557
-0.442601
-0.259945
0.131734
-0.127333
1.18824
-0.183674
-0.543404
-0.297404
1.39068
-0.821753
1.65933
2.32337
-0.156234
0.180404
0.2826
1.82991
-1.2024
-1.17149
1.38914
-1.58421
-1.60701
-0.0684566
-0.324728
0.0515196
0.273208
1.43395
-0.100493
0.064601
-0.961018
-0.0179681
-0.123373
0.361798
-0.110555
-1.53723
0.164805
0.806521
-0.120009
-0.82236
0.150537
2.11036
-1.12926
0.608429
-0.913578
0.308171
0.0648049
1.6504
0.0925816
-0.329617
-0.366547
0.0347518
0.548609
-0.48634
0.121463
0.436082
0.879884
-0.130417
-0.228681
0.359098
1.10526
0.682262
1.55011
0.465796
-0.0586548
-0.129245
-0.0921869
-0.237208
0.329395
0.266001
-1.30877
-1.04239
0.00581065
-0.101764
0.43786
1.08721
-0.553417
-1.01866
0.00732971
-0.0376338
0.170303
-0.471538
1.22191
-0.090589
0.111522
0.282107
0.493501
-0.70601
0.645681
-0.4002
-0.313831
-0.0943309
0.408162
-0.939534
-1.10095
0.105767
0.0150621
-0.0324444
0.0346377
0.922834
-1.63668
0.713842
0.378994
0.177547
-0.556541
0.516307
-0.584335
-0.961372
1.23386
-0.0955347
-0.0233411
-0.0416883
-0.343728
-0.116742
0.363968
0.348259
-0.415826
-0.236061
-0.0698237
0.305885
1.20891
0.155219
-0.155219
0.61016
-0.0955907
-1.48925
-0.0976358
-0.239535
0.695755
-0.417578
-0.145236
-0.375091
-0.0119873
0.0119873
-0.212138
-0.13276
0.344898
-0.409399
0.316419
-0.0095198
-0.115211
-0.278375
0.470107
-0.875845
-0.611585
1.24279
-1.50551
0.102522
-1.04842
-1.19349
1.91826
-1.39474
-0.145221
-0.326317
-0.263589
-0.307627
-0.684513
1.31833
-0.21082
-0.371692
-0.232272
-0.227164
0.459436
-0.247757
0.425036
-1.12727
0.941838
-1.96049
-0.333479
0.397879
0.00197858
-0.482199
0.21789
0.620943
-0.851957
-0.104645
-0.145916
-0.190131
0.336047
-0.153735
0.688137
0.389267
-0.2588
0.440031
-0.151348
1.01347
0.000688618
-0.426735
0.90977
-0.483035
-0.178838
0.502726
-0.323888
-0.00273385
-0.254248
0.000106513
0.654439
-1.41655
-0.540939
-0.443478
0.725584
0.258951
-0.222865
-0.036086
1.03928
-1.03928
-0.00154364
-0.0531708
0.0979607
0.230511
1.2174
0.105745
-0.0698459
-0.0358991
0.175912
1.66022
-0.792523
-0.719592
-0.022685
0.372445
1.42571
-0.617198
1.61628
0.00165003
0.996525
0.894676
-1.59073
-0.162738
-0.0232854
-0.0528409
0.0761263
0.202675
-0.00122846
-0.386737
0.27493
-0.000193727
-0.144278
-0.109213
-0.0342375
0.0342375
-0.199805
-0.19717
0.396975
0.202247
-0.243174
1.32118
-0.00832591
0.00206326
-0.929181
-0.224894
0.194589
0.27731
-0.370917
0.207713
-0.76155
1.62399
-0.10003
-0.424838
-0.567189
0.339136
-0.241175
-0.3745
-0.00705488
0.0431247
0.242423
-2.0777
0.540274
0.701179
-0.294215
0.228284
-0.0919619
0.0335829
0.533629
-0.158323
0.371834
0.48063
-0.852464
0.00185869
0.0386218
-0.399332
1.32069
-0.830713
-0.417805
0.995049
0.497981
-0.329383
-0.213057
0.25273
0.732518
-0.510605
-0.84871
1.49998
0.412785
-0.592631
0.0541516
-0.141913
-0.0323488
0.309535
0.324795
-0.420544
1.41017
0.914205
0.832426
0.0545972
0.784577
-0.498398
-0.28618
0.30112
0.264174
1.71592
-1.2792
0.316686
-0.390333
0.777989
1.00357
-0.430046
-1.31516
0.121674
-0.00372605
0.204922
0.217891
0.0112858
0.133603
0.0139761
0.59919
0.00713513
0.0116829
0.0136713
0.0238207
-0.000905948
-1.3778
1.98724
-0.397488
0.0184494
-0.482376
1.0432
1.2765
-2.05703
0.780533
0.00012087
0.0307939
0.0145888
-0.0663167
-0.146741
-0.00287331
0.00287331
0.129029
-0.0363052
-0.963875
1.58647
-0.0531708
-0.240082
0.721678
0.010229
-0.699697
-0.437329
0.340074
0.278724
0.0113715
-0.786483
-0.267988
-0.00556151
-1.32168
0.0260403
-0.264407
0.00908627
-1.31814
0.265084
0.216074
-0.347331
0.822272
-1.60875
-1.10506
0.236909
-0.147608
0.147608
-0.00168213
-0.0513226
0.0137965
-0.150813
0.155823
0.0247073
1.8031
0.461374
-1.1219
1.85644
-0.00140236
0.322754
-0.061116
-1.14872
-0.0524815
0.00604899
-0.122624
-0.067859
-0.331836
-0.133254
0.015579
0.0478459
-0.0819511
-1.15699
0.821271
0.000538168
0.0926085
-0.213746
0.929328
1.6397
-0.869492
1.12263
-1.11707
0.615118
0.284006
0.377273
0.444971
0.356469
-0.242495
0.221218
1.37914
0.0148581
-0.647034
-0.534537
0.156597
-0.182969
1.24267
-0.121838
0.503762
0.377906
-0.409945
0.20373
-0.328926
2.21833
0.102275
-0.320135
-0.00774784
-0.000142335
0.540168
-0.553181
0.013013
-1.13239
-0.77702
-0.98814
0.112122
-0.0706547
-0.0414672
0.453249
-0.848308
-0.0307581
-0.81859
-1.94586
-0.0104703
0.499919
-0.82858
0.127004
-0.00171814
-0.00182718
-1.28125
-0.000681241
0.355296
-0.471045
-1.13511
-0.644992
0.519903
1.5662
0.55091
-1.10433
0.620832
0.739837
-0.491289
0.11451
-0.0351018
-0.0158083
1.42813
-0.492038
-0.94269
0.331151
-0.285449
-1.22655
-0.330938
0.27162
-0.195632
0.340789
0.00169291
0.00475343
0.884447
0.836914
0.587329
0.644403
-0.810166
-0.672475
-1.12149
-0.753805
0.948712
-0.396787
-0.323824
-0.25049
-0.299129
0.56088
-1.09877
-1.60896
0.00239247
-0.284494
0.344972
-0.0604777
-1.34608
-0.959369
0.00613448
1.45875
0.0034352
-0.405683
-1.41941
-0.42347
-0.0306546
-0.299225
0.390605
-0.543224
0.152619
0.482177
0.000318076
0.173343
0.470941
-0.112502
1.86678
-1.63582
-0.614332
0.226316
-1.37697
-0.00548771
0.122866
-0.0708457
0.141087
0.958804
0.0914752
0.430316
-0.32207
-0.0565062
1.49644
-0.875607
0.00808109
-0.786393
0.0939574
-0.0101731
-0.0837843
1.63366
-0.811391
-0.618823
-0.38719
-0.13391
0.521099
-0.509978
0.215033
-0.658511
0.00297934
-0.00283984
0.394868
-0.540104
1.19531
0.479467
0.00281592
-0.160985
-0.484007
1.71451
-0.914521
-0.368329
0.115979
0.000647602
0.722868
-0.0297633
0.329711
-0.344707
1.3908
-0.616169
-0.326239
0.423656
-0.0974168
0.13522
0.475897
-0.665776
-0.491833
-2.52542e-05
-1.09668
0.65408
0.398307
-0.337676
-0.00502519
0.682991
0.694149
-1.37714
0.00198576
-0.337461
0.24498
-0.000571257
-0.145165
-0.43206
-0.381212
-0.380517
-0.51941
0.287138
-0.04058
-0.00590769
-1.35344
0.310018
0.648907
0.540309
-0.00798743
0.0606827
-0.682071
0.601925
-0.00809762
-1.10331
-0.206379
-0.501419
0.434488
-0.598793
-0.000369538
-0.47104
0.144723
-0.706122
1.30142
2.46804
-2.00677
0.0572791
0.781992
-0.763956
0.873475
0.0790495
0.107429
-0.144702
1.17814
0.304686
-0.353656
-0.0194216
0.357567
0.868106
0.728997
-1.06447
-1.10055
1.10407
0.443441
-0.512315
-1.25197
-0.35241
-0.0888602
1.66625
1.06694
-0.586306
0.0185004
0.352589
-0.34657
-0.432375
-0.0502167
-0.062168
0.633465
0.135961
-0.590279
0.454318
-0.112173
-1.1803
-1.3241
0.112313
0.0231498
-0.555656
0.508618
-1.26817
-0.426803
1.24801
-1.54599
-0.151965
0.921401
-0.582327
-0.339074
0.102022
0.00372272
0.369202
0.0742385
-0.108881
0.472562
-0.173175
-0.0404222
1.25846
1.16082
0.242771
-1.13921
-0.0143116
0.0688992
-0.0218566
-1.02632
-1.07865
-0.163938
0.0799805
-0.0782624
0.73767
-0.0571437
-0.218529
0.275673
0.243629
-0.0653426
-0.259385
0.171484
1.27275
0.689223
0.1186
-0.0104473
-1.82637
-0.0995246
0.111798
0.0691571
0.48304
-1.00126
-0.265702
-0.0200212
-0.300204
0.308329
-0.00812542
-1.26124
0.724117
-1.45464
1.93139
-0.0019978
0.00162826
0.708935
0.928493
0.858179
0.00157728
-0.161181
0.179631
0.216405
-0.0896541
0.101026
-0.706837
-0.631345
-0.377023
-0.161126
0.342677
0.472997
0.323724
-0.419319
-0.0628468
0.0644968
-0.521627
0.307443
-0.091548
0.516907
0.507209
-0.0497801
0.0497801
-0.00339419
0.256742
-0.249607
-1.06601
0.0983205
-0.73041
0.00978266
0.138191
0.337537
1.04753
-0.136198
0.18806
-0.21639
0.0283304
0.49117
-0.408891
0.343598
0.0535316
0.0628077
0.204534
-0.30049
-0.0529981
0.176392
-0.2022
-0.573301
-0.0554163
0.36286
-0.509457
-1.66668
-1.23525
2.3582
0.240422
-0.353951
1.63614
0.484662
-0.105418
-1.25881
0.223321
-1.16863
1.54909
-0.38046
0.0179347
-0.0179347
-0.0554988
0.0262061
0.0292927
0.283668
-0.0865372
-0.197131
-0.236313
0.287832
-0.0587486
-0.315195
-0.0508744
-1.56154
1.3859
0.433377
0.629072
-1.38867
-0.042776
0.326755
-0.399543
0.462986
-0.191143
-0.000154849
0.264409
-0.123322
-0.355175
0.436697
-0.00243579
0.0614955
0.43095
-0.376612
-0.513615
0.275323
-0.36092
-0.673744
1.32896
-1.30355
-0.137238
-0.354051
-0.37537
0.247896
0.456793
-0.163349
0.84114
0.00683991
-0.204257
0.643425
1.70147
0.293755
-0.779403
0.226316
-0.261138
1.63155
-0.939031
-0.316529
-0.0698658
0.132334
0.223967
-0.300869
-0.084205
0.0195146
0.116183
-0.934773
-0.970246
1.88268
-1.05025
-0.00436176
0.339113
-0.0675185
-0.0175829
-0.0681726
1.13934
-1.07116
0.259698
0.315457
-0.0063874
-0.0468474
-0.361394
0.299002
1.8827
0.226079
-0.32016
0.197733
-0.318638
-0.437361
-0.161674
-0.0675185
-0.0439207
0.0475766
1.24959
0.0223383
-0.076803
0.106498
0.0711011
0.00515779
0.0681016
-0.0681016
-0.321191
-0.0782052
-0.109834
-0.670592
1.49768
0.0602742
0.0152487
0.0385948
-0.0519135
-0.404066
0.309965
0.17513
-0.0283164
1.88105
-1.01221
0.0461959
-0.0358358
-0.377414
0.0236763
-0.00402374
-0.892907
-1.06759
0.480695
-0.710141
-0.706411
0.0584465
0.247438
-0.409259
0.993689
0.0189419
0.0272594
0.0358798
-1.57504
-0.0189419
-0.936632
-0.534947
0.151719
-0.0855104
0.0278055
0.348977
-1.31063
-0.589585
-0.305769
-0.0931079
-0.101462
0.0678186
0.375269
-0.0201473
-0.570614
0.112446
0.232452
-0.187928
-0.0293126
-0.0612427
-0.0733623
-0.843186
0.142726
0.193321
0.36082
-0.463976
1.10188
-0.749569
0.212859
0.250127
0.678224
0.403917
0.307383
0.000957478
-1.53625
1.42408
0.877023
-0.301139
-0.575884
-0.244429
0.0215638
0.0435379
-0.265579
-0.122786
0.338911
0.0481784
0.798426
-0.906371
-0.468445
0.345659
0.0580484
-0.0223311
-0.133205
-1.10561
0.144548
-0.168757
0.00395891
-0.0504293
0.0464704
0.00841261
-0.0324185
0.0324185
0.644584
-0.87268
0.147759
-0.00899042
0.00899042
-0.536551
-0.277406
0.125584
-0.412064
-0.177494
0.846511
-0.410244
0.424051
-0.097745
0.13606
0.171515
-0.0283164
1.15825
-0.430118
0.188943
-0.0694454
-0.487096
-0.158543
0.576552
-1.48397
-0.59373
0.328431
-0.10097
0.179676
0.203048
-0.555966
-0.130791
0.0233393
-2.4823
-0.836069
-0.0366459
-0.363641
-0.387083
0.972025
0.0146928
0.0900882
0.0245089
0.57224
0.159909
-0.179028
-0.0245089
-0.0232495
-0.168551
-0.087077
-0.901572
-0.115929
-0.708935
0.783227
0.256476
-0.00397996
0.362228
0.627536
-1.7568
0.00203945
-0.120541
0.156232
-0.0891946
-0.0967907
1.65282
-1.12871
-0.378928
0.0204971
-0.0474931
1.39762
-0.0534108
0.943943
-0.86295
1.63695
-0.011313
-0.814069
0.674957
0.0155229
0.267391
-0.063839
0.0974709
-0.632936
0.422115
-0.62665
0.467146
-0.498066
-0.0810188
0.844231
-0.302196
-0.113631
-0.00655257
-0.136936
-0.245295
-0.0117429
0.368239
0.159574
-0.515833
0.356259
0.084067
0.0182359
-0.119611
1.0379
-0.872996
1.03889
0.042704
-0.0182359
1.64384
-0.48458
0.155183
-0.0420887
-1.0903
-1.67514
0.024667
-0.0586895
0.551644
-0.538631
-1.08111
0.125666
-0.0702484
0.628817
-0.805469
1.25087
0.132809
0.00948511
-0.12979
-0.911928
1.06042
-0.113605
-0.0516914
-0.161381
-1.10204
-0.0393601
-0.0891257
0.0327621
0.00911098
-0.649173
1.37329
-0.0352823
-0.229533
-0.947052
-0.00615381
0.264992
0.0433374
-0.0930429
-0.0906577
0.776749
1.69355
0.508892
-0.293177
0.0794308
1.44376
-0.559316
0.0772167
1.14537
0.470906
-0.389695
-0.48205
0.368445
-0.00391553
0.0714536
-0.182379
-0.08738
0.140075
-0.123473
0.202241
-0.00513008
-0.0164504
-0.242585
0.145185
0.65445
-0.0359587
-0.16944
0.345551
-0.603971
0.454266
0.360839
1.8642
0.00953361
0.237982
-0.310875
-0.0121602
0.123297
-0.269975
-0.123902
-0.0687222
-0.0230597
-1.42591
0.0724701
0.401802
0.127546
0.29749
-1.52506
-0.44046
0.817649
-0.341137
-0.476512
-0.0147591
1.23216
0.432745
0.0160314
-0.153653
0.0931738
-0.508327
-0.405252
1.585
-0.0399618
-0.163402
-0.0155229
-0.00916283
0.0507852
0.0359587
0.816921
-0.454336
-0.922804
-0.128228
0.0456307
-0.0796185
0.166004
0.230971
-0.0211366
-0.254294
0.218208
-0.253433
0.323865
-0.437495
0.652246
0.603081
0.0088042
0.179068
0.638879
-0.656159
-0.359325
0.22612
0.868005
-0.751594
-0.109354
-0.413784
-0.244727
0.163903
0.221961
0.0134031
-0.863687
0.795514
0.404774
-0.800285
-0.00557228
0.00557228
-0.644358
-0.749582
-0.430113
0.0547425
-0.198371
-0.173691
1.46364
-1.28995
0.0593853
-0.060929
-0.619443
-1.16547
0.486295
-0.108016
0.634809
0.00803562
-0.392115
-0.0670455
-0.359998
0.262253
0.124936
-0.114707
-0.211271
0.144472
-0.0387662
0.10303
-1.46934
0.152386
-0.552585
0.0147356
0.361219
-0.365523
0.212595
-0.248616
0.260299
-0.9268
-0.313823
-0.0896604
0.0872246
0.236843
-0.21149
0.348957
0.121975
-0.418228
-0.067565
1.458
-0.813421
-1.13749
-1.18467
-0.16148
-0.976919
1.1384
-0.0349111
-0.00566894
-0.188665
-0.797959
0.21851
0.159955
-0.00562446
0.0720334
-0.0734357
-0.169084
-0.386881
-0.490994
0.028873
-0.0268336
0.690987
-0.211519
0.327974
0.444538
-0.983985
-0.167382
-0.303657
-0.42968
0.769625
-2.35613
-0.218732
-0.19633
0.0514134
0.443414
-0.0158889
0.311555
-0.480864
1.86788
-0.752962
-0.0979247
-0.0579346
-0.729745
0.299699
1.0667
1.33805
-1.55858
0.0931391
-0.359266
-0.0251847
-1.33159
-0.157407
1.58595
0.0694694
-0.0664901
0.275055
-0.046771
-0.170515
-1.25607
0.443338
0.137546
-0.37478
1.68901
-0.23967
-0.0634427
0.0300973
-0.0593243
-0.14458
-0.71435
0.0773051
-0.350682
0.0204971
-1.29629
0.0170853
-0.0762589
0.0769065
-0.214976
0.00904088
-0.0233265
0.275596
-1.3963
-0.219065
1.04588
0.0178163
-0.730957
-0.370119
-0.272846
-0.610555
0.350392
-0.00781934
-0.00374232
-0.0967504
0.580316
0.0603988
-1.4798
0.323853
-0.338298
0.531469
-0.225599
0.239271
0.438181
-0.87442
-0.0614955
-0.00602297
0.845502
-0.105845
1.25121
-0.0712458
0.126348
0.897509
1.24864
-1.27841
0.00591178
0.550632
-0.180049
0.169579
-0.125932
0.0767339
-0.078416
0.120257
-0.106987
0.0491934
0.111132
0.922196
0.100012
0.159318
-1.13624
0.0626169
0.467556
-0.273009
-0.194546
0.400758
-1.32383
-0.00513008
0.0810296
-0.145635
0.144407
0.464369
-0.0914371
0.00386034
-1.10506
1.07594
0.472472
-0.245448
-1.50413
0.280065
-0.0310364
0.0867863
0.111256
-0.93974
-0.130339
1.07008
0.0425549
-0.18645
0.142312
-0.0389305
0.030943
-0.050238
1.35171
-0.131999
-0.108047
0.083447
-0.273948
0.168387
-0.109047
-0.0346998
0.0754229
-0.024237
-0.223513
-0.824908
-0.295087
0.00111093
-1.43197
0.0154727
0.0490241
-0.046689
0.145913
-0.0037354
-0.00526017
-0.198549
0.132722
-0.782379
-0.0711841
-0.0334611
-0.739181
-0.359685
0.0340526
0.520737
-0.376015
-1.4677
2.10219
0.401194
0.0869959
1.12234
-0.0117356
-0.369374
-0.53081
0.245071
-0.230891
-0.0610736
0.114601
0.842099
0.376195
-0.549981
-0.324503
-0.154397
0.997824
-0.421775
-0.0691741
0.0328689
0.197551
1.48679
-0.116175
0.373524
-1.47448
-0.24613
0.0127642
-0.148811
-0.633569
0.0723201
-1.10009
0.352946
-0.944854
-0.402554
-0.0082369
-0.519152
-0.296315
0.0858394
-0.461854
0.456177
-0.614073
-0.302279
-0.0886487
-0.36754
-0.189701
0.309573
-0.2096
1.10796
0.0156425
-1.3255
-0.482133
0.636363
0.0436812
0.0839614
-0.517518
-0.553641
-0.426181
0.432655
0.139681
0.0232795
-0.127745
-1.43642
0.0720617
0.540383
-0.184124
0.674546
0.271521
0.951215
0.881261
0.268433
-0.0421174
-0.25175
0.00579821
-0.608951
0.438436
-0.11301
0.191104
0.0481669
-0.0987637
0.476895
-0.116056
0.0826704
0.532419
0.103872
-0.642504
0.294281
0.0159357
-1.04225
-0.130468
-0.238324
0.583125
0.136524
-0.086506
-0.0225409
0.0845203
-0.00564336
0.0227287
-1.53036
0.0881074
-0.099323
0.95568
-0.0442586
-0.00597837
0.732902
-0.13459
0.124828
-0.112651
-1.12918
-0.055958
-0.091339
-0.17077
0.1983
0.0909233
0.0488304
0.0720364
1.46623
-0.534589
-0.430717
-0.369147
0.30114
-0.0537015
-0.983432
0.366139
-0.000415624
-0.659627
0.107905
-0.290559
0.53704
-0.0221656
-0.412355
0.672274
-1.19618
0.221191
-0.87753
-0.686112
)
;

boundaryField
{
    SideWalls
    {
        type            empty;
        value           nonuniform List<scalar> 0();
    }
    Top
    {
        type            calculated;
        value           uniform 0;
    }
    Inlet
    {
        type            calculated;
        value           nonuniform List<scalar> 
18
(
-1.94444
-1.94444
-1.94444
-1.94444
-1.94444
-1.94444
-1.94444
-1.94444
-1.94444
-1.94444
-1.94444
-1.94444
-1.94444
-1.94444
-1.94444
-1.94444
-1.94444
-1.94444
)
;
    }
    Bottom
    {
        type            calculated;
        value           uniform 0;
    }
    Outlet
    {
        type            calculated;
        value           nonuniform List<scalar> 
18
(
2.06543
1.98669
2.01927
1.96997
2.00027
1.95784
1.94023
2.02949
2.05882
2.07943
2.01049
1.93695
2.00826
1.94634
1.8933
1.60966
1.93768
1.54989
)
;
    }
    Plate
    {
        type            calculated;
        value           uniform 0;
    }
}


// ************************************************************************* //
