/*--------------------------------*- C++ -*----------------------------------*\
| =========                 |                                                 |
| \\      /  F ield         | OpenFOAM: The Open Source CFD Toolbox           |
|  \\    /   O peration     | Version:  2306                                  |
|   \\  /    A nd           | Website:  www.openfoam.com                      |
|    \\/     M anipulation  |                                                 |
\*---------------------------------------------------------------------------*/
FoamFile
{
    version     2.0;
    format      ascii;
    arch        "LSB;label=32;scalar=64";
    class       volScalarField;
    location    "2.9";
    object      p;
}
// * * * * * * * * * * * * * * * * * * * * * * * * * * * * * * * * * * * * * //

dimensions      [0 2 -2 0 0 0 0];

internalField   nonuniform List<scalar> 
5098
(
-0.739035
0.430958
0.250093
1.88483
-0.334767
2.10242
0.163074
-0.471216
0.263479
0.106934
-0.377279
0.721631
0.360417
2.36969
-0.230386
0.0309252
-0.376307
-0.446259
-5.71226
-0.383132
1.31985
0.0448527
0.887179
2.8845
-0.449349
2.03435
1.27401
1.36771
-5.51257
0.610842
0.63196
2.53677
1.51482
-0.222401
-0.276914
-2.56704
1.51869
1.5358
2.27869
1.05533
1.84901
-1.19068
2.00777
0.154162
-0.172141
0.591374
-0.3981
2.57124
0.63119
1.92128
0.197401
1.72708
-2.2425
1.39416
2.10412
2.00351
1.45349
1.77031
2.54239
-0.0515682
0.0364499
-0.422779
-0.324501
0.39044
-2.38618
2.39632
0.0061966
0.142228
1.20203
1.68308
1.40027
-0.255003
1.20043
-0.0263741
0.0265679
1.9213
0.0838681
2.05672
0.137217
1.9358
-0.059247
-2.08513
1.85587
-0.250715
-0.456466
0.551084
3.12381
0.0923103
-0.675895
0.0412263
0.847459
-7.46216
0.72478
1.88649
2.2898
-0.26166
1.66023
2.08933
0.0504385
1.22125
-0.455903
2.0435
-0.0481921
0.141966
2.05846
-0.507244
1.32134
0.150789
2.61046
-0.389379
1.78553
-5.55247
1.4476
-7.1608
1.25784
-5.81135
-1.68469
-1.5423
0.0874708
2.86147
1.68577
0.221735
0.0805713
-1.9692
-8.59708
-0.388185
1.31955
0.928599
2.32451
-7.56206
-0.758406
2.47605
2.44637
-1.29596
-0.310562
-0.786885
-1.46808
1.27568
2.3047
1.39423
1.73931
-0.263713
1.28472
0.290431
0.609319
0.132352
1.26086
-0.276155
-0.621385
1.06774
-1.02395
-4.59221
-0.310165
1.52662
3.14607
2.80676
1.77413
-0.421204
1.85343
-5.27283
1.39382
-0.247227
-4.58054
1.72256
-0.438902
0.472131
-0.366472
0.552872
-0.452572
1.76381
-0.25258
1.92527
0.299474
1.37784
0.628597
0.701089
1.81745
-2.26153
1.78672
3.13565
-2.77604
-1.52408
1.6626
-0.437276
1.6766
-0.926591
2.01519
1.48768
1.89674
-6.74785
-5.37037
0.294698
1.15224
0.0176102
0.498821
-7.23253
-2.13864
-0.86185
-0.00395154
1.72997
-0.728336
1.7186
-0.195488
0.459701
1.3381
2.80424
-0.513536
2.33332
0.908713
1.14053
1.5379
1.69523
0.27519
0.494487
-0.449014
-5.39839
0.0101651
-0.406212
-8.19783
0.692665
0.77697
2.02402
0.0913463
0.767134
-5.33894
1.44407
3.06495
1.38054
1.28776
0.231401
1.41408
2.9347
-1.94111
-0.0115429
0.415988
0.448583
0.996952
-2.68457
-1.24662
1.69274
-2.26621
0.232117
0.165022
2.65032
1.28836
0.842608
2.32642
-0.398656
-0.371439
0.822218
0.284675
1.317
-5.97966
-1.42114
1.56735
-3.37613
-0.3059
0.056989
2.53429
0.0594311
-0.89759
-3.02334
-0.478533
1.2158
0.00820333
-0.422261
-5.29888
-0.380216
-0.563606
1.72209
-6.01909
0.0536104
-5.34864
-0.776454
2.50597
0.0056394
-1.0557
-0.968464
0.660757
1.55512
-0.685932
-0.441851
-4.99461
-0.453541
-0.205204
-0.229152
1.57155
0.147859
0.472388
0.798023
-2.01263
-9.23964
2.64788
-0.154767
1.28579
0.107801
-0.20888
0.574383
1.18573
1.5394
0.149144
-0.511278
1.98661
1.24124
-0.421419
1.51242
-1.89468
0.715657
1.63533
-0.395941
0.878916
-5.99955
2.06175
-0.0173588
0.316948
3.12951
-1.45131
0.0848803
1.03833
2.74187
0.117067
-8.54216
-1.06885
-7.53288
0.0225459
2.30977
0.388971
1.32899
2.58443
0.0808002
1.66065
0.991451
2.30723
0.570304
1.6431
0.200457
0.600018
1.94498
1.23699
1.63806
1.24659
1.71324
0.223104
1.44819
-5.22248
0.0577325
1.34769
-5.69425
-1.51503
0.728603
0.387759
2.71012
2.71772
-0.690274
-0.0313844
-0.584445
-0.696695
0.604007
2.28704
-0.177999
1.35579
1.32671
0.91086
0.0834651
0.137685
2.53212
1.46979
0.927378
0.641677
-3.59435
2.44834
0.100266
-2.81426
0.079327
-0.228154
-0.421666
1.68551
0.240652
0.609755
0.0853741
1.41736
-0.388926
1.55317
-0.56948
0.251085
-2.28402
-0.213671
-2.3538
1.81562
-0.0789572
1.2252
0.320327
1.47249
1.79111
0.9589
-3.21699
1.95233
-7.70212
0.490151
-0.348769
-4.23982
2.68878
1.95489
1.38232
-5.76369
0.420253
1.43424
-0.423177
0.246717
-0.619226
1.40754
-0.179696
-2.78213
-0.00854989
-1.71988
0.0811705
1.23951
2.67572
-2.16326
0.688762
1.36838
2.02595
-0.285369
0.762758
-0.583471
-7.76582
-0.0365884
-0.21937
-0.150022
1.3924
0.0243209
-5.40253
0.0225423
1.52108
-2.02574
-7.598
0.191592
0.927207
1.13899
-4.09585
1.77482
1.63489
1.04047
-0.373257
1.17431
-1.7662
-1.22619
-0.213156
-5.42852
1.35223
-0.383132
0.924596
1.44226
-0.353471
-0.362854
0.224271
-1.18828
0.641868
1.42773
-2.89033
1.98071
0.0720765
2.66824
-2.56231
1.82327
-0.424989
-6.17622
-1.34447
-0.421602
1.81049
-5.17715
0.59934
-0.164835
-1.16468
1.25318
-6.18969
-5.2516
2.04664
-2.98434
0.80017
0.691118
-0.88674
-8.41913
1.1541
-0.0867726
1.59777
0.250072
-0.304181
-0.0277578
1.46425
-2.78458
-0.248119
-0.473081
-3.43559
-7.67014
-0.0285504
2.17429
-3.48589
2.09636
1.55513
-0.43366
0.899575
-5.38708
-0.452035
-5.33753
-4.01052
1.02974
0.863777
-2.95123
-0.174802
-9.00333
1.39902
1.53559
0.438591
0.68117
1.36087
2.74185
-1.23004
-0.397517
2.21037
-0.424608
-0.299511
2.68357
0.0817377
-3.66901
0.0289299
-1.58525
-4.20344
1.36912
0.657368
0.354346
3.04273
-0.489275
-0.0678029
-0.353401
-0.314455
0.121724
-1.66215
-6.64156
-0.354245
1.31373
-0.0328789
-1.47379
1.67586
-0.367273
-0.425338
-0.191356
-0.326781
3.06846
-3.15227
-2.15782
1.63024
0.129906
-4.45171
-0.595563
-0.34453
-0.736596
2.08077
-0.379074
-0.673857
-0.361948
-0.245194
1.63972
-7.19688
-0.108869
-6.40731
-6.34949
0.0984646
-0.439503
-5.76614
0.75174
0.49793
-6.11496
1.2947
1.69426
3.06696
-0.201505
1.63922
2.34161
-0.500782
0.184813
-0.939294
0.666275
-0.209828
0.368411
-0.0335304
0.0835961
0.963661
0.54777
-1.32011
-9.88125
2.6694
-1.16352
-0.459375
-0.210348
1.62342
0.926974
0.868824
-2.63566
-2.33387
0.0801834
1.8974
0.634269
0.263694
2.47717
-0.23397
2.35244
-0.436629
-1.13628
-0.166597
-0.291196
-1.84412
-8.73465
2.40931
-2.53281
-2.33727
2.44109
-0.574385
-0.161706
-0.288883
2.64817
-5.7441
2.17255
0.169094
0.0629135
0.320132
-7.97578
1.0892
-0.210402
0.0427064
-0.567761
1.3037
1.84029
-0.480309
0.138024
1.78173
2.57326
-1.37101
1.55228
3.0513
-2.1967
0.859294
-0.47004
1.52452
2.16706
1.89373
-4.8488
1.40685
0.460468
-0.425465
1.28528
-0.170188
1.73151
-0.330662
1.4764
0.896226
-0.171591
0.0780995
0.444737
1.45721
1.85282
0.112675
-0.426966
2.55889
1.62424
1.97388
0.285466
-0.219901
0.0973484
0.100443
2.49111
2.69794
-3.20782
1.5762
-0.425456
-4.82702
-0.0373901
1.44687
-5.31879
-5.30804
-0.426678
-0.433259
-0.0695227
0.682803
-5.42075
1.54549
1.90844
-5.44428
1.96324
0.0547256
1.53318
-2.74871
-0.416717
0.103855
2.61321
-0.192764
-0.272927
-1.02955
-5.63851
1.29772
-0.393915
0.782076
2.41807
-0.436087
-0.477479
-3.45554
-0.815051
-5.20506
1.89527
-0.887663
2.63078
2.5548
2.39096
-0.450453
-8.69494
-5.07831
-5.30641
0.139708
-10.4228
-4.45834
-6.1091
-0.45506
1.987
-7.47225
1.73625
-0.448999
2.36049
1.32707
-5.68175
0.252757
-5.53543
2.96103
0.109408
1.33041
-1.09877
-0.495641
-0.400156
-0.476097
-3.99309
1.89757
-0.234185
-0.424438
-4.99512
-6.79918
0.888828
-0.420859
-0.10028
0.0696191
0.375987
0.369734
-0.631631
1.87457
2.38809
-4.74725
1.02403
-0.448944
1.78071
-5.19808
-0.478263
0.991749
-0.427966
0.131025
-6.90212
-0.215623
-0.879615
-0.349838
1.65006
1.13619
-4.52483
-0.159721
0.946045
1.2695
-0.0227535
0.523424
-0.650475
3.01093
1.02728
1.73371
-0.0409616
0.74176
-1.82464
-1.15519
-0.165525
-1.01473
-0.298712
2.47361
2.11642
-0.410896
0.838984
-0.422623
2.20502
0.656797
-6.20275
-3.1144
-6.89232
-5.3174
0.0307735
0.185043
1.56611
-1.37984
-0.114203
-7.55457
1.22524
-0.398113
-9.62801
1.97552
0.812065
2.52096
-0.310413
1.63541
1.95525
1.81816
-0.250107
1.651
-0.170163
0.366922
0.28522
-0.398016
0.899881
-8.65093
-1.6122
-0.421382
-0.860958
0.670231
1.43204
0.469069
-8.16284
0.412295
3.10951
-0.418036
1.73363
0.00207827
2.41692
-6.5677
1.40229
-0.301489
-0.545581
2.58262
-0.240183
-4.62264
0.654922
2.6695
1.68711
-0.357099
-0.598102
-1.87161
-8.30537
-2.89999
-10.4997
1.77949
-6.41752
-7.22614
-6.00807
1.13604
0.0120723
-6.05808
-0.634871
-4.44793
1.03584
0.0217417
1.56447
-0.388773
-5.69416
2.43163
-4.51134
-2.1101
-6.26605
0.329146
-6.65057
-2.46569
-1.34201
-0.0105087
0.0546443
1.29408
-1.58578
-0.688498
-5.681
0.17927
0.137327
0.408597
-0.387947
-4.60673
1.39315
-0.266408
2.32909
1.87671
0.584997
1.93614
0.513391
1.29124
2.84063
1.94795
-1.24995
-0.441914
-0.0100873
-0.451243
-0.544725
-0.471218
1.65599
-4.12958
2.21484
2.30654
1.51123
1.48803
-1.06722
0.774406
-2.23924
-0.030464
2.46091
1.77564
-0.185135
-0.0170538
-4.68123
-0.599844
-0.225571
-5.46846
-1.97504
-0.469561
-0.0720341
-0.39833
0.555576
2.5361
1.58301
1.82146
1.64939
1.85717
0.0686123
-0.171928
-0.32089
-5.49977
0.535036
0.30482
1.26265
1.00277
2.62171
-0.684637
-0.543185
0.0866688
1.46538
-0.347659
-0.146274
-8.13414
2.92707
1.58171
-9.32508
1.468
-0.483015
-1.04594
1.29512
1.70565
0.893213
0.440398
0.681973
-0.342957
-0.0667157
0.179478
2.4738
-1.4043
2.18398
-0.78635
-0.34528
-1.70928
1.18383
1.83737
-0.917172
0.0912363
2.91004
0.460608
1.28502
1.29877
2.70171
0.130526
1.69161
-0.244028
1.71006
0.101005
-0.100411
2.22325
3.0146
0.428556
-0.381011
0.104323
-0.558075
-5.04266
1.59896
0.75365
-2.62518
1.43712
1.91118
1.41277
1.51272
0.150011
1.60218
2.23643
-0.570031
2.77373
1.87453
0.816303
0.00349839
-1.1951
0.171917
1.60211
0.307944
1.64718
1.87316
1.48121
-0.790841
-0.744786
1.92523
1.18709
2.11773
-0.181917
1.39987
1.73379
1.10306
1.97423
1.95914
0.124096
0.110356
1.5216
1.92701
-0.728218
-0.339891
-1.1059
1.9125
0.326568
1.69195
2.7051
-0.437589
2.62415
2.87549
-0.0594363
-0.527984
-0.0433545
3.07853
-3.725
1.8554
2.7242
0.716605
-4.25305
0.824454
1.16426
2.85183
1.16583
1.20888
2.96512
2.14411
0.104589
2.94433
2.41138
0.0800181
-0.414022
-7.40329
0.0162215
0.388768
1.82581
2.38197
-3.68077
-0.0171267
0.957332
0.516437
2.0856
-2.10979
2.53979
-0.889596
-1.25295
1.29334
-2.33372
1.87363
-0.375999
1.22315
-0.424876
2.38818
1.60436
1.53557
1.63295
-0.833899
-0.101302
-0.0372549
0.923545
0.982714
2.52797
1.75973
0.0325823
1.04887
0.467214
-0.425118
2.36296
0.0541276
1.97058
-0.0905731
0.027289
-0.446809
0.269606
0.813913
2.66696
-0.197354
1.14647
-0.429821
-0.360925
2.28412
2.20992
-0.432844
2.23167
0.563645
-0.435504
0.290461
0.968633
3.03503
-0.144728
-2.94769
2.02527
-0.281497
1.66658
-5.72671
-1.6482
0.147967
-7.42137
-2.09974
0.495748
1.68404
-0.025703
-1.81635
0.00935996
-0.331198
-2.18559
0.721581
2.55849
1.2032
1.03985
-0.308442
-0.324855
0.236026
1.18893
-0.339865
0.0108213
0.0997404
0.00240491
0.190607
1.10048
0.566802
0.704717
1.13765
1.02958
-1.63446
-4.57179
0.282006
-0.607151
2.91227
0.978693
0.596968
-0.280521
-0.542581
-0.740753
0.00465522
-0.428035
-1.2758
-0.183067
-0.549998
1.6843
0.395513
0.0574147
1.81387
-2.38143
-0.752001
2.50632
-2.13894
-2.10275
0.539293
1.47245
-0.435485
0.347837
-0.54303
0.0920352
-0.381759
-0.27293
1.86833
-0.462003
0.933113
0.0924676
-0.465721
-0.464144
-0.177457
1.3108
0.218732
-0.425734
2.5037
-5.01076
1.63581
-0.803076
-3.36579
-2.31099
-0.278622
-8.41176
1.53844
1.48529
1.58118
-0.132638
-1.29837
2.22531
-0.494578
-2.62159
0.017084
-0.483837
0.0766604
0.145839
2.26614
-6.36054
-5.61002
-0.389564
1.09401
0.96048
-1.14314
1.00169
0.164513
-0.460826
0.494618
0.912949
0.606849
-0.0605581
-0.678972
2.35795
-0.120477
0.0419138
0.912541
0.0147154
1.07012
-0.807216
-0.225745
-0.343255
1.11572
0.020144
0.131661
0.67249
0.0131235
0.211194
-0.332059
1.61092
-0.0336751
-0.396366
1.41657
1.33825
0.0230045
0.822969
0.779822
1.51177
1.90923
1.68501
-0.0342405
2.57774
1.23224
-1.94325
1.07716
-0.990996
-0.432432
0.0679054
0.6441
-0.714893
2.59711
0.435453
0.427233
-0.202431
0.647247
-0.263002
0.518254
-4.78419
1.26185
-0.271068
1.43969
0.817703
1.50741
-1.33133
1.95949
-0.853568
1.51263
1.59544
0.527445
-0.269574
-1.03289
-0.408381
1.79833
-0.546899
-5.37953
1.77835
0.988261
0.0594121
1.80984
1.18107
-0.565786
2.39373
-1.9399
0.217698
-0.819129
-1.00146
0.0435403
-0.174042
-0.420866
2.63986
-0.0146561
0.472209
-0.205444
-0.403779
1.58935
1.94311
0.0136462
0.0556075
1.41492
-4.46782
1.39583
1.51491
-0.184495
-0.237268
1.04599
-0.116227
2.67424
-9.28288
1.16833
0.0132728
-1.36128
2.57423
1.67074
0.331713
2.14438
-0.42078
1.96084
1.90346
-0.671794
1.4657
1.40221
1.14196
1.4572
-1.0521
1.57997
0.00690498
0.76823
0.00334189
-5.681
1.5989
-3.55923
-7.94958
-0.0136347
-0.0447039
1.13405
-9.33781
1.42012
0.361033
0.799625
1.46256
1.2072
0.360338
0.266287
-0.445409
1.44092
0.834313
-1.35721
-0.679151
-0.323021
1.53058
-1.02596
-0.659434
1.29932
-0.808744
1.90203
0.873517
-1.84758
-8.36832
1.7231
1.90104
-0.320857
1.27586
-9.75379
-0.599262
-5.78897
0.382214
-0.49199
-7.13824
2.84165
0.70135
-7.75914
0.0375608
-0.394704
1.44046
0.850592
-0.715919
-5.91265
-0.424489
-0.407861
-10.7409
1.11656
2.37072
-0.265469
-0.58988
0.0261307
-3.65312
1.79447
2.87483
-4.65109
1.04048
1.58049
-4.75342
0.441997
2.58976
-3.94285
-0.642051
1.20182
1.30745
1.18139
-0.475558
0.829278
0.0112057
0.936256
-2.19437
0.0767676
1.50506
-0.207671
0.271159
0.885785
1.37373
0.860489
0.100572
0.67083
1.53505
1.10037
1.36115
2.68823
-1.0072
2.52132
0.045148
2.46594
3.00466
-3.31751
0.262995
0.412883
1.37366
-5.21403
0.680727
0.943634
0.0566247
1.63883
2.20276
1.69706
1.74716
0.400112
1.02782
-1.60906
2.93572
-1.23652
-0.0338719
-0.416613
-0.545947
-2.44735
1.5813
1.74206
0.825379
1.82114
-2.37284
0.109347
1.89562
1.42803
-0.156506
-0.27559
0.0634865
0.0227745
0.435002
1.60317
2.81287
1.3935
2.03354
1.95917
1.65808
2.69572
0.962528
1.4613
0.190427
-0.410681
0.728393
1.15251
1.14787
2.97072
0.424905
0.783225
0.00419492
0.090694
2.84386
0.931541
-0.294566
-0.980845
1.24771
-0.876979
-5.55977e-05
2.11247
1.49542
1.36614
1.59221
0.0532154
2.16409
-5.17403
1.34357
0.267881
0.0441324
-0.00285727
2.35839
0.026034
-0.2317
1.56553
1.43947
-0.41184
1.30332
2.42883
-0.12192
-0.45938
-1.56321
-5.57069
-0.340436
-0.655518
-0.409854
1.30934
0.533115
0.0740881
1.57993
-0.000132658
-0.259092
-0.7651
-4.0857
-0.777451
0.254931
-1.64095
-4.89122
1.44075
1.35489
2.04636
-0.398219
0.603696
-0.101024
1.34833
2.33246
-1.24372
0.0344696
0.0609374
2.4453
1.18173
-0.322783
-0.562922
-5.42277
0.0559032
0.133887
2.58917
0.0677641
0.00586995
0.662368
0.535556
0.015895
0.802022
0.278503
0.733961
-1.4554
-0.548168
0.0439868
-2.53047
0.0318579
0.673094
-7.84391
1.62967
0.875193
2.75859
0.584687
2.48486
-0.680848
1.69169
-0.174699
-0.205577
-0.509027
2.29586
-0.298275
0.31036
0.204571
-6.90835
-0.637675
0.0184513
0.0597973
0.0151965
-0.083414
-0.00403802
0.226451
0.986686
1.82876
-4.5467
0.136903
0.253967
-0.0306525
-0.127058
1.63008
0.297535
0.787482
-0.119884
0.0351291
2.13738
-0.991329
0.696857
0.00447724
0.0598732
-0.229479
2.10041
-1.11837
0.080155
0.0189011
-5.54332
-0.314821
-0.00892582
2.47551
1.77798
0.014202
-4.83718
-0.830612
1.51797
0.127996
-0.113894
0.00908446
0.64267
0.0958673
0.0564817
-0.41331
0.00693574
0.640318
-0.584363
1.57254
0.335841
-0.542588
0.0982118
0.580839
0.18423
-0.0760838
1.54519
0.0926421
-0.171063
-0.266265
-0.0241762
-0.365144
0.0494956
1.58112
-8.80541
-1.1434
0.149209
0.0266417
-1.96485
-0.00318346
0.0238082
0.0244763
2.23054
1.02246
-5.53949
0.0402653
-0.461043
-0.389275
-0.243783
0.00220815
1.53041
0.840562
1.17197
1.4299
0.125841
-3.34153
-0.381826
-5.33265
-0.346758
1.70473
0.00666482
0.569965
-3.32903
1.82378
0.0654084
1.5588
0.145153
0.15059
1.99603
0.0376343
0.0276874
-1.7754
2.17629
0.273503
1.31603
1.52949
-0.61964
0.0412162
1.37867
-4.23222
2.12879
-0.238824
2.07461
-0.653935
0.0387219
0.13123
1.60965
2.0189
-1.92319
1.29232
0.63917
-0.0176934
2.30212
0.555439
-0.461062
1.44796
0.0584668
0.148325
-0.466546
-0.466736
0.05146
-0.924492
0.00365656
1.33536
1.025
-0.0170081
0.0695531
0.707249
0.129551
1.44123
-0.274197
0.0336465
-0.613496
-0.150344
0.0947488
-0.31306
1.27067
0.262793
0.0468365
-6.62382
1.65281
-0.00145226
-0.402602
-0.0165917
0.451415
2.45169
0.062171
0.00832085
1.12428
0.045013
-0.0538784
0.0344338
-2.64353
-0.0412758
0.072857
0.0407093
1.56305
0.00630541
0.024938
-3.47329
0.0447155
0.0484051
-0.147664
1.5136
-0.12519
0.0245254
0.399069
-0.40426
0.134049
0.0572792
0.979194
-0.420497
0.217857
0.114907
0.131857
0.076983
0.0125308
0.0171956
-0.522047
-0.26836
-0.300163
0.412949
0.900347
0.110394
0.6685
0.720638
0.040262
0.0242029
0.757153
-1.69485
0.0225023
-0.245318
0.153335
0.316579
-1.02645
-0.430998
0.0215263
0.303502
0.18991
0.883101
0.831793
0.120136
0.312601
1.59486
0.100505
-0.424654
0.0440045
-1.98251
2.02274
1.3954
0.144822
0.0376107
0.0229633
0.108726
0.0500741
0.0614872
-0.411367
0.148488
1.39319
0.298686
0.0657593
1.47425
0.109243
2.29444
0.0313586
0.240474
0.204045
0.0219191
2.14479
0.0509431
0.056347
-0.486497
0.0560216
1.03635
0.601793
0.0429108
1.54492
0.112565
1.18046
1.99516
0.862111
0.83869
0.0766941
0.926967
0.0852262
0.263103
-2.26251
-0.456904
0.0806089
1.91235
0.531785
1.41022
0.719611
-0.000519366
0.0702626
0.106205
-0.328304
1.09073
-0.423881
0.0535038
0.0111316
0.0550736
0.0243138
-0.115163
-0.480243
2.4993
-0.488854
-3.8517
2.33862
0.208389
0.0574167
0.0406642
0.0615839
1.37384
0.0735659
0.0499782
-5.43279
-0.490855
-0.054185
1.55279
0.0978188
0.0778971
-0.918644
0.0329597
0.158282
0.0276897
0.0668564
0.0754913
1.52999
-0.77796
-0.338897
0.6454
0.0059088
-5.62517
0.145001
-0.52172
0.0307067
1.63179
-5.78712
1.89708
-0.038059
0.0884288
-5.72374
0.0142382
-0.0490311
0.0661262
-0.439647
-0.307091
2.36667
-0.416051
-2.72431
0.0179631
-1.96768
0.0411628
0.105686
-7.65216
0.0129807
0.0366167
-0.0504731
0.0649828
0.0540793
1.83239
0.380391
-0.00936295
0.157893
0.0512714
-0.938263
0.116049
-3.08539
0.0532256
-0.0527958
1.76853
0.0799417
1.54363
0.0379769
-0.00169199
0.0270719
0.00771614
0.0228646
-5.3272
-0.651099
0.103415
0.862615
1.31685
0.62759
0.0217826
0.0350131
0.0184336
1.75401
0.0566258
0.278879
0.851148
0.00744137
0.0562248
0.014606
0.0385181
0.0200029
0.101446
1.52972
0.00972936
1.17348
0.0521389
1.58581
0.0667485
1.00872
0.0154444
0.0510623
-5.4627
0.0526402
0.0129836
-0.0762728
0.148414
1.13297
0.0359169
0.460562
0.0704861
0.0353432
0.241897
0.0777656
0.0350211
-1.2092
-5.14459
0.0379413
1.91819
1.3575
0.033157
0.037274
-0.523903
0.0347065
0.379416
0.085099
0.0374288
2.12931
-1.31909
0.0261867
0.0343975
-4.2392
1.57643
0.125495
0.0826756
0.0229254
-9.85784
0.179954
0.0523841
-1.64409
0.62353
1.06715
0.0804799
-0.158155
0.158275
1.45677
0.0341319
0.0186879
0.0603331
0.110708
-0.219532
0.10368
0.073669
0.0265712
0.0636957
0.0385802
-0.0244261
0.0235098
0.0851603
-0.0809069
0.103
0.0107219
0.13438
2.76561
0.0470637
0.162972
0.0171643
0.135187
0.652288
0.0311659
0.139033
0.195584
0.0511443
0.0401876
0.0373057
0.0278797
1.49547
0.0159383
0.0540932
0.137264
0.0246763
0.0338157
0.199787
0.0295151
1.73309
0.0228833
-0.728432
1.22907
0.0548747
0.0422641
0.0611549
0.0672992
-5.46924
-0.0115166
0.308269
0.0483439
0.173285
0.0340245
-0.786932
1.63923
1.72557
0.0370652
0.0997003
0.101899
0.0378617
1.4827
0.010435
0.0462262
1.51837
0.039742
1.53872
0.0692794
0.0476549
0.159122
0.0780473
0.0223422
1.85456
0.0565589
0.00229527
-0.104497
-0.129643
1.49171
2.17326
0.0110316
-0.0754405
0.0503955
0.0255792
0.00261389
1.54934
-3.04914
0.0035859
0.0421811
0.139416
0.042427
0.0474557
0.0667672
-1.7287
0.0038833
0.0455381
-0.720379
1.47505
-3.5988
0.045815
0.0570521
0.95664
0.953616
0.02619
0.00535358
-8.36615
-1.63088
0.0157369
0.0447812
0.0435393
0.0460872
0.00769466
-5.18162
0.0208162
0.189151
0.0402186
1.46601
0.0327324
0.109126
0.0504164
-0.282518
0.022024
1.46487
0.220589
1.76367
0.135821
-1.12062
0.0347884
0.0894492
0.0605349
0.0705758
0.102617
0.0238106
0.0453069
0.108505
0.022826
0.0359312
0.0447784
0.0301529
0.0612299
0.035094
1.53306
0.0573176
-0.178864
1.83295
0.0367832
0.102058
-0.483584
0.554991
0.0431968
-0.456095
0.0382844
0.0391788
-8.16944
0.025205
0.0392143
-0.449888
0.0423501
0.122319
-0.0977308
-0.000631027
-2.22849
0.00646847
0.0470092
-0.573026
-0.0893871
0.0234613
0.0340818
0.0516582
0.0957168
0.113518
0.0979963
0.301051
0.0215638
0.0235271
0.0275942
-0.377511
0.0380835
0.0128212
0.0352593
0.0192991
0.0560148
0.0564828
0.0229118
-0.397561
2.44417
0.0500419
0.0201234
0.0527062
-0.325381
1.73585
0.0582854
0.256793
0.00312349
1.71388
0.0309306
0.523529
0.147153
0.0112634
0.0251426
0.161333
-5.31462
0.0989104
0.300541
1.36511
0.0404442
0.0241904
0.0250023
1.74474
0.056119
0.0547675
0.0113285
0.0406766
1.24504
0.0764963
0.0443509
0.0226996
0.0530764
0.0366842
0.0315289
0.639084
-0.428637
1.97167
0.00762842
-0.410241
-0.0711166
2.30006
1.10075
0.0408473
0.0354515
0.0692205
0.0722414
1.36985
-0.0609295
0.0649868
0.0854473
-1.60522
0.0478073
0.0939066
0.043886
2.92513
0.976904
1.37568
0.0533612
1.50838
0.0286072
-0.542628
-1.20876
2.00068
-0.734492
-0.923705
0.0267607
1.1871
-0.0111297
0.0472462
-0.163951
-0.0444421
-1.78051
0.196032
-0.32002
0.0190369
1.49299
0.0361878
0.364266
0.0388581
0.0341452
0.0579166
1.52903
0.0382639
-0.846276
0.0615563
-5.34075
0.000303158
0.0604254
0.0728454
2.49587
-0.609909
-0.0612096
0.0828973
0.0391477
0.0411138
0.999762
1.47178
0.0117745
0.0577943
-9.15529
0.0652794
0.808728
2.76431
0.774628
0.293263
0.101444
0.0870848
0.0365757
0.422426
0.067546
0.0752632
0.0370083
0.607127
1.46728
1.42236
-2.19469
0.97396
0.0673079
0.160883
-2.36909
0.143315
0.0661869
1.68228
0.0428376
-7.90482
0.0320912
2.39865
-0.285704
-0.0432309
0.0947232
-0.474652
0.0379024
-5.12866
2.54402
0.11742
-0.258242
-6.6438
0.0873665
0.140714
-0.0630835
-0.164146
-0.0126513
-0.815658
-3.22055
1.50601
0.0378823
0.202209
0.0701325
0.908182
0.0581497
-4.24576
0.0522413
-0.154112
2.87105
0.043952
-5.37163
2.60189
0.00344447
0.130087
0.107689
0.0142146
1.60741
-1.48194
1.40092
1.56598
0.104471
0.082535
1.54227
0.715169
0.141115
-0.940962
-0.482459
-0.330857
1.62174
0.0493019
-0.359565
-10.2238
0.393964
-0.205888
0.0144105
0.103953
1.45437
0.0999787
0.0510167
-6.358
0.0312193
0.0358588
0.0659178
-11.1277
-0.748487
0.207844
0.043529
0.0361028
-0.357189
0.085767
2.77184
0.0995865
-2.37424
0.388603
0.0321473
1.61103
0.0124916
1.50958
0.078888
1.40917
-9.90774
0.12037
2.23442
-0.151122
-0.353051
1.71865
-0.0433566
0.0494146
0.0164233
1.532
1.67065
0.0766639
1.72684
2.56315
0.998145
1.77073
-3.73359
0.0595161
2.32385
-5.24558
0.451826
0.117084
1.41557
-2.01835
1.78429
1.70456
1.86009
-0.209964
0.0440435
-0.768874
0.0367348
0.138969
-0.565621
-0.42049
0.0365743
0.0371276
-0.658168
0.132701
-0.0777746
0.273539
1.92766
2.0733
1.99394
0.165521
1.09828
-0.071037
0.468449
0.146134
0.1389
2.70153
0.0354305
0.102558
0.222362
-11.1224
2.16518
0.0991665
-0.18691
-8.9748
0.217377
0.0726006
-0.424554
-0.561022
1.21129
0.0363605
1.21756
1.60428
-1.04276
-0.308476
0.193193
1.61953
-1.00566
0.00967625
0.0257552
0.00655519
1.30482
-0.0985036
0.083651
3.02401
2.17853
0.0204826
0.106171
-7.26025
2.4713
1.39642
-0.109111
2.70257
0.0296084
1.48463
0.607134
2.49564
0.17651
-1.27436
0.877156
-9.20047
0.00143153
0.091923
0.235425
-0.437416
2.59861
0.232366
0.0905891
0.165809
0.370196
0.978769
2.86433
0.093194
0.0276427
0.111538
1.08117
-0.0299069
-0.475476
0.144852
1.42875
0.117947
0.00299281
-0.452647
0.219646
0.407912
1.4194
0.124243
2.53844
0.105352
0.0139054
1.49838
0.0291769
0.00701375
0.197682
-0.68952
0.788427
0.0301188
0.627848
-1.00695
0.0446707
1.31208
-0.556505
0.00839464
0.147628
0.103607
0.117084
1.31665
0.0836729
0.144064
-0.00247172
-0.269032
0.022043
-0.11038
-9.3604
0.0597864
0.734013
0.112436
0.0395478
0.268071
0.0944665
-1.59996
0.116715
1.5356
-0.110519
-0.0461518
0.181114
-0.054908
2.25513
0.0546047
0.646649
-0.00761837
2.97922
2.77191
0.143411
-0.573437
-5.8569
0.00241661
1.25816
1.53087
1.50022
0.0177109
0.0230684
0.204763
2.4033
0.242782
-1.63031
0.415361
-0.254938
0.287936
0.0426353
1.24142
2.37269
0.111119
-0.259162
-0.0123272
1.18799
2.01528
-0.372314
0.499273
-0.92286
2.81803
0.000254899
0.103301
1.12819
0.142726
0.0290682
0.0273629
1.47502
0.0111045
0.0335259
-0.433811
-4.69341
0.023513
0.00589762
2.3324
0.759463
1.8243
-0.165806
-0.402438
2.9422
0.022227
0.209528
0.539593
-0.1239
1.21177
1.29353
1.58656
0.011324
-0.414634
-0.194147
1.51883
-0.178856
0.019486
0.129132
1.53776
0.185027
0.0311347
0.123087
0.319919
-0.0446386
0.0224078
0.21256
0.040825
-0.14548
-0.091596
1.0456
2.31419
-0.0406443
1.66919
1.35978
-1.21862
0.0218216
-1.23345
1.57838
-0.198061
-0.0334149
0.0842476
-0.0037525
0.0224883
-0.261486
2.96034
0.0127229
1.57379
0.954043
-0.0342768
0.10252
-0.396874
0.0741409
0.447541
-0.157921
0.114159
1.03368
-0.00292154
-0.104427
1.78154
0.23235
0.342774
0.197676
-1.48518
0.233781
0.686154
-0.0651506
1.14128
0.221289
-0.475442
2.18715
1.89527
0.0770375
1.33576
0.0160216
0.694373
1.44244
1.59683
-0.100132
-0.254696
-4.21589
-0.0612033
1.48945
-0.656567
2.09357
0.0251669
0.822316
-0.423365
-5.30215
1.49199
-0.130199
1.45353
0.301171
0.208886
0.188976
0.239483
-0.259923
1.26585
0.477941
1.54321
0.366763
2.02636
2.20144
0.111945
1.91515
0.236186
0.00254427
0.60969
2.15351
0.78159
-1.28169
1.61977
0.118898
0.00299624
2.10304
1.44084
2.0472
-0.0118012
0.0077526
0.207531
-4.63085
0.0522939
-1.22372
1.2149
-0.558855
1.67203
-0.0072212
-0.172742
1.32476
1.59015
0.176961
1.51566
0.0548131
-1.06273
-0.176068
0.0975211
-5.37549
0.916907
0.909611
-0.504065
-0.140306
0.326383
-0.103761
1.08073
2.13225
2.2825
0.653794
0.45969
0.023225
0.353765
1.37024
0.0125688
1.83673
-0.172042
0.061086
-0.210058
-0.150047
0.997713
1.54702
1.85097
1.2157
-0.0336223
0.0606851
1.48955
1.46614
1.63546
0.0664864
1.90797
0.754068
1.51797
1.00379
0.194597
0.0825854
1.60055
1.44907
-0.749161
1.57076
-0.0535186
0.322445
1.16636
-0.151597
-0.389858
2.49288
1.82745
0.15401
1.50885
0.4965
1.01312
0.212812
0.21164
0.0120786
0.0128613
-0.141158
-1.73346
0.412525
-0.223816
-0.0392064
1.48818
2.12617
0.240514
1.51041
0.245386
3.13905
-1.89341
1.78348
0.189889
-5.6985
-0.694286
3.16261
0.299051
0.0106039
3.14041
0.121139
-7.52319
1.49869
3.11319
-0.817701
3.06591
0.815777
0.204353
-0.416961
2.97061
-0.0031395
-0.00387104
-6.93546
0.270256
0.157336
1.76725
2.82662
0.0155255
0.38609
1.86489
0.188753
1.59952
1.2828
0.10598
-0.386464
-5.07775
2.77699
0.490568
-0.395185
0.285081
0.180791
2.73511
1.13503
-0.2969
-0.40947
2.68927
-1.137
-0.417227
2.64447
1.80752
-0.421011
-2.49552
-0.426875
0.717879
1.81367
-0.424045
2.58012
1.53235
-0.115307
-0.418724
2.07019
0.204237
0.385949
-0.2902
-0.598807
1.36997
1.53592
-0.312886
1.57975
-0.900386
-0.846759
-8.26716
2.45343
1.01577
1.2684
-0.186589
-0.427409
-0.427175
-0.428634
-0.431941
-0.438958
-0.436752
-0.122288
-0.446309
-0.518242
1.86439
2.41332
0.993767
0.950517
0.311465
1.07271
-0.5634
2.38462
0.00108328
-0.626259
1.94273
-9.31355
-0.71442
0.153113
2.29668
1.39999
0.908592
0.42418
1.53302
-1.86521
-0.831166
2.26632
-0.990545
0.142809
0.40597
-2.76524
1.43579
2.22668
0.0240767
1.93462
0.144713
1.1883
-1.17294
-0.173484
-0.116522
2.18785
-0.22042
-5.41957
2.14958
0.0481723
-0.898814
-0.202945
-2.07948
2.11761
1.55171
0.491555
1.49544
0.292163
0.0406175
0.027878
-2.51642
-0.48406
2.074
0.6373
0.0714247
1.59425
0.717519
-0.589266
-0.182743
-3.01831
2.04242
-0.423335
1.51722
0.0691914
0.0359266
-3.58068
2.00397
0.630003
-0.927075
1.95857
-4.20098
0.00624982
-0.17238
-5.32185
-0.10029
1.93064
-4.845
1.87321
-5.47084
-0.320397
0.989899
0.0212371
0.922205
0.0332822
1.83196
-6.06375
0.886965
2.37259
1.61328
-6.54653
-0.475028
1.79931
-0.233908
-0.584025
1.27035
-6.93809
1.54643
1.76837
0.03076
-0.044912
-2.05503
1.50883
1.02922
0.0777805
0.192021
-7.22102
-5.2873
1.71758
0.424786
-2.93297
0.444858
-3.97188
-6.42394
0.20164
0.742463
1.68063
2.10125
1.53956
2.27491
1.58249
-7.32016
0.984431
0.000423465
-0.418459
0.762627
0.0296038
0.205022
0.880467
1.18028
0.00100639
-7.17929
-0.428
1.59996
-0.5782
-0.394447
1.86272
1.225
-0.124175
2.6424
-0.853151
0.422054
0.326664
-6.99832
0.291849
-1.86275
1.5478
1.8164
1.64844
1.02254
-6.7959
1.49665
1.4335
1.40015
1.33663
1.29248
1.22162
-4.97233
1.45336
1.16871
1.70971
1.05448
-2.20296
2.1101
-6.58445
-0.629561
-1.9739
1.14327
-5.94324
2.07093
-6.33991
0.337822
-6.10719
-0.611596
-5.93873
1.47849
-0.825148
-0.044075
-5.824
-9.24835
-0.353685
1.54448
-2.91889
-5.59422
1.61164
1.58768
-0.449724
-0.720472
1.68606
0.297742
-1.3879
-1.23207
0.647175
1.35181
-2.97441
-0.282259
-0.381389
1.66895
-0.377644
-1.7771
-0.419618
0.863593
1.55696
-0.630618
-7.79386
0.685706
1.74604
1.2084
-10.4539
1.54567
0.653996
1.27433
-0.117593
1.5669
-0.227955
0.0114771
-0.00928232
0.711672
-3.09799
2.28322
0.253652
0.0666802
0.20681
-5.36665
1.99802
1.61665
1.35624
1.51099
0.3231
-0.686496
0.325806
-1.62732
0.71278
-0.83186
-0.549263
1.07027
-4.21352
0.386529
2.80396
-0.00700251
0.79816
0.888757
-0.541833
0.156558
1.13896
0.132056
0.69908
1.30552
1.5384
1.5874
1.57831
-0.952959
1.78068
-5.31943
0.126622
0.483592
-0.24168
-0.311144
0.0949924
1.77845
-0.484349
1.51109
-1.43294
-1.21816
0.338222
-3.1199
0.393178
-0.283558
0.350488
1.66571
0.245824
-0.196748
0.125092
0.346549
-0.0190763
-0.307198
0.0310021
1.55767
-0.86362
-0.475443
1.13291
-0.235999
1.15185
-0.355897
-0.0453712
0.175772
0.0777588
0.18183
-0.431844
0.00120787
0.0611941
0.0485037
0.93418
2.31243
1.02038
-5.99611
1.50795
-0.153237
1.14647
0.0355586
0.0549792
1.28419
-2.94385
0.027524
-1.22031
-0.506846
-2.01288
1.54389
-0.0571491
1.86394
0.351169
0.0084614
2.39671
2.27208
-0.280284
0.513093
-0.286186
-0.389541
1.69259
-1.20685
-0.1577
-4.98253
-0.010566
-3.07594
0.504574
0.918131
-0.311268
0.01433
0.0688101
1.48823
-0.605232
-4.34271
0.924452
0.70076
2.25264
0.254226
0.614962
2.3358
2.37241
0.00440498
2.0453
1.17856
1.54117
0.265481
2.09759
1.61864
0.375454
-0.282344
0.19347
1.13572
1.12756
-0.0162091
0.0237072
-0.27236
2.8884
1.20382
0.76524
1.5573
0.901303
-0.135248
1.03042
0.3529
2.0213
-0.132434
-0.0903226
0.292035
2.58884
0.341591
1.67574
3.07591
1.54387
1.53235
0.0290903
0.73465
0.000979298
1.78366
2.73259
-6.47188
0.486996
2.63526
-0.087239
-0.256894
2.87163
0.644602
-1.32047
0.491171
0.181872
-5.6353
0.38631
0.0518732
0.134827
0.0146849
0.251745
-0.892803
-0.245871
2.6041
1.63493
0.759308
1.24597
1.29381
-0.544804
1.45037
-0.339242
3.06572
-0.222642
-3.0836
0.113041
2.23559
1.46809
1.34465
-0.0940208
-0.36832
-1.62492
-0.260578
-0.0764641
-0.197302
1.21253
0.0287851
-0.0919771
-0.229149
1.56762
0.116412
1.36273
0.0345377
0.542761
0.721362
2.6318
1.30692
-0.23776
1.17285
-8.5409
1.7541
-0.197161
1.39041
2.41964
-0.148868
0.204296
-0.547663
-0.440278
1.47249
-0.273629
0.630888
-0.176297
1.29984
-8.13123
0.163771
2.1532
0.674787
-0.818716
-0.467416
1.63511
1.83949
-0.121551
2.95872
1.4535
0.533081
1.18289
0.169992
1.6928
-0.5414
-0.310517
-0.635164
-0.955246
1.51316
-0.123308
0.544313
-0.263036
2.53923
1.11155
-0.193782
0.0983937
0.145672
-2.64089
0.989177
1.18509
1.14112
-7.41331
0.52848
-0.113102
0.817696
-0.14103
0.94025
0.195242
0.338845
0.151268
0.855876
0.461141
1.54382
-1.14705
0.0899097
0.188836
1.51503
1.90856
0.223099
-0.784988
-0.113445
0.0728041
0.748264
2.89682
1.64384
-0.318273
1.19135
-0.844401
1.50953
-0.798825
1.00038
2.2864
-0.796157
0.260613
-1.10809
1.47746
0.566502
0.143129
-0.545695
-7.53979
-0.547518
-0.430991
-1.50362
1.63256
1.09503
-1.17466
1.60479
-0.503676
1.59519
0.274841
1.48008
0.260401
0.132109
1.55431
-5.29939
1.52812
-1.78324
-0.423551
2.42155
-0.399728
0.406111
-0.507852
0.434854
1.02238
2.14894
-0.824413
2.99026
2.66371
-10.8168
2.22609
0.256995
1.56755
2.80662
-2.45488
0.0179494
0.793551
1.49625
0.401142
-3.25275
-0.330602
0.207168
-1.24733
-0.184647
-0.171646
1.55111
-0.343304
0.0911258
1.46479
1.98177
-4.25142
2.0491
-0.481737
-3.9238
0.251982
0.927803
1.47665
0.694129
1.92437
1.10677
3.15867
1.43123
-5.47287
3.15633
2.18933
2.26776
1.66963
3.13641
2.3147
0.0242378
1.26116
3.09138
0.732455
0.195294
-0.368738
1.39842
-4.5107
0.892234
1.18507
-0.319711
2.21368
1.58817
-5.86248
-0.549003
0.497953
2.15812
2.11715
-0.0456144
-0.732624
-0.948766
-6.12624
1.91786
-0.182889
-1.1178
-2.21125
2.94136
2.31919
-0.129213
0.830009
-2.22383
-0.632137
1.97648
-0.121176
2.80139
1.50675
-3.33721
-0.198393
-0.615638
1.07164
-0.996075
-2.67266
-2.94273
2.74493
-0.394574
-2.70068
0.033079
0.0321054
2.7571
-0.135531
-0.34574
-7.82911
0.432396
-9.34125
2.37394
0.623055
0.698193
-1.04393
0.0107041
0.559557
-0.400188
2.71192
-0.979503
0.239975
1.51022
1.10638
-6.49767
-3.28884
1.41046
-0.412783
-0.906917
2.32142
2.66775
2.11806
0.158513
2.61204
2.23692
1.61641
0.839892
-0.420887
1.81222
1.07235
1.73381
1.71173
2.22613
1.84123
-1.396
-5.6346
1.46318
-0.419093
1.2525
-6.76273
-1.26598
-10.3674
2.06603
-0.208951
0.635947
-1.14479
1.92621
-0.21209
-0.427366
-0.283802
1.2492
-4.44493
-6.88956
0.035702
1.54761
0.508277
-2.74808
-0.38182
-0.631903
-0.202212
-0.123867
0.00758286
0.167439
0.531689
-10.9676
1.48226
1.55652
-4.00055
-0.434754
-0.498203
-9.63487
0.653126
1.48867
-5.75978
1.18295
1.23212
0.474509
1.68094
1.11969
2.43546
1.76272
2.34733
-0.761743
-0.426426
0.96795
-0.427929
-0.429503
-0.433666
0.812833
-0.439114
-0.441815
0.0997895
0.375531
-0.536236
-0.782108
0.680815
-0.670403
2.39953
1.31682
3.0324
-0.587847
-0.611259
-5.71815
2.63466
-0.0295532
0.989342
-0.339553
0.642453
-0.662425
-1.27864
-0.279574
0.94908
-0.839609
-0.759896
1.08185
-1.10534
1.46347
-0.153011
0.661062
-2.22007
2.28447
0.178474
2.46264
0.373049
-0.897464
1.58201
-0.91034
0.703027
-0.431326
-2.0322
-4.20621
-0.100694
2.24659
1.5908
-0.496714
2.2359
2.2504
-9.01123
0.0449879
-1.05758
0.432669
1.38991
-0.123896
-0.567192
2.20763
0.316979
-0.0261139
0.328015
-2.08871
-7.341
2.51304
-0.396888
1.04708
0.194717
1.26534
0.164984
1.94153
2.16839
-0.616585
-0.308566
1.5109
-1.61773
1.0425
1.77504
-0.864017
2.13434
-5.10626
-2.29702
-0.190844
1.99547
0.0235506
2.04162
-1.16751
1.65746
1.61831
1.33542
-0.281544
-2.27458
2.09394
2.15582
1.60044
-1.33162
-0.225593
0.208303
-0.488964
-0.711339
2.54815
-0.553959
0.583334
-2.76339
2.06156
-5.35962
-0.233923
0.16616
0.322231
1.56998
-0.336172
-0.906683
2.83956
1.58939
-3.2885
2.02409
1.04418
1.09329
0.148621
-0.0488237
-0.527197
1.32788
-1.56102
1.74278
1.98177
-3.89455
-0.216969
1.2266
0.732471
-4.20209
1.09314
0.348963
0.150037
1.06492
-0.209486
1.10214
1.94678
-4.54098
1.11148
1.98948
1.23564
0.137818
1.90056
-5.17098
1.51765
0.021702
-0.431656
0.0783298
2.23483
-0.144682
1.52019
-3.06537
1.85206
-5.79302
-0.100263
1.10545
2.31657
-1.59313
1.1177
0.587065
-5.30086
1.53917
-6.37856
1.81651
2.0873
1.39099
0.244805
2.36932
-0.195546
1.48251
-0.0351885
-6.77118
-0.276672
1.78549
-3.16925
0.746129
0.989382
-7.12979
1.53954
1.74065
-0.081352
1.50076
0.934685
-3.48928
2.47132
-8.33207
-4.11725
-2.6188
1.69834
-3.28254
-0.227565
1.59021
0.973443
0.171593
0.949411
-6.02562
0.60392
-0.328772
0.189722
0.808049
2.63617
-1.63002
1.55193
2.85032
1.10055
1.06485
-7.30306
1.50607
-0.326439
0.704487
-1.1032
0.751085
1.98522
-3.19209
-7.10394
1.57441
1.44905
1.04675
0.9643
-0.364708
0.835204
0.521779
1.0197
1.50506
1.50992
-2.24927
0.783582
-6.90733
-0.291118
1.52644
-0.425799
1.52247
1.50165
0.4913
0.444804
2.35793
0.302204
0.173255
1.47741
1.46539
1.21041
1.41996
-0.645965
1.36837
1.31599
0.243715
2.03742
-6.72756
0.797845
1.25564
2.11243
1.19396
0.805823
-0.244993
2.16487
2.11216
-0.230074
0.926477
0.545924
-6.49583
0.649406
1.29576
0.76817
-6.2353
2.91
2.25443
-0.429307
0.77036
-0.0865755
0.0211965
-6.02801
0.874737
0.767938
1.8717
-0.167461
-5.88503
2.15379
-0.40411
-1.38246
0.123284
1.49448
0.757479
1.68908
-0.955818
0.283284
2.60001
2.72656
1.06006
0.149497
-0.419627
3.12459
0.617823
2.20523
1.36232
0.00067634
0.230578
-1.35262
0.015678
1.98819
-0.0664518
-1.73863
0.581639
0.438576
-0.453552
-1.86179
2.29582
-3.83012
-1.42441
0.0632431
0.384883
0.804335
0.00337478
0.253248
0.731346
0.518556
0.470302
0.105819
2.63171
1.52486
1.73549
1.85751
1.04729
-1.39503
2.59386
-0.288257
0.0105097
0.116037
1.33199
-10.0247
0.396304
2.04005
0.136737
-0.17221
-0.236838
1.5763
0.689761
-1.74239
-5.48166
1.45757
1.56313
2.40345
1.47389
1.76252
2.00621
1.96678
-0.557413
1.87051
-0.0121662
0.723813
-6.6093
-1.11503
-0.41619
0.802144
0.133862
1.78
0.676277
0.358331
-5.55593
-0.548195
0.987982
-0.344374
0.028853
-2.7821
1.47652
2.306
-0.426441
0.162508
-1.83019
-0.947696
-0.166734
-0.556224
0.593712
1.46903
0.492715
-0.332951
-0.542393
-0.509229
1.59394
-0.259678
-0.76991
-0.254828
-0.523717
0.799728
-0.713668
0.854488
1.03203
2.70883
-0.179734
0.366285
2.16574
0.181855
0.289027
-3.73584
0.818493
-0.466221
-5.53804
-0.425301
0.0901999
-0.444122
0.679666
0.23793
-2.57344
0.446406
-5.482
-0.0287789
0.142372
0.299889
-2.68172
2.15201
0.0281337
1.51285
3.01763
2.19744
2.80023
-0.42506
2.12215
0.171202
0.0868161
-0.815402
-0.0404233
0.291637
0.376044
0.160497
0.169917
0.745441
-0.505698
0.945668
-3.00213
-0.449806
-0.470539
-0.462469
1.71055
1.03525
-5.77248
1.12385
-7.43098
-0.12429
-5.65484
0.597572
-0.0263662
-6.35015
-0.325988
-0.431685
1.5885
0.0218828
-4.7256
-0.703805
1.57338
-1.14852
0.525757
0.351545
-4.65548
-0.189994
-0.31414
-0.333769
0.204508
-1.23283
-0.477533
-0.357493
-0.754988
0.13556
0.285807
1.62972
-0.81673
-0.117579
1.15281
-0.539716
-0.32052
0.648199
3.00032
-0.0807287
0.22567
-0.303556
0.220368
-3.38713
1.67578
-0.307919
-1.37353
1.52227
0.0974795
-4.37443
1.99346
-7.43882
-2.80326
2.19211
1.08369
-0.065866
-0.477873
-0.270335
-1.00005
-0.385629
1.50021
1.88029
-11.0753
-0.0506605
0.291984
-0.339125
0.575453
1.40321
0.152939
2.15532
2.30276
-2.82991
0.773388
-0.379691
-0.266735
-2.99931
-0.129598
1.31508
0.382304
2.82268
-6.64318
-7.08039
2.61507
-4.54193
-4.96012
-1.02353
-1.56486
1.4499
1.39788
-8.28783
-1.83884
1.12928
2.43812
0.0352402
2.47509
-0.75201
-4.74245
0.233646
-5.95224
-0.425639
-0.720024
0.516123
-0.50235
-0.896597
2.01986
0.584799
0.12096
0.766742
3.04299
-5.56296
-4.30097
-7.35798
-0.418341
2.99398
-7.42792
0.601511
-0.185141
0.147341
-4.45709
-6.24069
-0.253868
0.145308
0.00418947
-0.120803
-0.165572
-7.1194
2.57065
-0.991253
-3.71282
2.61152
0.954573
2.16666
-3.84764
1.47435
-0.0954492
0.119073
1.28685
1.00712
2.2956
0.861858
0.0473927
0.641984
-0.0730622
-0.951244
-4.53229
0.182568
-0.350582
-5.41411
1.02174
0.660089
0.092558
0.56441
0.031632
2.49114
1.5429
1.41193
0.282473
-3.93128
1.36563
-3.07025
-0.837733
1.53441
0.167422
-3.33107
0.0415505
2.34313
-1.23347
2.25601
0.0322361
2.1071
-0.221816
2.31517
1.07681
1.11848
-8.01582
-0.31885
1.59005
1.07629
-0.670737
0.0172316
-5.29254
-0.156645
-1.71402
2.49412
-0.350943
0.550498
-4.16738
0.527962
2.11444
-1.92294
-1.91054
0.721226
2.49175
-0.424699
-0.483575
0.194173
0.244745
-6.14605
-0.20182
1.16031
-0.797452
0.635746
1.57936
2.184
0.952633
2.07413
1.81404
0.267501
0.167046
-0.350782
2.44768
2.91372
-1.30627
0.445169
-0.79679
-0.38829
-6.38626
0.278867
2.61226
-3.91135
1.64223
-0.503617
0.844035
2.20224
1.61804
-0.950081
0.116541
1.14577
2.33587
0.101317
0.390767
0.335474
1.65823
0.862809
-5.49638
-0.42866
-0.762681
-5.31523
1.73461
-0.533034
-3.38916
-0.537895
-5.10196
1.42536
-0.562546
-0.10458
0.0221123
1.13411
2.53894
-0.211611
-0.690456
0.0341686
-1.38638
1.75824
3.01293
0.188419
-1.50931
-6.26789
0.339949
0.417963
-0.0199725
-0.663842
2.93752
0.472375
2.42091
-0.862788
0.556796
0.772457
-2.11472
-0.318432
-0.631515
-3.73062
0.910209
-0.202367
0.253793
-5.4622
0.841816
0.432888
-0.738347
-8.24235
0.590086
0.68891
2.34279
-0.386312
0.0394233
0.569574
0.373328
0.138964
-1.10856
2.31571
-0.701564
1.54295
2.03959
1.6776
-0.543727
0.428328
1.64588
-0.269867
-0.297802
-0.225293
1.17842
2.24535
2.32441
1.95772
1.59663
-4.92794
-1.98598
0.758111
0.26158
-3.85587
2.56636
1.7084
0.917186
1.09263
1.00476
-5.74856
-1.05528
2.02689
0.608577
1.03381
-0.187663
2.18356
1.48511
-0.183906
2.39234
-0.080918
-1.67411
-0.716118
0.0905181
-3.85316
-0.206553
-1.36749
-0.420731
1.44729
-0.428299
0.704916
-1.47697
0.463512
-9.17675
0.14628
-0.241677
2.43855
-0.645838
-0.0662146
-7.61476
0.486402
1.99487
1.03056
-1.43848
-0.255275
-10.0579
1.19559
-0.657538
0.110112
-2.35543
0.0715552
0.130159
1.61764
3.11997
3.01337
0.241596
-0.464903
-5.26033
2.41205
1.65256
1.32265
1.82548
0.253273
2.38581
0.180581
-0.453909
0.0391822
-0.0726461
2.07956
-1.47434
-2.92732
1.21831
1.33147
-0.269595
1.33487
2.15187
1.32176
2.13256
0.676815
1.59841
1.50642
0.927797
-0.319673
2.4948
-0.523544
0.468474
-5.15302
-0.718415
0.0613415
0.550218
-0.0753535
1.8428
2.17803
0.685029
-5.10495
2.09512
0.756298
-3.86621
1.1198
0.649496
-5.04651
0.436597
1.96763
0.0538619
-0.264914
0.83723
-10.245
-0.915821
-0.458895
-0.225751
0.800516
1.53557
2.59067
2.89585
0.287811
0.331042
1.29046
-0.697611
-3.1828
2.22414
-2.95669
-5.88336
0.84367
-10.3402
-3.72507
-0.12473
1.08378
-0.578811
0.985927
2.21607
0.478202
-0.176068
0.138491
2.44245
0.209377
-3.01051
-1.47648
1.12101
-1.21337
1.6113
-0.629861
2.22984
1.50629
1.08475
-0.227036
-0.673918
2.40168
1.09098
0.0495842
-3.05064
-0.508448
-0.287149
1.49673
1.31128
0.64981
-0.311844
-0.92847
1.30506
-0.555112
0.12505
-0.0536186
1.29995
2.75347
-0.0401678
0.0238627
0.19215
0.0434169
-0.28243
1.17611
0.724968
-1.56944
-0.180676
0.186613
2.09895
-0.667755
-0.27169
1.54388
1.877
2.26763
-0.226051
-0.876705
1.27071
0.92219
0.180382
-7.6835
-0.886574
-0.499056
1.35545
-0.427272
1.13304
-1.38231
-0.290575
-0.362336
-0.107243
-1.08132
-0.127278
-0.275911
2.16785
2.14855
1.01692
-3.53777
2.43567
1.29823
-0.656453
-0.00381758
-1.44173
-0.0327517
-0.202448
-0.4212
-4.66178
1.18035
-7.23826
0.791401
0.049697
-0.429418
2.34979
1.24439
2.20632
2.0757
-0.616507
-5.33729
0.193335
2.78803
-0.0659457
0.946021
1.48226
0.0177308
1.81748
0.67875
-0.0503035
1.06828
-0.0698437
1.82027
2.13369
1.36495
1.55464
0.0101715
1.37711
0.252195
-0.711241
1.74302
2.3348
0.470786
-0.748456
-0.516326
2.54725
-0.361068
-4.84041
-2.21677
-0.025274
0.0182938
2.79379
0.554608
0.180568
1.98099
-0.999458
-0.195494
-0.133795
1.67673
0.955691
0.791875
-0.661403
1.65158
0.0464418
2.76007
2.72915
-0.860283
1.72705
-0.757337
0.533969
-0.299719
1.53952
-0.425616
2.18845
-7.21657
1.89195
0.569407
1.15621
2.0724
-0.468369
0.0569467
0.159298
-0.410707
0.318686
-0.964273
-0.901884
-2.88894
-0.609514
2.28583
-0.610802
2.51568
-0.0155844
-1.31913
0.257668
-0.427561
-1.55591
-0.505594
-0.329442
-2.29742
-0.494808
2.16526
-6.94058
2.24509
0.195714
-7.22768
-0.352099
-2.53349
0.642937
-0.019398
2.44826
0.719363
0.234036
0.173507
-7.56728
1.32133
-0.144323
0.943581
0.165176
-5.28964
-0.140796
-0.815786
0.365254
-0.386001
0.614604
2.122
1.91575
-0.174561
-0.086697
1.46068
1.52488
2.51078
2.77488
1.16596
-0.175503
1.50696
0.880699
0.246128
0.179981
2.45729
-7.45023
0.606091
-0.432417
0.665969
0.0695394
-0.370578
0.156628
0.467594
0.841657
2.91177
0.180317
1.50616
1.57587
-4.93805
0.484506
-6.76247
1.28527
-6.83531
-1.53079
-0.169771
-0.0308768
1.46496
0.7599
2.4363
-0.196857
2.24548
-0.377206
2.79759
1.61166
1.4673
-0.565854
-0.616356
-0.0487599
0.154057
-1.72954
1.98786
2.04832
1.21778
0.128411
2.79862
0.701388
1.50971
-0.364066
-5.25612
0.208353
0.46952
1.72493
-0.477725
-0.185622
-0.416761
0.0565824
2.35951
0.837826
-5.26114
0.458238
-0.055494
0.0750607
0.413362
0.170226
0.904233
-0.5202
0.013724
-0.345796
-0.012241
-10.8786
-0.407834
-3.59168
-3.75488
-0.0631013
1.63005
-0.0231626
0.753329
-0.253852
1.99501
-2.83693
0.267122
0.141263
-0.510515
-6.13421
2.17908
1.49701
0.117782
0.245179
2.12911
-0.975691
-0.895328
-0.953588
0.0288012
-0.360274
1.16826
0.971394
-0.0219672
0.3699
2.2389
-0.0812295
-0.10376
1.18856
0.823529
-0.430237
2.03108
-5.3786
2.31828
0.948057
1.94557
-0.382547
-0.431147
-3.37502
0.469844
2.26133
-0.519403
1.48885
0.850805
-0.877605
0.262284
-0.69947
2.68533
1.26959
0.173264
0.826932
0.157583
-0.253829
2.11587
-9.51742
1.13641
1.8363
2.85826
1.76538
-3.82961
-3.93102
-0.428762
0.0714335
2.11713
-0.359703
0.186286
-2.66796
-4.59453
2.12526
0.332452
-1.27643
0.167713
2.05856
2.77586
0.0389968
0.169515
2.03728
1.91194
1.08614
2.22564
-0.614118
-0.592731
1.427
-0.911822
0.750109
0.0156385
-1.14155
2.18475
1.07316
-0.783875
-7.19763
2.05715
-3.64978
-1.65074
-0.0296069
0.583411
1.48506
2.2648
-2.47308
0.0176287
-0.626055
2.89519
2.9789
1.52445
1.85974
0.0162055
-8.61813
2.66061
0.447556
-0.41481
0.00786187
0.0271312
-1.92611
-0.407612
-7.72759
1.17246
-0.538249
-0.278895
1.83422
1.72873
-0.502475
-0.386169
-0.475631
0.615744
1.13075
2.17261
-2.76145
0.165338
-0.286877
0.96917
-5.33533
-0.136629
1.97518
1.7862
0.0130825
2.06923
1.87748
1.38556
0.983767
0.955061
-1.97752
1.69596
1.07603
-0.592266
0.181969
-0.402288
2.03315
-0.531116
1.11373
0.821371
1.53898
-0.409021
1.60416
3.10471
-6.05736
0.825605
0.606317
-9.92609
2.67756
-0.0169004
1.02461
-6.25218
0.0890888
-0.140357
0.470111
0.516662
0.966653
0.968144
-3.12563
-0.0298439
-5.81564
2.08014
0.681209
-5.50792
1.79639
1.57592
2.60756
3.00716
0.16816
1.49082
-0.685638
1.24249
0.0550293
0.9368
2.51129
2.15792
-0.411015
0.0473618
1.37585
-0.416702
-2.55168
-0.52248
0.442963
-4.93369
2.97453
-0.428451
-0.265916
2.03684
0.708899
0.901997
-0.291113
-1.31744
-0.0690215
2.0168
-0.0806545
0.176902
0.624877
-5.42862
-0.370765
-0.43298
1.82149
1.17028
1.73796
-1.24618
1.31765
-0.239018
1.7621
-0.514116
1.48643
1.43894
2.16367
-10.7542
-5.26349
0.530882
0.0295486
-10.7015
-0.440389
0.753064
-2.32371
2.56771
-0.823764
-0.3519
1.21934
-10.7011
-1.38349
-0.439657
0.229531
1.06213
1.28139
-0.297936
0.621675
1.1134
1.47523
0.865999
0.10456
0.0558694
2.77313
-0.238125
0.629555
0.536436
-0.391498
0.481936
-0.420153
1.71432
1.74805
-0.572811
-3.9719
-0.62976
-0.0722167
-4.36644
1.25113
-4.79526
-4.58791
0.570102
0.229675
-0.322924
-0.650317
2.23546
2.86454
-0.766728
1.99586
2.80704
0.871031
-0.303659
-0.428515
-0.0650767
-0.689201
-1.96565
-3.37385
-0.501911
0.810215
-0.284993
1.00974
0.737793
1.85186
0.663571
1.88579
-0.36698
0.436894
0.832615
2.66591
0.914808
-5.34588
1.19869
-0.40857
-0.293211
2.17379
1.45919
-0.533758
1.59606
-0.211022
-0.229264
1.81426
-0.255794
-0.433757
-2.5198
1.44237
1.98201
2.76906
0.497435
1.47311
-9.58078
1.33634
-0.149111
-0.374596
1.22294
-0.484835
0.799592
1.95294
1.71349
0.600501
2.05402
-1.05317
1.52165
0.518492
1.38589
-0.194092
1.45612
1.39863
-0.331856
1.97461
-0.542286
-0.451049
0.57111
2.65064
-0.222982
0.907844
0.719273
0.797712
2.55488
0.714481
2.72413
-0.543345
-0.404239
1.84873
0.688821
-0.166411
0.637884
0.569584
-0.466966
1.34365
0.756787
2.65562
1.36579
0.787164
)
;

boundaryField
{
    SideWalls
    {
        type            empty;
    }
    Top
    {
        type            zeroGradient;
    }
    Inlet
    {
        type            zeroGradient;
    }
    Bottom
    {
        type            zeroGradient;
    }
    Outlet
    {
        type            fixedValue;
        value           uniform 0;
    }
    Plate
    {
        type            zeroGradient;
    }
}


// ************************************************************************* //
