/*--------------------------------*- C++ -*----------------------------------*\
| =========                 |                                                 |
| \\      /  F ield         | OpenFOAM: The Open Source CFD Toolbox           |
|  \\    /   O peration     | Version:  2306                                  |
|   \\  /    A nd           | Website:  www.openfoam.com                      |
|    \\/     M anipulation  |                                                 |
\*---------------------------------------------------------------------------*/
FoamFile
{
    version     2.0;
    format      ascii;
    arch        "LSB;label=32;scalar=64";
    class       volScalarField;
    location    "0.5";
    object      p;
}
// * * * * * * * * * * * * * * * * * * * * * * * * * * * * * * * * * * * * * //

dimensions      [0 2 -2 0 0 0 0];

internalField   nonuniform List<scalar> 
5098
(
0.225203
1.19444
0.397883
2.26619
0.116533
2.50823
1.01132
0.210393
0.479585
0.71799
0.0785442
1.00176
0.46169
2.79758
0.283301
0.17071
-0.322805
0.0829335
-8.30911
-0.343329
1.97137
0.287257
0.945919
3.40109
0.0129677
2.42906
2.07215
1.64436
-8.71666
0.417371
0.892491
2.97958
2.04988
0.222666
0.774347
-0.153089
1.81403
1.99942
2.68155
1.17977
2.22188
0.102606
2.39439
0.588544
0.673092
1.44772
-0.181128
3.01584
0.92233
2.30837
0.968431
2.20889
-0.17829
1.77514
2.51668
2.42463
1.93517
2.13699
2.98596
0.16263
0.396703
-0.141894
0.735108
0.538432
-0.201069
2.83353
-0.0419838
0.921174
1.50349
2.00325
1.97749
0.509712
1.39273
0.593873
0.474646
2.3162
0.0151636
2.44184
0.698988
2.40289
0.239801
0.0206328
2.22527
0.26037
0.0974387
0.280825
3.82829
0.15705
0.0198258
0.343837
1.1397
-0.55739
1.14574
2.26824
2.69917
0.676985
1.98537
2.55945
0.513795
1.45994
0.36633
2.45111
-3.48968
0.238673
2.44922
0.408977
1.95111
0.977473
3.06333
0.0317764
2.13034
-7.50737
1.98519
-0.41123
1.86399
-2.43538
0.093486
-0.560917
0.245315
3.35957
2.20578
1.38353
0.689469
-0.0290312
-0.60595
-0.396275
1.66276
1.02806
2.76338
-0.455365
0.0205175
2.91177
2.87851
-0.399508
0.485257
0.214831
-0.359206
2.06467
2.72406
1.78903
2.26493
-2.17892
1.52301
0.510021
1.498
0.234076
1.66729
0.343915
-0.0167536
1.20232
0.240211
-1.61037
0.290364
2.09825
3.83486
3.29097
2.15545
0.392946
2.23164
-8.70494
1.65428
0.312506
-2.14422
1.96513
0.0502747
0.874745
0.226076
0.511386
0.0138272
2.10977
0.612508
2.3083
1.11936
1.65962
0.84208
1.80747
2.17498
-0.0947139
2.27113
3.76429
-1.79379
0.120525
2.00797
0.0443183
1.90064
0.201639
2.53023
1.77023
2.28351
-0.331521
-6.74455
0.476821
1.32845
0.374297
0.742229
-0.506468
-0.0243164
0.267933
0.0400539
2.07727
-0.00217509
2.27409
0.642377
1.36524
1.63405
3.28812
0.260914
2.75992
1.05052
1.30145
1.99563
2.26283
0.405703
1.3864
0.231407
-7.01114
0.338519
0.0703358
-0.610423
1.65026
1.08443
2.39645
0.18963
1.0662
-0.346528
1.65069
3.6302
2.20269
1.4851
-0.407655
1.90165
3.44746
0.0220933
-0.143237
0.459031
0.57987
1.81599
-0.144607
0.159217
2.03417
0.0389548
1.05257
0.172346
3.10227
1.89559
1.12838
2.75017
0.0336238
-0.22741
1.00016
0.941623
1.56546
-1.39576
-0.0653302
2.0285
-0.183906
0.445604
0.634404
2.96895
0.159807
0.209085
-0.234548
-0.00975955
1.41557
-0.0120929
-0.0424481
-8.49847
0.132907
0.668504
2.07124
-0.305535
0.815109
-8.37665
0.597149
2.9399
-2.60356
0.130617
0.184418
0.566686
1.97568
0.017384
0.157286
-0.331744
0.20192
-1.93614
-1.60153
2.10139
0.180975
0.80277
0.870516
5.33498e-05
-0.901567
3.10955
0.818312
1.49675
0.71152
0.670747
0.800088
1.92922
2.017
0.216326
0.671933
2.37047
1.84318
-0.0576758
1.82134
-1.32851
1.74552
1.95382
-0.149325
1.13797
-1.42531
2.47041
0.256364
0.332319
3.78667
-0.548864
0.154514
1.24774
3.21554
0.632139
-1.011
0.0557091
-0.725842
0.583799
2.71767
1.04996
2.23949
3.03406
0.26204
1.9922
1.27082
2.72867
0.402094
1.97752
0.968257
0.813271
2.34457
1.30669
1.93294
1.46357
2.04515
0.791379
2.04013
-7.10366
0.478717
1.69224
-8.16393
-0.496259
1.07933
-0.0542239
3.25217
3.18724
0.0121876
0.288804
0.0101797
0.256059
0.823548
2.71209
0.519255
2.04127
1.53747
1.11026
0.231099
0.56471
2.97077
1.95091
1.81579
0.484703
-0.159031
2.87628
0.739575
-0.480805
0.375941
0.521277
-0.128971
2.031
0.425941
0.665715
0.239599
1.80887
-0.437193
2.12582
0.343627
0.566603
-0.873546
0.611892
-0.12284
2.21219
-3.9332
1.94149
0.710345
2.09546
2.1496
1.69267
-0.247044
2.35016
-0.489183
1.2372
0.207615
-2.06271
3.15335
2.40226
2.19144
-2.77398
1.27151
1.59824
-0.0212227
0.34964
0.026135
2.16985
0.535602
-0.207876
0.939408
-0.726279
0.191708
1.91886
3.24369
-1.30915
0.962642
1.75949
2.49428
0.571244
1.71428
0.0180028
-0.563589
0.597131
0.4143
0.620578
1.66911
0.0388787
-8.90097
0.172786
1.81948
-0.776385
-0.760474
0.283214
0.989173
1.81755
-0.27463
2.23579
1.91541
1.7194
-0.548802
1.9509
-0.825098
0.0725629
0.285817
-6.23686
1.74011
-0.142066
1.09737
2.14978
-0.431175
-0.0249429
0.630534
0.0476879
0.85196
1.69718
-1.12467
2.36229
0.214663
3.18713
-1.77949
2.21725
0.0731769
-0.383896
0.0948933
-0.0849178
2.18498
-4.08528
0.410911
0.557203
0.117952
2.14231
-0.370016
-5.90936
2.45334
-1.21073
1.39253
1.81701
0.0610611
-0.526659
1.3272
0.732675
1.92297
1.14328
0.22726
0.635304
1.77038
-0.843829
0.394916
0.548725
-0.219195
-0.652335
-0.0622446
2.57242
-1.18296
2.50263
2.1397
0.0516796
0.941722
-7.6651
0.123054
-8.734
-0.987366
1.671
1.51677
-0.229912
0.753275
-0.644897
2.11573
2.13611
0.762425
1.50029
1.69022
3.21407
-0.0884319
0.0922262
2.7349
-0.0141343
0.265374
3.1461
0.24934
-0.4986
-0.0390605
0.0399485
-1.522
1.63927
0.491805
0.711888
3.59732
0.0721617
0.944772
0.46021
0.628725
1.03756
-0.498417
-0.411674
-0.197882
2.12416
-1.29524
-0.125147
2.17093
-0.43308
-0.130821
0.805913
0.459632
3.68806
-0.592242
-1.50321
1.93106
0.442883
-2.82724
0.250622
0.119539
0.0318574
2.48429
-0.0607649
0.0882184
0.0627407
0.390418
2.03683
-1.27165
0.0468522
-1.29269
-1.23688
0.202856
0.0199536
-1.77741
0.712216
0.222966
-1.44402
1.89486
2.20519
3.76473
0.533516
2.13909
2.78773
0.357265
0.965187
0.254032
1.43711
-2.24958
1.22108
0.413171
0.228576
1.62293
1.36456
-0.114237
-0.686711
3.1688
0.260899
0.0727117
0.783702
2.04127
0.980686
2.00548
-0.659274
-0.547537
0.215913
2.73551
0.504517
-0.31813
2.90689
-1.19351
2.77733
0.0296628
-0.0702151
0.559378
-0.820915
-0.160504
-0.720325
2.83989
-0.315239
-0.669406
2.87025
0.0495281
0.646519
0.560406
3.12333
-2.54633
2.57722
0.969159
0.227868
0.489035
-0.480632
1.26004
0.609775
0.375743
0.066571
1.5438
2.35981
-0.00210405
0.368079
2.1586
3.14442
-0.102437
2.30654
3.7006
-0.277367
1.15687
0.24343
2.29323
2.61608
2.33636
-4.94308
1.68344
0.737936
-0.00182974
1.4504
0.742713
2.08477
0.465608
1.77331
0.973747
-2.15784
0.205316
0.660325
1.73661
2.2248
0.989968
0.121788
3.00574
1.99616
2.42289
1.16792
0.533943
0.210015
0.199561
2.92341
3.22158
-0.935876
2.21052
-0.0239881
-1.63857
-1.26023
1.683
-4.42744
-8.92975
0.0166495
0.109566
0.378307
0.988858
-0.365781
1.86988
2.34452
-8.43102
2.32184
0.0919933
2.08331
-0.208279
0.286151
0.469339
3.06468
0.514797
0.44322
0.305268
-3.94057
1.53181
0.252708
0.801025
2.84321
0.0382081
0.105592
-0.845854
0.204664
-4.58823
2.27317
0.138945
3.23692
2.98198
2.81739
0.0431987
-0.558056
-6.66118
-6.423
0.977786
-0.729365
-2.65838
-0.280981
0.0670195
2.40122
-0.497053
2.09397
0.0179473
2.78648
2.12575
-1.17794
1.15492
-3.41203
3.48271
0.227618
1.57817
-0.0548083
0.0877367
0.330179
0.0867807
-1.34355
2.47046
0.372284
0.198424
-1.8809
-0.39214
1.00769
-0.0459912
0.435299
0.17903
0.663873
1.18333
0.0652699
2.22152
2.82068
-1.48891
1.16186
0.0347562
2.1
-8.23979
0.683377
1.10369
0.0159558
0.449955
-0.47594
0.495591
-0.00588899
0.422141
2.00027
1.46259
-3.95554
0.538867
1.01359
2.01301
0.668086
0.252187
0.0546476
3.55742
1.24955
2.25402
-0.304213
1.501
-0.138421
0.0850604
0.721303
-0.0661746
0.251694
2.90826
2.60148
-0.221986
1.04158
-0.0755237
2.62122
0.530949
-0.377491
-0.230701
-0.328842
-7.158
0.144357
0.60955
2.09523
-0.355267
0.788515
-1.13844
1.43503
-0.324504
-0.63138
2.34068
0.822659
2.96316
0.323857
2.15878
2.33443
2.19762
0.463087
1.98017
0.332321
0.533711
1.13533
0.707371
1.19951
-0.674596
-0.129227
0.400006
0.115086
1.30687
1.71129
1.31502
-0.521221
0.0203406
3.72715
-0.082168
2.09834
0.0392102
2.84641
-1.2379
1.96726
0.163705
0.0796987
3.03395
0.33943
-3.1724
1.33355
3.12835
2.02129
0.647157
0.172219
-0.476842
-0.889003
-1.07691
-0.699168
2.14521
-1.18238
-0.407426
-0.374548
1.30899
-0.0486029
-1.19284
0.187797
-2.26269
1.92505
0.800492
1.86884
0.415632
-1.73768
2.86289
-0.18336
-0.0332593
-1.45104
0.668594
-0.425811
-0.177656
0.172653
0.358622
0.189386
1.98808
-0.125071
0.205527
-2.18113
0.24713
0.4866
0.0361109
0.558909
-0.316933
2.08012
-3.30898
2.97628
2.51803
0.841355
2.33928
1.31929
1.97048
3.33375
2.33654
0.101588
0.302702
-0.719915
0.324396
0.495829
0.00513497
2.23391
-1.88053
2.63061
2.73125
1.81839
1.77314
0.21198
0.971216
-0.187265
0.205247
2.88855
2.11954
0.793392
0.842579
-0.290693
0.379203
-2.36045
-2.758
-0.171328
0.556927
0.83988
0.143209
0.353259
2.97192
1.87206
2.32968
2.11961
2.22962
0.183839
0.319175
0.269735
-1.61826
1.1411
0.546288
1.47966
1.60749
3.07861
0.227983
0.241168
0.893442
2.05623
-0.0840601
0.471754
-0.767353
3.43672
2.16821
-0.724146
1.74912
0.546365
0.134253
2.0226
2.2298
1.17316
1.23027
0.599674
-0.288631
0.691248
1.03595
2.9116
-0.734404
2.63199
-0.0654567
0.193882
-0.0896351
1.97846
2.38385
0.22209
0.182431
3.41701
1.26947
1.57392
1.50935
3.19319
0.921917
2.0225
0.639638
2.15336
0.18728
0.456458
2.64285
3.61103
0.725067
0.392196
-0.654854
0.328608
-1.44013
2.13426
1.4032
-0.844741
1.72024
2.29878
1.69682
1.81579
0.242849
2.22307
2.65092
0.258643
3.25041
2.25789
0.824301
-0.0637917
-0.300136
0.298249
1.92598
1.13742
2.02447
2.25355
1.77867
0.240584
0.233973
2.31883
1.4286
2.60659
0.473431
1.87951
2.07864
1.36291
2.37459
2.35044
0.384912
0.435091
1.8392
2.24728
0.277768
0.123647
0.365126
2.42915
0.694561
2.14139
3.17109
0.0241074
3.0638
3.37671
0.592302
0.204559
-2.00788
3.66115
-2.06987
2.22557
3.19986
1.47862
-0.282688
1.50138
1.47782
3.37673
1.34522
1.13256
3.49691
2.62862
0.374485
3.46018
2.83511
0.474742
-0.11793
-0.930621
0.0713019
0.710588
2.20458
2.8101
-1.7797
0.266904
1.53952
0.835748
2.74892
0.0170138
3.12974
0.283633
0.149594
1.53261
-0.809968
2.34448
0.787973
1.40277
-0.00306674
2.80858
1.93103
2.16042
2.07138
0.119535
0.777618
0.190381
0.965025
1.24326
2.96791
2.10612
0.0775089
1.29038
0.695216
0.00252005
2.7882
0.506759
2.33892
0.625704
-1.19623
0.07192
0.613012
1.1402
3.12418
0.61071
1.35515
0.0296626
0.445528
2.70538
2.85775
0.0282574
2.6545
1.28847
0.0327342
1.09974
1.04947
3.60299
0.502473
-1.76765
2.43284
-4.12244
2.27199
-0.355684
0.0661836
0.253787
-0.584796
-0.164521
0.163039
2.01495
0.358106
-0.158734
0.0512237
0.430611
-0.470511
1.48539
3.00161
1.97771
1.63546
-0.0788539
-0.0262578
0.472566
1.44105
0.215169
0.0660298
0.188284
0.0212478
0.559727
1.8193
1.30186
1.45173
1.89333
1.15322
-0.402948
-3.11504
0.413998
0.246208
3.41997
1.69344
1.46534
0.00749359
0.169542
0.491943
0.325886
0.0495266
0.167691
0.303533
0.125719
2.02775
0.241748
0.203399
2.18141
-0.19489
0.154511
2.93847
-0.0381721
-0.326159
0.851505
2.05813
0.17475
0.739302
0.262067
0.430143
-0.431504
0.455626
2.24173
0.0284534
1.07583
0.214955
0.0443453
0.15102
0.478549
2.04659
0.594677
-0.08241
2.93975
-0.205744
2.1146
0.17613
-0.47851
-1.57927
0.353079
-0.349849
1.85915
2.12352
2.01618
0.654083
-0.0419226
2.6495
0.131368
-0.919471
0.0446371
0.0128459
0.220893
0.51182
2.67648
-0.283098
-8.37206
0.42225
1.74598
1.61473
0.134817
1.1576
0.278004
0.599045
0.665931
1.22383
0.880789
-1.12965
0.0828673
2.83628
0.821145
0.1186
1.2156
0.0522793
1.71191
0.0257146
0.264805
0.422936
1.92859
0.187006
0.361553
0.88626
0.074405
1.09503
0.651459
2.0444
0.286456
0.221639
1.67136
1.89973
-0.0517165
1.74908
1.73058
2.14806
2.27451
2.00119
0.681
3.0828
1.26142
-0.158854
1.29976
0.00638534
0.55587
0.16984
1.55477
0.186402
3.06978
0.739658
0.770636
-2.67234
0.965615
-0.0532219
0.809368
-1.28779
1.66051
-0.77719
1.71069
1.67977
2.15969
-0.0218105
2.44695
-0.0669799
1.82132
2.01558
1.26136
0.334315
0.132748
-0.227031
2.16381
0.102308
-7.22714
2.16769
1.18013
0.388704
2.16491
2.00855
0.248051
2.82899
-1.17382
-0.110911
0.269273
0.441976
0.436959
0.192647
0.328562
3.09556
-0.131764
1.3127
0.439327
0.189911
2.07816
2.37716
0.0410483
0.187632
2.07976
-2.92722
1.67136
2.11969
0.339632
0.274019
1.17897
0.507081
3.13434
-0.548157
2.06017
0.241911
-0.191776
3.24291
1.9879
0.650064
2.54311
0.424158
2.35311
2.27327
0.565103
2.03503
1.6753
2.07301
2.09765
0.108156
2.20611
-0.694952
0.738827
0.0396628
-3.30793
2.32883
-0.249529
-0.648107
0.865008
0.285805
1.30639
-0.869633
1.7898
0.739574
1.7058
1.95209
1.40354
-0.081172
0.284713
0.271946
2.06681
0.901213
-0.103494
0.260995
-0.569202
2.17188
-0.0692141
-0.0390209
2.06208
-0.0563879
2.28966
1.60047
-0.130132
-0.46668
2.18037
2.49199
0.268572
2.08946
-0.795053
0.0481588
-0.998981
0.740144
0.222916
-0.398122
3.33638
0.650963
-1.13833
0.100026
0.127249
1.97815
1.01273
0.225738
-0.348362
-0.014449
0.314133
-0.737918
1.27761
2.79679
0.718688
0.119364
0.0671496
-0.243547
2.7039
3.37563
-0.190648
1.2532
1.90018
-0.281153
0.836642
3.03409
-3.23386
0.314524
2.11875
2.25965
2.27337
0.286898
1.11989
0.0548155
1.03609
-0.775938
0.188449
2.12781
0.341628
0.724811
1.12926
2.00163
2.00247
0.23131
1.42849
2.12333
1.93168
1.61122
3.15137
0.481406
2.94903
0.238854
2.89147
3.57478
-0.116868
0.412609
1.18418
2.09995
-7.8654
1.55244
1.24696
0.218316
1.9727
2.61677
2.03851
2.09217
1.24849
1.15206
0.0523834
3.45438
-0.0997385
0.619849
-0.0437733
0.14095
-0.094342
2.22104
2.08514
1.8427
2.20099
-0.865068
0.221378
2.27066
1.71136
0.53506
0.377123
0.832157
-1.52602
0.882366
2.05689
3.30004
2.1214
2.43665
2.3321
2.01434
3.15931
1.90111
2.10321
1.13209
0.106684
0.697153
1.45196
1.32344
3.49519
0.131876
0.914464
0.0147131
0.216941
3.33769
1.70482
0.705643
0.191054
1.46076
-0.0158495
0.307954
2.52308
2.08475
1.63362
2.13006
0.500253
2.76012
-2.57985
1.59215
1.07107
0.676345
0.618282
2.77885
0.652177
0.637935
2.15805
1.72867
0.521856
2.01567
2.86371
0.271018
0.00817447
-0.0480183
-8.34264
0.195315
-0.0432125
0.561794
2.07892
0.899112
0.179352
1.92678
0.00257384
0.352401
0.419667
-0.626943
0.199467
0.606666
-0.13996
-0.215929
1.83812
2.16099
2.45164
-0.27568
1.52212
0.544841
2.07208
2.79267
0.218873
0.0870953
0.22876
2.87871
1.34972
0.254022
0.145864
-5.21483
0.19427
0.445333
3.05111
0.231027
0.0171778
1.63174
0.756017
0.0725555
1.55235
0.630306
0.947954
0.0558885
-0.0220722
0.638201
-0.166089
0.180208
0.738494
-0.741352
2.17559
1.63593
3.2565
0.878334
3.02738
0.354413
2.24079
0.283231
0.600457
0.355038
2.70559
0.622764
0.659577
0.621974
-0.610235
0.180699
0.0636613
0.154577
0.24923
0.415141
0.281617
0.396181
1.79738
2.30341
-2.85366
0.456594
0.489112
0.339078
0.654902
2.13232
0.479185
1.39962
0.503274
0.200786
2.53447
0.157722
0.948668
0.0158196
0.151526
0.398363
2.51519
0.0520134
0.233976
0.193447
-1.52415
0.305432
0.267561
2.91454
2.32771
0.0542182
-5.77093
0.204667
2.04943
0.346512
0.381877
0.0272147
0.726461
0.400323
0.223717
0.242743
0.0282804
1.58145
0.450057
1.88008
-0.0391299
0.216126
1.00602
1.54609
0.342095
0.570694
2.04981
0.877655
0.314592
0.267672
0.297888
0.193952
0.0669694
2.05995
-0.688597
-0.186205
0.447167
0.190128
-1.15326
0.577232
0.258935
0.18987
2.65259
2.14381
-5.21222
0.195755
-2.88491e-05
-0.0257734
0.592763
0.251423
2.11845
0.847342
2.19361
1.90513
0.0610995
-1.295
0.442671
-7.01313
-1.11908
2.20986
0.280087
0.941717
-0.246967
2.17098
0.172412
2.20652
0.381615
0.430526
2.4746
0.0908675
0.0324547
0.11941
2.59314
0.542374
2.06966
2.13929
0.357475
0.174512
2.10125
-3.02769
2.54115
0.46453
2.48359
0.315617
0.0640135
0.436528
2.00142
2.41829
0.0281184
2.22626
1.58796
0.290625
2.72454
1.57066
0.0330487
2.10034
0.229523
0.370949
0.207029
0.0597548
0.230038
-0.0674158
0.0111077
2.00255
1.79645
0.1729
0.183687
1.59158
0.360908
2.37537
0.446714
0.0825078
0.222381
0.568324
0.236813
-2.3208
1.57373
-0.206583
0.241351
-1.03976
1.96639
0.184596
-0.291838
0.303257
0.826321
2.88688
-0.557462
0.00864095
1.25743
0.692705
0.148321
-2.09472
-0.292683
0.589026
0.179688
0.840502
2.04848
0.0262481
0.252817
-0.133544
0.218926
0.124199
0.475241
2.16122
0.415951
0.0745631
0.328795
-0.176843
0.365096
0.217376
1.0669
-0.0243131
0.405254
0.47889
0.256179
0.256892
0.0704256
0.0410505
0.0965932
0.338512
0.430154
1.16825
1.02142
0.210291
1.68112
1.64137
0.244873
0.0800525
1.81947
0.610707
0.0871965
0.423779
0.397789
1.27715
-0.0107707
0.0210841
0.0697121
1.04651
0.338985
1.6937
2.01834
0.249643
0.582088
2.16824
0.213376
-0.0172686
0.2139
-0.00803672
2.42434
2.11015
0.257327
0.144357
0.234079
0.242136
0.124473
0.278758
-0.100236
0.408218
2.15452
0.539468
0.227607
2.10741
0.242606
2.80212
0.246383
0.259404
0.407843
0.274767
2.56342
0.223477
0.142126
0.299566
0.13653
1.92347
1.52539
0.239358
2.2166
0.220806
1.42064
2.38518
0.871876
1.75385
0.216529
1.21899
0.202878
0.618397
-0.0449692
0.183798
0.199413
2.28233
1.47008
1.69816
1.53126
0.00979782
0.163177
0.226355
0.523836
1.25259
0.197643
0.13296
0.0135559
0.146655
0.226029
0.369712
0.0231651
2.92935
0.151056
-0.269279
2.76765
0.439791
0.143952
0.187529
0.161405
1.62515
0.174452
0.206201
-6.47187
0.269699
0.750497
2.12099
0.219069
0.166969
-0.0503633
0.0602394
0.367432
0.205831
0.225544
0.195061
2.18463
0.0552042
-0.569965
1.86854
0.272044
-3.99743
0.267742
0.120093
0.155891
1.96134
-2.13475
2.27199
0.293259
0.211603
-0.366535
0.191598
0.471518
0.245901
0.0415752
-0.365637
2.79359
-0.0595425
-1.35839
0.0343824
-0.067656
0.144228
0.233031
-0.300653
0.0505312
0.18904
0.411894
0.228023
0.144493
2.2791
0.767683
0.00740917
0.289237
0.204232
0.0173832
0.24995
-0.3113
0.242074
0.281845
2.25573
0.461954
2.38728
0.106981
0.469268
0.175227
0.0280724
0.0750896
-8.46623
0.111486
0.210949
1.1243
1.62273
1.50263
0.138255
0.202895
0.174189
2.23738
0.275031
0.62192
1.38513
0.0207718
0.224323
-0.751716
0.226839
0.0496821
0.229869
2.1789
0.0172128
1.46778
0.191341
1.86293
0.160463
1.12132
0.0234729
0.123206
-0.246722
0.212418
0.167428
0.35213
0.383704
1.93453
0.148927
0.446419
0.285536
0.217871
0.769847
0.15957
0.22214
-0.0024345
-0.325567
0.182798
2.2825
2.03703
0.102518
0.228349
0.123989
0.0912999
0.758177
-1.48687
0.135233
2.545
0.591065
0.0943944
0.0880303
-1.21606
2.15372
0.336231
0.148545
0.076026
-0.583676
0.356349
0.132458
-0.0574134
1.48829
1.33342
0.190185
0.652892
0.293729
2.45406
0.0421516
0.0735981
0.151976
0.185498
-2.34144
0.220814
0.186921
-0.0185568
0.254401
0.0836615
0.531768
0.0440846
0.249164
0.345628
0.253368
0.157196
0.181673
3.30311
0.125755
0.321938
0.0225884
0.34923
0.894293
0.211825
0.310033
0.764105
0.13616
0.174124
0.163586
0.062828
2.42381
0.0308286
0.201335
0.369711
0.0841924
0.0840823
0.273504
0.114397
2.10501
0.282864
0.167964
1.49564
0.170267
0.113669
0.123329
0.440104
-0.253817
-2.50597
0.561022
0.175112
0.391084
0.0804946
0.247024
2.07323
2.06144
0.100486
0.257104
0.219152
0.196572
2.20072
0.02953
0.210154
2.21627
0.164082
2.17052
0.143701
0.12633
0.360587
0.139684
0.0167856
2.40461
0.240265
0.0129965
0.323152
0.394865
1.82852
2.59017
0.0417105
0.44668
0.13315
0.0841511
0.00489481
1.85841
-0.125773
0.000303305
0.109226
0.268179
0.177435
0.2273
0.164893
-0.340005
0.0141589
0.0598081
0.430551
2.17873
-2.46641
0.100924
0.222909
1.68813
1.72369
0.0793883
0.00806417
-0.965262
0.0289413
0.0526434
0.118703
0.0399931
0.118354
0.0166751
-1.03854
0.0585483
0.424918
0.106064
2.20766
0.0604235
0.211476
0.135785
0.14993
0.0493251
1.92199
0.428887
2.09498
0.419726
-0.0826203
0.0934824
0.211295
0.148807
0.196726
0.243648
0.0764487
0.0922934
0.210202
0.0118636
0.0609177
0.198747
0.0880324
0.0727493
0.129509
2.15142
0.143619
0.211581
2.26648
0.0936579
0.189257
0.161711
1.33107
0.118703
0.395046
0.0972112
0.101534
-0.675207
0.435397
0.109365
0.648182
0.113241
0.322091
-0.397895
-0.0276548
-0.106197
0.251508
0.11434
0.328966
0.280191
0.0832224
0.0911537
0.120701
0.606247
0.207421
0.190049
1.0935
0.0575354
0.0706341
0.0631892
0.468212
0.091929
0.0225984
0.118257
0.18623
0.215007
0.127926
-0.0220941
-0.0486342
2.86473
0.120214
0.101672
0.111874
0.0882343
2.12002
0.249509
0.384757
0.00926274
2.21985
0.0773436
0.834085
0.27132
0.0230503
0.0804495
0.298222
-8.34293
0.243445
0.654767
1.62961
0.0970695
-0.0103032
0.223383
2.08326
0.150743
0.0964652
0.00390929
0.26341
1.82893
0.302895
0.0861111
0.0697517
0.128715
0.116863
0.0988936
1.4205
0.455342
2.58963
0.00368983
-0.130017
0.419891
3.27802
1.26201
0.131858
0.0922623
0.157713
0.182758
2.07114
0.342443
0.190387
0.162237
-0.113238
0.121512
0.218072
0.101739
3.63043
1.80529
2.02234
0.141014
2.10762
0.0470859
0.205396
-0.082242
2.40102
-0.0394748
-0.0592624
0.0834214
1.37975
0.274
0.125361
0.447266
0.308947
-0.0536847
0.602973
-2.63184
0.12694
2.10191
0.234513
0.235074
0.0952012
0.103763
0.132656
2.07864
0.111067
0.217513
0.100138
-7.57964
-0.00368246
0.168468
0.181836
2.93628
-0.0254725
0.393526
0.188112
0.0980862
0.114648
2.02127
2.16312
0.150778
0.169881
-0.501239
0.157053
0.847726
3.24817
1.59317
0.558256
0.258262
0.203695
0.111963
1.29922
0.140114
0.190561
0.107753
1.33631
2.10486
1.71927
-0.144572
1.23519
0.18301
0.426127
-0.0252045
0.278119
0.158398
1.93726
0.396252
-0.42863
0.121608
2.82365
0.354478
0.244051
0.232021
0.325285
0.501462
-5.04774
3.03456
0.277941
0.478341
-0.366653
0.189902
0.277616
0.583078
0.197133
0.45216
0.11355
-0.220097
2.14508
0.19844
0.484878
0.171089
1.01765
0.286419
-0.254315
0.121353
0.126857
3.37039
0.117449
-0.312585
3.0504
0.0264276
0.262691
0.233499
0.0534253
2.21407
0.083635
2.20661
2.13793
0.317283
0.211446
2.12484
1.41565
0.348224
0.240069
0.0405312
-2.0741
2.1759
0.150894
0.224006
-0.776486
0.611156
0.468082
0.202555
0.231095
2.17061
0.223346
0.192726
-0.847368
0.101239
0.0936237
0.107171
-0.662763
0.203234
0.3874
0.161059
0.510401
0.156946
0.203376
3.24871
0.234268
-0.022612
0.61646
0.0861692
1.93897
0.230998
2.15999
0.167436
1.78618
-0.532978
0.251002
2.64061
0.393894
-1.01016
2.24325
0.62192
0.249987
0.136569
2.11565
2.00841
0.132146
2.06902
3.01985
1.10786
2.12675
-0.155777
0.212817
2.73954
-2.04739
0.789656
0.311702
2.09268
-1.1935
2.13712
2.05527
2.2395
0.43835
0.131054
0.226712
0.105177
0.269427
0.211015
-0.0546302
0.198665
0.103024
0.255229
0.23767
0.271079
0.0331648
2.30047
2.48511
2.38036
0.279831
1.26109
0.495786
1.23301
0.263436
0.315049
3.16072
0.229955
0.335529
0.444368
-0.588476
2.56426
0.282429
0.427059
-0.588134
0.449129
0.611901
0.269636
-0.0177943
1.41832
0.0885878
1.40465
2.13281
0.21692
0.478594
0.496579
1.96236
0.168969
0.0429098
0.184241
0.0227981
1.53611
0.673051
0.314208
3.568
2.62444
0.27186
0.216119
-0.848308
2.90096
1.66456
0.633479
3.31645
0.0872593
1.78356
1.17123
3.00502
0.557009
0.163582
1.63476
-0.777045
0.0266445
0.201927
0.439415
0.0186953
3.04681
0.400112
0.356287
0.436124
-0.0221181
1.26712
3.36519
0.513499
0.360208
0.260503
1.96224
0.255832
0.555695
0.966534
1.67867
0.276993
0.285364
0.47883
0.468404
0.828395
1.70851
0.282729
2.976
0.449523
0.400564
2.10962
0.0901101
0.0150907
0.366998
0.352583
1.58253
0.0732987
0.803888
0.139189
0.391786
1.55134
0.264022
0.224064
0.520856
0.370918
0.344993
1.54552
0.0937629
0.240211
0.0189389
0.693872
0.204009
0.320753
-0.443726
0.02699
0.810294
0.684512
0.418386
0.638767
0.215633
-0.0140763
0.474303
2.30129
0.281632
0.495317
0.414132
0.394778
2.67188
0.398465
0.540048
0.563603
3.61596
3.26182
0.268047
0.441253
-1.917
0.00259921
1.97404
2.14688
1.90403
0.499185
0.0463497
0.392497
2.83883
0.369722
0.603019
0.806812
0.495993
0.417815
0.456293
1.97597
2.79184
0.238672
-3.30042
0.447477
1.92928
2.46674
0.415312
0.84902
0.329288
3.30712
0.0238252
0.263746
1.28254
0.480408
0.0590242
0.0724375
2.12931
0.0275269
0.00991552
0.632224
-3.80932
0.365318
-0.00291643
2.754
1.51249
2.19826
0.552633
-2.71399
3.47403
0.348574
0.440846
1.32842
0.384597
1.41313
2.05058
2.06378
0.0112047
0.059831
0.404756
2.10476
0.303208
0.0646867
0.240904
2.01359
0.692061
0.0926064
0.26524
1.1619
0.179009
0.061568
0.426083
0.395128
0.328232
0.514483
1.87406
2.76899
-0.944583
2.21744
1.60746
0.169866
0.0599684
0.038854
1.89858
-0.744278
0.548545
0.522752
0.47934
0.448546
0.609568
3.55379
0.0239144
2.19724
1.70093
0.476277
0.235769
0.555714
0.193951
0.623974
-1.58605
0.288289
1.23485
0.486171
0.33071
2.29566
0.686885
0.723767
0.644631
0.0784505
0.483531
0.912222
0.579839
1.43995
0.502961
0.0767504
2.59582
2.28651
0.205372
1.58364
0.0542868
1.52919
1.97722
2.05108
0.567617
-2.74931
-2.75068
0.500553
2.05697
0.246014
2.51968
0.0827742
1.1484
-0.00102735
-8.41779
2.14914
0.361654
2.17057
1.19458
0.462586
0.482177
0.18691
-0.445673
1.48835
0.522413
2.10584
0.767594
2.4654
2.62059
0.284603
2.34903
0.498528
-0.0207635
1.3989
2.57014
0.725474
-0.52038
2.15609
0.949983
0.611559
2.51395
1.78304
2.44842
0.447292
0.248377
0.494053
-0.2004
0.790358
0.541669
1.40111
0.0461442
2.22558
-0.0292319
0.381003
1.56072
2.17737
0.736085
1.92277
0.136262
-0.0856932
0.285113
0.220619
-4.1962
1.71337
1.64839
0.0400459
0.361474
0.637329
0.521652
1.20063
2.54814
2.71715
0.941567
0.717056
0.861725
0.624108
1.65297
0.0445199
2.21756
-1.65363
0.451941
0.368846
0.430047
1.21083
2.15877
2.25218
1.44447
0.495555
0.139397
2.11327
2.10849
1.92418
-0.499341
2.25771
1.40045
2.12207
1.29023
0.482535
0.599283
1.9342
1.72743
0.137028
2.12298
0.446151
0.722961
1.86851
0.361181
0.23065
2.93192
2.46743
0.545501
1.82321
1.30684
1.96082
0.495337
0.507202
0.208436
0.334255
0.469123
0.0432277
0.313009
0.335183
0.255768
2.1151
2.70919
0.494008
2.12581
0.457704
3.90317
-0.352854
2.26265
0.509935
-3.2814
0.222812
3.84609
0.624339
0.431746
3.76944
0.964208
-0.62299
1.80191
3.70586
0.557158
3.62906
1.69021
0.46521
-0.14139
3.50258
0.202312
0.456234
-0.863937
1.11985
0.437619
2.12887
3.3189
0.0417691
0.773193
2.31253
0.694026
2.03089
2.02921
0.225464
-0.469548
-4.95897
3.26141
0.819203
-0.351807
0.614059
0.554565
3.21375
1.44454
0.553336
-0.278999
3.15673
0.207082
-0.21491
3.10569
2.25969
-0.153439
-0.127999
-0.0969335
1.4962
2.32645
-0.137988
3.04723
2.11857
0.590427
-0.0826023
2.48124
0.976845
0.761189
0.321049
-0.00284201
2.09286
2.12977
-0.734816
1.98769
0.615638
0.160476
-0.382071
2.89217
1.12533
2.0573
0.572688
-0.00667217
-0.00158589
0.0066045
0.00966883
0.00455608
0.0152674
0.449376
0.0313406
-0.0182641
2.59312
2.85647
1.22477
1.53242
0.658439
1.79252
-0.0372706
2.83472
0.00161761
-0.0572909
2.33642
-0.420404
-0.0673144
0.276194
2.71714
2.29215
1.83567
1.08613
2.21381
0.0863794
-0.0826608
2.6934
-0.0432845
0.538046
0.0832818
-0.216299
2.07355
2.65505
0.403961
2.34288
0.217072
1.93454
-0.135711
0.354149
0.761334
2.61841
0.272316
-8.22754
2.57542
-0.896178
0.382805
0.370693
-0.192897
2.53732
1.85903
0.822294
2.12173
0.709251
0.174755
0.126686
-0.217036
-0.00770969
2.46903
0.954684
0.21362
2.25107
1.03244
0.12611
0.402693
-0.228449
2.45688
-0.026964
1.90114
0.204666
-0.0260894
-0.273706
2.41107
1.33281
-0.0277264
2.36737
-0.318116
0.262414
0.251414
-8.34341
-2.57956
2.33898
-0.31121
2.25723
-0.380049
-0.250273
2.06468
-0.00238399
1.80355
0.178344
2.21164
-0.320851
0.903833
2.93916
2.44873
-0.511519
0.289917
2.17193
0.0109035
0.328501
1.96372
-0.499602
2.13122
2.11831
0.0432306
0.715083
-1.23529
2.1257
1.72344
0.538645
-0.441233
-0.526394
-8.37176
2.05896
0.775448
-0.0769243
0.561393
-0.141786
-0.347327
-0.471746
1.76449
2.01704
2.59603
1.86642
2.69087
2.12637
-0.63574
1.08252
0.811727
-0.028693
1.96839
0.168087
0.285102
1.7105
2.00042
0.310434
-0.674045
-0.0454155
1.94866
0.385722
0.667809
2.27155
1.82885
0.715189
3.09744
0.166323
1.22781
0.66994
-0.728524
0.7523
0.0460978
1.87936
2.33945
2.19755
1.97443
-0.785642
1.80779
1.73731
1.68819
1.58827
1.51412
1.42492
-5.99854
1.74451
1.34545
2.06024
1.19709
-0.0705232
2.82898
-0.883802
0.42253
0.0166755
2.07668
-1.65001
2.45595
-1.01858
0.777467
-1.24444
0.0168421
-1.60373
2.1081
0.372628
0.302739
-2.33108
-0.434521
0.42061
2.12279
-0.0727797
-4.02152
2.1888
2.13785
0.0994583
0.177038
2.25305
0.699149
0.0610838
0.618836
1.33137
2.0772
-0.298402
0.593105
0.353475
2.21264
-0.511928
-0.0506378
0.00887621
1.64786
2.10734
0.663867
-0.526706
1.53337
2.29272
1.47836
-0.567518
2.17999
0.947694
1.57521
0.291166
2.03233
0.465528
-0.00391917
-0.0267164
1.49189
-1.80109
2.70797
0.560344
-0.553765
0.690389
-6.33831
2.47508
2.21221
2.02652
2.15524
0.601683
0.537124
0.0696652
0.066516
0.627011
0.29688
0.588263
1.8643
-2.92557
0.477069
3.28911
0.00240215
1.67347
1.70522
0.0591682
0.292647
1.30762
0.539009
1.69435
1.58989
2.13455
2.15727
2.0593
0.577442
2.27944
-8.03089
0.248371
0.155846
-2.95414
0.937876
-0.388889
2.17031
0.0464216
1.91007
-0.183928
-0.0295893
0.700007
-0.244083
-0.0410575
-3.08598
0.648818
2.22178
0.30471
0.376291
0.167065
0.99681
0.557638
0.425587
0.148948
1.8751
0.678907
0.382641
1.91004
0.667927
1.95569
-0.710927
0.506593
0.44044
0.0917277
0.742089
0.0199302
0.672945
0.235503
0.0197965
1.67016
2.73049
1.23297
-0.589501
2.10253
0.616865
1.88335
0.0582519
0.13727
1.54348
-0.185543
-0.0146516
0.10123
0.0693065
-0.181558
1.96822
0.133608
2.24479
0.375323
-0.0236296
2.81819
2.68824
0.38441
1.45939
0.482463
0.251203
2.27372
0.00394697
0.67974
-0.450508
0.271345
-1.71813
0.207145
1.07768
0.660832
-0.00371506
-0.431491
2.15975
0.0370391
-0.828551
1.30693
0.684869
2.66002
0.518356
1.37613
2.79877
2.8455
0.0873225
2.57251
1.9303
1.99391
0.732215
2.4996
2.17793
1.15015
-3.82194
0.500873
1.90618
1.85107
-0.0267116
0.129283
0.498524
3.39566
1.88698
0.727131
2.04902
1.67529
0.645621
1.99097
1.17664
2.46124
0.361116
-1.15215
0.572334
3.04591
-0.0437141
2.23011
3.9451
1.9875
1.81562
0.868478
0.965088
-0.0245347
2.14837
3.20258
-1.01066
0.39432
3.09131
0.886212
0.635613
3.37528
0.457669
0.0754545
0.826036
0.349
-8.25284
1.17225
0.0197497
-0.344204
0.491117
0.7154
0.138048
0.646744
3.42025
2.15908
0.908076
1.45691
1.95631
0.462135
1.74613
-2.70218
3.65364
0.312422
-2.38235
-0.823636
2.67047
1.7684
2.16862
0.653653
0.240391
-0.668913
0.298409
0.491368
0.548195
1.3161
0.527148
0.528134
0.476737
1.87333
0.751102
2.07765
0.184048
0.420633
0.812344
3.09365
2.08265
-1.92778
1.51351
-0.834801
2.27526
-2.69558
1.99941
3.0782
-2.30686
0.518873
0.35372
0.60358
2.11378
-4.05295
1.466
0.457331
2.0306
-0.348919
0.423619
2.56665
0.544633
0.254032
0.246826
1.92527
2.30804
-1.65936
3.50897
1.71198
0.839155
1.88212
0.308265
2.03358
0.289175
-3.70778
0.188506
0.197007
2.08807
0.675498
0.831857
0.450005
2.99623
1.28312
0.364005
0.18753
0.517611
-1.02004
1.84396
1.35587
1.3105
-0.362293
0.354006
0.465153
1.5322
0.415542
1.76538
0.485287
0.552058
0.565137
1.6317
1.1993
1.8643
0.132571
0.190723
0.671357
2.0999
2.29549
0.615468
0.191725
0.451195
-0.628405
1.66794
3.56361
2.20516
-2.1788
1.38054
0.070294
2.12743
0.222332
1.7566
2.70218
0.313868
0.558715
0.0500051
2.12294
0.376528
0.52007
0.365279
-0.29151
0.138549
0.231316
-0.710152
2.05143
1.30432
0.556128
1.93845
0.0275398
2.18939
-0.180433
2.12988
0.478071
0.224507
1.98343
-6.00566
1.83854
-0.0546174
-0.0653001
2.86158
-0.0910808
0.454408
-3.21435
0.175348
1.25667
2.56739
0.23128
3.52351
3.11765
-0.628676
2.64176
0.592106
2.13294
3.35672
-1.43576
0.00356933
1.47809
1.77854
0.692385
-0.124896
-2.76784
-0.377753
0.0366119
0.60576
0.647553
2.0026
-1.20732
0.922882
1.74909
2.37162
-4.75938
2.43905
0.247654
-4.48814
0.363927
1.95107
2.10233
0.981305
2.30155
1.2844
3.87658
1.73419
-5.2094
3.80867
2.58183
2.7005
2.30073
3.74234
2.79394
0.693301
1.54177
3.66942
1.68154
0.581223
0.412989
2.07702
-2.20154
1.62466
1.9554
0.211353
2.63406
2.04181
-0.717725
0.489963
0.511577
2.55116
2.50426
0.483723
0.391871
-0.055412
-10.0278
2.27205
0.593341
0.590404
-0.0196052
3.55205
2.75117
0.638088
1.67398
-0.13807
-0.0113136
2.36642
0.47366
3.28966
1.88616
-0.115097
0.654315
-0.0395792
1.65647
0.244262
-0.0707225
-1.96807
3.21931
-0.403027
-0.0254522
-0.846228
0.0671416
3.23817
0.368233
-1.14924
-0.368729
1.27402
-0.429401
2.79573
0.919002
0.991267
0.0385192
0.135459
0.895247
-0.309753
3.18551
0.218824
0.633702
2.15955
1.27133
-0.89706
-0.209533
1.74334
-0.242547
-0.0538637
2.89753
3.13281
2.53035
-0.230927
3.07443
2.67754
1.93608
1.76137
-0.181185
2.18815
1.8339
2.07935
2.05228
2.63464
2.25759
0.118184
-0.438691
1.77504
-0.137324
1.94876
-0.282652
0.136634
-0.517158
2.45828
0.203999
0.768772
0.0712093
2.30643
-0.45705
-0.113563
0.258228
1.85267
-0.526592
-0.359647
0.130871
1.8993
0.817416
-0.0676113
0.644237
0.145285
0.557903
0.656571
0.0740109
0.49733
0.596995
-0.627233
1.78452
1.9822
-0.144398
0.586116
0.500549
-0.491047
1.33752
1.76642
-0.323327
1.38678
1.44081
0.80571
1.97573
1.96411
2.87576
2.11913
2.75702
0.171616
-0.00291082
1.26898
0.00366868
0.00921361
0.00909814
1.63394
0.00886234
0.0208762
0.86109
0.457745
-0.0269306
0.565141
0.971917
0.04165
2.84148
2.02144
3.58158
-0.047118
0.17996
-2.91803
3.49904
0.287938
1.24761
-1.37154
1.31485
-0.0625989
-0.125495
-0.297273
1.08377
-0.01522
-0.0748882
1.94949
0.179296
1.75241
0.630007
0.995427
-0.765921
2.70828
0.998291
2.96286
0.516683
-0.0675197
2.13941
0.504661
0.939198
0.608465
-0.997792
-1.93359
0.489283
2.67514
1.89261
-0.0143347
2.65645
2.6626
-0.787492
0.206501
-0.0781287
0.793487
1.70195
0.445143
0.462845
2.63634
0.838994
0.801959
1.19668
-0.165205
-0.881692
2.9479
0.276929
1.75057
0.113432
2.00373
0.495097
2.33272
2.59675
0.198794
0.553166
1.82991
0.056907
1.84865
2.29872
0.603659
2.55653
-0.500632
-0.0571523
0.670574
2.37482
0.104962
2.43662
0.213769
2.20691
1.93712
1.55452
0.652196
-0.208924
2.50527
2.56942
2.12516
-0.0472335
0.524853
0.0980183
0.237522
0.376722
3.00562
-0.00207698
1.27431
-0.22327
2.4671
-8.28225
0.524989
0.321895
1.19135
2.1193
0.548282
0.311438
3.40453
1.8909
-0.249325
2.43466
1.75778
1.82765
0.392191
-1.22899
0.273399
1.5833
0.568497
2.08759
2.38955
-0.294874
0.535193
1.97612
0.648681
-4.37931
1.88939
1.08565
0.57027
1.29825
0.529594
1.38292
2.35119
-0.316836
1.32007
2.38479
2.08036
-0.640612
2.29963
-0.344092
2.0335
0.160071
0.0202226
0.775158
2.62418
0.4311
1.92813
-0.173588
2.23427
-0.357879
0.286957
1.40562
2.72978
0.0435041
1.88525
0.919748
-8.39602
1.86091
-0.40478
2.19188
2.49738
2.01112
-0.0862852
2.80049
0.601743
2.12205
0.285701
-0.503595
-2.33732
2.14524
-2.81214
1.54119
1.77759
-0.519665
2.16127
2.08809
0.771214
2.11738
0.99434
-0.111652
2.91267
-0.373426
-3.76188
-0.0583361
2.03557
-0.11273
0.737201
1.9168
1.92603
0.350861
1.24561
-0.265275
1.36405
-0.944085
-0.317836
1.57954
3.09194
-0.109901
2.15585
3.34802
1.23791
1.41952
-0.655851
2.03181
-1.54768
0.980373
0.136874
0.798031
2.49608
-2.55034
-0.70013
1.91469
1.76348
1.28808
1.15061
0.218033
0.819453
1.22443
1.14069
2.18324
1.79913
-0.0196897
0.929984
-0.752597
0.420825
2.16873
0.0223236
1.84465
1.93097
0.359531
0.540576
2.81803
0.566956
0.283859
1.76234
1.77373
1.42567
1.71172
0.189481
1.64068
1.55133
0.00285231
2.4234
-0.824672
1.06388
1.46965
2.49724
1.38051
0.90956
0.66908
2.55909
2.52245
-3.17474
1.77653
1.2447
-0.936561
1.43779
1.625
1.02371
-1.10929
3.48233
2.73012
0.0332126
1.45491
0.661764
0.236934
-1.39156
1.14872
0.818749
2.40472
-3.07327
-1.85126
2.59347
-0.273357
0.0255869
0.224506
2.16549
1.04208
2.23592
0.20491
0.253698
3.04191
3.1991
1.79585
0.506214
0.0054558
3.91764
0.563616
2.62293
2.13045
0.266468
0.412834
-0.191013
0.176903
2.52899
-1.03375
0.0734606
1.43875
0.140585
0.484449
-0.0946577
2.7637
-0.436379
-0.0245957
-0.61482
0.425948
0.813923
0.312378
0.180078
1.01859
0.673966
0.596299
0.181664
3.09261
2.08768
2.27145
2.27535
1.196
0.235994
3.0541
0.425916
0.615747
0.226327
1.69076
-0.457016
0.736721
2.58695
-0.169909
-1.59222
0.634103
2.17434
1.5327
-0.211707
-0.30638
2.11521
2.20229
3.01727
1.77704
2.17979
2.41294
2.37039
0.492521
2.3304
-0.949137
0.967736
-0.911652
0.0654373
0.265
0.791121
-0.483456
2.13339
0.750818
0.320695
-8.2739
0.43567
1.26026
-0.783434
0.589139
-0.0945159
2.11477
2.84763
0.0180891
0.259897
-0.233885
0.193273
-3.60421
0.377454
0.833399
2.11565
0.330557
-1.64425
-0.0255899
0.203735
2.04138
0.440662
-0.071145
0.505048
0.322728
1.09388
0.102202
0.990772
1.15505
3.17957
0.395681
0.0466529
2.58961
0.0569341
0.157086
-2.4223
0.921504
-0.0290765
-4.59624
0.00885593
0.249258
0.640681
1.46004
-0.270811
-1.41771
0.0838199
-0.24879
0.309697
-0.602722
0.249292
-0.146333
2.65992
0.229357
2.2429
3.7523
2.72949
3.29086
-0.00496252
2.5672
0.339461
0.534175
0.143135
0.440852
0.402482
0.104017
0.368157
0.365767
1.92592
0.165099
1.8178
-1.96077
0.00940728
0.368345
0.190011
2.23998
1.16988
-2.48899
1.44387
-0.656568
-3.3434
-3.42887
2.18529
-0.941462
-0.958569
0.283432
0.467731
1.86863
0.313933
-6.09255
0.127233
1.90458
0.0408121
0.29852
0.812918
-0.196653
-1.67713
-2.82353
-1.51325
-0.0552682
-0.0769197
-0.0221706
-0.874025
-0.0240977
0.756364
0.41641
1.96627
0.31879
0.465434
1.35442
0.258325
0.380168
1.03659
3.5364
0.468473
0.742862
0.176642
-0.274589
-1.82583
2.00563
0.351155
0.118979
2.0986
-0.580823
-0.245784
2.38701
-0.660858
-1.27007
2.6141
1.73266
0.519307
0.499113
-3.55955
0.0564856
-0.531712
2.0224
2.41504
-0.531216
-1.11699
0.570319
-0.942975
0.34442
1.6784
0.163952
2.54798
2.71284
-0.0838592
1.44237
-0.608981
-3.1794
-0.172182
-3.25464
1.69642
0.667289
3.31605
-0.835561
-0.80039
3.58811
-0.672643
-3.86588
0.0539394
0.134841
1.72045
1.69524
-0.418819
-0.269048
1.33334
2.87428
0.151835
2.91464
0.389409
-3.83981
0.166318
-1.40375
0.0157123
0.435702
0.280629
0.213052
0.292015
2.40121
0.949722
-0.351691
1.61499
3.59545
-4.73791
-0.299764
-0.582159
0.241044
3.52724
-0.653663
0.876573
0.641007
-0.621121
-0.32098
-1.07864
0.599808
0.394146
0.37388
0.685027
0.621185
-0.976564
3.01865
0.179621
-3.17235
3.06822
1.64387
2.57652
-3.53248
1.88746
0.593301
-0.480659
1.63774
1.7486
2.71524
0.946716
0.291464
0.939667
0.672829
0.149506
-0.183617
0.468099
0.42825
-5.79294
1.19283
0.487168
0.234856
0.911294
-0.891965
2.95652
2.16236
2.09644
0.343226
-4.00549
1.69089
-2.64435
0.196932
1.93296
0.448116
-3.01446
0.0661794
2.76687
0.152402
2.65461
0.244984
2.5175
-2.85209
2.73269
1.16067
1.26213
-0.846844
0.380792
1.93291
1.18612
0.409591
0.518394
-7.30102
0.667552
-0.268271
2.92139
0.283215
0.671587
-0.346564
0.851367
2.50513
-0.0244298
-0.121026
1.61061
2.93236
0.02582
0.356873
0.388162
0.715224
-0.228413
0.599289
1.85395
0.0909145
0.930741
1.88309
3.1563
1.63579
2.48741
2.41354
-0.356237
0.339483
0.347677
2.91186
3.46522
0.0152701
0.837653
0.325331
-2.76968
-0.240361
0.245798
3.06748
-0.282273
1.96028
0.400486
0.95092
2.6201
1.93459
0.248298
-0.652632
1.90858
2.75834
0.528747
0.465275
0.777341
2.22172
1.19784
-5.79268
0.0199015
0.523235
-6.9396
2.22257
0.0163263
-3.20143
0.167844
-3.67486
2.13607
0.191045
-1.49165
0.313722
1.34878
2.99255
0.606466
0.0782098
0.966872
0.122477
2.09572
3.5522
0.289339
0.0802943
-0.330438
-0.20221
1.1085
0.25088
0.26605
3.45508
0.204806
2.85637
-0.0359628
0.587484
0.888936
0.0621316
-1.16741
0.474856
-3.80628
1.66043
0.654298
-0.280515
-8.16373
1.11932
0.244007
0.238102
-0.933849
0.926056
1.38834
2.77755
0.47703
0.52934
1.24853
1.21031
0.210178
-0.0633183
2.72959
-0.0130817
2.0926
2.46287
2.00864
0.0391071
1.17625
1.97693
0.424001
-1.33534
0.551108
1.2024
2.72238
2.75037
2.33651
2.16653
-0.84912
-0.11417
1.03128
0.549841
-0.219771
3.31816
2.05019
1.10586
1.94877
1.14265
-7.96708
-0.0334042
2.41425
0.667314
1.90371
0.621896
2.59167
2.0921
-1.70516
2.83013
-2.15628
-0.0786084
-0.0557427
0.131417
-0.211513
0.589107
0.249663
-0.0745923
1.73054
0.0215184
0.611228
0.125797
0.604533
-0.452147
0.319952
0.665867
2.93324
0.225612
0.275331
-0.379411
0.821423
2.51902
1.18374
-0.0883325
-1.8198
-0.708276
1.40113
0.311783
0.167398
-0.681013
0.37898
0.20111
1.90304
3.7265
3.5538
0.196903
0.677475
-8.25577
2.8952
2.21254
2.28938
2.34959
-0.408357
3.16714
0.478481
0.233018
0.822969
-2.92557
2.48452
-0.11053
-0.374613
1.40774
1.60158
-3.1745
1.58556
2.56575
1.5628
2.54142
0.691394
1.97247
1.79685
1.04738
-1.96246
2.93375
0.157495
1.15856
-0.756393
0.201712
0.0933905
0.915297
-1.17656
2.22463
2.59754
1.54168
-0.218739
2.45338
1.07616
-4.16277
1.42624
1.36755
-0.269162
1.1934
2.48693
0.238085
0.476009
0.973002
-0.454946
0.133284
0.0935876
-3.26157
1.07578
1.83755
3.04297
3.3987
-0.218395
-0.182981
1.52704
0.310095
-2.14496
2.63584
-0.251621
-1.66269
1.12778
-0.629009
-0.327618
-3.86376
1.31589
-0.0312829
1.08531
2.60852
0.798658
-2.79453
-0.529725
2.87798
0.435804
-2.63602
0.0624853
1.71774
0.0128459
1.93586
0.375942
2.64109
1.86313
1.75116
-2.46913
0.439294
2.88511
1.26528
0.351021
-2.55231
0.00464821
-2.96743
2.02656
1.58148
0.925855
-5.03819
0.080643
1.45398
0.25306
0.388179
0.556679
1.93926
3.23187
0.345545
0.219918
-0.0783186
0.144627
0.311037
1.29269
1.62963
-0.0256631
-2.16892
0.952828
2.48776
-0.0576836
1.06797
1.83793
2.39602
2.68674
-0.113487
0.299415
1.5084
1.64157
-0.0314899
-0.699188
-0.0436869
-0.0131051
1.65162
0.013939
1.4233
0.104018
0.7312
-0.843773
0.735057
0.0271003
0.583521
-4.5343
2.60345
2.55623
1.70792
-0.431008
2.87707
1.94152
0.429397
0.182304
0.0723082
0.413503
-3.57009
-0.173946
-4.82444
1.37924
-0.526941
1.04563
0.0686448
-0.000237006
3.02074
1.53317
2.63448
2.50121
0.351361
-7.19271
-0.412892
3.30886
0.371517
1.13852
2.09129
-0.130887
2.29711
1.70755
0.713924
1.77275
0.49195
2.34237
2.58821
1.62124
2.21232
0.498275
1.69701
0.473637
-0.0619523
2.08632
2.83176
0.620563
0.354816
-0.0197458
2.9911
0.398069
-3.78264
-0.00180614
0.446424
-0.100628
3.34679
0.475245
0.425337
2.39065
-0.250504
0.594001
-1.73291
2.05826
1.72487
1.63369
0.482369
2.85945
0.218779
3.24115
3.2024
0.35766
2.04023
0.420167
0.831484
-4.62209
2.24424
0.0120176
2.61323
-0.706984
2.27556
0.629875
1.46558
2.52517
0.207762
0.116664
-0.440123
-0.0628841
0.0166914
-0.07095
0.200074
-2.49947
0.443431
2.7088
0.249096
2.94804
0.278188
-0.0161621
0.0919164
0.0048869
0.0808928
0.0596386
-2.57693
-1.78597
0.193365
2.61859
-0.7584
2.64791
0.140083
-1.10525
-0.809861
-1.8431
1.58402
0.963957
2.87035
0.642014
-0.369762
0.303181
-0.989081
1.99687
-3.77224
1.82229
0.306335
-7.84844
0.539298
0.194592
0.784122
0.58246
0.572231
2.51897
3.09457
0.399339
0.474046
1.99071
2.03416
2.94763
3.44628
1.42464
0.522936
2.12781
1.09035
-0.164194
-0.0264636
2.89603
-0.688232
1.26075
0.0134409
0.762173
0.305116
-0.680059
0.425219
0.707883
0.838391
3.4135
0.317088
2.17039
1.98134
-2.90544
0.6114
-0.514068
2.12969
-0.793751
0.145886
0.551965
-1.14174
1.77458
0.72124
3.15638
-0.13234
2.67311
-0.571239
3.28439
2.24378
2.11407
-0.03444
0.00291266
0.409714
-0.0927312
-0.0710717
2.40781
2.42159
1.92088
-0.168192
3.28369
1.59611
2.1401
-0.775872
-7.99824
-0.229761
0.215965
2.0939
0.269401
-3.6829
-0.230224
0.268688
2.77643
1.76978
-7.76091
1.2043
0.428493
-0.816709
0.821406
0.417903
1.56603
-0.0171975
0.0537212
0.356792
0.41401
-0.472794
-0.24875
-0.198685
-0.135258
0.42092
2.00672
0.32579
1.57565
-2.36755
2.38859
-0.0540379
-0.401713
0.681592
0.533338
-1.12906
2.93698
2.11863
0.98236
0.478833
2.53758
0.219736
-0.074731
0.227104
0.125218
0.31547
1.36291
1.69858
0.41659
1.14837
2.69188
-1.27876
0.534048
1.36755
0.813881
0.0188896
2.44397
-6.63317
2.72609
1.48873
2.33503
0.311858
0.0309804
-1.94303
0.417687
2.68625
0.273546
2.21668
1.14417
0.19181
0.733884
0.218842
3.15264
1.49014
0.679789
1.06395
0.292895
-2.39492
2.52914
-0.555549
1.79842
2.24213
3.46581
2.28431
-0.144991
-0.289205
0.0147628
0.135302
2.5449
0.241581
0.359379
-2.15861
-2.66493
2.54561
1.22095
-0.0983591
0.366111
2.477
3.25774
0.444296
0.299757
2.49481
2.29987
1.92553
2.65268
0.31256
-0.0458867
1.98337
-0.0328041
0.692633
0.268852
-0.0479817
2.59211
1.95098
0.03037
-0.730109
2.45202
-0.270392
0.0516549
0.404416
1.46403
2.08696
2.69014
-1.83391
0.128081
-0.0481844
3.39985
3.80838
2.15633
2.23218
-0.135545
-0.381928
3.36044
0.802577
0.00720936
0.229404
-0.101884
-0.20226
-0.0946069
-0.364806
1.51503
0.459473
-1.70989
2.21096
2.03736
-0.00961184
-0.517132
0.2166
1.36899
1.30937
2.5625
-2.26154
0.290533
0.646913
1.1989
-8.09736
0.353264
2.38887
2.14214
0.0485737
2.51132
2.33028
1.583
1.16534
1.12063
0.0220871
2.02865
1.26532
0.278591
0.452899
-0.0214309
2.44808
0.00640487
1.28189
1.5128
1.97651
-0.0316805
2.22548
3.87468
-1.26799
1.81071
0.779591
-0.456851
3.14019
0.426868
1.18575
-1.04555
0.267328
-0.952339
0.77278
0.684099
1.62428
1.14538
-2.6428
0.380316
-0.375535
2.56596
1.50736
-5.40558
2.21438
1.89648
3.05991
3.79379
0.3314
1.80385
0.25176
1.45368
0.267968
1.16504
2.95152
2.56359
0.279638
0.243184
1.62589
-0.0663892
-0.103156
0.367348
0.0565428
-0.193422
3.87857
0.0274562
0.316517
2.48251
1.05784
1.62768
-2.68701
0.0720221
0.559977
2.40607
0.228228
0.381927
0.778132
-5.8732
-0.663734
0.0133631
2.19379
1.38686
2.08437
0.184895
1.54448
0.562594
2.10035
-0.00407165
2.01446
2.16068
2.63841
-0.549665
-8.11078
1.65956
0.100662
-0.473523
0.680158
0.917728
-1.2272
3.01072
-0.0714687
-0.946545
1.42108
-0.513403
0.0991553
0.0105659
0.30115
2.14614
1.50383
-2.41185
1.01688
1.31617
2.16001
0.87116
0.2643
0.43139
3.2536
-0.32435
0.980023
0.728359
0.328445
0.757651
-0.193234
2.05532
2.26898
0.0231652
-0.2137
0.246559
-1.07649
-0.183265
1.46752
-0.223914
-0.192807
1.37886
1.14637
0.435919
0.248229
2.67062
3.4093
0.18008
2.40743
3.38928
1.21412
-2.05773
0.0277635
-3.20873
0.301072
-1.1503
-2.92082
0.269894
1.69593
-2.49123
1.19177
0.682714
2.23615
0.807132
2.26559
-0.735561
0.28161
0.818757
3.13272
1.67092
-8.31778
1.43869
-0.18533
-2.55268
2.59001
1.77349
0.25302
1.89871
0.586915
0.567429
2.1757
0.561933
0.017839
-0.0913905
1.74058
2.3786
3.40527
1.15174
2.0473
-0.580344
1.61757
-1.68348
0.388892
1.4281
0.289296
0.772924
2.34252
2.05852
0.750667
2.50393
-0.0405949
1.97474
1.30308
1.63351
0.713037
2.14137
2.10496
-2.55143
2.3758
0.273145
0.311344
0.748509
3.11215
0.554749
1.20798
0.905362
0.775022
2.99799
0.849867
3.30824
-0.00819927
0.249971
2.21071
0.914473
0.827393
0.824925
0.745893
0.204386
1.72373
1.49298
3.11595
1.62979
1.45183
)
;

boundaryField
{
    SideWalls
    {
        type            empty;
    }
    Top
    {
        type            zeroGradient;
    }
    Inlet
    {
        type            zeroGradient;
    }
    Bottom
    {
        type            zeroGradient;
    }
    Outlet
    {
        type            fixedValue;
        value           uniform 0;
    }
    Plate
    {
        type            zeroGradient;
    }
}


// ************************************************************************* //
