/*--------------------------------*- C++ -*----------------------------------*\
| =========                 |                                                 |
| \\      /  F ield         | OpenFOAM: The Open Source CFD Toolbox           |
|  \\    /   O peration     | Version:  2306                                  |
|   \\  /    A nd           | Website:  www.openfoam.com                      |
|    \\/     M anipulation  |                                                 |
\*---------------------------------------------------------------------------*/
FoamFile
{
    version     2.0;
    format      ascii;
    arch        "LSB;label=32;scalar=64";
    class       volScalarField;
    location    "2.7";
    object      p;
}
// * * * * * * * * * * * * * * * * * * * * * * * * * * * * * * * * * * * * * //

dimensions      [0 2 -2 0 0 0 0];

internalField   nonuniform List<scalar> 
5098
(
-0.733433
0.448845
0.253427
1.84493
-0.305022
2.06051
0.152219
-0.422753
0.251726
-0.0813475
-0.408465
0.726462
0.329688
2.32294
-0.19732
0.0294702
-0.413204
-0.487717
-5.78306
-0.421159
1.31055
0.0450223
0.850192
2.83103
-0.48013
1.99423
1.26604
1.33071
-5.57712
0.571011
0.589036
2.4899
1.472
-0.249965
-0.294935
-2.42462
1.49105
1.49448
2.23472
1.01875
1.80891
-1.03002
1.96741
0.155092
-0.221815
0.606669
-0.439066
2.52408
0.588092
1.88163
0.173453
1.70442
-1.54779
1.36257
2.06183
1.9776
1.45147
1.73031
2.49566
-0.00910223
0.0797748
-0.470462
-0.317208
0.353962
-1.66277
2.3496
0.0191356
0.146125
1.1764
1.64411
1.39358
-0.187596
1.16429
-0.0818804
0.054159
1.88112
0.0650823
2.02016
0.109746
1.90599
-0.0146239
-1.82529
1.81937
-0.276156
-0.492891
0.510325
3.07525
0.0874409
-0.610405
0.065695
0.810494
-7.30252
0.726275
1.84666
2.24508
-0.498623
1.62104
2.06173
0.0748083
1.19163
-0.430926
2.00247
-0.0652022
0.138807
2.03171
-0.509291
1.30766
0.160503
2.56315
-0.424692
1.74566
-5.62337
1.42216
-6.49955
1.24636
-5.97722
-1.4971
-1.52843
0.0962365
2.80794
1.66983
0.286603
-0.0516839
-1.5403
-8.63268
-0.427461
1.28319
0.891934
2.28121
-6.98458
-0.673644
2.42959
2.39996
-1.28031
-0.304772
-0.739597
-1.34319
1.27507
2.2583
1.35635
1.72492
-0.328085
1.24779
0.28315
0.632786
0.125689
1.2277
-0.233324
-0.653932
1.03114
-0.922433
-4.85835
-0.266719
1.51289
3.09505
2.75507
1.73449
-0.392119
1.81329
-5.37712
1.35911
-0.20998
-4.82172
1.68223
-0.488295
0.430957
-0.337068
0.514246
-0.480437
1.72566
-0.37861
1.88563
0.30207
1.34136
0.60571
0.70649
1.77397
-2.14881
1.75522
3.08061
-2.62593
-1.38215
1.62953
-0.486939
1.64576
-0.915576
1.98993
1.45916
1.85651
-5.62332
-5.43441
0.270898
1.11628
0.0455949
0.469089
-6.83742
-1.92768
-0.806971
-0.00844683
1.69265
-0.636399
1.7001
-0.243102
0.456984
1.30402
2.75308
-0.492386
2.28702
0.886256
1.10303
1.50852
1.6701
0.264418
0.522882
-0.411729
-5.40666
0.0372708
-0.441685
-8.22952
0.694316
0.754302
1.98345
0.102918
0.74148
-4.45098
1.4209
3.00957
1.3772
1.25644
0.186696
1.39766
2.88058
-1.74243
-0.00157043
0.364973
0.40904
1.00874
-1.98894
-1.17252
1.65609
-1.9279
0.240061
0.156222
2.6008
1.282
0.801598
2.2799
-0.435744
-0.407116
0.748452
0.269073
1.28025
-6.2866
-1.07082
1.53891
-2.53013
-0.28932
-0.0689912
2.4875
0.08389
-0.888339
-2.19814
-0.484762
1.17931
0.00409764
-0.475631
-5.41787
-0.408624
-0.981236
1.67766
-4.86314
0.0702561
-5.45325
-1.32304
2.45947
-0.00778985
-0.9313
-0.88475
0.622929
1.51614
-0.620598
-0.352549
-4.0815
-0.416953
-0.27009
-0.259993
1.54374
0.139321
0.433702
0.792001
-1.58504
-9.94225
2.59958
-0.144706
1.24973
-0.0245654
-0.182529
0.538707
1.20218
1.48918
0.141874
-0.487525
1.94515
1.22073
-0.47471
1.47518
-1.87018
0.706416
1.60073
-0.435819
0.851566
-6.41405
2.0204
0.00339159
0.288724
3.07677
-1.36475
0.10073
1.01548
2.69197
0.0926306
-9.26148
-0.990077
-8.0277
0.0467392
2.26614
0.36002
1.32133
2.53738
0.0876883
1.6216
0.972894
2.26088
0.531257
1.60421
0.19128
0.562561
1.90475
1.16396
1.60488
1.20968
1.67411
0.188946
1.42466
-5.30286
0.114909
1.32923
-5.81711
-1.5005
0.723948
0.344771
2.66426
2.66861
-0.62015
-0.0106266
-0.562034
-0.659859
0.587178
2.24485
-0.138235
1.35844
1.29304
0.902137
0.103547
0.15687
2.48538
1.43901
0.955169
0.60243
-2.71223
2.40209
0.0991251
-2.77127
0.0799211
-0.192617
-0.469604
1.6506
0.179338
0.573418
0.0902096
1.39274
-0.426942
1.52102
-0.522184
0.250068
-2.27672
-0.220951
-1.72652
1.77722
-0.100779
1.21447
0.273875
1.43972
1.75106
0.962072
-2.90399
1.91223
-7.0705
0.467943
-0.314624
-4.68231
2.63875
1.928
1.38889
-5.90986
0.396133
1.39689
-0.478891
0.225475
-0.611817
1.39509
-0.153027
-2.01637
-0.000424289
-1.70633
0.0863119
1.21079
2.63185
-2.14828
0.64677
1.33335
1.99169
-0.060626
0.734459
-0.564977
-7.62037
-0.105598
-0.183236
-0.070699
1.3549
0.0406887
-5.46959
0.0214744
1.48407
-2.01547
-8.15286
0.183638
0.890456
1.13688
-3.54362
1.75071
1.60288
1.04378
-0.409687
1.177
-1.74908
-1.14604
-0.176458
-5.42891
1.30775
-0.420798
0.902943
1.43641
-0.387785
-0.39587
0.226937
-1.01909
0.608543
1.39517
-2.8873
1.94068
0.0821005
2.62157
-2.4532
1.78458
-0.462447
-5.30521
-1.16484
-0.473626
1.77041
-5.14896
0.559747
-0.195422
-1.10705
1.25966
-5.47121
-5.21161
2.00876
-2.98881
0.728235
0.740124
-0.875408
-7.79022
1.11716
-0.0239094
1.55944
0.237344
-0.271131
-0.139668
1.42243
-2.77193
-0.217809
-0.481299
-3.00049
-7.88571
-0.0235811
2.13163
-3.54481
2.05534
1.51882
-0.478002
0.862659
-5.42084
-0.484427
-5.41167
-4.07312
1.06397
0.780499
-2.71384
-0.180976
-9.17364
1.39338
1.51739
0.40881
0.613427
1.32763
2.69159
-0.884177
-0.311337
2.17921
-0.481064
-0.27713
2.63288
0.0870212
-3.52894
0.0183191
-1.43733
-4.36037
1.33197
0.617802
0.316017
2.98707
-0.518742
-0.0546124
-0.34813
-0.319885
0.168076
-1.64977
-5.98216
-0.388359
1.32731
-0.0613244
-1.01309
1.65129
-0.403127
-0.474032
-0.179542
-0.329566
3.01643
-3.11503
-2.1396
1.5966
0.163618
-4.49842
-0.564822
-0.374198
-0.670092
2.04011
-0.41479
-0.606524
-0.393544
-0.213181
1.61181
-8.06866
-0.141726
-7.14684
-6.91885
0.102551
-0.474836
-6.13598
0.713975
0.457388
-6.7899
1.27458
1.68211
3.02089
-0.190301
1.61012
2.3022
-0.47175
0.173082
-0.851296
0.629912
-0.284982
0.338604
-0.0096376
0.0937653
0.949361
0.551215
-0.92795
-10.1597
2.62042
-1.15908
-0.499647
-0.205078
1.59474
0.890159
0.899507
-2.6126
-2.30227
0.0870056
1.89003
0.595514
0.219637
2.43077
-0.264621
2.30584
-0.481477
-0.816249
-0.197233
-0.324427
-1.27825
-9.20494
2.36271
-2.44997
-2.33648
2.39544
-0.511542
-0.174706
-0.285308
2.59968
-5.89679
2.12963
0.174325
0.0891057
0.268447
-7.48012
1.05278
-0.206053
0.0566632
-0.568574
1.26796
1.81888
-0.487085
0.145833
1.74486
2.53098
-0.983915
1.54357
3.00134
-2.14257
0.838925
-0.408007
1.50176
2.13687
1.85962
-4.86162
1.36953
0.421329
-0.48298
1.25898
-0.157119
1.69889
-0.337453
1.43869
0.859435
-0.249092
0.0811408
0.40632
1.41978
1.81303
0.133027
-0.457949
2.51209
1.60207
1.93746
0.280931
-0.206321
0.0986741
0.100626
2.44481
2.64951
-3.21764
1.55746
-0.480502
-5.38488
-0.071416
1.43379
-5.25029
-5.38845
-0.480381
-0.467225
-0.0561174
0.639438
-4.85373
1.50763
1.87566
-5.50815
1.92296
0.0566963
1.51366
-1.97203
-0.430188
0.126974
2.56564
-0.163725
-0.252184
-1.03743
-5.78639
1.28546
-0.356768
0.745035
2.37208
-0.485275
-0.508958
-3.45183
-0.752481
-5.18206
1.85592
-0.820371
2.59201
2.50712
2.34471
-0.492473
-8.54469
-5.13568
-5.2806
0.128566
-10.8004
-4.5093
-4.85039
-0.497705
1.95413
-7.02287
1.69687
-0.482421
2.31412
1.31303
-6.25213
0.252084
-5.6331
2.90633
0.113267
1.29427
-1.01954
-0.523819
-0.410281
-0.510091
-4.11376
1.86482
-0.202671
-0.329204
-5.5471
-5.98573
0.852724
-0.472912
-0.068128
0.0724296
0.336308
0.330332
-0.609366
1.83571
2.34363
-5.10636
0.987463
-0.489169
1.74275
-5.25061
-0.887003
0.955375
-0.483359
0.148062
-6.42052
-0.189822
-0.751022
-0.33055
1.61975
1.11146
-4.51819
-0.123816
0.909331
1.27867
-0.0576448
0.482837
-0.616975
2.95589
0.994594
1.71038
-0.0740406
0.728031
-1.29479
-1.01778
-0.172615
-0.752299
-0.325121
2.42729
2.08528
-0.453533
0.792975
-0.472874
2.1617
0.61806
-5.43748
-2.27711
-5.74159
-5.39202
0.0599612
0.204947
1.54372
-1.36891
-0.123591
-8.41559
1.18916
-0.438476
-9.75431
1.93485
0.775056
2.47439
-0.273221
1.60867
1.91571
1.77855
-0.238017
1.61249
-0.132416
0.327185
0.294874
-0.861201
0.869309
-8.97336
-1.12618
-0.41418
-0.7808
0.677841
1.3954
0.467372
-7.85232
0.370212
3.05565
-0.466234
1.69889
-0.000470374
2.37039
-7.26585
1.39844
-0.329057
-0.555869
2.53497
-0.267076
-4.63703
0.619803
2.62135
1.64845
-0.354856
-0.560806
-1.85758
-8.88183
-2.91288
-10.6994
1.73928
-7.11339
-6.43345
-5.15142
1.09983
0.00968449
-6.38449
-0.60808
-4.73635
1.03146
0.0384359
1.52705
-0.362579
-6.19191
2.38642
-3.47748
-1.93536
-7.04182
0.312221
-6.06191
-1.76454
-1.21811
-0.000111727
0.0566376
1.28528
-1.12017
-0.639657
-5.90099
0.187777
0.153683
0.366862
-0.125812
-3.68076
1.37861
-0.324525
2.30024
1.85302
0.54458
1.90112
0.542743
1.26581
2.78805
1.9081
-1.1164
-0.440773
-0.0524702
-0.445039
-0.570075
-0.487079
1.62484
-4.22343
2.1711
2.2606
1.47337
1.45045
-0.963925
0.738589
-2.16131
-0.0107033
2.41526
1.73737
-0.183937
-0.0327157
-3.70371
-0.571124
-0.294935
-5.63349
-1.88855
-0.478816
-0.0793664
-0.426897
0.516025
2.48876
1.55147
1.792
1.62764
1.81749
0.067354
-0.142497
-0.278373
-6.22003
0.538038
0.249621
1.22648
0.98726
2.57364
-0.648525
-0.58786
0.0909977
1.44459
-0.379912
-0.0999496
-8.70501
2.8732
1.5456
-9.79822
1.43087
-0.48567
-0.930844
1.28936
1.67541
0.831314
0.426633
0.64382
-0.376293
-0.0145781
0.200242
2.42728
-1.38303
2.14548
-0.623513
-0.372036
-1.2775
1.18174
1.80814
-0.8529
0.0932461
2.85638
0.464036
1.2522
1.27362
2.65162
0.115851
1.65272
-0.258825
1.67364
0.0993927
-0.0639294
2.17842
2.96264
0.389422
-0.38239
0.0873544
-0.491363
-5.57646
1.57394
0.764629
-2.62555
1.39958
1.87113
1.37551
1.47855
0.149447
1.58524
2.19295
-0.549167
2.7224
1.83425
0.778799
0.0050075
-1.17812
0.173291
1.56367
0.299434
1.61007
1.83301
1.44683
-0.727958
-0.690275
1.88512
1.16239
2.08155
-0.168224
1.38254
1.69946
1.07762
1.93392
1.93827
0.121975
0.133807
1.48383
1.89217
-0.719881
-0.28677
-1.06242
1.88325
0.29637
1.65535
2.65545
-0.478721
2.57518
2.8216
-0.104535
-0.447173
-0.0754538
3.02341
-3.75015
1.82606
2.67376
0.660385
-3.28971
0.820005
1.13723
2.79941
1.12956
1.1317
2.91032
2.11927
0.112326
2.88959
2.3658
0.116751
-0.459928
-8.00018
0.0220319
0.340717
1.78567
2.33539
-3.73255
0.0125363
0.932386
0.477473
2.06286
-1.89715
2.5049
-0.851217
-1.11211
1.25621
-2.33383
1.84708
-0.279567
1.18947
-0.478366
2.34197
1.56613
1.52581
1.60267
-0.761492
-0.0878434
-0.00406873
0.886523
0.953507
2.4814
1.72002
0.029189
1.01993
0.43208
-0.482597
2.31683
0.104338
1.93073
-0.129898
0.0192251
-0.490883
0.248743
0.794243
2.61738
-0.225527
1.13129
-0.480707
-0.355362
2.23835
2.18427
-0.48287
2.18653
0.541127
-0.486666
0.258202
0.932007
2.98008
-0.105148
-2.93766
1.98458
-0.337443
1.64656
-4.77637
-1.40412
0.147366
-7.37311
-1.48337
0.454184
1.65084
-0.000903795
-1.26371
0.00899249
-0.324155
-2.16005
0.718644
2.51145
1.21539
1.03289
-0.338572
-0.355233
0.226798
1.14894
-0.305576
0.0140871
0.0925318
0.00373245
0.112489
1.09618
0.547129
0.689766
1.12316
0.992993
-1.61796
-4.60709
0.263019
-0.562307
2.85819
0.942034
0.573698
-0.309592
-0.540515
-0.627584
0.0270044
-0.469696
-1.18472
-0.143739
-0.493533
1.65234
0.356718
0.0558099
1.77376
-1.66285
-0.7449
2.45929
-1.9766
-2.06699
0.502581
1.46237
-0.462376
0.321837
-0.516262
0.101596
-0.419571
-0.249041
1.82974
-0.490645
0.898714
0.0955651
-0.502762
-0.491535
-0.151736
1.3048
0.21343
-0.477436
2.45731
-3.85826
1.59577
-0.785922
-3.26909
-2.29829
-0.244862
-7.13824
1.50094
1.46186
1.55798
-0.171007
-0.992638
2.18466
-0.519227
-2.62134
0.016412
-0.494907
0.0824456
0.170146
2.22204
-5.09383
-5.6982
-0.38415
1.10075
0.967125
-1.01513
0.995212
0.156582
-0.39049
0.462272
0.8472
0.57301
-0.107169
-0.644292
2.31898
-0.0897999
0.0545786
0.882507
0.0140252
1.03571
-0.721555
-0.189293
-0.323929
1.12252
0.0446406
0.138388
0.651733
0.0127616
0.209029
-0.336908
1.58303
-0.0198427
-0.356655
1.38078
1.32922
0.0726956
0.817031
0.770568
1.49927
1.8699
1.64895
-0.161469
2.53145
1.21522
-1.8611
1.04429
-0.829784
-0.412994
0.0699539
0.644862
-0.702701
2.5495
0.393433
0.413276
-0.280566
0.610036
-0.292189
0.481052
-5.00135
1.23101
-0.302148
1.40416
0.84297
1.49225
-1.04321
1.92733
-0.658974
1.46853
1.55695
0.512265
-0.294875
-0.957034
-0.450217
1.75831
-0.558235
-5.48743
1.74419
0.956159
0.0727653
1.77561
1.18877
-0.509446
2.35304
-1.89076
0.177352
-0.804742
-0.969779
0.0653254
-0.12037
-0.390803
2.59231
-0.00619679
0.463952
-0.173711
-0.428474
1.57512
1.9143
0.0125288
0.0601487
1.38707
-4.56195
1.35838
1.50898
-0.141849
-0.200122
1.00952
-0.0660735
2.62553
-9.05924
1.18893
0.0317077
-1.34681
2.53908
1.63747
0.28795
2.10247
-0.40388
1.92073
1.8708
-0.715869
1.44657
1.368
1.11911
1.4422
-1.04054
1.56223
-0.0394412
0.730388
0.00248015
-5.76751
1.58521
-2.66784
-8.14425
-0.0285105
-0.019833
1.09739
-10.0322
1.37435
0.308401
0.782888
1.44308
1.1703
0.317815
0.254991
-0.456146
1.42007
0.79782
-0.992795
-0.635169
-0.356117
1.53595
-0.770763
-0.563408
1.30182
-0.643754
1.86201
0.89012
-1.32658
-7.8249
1.70624
1.87483
-0.278995
1.27288
-10.3383
-0.541215
-6.1235
0.361573
-0.472023
-6.27374
2.78854
0.663787
-8.58338
0.0427865
-0.363154
1.43459
0.822954
-0.668369
-4.91462
-0.481368
-0.408212
-11.0042
1.0798
2.32704
-0.277072
-0.586275
0.0361106
-2.76941
1.80499
2.82185
-3.6035
1.00201
1.54225
-3.74538
0.406984
2.54194
-3.94289
-0.605855
1.22283
1.29527
1.17773
-0.415399
0.8024
0.0130133
0.899728
-2.18555
0.0774308
1.50877
-0.177076
0.263045
0.854644
1.37563
0.88275
0.0979098
0.635341
1.53938
1.11538
1.3275
2.63981
-0.986041
2.47494
0.0619466
2.41979
2.95111
-2.86155
0.242659
0.426405
1.36854
-5.30858
0.686478
0.902985
0.0648884
1.60002
2.15999
1.65771
1.70735
0.424129
0.991459
-1.32352
2.88107
-0.860253
-0.115364
-0.471311
-0.573146
-1.83121
1.59499
1.70275
0.773834
1.78159
-2.36998
0.108909
1.85639
1.39049
-0.120572
-0.253633
0.0342902
0.003052
0.398292
1.57463
2.76046
1.38897
1.99342
1.91972
1.62019
2.64498
0.95603
1.43826
0.207769
-0.442675
0.691472
1.12634
1.11158
2.91557
0.384016
0.719621
0.00454346
0.0908776
2.79203
0.929573
-0.232329
-0.897499
1.21192
-0.89546
0.0361998
2.07155
1.48657
1.32885
1.57896
0.108006
2.13366
-5.41365
1.30772
0.25834
0.0192429
-0.078929
2.31389
-0.0897982
-0.277296
1.55471
1.4032
-0.383034
1.29354
2.38214
-0.0969294
-0.481453
-1.0627
-5.67312
-0.284495
-0.560067
-0.383349
1.32333
0.495938
0.0737008
1.5494
-0.038989
-0.220132
-0.745515
-3.98818
-0.740588
0.259196
-1.1139
-3.72779
1.41462
1.34627
2.00528
-0.437866
0.593569
-0.137686
1.33983
2.29478
-1.13984
0.0358987
0.0664094
2.40012
1.14193
-0.34721
-0.591935
-5.49578
0.0564804
0.142982
2.54194
0.0704942
0.00593663
0.691104
0.499422
0.0172005
0.77712
0.279201
0.699152
-1.32453
-0.509151
-0.0762149
-1.82428
0.0452311
0.636849
-7.87295
1.60051
0.95408
2.70669
0.558175
2.44356
-0.686748
1.66818
-0.20318
-0.206587
-0.475582
2.25307
-0.250167
0.255225
0.186946
-6.60708
-0.606577
0.0183552
0.0624441
0.0480489
-0.05211
0.0172877
0.208778
0.993002
1.80099
-4.65074
0.159458
0.249433
-0.0192934
-0.180634
1.60553
0.253652
0.711424
-0.0761032
0.0601255
2.09574
-0.945726
0.661646
0.00441961
0.0617122
-0.181887
2.05831
-1.05707
0.0884602
0.0339344
-6.2338
-0.286481
0.0147619
2.42882
1.74871
0.0208572
-4.87597
-0.757221
1.48133
0.138764
-0.0797864
0.010466
0.592835
0.112199
0.0742717
-0.382818
0.00742574
0.634437
-0.518227
1.53596
0.293747
-0.52017
0.128822
0.576517
0.170633
0.0458187
1.50077
0.12686
-0.129046
-0.224753
0.0115409
-0.390686
0.0633539
1.56652
-8.68465
-1.1296
0.167922
0.0326415
-1.93982
-0.0706317
0.0460611
0.0300719
2.18567
0.999978
-5.65638
0.0658367
-0.473679
-0.42688
-0.246221
0.019685
1.51869
0.803151
1.17672
1.41979
0.0939682
-3.3894
-0.364628
-5.39372
-0.385672
1.68508
0.00881212
0.537905
-2.45571
1.7851
0.0671495
1.55918
0.15001
0.156384
1.9601
0.0361473
0.0390799
-1.62094
2.13257
0.213761
1.31689
1.52244
-0.587296
0.0442363
1.37371
-4.20843
2.08623
-0.215761
2.03321
-0.606545
0.056766
0.143774
1.5781
1.97841
-1.75715
1.28699
0.625348
0.00611398
2.25661
0.528472
-0.494008
1.42676
0.0722041
0.151475
-0.419522
-0.504377
0.0669038
-0.698186
0.00364966
1.29745
0.991672
0.0224187
0.067842
0.712025
0.141527
1.43954
-0.29154
0.0314689
-0.666108
-0.184599
0.0963856
-0.369983
1.23921
0.219448
0.0658263
-7.20702
1.61386
0.0268829
-0.443872
0.0107344
0.426604
2.40498
0.027419
0.00970109
1.08699
0.0258581
-0.0233871
0.0116323
-2.54587
-0.195248
0.0699077
0.07426
1.52631
0.00678688
0.0529527
-2.90635
0.051558
0.0500327
-0.112681
1.49244
-0.0887006
0.0215599
0.36215
-0.446097
0.14313
0.0580018
0.942606
-0.470975
0.215524
0.130555
0.135503
0.0833902
0.00959916
0.0154343
-0.541009
-0.235722
-0.277637
0.396802
0.865081
0.110505
0.677571
0.733163
0.0600417
0.0287987
0.745432
-1.48392
0.0247505
-0.235337
0.161278
0.32304
-0.966239
-0.486092
0.0216825
0.303993
0.173322
0.918035
0.826952
0.129344
0.238421
1.58537
0.102107
-0.480728
0.0506307
-1.83935
1.98215
1.40083
0.147828
0.051569
0.0443456
0.108246
0.0517432
0.0775005
-0.461703
0.155409
1.4148
0.283131
0.0733397
1.44818
0.111928
2.26038
0.060526
0.223016
0.214767
0.0441378
2.1014
0.0625328
0.0560139
-0.46809
0.0557116
0.999259
0.592302
0.0682277
1.53064
0.11756
1.14937
1.95459
0.824829
0.848906
0.0837965
0.87982
0.0895246
0.182228
-2.07801
-0.480738
0.0819454
1.87376
0.533951
1.37718
0.745807
-0.00192599
0.0725764
0.100003
-0.326114
1.05453
-0.447545
0.0542612
0.00751037
0.0559968
0.0310873
-0.0888017
-0.498311
2.45244
-0.511578
-2.92966
2.29776
0.206389
0.0576214
0.046358
0.0654449
1.3423
0.0727185
0.0571714
-5.55371
-0.47334
-0.0719486
1.52795
0.0944152
0.0749188
-0.907567
0.0288064
0.155749
0.0615539
0.0741241
0.0800255
1.49846
-0.7094
-0.373465
0.633453
0.0315906
-5.73213
0.138491
-0.539645
0.0304548
1.59301
-5.96514
1.86595
-0.0205643
0.0918133
-4.8531
0.0337405
-0.0122164
0.0798932
-0.487724
-0.339483
2.32447
-0.462603
-2.52327
0.0195875
-1.85968
0.0493738
0.102518
-6.31034
0.0142689
0.0385801
-0.0188373
0.0766349
0.0573739
1.8065
0.356464
-0.00856371
0.154314
0.0589403
-0.807194
0.116626
-2.9324
0.0769532
-0.012379
1.73492
0.11157
1.51691
0.0591529
0.0544249
0.0290485
0.00809134
0.0230392
-5.4143
-0.627547
0.102245
0.826432
1.28687
0.612845
0.0318298
0.0505441
0.0269204
1.70926
0.0799361
0.261624
0.836335
0.0178558
0.0669988
-0.00307612
0.0411953
0.0294011
0.0974792
1.50846
0.0102202
1.14236
0.0700294
1.54963
0.0699034
0.972324
0.0165507
0.0628877
-4.30056
0.0626272
0.0326901
-0.0489258
0.148295
1.12297
0.0360541
0.423511
0.081
0.0477666
0.235851
0.0773039
0.0554046
-0.972519
-4.18903
0.0494447
1.88687
1.3483
0.039739
0.0461817
-0.494544
0.0308673
0.350382
0.0844029
0.0508522
2.08665
-1.15982
0.0410224
0.0360453
-4.38625
1.53918
0.130801
0.0816082
0.0248879
-9.7525
0.187668
0.0530141
-1.26085
0.622967
1.04036
0.079312
-0.120136
0.156469
1.42962
0.0536907
0.0217546
0.0789503
0.129943
-0.294326
0.102767
0.0739035
0.0414476
0.101072
0.0358381
0.0432729
0.0201486
0.0992384
-0.0569711
0.0965739
0.0301004
0.126783
2.7151
0.0587311
0.183475
0.0204462
0.138943
0.61892
0.0571851
0.129014
0.193467
0.052939
0.0388862
0.0343163
0.0277086
1.46231
0.0165632
0.0688481
0.136923
0.0282193
0.0356666
0.19774
0.0493779
1.69956
0.0451321
-0.629985
1.17993
0.062455
0.0422968
0.0450582
0.102137
-4.15368
-0.0253219
0.300882
0.0539697
0.180637
0.0279076
-0.745085
1.6044
1.68894
0.0387202
0.0956538
0.0946965
0.0412576
1.44413
0.00998787
0.0519602
1.50498
0.0439597
1.52852
0.0722729
0.0501182
0.160578
0.0752101
0.0206101
1.82287
0.0736603
0.00272142
-0.0954774
-0.0871148
1.46089
2.12943
0.0119663
-0.0435451
0.0509218
0.0269523
0.00235607
1.51126
-2.28703
0.00382408
0.0427643
0.140245
0.0452265
0.0521151
0.0658163
-1.71598
0.00419978
0.0355442
-0.712214
1.45674
-3.59677
0.0483183
0.0678327
0.925632
0.951311
0.022503
0.00560634
-9.12462
-1.35141
0.0156481
0.0466328
0.0352337
0.0474305
0.00697481
-5.35764
0.02098
0.191879
0.0399166
1.45792
0.0309986
0.100606
0.0536244
-0.310065
0.0217308
1.44015
0.21577
1.73462
0.138466
-0.79819
0.0390338
0.0916466
0.0624344
0.0710472
0.098523
0.0238678
0.0386886
0.101411
0.0280248
0.0414881
0.0450876
0.0362353
0.0617346
0.0415008
1.50685
0.0396266
-0.132968
1.79874
0.0334566
0.109343
-0.439942
0.547353
0.0425783
-0.437761
0.0401526
0.0393163
-8.47692
0.0757049
0.0407027
-0.440188
0.0449148
0.120988
-0.129872
-0.000526121
-1.65328
0.0334061
0.050242
-0.542246
-0.123551
0.0242833
0.0365319
0.0529944
0.139842
0.117126
0.086354
0.318555
0.0221784
0.0237739
0.0286099
-0.346051
0.0301734
0.0122199
0.0417367
0.0278809
0.0660574
0.0603091
0.0376331
-0.438008
2.39944
0.0487898
0.0236242
0.0519315
-0.354899
1.69913
0.0674784
0.242993
0.00330121
1.68542
0.0352357
0.504451
0.137636
0.00907683
0.0262977
0.166966
-5.4033
0.098592
0.296963
1.32767
0.0412325
0.0115399
0.0350575
1.70521
0.0542336
0.0430801
0.0185392
0.0528605
1.22653
0.0806198
0.0444979
0.0219087
0.0512401
0.0394024
0.0316937
0.651716
-0.431215
1.95138
0.00548858
-0.454204
-0.0418177
2.31388
1.06427
0.0372564
0.0380525
0.0653156
0.0762953
1.37282
-0.0349065
0.072061
0.0749789
-1.16477
0.0521258
0.0875607
0.0414025
2.88608
0.96678
1.36026
0.0538147
1.48467
0.0405696
-0.542821
-0.891532
1.9602
-0.609037
-0.714829
0.0287167
1.15036
0.0045795
0.0492042
-0.136656
-0.0169663
-1.69958
0.0985985
-0.392552
0.0243526
1.49432
0.0510377
0.326947
0.0390679
0.0370304
0.0636496
1.52496
0.03827
-0.782948
0.0616131
-5.39331
0.00167437
0.0661758
0.0708335
2.44923
-0.544719
-0.0231423
0.0839355
0.0365075
0.0470298
0.976569
1.4647
0.0328672
0.0611181
-8.72688
0.066736
0.772318
2.71203
0.748804
0.263593
0.105449
0.0897358
0.0379048
0.4212
0.0623847
0.0797095
0.036779
0.596761
1.44588
1.3946
-1.58358
0.939041
0.072173
0.164855
-1.89018
0.148484
0.0661525
1.64356
0.06811
-7.17838
0.0366972
2.35496
-0.247342
-0.00648189
0.101393
-0.443649
0.0807446
-5.07737
2.49921
0.121687
-0.253882
-5.66862
0.087306
0.13538
-0.245727
-0.121409
0.0228388
-0.812129
-2.39298
1.48563
0.0535219
0.197309
0.069263
0.871751
0.0752051
-3.27833
0.0550584
-0.184336
2.81845
0.0418709
-4.32737
2.55305
0.00391701
0.130059
0.110209
0.0150236
1.58577
-1.31124
1.39365
1.53085
0.106202
0.0876684
1.51955
0.67166
0.146479
-0.954313
-0.509252
-0.374589
1.59349
0.0479741
-0.327596
-10.6295
0.357602
-0.174584
0.0351633
0.101938
1.43591
0.105493
0.0571796
-6.56684
0.0347855
0.0361109
0.0702799
-11.014
-0.686548
0.209863
0.0460717
0.0918165
-0.317022
0.0922071
2.72014
0.104429
-1.86519
0.406649
0.0320504
1.57243
0.0360552
1.47247
0.0780005
1.36068
-9.08209
0.12578
2.19137
-0.179959
-0.39171
1.69625
-0.166759
0.0627481
0.01825
1.50146
1.63146
0.0761741
1.68717
2.51693
0.961445
1.73065
-3.15486
0.0647245
2.28133
-5.66463
0.412093
0.118478
1.41483
-1.93799
1.74481
1.66574
1.821
-0.234737
0.059982
-0.764413
0.0403509
0.138261
-0.557649
-0.474476
0.0418548
0.0390185
-0.616317
0.129109
-0.0712308
0.236116
1.88873
2.03287
1.95435
0.151982
1.06174
-0.0238948
0.436175
0.132512
0.135307
2.65144
0.0326092
0.111694
0.2149
-10.8333
2.12311
0.106663
-0.146157
-8.57932
0.207147
-0.0317015
-0.381647
-0.517931
1.17554
0.0437534
1.18318
1.58271
-0.965139
-0.317505
0.206169
1.58251
-0.987551
0.00998869
0.0288859
0.00396902
1.26925
-0.0884287
0.1017
2.96866
2.14468
0.0462002
0.113479
-7.56936
2.4258
1.36063
-0.197743
2.66256
0.029293
1.4483
0.587933
2.45273
0.191132
-1.16583
0.869309
-9.79004
0.00812904
0.093391
0.230005
-0.479568
2.55066
0.203602
0.101141
0.16512
0.328074
0.93822
2.81018
0.100576
0.0634428
0.119598
1.08781
-0.000652184
-0.352988
0.145393
1.39905
0.124472
0.0274966
-0.423426
0.226038
0.370154
1.38183
0.121506
2.49195
0.114234
0.034641
1.47191
0.0314532
0.00905173
0.195698
-0.684639
0.790791
0.0284245
0.572336
-0.903302
0.0686964
1.27554
-0.526967
0.0223161
0.180157
0.127364
0.111838
1.27922
0.0892837
0.138395
0.00423753
-0.269362
0.0416459
-0.0861931
-8.40455
0.0803952
0.699639
0.106245
0.0708152
0.261545
0.0987146
-1.27491
0.10335
1.5076
-0.0936787
0.000450137
0.180713
-0.0231659
2.20985
0.0705994
0.608317
0.0653843
2.93045
2.72027
0.140339
-0.585396
-6.01626
0.00391252
1.25479
1.51944
1.45042
0.048117
0.0252632
0.215147
2.36113
0.238805
-1.24355
0.392559
-0.271841
0.259207
0.0885519
1.22695
2.32768
0.113912
-0.305622
0.0274625
1.18722
1.98066
-0.310533
0.467622
-0.906519
2.7668
0.000161254
0.114112
1.10014
0.16922
0.0295801
0.0288319
1.4648
0.0113483
0.0313056
-0.416073
-4.68268
0.047695
0.00724092
2.28667
0.759428
1.78885
-0.0801712
-0.459527
2.88828
0.0587472
0.19271
0.538732
-0.0878844
1.1821
1.27483
1.55246
0.00992535
-0.452544
-0.159965
1.48399
-0.146509
0.0192194
0.135329
1.50867
0.0945683
0.0326083
0.12481
0.332617
-0.023861
0.0219382
0.189624
0.0802032
-0.113433
-0.0337879
1.07108
2.2808
-0.0951313
1.6577
1.32397
-1.16751
0.0244902
-1.03814
1.54018
-0.22793
0.0622323
0.123479
0.0443271
0.0483703
-0.0779734
2.90975
0.0121591
1.56785
1.01421
0.00587706
0.109844
-0.41405
0.0769336
0.415189
-0.221104
0.11786
1.00252
0.0389999
-0.0740127
1.75786
0.129334
0.335856
0.194625
-1.36355
0.221769
0.652717
0.0386272
1.10013
0.223181
-0.455293
2.14413
1.85581
0.0367253
1.29833
0.0166442
0.695363
1.4178
1.56487
-0.136089
-0.31926
-4.23132
0.00460847
1.46505
-0.651856
2.05646
0.0263584
0.790188
-0.474707
-5.39659
1.47664
-0.0986367
1.454
0.280895
0.193491
0.185827
0.222101
-0.290578
1.22939
0.441447
1.50812
0.3155
1.98611
2.1572
0.121043
1.88596
0.251688
0.000222291
0.607932
2.11042
0.743309
-1.26193
1.59145
0.128449
0.0626646
2.06113
1.40961
2.0063
0.0140519
0.0303565
0.204305
-3.52893
0.0670881
-1.68489
1.21331
-0.558548
1.65644
-0.0118081
-0.145378
1.29406
1.56054
0.170803
1.49026
0.0435309
-0.772934
-0.152153
0.0999475
-5.45075
0.902324
0.883108
-0.519768
-0.110173
0.326845
-0.0384903
1.04392
2.08937
2.24406
0.617178
0.422295
0.0106058
0.360666
1.34082
0.0155503
1.7965
-0.223574
0.0853613
-0.172863
-0.121125
0.968586
1.5205
1.81208
1.18448
0.0179023
0.0633804
1.46875
1.4606
1.59875
0.072683
1.87807
0.751408
1.49982
0.988045
0.208532
0.117985
1.56183
1.42041
-0.696388
1.53862
-0.0197457
0.262807
1.15391
-0.117019
-0.411803
2.44618
1.8068
0.168245
1.47104
0.469768
0.988469
0.219647
0.200341
0.0317185
0.0355365
-0.10139
-1.5745
0.374832
-0.191885
0.00362618
1.44157
2.09603
0.246857
1.49525
0.2416
3.09254
-1.88166
1.75205
0.220736
-5.84375
-0.646694
3.11007
0.2908
0.025073
3.0853
0.129772
-7.63845
1.46573
3.05719
-0.59098
3.01023
0.805896
0.220913
-0.46314
2.91647
0.0175711
0.0292368
-7.50137
0.269665
0.157052
1.73485
2.77549
0.0138716
0.414862
1.82874
0.0452975
1.56835
1.27866
0.107477
-0.424997
-5.06367
2.72696
0.446813
-0.434662
0.269399
0.195634
2.68615
1.10091
-0.183277
-0.451454
2.64096
-1.07466
-0.461408
2.59673
1.77751
-0.467731
-2.33579
-0.477246
0.702318
1.7893
-0.473398
2.53368
1.51736
-0.008304
-0.470449
2.0287
0.183568
0.396889
-0.252984
-0.555828
1.36658
1.4997
-0.347453
1.54396
-1.26396
-0.79344
-6.9934
2.4066
0.979342
1.26768
-0.218146
-0.484445
-0.484531
-0.485243
-0.486203
-0.489146
-0.478828
-0.0859343
-0.477272
-0.49864
1.84473
2.36646
0.961056
0.878576
0.314941
1.0891
-0.516948
2.33811
0.00123579
-0.542157
1.90409
-8.08953
-0.581349
0.170763
2.25049
1.38692
0.915466
0.408161
1.50444
-1.72843
-0.639768
2.22075
-0.724565
0.171886
0.364678
-1.98601
1.43023
2.18174
0.0480396
1.89738
0.132523
1.17957
-0.830332
-0.147349
-0.0985165
2.14367
-0.193389
-5.52063
2.1062
0.000908702
-0.86411
-0.169457
-1.43926
2.07516
1.5174
0.464062
1.47743
0.213182
0.0598581
0.029849
-1.77959
-0.487423
2.03213
0.576521
0.0716628
1.56364
0.673077
-0.584847
-0.156453
-2.19231
2.00145
-0.479814
1.47438
0.0751578
0.0178953
-2.68289
1.96347
0.632302
-0.77369
1.91822
-3.26371
0.0283318
-0.138012
-5.41457
-0.158098
1.89061
-3.92222
1.83283
-4.62178
-0.352883
1.02315
0.0162232
0.893398
0.0382796
1.79169
-5.37184
0.849733
2.33722
1.58259
-5.98581
-0.474106
1.75936
-0.262832
-0.549003
1.2656
-6.56346
1.52242
1.72872
0.0285728
-0.0872812
-1.96179
1.49086
1.0397
0.125359
0.146665
-7.04062
-5.3892
1.67811
0.376699
-2.46993
0.41222
-3.04925
-5.49482
0.156868
0.731576
1.6416
2.07408
1.50967
2.24124
1.55216
-7.51231
0.948255
-0.00325765
-0.466233
0.75322
0.02782
0.193553
0.863347
1.17757
0.0275013
-7.47221
-0.482851
1.56202
-0.541201
-0.395448
1.82872
1.21433
-0.103668
2.59387
-0.777615
0.38543
0.311644
-7.3281
0.219033
-1.73465
1.50998
1.785
1.62727
1.00972
-7.1242
1.45894
1.39579
1.36284
1.29913
1.25518
1.18434
-5.01448
1.41569
1.13172
1.67366
1.01841
-1.66983
2.08917
-6.90986
-0.627029
-1.61159
1.13279
-6.14361
2.03269
-6.67519
0.279404
-6.41388
-0.579859
-6.18315
1.45131
-0.79767
-0.0807037
-6.0135
-7.99784
-0.360807
1.50518
-2.39172
-5.74814
1.58393
1.57263
-0.355178
-0.675604
1.66413
0.28931
-1.18633
-0.95911
0.64752
1.34006
-2.81852
-0.0893562
-0.393598
1.65305
-0.414977
-1.68643
-0.476551
0.83432
1.51684
-0.765909
-7.46921
0.682543
1.71925
1.18019
-10.2101
1.52935
0.620184
1.22824
-0.103107
1.5344
-0.19942
0.0140742
-0.019187
0.69014
-2.90749
2.2373
0.160703
0.0416019
0.0845209
-5.51148
1.95715
1.59453
1.34373
1.49222
0.304906
-0.418394
0.284363
-1.53198
0.674425
-0.824524
-0.297737
1.07073
-4.21414
0.354145
2.7511
0.00656228
0.788655
0.855934
-0.550959
0.146634
1.10437
0.167238
0.704423
1.25726
1.49891
1.55739
1.53211
-0.557635
1.75261
-5.42668
0.110991
0.442164
-0.300252
-0.23435
0.0532172
1.7464
-0.51325
1.47946
-1.42672
-0.958108
0.330913
-2.89252
0.350041
-0.34085
0.344808
1.64085
0.246107
-0.163284
0.105681
0.322781
0.0662831
-0.321464
0.0487065
1.51962
-0.774276
-0.45054
1.15267
-0.418578
1.15007
-0.39335
0.0449511
0.173755
0.0945251
0.0973394
-0.483543
-0.116778
0.0776489
0.0530386
0.937779
2.26707
0.984789
-5.73701
1.49175
-0.193114
1.12583
0.051738
0.0614971
1.24269
-2.1618
0.0374414
-1.19644
-0.529519
-1.39915
1.5266
-0.0246206
1.82367
0.31765
0.00670007
2.35225
2.22695
-0.302011
0.527774
-0.279346
-0.344443
1.66353
-1.13876
-0.259953
-4.64307
0.0144839
-3.06574
0.463187
0.884875
-0.455083
0.019193
0.0706552
1.46987
-0.585009
-4.36086
0.894435
0.664102
2.21092
0.241113
0.58463
2.29639
2.33339
0.0050544
2.02613
1.17569
1.53688
0.212509
2.05675
1.59645
0.375794
-0.33385
0.196298
1.13197
1.09964
-0.00901868
0.0370679
-0.280866
2.83399
1.19636
0.727417
1.52316
0.867538
-0.194833
1.05726
0.363115
1.98757
-0.103961
-0.148622
0.28169
2.54211
0.299337
1.66154
3.04254
1.51244
1.49673
0.0305066
0.694222
0.00392362
1.75094
2.68153
-6.95009
0.448075
2.58798
-0.0623829
-0.553167
2.8194
0.605553
-1.10802
0.454821
0.177814
-5.75396
0.355918
0.0548018
0.101778
0.0832096
0.175644
-0.806991
-0.508182
2.5885
1.61818
0.720688
1.20957
1.27611
-0.564185
1.41716
-0.396747
3.01107
-0.185333
-2.96057
0.113311
2.19735
1.43575
1.34682
-0.215453
-0.390484
-1.55693
-0.224209
-0.0310127
-0.196652
1.18731
0.0441824
-0.00639138
-0.253642
1.53465
0.03296
1.34189
0.0366299
0.504077
0.686472
2.58462
1.30208
-0.295369
1.12558
-9.1887
1.72997
-0.271965
1.37946
2.38907
-0.219358
0.207518
-0.517804
-0.157549
1.45207
-0.329486
0.620503
-0.204379
1.27215
-6.9306
0.180294
2.11083
0.635449
-0.755951
-0.477765
1.6017
1.81286
-0.189753
2.90544
1.39523
0.52043
1.15818
0.166212
1.65344
-0.514993
-0.359146
-0.595057
-0.861892
1.49883
-0.272202
0.52557
-0.283245
2.49418
1.07536
-0.159979
0.0991044
0.166154
-2.42184
1.00426
1.15991
1.10503
-6.50808
0.489144
-0.0777082
0.813999
-0.112339
0.92537
0.19809
0.338482
0.0742421
0.841223
0.452502
1.50588
-1.06005
0.0829523
0.186423
1.48961
1.86784
0.204825
-0.724041
-0.147971
0.0241931
0.732646
2.85303
1.63024
-0.372763
1.15423
-0.758885
1.46935
-0.746449
0.9954
2.24133
-0.737301
0.1763
-1.08852
1.4562
0.527303
0.167046
-0.508604
-6.21831
-0.554949
-0.450625
-1.48223
1.60482
1.06672
-1.29324
1.57086
-0.513744
1.57344
0.231601
1.44656
0.245953
0.132697
1.52178
-5.35454
1.49034
-1.37413
-0.477489
2.37967
-0.441215
0.38633
-0.566754
0.394364
0.9902
2.10566
-0.760568
2.93542
2.61382
-10.7446
2.19126
0.166789
1.53343
2.75654
-2.44063
0.0129185
0.783422
1.46263
0.403429
-2.46772
-0.377349
0.212861
-1.18434
-0.216716
-0.146479
1.53881
-0.382244
0.073687
1.43092
1.95083
-4.25307
2.00843
-0.448112
-3.89999
0.241798
0.90343
1.44792
0.667628
1.88395
1.07125
3.10854
1.39733
-5.62271
3.10175
2.14973
2.23642
1.65072
3.08027
2.27699
-0.110978
1.22598
3.0355
0.757216
0.179714
-0.331779
1.37519
-4.91956
0.874759
1.16498
-0.295363
2.17957
1.55844
-5.77812
-0.544622
0.460919
2.11848
2.07858
-0.00462938
-0.746409
-0.74399
-6.27924
1.87874
-0.212175
-0.651695
-1.94576
2.89191
2.27692
-0.224104
0.782993
-1.62249
-0.568476
1.93653
-0.0798036
2.75084
1.47035
-2.59469
-0.343791
-0.536764
1.05461
-0.974723
-2.30097
-2.93439
2.69338
-0.433384
-2.25696
-0.0156249
0.0354557
2.70766
-0.118347
-0.384883
-6.69436
0.451654
-8.2989
2.33075
0.5833
0.656409
-0.887765
0.0288722
0.545571
-0.440757
2.66337
-0.981366
0.106912
1.47119
1.07132
-6.89979
-2.45317
1.3673
-0.455746
-0.892866
2.29067
2.61981
2.07698
0.122144
2.56512
2.19894
1.57763
0.830014
-0.466322
1.77209
1.06146
1.69413
1.67375
2.18369
1.8052
-1.33372
-5.18112
1.44599
-0.467028
1.2203
-5.63548
-1.23174
-9.92188
2.026
-0.176352
0.585718
-1.12142
1.88715
-0.241977
-0.47801
-0.250266
1.24223
-4.25883
-5.88225
0.0464645
1.51774
0.471657
-2.19518
-0.372109
-0.615216
-0.0835942
-0.301791
0.00871748
0.167422
0.494664
-10.6896
1.44447
1.53306
-3.10151
-0.45004
-0.507193
-9.09937
0.650834
1.45294
-4.96712
1.16589
1.1964
0.445769
1.64475
1.14305
2.38857
1.73015
2.30191
-0.70919
-0.48381
0.929113
-0.485397
-0.485439
-0.486416
0.788542
-0.486298
-0.479848
0.0851753
0.320653
-0.505008
-0.375887
0.64458
-0.64216
2.35272
1.29771
2.97693
-0.52564
-0.599338
-5.88078
2.61664
-0.0177121
0.946517
-0.380003
0.634435
-0.557524
-1.26631
-0.310596
0.913181
-0.707632
-0.603331
1.0862
-1.03634
1.4316
-0.196169
0.615381
-2.02124
2.23854
0.180235
2.41952
0.353493
-0.675023
1.56894
-0.765291
0.683545
-0.431888
-2.02125
-3.86681
-0.0579411
2.2013
1.5522
-0.491222
2.19178
2.20547
-9.25248
0.0457364
-0.757402
0.410194
1.35683
-0.089072
-0.577249
2.16304
0.284746
-0.0427497
0.308326
-1.46089
-7.97251
2.46614
-0.414966
1.03604
0.163532
1.27362
0.171269
1.90163
2.12461
-0.598462
-0.132416
1.4732
-1.4917
1.0665
1.74168
-0.45793
2.09146
-4.84619
-1.76116
-0.490907
1.97385
0.0185158
2.00074
-1.14029
1.63774
1.57979
1.30064
-0.420754
-1.58246
2.0518
2.11297
1.58087
-1.31869
-0.247655
0.202453
-0.496494
-0.702737
2.50322
-0.527764
0.57534
-1.97945
2.02021
-5.45158
-0.247726
0.166418
0.317138
1.55664
-0.341007
-0.873865
2.79063
1.55929
-2.42038
1.9834
1.06208
1.06844
0.152026
-0.0981246
-0.507275
1.29095
-1.78657
1.70304
1.94136
-2.96747
-0.240116
1.22756
0.693799
-4.2095
1.08056
0.339082
0.167772
1.03632
-0.235566
1.07078
1.90657
-3.60213
1.07693
1.94927
1.24832
0.0920183
1.86036
-4.26348
1.49133
0.0638878
-0.476435
0.0196545
2.1941
-0.116263
1.50079
-2.26691
1.81171
-5.00604
-0.0732737
1.06303
2.27117
-1.52419
1.11934
0.549059
-5.39958
1.50418
-5.75064
1.77641
2.04655
1.37618
0.202952
2.32645
-0.223944
1.47791
-0.0223591
-6.29133
-0.334409
1.74569
-3.08998
0.738945
0.962095
-6.84466
1.52328
1.70108
-0.106562
1.47523
0.898037
-2.82611
2.42816
-7.37855
-4.11722
-2.13552
1.65909
-2.58747
-0.188568
1.55871
0.963845
0.154026
0.91642
-5.03576
0.606005
-0.365214
0.210506
0.802663
2.5871
-1.19365
1.53544
2.79866
1.0634
1.03492
-7.55984
1.49172
-0.367259
0.67961
-1.08292
0.715379
1.96307
-3.18967
-7.43234
1.53651
1.41225
1.0184
0.928589
-0.330225
0.797542
0.511191
0.983553
1.49084
1.47585
-2.02783
0.749918
-7.24529
-0.292837
1.50746
-0.4744
1.48471
1.46722
0.452789
0.408709
2.31912
0.297774
0.161778
1.44355
1.42769
1.1839
1.38242
-0.623309
1.331
1.27858
0.208027
1.99691
-7.03697
0.768513
1.21836
2.07477
1.15677
0.770977
-0.373037
2.1255
2.07288
-0.277862
0.92259
0.526121
-6.82524
0.656115
1.25302
0.728212
-6.55773
2.85925
2.21963
-0.477518
0.763874
-0.0960365
0.0254124
-6.30675
0.822997
0.732261
1.85913
-0.23353
-6.11774
2.12019
-0.444242
-1.36549
0.133863
1.47512
0.727196
1.67569
-0.89526
0.258804
2.55149
2.67538
1.09034
0.174105
-0.464613
3.08216
0.579915
2.16588
1.36765
0.0370017
0.237815
-1.33267
0.0393502
1.96877
-0.122029
-1.49503
0.592315
0.397691
-0.426132
-1.39739
2.25453
-3.6264
-0.977357
0.0140759
0.349341
0.745699
0.0457652
0.251581
0.699016
0.484672
0.436112
0.0949177
2.58447
1.47577
1.71346
1.82378
1.02077
-1.30938
2.54716
-0.259485
-0.0644509
0.119461
1.31581
-9.14689
0.380516
2.01647
0.118966
-0.226373
-0.263497
1.54324
0.678898
-1.19459
-4.41626
1.44455
1.54771
2.37347
1.44249
1.7286
1.96571
1.92646
-0.545713
1.83684
-0.0625069
0.683868
-7.09312
-1.03906
-0.432475
0.764458
0.0874671
1.73984
0.655487
0.321568
-5.67466
-0.524218
0.956792
-0.380317
-0.041691
-2.13123
1.47299
2.27537
-0.482863
0.159657
-1.78433
-0.879348
-0.222314
-0.528437
0.571157
1.44278
0.453667
-0.374389
-0.508011
-0.516942
1.56954
-0.227826
-0.609825
-0.259608
-0.494431
0.765649
-0.670218
0.821655
0.995414
2.66023
-0.147722
0.324603
2.12192
0.174554
0.254764
-3.73717
0.78295
-0.488016
-5.68977
-0.482399
0.0936771
-0.259106
0.649074
0.194073
-2.56516
0.404152
-4.32746
-0.00141662
0.0963418
0.269987
-1.97547
2.12135
0.0514748
1.49857
2.97718
2.16787
2.74704
-0.4827
2.08883
0.114885
0.11437
-0.722341
-0.0827559
0.264004
0.334876
0.174837
0.160752
0.739191
-0.521356
0.929771
-2.8417
-0.475935
-0.44632
-0.42468
1.69106
0.998916
-5.95284
1.09054
-7.42499
-0.145501
-5.81292
0.73121
-0.0781542
-6.72151
-0.347461
-0.405937
1.55611
0.0378617
-4.75043
-0.663996
1.53539
-1.13408
0.486024
0.301101
-3.65004
-0.242863
-0.37304
-0.374314
0.224611
-0.924432
-0.492306
-0.395491
-0.634364
0.0622021
0.264109
1.59356
-0.799341
-0.0739129
1.11775
-0.533901
-0.336769
0.615886
2.9454
-0.0474022
0.169301
-0.286011
0.176133
-3.39448
1.6366
-0.327317
-1.27004
1.48344
0.0506462
-3.42761
1.9541
-7.72727
-2.5872
2.1479
1.04759
0.0483463
-0.49556
-0.327442
-0.86639
-0.42378
1.4494
1.85795
-10.4803
-0.101764
0.294403
-0.376288
0.535424
1.36738
0.139981
2.11372
2.26114
-2.19182
0.770257
-0.417786
-0.308282
-2.67248
-0.184806
1.28563
0.372308
2.76891
-7.03423
-7.62083
2.60685
-4.42283
-5.00728
-0.896475
-1.47901
1.41533
1.35998
-7.42701
-1.64526
1.09289
2.39484
0.0483359
2.42826
-0.743955
-4.65925
0.211499
-6.18798
-0.483273
-0.724761
0.476291
-0.469614
-0.884408
1.98016
0.545081
0.0773237
0.769789
2.98741
-5.70735
-3.37175
-7.27509
-0.395992
2.93921
-7.52879
0.57259
-0.254797
0.101606
-3.93249
-6.61395
-0.285608
0.147318
0.0388171
-0.155072
-0.214384
-7.7768
2.52402
-0.924774
-3.71109
2.56461
0.948358
2.12636
-3.84341
1.46643
-0.131489
0.0716458
1.25718
0.969176
2.25561
0.826134
0.0478818
0.603223
-0.0404644
-0.872674
-3.59342
0.178165
-0.36054
-5.56286
0.989712
0.620624
0.0769224
0.525319
-0.0169975
2.44715
1.52282
1.39704
0.250515
-3.92765
1.33681
-2.97953
-0.78378
1.49774
0.174695
-3.31937
0.0496276
2.29637
-1.13545
2.21597
0.046271
2.06537
-0.253335
2.26861
1.03902
1.08123
-8.64844
-0.291171
1.55431
1.03948
-0.673978
0.0815552
-5.4279
-0.414389
-1.69501
2.44799
-0.370951
0.514538
-3.82684
0.489894
2.07328
-1.68369
-1.3981
0.728043
2.44496
-0.470079
-0.45234
0.196484
0.158046
-4.99091
-0.2237
1.15342
-0.728738
0.576629
1.54572
2.20188
0.932462
2.0434
1.79559
0.222836
0.159763
-0.314072
2.40621
2.86169
-1.0791
0.388316
-0.780766
-0.445178
-5.14235
0.251837
2.56525
-3.51904
1.6031
-0.508085
0.808333
2.15823
1.57958
-0.916217
0.069776
1.18042
2.29011
0.0354583
0.337201
0.280208
1.6308
0.844024
-5.62363
-0.484204
-0.729815
-5.45694
1.7078
-0.527378
-3.31029
-0.546377
-5.19574
1.40955
-0.561173
-0.16429
0.0573985
1.09686
2.49181
-0.209913
-0.666758
0.029645
-1.32765
1.71825
2.95765
0.179934
-1.38727
-5.17493
0.295788
0.406975
0.0178619
-0.651011
2.8836
0.431983
2.37412
-0.700729
0.520683
0.738356
-1.78444
-0.356185
-0.637001
-3.69991
0.899166
-0.18977
0.20968
-5.57818
0.813315
0.393705
-0.694132
-8.94505
0.555717
0.682306
2.29582
-0.349753
0.079635
0.545878
0.346776
0.134154
-0.851369
2.26915
-0.610648
1.52382
2.00123
1.64161
-0.545419
0.423003
1.6068
-0.223378
-0.333807
-0.238127
1.11827
2.21508
2.28275
1.91844
1.588
-4.9478
-1.46127
0.708024
0.253004
-2.98259
2.54341
1.66903
0.873923
1.1005
0.968324
-5.86551
-0.85102
1.98728
0.572893
1.02925
-0.225199
2.14202
1.47202
-0.243738
2.34897
-0.10739
-1.61819
-0.586653
0.091722
-2.91372
-0.225974
-1.29137
-0.473506
1.41214
-0.483884
0.666064
-1.36159
0.451169
-8.38168
0.125512
-0.234261
2.39712
-0.616014
-0.0442693
-6.64829
0.47364
1.96604
0.994582
-1.06863
-0.28868
-10.2256
1.15971
-0.619219
0.12003
-2.14068
0.0288952
0.128754
1.57844
3.06428
2.95808
0.254016
-0.384101
-5.37448
2.37198
1.63071
1.34898
1.80106
0.208223
2.36895
0.183413
-0.470496
0.0344585
-0.0919127
2.03834
-1.45203
-2.80354
1.18285
1.29288
-0.328816
1.29754
2.10989
1.28613
2.09041
0.64033
1.56576
1.47425
0.892337
-0.362287
2.45082
-0.504317
0.468244
-5.0778
-0.675114
0.079989
0.512397
-0.128837
1.80257
2.13461
0.700511
-4.10415
2.0553
0.71794
-3.8303
1.09311
0.647654
-3.97839
0.438931
1.94224
0.0966084
-0.268545
0.801899
-9.2585
-0.901911
-0.413007
-0.260754
0.774176
1.50176
2.54382
2.84292
0.244225
0.286821
1.25478
-0.708822
-3.17426
2.17978
-2.77315
-6.11499
0.805789
-10.1864
-3.46409
-0.147448
1.07625
-0.523939
0.949456
2.17965
0.422653
-0.202569
0.0925905
2.3973
0.20586
-2.97126
-1.44491
1.10943
-1.00459
1.57257
-0.596259
2.19015
1.46687
1.05104
-0.306458
-0.65654
2.36071
1.05455
0.0517422
-3.04533
-0.504844
-0.330415
1.45247
1.27395
0.580327
-0.369661
-0.918176
1.28498
-0.541259
0.0740458
0.0339205
1.30587
2.70392
-0.00707349
0.0347702
0.164054
0.0392153
-0.237772
1.14054
0.731276
-1.24047
-0.208973
0.174163
2.05814
-0.560939
-0.150985
1.51176
1.85088
2.22254
-0.25499
-0.821344
1.23924
0.913722
0.158827
-8.08017
-0.844965
-0.491288
1.32452
-0.482759
1.10627
-1.27738
-0.311673
-0.400327
-0.113518
-0.930351
-0.163946
-0.330964
2.13744
2.11041
1.00721
-3.38688
2.38883
1.28896
-0.648319
0.0340607
-1.39744
-0.00356635
-0.242851
-0.46701
-4.67708
1.1505
-6.95577
0.756832
0.0597624
-0.487418
2.32055
1.22647
2.16168
2.04143
-0.572114
-5.47161
0.148318
2.73633
-0.0405874
0.909437
1.45775
0.022003
1.78767
0.667732
-0.0566934
1.06129
-0.0303852
1.80475
2.09733
1.32947
1.52599
-0.0380617
1.3369
0.253123
-0.580603
1.70364
2.29999
0.438264
-0.719585
-0.497227
2.50059
-0.374012
-4.76673
-1.84045
0.0122695
0.0236163
2.74513
0.515982
0.190946
1.94058
-0.972302
-0.211932
-0.161665
1.64505
0.949926
0.787127
-0.606468
1.71392
0.0425904
2.70787
2.68018
-0.809848
1.69174
-0.768391
0.502262
-0.35073
1.50372
-0.482565
2.14418
-7.59444
1.85321
0.533792
1.12361
2.04104
-0.48701
0.0477477
0.114056
-0.455144
0.276554
-0.715464
-0.827078
-2.86912
-0.575059
2.23993
-0.583753
2.46813
0.0037572
-1.06175
0.226872
-0.485718
-1.44377
-0.527191
-0.385887
-2.27991
-0.509235
2.12541
-7.34347
2.20656
0.20334
-7.98262
-0.388905
-2.453
0.642611
-0.0257274
2.40316
0.681177
0.189603
0.179289
-8.28753
1.33267
-0.183268
0.929167
0.152355
-5.41371
0.01776
-0.751309
0.311505
-0.34718
0.57682
2.08158
1.95402
-0.142044
-0.051414
1.41386
1.49202
2.46376
2.7363
1.1359
-0.161522
1.48251
0.848962
0.202762
0.197002
2.41055
-7.80988
0.596138
-0.484434
0.630363
0.0629284
-0.408242
0.164851
0.464547
0.804201
2.85808
0.170738
1.48275
1.54524
-5.10822
0.469249
-6.27161
1.28715
-7.26872
-1.44194
-0.0486093
-0.0797519
1.43907
0.721901
2.41187
-0.226192
2.20023
-0.415067
2.74694
1.5875
1.43712
-0.516287
-0.574409
-0.0119165
0.148792
-1.67647
1.95318
2.01023
1.23431
0.136256
2.74552
0.692101
1.48931
-0.401852
-5.38
0.164333
0.429199
1.69197
-0.480307
-0.21753
-0.460184
0.0695785
2.31346
0.835672
-5.39101
0.431818
-0.0296898
0.0281023
0.362001
0.176388
0.91459
-0.499811
0.00536905
-0.361487
0.0144719
-10.0447
-0.450495
-2.71217
-2.98304
-0.0206277
1.60052
0.00184546
0.776975
-0.288707
1.95484
-2.45422
0.221288
0.0170573
-0.522596
-6.4675
2.16307
1.47038
0.138816
0.240552
2.08711
-0.901288
-0.675488
-0.918262
0.0245821
-0.377937
1.13213
0.969405
-0.000550146
0.355881
2.20557
-0.131472
-0.142088
1.15119
0.786012
-0.484089
1.99093
-5.51752
2.27121
0.877236
1.90984
-0.398378
-0.482727
-3.37449
0.431759
2.21581
-0.509162
1.46585
0.81739
-0.796733
0.214269
-0.679029
2.63726
1.23232
0.177699
0.803048
0.158233
-0.322413
2.07939
-8.81807
1.12545
1.80351
2.81091
1.73284
-3.13308
-3.00281
-0.48318
0.0490788
2.08176
-0.314326
0.184045
-2.65601
-4.807
2.09259
0.32389
-0.886989
0.169957
2.01735
2.72573
0.0993269
0.150128
1.99953
1.87303
1.103
2.18069
-0.608958
-0.528852
1.40116
-0.742392
0.712118
0.0339862
-0.885931
2.14542
1.08218
-0.764317
-7.62389
2.01665
-2.74131
-1.53703
-0.00185969
0.588699
1.46758
2.21924
-2.41574
0.0118856
-0.541936
2.84212
2.94505
1.49895
1.82075
0.0172412
-7.47731
2.62805
0.426373
-0.456694
0.026895
0.0270076
-1.33369
-0.450658
-6.68902
1.1375
-0.527981
-0.315524
1.80199
1.68642
-0.494042
-0.424391
-0.439896
0.620049
1.09746
2.13579
-2.75269
0.15227
-0.300177
0.932359
-5.4279
-0.104965
1.94206
1.7466
0.00127451
2.03796
1.84409
1.35049
0.945048
0.920226
-1.64058
1.65664
1.04049
-0.562906
0.189899
-0.442745
1.99954
-0.519529
1.07736
0.824582
1.51218
-0.45165
1.5809
3.06206
-6.32909
0.840794
0.571223
-8.8043
2.62949
-0.00267069
0.998018
-6.59291
0.101916
-0.168895
0.434137
0.482747
0.913218
0.932984
-3.11549
-0.00227693
-4.99134
2.04921
0.661174
-5.65107
1.76962
1.53778
2.55891
2.96771
0.169524
1.45313
-0.650226
1.20579
0.0608206
0.887583
2.46448
2.12183
-0.370262
0.0462107
1.33193
-0.469805
-2.25769
-0.485863
0.400622
-4.06269
2.94923
-0.482953
-0.221587
2.00466
0.679863
0.898415
-0.352831
-1.21747
-0.110604
1.97634
-0.0624853
0.178631
0.590336
-5.57243
-0.408409
-0.482556
1.78264
1.13547
1.69836
-1.23104
1.29041
-0.244648
1.72207
-0.502381
1.47409
1.43472
2.13142
-10.102
-5.38224
0.610646
0.0188187
-9.78559
-0.416963
0.721616
-2.31145
2.51998
-0.637672
-0.390298
1.18199
-10.1066
-1.33987
-0.486533
0.233587
1.11604
1.24412
-0.355985
0.577296
1.07787
1.45334
0.828595
0.108682
0.056641
2.7228
-0.267564
0.59265
0.502068
-0.369094
0.456251
-0.464755
1.67481
1.71608
-0.609315
-3.06759
-0.598467
-0.12685
-3.64742
1.21386
-4.07088
-3.73296
0.540659
0.243077
-0.336289
-0.703956
2.2078
2.81321
-0.759968
1.96318
2.76008
0.841892
-0.343728
-0.482475
-0.0948745
-0.644135
-1.94957
-3.36727
-0.503368
0.799005
-0.325096
0.974198
0.699521
1.81154
0.628932
1.84737
-0.404335
0.398303
0.794952
2.61806
0.846944
-5.44078
1.16333
-0.453332
-0.351455
2.13077
1.42148
-0.511791
1.55739
-0.220107
-0.231085
1.77562
-0.258298
-0.482359
-2.23087
1.40468
1.94242
2.72754
0.478454
1.45018
-9.14469
1.30832
-0.214996
-0.34268
1.18574
-0.45554
0.761784
1.91383
1.67399
0.565505
2.02506
-0.837891
1.47142
0.492768
1.34836
-0.192751
1.44748
1.38834
-0.39468
1.93392
-0.512605
-0.425516
0.535717
2.60314
-0.221549
0.874113
0.682739
0.759885
2.50753
0.679855
2.67975
-0.515651
-0.350926
1.80994
0.652753
-0.128098
0.603923
0.533357
-0.398449
1.30038
0.757429
2.60809
1.32848
0.80243
)
;

boundaryField
{
    SideWalls
    {
        type            empty;
    }
    Top
    {
        type            zeroGradient;
    }
    Inlet
    {
        type            zeroGradient;
    }
    Bottom
    {
        type            zeroGradient;
    }
    Outlet
    {
        type            fixedValue;
        value           uniform 0;
    }
    Plate
    {
        type            zeroGradient;
    }
}


// ************************************************************************* //
