/*--------------------------------*- C++ -*----------------------------------*\
| =========                 |                                                 |
| \\      /  F ield         | OpenFOAM: The Open Source CFD Toolbox           |
|  \\    /   O peration     | Version:  2306                                  |
|   \\  /    A nd           | Website:  www.openfoam.com                      |
|    \\/     M anipulation  |                                                 |
\*---------------------------------------------------------------------------*/
FoamFile
{
    version     2.0;
    format      ascii;
    arch        "LSB;label=32;scalar=64";
    class       volScalarField;
    location    "8.4";
    object      p;
}
// * * * * * * * * * * * * * * * * * * * * * * * * * * * * * * * * * * * * * //

dimensions      [0 2 -2 0 0 0 0];

internalField   nonuniform List<scalar> 
5098
(
-0.0725893
0.700165
0.162242
1.33171
-2.58832
1.6546
0.288377
-1.30053
0.166111
0.707486
-6.12481
0.463182
-0.299987
2.05661
-0.820698
-0.0286148
-4.96761
-6.62285
-2.61065
-5.02802
1.54435
-0.0258827
-0.354774
2.85931
-4.46814
1.57487
1.31209
0.492728
-2.61089
-0.939384
0.356339
2.29616
1.34654
-3.70039
-0.0456688
-1.84517
0.886452
1.20158
1.94983
-0.0772369
1.27468
-7.07791
1.53114
0.261757
0.217735
0.773202
-5.36171
2.36461
0.340596
1.3923
0.455602
1.842
-3.59089
1.02555
1.66497
1.9155
1.51739
1.15691
2.306
-0.308255
0.0218057
-5.42356
-0.043729
-0.147064
-3.59544
2.09196
0.00432116
0.382187
0.632352
1.01695
1.4894
0.107179
0.204894
-0.449011
-0.169824
1.3878
-0.12879
2.00426
0.400347
1.85464
-0.349782
-2.97111
1.44496
-4.11218
-6.93316
-1.07151
3.1956
-0.140583
-1.34222
0.0064157
0.311213
-3.48227
0.469796
1.33659
1.95814
0.403174
0.973131
2.09208
-0.154033
0.41673
-8.9411
1.57468
-2.83421
-0.0715289
1.99039
0.12163
1.41437
0.322777
2.41395
-6.0794
1.16342
-2.3982
1.17498
-3.68839
1.48552
-2.62278
-3.94625
-0.620039
-0.338921
2.81809
1.79464
0.737766
0.605929
-4.70759
-3.57521
-5.01755
0.947232
-0.261266
2.12053
-3.70362
-5.10736
2.21164
2.17064
-0.431989
-6.60529
-2.88337
-0.601748
1.3812
1.96055
1.00629
1.88699
-3.63467
0.346074
0.177469
0.787835
-0.184738
0.701866
-2.41025
-1.04479
-0.0517026
-8.10078
-3.52686
-2.92892
1.33442
3.21342
2.70187
1.16595
-8.00863
1.2807
-2.65723
0.724566
-0.933167
-3.44082
1.32959
-5.7227
0.35215
-3.02197
-0.713378
-4.5054
1.18837
0.372584
1.40293
0.668567
0.5164
0.39003
0.872858
1.3995
-1.82573
1.46787
3.17921
-1.61111
-3.83733
1.03853
-5.48785
1.29276
-0.372607
2.03265
0.858844
1.34895
-3.76734
-2.50587
0.468311
0.120297
-0.178964
0.349419
-3.57563
-1.81778
-2.8416
0.0114549
1.13214
-4.2806
1.79852
0.223255
0.685771
1.00238
2.69452
-0.536305
2.0024
0.574515
0.0930089
1.13657
1.7562
0.305746
0.744577
-1.03463
-2.57037
-0.200183
-6.65959
-3.48464
0.923866
0.283761
1.64194
-0.0499453
0.22949
-3.59688
1.00018
3.0718
1.36189
0.528259
-1.84396
1.5787
2.88272
-2.20436
-0.00216564
0.266598
0.299016
1.40707
-3.54906
-1.81706
1.47139
-2.95171
0.634187
0.0019545
2.50082
1.46019
0.4774
1.9933
-6.35186
-5.11744
0.452975
0.721963
0.405749
-2.61289
-3.79169
1.37634
-3.53416
-6.22176
0.778446
2.31054
-0.125594
-0.398116
-3.60644
-4.25336
0.228847
-0.00938607
-5.59852
-2.65886
-6.61034
0.51284
1.5027
-3.70336
0.209474
-2.64138
0.517932
2.26195
-2.38366
-7.69557
-8.0662
-0.722757
1.15046
-4.97464
-1.10287
-3.61691
-1.19734
-3.2506
-3.44314
1.38528
-0.0816195
0.35256
0.487273
-4.83124
-3.41895
2.551
0.260317
0.418593
0.778132
-0.121387
0.356884
1.28394
1.31673
-0.149816
-0.552345
1.56069
1.42117
-5.52805
0.74176
-0.790606
0.892814
1.05739
-5.43941
0.352953
-2.71517
1.60105
-0.277454
-0.412392
3.1846
-0.52215
-0.0338633
0.594974
2.60693
0.370007
-3.30403
-1.66181
-2.97825
-0.151344
1.99983
0.786308
1.32914
2.37457
-0.292197
0.974274
0.571695
1.9649
-0.913638
0.95305
0.419707
0.0145919
1.42251
0.782357
1.08198
0.28199
1.06281
0.396652
1.39308
-2.55184
-0.13256
0.926806
-2.7134
-0.624491
0.444155
-1.42638
2.74306
2.56927
-4.49669
-0.30426
-4.802
-3.16248
0.389457
2.08917
0.0641909
1.37196
0.617137
0.589837
-0.155954
0.22549
2.302
1.40047
1.06423
-0.872129
-3.60239
2.17755
0.28647
-2.04587
-0.0376288
0.0955526
-5.48209
1.06762
0.511316
-0.558356
-0.174683
1.05771
-4.94367
1.41591
-0.570061
0.181491
-1.3292
0.0489987
-3.63581
1.2829
-3.25781
1.30992
0.383685
1.38671
1.18052
1.34893
-1.4045
1.43692
-2.59491
0.668493
-1.18029
-3.67029
2.58907
1.96626
1.36793
-2.62071
0.633349
0.969747
-5.33407
0.431328
-1.17113
1.35992
-1.34846
-3.5642
0.337152
-0.830513
-0.682647
1.41085
2.72978
-1.08109
0.315265
0.998543
1.77416
0.217062
0.939997
-4.98965
-3.51821
-0.175323
-1.85013
0.242948
0.52543
0.001327
-2.63783
0.00481218
0.76281
-1.10839
-2.95868
0.0149539
-0.287094
1.21621
-0.962847
1.46098
1.02621
1.13775
-4.77602
1.54285
-0.824606
-2.34324
-0.773993
-2.56453
0.94319
-5.3859
0.528762
1.37847
-4.70686
-5.49794
0.181206
-6.8712
0.020022
0.758105
-1.84753
1.48887
-0.271671
2.68453
-1.36525
1.30624
-6.56513
-3.6673
-6.07177
-5.4766
1.22004
-2.57823
-0.959182
-2.71256
-1.78992
1.30475
-1.61692
-2.63053
1.69366
-2.00908
0.977649
1.13473
-0.128232
-3.04993
0.113325
0.281617
0.868078
0.583429
-1.06448
0.819964
1.10398
-2.03809
-2.33915
0.0142151
-1.10654
-3.26339
0.00347736
1.78734
-2.72316
1.6622
1.37271
-6.42101
-0.350243
-2.66994
-7.23863
-2.65448
-3.14023
1.1586
1.00931
-1.64698
-0.0892744
-3.51386
1.36363
1.7819
0.350312
0.865686
0.926718
2.60976
-3.65698
-0.950366
2.25097
-5.33106
-2.08455
2.55102
-0.226674
-2.45874
-0.000781293
-3.08592
-3.24581
0.489351
-0.849331
0.371272
3.0418
-6.17922
0.294356
-7.69584
0.161682
0.686099
-0.878767
-3.63121
-5.04347
1.31191
-1.98968
-3.63185
1.43947
-4.80287
-5.42212
-0.0134224
-7.07893
3.11147
-2.28824
-1.00347
1.00393
0.00569421
-2.85175
-1.05528
-5.67048
-5.57191
1.64208
-5.55322
-1.34797
-5.74362
-1.72372
1.26013
-3.48899
-2.45029
-4.09194
-2.78001
-0.275003
-4.55028
-2.82773
-0.609462
-1.17396
-3.13329
1.48129
1.83325
3.1345
-2.11368
1.39574
2.29606
-9.13557
0.417065
-9.17278
0.883873
-3.28956
0.530828
-0.419273
-0.191749
1.2113
1.00791
-3.64601
-3.5478
2.64347
-0.957757
-6.34751
0.0854143
1.27176
-0.307717
1.05614
-1.8926
-1.66401
-0.336954
2.1485
-0.867142
-1.75674
2.22246
-3.46338
2.02883
-5.01087
-3.67028
-2.41195
-3.99989
-3.6048
-3.26614
2.11351
-1.8645
-1.62155
2.17874
-1.09796
0.365731
0.260323
2.57512
-2.65486
1.78064
0.585749
-0.141333
0.0361123
-3.7794
0.0170805
-2.24942
-0.0281518
-6.08629
0.461257
1.97308
-4.26156
-0.0650719
1.24878
2.6413
-3.63206
1.87419
3.10986
-1.66285
0.543118
-1.06798
1.42733
2.17675
1.83448
-2.48456
0.554077
0.119513
-5.50197
0.74032
-0.0214551
1.20184
-7.13411
0.67175
-0.308359
-3.08163
-0.585194
0.0468188
0.643395
1.28653
0.440399
-7.29113
2.33463
1.31816
1.9516
0.460211
-2.92633
-0.904431
-0.768785
2.26226
2.69233
-2.45145
1.60948
-5.61158
-3.95205
-2.01051
1.11937
-2.63365
-2.65002
-5.78531
-7.021
-0.477763
0.341171
-1.44284
0.779205
1.55572
-2.63741
1.5406
-0.0275877
1.35503
-3.58291
-9.40884
-0.0194174
2.42162
-1.80045
-4.70329
-0.860304
-2.67565
0.971119
-2.6819
-0.507845
2.13552
-6.0643
-7.03436
-2.653
-9.04487
-2.64191
1.35875
-0.126727
2.73045
2.37956
2.09017
-5.3268
-3.7126
-2.55046
-2.68658
0.471522
-3.56068
-3.28812
-3.69312
-6.01734
1.74348
-3.6304
1.10939
-4.6802
2.04259
1.3362
-4.17317
0.483202
-2.78349
2.92275
-0.622434
0.441294
-1.51379
-6.58852
-9.23732
-6.64144
-3.15926
1.86757
-1.49109
-1.02877
-3.49276
-3.71887
-0.137335
-5.67583
-0.540613
-0.216968
0.153103
0.581602
-6.14746
1.39028
2.11524
-3.74115
-0.0992116
-5.11909
1.2657
-2.65123
0.556916
-0.144322
-5.63065
0.0175381
-3.57774
-2.59195
-4.78681
-6.67238
1.32142
0.614671
-2.46614
-0.833404
-0.268188
1.30058
0.280727
-1.12743
-5.77264
3.00536
0.0676893
1.76999
-1.83937
0.93333
-3.59938
-6.99627
0.0321224
-3.71111
-5.28986
2.22387
2.04375
-5.271
0.457998
-5.60765
1.8353
-0.832147
-3.61042
-3.59557
-3.74929
-2.69165
-0.108372
0.219105
1.41253
-0.603396
0.123684
-3.81466
0.264998
-5.12235
-3.61468
1.5742
-0.469382
2.27534
-0.874305
1.70672
1.45233
1.23762
-3.94454
0.975352
-0.612001
-0.0121999
0.796291
0.594365
0.186847
-3.32693
-3.61121
-9.91397
-7.56198
0.971093
0.609972
0.697539
-3.71187
-1.369
3.1469
-5.67251
1.22739
0.0105342
2.1263
-2.98072
1.60487
-5.00056
-6.31107
2.38732
-4.30867
-2.68326
0.930099
2.50062
1.16827
-0.216665
-1.04923
-1.16951
-3.90325
-2.08605
-3.63606
1.17254
-4.21805
-2.27931
-3.63491
0.108271
0.0198784
-2.58468
-1.10022
-3.56151
1.13085
0.402815
0.837738
-7.78575
-3.044
2.17394
-3.59569
-1.92845
-3.43406
0.236637
-3.59218
-3.55584
-4.73688
-0.439553
-0.177674
1.36158
-3.6071
-8.71279
-2.77252
0.0905778
0.0450315
-1.38007
0.232176
-3.61192
1.36631
-4.03083
2.47694
2.05568
0.0824676
1.61254
1.00888
1.44294
2.75239
1.43199
-5.97954
-10.4132
-1.89223
-10.5695
-0.375177
-4.39328
1.50698
-3.03232
1.83826
1.96399
0.728445
0.693125
-6.8823
0.0425841
-1.7783
-0.284032
2.22252
1.2154
0.0401606
0.225336
-3.60433
-10.8844
-3.77813
-2.86818
-1.61358
-0.0249447
0.319626
-7.07574
-1.03351
2.3428
1.01654
1.84112
1.76199
1.29672
-0.298636
-0.599379
-0.838114
-3.67805
0.733244
0.171913
0.324513
1.23671
2.4852
-4.4895
-0.761494
0.36179
1.58919
-5.20741
-0.182304
-3.08149
2.86958
1.37883
-3.38167
0.666103
-0.260907
-7.94267
1.36432
1.53599
0.521531
0.779854
-0.75204
-4.80614
0.103552
0.489594
2.2064
-0.445537
1.96802
-3.77509
-6.04633
-3.82648
1.31339
1.82655
-2.13973
-0.852261
2.84936
0.682186
0.57867
0.737152
2.65504
0.573003
1.03637
0.24594
1.43118
-0.939787
-0.557563
1.83783
3.04766
0.3557
-8.99823
-1.09913
-1.07788
-3.97919
1.70341
1.0364
-1.88088
0.604654
1.37228
0.567194
0.911435
0.0489873
1.61183
1.87862
-2.05334
2.65794
1.31514
-0.497185
0.0112195
-0.406276
-0.0423035
0.875957
0.62417
1.35955
1.31284
0.875734
-8.39179
-9.9683
1.39427
0.677541
2.01947
-1.40882
1.10076
1.26463
0.38835
1.46815
1.77932
-0.0527218
-0.0181039
0.738324
1.65448
-1.96543
-0.921141
-1.24203
1.79975
0.358258
1.41607
2.55906
-4.82441
2.46435
2.80917
-0.891263
-1.3508
-2.35806
3.09383
-2.52883
1.4884
2.63821
0.87307
-3.6074
1.08316
0.666145
2.83639
0.157588
0.721511
2.94785
2.18089
0.0113811
2.90545
2.13159
0.11011
-5.5929
-4.04793
0.00960597
0.207677
1.24055
2.0733
-2.69379
-0.279339
1.17695
0.122956
2.24696
-2.08281
2.6354
-2.3739
-5.8474
0.356821
-1.53504
1.89945
-0.32227
0.725537
-5.75261
2.08993
0.898311
1.49461
1.35836
-8.31753
0.0966162
-0.251875
-0.333064
0.300475
2.28685
1.12571
-0.0312467
0.306774
-0.0325816
-5.39476
2.04803
0.108459
1.52482
-0.453782
-1.60354
-6.35699
0.347478
0.313708
2.5489
-0.159465
0.67993
-5.99929
-8.05701
1.93019
2.37092
-5.08436
1.85383
0.878116
-5.80224
0.47052
-0.240488
3.04645
-0.775996
-1.709
1.54321
-3.94385
1.89476
-3.64765
-5.21686
-0.0765054
-3.414
-3.57778
-1.1892
1.10529
-0.280791
-3.60204
0.00886383
0.311476
-1.51788
1.14083
2.33621
1.30912
1.29926
-4.76948
-5.06433
0.146426
0.791573
-1.78414
0.0117777
-0.0247698
0.00181791
0.681139
1.45204
0.77085
0.91456
1.22917
-0.11889
-0.933222
-2.98341
0.212695
-1.79407
2.85629
1.20411
0.842302
-4.46762
-0.998338
-0.0467099
-0.235023
-6.37359
-2.55773
-0.71007
-1.19683
1.12234
-1.05009
-0.140315
1.22128
-3.59019
-0.0384812
2.29938
-1.71983
-1.5471
0.0734298
1.48856
-7.83535
0.336241
-10.5053
-0.0325733
-4.92758
-4.02831
1.40017
-4.76723
-0.0332852
-0.444802
-5.56023
-7.76637
-1.57634
1.39014
0.232779
-5.50101
2.25366
-3.62216
1.38472
-0.160422
-2.33301
-1.13933
-1.56388
-3.82716
0.781112
1.41796
1.27114
0.14278
-3.91244
2.00767
-7.50885
-1.69056
0.00800415
-4.45602
-0.202947
0.0430218
1.92139
-3.68619
-2.66908
-9.09445
1.18694
1.23458
-6.89502
0.63416
-0.0441598
-0.443502
0.338036
0.561399
0.156334
-2.16648
-6.54482
2.31796
0.0231461
-0.0306529
0.142091
0.00955967
1.27389
-5.83875
-0.770998
-5.62228
1.22338
-0.178472
-0.0639867
0.443855
0.00811315
0.380505
0.0779905
1.31668
-0.302095
-1.9897
0.786058
1.4832
-0.137633
0.945806
0.959
1.51575
1.59424
1.18627
0.795476
2.58979
0.776989
-1.53078
0.153282
-4.98557
0.270748
-0.202315
0.829914
0.0218526
2.56612
0.182828
0.296947
-3.81566
0.28612
-4.12229
-0.00954914
-3.64462
0.842188
-3.80449
1.0167
1.01791
1.47127
-4.4847
1.74513
-3.73278
1.09868
1.50943
0.734598
-4.94582
-2.03531
-5.27525
1.19304
-6.92639
-2.68601
1.32375
0.044823
-0.109591
1.41449
1.56967
-0.99721
2.24167
-0.871242
-1.42051
-1.89831
-1.20215
-0.131544
-0.616425
-2.36051
2.45606
0.00310392
0.782766
-1.61283
-7.59762
1.72655
1.80874
0.00736573
-0.0987061
1.43854
-3.23051
0.532248
1.40055
-0.645396
-0.734825
-0.0843006
-0.270074
2.5109
-3.80211
1.25159
-0.187397
-0.629612
2.70128
1.05847
0.212989
1.74597
-9.41932
1.45053
1.52041
0.359619
1.39515
0.60697
1.22456
1.46302
-0.554605
1.57292
-1.94215
-0.589085
-0.000319992
-2.71587
1.89245
-3.59437
-3.33034
0.218145
-0.292506
0.0767555
-3.59246
1.01133
0.289754
0.926076
1.13144
0.208938
-1.49844
0.130336
-9.79279
1.55176
-0.388814
-3.59895
-1.79815
-4.36237
1.38505
-3.67205
-3.88559
1.37384
-3.77814
1.35872
1.16572
-3.54591
-3.86723
1.48987
2.06484
-1.87302
1.30435
-3.44109
-1.26559
-3.97737
0.345431
-1.06631
-3.80179
2.75858
-0.665615
-3.31025
0.0108845
-0.965671
1.48096
0.0329039
-2.25034
-3.68398
-5.35571
-9.67573
-3.59486
0.0432071
2.10172
-0.112236
-7.38261
0.0139764
-3.57267
2.07031
2.79803
-3.59061
0.159075
0.841082
-3.59857
0.336592
2.45487
-2.19813
-2.69288
1.25696
1.31067
1.21433
-1.10448
0.143541
0.00320121
-0.215972
-1.37827
-0.396902
1.34506
-0.686582
0.331215
0.394804
1.37283
1.04125
-0.40714
0.920594
1.39266
1.21089
0.565558
2.526
-1.31091
2.3488
-0.148389
2.24825
3.02177
-0.993761
0.140684
0.611025
1.39402
-2.53453
0.893242
0.257545
-0.259426
0.937797
1.8395
1.03293
1.11163
0.908363
-0.0621545
-5.37734
2.90168
-3.65739
0.419924
-5.40596
-0.807391
-3.88341
1.36217
1.12487
1.02743
1.24791
-1.47649
-0.270723
1.36452
0.588379
-0.469563
-2.08363
0.313806
-1.85724
0.353846
1.3477
2.75267
1.37766
1.57727
1.46375
0.994079
2.58124
1.10626
1.39908
0.47247
-7.03388
-0.561625
0.601279
0.141022
2.93869
-1.24497
0.455573
0.00159368
-0.618181
2.74985
1.03373
-0.187115
-6.47168
0.310959
-1.26802
-0.199558
1.69518
1.68523
0.482384
1.66922
0.118631
2.30048
-3.04833
0.470942
0.579243
0.367103
0.278734
2.06588
0.582617
0.130726
1.38408
0.629035
-6.96431
1.44925
2.13989
-0.574437
-4.37884
-3.61712
-2.74359
-0.866865
-3.8546
-0.254625
1.34574
0.174934
-0.319377
0.969621
-1.31992
-0.838851
-0.600987
-2.85665
-4.58963
0.216273
-3.62048
-3.54687
1.1248
1.37453
1.57896
-5.20152
0.821547
-1.15434
1.40928
2.33883
-4.65674
0.0143097
-0.15805
2.23593
0.740486
-5.8975
-0.904835
-2.76296
-0.112824
0.0570148
2.51566
-0.180394
0.000290324
0.859479
-0.0805314
0.00579815
1.05893
0.231485
0.030016
-3.34973
-4.00739
0.838986
-3.53101
-0.177858
-0.467768
-3.41943
1.47481
1.11727
2.71509
0.364687
2.54343
-0.221245
1.71478
-3.09276
-1.00794
-7.62686
1.99092
0.34186
0.3355
0.343876
-2.95267
-6.99362
0.0088051
-0.0919591
-0.187676
-0.426552
-0.259986
0.128085
1.09736
1.63235
-3.08917
0.0384298
0.136598
-0.378885
-0.20913
1.41402
-0.0276249
0.979138
-0.490166
-0.129827
1.7418
-3.13615
-0.0367908
0.00168337
-0.0701688
-1.60132
1.66077
-2.22923
-0.153435
-0.178987
-3.96781
-1.54651
-0.200267
2.2054
1.76567
0.00581168
-2.48559
-10.1336
1.30059
-0.0696663
-0.49166
0.00327736
0.408979
0.0511175
-0.140762
-1.62703
0.00632148
0.83705
-0.564002
0.859254
-1.4762
-2.05543
0.667587
0.790234
0.0496525
0.172956
1.22608
0.531317
-0.6278
-0.772681
-0.247495
-6.5755
-0.157283
1.27472
-3.33234
-0.413239
0.0347068
-0.00714924
-0.893081
-0.160249
-0.181479
-0.0733112
1.85275
1.1464
-2.71535
-0.148707
-4.28478
-5.8223
0.364157
-0.20988
1.7613
-0.464979
1.25773
1.18961
-0.59981
-2.52764
-8.37583
-2.6256
-4.39844
1.45236
-0.195813
0.185453
-3.60817
1.33853
-0.155751
1.54689
-0.034549
0.025295
1.86496
0.0148704
-0.0223968
-2.46068
1.77417
0.284277
1.35916
1.37335
-9.4332
-0.0970971
1.42028
-3.01783
1.70364
-3.02538
1.62288
-3.72183
-0.164021
-0.00176796
1.31455
1.53906
-1.97245
1.31304
0.822417
-0.220448
1.96053
0.764211
-4.99406
1.39187
-0.156934
-0.0519754
-1.63891
-5.91703
-0.155337
-3.71474
0.00176719
1.32888
1.24215
-0.214398
-0.144492
0.859245
-0.084393
1.3861
-5.5059
0.00822632
-0.904202
-2.35827
-0.763554
-3.73782
0.455687
-1.65776
-0.157906
-2.73083
0.952469
-0.205189
-5.15952
-0.224685
0.346565
2.1729
-1.55748
0.0048771
0.0489787
0.335209
-0.319082
-2.19761
-1.94929
0.67426
-0.0978912
0.45827
1.4791
0.000328118
-0.158855
-1.55173
-0.140712
-0.0268673
-1.0689
1.42066
-0.625688
0.00874306
-0.794286
-5.41231
-0.0640214
-0.136997
-0.216254
-5.81252
0.120592
0.0691204
-0.20363
-0.22871
0.0129757
0.00949283
-7.04613
-1.34249
-4.37489
0.711824
-0.153031
-0.296299
0.861844
0.912907
-0.146274
0.012137
0.91357
0.380925
0.00859418
-4.13374
-0.0214242
0.551436
-0.229543
-5.59455
0.00843594
0.693584
0.0510187
1.09042
1.01386
-0.214938
0.632759
1.36978
-0.211648
-5.50988
-0.132098
-1.7671
1.54267
1.38269
-0.00387191
-0.0582954
-0.165021
-0.189106
-0.0390252
-0.15754
-5.45942
-0.0336427
1.37316
0.151317
-0.161658
1.39691
-0.177435
2.32297
-0.16517
0.133602
0.100675
-0.187055
1.72756
-0.124039
-0.0344997
-10.6182
-0.0278178
1.15247
0.767762
-0.152197
1.43006
-0.421396
0.467189
1.55441
-0.431077
1.00368
-0.210101
0.437628
-0.312996
0.445787
-1.79078
-8.11114
-0.220955
1.47505
0.724099
0.634373
0.914239
0.0040557
-0.0809114
-0.151956
0.204323
0.00842131
-8.04984
-0.0444406
-0.00452558
-0.0927214
-0.168449
-0.482167
-4.64304
2.26365
-7.92131
-3.59616
2.18776
0.010177
-0.0723307
-0.110963
-0.14922
0.609503
-0.13399
-0.12203
-2.68116
-11.0246
0.429278
1.41671
-0.12824
-0.0555903
-0.188726
0.00499727
-0.0747771
-0.133066
-0.14353
-0.0997985
1.41352
-6.2709
-4.51568
0.841493
-0.219953
-2.69254
-0.144008
-7.53334
-0.0335695
0.927063
-2.67467
1.63457
-0.256672
-0.137956
-3.60313
-0.19028
-0.276979
-0.152243
-5.35705
-4.41426
2.1785
-5.80986
-1.70836
-0.00135657
-1.6965
-0.0343955
-0.139672
-3.73603
0.004338
-0.124765
-0.310772
-0.179472
-0.0248194
1.774
0.353837
-0.0113308
-0.105687
-0.105442
-5.56889
-0.319751
-2.15931
-0.158365
-0.31749
1.61163
0.0906549
1.42104
-0.0127663
0.0276353
-0.0349986
0.00301534
0.0124824
-2.63986
-7.17349
-0.618627
0.521042
0.656731
0.798861
-0.0599873
-0.0793144
-0.0257278
1.48562
-0.132928
0.224268
0.520922
0.00465516
-0.135619
-1.47038
-0.1136
0.0086054
-0.226033
1.42798
0.00668117
0.366643
-0.0305071
1.04843
-0.0548729
-0.149558
0.010408
-0.0377395
-3.5738
-0.142502
-0.124038
-0.403749
-0.0370507
1.235
-0.0469039
-0.658675
-0.168847
-0.159027
0.31153
-0.044385
-0.143781
-4.77642
-3.62185
-0.0976035
1.73349
1.46674
0.00558597
-0.152002
-1.5895
0.00911768
0.324747
-1.7356
-0.0333594
1.70285
0.342359
0.0166125
-0.0155223
-3.35533
1.39023
-0.0977417
0.00988753
-0.0091997
-3.7679
0.0714724
-0.0261832
-4.28621
0.857494
0.632802
-0.303097
0.0949566
-0.0113262
1.39631
-0.0237317
0.0127622
-0.0343294
-0.00135545
-3.60848
-0.0868125
-0.0703969
-0.00186487
-0.142343
0.0128091
0.0884441
-0.00534945
-0.0157685
-0.40444
-0.361945
-0.0708015
0.0156221
2.76131
-0.0990001
0.0374375
-0.00167301
-0.0795376
-0.0559344
-0.0823499
0.0292975
0.306676
-0.0188689
-0.0795978
-0.0455412
-0.00692732
1.42183
-0.00756645
-0.08939
0.0345933
0.0124492
0.0119574
0.0538582
-0.113235
1.16974
-0.174712
-1.45862
0.825764
-0.0363118
-0.015941
-0.030943
-0.0432383
-3.58928
-2.36798
0.190124
-0.0783797
-0.0314697
0.0132532
-2.52771
1.45303
1.28177
-0.0181923
-0.455995
-0.126858
-0.0462127
1.4055
-0.00720107
-0.204852
1.54168
-0.0636579
1.51568
-0.0201792
-0.0555865
-0.0879744
0.00491696
-0.0046231
1.74306
-0.158419
0.00140616
-0.555948
-0.591674
0.917897
1.76878
0.00663856
-0.432684
-0.0666155
0.0119915
-0.000167175
0.791525
-3.69842
-0.000858642
-0.00855268
-0.118141
-0.115497
-0.103102
-0.0416921
-1.12751
0.00217672
0.00804887
-0.59426
1.46047
-2.06962
0.0139074
-0.123423
1.17318
1.32669
0.0154272
0.00138201
-3.82128
-5.43888
0.00485461
-0.00379634
-0.0151516
-0.0319623
0.000436137
-3.71158
0.00365409
0.0171678
-0.00754856
1.77801
-0.012823
-0.0752351
-0.0814667
-4.57676
-0.00994302
1.16077
0.0207765
1.40831
-0.0158296
-3.67776
0.0129317
-0.0666445
-0.114587
-0.35356
-0.244346
0.00583843
0.00619375
-0.0845884
-0.00838014
-0.0108683
-0.0671952
0.0141926
0.013113
-0.0827101
1.43286
0.000574599
-0.652145
1.48118
-0.0241267
-0.0761995
-1.32573
0.749801
-0.0410944
-9.85815
0.00307265
-0.00143188
-3.24226
0.0226209
-0.0200499
-0.292701
-0.00936712
-0.127502
-2.29397
-0.00491391
-3.8615
-0.205024
0.00910458
-2.64802
-1.99019
0.0125216
-0.00426822
-0.0115892
0.140177
-0.0472367
-0.0529074
0.549642
0.00674902
0.00319571
0.00694942
-5.70776
-0.0238107
0.00194929
-0.0338566
-0.129362
-0.1669
-0.0689962
-0.00804171
-5.82088
2.20962
-0.00569823
-0.028507
-0.000890802
-5.2691
1.53157
-0.168677
0.126986
0.00153755
1.57784
-0.0203621
0.359992
-0.068799
0.00723217
-0.00146492
-0.0864501
-2.63712
-0.656009
0.260199
0.477878
-0.00249409
-0.00702305
-0.163745
1.11509
-0.131038
0.0107995
-0.0251537
-0.154412
1.4519
-0.192836
0.0122003
0.010512
-0.0585571
-0.027068
0.00169296
1.09348
0.209206
2.1501
-0.00433159
-5.58116
-0.348598
2.49811
0.0192646
-0.0476898
0.00315915
-0.0267103
-0.533837
1.3899
-0.346213
-0.166475
-0.0386143
-3.59389
-0.0502106
-0.0474494
-0.00175074
3.0365
1.0795
1.65775
-0.0964244
1.41144
-0.0140566
-9.68966
-3.64667
1.50764
-3.85279
-3.72771
0.00260438
0.174369
-0.242708
-0.0491278
-1.18664
-0.292003
-1.50194
0.893598
-4.04113
-0.0778607
1.32553
-0.156123
-0.955264
0.00910728
0.0100882
-0.00341693
1.6151
-0.0282846
-7.08938
-0.00863199
-2.73124
0.00392079
-0.258806
-0.183559
2.23872
-4.00886
-0.358596
-0.609668
0.00807786
0.000695476
1.13511
1.45225
-0.109993
-0.180675
-3.89289
-0.1727
-0.411878
2.67477
0.96503
0.200586
-0.163856
-0.817536
-0.0380674
0.649059
-0.0127673
-0.514776
-0.0302919
0.852858
1.39596
0.875248
-3.56652
0.592397
-0.351416
-0.00643659
-4.27727
-0.0959072
-0.251569
1.31144
-0.0832207
-3.87679
-0.0309721
2.15065
-1.35299
-0.343413
-0.503008
-1.16169
0.00116492
-2.77521
2.53052
-0.14742
-4.69909
-3.76494
-0.806818
-0.0456804
0.599542
-0.589393
-0.129087
-1.38552
-3.54782
1.48649
-0.109138
0.0348547
-0.370845
-0.250623
-0.175086
-3.56517
-0.0340784
-2.97142
2.79073
-0.0442698
-3.63581
2.44349
0.00351862
-0.0493945
-0.342341
0.00488164
1.65994
-5.1454
1.37815
1.39713
-0.111087
-0.615808
1.38122
0.983198
-0.0489119
-0.856908
-5.13172
-4.18455
1.4484
-0.0729046
-1.49981
-3.59647
0.0596622
-1.89659
-0.141226
-0.282353
1.44848
-0.540198
-0.124619
-3.82213
-0.013017
-0.00375868
0.00485184
-3.67436
-10.3402
-0.00124922
-0.0955632
0.0450231
-0.909351
-0.0502153
2.66008
-0.0428806
-4.34481
0.303035
-0.00298276
0.893078
-0.170483
1.39762
-0.0339083
1.04384
-3.20712
-0.101431
1.88992
-2.73161
-4.46956
1.71883
0.708731
-0.158558
-0.158977
1.4063
0.99038
-0.00672922
1.08049
2.5096
-0.101153
1.15135
-1.25109
-0.094106
2.03965
-3.2215
0.224995
-0.115813
1.42929
-0.962407
1.19381
1.07008
1.31204
-3.77926
-0.111596
-0.197276
-0.0121193
-0.0209121
-10.2954
-5.45933
-0.0790768
-0.00802137
-5.07191
-0.0701492
-0.491369
-1.18527
1.41824
1.63964
1.51994
-0.0581466
0.0650727
-0.213087
0.639941
-0.0465121
-0.0844762
2.5603
-0.00547585
-0.0995695
0.0976903
-3.77564
1.78708
-0.0944516
-0.7267
-3.20173
0.0544523
0.653793
-1.54863
-4.05743
0.254575
0.00569095
0.544626
1.40197
-5.3412
-6.40387
0.0866152
0.937993
-0.55114
0.00218851
-0.0983411
-0.0043778
0.411631
0.497852
-0.106974
3.01557
1.98664
-0.181799
-0.0769404
-3.85053
2.28349
0.562172
0.236962
2.78875
-0.0117321
0.707559
0.76899
2.53005
0.182132
-3.93457
1.10378
-3.31624
0.000587799
-0.907833
0.118057
-4.69895
2.4855
0.115424
-0.064943
0.0483409
-1.45901
0.476675
2.80288
-0.0674718
-0.111692
-0.306048
1.2055
-0.333096
0.26426
0.66767
0.911224
-0.190775
-0.252924
-6.80642
0.0856318
0.347225
0.570499
-0.15317
2.3868
-0.106985
-0.15351
1.46466
0.00617722
0.00259057
0.0523454
-0.251903
0.954849
-0.00601803
0.420666
-1.64664
-0.0887093
0.449441
-6.74177
-0.170189
0.0730589
-0.0784511
-0.0693405
0.386016
-0.0219996
-0.0404014
0.00252143
-0.0919848
-0.166288
-0.453169
-3.26427
-0.0586907
-0.325838
0.314591
-0.0603601
0.271318
-0.749753
-4.96755
-0.0921022
1.45145
-0.544674
-0.143188
0.0656025
-0.438958
1.88921
-0.0874731
-0.809353
0.132626
3.04661
2.70903
-0.157557
-0.0284148
-2.58419
0.00304357
1.3318
1.42313
1.12877
-0.0473811
-0.000908993
0.0396314
2.23574
0.132977
0.357458
0.331774
-5.00593
0.175255
-0.00673095
1.35023
2.07803
-0.412259
-3.95027
-0.166122
1.2769
1.86782
-0.237029
0.21826
-0.719411
2.71377
-0.00112199
-0.178537
0.460228
0.0394732
-0.000835496
0.000658303
1.39722
-0.00140918
0.00064816
-0.30822
-2.56147
-0.137877
0.00295341
2.0056
0.930171
1.35719
0.0605219
-4.04028
2.93126
-0.121549
0.0473358
0.882483
-0.533241
0.765258
1.34147
1.34878
-0.00138186
-6.4954
-1.21428
1.3958
-0.689232
0.00805726
-0.226318
1.25099
0.545087
0.0142885
-0.124905
0.61027
-0.35071
0.00870226
0.0689211
-0.0562755
-0.572936
-0.159917
1.21002
2.30708
-2.3486
1.867
0.527992
-1.36905
0.000416053
-5.92276
0.835373
-3.25403
0.15147
0.0929065
-0.0282601
-0.0912392
0.205642
2.99997
0.00318221
1.54502
1.14017
-0.171421
-0.0267042
0.00884045
-0.479209
-0.133471
-2.93927
-0.137154
0.384986
-0.0584715
-0.450584
1.74683
0.543723
0.303624
0.170634
-2.94998
0.066675
0.0990228
0.160551
0.675802
0.0872371
-1.52611
1.79989
1.39421
-0.728294
0.425617
-0.00210072
0.891368
1.39884
1.52641
-1.5791
-4.06675
-2.56371
0.0122515
1.40236
-1.59873
1.75643
0.00900513
0.352164
-5.8697
-2.64708
1.41692
-0.519752
1.4345
0.536851
0.135035
0.0615185
-0.491229
-3.81665
0.320423
-0.535419
1.38761
0.309302
1.7463
1.81205
-0.135988
1.67787
0.104893
0.00217282
0.804466
1.7412
-0.586403
-0.379719
1.41959
0.663098
0.141742
1.66619
0.969557
1.58256
-0.165742
-0.264671
0.0575115
-3.55339
0.499473
0.455607
0.913216
-5.42164
1.58992
-0.00130625
-0.839542
0.548243
1.48826
0.320866
1.25813
-0.00571907
-3.69311
-0.655213
-0.118924
-2.81778
1.02118
1.04598
-4.98818
-0.663762
0.217607
-0.0258675
-0.0302812
1.70524
2.1087
0.188524
0.344159
0.272655
0.27491
0.748141
0.000212873
1.25704
-3.06856
-0.103837
-1.17228
-1.0837
0.273243
1.57722
1.32735
0.386408
-0.0523442
-0.0177212
1.40073
1.39008
1.12912
-1.14494
1.74418
1.10594
1.44125
0.526704
0.0827257
0.119806
0.887793
1.03866
-8.76254
1.46129
-0.3446
0.344948
1.34157
-0.626677
-7.6512
2.23321
2.04677
0.0914744
0.722951
0.701266
1.10064
0.0786744
0.075255
-0.17854
-0.234711
-0.975175
-2.14415
-0.925755
-1.11016
-0.309252
1.40238
2.24639
0.10444
1.41903
0.144172
3.21952
-1.29997
1.50192
0.0855641
-2.65422
-5.96883
3.22862
0.203244
-0.172928
3.18594
0.292265
-3.30846
1.06354
3.1352
0.317385
3.06592
1.0128
0.0920037
-5.50924
2.9287
-0.252562
-0.138915
-2.76476
0.51491
-0.0656879
1.35658
2.72338
-0.00153991
0.326209
1.53565
0.652735
1.16904
1.32767
-0.612526
-4.93081
-2.82521
2.65365
0.311054
-5.02867
0.209435
0.0984015
2.59123
0.402127
0.181959
-5.1855
2.52469
-2.99153
-5.28935
2.45979
1.59126
-5.34698
-1.81417
-5.5365
0.88165
1.72644
-5.49783
2.35517
1.40497
0.182182
-5.40767
1.6166
0.660422
0.259253
-1.18278
-4.29388
1.42154
1.40174
-4.19278
1.28533
0.466687
-1.15175
-3.50776
2.17294
-0.157185
1.34211
-2.67936
-5.30333
-5.24669
-5.14109
-5.01514
-4.87076
-4.71583
-0.804791
-4.51697
-4.09645
2.09607
2.1158
0.0239231
1.08697
0.237465
1.19966
-3.98927
2.06957
0.000470117
-3.90289
1.53847
-3.83128
-3.82062
-0.0249302
1.94794
1.35907
1.04942
0.830318
1.43363
-1.86367
-3.75757
1.90096
-3.7061
0.0759955
-1.32847
-3.60328
1.41702
1.84477
-0.163468
1.57019
0.00674395
1.28814
-3.66939
-0.77891
0.143036
1.78913
-0.831294
-2.65418
1.73355
-2.38908
-1.0722
-1.0222
-3.5953
1.68321
1.08188
0.359709
1.42524
0.413312
-0.0914094
-0.0684683
-3.59864
-4.21651
1.62071
0.385743
-0.0230769
1.49996
0.366813
-7.94068
-1.06889
-3.60674
1.57037
-5.41152
1.18538
-0.49403
0.0166472
-3.6161
1.51071
1.0558
-4.48312
1.44532
-3.62498
-0.195776
-0.624175
-2.64686
-2.89296
1.39588
-3.62269
1.3157
-3.63087
-4.6615
1.12567
-0.00304992
1.03865
-0.0494293
1.25119
-3.58691
-0.397964
2.45139
1.50012
-3.61168
-10.6972
1.19478
-3.67745
-4.89181
1.41201
-3.53657
1.40202
1.13724
-0.0573442
0.439902
-0.992171
1.41156
1.18225
0.100577
-1.89566
-3.44433
-2.65332
1.06218
0.278611
-1.74118
-0.32598
-3.54096
-2.01749
-1.95203
0.919442
1.00024
2.0733
1.00042
2.2266
1.37586
-3.17216
-0.225495
0.544305
-5.90354
0.952543
-0.0410016
0.0426153
1.03428
1.30336
-0.229899
-2.99917
-5.39351
0.865519
-3.55058
-0.195117
1.42422
1.52729
0.483141
2.46772
-9.2949
0.658961
0.274987
-2.82075
0.424689
-1.71045
0.781899
1.69753
1.50824
1.14543
-2.65699
0.697774
0.60139
0.532115
0.429447
0.343081
0.229396
-2.52083
0.628856
0.130345
1.38411
-0.0901114
-4.18871
2.29812
-2.53757
-0.493453
-4.842
1.23246
-2.56572
1.75362
-2.48477
0.365043
-2.48759
-5.13719
-2.53668
1.39944
-0.718116
-1.38938
-2.58635
-3.66155
-7.99623
1.44254
-2.62221
-2.65738
1.45331
1.46741
-1.1065
-9.4628
1.57638
0.293826
-6.17758
0.358318
0.824137
1.655
-2.07237
0.215741
-8.72147
1.66253
-4.83087
-1.55697
-5.33872
1.03683
1.32235
0.419212
-3.62185
0.878881
1.64275
0.47744
-3.82959
1.30664
0.375924
0.751713
-0.48901
1.31992
-2.5523
-0.00510279
0.00318658
0.891941
-1.95409
1.92843
0.625012
-1.38532
0.789525
-2.67637
1.77592
1.48118
1.45364
1.54369
0.227558
0.267634
-1.25891
-1.36667
-0.717185
-0.410506
0.271744
1.27377
-2.467
-0.402099
2.70941
0.00047081
0.986528
1.01709
-5.69509
-0.0644603
0.299735
0.0824255
0.887502
0.87475
1.38231
1.40413
1.21789
0.3087
1.64911
-2.66419
-0.00575545
-1.21532
-4.13084
-0.3086
-1.66958
1.30679
-5.43867
1.23188
-0.896626
-4.30622
0.299066
-1.8637
-1.41521
-3.9832
0.26164
1.5391
-0.0767866
-0.784442
-0.025079
0.711102
0.169589
-6.40345
-0.0135427
0.806973
0.370103
-3.86234
1.25044
0.479873
1.26084
-4.65251
0.193461
-0.0455792
0.00978582
0.496789
-5.00035
0.525057
-0.0144981
0.00427471
1.07189
1.98347
0.166034
-3.00054
1.40841
-1.45003
1.30496
-0.0761845
-0.00769183
0.632853
-3.51997
0.00585346
-0.836789
-6.06242
-3.60504
1.33804
-0.285747
1.29964
-0.584436
-0.00373551
2.17337
1.91867
-5.37401
0.749074
-5.73576
-1.41394
1.60175
-1.50563
0.560864
-2.08882
-0.20623
-1.86929
-1.16926
-0.0184932
0.418774
-0.00148084
-1.10759
1.40803
-5.53026
-3.22497
0.282797
-0.571876
1.93236
0.14044
0.845613
2.24277
2.30158
-0.00594297
2.10117
1.26198
1.35167
0.425509
1.68628
1.51256
0.847011
-3.9131
0.0463242
1.28572
1.276
0.00527542
-0.0041299
-5.57399
2.84224
1.3487
-0.612741
1.28324
1.10733
-0.444845
1.43627
0.554889
1.91364
-0.52688
-2.52262
0.16321
2.37451
-1.48232
1.61207
3.16544
1.29475
0.799616
0.254685
0.0928124
0.00108301
1.41818
2.60818
-2.62442
-0.82413
2.44758
0.174115
0.652967
2.78946
-0.913117
-5.94859
0.358006
-0.039496
-2.72448
0.596295
0.0217021
-1.35913
0.129293
0.451817
-8.60657
0.60995
2.76028
1.81644
-0.0413844
0.288547
1.53511
-0.148942
0.877409
-4.06952
3.08273
-0.983723
-1.80501
-1.0854
2.12957
1.09431
1.34747
0.487795
-7.09984
-0.675931
-1.03494
-0.348674
-0.904721
0.809685
-0.116419
0.0990465
-4.11659
0.888201
0.492433
1.37942
-0.0751604
-0.917186
-0.285558
2.4385
1.35652
-3.32607
0.714236
-3.16042
1.67547
-3.61409
1.63744
2.57557
-2.94217
0.0864446
-4.04768
0.23087
1.39609
-3.90202
0.819809
-2.99961
1.4192
-3.86317
-0.0066844
1.74778
-0.786048
-1.54999
-9.635
1.1526
1.69533
-2.74531
2.96611
1.11307
0.368756
1.31641
-0.0437162
1.02611
-2.96751
-3.85933
-2.35291
-8.81282
1.70714
0.65327
0.371953
-4.96227
2.44516
0.0513755
-0.840431
-0.0417917
0.0663081
-1.68715
1.19361
0.532209
0.106921
-2.40016
-0.98607
-0.6684
1.14452
-0.768242
1.08117
0.0366377
0.259398
0.608428
1.07633
0.817362
0.77834
-3.81318
-0.0292634
0.27741
1.37935
1.48069
0.256352
-6.0563
-2.1297
-2.09447
0.906265
2.99295
1.55294
-3.55939
0.180889
-6.57513
1.40028
-1.66565
1.20025
1.9458
-1.35942
0.703259
-0.461368
1.40611
-0.978349
0.0673094
-5.52569
-3.57731
-8.01296
-8.68319
-0.560215
1.2165
0.455237
0.438832
0.940038
-4.76085
1.57968
-1.58446
1.39752
0.119107
-0.0277284
1.09783
-2.76678
0.759604
-4.413
-5.43646
2.30866
-5.65529
0.244322
-4.45528
-1.17587
0.416033
1.73296
-1.06105
2.96017
2.50982
-3.75552
2.05645
0.485869
1.4346
2.8159
-1.30022
-0.0267123
1.15569
0.759411
0.306052
-3.69198
-3.99003
-0.6736
-1.19873
-1.2172
-0.494849
1.23949
-4.31249
0.355223
0.728484
1.67726
-2.24653
1.62496
-1.86262
-2.08228
0.119375
1.0878
1.3886
0.172132
1.44358
0.327693
3.23222
0.704947
-2.67344
3.21181
1.85618
2.17804
1.91818
3.17021
2.18902
0.754846
0.408774
3.10247
0.914436
0.133607
-4.58001
1.39902
-3.50917
1.081
1.27421
-1.30642
2.06909
1.31441
-3.41131
-0.202681
-0.652045
1.89236
1.76854
-0.261388
-0.944394
-3.79634
-2.96782
1.44637
-2.26132
0.30629
-2.05355
2.99942
2.08654
0.32931
1.01429
-3.53224
-4.13503
1.47839
-0.698756
2.68845
0.991801
-3.42726
0.509425
-3.87759
1.30494
-0.733878
-1.51141
-1.59973
2.65171
-4.9908
-2.31783
-2.32677
0.00388099
2.62351
-0.565937
-4.36674
-3.11097
0.687998
-3.94695
2.1309
0.392373
0.384854
-5.8116
-0.0222064
0.370276
-5.1179
2.55783
-0.99572
0.724903
1.39531
0.265997
-2.58636
-3.52202
1.08664
-5.24481
-0.102332
2.43137
2.49333
1.69976
-1.39425
2.40726
1.98936
0.903931
0.992022
-5.32959
1.21886
1.24814
1.0919
1.09042
1.88665
1.52923
-1.31581
-2.03889
0.981219
-5.43224
1.37115
-2.71784
-1.09618
-3.92006
1.63555
-0.780637
0.383808
-0.696067
1.42225
-3.31915
-5.45513
-1.16524
1.52883
-2.57304
-3.79742
-0.15992
1.034
0.255983
-3.45903
-0.160711
-8.43427
0.172325
0.742027
-0.00463084
0.0547837
-0.426525
-3.61551
0.677606
1.24884
-3.38705
-0.135639
-0.404565
-3.94588
1.00386
0.722619
-1.43599
0.791045
0.303008
0.343845
1.22536
1.25625
2.14694
1.36298
2.03824
-9.82388
-5.2854
0.367172
-5.20022
-5.08609
-4.95485
0.957857
-4.79148
-4.63567
0.372408
0.255016
-4.0492
0.286858
0.239646
-0.79774
2.0934
1.42239
3.0221
-3.95174
-9.12374
-2.63002
2.81004
-0.298306
0.526923
-4.29359
1.00383
-3.86027
-0.725267
-4.12413
-0.153013
-4.28025
-3.79038
1.18346
-1.14186
0.919612
-1.01547
0.391446
-1.35237
1.9278
0.459802
2.44457
0.244399
-3.73196
1.43964
-0.23119
0.407834
-0.102309
-1.07046
-3.1108
-0.516649
1.87303
0.862876
-4.1695
1.87061
1.88539
-3.74412
-0.064555
-3.68567
0.32956
0.795851
-0.736814
-0.507602
1.81733
0.37295
0.484728
0.592584
-3.58832
-2.87976
2.29723
-8.2093
1.38636
-0.111689
1.32341
0.0571334
1.42042
1.76116
-10.3686
0.213526
1.02065
-1.92823
1.18253
1.60541
0.288063
1.70908
-2.57423
-4.27627
0.658187
1.82865
-0.0606042
1.57696
-0.845935
1.53302
0.90038
0.582796
0.383793
-3.59343
1.65093
1.74605
1.45091
-0.865259
-4.02506
-0.555224
-9.86811
-0.931619
2.43512
-4.30787
0.957657
-3.60329
1.59927
-2.64931
-3.87365
-0.0434931
0.620714
1.41577
0.272868
-0.977298
2.87716
1.12618
-3.61201
1.54139
1.19848
1.26576
-0.0270345
-2.68056
-11.3951
0.42067
0.430858
1.1026
1.47899
-3.62251
-3.54523
1.30541
-0.675193
-2.23762
1.23304
0.820378
0.140352
0.495852
-3.63305
0.62981
1.42309
-3.63503
0.186197
1.49658
1.30739
-2.12715
1.35584
-3.62835
1.28034
-0.133089
-4.78182
0.437754
1.91894
-0.837994
1.2
-3.47471
1.28312
-3.62518
-0.404826
0.56718
1.99467
-1.28342
1.23231
0.319905
-2.64895
0.821313
-3.58838
1.2237
1.67906
1.61695
-1.43364
2.15183
-0.87175
1.44186
-0.328161
-3.58731
-3.80636
1.16739
-1.73541
0.927512
1.1669
-3.49793
1.41199
1.09778
0.338994
1.39503
-0.3113
-2.44744
2.37694
-2.94622
-2.21459
-3.198
1.03016
-3.16717
0.411217
1.103
1.13409
0.0382838
0.398215
-2.20148
0.810643
-4.18048
-0.722792
0.998915
2.46631
-3.60549
1.34436
2.75768
0.62665
0.576375
-3.09184
1.57172
-4.05912
0.415898
-0.702115
-0.398163
2.0304
-1.7153
-2.91334
0.825236
0.749222
0.509883
0.0865711
-1.31936
-0.487734
0.948203
-0.156049
1.41241
0.791734
-1.86461
-0.052518
-2.73166
-6.11833
1.40687
-6.06761
0.74038
1.19913
-0.963514
-0.513735
2.2483
0.202768
0.0116007
0.76521
0.650428
0.598916
0.569666
-9.69028
0.482304
0.387962
-1.17295
1.61551
-2.58661
0.406194
0.285678
1.80265
0.178043
-0.221119
0.197643
1.83589
1.85503
-4.01776
1.09763
0.927817
-2.49143
0.849266
0.870932
0.351654
-2.46823
2.94122
2.13066
-6.14708
1.09371
0.394408
-0.01491
-2.51075
0.466639
-0.412008
1.98417
-3.7564
-2.56208
2.01078
-5.20195
-0.984851
-0.239528
1.40069
0.376999
1.65858
-2.41005
0.166147
2.42397
2.60737
1.18682
0.0688024
-6.08533
3.20879
-0.723937
1.96226
1.34484
-0.250347
0.113197
-0.72536
-0.161602
2.07341
-2.33778
-4.83254
0.793154
-1.27493
-4.18522
-4.01159
2.06787
-2.25171
-3.62476
-1.97174
-0.628359
0.479488
-0.210745
0.104815
0.283736
-0.300542
-0.380547
-0.05037
2.43699
1.37722
1.68884
1.57552
0.246268
-1.70603
2.37834
-3.58877
0.434295
-0.362959
0.860037
-3.93832
0.313618
2.1343
-1.04642
-3.02808
0.373944
1.38145
0.96583
-3.61557
-3.6442
1.42233
1.37238
2.52284
1.15992
1.51448
1.51577
1.45678
-0.393329
1.67323
-2.44175
0.321004
-2.64975
-2.01543
-8.77056
-0.535733
-1.94863
1.16652
0.423435
-0.793599
-2.69079
-1.51166
0.458764
-4.44652
0.164781
-3.92122
1.43207
2.37788
-5.21257
-0.021458
-1.34245
-4.95037
-3.52783
-9.27541
0.383775
1.39037
-1.01253
-4.20138
-4.00551
-9.49925
1.52294
-2.82412
-3.77529
-4.94893
-8.54807
0.216253
-7.56855
-0.109407
-0.0228473
2.55377
-0.688129
-1.32362
1.75828
-0.107437
-0.955709
-2.22771
-0.244814
-4.39185
-2.67017
-5.19942
-0.0319373
0.278278
0.903986
-1.7118
-1.4593
-1.29098
-3.41047
-0.25137
-2.07414
-0.699509
-3.5158
2.22346
-0.155898
1.79861
3.10711
2.28368
2.7265
-5.34957
1.88861
0.242086
0.175729
-1.45272
-0.969786
0.189448
-1.23742
0.0075066
0.000714432
0.922191
-8.46335
1.06161
-1.81692
-4.52153
0.225901
-3.04323
1.65838
-0.0951086
-2.61229
0.669293
-3.34528
-3.16033
-2.64439
0.960045
-2.42877
-2.53513
-6.41207
-5.41596
0.966449
-0.0876379
-2.44069
-8.227
0.824749
-0.532624
-1.0452
0.374169
-3.20884
-3.08874
-4.03406
-4.19092
-0.414963
-3.69298
-4.28676
-4.55671
-3.95443
0.454053
0.0304807
0.963127
-0.445814
-0.508388
0.251006
-10.66
-6.65949
0.407481
2.98057
-0.46344
0.430249
-0.955142
-1.69121
-2.23512
0.999957
-6.17101
-2.89051
1.38965
-2.08957
-3.54132
1.52591
-3.1515
-1.8041
1.79584
1.23131
0.159671
-0.424777
-3.95793
-6.27728
-4.87712
1.22511
2.01869
-3.84347
-2.58499
0.16547
-4.29324
-1.03206
0.580918
-0.0195113
1.78054
2.02356
-3.83427
1.16446
-4.81897
-3.85793
-1.282
-3.15497
0.811436
0.253991
2.74857
-2.62785
-2.81061
2.76713
-2.96231
-2.95697
-6.9777
-1.50008
0.678251
0.684131
-3.92705
-1.04956
0.135174
2.30496
-0.0979194
2.20406
-0.727218
-2.83124
-0.668738
-2.53248
-5.33086
-0.834141
-1.10403
-2.80736
-0.616206
1.57663
0.230295
-1.6803
1.01294
3.03409
-2.67151
-3.61263
-3.39561
-1.82329
2.96248
-3.26448
0.386356
0.141452
-2.0913
-1.20007
-2.55469
0.220859
0.00784959
-0.183431
0.348911
-0.222277
-2.85939
2.35018
-4.19912
-2.02595
2.40893
1.30558
1.81385
-2.06698
1.16263
-1.29634
-1.8714
0.858203
1.18153
2.04313
-0.284191
-0.155782
0.248906
0.314338
-2.83333
-2.87015
0.0521223
-7.90299
-2.67878
0.583982
-0.854274
-0.0521239
0.286216
-2.35345
2.43554
1.31046
1.50689
-0.296251
-2.0892
0.796254
-1.68832
-5.23149
1.2228
-0.00956655
-1.73564
-0.0109434
2.016
-3.22059
1.96055
-0.0865813
1.6736
-3.62177
1.97763
-0.0183596
0.0537086
-3.03289
-3.7459
0.905893
-0.0422488
-0.342614
0.122205
-2.67018
0.554744
-1.20863
2.34402
-7.06746
-0.313781
-1.75454
0.306088
1.72348
-1.1817
-3.58033
0.876954
2.22934
-6.17441
-5.03937
0.027961
0.494246
-2.9132
-1.99501
1.44055
-7.18225
0.395667
0.918341
2.38663
1.06622
1.84589
1.98554
-1.75109
-0.0228091
-3.19176
2.37359
2.92791
-5.46179
0.301483
-0.840078
-4.15318
-3.31709
-0.611108
2.41186
-1.33972
0.948044
0.0348778
-0.283694
1.81486
0.896693
-0.584184
-2.12125
1.25978
2.01398
0.327397
0.274666
0.391371
1.59598
0.237453
-2.68574
-5.4333
-1.22043
-2.67604
1.5185
-4.6595
-1.88179
-8.52895
-2.94187
1.38262
-9.12374
-2.55538
-0.186287
0.263761
2.30485
-1.73309
-1.15572
0.247711
-1.39934
1.13264
2.99259
0.0365029
-2.23662
-3.71752
-1.56954
0.805765
-0.270127
-0.0901245
2.88633
-1.15967
2.12744
-3.93039
-0.517863
-0.174488
-3.58947
-4.05944
-0.624074
-1.99781
1.04501
-0.216112
-1.73312
-2.64905
0.252076
-1.07395
-10.7025
-3.15758
0.293467
1.0893
2.02069
-4.52022
0.097355
0.79129
0.602204
-0.118479
-3.77418
1.97568
-4.10952
1.35486
1.73864
1.04301
-5.13472
0.689492
0.953497
-0.973436
-3.97835
-3.41568
0.718127
2.23341
2.06602
1.47447
1.75664
-3.43904
-3.66557
0.424944
0.140066
-3.50547
2.72111
1.05209
0.493317
1.22284
-0.0529982
-2.78344
-4.30141
1.58011
-0.472142
1.14649
-0.440598
1.82746
1.41913
-3.09688
2.19564
-2.56063
-1.26053
-3.77622
-0.0453164
-3.50565
-2.57712
-1.56811
-5.43062
0.659859
-5.16935
-0.735241
-2.09426
0.357132
-3.97217
-0.0156032
0.333906
2.40106
-10.8626
-0.407931
-3.8805
0.352155
2.1321
0.017322
-3.68593
-3.63775
-3.63844
0.25161
-10.0351
-0.00983437
-1.45917
-0.290251
-0.145737
0.908386
3.15145
2.99545
-0.0246073
0.32842
-2.65844
2.43973
1.61009
1.69027
1.87799
-1.79748
2.57145
0.0606458
-9.0301
0.56664
-2.79426
1.63412
-1.01983
-2.08592
0.305161
0.905243
-3.948
0.424816
1.74821
0.447967
1.71254
-0.520009
1.18861
0.845885
-0.167343
-3.94009
2.36346
-0.661383
0.730034
-3.31891
-10.5618
-0.0052934
0.257324
-2.64466
1.26767
1.78032
0.860893
-2.6068
1.72811
0.41331
-2.07532
0.543775
0.989926
-3.58508
0.668832
2.0936
-0.131572
-5.20852
-0.0930479
-3.88868
-0.291718
-1.39356
-3.74472
0.426265
0.860161
2.38157
2.82372
-1.66607
-1.54935
0.40293
-1.05439
-1.79676
1.84839
-1.97732
-2.61165
0.411325
-3.57345
-1.94047
-3.32253
0.632014
-3.93956
-0.17821
1.94825
0.291561
-3.35203
-2.01218
2.26039
0.0855434
-1.56922
-1.10707
1.38077
-5.42925
0.904275
-11.4593
1.9394
1.05306
1.23625
-3.26541
-0.490191
2.40485
0.0828221
-0.327213
-1.60018
-4.36664
-3.80756
1.21867
0.694256
0.407591
-3.71817
-0.274617
0.842328
-11.1579
0.136404
0.128666
1.33477
2.61954
-0.385164
-0.0888381
-1.05053
-0.0228193
-1.05992
0.740004
0.903369
-4.79346
-3.21911
0.679864
1.71075
-3.84378
0.318561
0.892077
1.94093
1.91469
-3.48342
-3.92142
0.673591
1.25399
-0.939865
-3.10183
-0.0880079
-4.13621
0.761839
-5.06641
0.529801
-2.52805
0.0346125
-4.5627
0.441916
-6.51106
-1.8038
-3.85754
2.11113
1.86007
1.33885
-2.31371
2.14901
1.3244
-0.378723
-0.202845
-1.15421
-0.232778
-3.89275
-5.34035
-2.41045
0.587036
-3.51769
0.163764
0.00853821
-5.30548
2.53341
0.824333
1.81689
1.87381
-0.675596
-2.66904
-1.87482
2.76583
-0.358274
0.0992887
1.25017
0.00705507
1.64616
0.870567
0.401262
1.35325
-0.36785
1.92036
2.0069
0.523097
1.44265
-0.430711
0.958422
0.105975
-3.81624
1.14167
2.37842
-0.213145
-0.500109
-4.10057
2.31752
-8.11167
-2.76106
-3.76493
-0.215474
0.0051274
2.8207
-0.78173
-0.00219425
1.48008
-0.15851
-0.34842
-2.87979
1.24531
1.15116
0.951963
-0.709456
1.92361
-0.0465248
2.65987
2.58409
-1.57215
1.1485
-1.13228
0.322257
-3.77266
1.46679
-5.14884
1.79074
-2.93948
1.37329
-0.411971
0.671581
1.9609
-8.69271
-0.0277565
-1.9309
-5.83554
-1.33929
-3.70855
-1.51821
-1.45762
-0.622943
1.92982
-11.3094
2.27255
-0.267346
-4.97081
-0.912468
-5.27654
-1.76774
-5.7387
-4.03317
-1.07114
-8.91032
2.05423
-2.76698
1.97537
-0.373196
-3.08142
-4.52219
-1.3298
0.799236
0.174503
2.28244
-0.700886
-1.82549
0.0319732
-3.0284
1.35102
-3.59008
1.09286
-0.0137571
-2.66827
0.208827
-10.2734
0.362987
-0.390148
-0.673086
1.75113
2.14041
-0.702443
-0.482286
1.19169
1.23775
2.25801
2.88194
0.390265
-0.929764
1.40442
0.0183909
-1.55438
-0.542744
2.17957
-3.06731
0.956276
-4.92807
-0.346442
-0.132854
-4.72866
-0.0245606
0.340308
-0.471235
2.85019
-0.0576347
1.39963
1.33547
-3.08715
0.347258
-2.5285
1.33579
-2.71081
-1.57894
0.185389
-2.59957
1.00311
-0.624222
2.61477
-3.28149
1.87188
-4.80788
2.68462
1.55975
1.40337
-4.00664
-4.52283
-0.269413
-0.829699
-1.36286
1.62978
1.66445
1.27901
-0.830402
2.70954
0.835512
1.40145
-4.65535
-2.66361
-1.60755
-1.14237
1.31572
-10.3464
-3.69357
-5.26047
-0.151854
2.05079
1.00956
-2.67042
0.71392
-0.291939
-2.28779
0.338896
0.0329465
1.18536
-4.07043
0.00453495
-7.31657
-0.229231
-3.81206
-5.22763
-3.48758
-2.83922
-0.355148
1.19409
-0.221428
0.924243
-3.68842
1.50663
-1.32557
-1.71506
0.89355
-0.250544
-2.49323
2.37577
1.40145
0.671793
0.120221
1.70959
-3.76462
-3.73049
-1.78427
-0.0627832
-7.51424
0.300424
1.27896
-0.248014
0.602814
2.19578
-2.72511
-1.70386
0.170588
-0.501119
-5.05122
1.62636
-2.67566
1.98678
1.10752
1.56061
-8.10301
-5.22231
-2.11093
-0.782143
1.89546
-11.2323
1.40191
0.380989
-9.51771
0.404448
-1.58328
2.52003
0.312374
0.12226
0.18033
-0.0791319
-3.94465
1.7974
-3.12704
1.43102
1.56118
2.92412
1.55877
-2.05801
-3.61379
-5.00794
-0.0521919
1.95208
-1.18157
0.0206586
-1.33775
-3.26923
1.93999
0.568225
-3.65117
-0.0215045
1.7792
2.65257
0.0576226
-0.0274427
1.83797
1.41405
1.21746
1.84383
-1.48483
-3.93853
1.39379
-4.11339
-0.641503
-0.196883
-3.935
1.87572
1.19694
-0.00766848
-2.86791
1.65157
-3.61312
-1.68009
-0.192914
0.833429
1.39918
1.89918
-1.24554
-0.0942816
-3.88533
2.82533
3.0965
1.44454
1.31748
0.00355352
-3.92895
2.78828
0.328461
-6.17131
-0.213734
0.00689687
-3.60395
-5.68971
-3.87854
0.706364
-0.520266
-3.83683
1.59324
1.38207
-4.17052
-4.87271
-2.46444
0.953832
0.334125
1.88664
-1.41625
-0.0302553
0.0802944
0.201325
-2.62725
-0.568855
1.62904
1.20293
0.000557583
1.90813
1.65089
0.905435
0.180605
-0.0665062
-4.68218
1.02601
0.0972172
-11.6492
0.0317152
-6.03779
1.68992
-4.4417
0.0459579
1.11803
1.21516
-6.00637
1.54478
3.18721
-2.52587
0.978381
-0.137516
-3.57771
2.50839
-0.192728
0.243135
-2.51869
-0.0330366
-2.83684
0.328559
-0.169024
1.14643
-0.069263
-1.61784
-0.375937
-3.62816
1.95404
0.850809
-2.68169
1.56616
0.84442
2.427
3.10914
-0.0106489
0.692208
-11.1694
0.277464
-0.148001
0.491699
2.26016
1.85631
-1.37704
-0.0473931
0.87189
-5.46205
-1.42637
0.19037
-1.30195
-1.8816
3.07758
-5.2638
-0.900658
1.85743
0.438848
1.20901
-3.95924
-2.08817
-1.12647
1.54173
-0.439316
0.00999236
-0.296249
-2.67754
-4.72936
-4.86689
1.2624
0.239477
1.09451
-0.952378
0.802775
-3.76035
1.14239
-4.24019
1.17781
1.41042
2.12325
-3.5968
-2.65966
1.01757
-0.0978437
-3.7034
-0.355487
-0.142362
-1.25929
2.37906
-3.76619
-4.4918
0.228166
-3.91499
-1.06371
-4.80147
0.0687554
1.46722
0.330014
-3.94063
0.401847
0.142567
1.40436
-0.433329
-0.0258589
-0.131496
2.65073
-3.5374
0.414441
-0.205424
-3.68415
0.34129
-5.32223
1.05799
1.56607
-0.715063
-3.49206
-11.5749
-2.5517
-1.29289
0.282049
-1.30454
-2.13301
0.793668
0.506658
-6.97129
-0.795087
2.16866
2.86897
-0.179211
1.68049
2.86279
0.442249
-3.84181
-5.37893
-2.81062
-11.1769
-0.899386
-1.78477
-10.43
0.982652
-3.80783
0.00257599
-0.655908
1.28357
-0.273011
1.37193
-4.63838
-0.993709
-0.490568
2.49245
1.08262
-2.63734
0.305137
-5.37272
-3.96631
1.77743
0.646621
-2.29915
0.875704
-2.25383
-3.20727
1.26277
-4.57665
-4.87498
-1.46405
0.612127
1.5223
2.8579
0.863093
1.21892
-3.35037
0.870606
-2.952
-3.83299
0.235683
-2.23435
-0.550875
1.47344
1.05916
-0.221324
1.91155
-4.10087
1.266
0.758236
0.911809
0.17857
1.40687
1.39928
-3.95817
1.51757
-9.70651
-1.96242
-0.141958
2.46786
-3.19857
0.4589
-0.106068
-0.549489
2.35466
-0.174259
2.79015
-4.18689
-1.2702
1.31937
-0.114576
0.188858
-0.204507
-0.0746513
-1.24562
0.884341
1.06456
2.47595
0.92081
1.08564
)
;

boundaryField
{
    SideWalls
    {
        type            empty;
    }
    Top
    {
        type            zeroGradient;
    }
    Inlet
    {
        type            zeroGradient;
    }
    Bottom
    {
        type            zeroGradient;
    }
    Outlet
    {
        type            fixedValue;
        value           uniform 0;
    }
    Plate
    {
        type            zeroGradient;
    }
}


// ************************************************************************* //
