/*--------------------------------*- C++ -*----------------------------------*\
| =========                 |                                                 |
| \\      /  F ield         | OpenFOAM: The Open Source CFD Toolbox           |
|  \\    /   O peration     | Version:  2306                                  |
|   \\  /    A nd           | Website:  www.openfoam.com                      |
|    \\/     M anipulation  |                                                 |
\*---------------------------------------------------------------------------*/
FoamFile
{
    version     2.0;
    format      ascii;
    arch        "LSB;label=32;scalar=64";
    class       volScalarField;
    location    "6.7";
    object      p;
}
// * * * * * * * * * * * * * * * * * * * * * * * * * * * * * * * * * * * * * //

dimensions      [0 2 -2 0 0 0 0];

internalField   nonuniform List<scalar> 
5098
(
-0.531076
0.57414
0.208187
2.08246
-1.40103
2.31982
0.0941189
-1.24745
0.214141
0.301503
-3.39059
0.826849
0.450738
2.61986
-0.683505
-0.00597945
-1.93515
-6.71787
-3.9474
-2.10221
1.54816
0.000188936
1.02383
3.18788
-6.73617
2.24785
1.46744
1.53161
-3.96471
0.741389
0.691162
2.80655
1.69004
-0.739068
-0.345569
-2.66657
1.69619
1.65424
2.51801
1.20463
2.04389
-11.4349
2.21913
0.253688
-0.120782
0.681579
-2.70402
2.84431
0.703959
2.12202
0.26292
1.98135
-5.0065
1.53687
2.32427
2.24914
1.68316
1.96003
2.81314
-0.287552
-0.101172
-3.55402
-0.358326
0.47727
-4.98168
2.64814
0.0508764
0.189916
1.32508
1.86584
1.64384
-0.00578168
1.35628
0.0753823
-0.205849
2.12322
-0.18392
2.30627
0.318205
2.18381
-0.315828
-6.27526
2.06707
-0.991933
-7.21598
0.678968
3.39804
-0.177296
-1.43797
-0.121845
0.955446
-4.78494
0.857622
2.08407
2.52945
0.0602763
1.84337
2.36191
-0.196528
1.37052
-4.23087
2.25686
-0.007576
-0.188914
2.31097
-0.29364
1.54549
0.124101
2.88856
-3.60385
1.97456
-3.74886
1.648
-4.75309
1.48216
-3.90948
-7.08251
-1.28727
-0.185052
3.16324
1.94086
0.278019
0.290482
-8.74426
-4.84182
-2.17714
1.45649
1.06519
2.58119
-4.76728
-8.67863
2.73713
2.70386
-1.05555
-2.14697
-2.64488
-1.48001
1.50209
2.54712
1.54287
1.98722
-0.197922
1.44586
0.230999
0.694325
-0.149167
1.37962
-1.10919
-1.23636
1.21752
-9.92314
-4.93614
-1.30178
1.68486
3.43355
3.10528
1.96377
-3.3753
2.04908
-3.96341
1.55071
-0.763025
-4.86344
1.90499
-6.96264
0.549453
-1.59017
0.654303
-6.91884
1.95584
0.0521984
2.12685
0.464362
1.54214
0.603302
0.814291
2.02408
-2.63192
1.99903
3.42926
-2.77379
-6.54265
1.85088
-6.84568
1.86992
-0.870097
2.28325
1.66433
2.09659
-4.80022
-3.8361
0.334658
1.30507
-0.215073
0.582109
-4.78373
-4.53785
-2.79475
0.0144721
1.91986
-7.60898
1.97172
-0.107407
0.579634
1.51231
3.10297
-0.829817
2.57802
1.05808
1.29832
1.71906
1.93261
0.324591
0.63069
-1.03675
-3.89214
-0.227872
-4.55648
-4.80517
0.878345
0.884474
2.24083
0.0421713
0.871478
-4.77613
1.60622
3.36987
1.55121
1.44096
0.336155
1.64805
3.24083
-5.22243
0.0136101
0.383889
0.435133
1.19187
-5.9798
-2.28781
1.89419
-6.4579
0.413471
0.0576423
2.93213
1.51271
0.934302
2.57151
-4.1604
-2.05124
0.871474
0.475098
1.47951
-4.13196
-6.83923
1.76483
-5.85822
-1.92325
0.299292
2.80297
-0.0725203
-0.867717
-4.8984
-6.65205
1.37336
0.0395752
-4.65894
-3.9623
-3.74829
0.133275
1.9156
-4.79621
-0.0116705
-3.95471
0.146435
2.77129
0.0439592
-11.7086
-8.73559
0.778408
1.71593
-8.458
-1.10205
-4.78397
-1.20684
-0.134542
-0.358819
1.75857
-0.161705
0.558926
0.886296
-8.94299
-4.69862
2.92467
-0.0609227
1.44005
0.272968
-0.387304
0.638655
1.41729
1.69945
-0.201347
-0.8631
2.19616
1.45247
-4.49491
1.6851
-1.57501
0.816732
1.81494
-2.78198
0.993405
-4.21315
2.27652
-0.248329
0.406459
3.42149
-1.33126
0.0605755
1.12637
3.0358
0.297148
-4.65945
-2.07974
-4.65405
-0.18207
2.5524
0.543481
1.49773
2.85992
-0.128236
1.84307
1.08987
2.55003
0.684616
1.82483
0.230977
0.690992
2.14848
1.31949
1.81538
1.40669
1.89793
0.371664
1.63999
-3.83962
-0.178222
1.4239
-4.0332
-1.27294
0.805656
0.509062
3.00054
3.00944
-7.88336
-0.272178
-7.96773
-2.57855
0.627933
2.54431
-0.00143787
1.56746
1.47453
1.07177
-0.223547
0.215006
2.80152
1.65217
1.05966
0.771767
-6.1041
2.70559
0.247807
-2.70074
-0.151043
-0.0034624
-3.61989
1.87511
0.321384
0.712965
-0.192485
1.53681
-1.98644
1.75239
-0.876842
0.203297
-2.11062
-0.261974
-6.42831
2.01332
-0.0677848
1.44695
0.439725
1.62031
1.98276
1.16678
-3.02412
2.15709
-2.70986
0.54128
-0.994915
-4.95519
2.96964
2.21885
1.56183
-3.87087
0.524671
1.56682
-5.02451
0.309046
-1.34725
1.58173
-0.347381
-4.93961
0.0606252
-1.5114
-0.00211071
1.45659
2.96594
-1.85518
0.772536
1.503
2.26561
0.0557288
0.904293
-8.18825
-4.79087
0.0962307
-0.818205
0.165931
1.55913
0.044532
-3.96466
0.0197362
1.69489
-1.84204
-4.64416
0.0631017
1.06677
1.29584
-2.9784
1.98169
1.81985
1.19076
-1.56281
1.39553
-1.51958
-2.733
-0.680468
-3.89889
1.48875
-2.51723
1.02882
1.59934
-1.44457
-2.42366
0.2034
-11.3637
0.737263
1.59126
-2.73939
2.18878
-0.0605615
2.95677
-2.42096
2.02151
-5.59942
-4.75747
-10.2887
-4.16552
2.00358
-3.98035
0.725911
-0.572384
-2.26343
1.46534
-2.40534
-4.0344
2.27129
-2.9336
0.927446
0.774005
-0.664021
-3.00026
1.31011
0.204119
1.77479
0.368231
-0.907084
0.275839
1.58502
-2.76687
-0.994805
-0.365706
-3.36108
-4.74392
-0.00062978
2.4021
-3.66868
2.3144
1.68491
-6.15173
1.04007
-4.01652
-7.08061
-3.97205
-3.80274
1.20775
0.95842
-3.02305
-0.353104
-4.88412
1.57422
1.77539
0.51486
0.78514
1.48061
3.03448
-5.45852
-0.919278
2.47381
-5.20776
-1.19222
2.9678
-0.210017
-3.08185
0.00924121
-5.59485
-4.50012
1.53441
0.790464
0.455234
3.34904
-8.49981
-0.00368198
-2.88758
-0.195006
0.238859
-1.52202
-4.7885
-1.84664
1.45767
-0.012529
-5.24843
1.87689
-1.61873
-3.6886
-0.275566
-2.54858
3.36118
-2.95773
-1.80721
1.81342
-0.11375
-4.20921
-1.19217
-2.49051
-9.17131
2.29774
-2.67159
-1.39636
-2.78463
-0.942144
1.81514
-4.62364
-0.238288
-4.90563
-4.3091
-0.228202
-6.63251
-4.19616
0.879226
0.617006
-4.44085
1.51383
1.94208
3.32764
-0.447341
1.83675
2.6032
-4.65875
0.204944
-10.621
0.773666
-0.134827
0.379276
-0.368581
-0.251195
1.15678
0.751211
-5.37493
-4.94228
2.95479
-1.41638
-7.51905
-0.236031
1.81073
1.07012
1.04604
-2.58132
-2.33174
-0.0875072
2.11095
0.756661
0.370249
2.73806
-0.419651
2.59992
-7.00579
-5.60862
-0.455324
-0.68242
-5.09533
-4.84016
2.66331
-2.51326
-2.3035
2.69597
-1.21946
0.0266033
-0.101518
2.92555
-3.93905
2.39998
0.321924
-0.0909038
0.408677
-4.77368
1.23614
-0.482168
-0.136439
-9.24806
1.4593
2.09462
-6.78854
-0.272575
1.97499
2.86102
-5.43844
1.79751
3.32813
-2.31562
1.01108
-1.08896
1.69508
2.43857
2.13941
-3.74917
1.57396
0.553459
-5.57702
1.42973
-0.29002
1.92052
-2.69096
1.64713
1.02911
-0.0897956
0.00869868
0.530605
1.62638
2.04802
0.199123
-5.91952
2.83304
1.82147
2.23189
0.290499
-0.672493
-0.0325306
-0.113379
2.75317
2.98862
-3.22755
1.81118
-5.0868
-5.27453
0.0744208
1.59178
-4.05922
-3.96565
-5.68393
-6.20153
-0.397851
0.759971
-2.26602
1.71846
2.1229
-3.9636
2.17199
-0.00269243
1.69699
-4.93403
-6.29013
-0.156123
2.89089
-0.502427
-1.28487
-1.2946
-3.90876
1.46518
-1.62592
0.907431
2.67119
-6.57845
-7.97125
-3.36262
-8.29434
-4.03345
2.09414
-0.790071
2.91708
2.82199
2.64158
-7.37501
-4.83194
-3.83346
-4.06172
0.217238
-4.84887
-4.70843
-4.98114
-7.59024
2.22365
-4.7804
1.92312
-7.0555
2.60821
1.5246
-4.74365
0.296939
-4.06036
3.26814
-0.2197
1.49189
-1.96145
-8.54204
-5.33041
-7.9824
-4.16975
2.14962
-0.887236
-0.989858
-4.69125
-4.7398
1.00817
-4.45064
-0.408866
-0.00411775
0.455375
0.458386
-9.54449
2.07672
2.63786
-4.92494
1.16669
-7.28333
1.9738
-3.95252
0.20511
1.13195
-5.82163
-0.109738
-4.78115
-0.661521
-8.438
-2.31339
1.84152
1.2589
-3.70182
-0.231014
1.08913
1.43617
0.0317399
0.6466
-9.19106
3.31683
1.16052
1.97831
-0.0343002
0.852994
-5.26092
-10.7715
-0.253454
-5.78047
-1.91544
2.73343
2.38016
-2.82758
0.935683
-4.03978
2.43603
0.782799
-4.77193
-4.85223
-4.86634
-4.01182
-0.0521718
0.212035
1.76488
-1.21033
-0.141176
-4.57839
1.38035
-2.3778
-4.93063
2.18858
0.94058
2.78861
-0.812777
1.86756
2.16068
2.01061
-0.900932
1.83299
-0.495811
0.454868
0.479909
0.19475
1.00619
-4.84466
-5.19292
-4.93188
-11.563
0.854506
1.5997
0.602945
-4.7991
0.531569
3.40429
-3.89634
1.9241
0.0264757
2.67096
-4.42004
1.64498
-1.69106
-9.26717
2.85547
-1.153
-4.01145
0.794876
2.95593
1.87173
-0.528521
-1.175
-1.82024
-4.24811
-2.97372
-4.92892
1.97104
-4.74022
-2.60003
-4.76819
1.28561
0.0259249
-4.15958
-1.30882
-4.98192
1.18423
0.127559
1.74166
-3.00251
-4.32786
2.68536
-5.69826
-3.46017
-4.61351
0.342491
-4.78306
-5.06622
-6.80193
-0.372608
-0.0202053
1.485
-5.26883
-6.07669
-4.09518
0.130788
-0.0231031
0.52297
0.0493056
-4.79964
1.56806
-0.217057
2.61178
2.11976
0.674399
2.15555
0.674821
1.51516
3.14123
2.15145
-9.00779
-6.52786
0.0971921
-6.24531
-0.723943
-6.95305
1.87383
-4.28694
2.4471
2.54779
1.6836
1.65903
-7.80376
0.877661
-2.50201
-0.242106
2.71807
1.97022
-0.245427
-0.0358298
-4.7831
-7.56024
-0.16727
-4.14404
-2.31478
-0.411101
0.0350826
-4.58925
0.674049
2.80187
1.75356
2.07166
1.88669
2.05258
-0.0189269
-0.506461
-0.807635
-4.77483
0.635007
0.397983
1.4206
1.20444
2.89551
-3.2581
-1.03747
0.133019
1.7019
-2.00554
-0.0712052
-4.73617
3.23357
1.69805
-4.89843
1.63783
-0.601563
-11.4533
1.48932
1.91285
0.962073
0.613377
0.805365
-1.52683
-0.139444
0.271825
2.73531
-1.12372
2.43308
-6.1342
-2.76832
-6.91674
1.40344
2.08398
-2.27665
-0.0172592
3.21416
0.562662
1.42379
1.44654
2.9889
0.302155
1.87562
-0.103862
1.92404
-0.0805628
-0.402784
2.45478
3.3126
0.501511
-4.17099
0.122539
-1.23859
-5.14838
1.83952
0.936631
-2.63309
1.60604
2.11137
1.57955
1.68116
0.0722461
1.83363
2.47055
-1.80186
3.06937
2.07284
0.950727
0.0107328
-0.979518
0.0478687
1.77976
0.426185
1.84492
2.07114
1.63813
-7.00439
-8.87117
2.12732
1.19815
2.37805
-0.30117
1.57789
1.91964
1.2319
2.18043
2.20418
-0.286007
-0.159298
1.69339
2.15288
-1.96849
-0.904747
-1.75188
2.14465
0.421119
1.88922
2.99379
-6.92424
2.90062
3.17646
-0.0226209
-1.32222
0.0601263
3.3819
-3.66507
2.06898
3.01099
0.776085
-4.81336
1.00071
1.29717
3.15401
1.3181
1.25856
3.27071
2.41311
-0.101955
3.2504
2.66343
-0.0182146
-3.56236
-4.35223
0.0140313
0.479785
2.02061
2.63255
-3.82561
-0.278921
1.12017
0.608276
2.34874
-4.0594
2.82652
-2.47399
-7.91162
1.45483
-2.25976
2.13085
-0.576855
1.3577
-5.2683
2.63809
1.78416
1.74247
1.82505
-11.9369
-0.152095
-0.234294
1.06596
1.10217
2.79567
1.94722
-0.00684219
1.16839
0.552157
-5.64184
2.61041
-0.0224274
2.1781
0.00582193
0.106754
-6.94715
0.367757
0.916978
2.94648
-0.0651937
1.19654
-6.05079
-3.14964
2.52275
2.47812
-6.73226
2.4653
0.720799
-6.60593
0.308252
1.11303
3.34002
-0.270122
-2.6374
2.2354
-0.208201
1.91373
-4.75922
-9.34339
-0.0535118
-4.76333
-5.09131
0.6218
1.87101
-0.280017
-5.09422
0.00948547
-0.111272
-2.17296
0.9381
2.83005
1.40581
1.24329
-1.46527
-1.78133
0.159835
1.31529
-1.20786
0.0122498
0.05924
-0.000153461
0.309847
1.32064
0.67131
0.858998
1.33823
1.17714
-1.55166
-4.50738
0.289181
-1.67092
3.21511
1.16412
0.747952
-1.2266
-1.16776
-0.7718
-0.25138
-5.65255
-3.19126
-0.658347
-1.22176
1.87083
0.489341
-0.0210299
2.00678
-4.96425
-0.535864
2.76995
-2.87618
-2.19178
0.630542
1.6812
-6.49795
0.426058
-6.40088
-0.192692
-1.90676
-1.17905
2.07197
-7.27259
1.05456
0.020706
-7.78296
-7.6894
-0.514742
1.52328
0.249152
-4.19631
2.76872
-5.32162
1.8108
-0.622938
-2.96857
-1.95262
-0.990763
-4.65617
1.71227
1.68544
1.77179
-0.144622
-7.14315
2.47603
-8.62401
-2.52179
0.00942421
-7.15291
-0.0905873
-0.0276017
2.50333
-4.94319
-4.02553
-4.12412
1.27212
1.1497
-9.96775
1.14331
-0.0666107
-0.720011
0.578224
1.01275
0.699751
0.048914
-10.0832
2.61783
-0.229772
0.000913459
1.02095
0.0109432
1.25877
-9.66426
-0.743522
-1.97123
1.31779
-0.194867
-0.365355
0.764374
0.0084042
0.198629
-0.28071
1.78358
-0.255301
-1.40513
1.57412
1.56934
-0.16313
0.920174
0.925266
1.72247
2.12336
1.86848
0.262437
2.86044
1.38413
-2.18825
1.21537
-8.8396
0.0295344
0.0250827
0.768395
-0.485122
2.87455
0.531411
0.456476
-0.147723
0.731355
-1.01426
0.608697
-4.46296
1.35818
-0.619033
1.58649
1.00873
1.72288
-8.14006
2.19347
-5.94072
1.65788
1.8026
0.620854
-1.62539
-2.29259
-2.72852
1.99027
-9.59719
-3.99251
1.97177
1.11461
-0.178422
2.01871
1.39549
-1.15429
2.6552
-1.70181
0.306179
-1.99731
-1.64428
-0.191244
-0.530666
-1.61507
2.92231
0.00345577
0.635978
-0.669139
-5.11511
1.82614
2.17546
0.0127398
-0.00592663
1.62401
-4.58135
1.56273
1.71262
-0.627443
-0.714423
1.19376
-0.131722
2.95964
-4.86565
1.37582
-0.197381
-1.2209
2.85849
1.85842
0.41389
2.36869
-4.43771
2.16637
2.11998
0.0525146
1.63163
1.56752
1.33786
1.66211
-1.04975
1.79967
0.10834
0.899155
0.00966462
-3.97686
1.84303
-4.8799
-4.78134
-0.0454526
-0.296119
1.28696
-4.54196
1.5671
0.459411
0.889464
1.60591
1.36542
0.473932
0.182472
-6.99511
1.67321
0.960548
-5.67583
-1.74534
-1.01481
1.72283
-6.00144
-6.63649
1.51758
-6.35642
2.10207
1.08589
-5.46388
-4.77535
1.93489
2.15283
-1.16714
1.47406
-4.81004
-1.30619
-4.34109
0.469433
-1.14374
-4.72033
3.14114
0.82279
-4.59146
0.0301145
-0.956959
1.65478
0.96543
-2.11313
-4.71532
-5.31063
-5.38415
-4.66663
1.26943
2.61981
-0.414525
-10.2241
0.0239567
-4.83923
1.97464
3.17721
-5.686
1.16615
1.75668
-4.74662
0.545106
2.8591
-3.32302
-2.19503
1.3832
1.49722
1.31122
-1.14732
0.940083
0.0116213
1.07063
-2.094
0.0265566
1.70227
-0.678315
0.376462
0.988887
1.57809
1.03646
0.0223767
0.804336
1.706
1.28655
1.52211
2.97688
-1.74032
2.78548
-0.15146
2.72503
3.30875
-3.7683
0.173667
0.487143
1.5979
-3.79777
0.830302
1.04749
-0.0396803
1.81927
2.43433
1.88147
1.93512
0.582294
1.16899
-9.77971
3.24068
-5.46507
0.175783
-4.94575
-1.0391
-7.06022
1.71444
1.92975
1.02838
2.01403
-2.25902
0.0266724
2.09476
1.59683
-0.117084
-1.10885
0.0792413
0.0559374
0.502075
1.7837
3.1111
1.61796
2.24607
2.16507
1.8409
2.97983
1.14772
1.65103
0.252731
-5.01566
0.845995
1.27371
1.29635
3.27641
0.526336
0.855656
0.00236868
0.00269059
3.14497
1.05151
-0.464274
-6.73263
1.40334
-1.64243
-0.219534
2.33271
1.73856
1.53145
1.83339
0.00789529
2.441
-4.29182
1.50566
0.380594
0.253126
0.179608
2.60517
0.254916
-0.00325188
1.73332
1.60762
-2.92705
1.5374
2.6845
-0.458742
-6.68716
-5.21524
-4.06879
-0.854542
-6.39637
-0.543543
1.54516
0.625896
0.0214901
1.76043
0.0336531
-0.785352
-0.987832
-3.42128
-3.54202
0.249042
-5.20208
-5.07399
1.6183
1.59149
2.2602
-2.44293
0.749309
-0.13728
1.57295
2.60159
-5.91732
0.0222862
-0.0846496
2.7038
1.25182
-2.40534
-1.09521
-4.04956
-0.00970677
-0.084021
2.86164
-0.0863776
5.52864e-05
0.803547
0.626738
0.00862112
0.967413
0.281884
0.834711
-4.98149
-6.66772
0.303437
-5.20873
-0.137406
0.779565
-3.27152
1.8551
1.14107
3.05261
0.637452
2.7673
-0.643681
1.92789
-0.549385
-0.17963
-3.90104
2.53791
-0.178502
0.397241
0.322248
-2.92802
-4.54828
0.0143272
0.0398364
-0.205266
-0.365074
-0.229164
0.169594
1.12793
2.0484
-4.56996
-0.0907011
0.193778
-0.327505
0.0114006
1.8247
0.381699
0.939212
-0.215685
-0.0771267
2.36124
-3.34456
0.793424
0.00162125
0.0360919
-0.816553
2.31997
-2.61739
-0.160729
-0.147722
-5.07239
-1.12127
-0.181414
2.73626
2.02271
0.00691277
-3.72726
-10.4529
1.69732
-0.56978
-0.415004
0.00249527
0.676843
-0.0599387
-0.0981509
-1.29139
0.00674726
0.754217
-0.850257
1.75071
0.435695
-1.70176
0.278442
0.701854
0.0835134
0.0241952
1.74288
0.281975
-0.560623
-0.764539
-0.237858
-3.40946
-0.164677
1.76251
-3.36798
-0.971045
-0.0722457
0.00203856
-1.66655
0.140607
-0.178339
-0.0192291
2.46343
1.21047
-3.98175
-0.162487
-6.65824
-3.18827
-0.034207
-0.21004
1.77102
0.979166
1.37995
1.62469
0.175106
-3.51055
-3.39709
-3.93668
-1.04731
1.90044
-0.151109
0.666253
-4.85868
2.0205
0.037472
1.79075
-0.433374
-0.151124
2.23904
0.0296106
0.00520158
-3.89859
2.40382
0.368894
1.51948
1.72558
-6.17957
-0.0147346
1.6051
-4.48752
2.35088
-0.861382
2.29112
-2.81027
-0.179333
-0.126509
1.76785
2.23002
-3.30674
1.46273
0.751121
-0.224639
2.54297
0.694569
-7.41121
1.64603
-0.130956
-0.808318
-1.38556
-7.99102
-0.135738
-5.81044
0.00183906
1.52161
1.23188
-0.194221
0.0454936
0.815921
-0.797924
1.61035
-1.75873
0.0199094
-1.15913
-0.464089
-0.0236156
-0.252576
1.42417
0.359466
-0.108727
-4.33545
1.83371
-0.176177
-2.52315
-0.204438
0.511964
2.71012
0.167415
0.0064671
1.27937
0.242034
-0.294711
0.11081
-2.61795
0.221659
0.0432093
0.19807
1.76792
0.00314026
-0.152539
-4.53728
-0.0787739
0.0232086
-0.40222
1.71882
-0.467241
0.015974
0.489553
-2.94032
-0.721164
-0.0714144
1.12395
-4.66896
0.172309
-0.0436796
-0.0817919
-0.116599
0.0186363
0.0144469
-9.22997
-0.914933
-1.44084
0.543766
1.02313
-0.165869
0.795495
0.868886
-0.0978421
0.0178674
0.871828
0.122229
0.0142029
-0.902608
-0.287348
0.414162
-0.894092
-6.23614
0.017126
0.46164
0.0932401
1.09869
1.00173
-0.0350629
0.384629
1.71779
0.0397733
-5.29327
-0.0680832
-2.88902
2.234
1.61822
0.0531959
-0.0202351
-0.149256
0.016551
0.0283131
-0.140344
-3.97977
-0.286106
1.58197
0.222082
-0.0645302
1.65269
-0.00215974
2.56075
-0.162034
0.187372
0.147745
-0.172193
2.37012
-0.0513604
0.0304134
-6.24604
0.0372799
1.22031
0.681039
-0.107022
1.69879
-0.0797228
1.3171
2.20516
1.00339
0.987195
-0.0649908
1.01994
0.0322344
0.369417
-3.13026
-7.42641
0.0374792
2.1202
0.636081
1.57673
0.857419
0.000507008
0.0404208
0.040399
-0.168594
1.23916
-6.08413
0.0289961
0.00521744
0.0258169
-0.119951
-0.413875
-7.33998
2.76209
-8.53095
-4.83712
2.6
-0.0254045
0.0272682
-0.0262924
0.024399
1.53504
0.0396865
-0.0304939
-3.96805
-7.1098
0.121912
1.7053
0.0460496
0.041991
-0.701956
0.0120051
-0.532877
-0.0772932
-0.0600259
0.0435472
1.70736
-10.1297
-1.21945
0.76892
-0.210839
-3.93905
-0.0574517
-9.28247
-0.00761329
1.81197
-4.01914
2.12078
-0.24381
0.04887
-4.77598
-0.160428
-0.25413
-0.0998656
-7.00572
-1.08287
2.62458
-4.08627
-2.95317
0.00818883
-2.53675
-0.0120919
0.0282081
-4.65832
0.00866965
-0.0746179
-0.300392
-0.0594786
0.0492668
2.07459
0.463025
0.00694466
-0.0127274
-0.0273186
-9.58269
-0.0478414
-2.8884
-0.130131
-0.293072
1.98166
-0.0341281
1.69499
0.00814352
-0.0786047
-0.0128091
0.00527905
0.0172858
-3.95249
-10.4823
-0.0700098
0.962475
1.46272
0.715292
-0.0159665
-0.0375656
-0.00573941
1.97582
-0.0873318
0.275575
0.997582
0.0114665
-0.0465201
0.131496
-0.051921
0.0048071
0.0327216
1.73328
0.00385906
1.3177
-0.0163435
1.75895
0.0435375
1.15412
0.0106235
-0.0130536
-5.21376
-0.0347162
-0.0765825
-0.373165
-0.301602
1.32871
-0.0192709
0.552157
-0.156851
-0.141965
0.346484
0.0456653
-0.0882651
-8.6467
-4.75852
-0.0345949
2.14872
1.57838
0.0147854
-0.0829992
-1.47299
0.024396
0.433014
0.113537
-0.00626747
2.35157
0.0788741
0.0329335
0.0120653
-4.20266
1.70233
-0.958305
0.0630744
0.0104168
-4.92395
0.110478
0.0383107
-7.83786
0.770436
1.15013
0.0283959
-0.164028
0.0397789
1.65346
0.00870469
0.0184558
-0.0100388
0.0589013
-0.153454
0.0524785
0.0485897
0.00409271
-0.0889181
0.0288366
-0.03588
0.00792288
0.0387319
-0.370319
-0.00445142
-0.026422
0.0680943
3.06195
-0.0540506
0.0684237
0.00779843
-0.998336
0.746935
-0.03944
0.0683115
0.312633
0.0348929
-0.0159106
-0.0119405
0.00577763
1.67931
0.0100671
-0.0480037
0.0684637
0.0158436
0.0262974
0.0852985
-0.0616658
1.92418
-0.158773
-1.59888
1.35938
-0.00767802
0.0229414
0.0358362
-0.188936
-4.89458
0.0163409
0.238968
-0.000571868
-0.110226
0.0182749
-2.41645
1.85794
1.91568
0.0158183
0.001214
0.0426709
-0.00543987
1.65846
0.00885973
-0.0319087
1.74803
-0.000310584
1.74373
0.0422713
0.0184094
-0.436352
0.0467801
0.00246863
2.08405
-0.11594
0.00296903
-0.410254
-0.470068
1.65075
2.4006
0.00847345
-0.355025
0.0298951
0.0229422
0.00152914
1.7238
-6.57684
0.00486902
0.0241124
0.00199726
-0.0641925
-0.0350649
0.0560545
-1.75094
0.00329334
0.0323136
-0.975617
1.67774
-3.13421
0.0426684
-0.0391015
1.13705
1.17807
0.0223533
0.00164875
-4.47628
-9.73457
0.0123511
0.0354373
0.00746918
0.0181343
0.00457477
-4.22333
0.0145317
-0.0256572
0.0295801
1.70812
0.00677296
0.05427
0.0158106
-1.34219
0.0105322
1.60258
-0.00781816
1.96834
-0.156924
-5.54904
0.0316116
0.0540115
0.0170276
-0.0280606
0.0145036
0.0220272
0.0328629
0.052615
0.00688078
0.0105961
-0.0114501
0.0303359
0.0378928
-0.0311299
1.74156
0.0431659
-0.615271
2.04682
0.0028176
0.0443485
-1.22656
0.649239
0.0191495
-5.01586
0.0247385
0.0225377
-4.78681
-0.0897237
0.0181195
-0.614873
0.0285447
-1.06367
-0.164385
0.0108734
-7.0056
-0.195838
0.0373648
-2.05549
-0.169943
0.0246005
0.0148917
0.0379002
0.137115
0.046566
0.0497123
0.382832
0.0110205
0.0159328
0.0288284
-2.25734
0.00506817
0.0084296
0.0113812
-0.0744831
-0.0433821
0.0180914
0.0112537
-3.37423
2.70032
0.0281043
0.0055428
0.0450621
-2.01839
1.93099
-0.113652
0.169729
0.00192519
1.94202
0.00989612
0.593822
-0.0086594
-0.000405178
0.0139827
-0.588386
-3.94611
-0.0278737
0.317859
1.53035
0.0256496
0.00922353
-0.133875
1.93255
0.0134563
0.0303733
0.00849499
-0.116346
1.45991
-0.15775
0.0369188
0.0179214
0.00500186
0.000984213
0.0245854
0.837882
-0.22067
2.2209
0.00336134
-3.36513
-0.321923
2.41965
1.25108
-0.00370606
0.019899
0.0462013
0.00112967
1.5641
-0.331326
0.00486276
0.0612877
-5.70649
0.00735262
0.0539906
0.0275579
3.1812
1.10419
1.6092
0.0139271
1.73154
0.00581839
-9.83481
-5.95576
2.20927
-6.64184
-6.30159
0.0167075
1.34346
-0.226062
0.00734249
-0.549584
-0.272409
-2.17088
0.329093
-0.252365
-0.0224052
1.71689
-0.101084
0.454358
0.0313518
0.0335148
0.0511892
1.7674
0.0194334
-6.3373
0.0450106
-4.03106
0.000167125
0.00577169
0.0311673
2.7604
-6.9185
-0.337386
-0.0322783
0.0317898
0.0409258
1.1844
1.69237
-0.0674947
0.00599572
-4.8303
0.0239609
0.931004
3.05561
0.930417
0.240318
-0.501038
-0.077442
0.00496119
0.519096
0.0443251
-0.00568415
0.0133768
0.725653
1.6357
1.56914
-5.45962
1.09238
0.000186876
-0.0503787
-8.21963
0.0205954
0.0190066
1.8703
-0.173046
-4.74663
0.00405112
2.65152
-0.980653
-0.320469
-0.164969
-1.19078
-0.11248
-4.19491
2.81586
-0.728953
-1.18528
-4.72676
-0.0451057
0.0431043
0.224674
-0.516308
-0.172385
-1.69119
-4.90028
1.71641
-0.0566434
0.00423136
0.0100711
1.03896
-0.135282
-4.80206
0.00327356
-0.380546
3.1744
-0.00423873
-4.75199
2.87349
0.00388813
0.0486389
-0.393059
0.00600199
1.85087
-8.44877
1.60499
1.7024
-0.576322
-0.111757
1.72113
0.890087
-0.840317
-1.29108
-7.69574
-0.749681
1.81698
0.00192768
-1.15538
-4.48966
0.475408
-0.66346
-0.0856714
-0.365073
1.66893
-0.259392
-0.00215398
-3.9186
0.010186
0.0190361
0.0444087
-4.63553
-9.64937
-0.019124
0.00319386
-0.0681002
-0.851983
0.0463477
3.0662
0.0543943
-8.17617
0.485495
0.0140037
1.78967
-0.140785
1.70291
0.0452564
1.55932
-3.5462
0.0319611
2.46953
-0.453918
-1.14173
1.95464
0.227049
-0.118581
-0.130785
1.74001
1.85317
0.0449387
1.9133
2.8357
1.13618
1.96089
-3.94165
-0.0331126
2.56981
-4.41106
0.552771
-0.797285
1.62995
-1.86678
1.97477
1.89009
2.05614
-0.939842
-0.0646551
-0.658837
0.0201847
0.0348361
-10.0941
-4.65814
-0.0270907
0.0209876
-3.53959
-0.486647
-0.403133
0.362652
2.13052
2.28971
2.20314
0.03138
1.24254
-0.159696
0.522203
0.0190958
-0.784773
2.98919
0.0293861
-0.495929
0.135309
-4.77655
2.39234
-0.347289
-0.657164
-3.3109
0.0713223
0.274914
-1.28632
-6.88208
1.36341
0.0366175
1.35416
1.79887
-5.8448
-2.24211
0.0951744
1.80025
-1.02745
0.00536976
-0.0442013
0.000977273
1.46426
0.111535
-0.18148
3.33242
2.43322
-0.162312
0.0395523
-3.87347
2.73236
1.56185
0.0954729
2.98395
0.0113608
1.65616
0.648817
2.77787
0.179318
-5.1169
1.04151
-4.83715
0.00202925
-0.121667
0.120484
-6.62675
2.87002
0.112337
-0.180623
-0.0625688
0.47979
1.08102
3.16474
-0.199884
-0.190259
-0.559376
1.26985
-0.30697
0.0329535
0.34821
1.57694
-0.789588
-0.234039
-3.16891
0.106915
0.517977
1.58759
-0.936658
2.80408
-0.204182
-0.195656
1.73322
0.0187644
0.00485145
0.021114
-0.665876
0.916315
0.0158459
0.718845
-1.99603
-0.162996
1.46892
-3.9174
-0.143668
0.035437
-0.191566
-0.259329
1.47902
0.0648244
0.0488068
0.00574065
-0.393852
-0.119456
-0.407806
-3.65671
-0.00336513
0.841402
0.265115
-0.151786
0.316399
-0.201578
-9.0923
-0.227932
1.7141
-0.437149
-0.140078
0.0916042
-0.380063
2.49063
-0.179415
0.766953
0.0923074
3.26335
3.06558
-0.800578
-0.437146
-3.96173
0.00191879
1.44896
1.7296
1.66337
-0.132697
0.0094271
0.0465715
2.66431
0.157047
0.0977522
0.474746
-1.45033
0.230415
-0.125279
1.45812
2.62067
-0.478171
-0.210715
-0.197108
1.37343
2.263
-0.513993
0.596325
-1.14034
3.11821
9.01715e-06
-0.376673
1.26085
-0.0582449
0.0120159
0.0138308
1.65498
0.00286721
0.000263448
-0.630084
-3.84826
-0.197751
0.00626607
2.57643
0.864844
2.01993
-0.0196918
-0.344683
3.24719
-0.189001
0.0299094
0.728344
-0.459001
1.3527
1.49479
1.76896
0.010267
-4.93908
-0.667392
1.68382
-0.57678
0.0118019
-0.570788
1.69241
0.332283
0.0257393
-0.274879
0.452846
-0.306222
0.0165431
0.0432427
-0.1523
-0.508922
-0.112183
1.25435
2.58389
0.0470698
1.92031
1.52153
-1.90714
0.00945457
-10.2787
1.7541
-0.351564
0.0531068
0.0285469
-0.110386
-0.1602
0.101756
3.25756
0.00980745
1.80591
1.16336
-0.186204
0.04357
-0.351174
-0.0416403
0.532698
-0.0803418
-0.414917
1.15135
-0.136816
-0.40532
2.02498
0.353295
0.388541
0.173568
-4.29598
0.0836678
0.791002
0.0875865
1.27629
0.0946532
-1.35681
2.4165
2.09623
0.137865
1.49961
0.0088524
0.831393
1.6402
1.80814
-0.201616
-0.190095
-3.78041
-0.0574141
1.67815
-1.59167
2.3221
0.0174179
0.910438
-5.09986
-3.95843
1.67616
-0.460506
1.6748
0.369145
0.158543
0.0535311
0.327304
-0.698759
1.42663
0.570523
1.70097
0.481526
2.26005
2.4317
-0.299542
2.13882
0.101816
-0.0043981
0.719318
2.37842
0.921945
-1.01968
1.7959
0.323123
0.109268
2.32238
1.59443
2.26107
-0.204774
-0.230065
0.0486726
-5.2951
0.217196
0.118332
1.40973
-8.58743
1.89836
0.00121606
-0.609389
1.48273
1.81514
0.302759
1.68909
0.0414413
-5.63921
-0.566994
-0.224236
-4.11422
1.02367
1.05533
-7.81206
-0.521761
0.296839
-0.0597465
1.23222
2.35475
2.54249
0.754634
0.542784
0.0431627
0.378429
1.53099
0.00698534
2.03267
-0.0974472
-0.195253
-0.734623
-0.55642
1.11744
1.76582
2.04913
1.36626
-0.103864
0.0570046
1.68767
1.65384
1.81354
0.15509
2.12969
0.953802
1.71989
1.12502
0.0531367
0.114024
1.78039
1.58446
-11.7764
1.75898
-0.290363
0.417994
1.37394
-0.52161
-4.70545
2.75698
2.07898
0.0923112
1.68114
0.592251
1.13546
0.0708206
0.0727435
-0.1483
-0.203031
-0.439842
-3.49211
0.505749
-0.774194
-0.284133
1.67265
2.39861
0.1161
1.7089
0.172354
3.40131
-1.93304
1.9992
0.0750975
-3.91092
-4.27476
3.45438
0.26456
-0.213135
3.44238
0.0905618
-4.74557
1.66795
3.416
0.0537769
3.37105
1.00619
0.074869
-3.44892
3.27617
-0.210012
-0.19328
-4.48584
0.314058
-0.2177
1.96573
3.12717
0.0111154
0.494879
2.07423
0.334176
1.75942
1.46096
-0.285303
-1.96113
-4.19479
3.07536
0.585754
-2.28715
0.268281
0.0937305
3.02891
1.2686
0.0175899
-2.64644
2.97907
-3.488
-3.00523
2.92988
2.01741
-3.37317
-2.77802
-3.96025
0.81995
2.04616
-3.83517
2.85222
1.69328
0.124834
-4.19559
2.28691
0.382127
0.383788
-0.906888
-7.43916
1.57818
1.69838
-0.858101
1.73556
0.15427
-1.47842
-4.16925
2.7115
1.16154
1.49194
-0.549516
-5.38067
-5.71318
-6.00513
-6.25374
-6.45064
-6.53598
-0.463969
-6.59337
-6.49608
2.1123
2.66716
1.1231
1.07833
0.311868
1.26894
-6.40553
2.63271
-0.000699601
-6.27811
2.15403
-4.5214
-6.09813
0.0418147
2.53757
1.56512
1.06511
0.610565
1.69324
-3.03079
-5.92668
2.50241
-5.73946
0.0225945
0.513518
-4.91182
1.62362
2.45919
-0.206226
2.14566
0.0636824
1.38662
-5.53361
-0.587305
-0.135448
2.41679
-0.741514
-3.96782
2.37486
0.134939
-1.4688
-0.705145
-5.04991
2.33818
1.71632
0.563948
1.70156
0.416847
-0.0497598
-0.0148192
-4.96159
-6.54563
2.29158
0.692685
0.0491267
1.77245
0.800958
-10.3309
-0.653374
-4.89568
2.25444
-5.18512
1.70321
-0.0680988
0.0209948
-4.84957
2.21178
0.842588
-8.03156
2.16371
-4.81603
-0.17459
-0.542016
-3.95822
-0.0141063
2.13081
-4.78986
2.07273
-4.78465
-1.32488
1.14202
0.00142885
1.03005
-0.00395637
2.0284
-4.78124
1.02877
2.64798
1.76602
-4.79456
-7.62317
1.99148
-0.765195
-3.17029
1.49886
-4.79179
1.69004
1.95592
-0.0105762
0.249787
-1.93202
1.68767
1.22108
0.0766086
0.28904
-4.77661
-3.96254
1.90353
0.527011
-5.06682
0.534506
-6.136
-3.05179
0.300388
0.857632
1.86304
2.36489
1.70994
2.53678
1.77631
-4.71684
1.12679
0.202196
-4.49211
0.89572
-0.00760747
0.0890597
1.03902
1.42523
-0.210902
-4.64933
-4.86046
1.77454
-2.55824
-0.49729
2.06566
1.45492
0.0709153
2.92371
-12.0965
0.518547
0.347678
-4.55747
0.397571
-2.65724
1.72059
2.05318
1.8574
1.18862
-4.43988
1.66756
1.60392
1.56594
1.50146
1.4534
1.38132
-3.78293
1.62327
1.32484
1.90017
1.20066
-7.74673
2.36027
-4.3083
-0.848926
-9.08747
1.33778
-3.99892
2.29935
-4.17975
0.45998
-4.06263
-8.4388
-3.96779
1.6776
-1.11036
-0.0287634
-3.9023
-4.28448
-3.39532
1.74217
-6.08706
-3.88874
1.80547
1.78219
-1.07005
-11.7017
1.91931
0.351906
-10.4399
0.145602
0.705113
1.58387
-2.7929
0.117931
-4.49035
1.90075
-1.70094
-2.27988
-5.88866
0.972706
1.73267
0.160159
-4.79001
0.809694
1.97453
1.34874
-4.93198
1.70096
0.740337
1.39919
-0.429545
1.74014
-0.865263
0.00779014
-0.000168674
0.832982
-3.22545
2.52224
0.351906
0.177427
0.296734
-3.93529
2.23268
1.82909
1.57822
1.73002
0.305422
0.0433883
0.417037
-1.94502
0.846172
-0.843435
0.136327
1.28578
-3.66879
0.478283
3.10103
0.00675318
0.965236
1.01215
-8.74378
-0.0174613
1.27716
0.0588821
0.844035
1.44239
1.70065
1.77583
1.75897
0.124279
2.00414
-3.96699
0.0540029
0.607311
-0.19079
-0.566636
0.189996
1.97443
-7.92761
1.66264
-1.47728
-7.84293
0.392424
-2.89159
0.515206
-0.233922
0.341528
1.8751
0.322255
-0.634513
0.0472773
0.505039
0.0102165
-2.35726
0.00513905
1.73262
0.157897
-2.32115
1.31463
0.192341
1.33182
-1.41071
0.149913
-0.216347
0.0641392
0.34608
-6.57067
0.260322
0.0312939
0.0534768
1.07383
2.55421
1.14479
-3.0983
1.70347
-0.223999
1.34536
-0.0181935
0.0507476
1.42371
-5.1698
0.0111321
-1.324
-8.76922
-5.03597
1.7189
-0.247417
2.06157
0.444797
0.00632939
2.65196
2.50981
-1.88577
0.647498
-1.71678
-1.20161
1.9275
-2.02609
0.139857
-2.68579
-0.192933
-2.82166
0.631064
1.03775
0.173225
0.00341728
0.17236
1.67295
-8.86062
-3.77388
1.03055
0.814513
2.49077
0.171973
0.71687
2.5977
2.63564
-0.00539645
2.31619
1.35824
1.74057
0.407434
2.31719
1.82299
0.584021
-0.228395
-0.0162188
1.35915
1.33516
-0.000754593
0.0111364
-1.57375
3.19086
1.40085
0.901703
1.717
1.07589
-0.059599
1.1837
0.420924
2.26963
-0.46101
-0.00104557
0.208836
2.86476
0.445255
1.90573
3.25856
1.71507
1.70822
0.0396048
0.83488
-0.00311166
1.99107
3.02318
-4.28647
0.58501
2.91774
-0.0735308
0.178545
3.17535
0.770524
-10.3723
0.560103
-0.0979175
-4.05565
0.481905
0.0286415
0.23167
-0.0210041
0.391818
-12.1285
0.151893
2.81477
1.87654
0.861005
1.40469
1.51923
-0.525387
1.60614
-0.290606
3.36571
-0.736004
-2.97175
0.148843
2.50171
1.62394
1.53751
0.234092
-3.80345
-1.47296
-0.80317
-0.229087
-0.15603
1.38647
-0.206068
-0.0175441
-1.14645
1.74513
0.315857
1.56321
-0.0319032
0.650361
0.82588
2.91334
1.52523
-0.167612
1.29753
-4.73956
1.99122
-0.136326
1.62294
2.70622
-0.053052
0.118945
-2.69769
0.0767896
1.68884
-0.205834
0.741602
-0.604683
1.50162
-4.76034
-0.0790951
2.37776
0.812317
-1.75304
-7.9501
1.81269
2.07077
-0.0293276
3.26406
1.62063
0.602087
1.37574
-0.229653
1.87722
-2.16437
-0.404596
-2.05652
-11.3435
1.74493
0.190854
0.592462
-1.58654
2.80663
1.26107
-0.655028
0.0417444
-0.0274803
-2.92995
1.23303
1.31734
1.29315
-3.0214
0.63868
-0.385246
1.01455
-0.541696
1.10188
-0.0265306
0.364794
0.288626
1.01959
0.638574
1.71727
-4.42447
0.0455687
0.284162
1.69662
2.11368
0.282675
-4.87927
-0.273101
0.156764
0.85766
3.17395
1.85785
-0.250937
1.3496
-10.6197
1.68759
-1.81247
1.17829
2.52552
-1.6193
0.36085
-0.992808
1.68423
0.683104
-0.00988034
-3.26995
-4.47609
-9.84373
-6.6847
-1.23749
1.81507
1.22164
0.0916514
1.78529
-7.61203
1.82405
0.367504
1.67149
0.146248
0.0399286
1.71307
-4.09149
1.70104
-8.10917
-4.63461
2.68529
-3.2151
0.340151
-0.456356
0.533617
1.13662
2.37392
-1.39621
3.29649
2.94713
-4.96728
2.48632
0.371195
1.75468
3.10592
-2.12803
0.00500686
1.00596
1.66916
0.430216
-6.64769
-0.568839
0.233847
-1.71009
-0.218041
-0.126033
1.72818
-0.94907
0.140853
1.63491
2.21315
-3.43792
2.2641
-1.52579
-3.26104
0.167308
1.11806
1.66127
0.801825
2.1271
1.23997
3.43906
1.59636
-3.90633
3.45619
2.42186
2.53341
1.92604
3.43999
2.58286
0.264611
1.41269
3.39549
0.872572
0.135285
-1.93134
1.60175
-4.81183
1.04609
1.38322
-1.04109
2.47831
1.70968
-3.55309
-0.575147
0.591292
2.39582
2.34337
-0.233393
-1.27874
-6.64449
-4.32957
2.12085
-0.412726
0.0868876
-5.40295
3.23459
2.57111
0.0904668
1.0198
-5.73206
-7.23705
2.18361
-0.361011
3.10136
1.66952
-6.59135
0.123736
-6.39447
1.27781
-1.17624
-4.82736
-2.52852
3.03345
-2.1311
-5.81489
0.118494
0.0126533
3.05325
-0.44701
-1.01992
-3.80973
0.549428
-4.79511
2.62665
0.688278
0.796157
-10.0244
0.00704739
0.597261
-2.46959
3.0041
-1.45657
0.346452
1.70017
1.23781
-4.33847
-4.96041
1.58768
-2.8321
-0.666039
2.60082
2.9555
2.33867
0.251983
2.89045
2.48242
1.79581
0.970442
-3.19227
2.00632
1.25856
1.92038
1.89892
2.4606
2.0508
-1.86861
-2.53858
1.63098
-3.60164
1.44864
-3.82271
-1.59028
-4.90462
2.28218
-0.687855
0.622257
-1.19435
2.12912
-0.40532
-4.00138
-0.935871
1.47516
-3.11472
-4.72783
-0.122628
1.71586
0.60782
-7.08433
-0.477003
-10.8993
0.0114513
0.213252
0.000686857
-0.00796987
0.624052
-4.29363
1.65353
1.71246
-6.03585
-0.46959
-0.730528
-4.84314
0.842073
1.66073
-2.84633
1.35786
1.38448
0.520499
1.86421
1.34309
2.6916
1.95744
2.5932
-11.8603
-5.54363
1.07787
-5.86458
-6.14305
-6.35805
0.924971
-6.51253
-6.58912
0.155223
0.37056
-6.4691
0.0604315
0.772332
-1.09564
2.65079
1.52889
3.33848
-6.35295
-10.8281
-3.86254
2.84009
-0.256513
1.09207
-0.913529
0.823205
-6.19504
-1.26846
-0.929899
1.08079
-7.67353
-6.03621
1.26569
-1.63409
1.6185
-0.173422
0.739416
-2.51018
2.52298
0.248781
2.72821
0.328535
-5.83065
1.79032
-1.04391
0.784563
-0.449083
-1.81377
-4.84921
-0.273596
2.48088
1.76851
-6.5406
2.47007
2.48577
-4.06461
-0.013252
-5.71892
0.474883
1.54612
-0.473221
-0.859891
2.43836
0.421129
0.163903
0.408889
-5.05876
-4.55053
2.77678
-5.23433
1.27131
0.24358
1.46532
-0.00101466
2.1448
2.39551
-10.7946
0.0274601
1.67393
-2.87057
1.22355
1.99308
0.101228
2.3572
-2.98246
-7.96216
0.202125
2.24661
-0.0200426
2.25502
-1.31036
1.85196
1.79665
1.49209
0.0597108
-5.00796
2.31328
2.38069
1.77845
-1.4118
-1.08514
0.299769
-8.48519
-1.22889
2.81551
-7.30034
0.769228
-4.92705
2.27606
-3.96415
-0.967376
-0.122465
0.44227
1.77625
-0.119826
-1.37051
3.13777
1.76444
-4.87299
2.23393
1.249
1.29664
-0.433177
0.0335181
-8.01388
1.49123
0.12833
1.92994
2.18831
-4.8314
-0.88029
1.43423
0.871407
-3.3986
1.3014
0.564619
0.1389
1.18246
-0.930387
1.22141
2.14957
-4.80147
1.25285
2.19844
1.47846
0.231618
2.10054
-4.78283
1.6798
-0.174552
-6.71314
0.300518
2.47195
-0.55068
1.70443
-5.38625
2.05003
-4.78546
-0.365509
1.19872
2.55931
-1.84291
1.32084
0.676296
-3.96117
1.71474
-4.7828
2.01063
2.30629
1.61869
0.333975
2.62386
-0.169394
1.71288
-0.309982
-4.79813
-0.222429
1.9752
-2.84798
0.878099
1.14217
-4.79284
1.69848
1.92752
0.0391695
1.69443
1.07692
-5.50728
2.73581
-3.43335
-3.36019
-6.87612
1.88254
-6.42285
-0.0688915
1.76455
1.17429
0.0777608
1.05945
-3.48488
0.724916
-0.864655
0.238856
0.923521
2.91636
-6.06351
1.73685
3.15281
1.18834
1.18236
-4.69133
1.73779
-0.698078
0.779625
-1.17893
0.86428
2.25316
-2.69515
-4.6087
1.74825
1.61246
1.16131
1.08327
-1.0892
0.976432
0.733305
1.1643
1.67998
1.68325
-3.81278
0.892026
-4.50114
-1.86958
1.7015
-5.37703
1.69435
1.66098
0.592762
0.537218
2.6223
0.266248
0.0602915
1.64702
1.63604
1.3444
1.58799
-11.1673
1.53363
1.47895
0.333472
2.25181
-4.37237
0.892002
1.41605
2.34261
1.35209
0.917483
0.0197106
2.39662
2.35409
-0.181582
1.12473
0.720532
-4.23844
0.7849
1.38376
0.862701
-4.11624
3.21043
2.52357
-5.83322
0.960267
0.228713
0.0145378
-4.00428
0.976365
0.88402
2.14262
-0.117411
-3.93035
2.41431
-2.50219
-1.51623
-0.381693
1.66957
0.852424
1.91704
-2.60553
0.231142
2.87382
3.0152
1.2385
-0.0235575
-4.73251
3.36121
0.727098
2.45042
1.53782
-0.255764
0.137247
-1.29021
-0.13375
2.25444
0.0301365
-8.59771
0.697886
0.549237
-2.30109
-7.33804
2.54615
-2.94693
-5.32165
0.152675
0.478209
0.892195
-0.228968
0.31502
0.83056
0.610582
0.562107
0.0285726
2.91342
1.73431
1.96739
2.07457
1.1798
-2.28625
2.8694
-1.34774
0.226213
-0.259573
1.49094
-4.78249
0.431891
2.30376
0.239966
-0.0965514
0.182611
1.762
0.880693
-5.14868
-4.76625
1.64831
1.75791
2.68792
1.65843
1.9788
2.21482
2.17249
-0.738779
2.10166
0.0670121
0.82808
-4.37836
-2.40122
-6.12876
0.937983
0.219597
1.97071
0.742679
0.449361
-4.01385
-1.44099
1.10135
-1.15702
0.203941
-7.30443
1.68571
2.57921
-6.24711
0.0492156
-1.96349
-4.76501
-0.115896
-5.37589
0.642837
1.64086
0.595368
-0.805397
-6.46923
-9.12036
1.78964
-1.05376
-5.97901
-1.30866
-4.59096
0.902586
-11.0466
0.969121
1.17054
2.99978
-0.609152
0.460839
2.39298
0.246299
0.379551
-3.3302
0.933318
-6.76102
-3.89038
-5.91471
0.0478414
0.155294
0.786304
0.330934
-2.3084
0.571031
-5.06446
-0.265637
0.237845
0.393387
-5.67893
2.41551
-0.100698
1.75787
3.24122
2.46604
3.09613
-5.50383
2.36826
0.266657
0.16158
-1.6611
0.0196098
0.353553
0.470234
0.0593103
-0.0135566
0.875539
-9.0946
1.07909
-3.02713
-6.69422
-0.272774
-1.954
1.95133
1.18036
-3.8682
1.22553
-4.77219
-0.120557
-3.87251
0.365109
0.0538039
-4.2694
-2.68834
-2.68267
1.76893
-0.0324019
-3.69692
-11.2927
1.74767
-1.06663
0.639751
0.46943
-5.44256
-0.11369
-0.26538
-0.827855
0.267296
-6.34364
-6.66122
-1.25999
-6.97487
0.332364
0.352964
1.81085
-0.86742
-0.454702
1.29769
-9.43884
-2.74493
0.728102
3.30696
-0.346698
0.38007
-0.85055
0.309992
-3.28891
1.85862
-2.42477
-3.90495
1.7287
0.18153
-4.82526
2.20287
-4.70062
-3.0701
2.42135
1.2515
0.00430538
-0.750102
-0.215264
-10.5127
-1.80688
1.62734
2.1368
-4.79181
0.0290013
0.210942
-0.984291
0.701774
1.56838
0.0442289
2.38152
2.54813
-7.28542
0.992508
-1.66369
-0.265651
-3.39704
-0.0652068
1.45633
0.359769
3.12006
-4.40244
-4.54283
2.70754
-3.45124
-4.28407
-11.3498
-2.15808
1.61861
1.55702
-4.74127
-2.1119
1.27411
2.69966
-0.0475921
2.73576
-1.10797
-4.27864
0.325535
-4.03513
-6.16112
-1.18578
0.630592
-1.95605
-1.03678
2.23188
0.680304
0.212928
0.948951
3.34995
-3.91045
-4.81216
-4.77093
-1.40687
3.30079
-4.75777
0.629323
0.0271383
0.243404
-2.65625
-4.21034
0.0185445
0.0518932
-0.161781
0.0296356
-0.0429226
-4.46489
2.84475
-4.25236
-3.10426
2.89062
1.17638
2.39514
-3.1732
1.62704
-0.124815
0.206284
1.37003
1.186
2.54535
0.985455
-0.12691
0.727228
0.210911
-2.97144
-5.23476
0.0057268
-3.38506
-3.92458
1.13008
0.792401
0.02917
0.653626
0.119636
2.75778
1.71591
1.65577
0.369172
-3.22106
1.51071
-2.80423
-4.44704
1.68175
-0.107123
-2.7649
0.000156788
2.59014
-3.96088
2.49758
-0.0285914
2.32646
-0.249882
2.5597
1.23429
1.27527
-4.68218
-1.5066
1.76852
1.22749
-0.734764
-0.025914
-3.95138
0.203048
-1.81323
2.75769
-3.35736
0.643094
-2.69757
0.616563
2.33634
-2.37008
-6.06635
0.84118
2.75486
-5.22468
-2.72021
0.0335613
0.360306
-4.3185
-0.362934
1.38608
-11.0869
0.659025
1.75685
2.28139
1.0896
2.32108
2.07137
0.377243
0.0168335
-1.52075
2.7127
3.21809
-9.77729
0.54102
-1.23353
-0.339456
-4.60296
0.370372
2.89141
-2.71671
1.82512
-0.372299
0.964491
2.43244
1.7959
-1.02184
0.210069
1.35288
2.57995
0.246721
0.404797
0.457153
1.87494
0.96707
-3.95165
-6.33637
-1.47318
-3.94616
1.94027
-7.65891
-3.04001
-9.78044
-4.24364
1.59641
-10.268
-0.0035293
-0.158677
1.27424
2.81171
-0.340266
-1.37991
0.0315928
-1.96533
1.94736
3.32081
0.0690828
-3.34788
-4.76492
0.457578
0.584152
-0.256749
-0.524894
3.24617
0.582713
2.67576
-6.97779
0.652048
0.878502
-7.43821
-0.703603
-0.969862
-3.13912
1.02007
-0.063779
0.354988
-3.96362
0.941149
0.530287
-11.1127
-4.64926
0.685868
0.908265
2.59191
-2.12408
-0.0386159
0.65043
0.438686
-0.0644038
-6.64286
2.5595
-7.26749
1.72193
2.27405
1.86303
-8.18369
0.521896
1.82739
-0.823952
-0.594584
-0.738062
1.26026
2.51371
2.57429
2.16397
1.8459
-3.88246
-6.48635
0.82469
0.169327
-4.9187
2.81074
1.8928
1.014
1.29907
1.1401
-4.12486
-7.79006
2.23949
0.708438
1.20646
-0.0928597
2.41308
1.66319
-0.110508
2.64889
-0.102092
-1.84907
-6.19628
0.0266386
-5.50971
-0.479038
-2.16418
-4.39643
1.61626
-6.38739
0.841359
-2.98245
0.571907
-4.80895
0.0536458
0.183025
2.70166
-10.8785
-0.361357
-4.73551
0.551064
2.25786
1.16624
-6.38055
-0.388759
-4.19073
1.34441
-7.48384
0.0391819
-2.63633
0.172065
-0.340971
1.8002
3.4214
3.31988
0.297584
0.160052
-3.96175
2.68613
1.87315
1.48553
2.08175
0.362043
2.61082
0.0186426
-7.4866
0.246914
-0.068734
2.29615
-1.58375
-2.76019
1.36854
1.4532
-0.215079
1.49828
2.37636
1.48139
2.35469
0.786479
1.76475
1.67772
1.05615
-0.566536
2.75959
-0.917425
0.573061
-3.64929
-11.3957
0.0108712
0.644375
0.0015082
2.03903
2.40548
0.806129
-4.6466
2.31772
0.835431
-3.25357
1.23787
0.847562
-4.81577
0.505977
2.23023
-0.184106
-1.41568
0.947045
-4.67834
-0.783378
-1.27735
-0.217927
0.88454
1.70841
2.86759
3.20152
0.392364
0.451141
1.44695
-1.32728
-2.77609
2.45688
-2.84632
-4.05604
0.938764
-4.04164
-2.82299
-0.107791
1.17638
-6.49335
1.12768
2.45971
0.576823
-0.198508
0.228068
2.70274
0.117186
-2.58519
-1.65048
1.33674
-9.6716
1.79218
-8.93358
2.471
1.67062
1.27395
-0.13876
-0.868334
2.6701
1.2325
-0.272264
-2.55674
-7.17078
-0.313072
1.62506
1.45135
0.698929
-0.20328
-0.772882
1.44163
-9.46221
0.240989
-0.0140247
1.50647
3.04868
-0.350627
-0.0463443
0.287125
0.00229001
-0.903239
1.2941
0.855045
-8.76005
-0.243436
0.393672
2.31987
-6.17217
-0.3414
1.7192
2.13753
2.50495
-0.613961
-3.35688
1.4108
1.13478
0.277246
-4.72157
-0.698613
-6.55925
1.50305
-6.20071
1.25869
-3.54662
-0.300424
-1.27051
0.0977855
-10.8262
-0.253382
-0.197795
2.43501
2.38368
1.23511
-2.98804
2.69249
1.47532
-0.765808
-0.171681
-1.6733
-0.241473
-0.153766
-3.26308
-3.63926
1.31023
-4.78212
0.892902
0.0324532
-5.59716
2.62669
1.38312
2.4374
2.32792
-0.988358
-3.94883
0.287968
3.08558
-0.337063
1.0606
1.65688
0.00963021
2.03784
0.807909
0.100675
1.28267
-0.261523
2.08405
2.39219
1.52727
1.71759
0.117211
1.5183
0.123463
-6.09901
1.93257
2.60741
0.558209
-0.889642
-6.5496
2.81807
-3.87484
-4.20637
-7.58287
-0.229759
0.00826396
3.09054
0.658519
-0.0848525
2.18823
-0.768603
-0.0854204
-0.182518
1.8658
1.1729
0.921394
-1.03966
1.64069
-0.00901532
3.05159
3.02216
-1.83611
1.9182
-1.43257
0.624037
-0.294032
1.73016
-6.10773
2.41773
-4.62064
2.09203
0.664426
1.23743
2.32636
-7.97759
0.0366125
0.247773
-3.86405
0.410052
-5.7639
-1.83822
-2.41854
-0.951239
2.5244
-10.1933
2.78729
-0.222851
-9.00709
0.349644
-5.77326
-2.52561
-8.50755
-0.281024
-1.91452
-8.78174
2.42682
-4.53036
2.49105
0.282016
-4.49708
-1.24443
-2.32489
0.729635
-0.061988
2.70997
0.84903
0.33639
0.0629172
-4.52544
1.52601
-0.100201
1.12601
-0.0137357
-3.96078
0.0221535
-11.303
0.477906
-0.665693
0.72228
2.34564
1.91333
-0.619168
-0.326598
1.61549
1.66312
2.77749
3.04308
1.30849
-0.185167
1.69888
0.993743
0.335987
0.259986
2.7162
-4.67097
0.790467
-6.39406
0.767464
-0.179176
-1.51366
-0.140885
0.525811
0.982955
3.22112
-0.326938
1.69339
1.71613
-4.345
0.52911
-2.48474
1.51529
-4.46956
-2.24283
0.0148771
0.0540211
1.63489
0.897508
2.69206
-0.472871
2.47977
-1.66285
3.09699
1.83508
1.6574
-6.44384
-7.76001
-0.268094
0.25328
-1.96893
2.20767
2.26708
1.4039
0.224951
3.09444
0.773358
1.69027
-1.38908
-3.96211
0.296421
0.575951
1.91288
-7.80891
-0.172664
-2.86222
-0.111221
2.60627
0.994127
-3.9608
0.548657
-0.285098
0.166361
0.51522
-0.0381558
1.0897
-6.66063
0.000108421
-3.37524
-0.251209
-4.63505
-2.71514
-5.33032
-5.76442
-0.304953
1.81573
-0.244012
0.874774
-0.319954
2.20444
-4.31227
0.385874
0.319634
-0.601426
-4.13278
2.42226
1.69535
0.305565
0.143173
2.35076
-3.60848
-5.84201
-2.0741
-0.0130267
-3.68893
1.31359
1.17908
-0.253708
0.442284
2.49543
0.00157248
-0.200046
1.34703
0.962776
-6.42924
2.24591
-3.94685
2.56632
1.0824
2.16039
-4.56355
-6.71391
-3.14361
0.564475
2.49738
-8.46183
1.67012
0.9451
-11.8219
0.396439
-1.65499
2.97433
1.43042
0.121971
0.933265
-0.425315
-0.206232
2.3478
-3.32249
1.35788
2.04863
3.15243
1.97464
-4.88416
-4.82767
-6.32827
0.0260253
2.37058
-1.04184
0.0446752
-2.23008
-4.57606
2.37981
0.394033
-5.42385
-0.0855451
2.29474
3.07269
-0.0656117
0.0490711
2.28363
2.11481
1.29376
2.45819
-1.47173
-6.36619
1.61777
-7.36736
0.883185
-0.175215
-7.08493
2.42084
1.25066
-0.564892
-4.59367
2.27354
-4.84945
-2.46704
-0.22144
0.727278
1.68164
2.50081
-2.18963
-0.0405889
-6.30434
3.2005
3.19041
1.71342
2.05625
0.00660876
-4.7727
2.92644
0.479496
-4.52367
-0.182135
0.00515137
-5.08636
-3.48058
-4.75874
1.27721
-0.852535
-0.493155
2.05774
1.91336
-6.80775
-1.80114
-1.76032
0.814504
1.26559
2.41179
-2.31802
0.0449345
-0.26537
1.08189
-3.93026
-0.499794
2.19504
1.9776
0.00629374
2.32151
2.10343
1.54055
1.09881
1.08208
-8.76712
1.88016
1.21506
-8.89964
-0.0512923
-3.82773
2.25716
-7.37876
1.26412
1.00498
1.68188
-4.04357
1.83114
3.34515
-4.08773
0.952097
0.699407
-4.15603
2.96486
-0.228063
1.14957
-4.20191
0.0397423
-0.244854
0.485945
0.606782
1.14632
1.09774
-2.59988
-0.344127
-4.78227
2.33887
0.781669
-3.94052
2.01966
1.75312
2.88257
3.2387
0.0165754
1.66199
-10.3225
1.40244
-0.105644
1.04417
2.77804
2.39515
-1.21547
-0.00836074
1.5245
-4.38469
-3.8143
-0.340415
0.567403
-3.83884
3.11209
-6.53164
-0.79972
2.28221
0.812467
1.0992
-0.236898
-2.66635
-0.0558627
2.22848
-0.386314
0.0371296
0.722619
-3.93492
-1.52226
-6.49923
2.01559
1.317
1.92495
-1.43458
1.46713
-0.812145
1.95209
-7.00585
1.6592
1.63773
2.43022
-4.25318
-3.95625
0.585417
-0.0543567
-4.40036
-0.659566
0.858911
-2.05875
2.83749
-5.91982
-1.169
1.3794
-4.8528
-1.57898
-6.54196
0.289632
1.15759
1.44248
-0.247699
0.67761
1.25565
1.64839
1.00756
0.0546365
-0.193501
3.06951
-0.599234
0.725874
0.627606
-1.9189
0.523181
-3.09586
1.90033
1.96574
-1.02377
-5.08564
-9.91961
0.00890025
-3.56498
1.41176
-3.0876
-4.39477
0.664844
0.313534
-2.63186
-1.09572
2.50342
3.16698
-0.638499
2.2265
3.10215
0.975627
-0.4784
-6.56332
-0.00342217
-9.73043
-1.65581
-2.80847
-8.6792
0.960567
-0.365072
1.14253
0.876676
2.04989
0.76453
2.08696
-1.39405
0.533583
0.973848
2.95379
1.07326
-3.94741
1.34624
-3.13361
-0.242548
2.40113
1.63057
-1.81477
1.77503
-0.435508
-0.640439
2.00974
-1.15088
-6.58393
-4.19912
1.61233
2.19053
3.04886
0.669237
1.64349
-3.724
1.48224
-0.0715178
-1.90479
1.38259
-1.70553
0.939201
2.15908
1.89943
0.695294
2.3095
-7.38964
1.66567
0.620962
1.5207
-0.144443
1.64267
1.6166
-0.271835
2.18233
-5.53949
-1.55026
0.664005
2.93505
-0.666442
1.01345
0.821315
0.93783
2.82301
0.817329
3.01412
-7.05718
-1.14365
2.04718
0.788432
-0.12958
0.735587
0.662013
-1.14787
1.4695
0.945527
2.94016
1.50616
0.995338
)
;

boundaryField
{
    SideWalls
    {
        type            empty;
    }
    Top
    {
        type            zeroGradient;
    }
    Inlet
    {
        type            zeroGradient;
    }
    Bottom
    {
        type            zeroGradient;
    }
    Outlet
    {
        type            fixedValue;
        value           uniform 0;
    }
    Plate
    {
        type            zeroGradient;
    }
}


// ************************************************************************* //
