/*--------------------------------*- C++ -*----------------------------------*\
| =========                 |                                                 |
| \\      /  F ield         | OpenFOAM: The Open Source CFD Toolbox           |
|  \\    /   O peration     | Version:  2306                                  |
|   \\  /    A nd           | Website:  www.openfoam.com                      |
|    \\/     M anipulation  |                                                 |
\*---------------------------------------------------------------------------*/
FoamFile
{
    version     2.0;
    format      ascii;
    arch        "LSB;label=32;scalar=64";
    class       volScalarField;
    location    "0.1";
    object      p;
}
// * * * * * * * * * * * * * * * * * * * * * * * * * * * * * * * * * * * * * //

dimensions      [0 2 -2 0 0 0 0];

internalField   nonuniform List<scalar> 
5098
(
0.202747
1.35707
0.64946
2.07309
0.412089
2.38171
1.14408
0.31503
0.469181
0.379868
0.568452
0.613796
0.0127921
2.77153
0.560721
0.192896
0.533298
0.545977
-3.21762
0.510864
2.07338
0.1026
-0.0721192
3.48088
0.339307
2.13999
1.97502
1.04652
-4.03169
-1.26928
0.619389
2.96027
1.75456
0.54804
0.867084
-0.0699772
1.25929
1.37955
2.56764
0.206543
2.03195
0.231948
2.08313
0.279159
1.12611
1.42526
0.596596
2.94026
0.519221
2.05383
0.983917
2.32998
0.147568
0.993934
2.41658
2.382
2.08426
1.6424
2.95082
0.328916
0.101644
0.521875
0.916437
-0.000252149
0.127348
2.8179
0.174275
1.03299
0.864112
1.5867
2.20843
0.345381
0.750842
0.333934
0.262637
2.12887
-0.0502122
2.42949
0.180441
2.22405
0.305467
0.338249
1.88982
0.60427
0.554614
-1.27177
4.11044
0.00123685
0.339721
0.246642
0.667151
-0.35272
0.778626
2.01042
2.5972
0.225514
1.728
2.66428
0.441963
0.559599
0.179895
2.2311
-0.428852
-0.215158
2.60278
0.561011
2.06792
0.796044
3.03771
0.592392
1.87458
-3.6714
1.62687
-0.36146
2.08454
-1.50291
0.0855904
-0.673534
0.34658
3.45286
2.29788
1.23738
0.393712
0.307039
-0.243666
0.490718
1.10132
0.0567207
2.67406
-0.20227
0.253333
2.90848
2.84614
-0.482484
0.390406
0.0660246
-0.556117
1.84307
2.76614
1.04567
2.34729
-5.31077
0.928772
0.298553
1.27572
0.120615
0.663077
0.181148
0.463972
0.25288
0.188117
-1.30912
0.150329
1.64376
4.11055
3.33633
1.60292
0.287516
2.07057
-3.93479
1.04736
0.478491
-1.30943
1.9423
0.408152
0.355076
0.412252
-0.352174
0.332823
1.61007
0.348902
2.09634
1.25338
1.09247
0.659006
2.21405
1.91475
-0.00139628
1.95581
3.99521
-2.04136
0.11321
1.5612
0.415666
1.79511
0.087387
2.50678
1.19049
2.09345
0.146889
-3.80295
-0.0450755
0.340533
0.381996
0.367522
-0.174692
0.20249
-0.0887271
0.0376719
1.50464
0.254109
2.26355
0.843896
1.34011
1.15651
3.34391
0.88813
2.74154
0.882671
0.60808
1.40227
2.18239
0.0259753
1.2304
0.612535
-2.69228
0.094001
0.58583
-0.297433
1.68408
0.8618
2.14625
0.195129
0.725418
-0.1247
1.41514
3.81234
1.76967
0.764783
-2.83564
2.08312
3.58031
0.0917196
-0.132477
0.100507
-0.0529529
2.03045
0.0221992
0.255603
2.07558
0.213399
0.964451
0.592723
3.04775
1.98338
0.677274
2.75081
0.600162
0.566918
0.686136
1.44014
0.90057
-1.09103
0.143937
2.15308
0.0219263
0.496803
0.0335652
2.85086
0.389191
0.266936
0.075578
0.372553
0.891009
0.61233
0.535199
-3.61294
0.588336
0.124408
2.18315
0.0440038
1.21281
-6.65005
0.162774
2.89675
-0.381938
0.173291
0.212744
-0.515818
1.60478
0.242522
0.218347
-0.129168
0.659136
-3.77812
0.202552
1.88407
-0.101447
0.40247
0.648826
0.417095
-0.73077
3.11471
1.00306
0.827684
0.363936
0.750754
0.448562
1.91398
1.94169
0.127742
0.852207
2.06068
1.8749
0.538992
1.24937
-1.57922
1.15334
1.34194
0.60592
0.707356
-1.08107
2.3194
0.352337
-0.0850542
4.04169
-0.625981
0.351249
0.76117
3.26526
0.251597
-0.727345
0.269495
-0.518285
0.568573
2.58651
1.15903
2.2769
2.98342
0.397674
1.7071
0.703219
2.75791
-0.886854
1.70657
0.977611
0.112896
2.1276
0.775196
1.58876
0.778212
1.49885
0.0547831
1.88653
-7.94519
-0.0904335
1.35556
-10.0985
-0.671693
0.588492
-1.68937
3.36476
3.2066
0.235393
0.416129
0.416976
0.0445477
0.825443
2.70446
0.460114
1.893
0.998559
0.944349
-0.0903357
0.44466
2.88495
1.94277
1.61823
-1.12073
0.0967357
2.82071
0.271533
-0.212418
0.360046
0.0506372
0.527707
1.66071
0.0180211
-0.19215
0.240876
1.14721
0.480255
1.83106
0.616969
0.296529
-0.295127
0.863242
0.0536743
1.60229
-0.489422
2.06784
0.383064
2.09283
1.83584
1.90794
0.0283302
2.04879
-0.511264
1.38346
0.325616
-1.21078
3.15331
2.42532
2.16433
-1.57991
1.26296
1.1137
0.530699
0.0791032
0.413912
0.927678
0.456787
0.136682
0.957801
-0.51757
0.273654
1.78763
3.3173
-0.973121
0.452944
1.12455
2.30934
0.466961
1.83718
0.427642
-0.349409
0.315773
0.411697
0.49334
1.16025
0.210129
-4.3926
-0.13947
1.21731
-0.40854
-0.583089
0.980737
-0.1835
1.60045
-0.0305007
2.01438
1.46358
1.55923
0.443884
2.10943
-0.611982
0.139452
0.818458
-2.77668
0.958639
0.592136
0.801657
2.24332
0.519775
0.611353
0.267911
0.284258
0.113573
0.890395
-1.14116
2.11902
0.370958
3.27436
-1.92743
1.65575
0.452968
-0.131082
0.0460819
0.59691
2.01451
-1.89609
-1.09884
0.4807
0.644746
1.87147
-0.20951
-2.19345
2.20273
-0.935522
1.48282
1.73644
0.149396
-0.322115
0.586258
0.364583
1.50328
1.15331
0.598723
0.112811
1.37717
-0.371351
0.291784
0.774401
-0.00330283
-0.361004
-0.273748
2.42528
-0.74127
2.36074
1.77291
0.516082
-0.177444
-2.55439
0.51564
-3.18949
-0.508096
1.6745
1.44885
-0.020958
1.27423
-0.326776
2.14891
2.23954
0.382759
1.37859
0.986251
3.2676
0.149475
0.687287
2.79085
0.502864
0.225634
3.06951
0.31654
-0.517539
0.322606
0.11868
-1.10743
1.17925
-1.04295
0.335604
3.76912
0.389878
0.831241
0.40687
0.695905
1.13849
0.0207098
-0.27626
0.598143
1.56969
0.201145
0.0814326
2.05086
0.503399
0.535076
0.896114
0.347986
3.89235
-0.298639
-1.62341
1.48428
0.324213
-1.29689
0.576586
0.616998
0.278043
2.24693
0.617693
0.558664
0.608744
0.34116
1.69596
-0.74983
0.369587
-0.648097
-1.07659
0.111437
0.377799
-1.11465
-0.641739
-1.25507
-0.948573
2.02288
2.24478
4.03309
0.343401
1.97551
2.94218
0.274339
1.20102
0.111466
1.38884
-2.6519
1.17992
0.363563
0.0695782
1.71334
1.32763
0.0911544
-0.387228
3.2604
0.330385
0.475474
0.854089
1.61247
-0.0860417
1.29068
-0.248936
-0.262266
0.322575
2.88624
-0.682137
-2.462
2.85363
0.45405
2.73159
0.389748
0.149869
0.384861
0.366804
0.0513607
-0.592573
2.79366
-0.217094
-0.98114
2.79323
0.446189
0.701141
1.05649
3.14571
-1.5003
2.43024
1.04673
0.258092
-0.0671118
-0.189055
0.396583
0.371354
0.192035
0.26459
0.776723
2.43011
0.357217
-0.306449
1.60228
3.25447
0.125117
2.4365
3.94018
-0.137107
0.697396
0.617905
1.82901
2.69623
2.24744
-3.18276
1.23033
0.304822
0.485558
0.979564
0.939569
1.54815
0.457144
1.18847
-0.152974
-1.90619
0.351933
0.134542
1.28484
2.04266
0.993182
0.55224
3.00314
1.57571
2.33947
1.12143
0.476658
0.273618
0.150453
2.851
3.30746
-0.472368
2.21664
0.53163
-0.972323
-0.720564
1.30013
-1.86342
-3.9527
0.541115
0.506414
0.4069
0.437862
-0.255918
1.4407
2.08112
-2.95756
2.2394
0.397476
1.70847
0.142179
0.470791
0.395523
3.07245
0.480253
0.477329
0.3661
-1.74392
1.5144
0.365927
-0.363761
2.80285
0.518826
0.516342
-0.259655
0.197924
-2.58486
2.0905
0.149486
3.40959
2.94516
2.80446
0.401062
-0.265912
-8.42607
-2.32565
0.997703
-0.364396
-1.58679
-0.136341
0.401076
2.43055
-0.184722
1.60344
0.348591
2.76817
1.72078
-0.5924
0.957992
-1.47542
3.64717
0.108379
0.806847
0.333201
0.404602
0.544587
0.480155
-0.862285
2.34476
0.359759
0.384034
-1.12738
-0.306163
0.0607786
0.574166
0.360814
0.289191
0.119933
1.15797
0.316219
1.93666
2.7651
-0.991653
-0.0917845
0.374596
1.66208
-6.15387
0.167875
-0.0735251
0.494373
0.373944
-0.262635
0.472338
0.184647
0.463501
1.59072
0.798091
-2.53359
0.481941
-0.0771824
1.1451
1.31254
-1.23752
0.281815
3.71155
0.223652
2.17487
0.153465
1.28252
0.104699
0.160223
0.941069
0.169967
0.613936
2.83582
2.57412
0.52861
0.643494
0.572684
2.4155
-0.783036
-0.203888
0.0950325
0.0886625
-2.36955
0.687784
0.213603
2.00609
-0.145915
1.04428
-0.672868
0.627778
0.500476
-0.324598
2.17925
-0.540987
2.94541
0.719128
2.14639
2.0315
1.78444
0.518799
1.37234
0.488447
-0.045585
1.08192
0.298447
0.431657
-0.544222
0.112733
0.461132
0.0820929
1.62433
1.18543
1.31331
-0.287593
-1.58474
3.93976
0.563223
1.58669
0.145101
2.80246
-0.938835
2.18236
0.627083
0.311499
3.0057
0.547535
-1.55475
1.39241
3.12739
1.56153
0.956547
0.550744
-0.455239
-0.530873
-0.94268
-0.365867
1.7647
-0.587423
-0.360205
-0.141757
0.556236
0.0943032
-1.07815
0.717469
-1.17528
1.82396
0.96318
1.22884
0.382391
-1.0924
2.81851
0.0168044
-0.183297
-0.889007
0.147322
-0.278382
0.089311
0.165758
0.341867
0.347249
1.84678
0.0964978
0.461846
-1.24679
0.515039
0.509003
-1.4704
0.450456
-0.0437161
1.9869
-4.08851
3.1424
2.51971
0.245667
2.07905
1.39732
1.89786
3.40774
2.07153
0.128072
0.409071
-0.867661
0.414552
0.569524
0.326893
2.18316
-1.15035
2.54886
2.68942
1.30762
1.2576
0.23473
0.136111
-0.0705975
0.343154
2.90781
1.69034
0.959904
1.03956
-0.0198176
0.153082
-5.36498
-1.36374
0.0151013
0.808043
1.10309
0.580956
-0.928884
2.8388
1.42086
2.2226
2.19365
2.01864
0.263133
0.522261
0.744134
-0.912831
1.19358
0.00171094
0.594646
1.83656
3.07973
0.0886034
0.850061
1.21776
2.10858
0.61616
0.418041
-0.619756
3.56337
1.80173
-0.505511
1.3124
0.640446
0.156079
1.83366
2.02422
1.10531
1.34435
-0.492185
0.584517
1.22174
1.10478
2.91701
-0.55947
2.45624
0.211654
0.618971
0.239118
1.81529
2.21017
0.171134
0.178113
3.55173
1.01485
0.707532
0.996552
3.29444
1.14355
1.55567
0.667815
1.77856
0.123432
0.426987
2.55206
3.7935
0.197484
0.425751
0.058015
0.489373
-0.887093
2.10225
1.42483
-0.732108
1.10613
2.10313
1.16043
1.24434
0.59244
2.2469
2.52992
0.176293
3.30472
2.02625
-0.3705
-0.0208986
-0.283763
0.182493
1.48178
1.15985
1.71736
1.96278
1.26802
0.275565
0.191291
2.13354
0.748343
2.64113
0.327123
1.33974
1.68338
0.54669
2.14616
2.31916
0.267253
0.310767
1.347
2.1922
0.19544
0.792233
0.300843
2.36256
0.17782
1.82666
3.16735
0.341541
3.05383
3.47784
0.402961
0.192643
-0.786167
3.85073
-1.20843
2.07681
3.24372
1.18482
-0.00819105
1.45791
0.749016
3.48299
0.367001
0.814677
3.62179
2.72379
0.395292
3.57416
2.75734
0.431646
0.565274
-0.467035
0.157734
0.254685
1.99942
2.79202
-1.07281
-0.00290424
1.61106
0.357477
2.81572
0.139439
3.27084
0.200947
0.240184
0.914955
-0.611004
2.31625
1.23287
0.896022
0.540067
2.78801
1.21969
1.88585
1.80448
0.165516
1.02992
0.910656
-0.0710448
0.508617
2.94034
1.85235
0.221082
0.454309
0.0916599
0.506713
2.77753
0.424533
2.00741
0.294108
-0.471811
0.513564
0.193983
0.720537
3.19977
0.203306
0.981593
0.549468
0.480145
2.65369
2.99238
0.423909
2.57356
1.57785
0.474967
0.968045
0.099656
3.77788
0.479851
-1.30456
2.25892
-3.554
2.39337
-0.111401
0.177395
0.0382726
-0.336896
0.092059
-1.32937
1.50478
-0.0081222
0.0373896
0.129338
0.446648
-0.573137
1.56745
2.94582
1.78783
1.8282
0.619564
0.626237
0.391302
1.2195
0.333537
0.140717
0.348463
0.120162
0.03937
1.94265
1.19137
1.4457
1.73876
0.272602
-0.378699
-1.51388
0.470798
0.389391
3.54392
1.51977
1.368
0.619007
0.58386
0.391112
-0.0458559
0.503749
0.0203522
0.584092
0.528538
1.50473
-0.484229
0.376391
1.86255
0.0915994
0.498613
2.83216
-0.198311
-0.165203
0.266755
2.07664
0.520024
0.319315
0.290364
0.300769
0.488102
0.501181
1.91232
0.347804
0.147183
0.396396
0.41715
0.51843
0.498208
1.98905
0.274977
0.602247
2.92009
-0.237232
2.01844
0.178379
-0.412813
-1.36801
0.358846
-0.298829
1.22806
2.30501
1.54424
0.959265
0.068992
2.53059
0.48643
-0.67139
0.103601
0.323262
0.417926
0.58427
2.61215
-0.0287337
-4.47848
0.488132
1.04276
1.64978
0.170138
0.845234
0.0775588
1.23352
0.190591
0.909413
0.371551
-0.885901
0.318832
2.9768
1.29158
0.581584
0.515686
0.129876
1.78861
0.266082
0.730141
0.441327
1.79485
0.225707
0.255596
0.566121
0.184462
1.16607
0.834601
1.7324
0.311905
0.385587
1.17374
2.03468
0.219624
1.71879
0.802309
2.07064
2.03
1.59874
0.314952
3.15414
0.870432
-0.00594001
0.487877
0.154183
0.284345
0.287903
1.19449
-0.0800948
3.15945
0.336617
0.00468119
-3.3393
0.448173
0.618879
0.0947077
-0.686034
1.49173
0.406509
1.40594
1.9791
1.97096
0.0964508
2.2748
0.236263
1.33179
2.06522
1.13722
0.587624
0.226679
0.525576
1.75887
0.332824
-2.45542
1.73184
0.236206
0.142318
1.94881
2.1793
0.608553
2.74901
-1.76044
-1.3112
0.22834
0.442074
0.29812
0.454391
0.396289
3.0985
-0.251817
1.3261
0.444198
0.596019
2.36933
2.47246
0.0991703
0.299725
2.00402
-1.64002
1.18952
1.80226
0.633798
0.693811
0.299563
0.45363
3.11873
-0.265817
1.74252
0.30089
0.0199348
3.39883
1.58158
0.0342685
2.45237
0.408142
2.01398
2.01511
0.209015
1.86818
0.978621
0.80093
2.07758
0.214173
2.15187
-1.39596
-0.559703
0.150323
-1.53695
2.48221
-0.0483956
-0.35951
1.06688
-0.0870955
0.388144
-0.670771
1.06947
0.288902
1.62044
1.38306
0.640359
-1.76694
0.410969
0.399452
2.04435
-0.128626
0.0947852
0.27683
0.509087
1.84865
0.127352
0.325816
1.91741
0.221216
2.09511
1.6312
0.104552
-0.248812
1.99715
2.64402
0.379978
1.057
-0.492056
0.636447
-0.470158
0.319748
0.617454
-0.223449
3.41221
-0.545934
-0.823624
0.195883
0.654864
2.04307
0.186874
0.127899
-0.0515271
0.497863
0.486382
-0.294603
0.418587
2.72485
0.81892
0.296593
0.213399
-0.0669721
2.8591
3.50248
0.00270111
0.293502
1.47467
-0.0498978
0.300613
3.07867
-2.28732
0.193885
1.77108
2.75075
2.84349
0.6879
0.253616
0.164721
0.0199347
-0.702565
0.326328
1.94715
0.68852
0.29488
0.825155
1.97644
2.70668
0.422088
1.29787
1.79739
1.49454
0.858749
3.15729
0.628022
2.98784
0.276505
2.78941
3.74121
-0.10964
-0.000229802
0.953125
1.90482
-10.3589
1.3938
0.52568
0.36365
1.59081
2.41882
1.79024
1.79059
1.33077
0.0187309
0.0882198
3.54765
0.146888
0.213778
0.542431
0.973633
0.00219678
1.80368
1.59371
0.837354
1.86009
-0.730992
0.40287
2.06579
1.13995
0.334451
0.224357
1.12922
0.127422
0.338609
1.92963
3.36071
1.90955
2.24287
2.00354
1.37705
3.19755
2.00034
1.94632
1.2137
0.58961
-0.347848
0.89717
0.555319
3.63148
-1.26173
1.02396
0.0322349
0.378278
3.42944
1.67368
1.29872
0.201183
0.680894
0.327762
0.166473
2.37745
2.21428
1.18174
2.0897
0.524088
2.87751
-1.34717
0.867594
1.16309
0.270141
0.253196
2.74525
0.286387
0.324875
1.756
1.17583
0.300594
1.99142
2.83438
0.439045
0.34525
0.0931916
-14.1699
0.7712
0.355047
1.2275
2.11576
0.443692
0.304838
1.13788
0.18644
0.792101
0.557602
-0.464792
0.0500627
0.278602
0.0102511
-0.194213
1.36503
1.88409
2.18764
0.553354
1.37907
0.288971
2.01244
2.9442
0.114282
0.187108
0.442716
2.76896
1.08232
0.615378
0.662415
-2.0779
0.335384
0.359295
3.05241
0.454153
0.0365734
1.38738
0.31495
0.190943
1.4658
0.295092
0.157421
0.143698
0.295619
0.267802
0.0761043
0.555032
-0.174142
-0.165777
2.20873
1.76594
3.31416
0.565537
3.20248
0.497013
2.07134
0.45268
0.29146
0.167175
2.57523
0.745829
0.151089
0.284523
-0.359869
0.295586
0.164247
0.283045
0.0986416
0.228173
0.396296
0.409126
1.63179
2.31892
-1.51066
0.394321
0.445543
0.349815
0.262735
2.16106
-0.489251
1.55121
0.468137
0.421148
2.43492
-0.00402714
0.104952
0.0300323
0.28653
0.408826
2.39854
0.164979
0.204512
0.584054
-0.747295
0.377803
0.680893
2.9143
2.0943
0.181345
-5.50238
0.11289
2.15033
0.208576
0.263678
0.0559285
0.584776
0.303215
0.411992
0.460466
0.0647975
1.3922
1.35947
1.2587
-1.55508
0.376189
1.16362
1.46334
0.586716
0.527103
1.50945
1.0567
0.543828
0.74104
0.312192
0.597859
0.309398
1.58292
-0.320995
0.0176756
0.362099
-0.240261
-1.23332
0.269392
0.342911
0.431744
2.56938
2.89394
-2.13602
0.137299
0.347695
0.660597
0.705642
0.320702
2.29173
-0.297641
2.6294
1.65699
0.120299
-0.882473
0.364263
-5.84861
0.107154
1.98967
0.744166
0.37701
0.0387591
1.74291
0.3141
2.09044
0.253019
0.354482
2.38576
0.192914
0.156992
0.0174164
2.44554
-0.085514
1.96209
1.94052
0.0177401
0.310756
2.04442
-1.52624
2.44826
0.486877
2.3159
0.18184
0.196652
0.36314
1.76709
2.23158
0.153683
2.5647
1.51489
0.298732
2.62237
1.40909
0.35758
1.19992
0.376657
0.127071
0.591372
0.402236
0.329519
0.227316
0.0249839
2.1008
1.6409
0.738262
0.343957
1.6195
0.179024
3.02127
0.511715
0.188127
-0.0307143
0.337297
0.399152
-7.92148
0.743699
-1.82082
0.411007
-1.05411
1.66241
0.688865
0.50355
0.929668
0.439542
2.8559
-0.625808
0.00670199
0.488141
0.387422
0.71027
-0.530356
-0.188806
0.143984
0.332627
1.08717
1.96473
0.05908
0.328635
-0.0480616
0.442036
0.221505
0.503793
2.04134
0.387315
0.18552
-0.343052
0.541925
0.186692
0.430837
0.124972
0.569899
0.48058
0.448935
0.30426
0.449232
0.218593
0.0968501
0.387458
0.39287
0.457537
1.16917
0.0358717
0.180797
1.65185
1.25275
0.48012
0.182762
2.39823
0.359908
0.179443
0.267961
0.262582
0.929704
-0.00102933
0.467876
0.163359
1.14546
0.710947
2.1988
2.7283
0.388654
0.0111361
1.79833
0.389546
0.520942
0.420567
0.0633099
2.262
2.01853
0.303329
0.351624
0.3811
0.42335
0.214
0.323498
0.555433
0.281245
1.87161
0.292568
0.451117
1.95347
0.418155
2.85203
0.33292
0.263942
0.555492
0.378967
2.44327
0.408147
0.267247
0.447738
0.258996
1.68393
1.40449
0.439875
1.84099
0.305492
0.724841
2.25671
-0.338478
1.66554
0.42923
0.627038
0.384432
0.137119
-0.298229
0.50925
0.37101
2.09744
1.39817
1.05575
1.43316
-0.0312197
0.31024
0.39798
0.70935
0.470524
0.555227
0.242662
-0.00481535
0.240243
0.523562
0.231445
0.31784
2.83162
0.495928
-0.00751846
2.75268
0.38422
0.256869
0.3608
0.262198
0.892213
0.329893
0.3949
-2.28628
0.360712
0.802193
2.22795
0.376421
0.311561
0.171615
0.152116
0.176563
0.516849
0.433491
0.347529
2.03648
0.270176
0.473318
1.82387
0.369635
-1.74316
0.309445
0.441385
0.357767
1.58657
-1.25085
2.1697
0.349884
0.374417
-0.130311
0.636282
0.428096
0.431812
0.383634
0.570763
2.77034
0.572716
-1.49796
-0.114701
0.136173
0.307717
0.413367
-0.092966
0.121054
0.396571
0.0130451
0.448025
0.273097
2.15062
0.32093
-0.25262
0.379731
0.385125
0.191741
0.409812
-0.103712
0.335291
0.237762
2.18034
0.311466
2.4187
0.0444737
0.315275
0.328378
0.0691895
0.159403
-4.74551
0.263672
0.317247
0.506821
0.898061
1.45478
0.379806
0.510716
0.183333
1.85128
0.240596
0.369807
0.808697
-0.207908
0.422836
-0.583138
0.409196
-0.115838
0.413725
2.17142
0.0566266
0.529061
0.308261
1.45189
0.301128
0.186197
0.0541207
0.291832
-0.0393884
0.417006
0.238485
0.0907035
0.275693
1.87243
0.313053
-0.257959
0.406245
0.38958
0.373428
0.294308
0.45346
0.139068
-0.13263
0.362988
2.27545
2.0114
0.0803925
0.444471
0.302909
0.192268
0.404305
-0.226303
0.279628
2.45827
0.334145
0.203753
0.123001
-0.71159
1.89076
0.11984
0.380049
0.0978406
-0.301259
0.634594
0.24615
0.197765
1.32638
0.706663
0.35087
1.17106
0.530085
2.9737
0.155792
0.166082
0.3023
0.31792
-3.87556
0.360703
0.335462
-0.139421
0.480587
0.187896
0.393231
0.0195101
0.339225
0.13984
0.451455
0.427447
0.335214
3.3757
0.467216
0.53503
-0.0337663
0.0471111
0.106242
0.493138
0.554241
0.360365
0.257647
0.275868
0.348071
0.0583814
2.88865
-0.0147074
0.491563
0.555115
0.183065
0.189366
0.587152
0.475475
1.53438
0.412002
0.416734
1.08258
0.309621
0.207779
0.291287
0.279087
-0.0448663
-0.259392
0.38527
0.264254
0.0731407
0.197272
0.23092
2.1062
1.70769
0.152759
0.459599
0.396521
0.323663
1.17747
-0.0287618
0.391965
2.11354
0.245162
2.10767
0.266417
0.197937
0.182472
0.265855
-0.0674905
2.23581
0.408611
0.0407445
0.417156
0.356326
1.25282
2.45168
0.103462
0.266647
0.215702
0.186684
0.0067275
1.40218
0.012481
0.00472257
0.20958
0.420901
0.389093
0.405576
0.305769
0.0154195
0.0334011
0.15819
0.654032
2.07913
-1.7836
0.206146
0.408501
1.50725
1.68972
0.188647
0.0214068
-0.659039
0.217308
0.117819
0.225399
0.142467
0.200081
0.05585
-0.458493
0.134329
0.175371
0.192866
2.2981
-0.000702937
0.353354
0.207624
0.627282
-0.00451643
1.49804
0.310042
1.86348
0.332382
0.218445
0.194998
0.345842
0.21885
0.282263
0.428885
0.169113
0.193422
0.374515
-0.0946949
0.0533616
0.256674
0.189707
0.216217
0.275441
1.9397
0.222774
0.492476
2.0475
0.125412
0.378177
0.63377
1.20852
0.191832
0.379555
0.186131
0.206641
-0.514619
0.200996
0.189473
0.856826
0.220911
0.0737796
0.335259
-0.157439
0.0861118
0.376038
0.226544
0.321228
0.374829
0.202257
0.176183
0.234584
0.364085
0.349666
0.335708
1.04146
0.137924
0.148829
0.168949
0.377462
0.0827584
0.057924
0.162235
0.43154
0.424712
0.197012
-0.139111
0.624578
2.86585
0.234576
0.138404
0.220867
0.616452
2.1574
0.439321
0.518286
0.0331437
2.23721
0.102983
0.507143
0.363526
0.0706377
0.165217
-0.108732
-5.98656
0.428246
0.359394
1.09892
0.195458
-0.157038
0.409354
1.72124
0.217721
0.184007
0.101147
0.503585
1.96149
0.497481
0.183437
0.160135
0.199211
0.150595
0.204235
1.65109
0.503339
2.75667
-0.0110446
0.558049
0.144737
3.46658
0.205669
0.205044
0.186701
0.285229
0.241642
2.01032
0.0544997
0.309032
0.315979
0.126294
0.186179
0.342853
0.203745
3.87938
1.70463
2.17998
0.20907
1.78891
-0.047871
0.444155
0.0860384
2.2147
0.298212
0.201047
0.184337
0.745292
0.397955
0.183041
0.476518
0.336049
0.141043
0.214132
-4.33445
0.209076
2.19854
0.421522
-0.704857
0.198385
0.212144
0.245287
2.03236
0.177306
0.244476
0.265369
-7.4862
-0.00764359
0.233419
0.339782
2.9369
0.266783
0.0358283
0.192032
0.20405
0.223563
1.83914
2.01472
0.50127
0.244081
-0.236405
0.232918
-0.173643
3.29935
1.48584
0.378099
0.0564084
0.128996
0.171824
1.07629
0.247887
0.226131
0.161291
1.46484
1.98834
1.13288
0.077841
0.669509
0.241534
0.109946
0.206996
0.449783
0.223208
1.81335
0.257309
-0.284243
0.18079
2.7729
0.387905
0.315733
0.179718
0.628347
0.297414
-2.01032
3.11028
0.0690493
0.265731
-0.0285158
0.13738
0.458158
0.275373
0.585189
0.370648
0.300384
0.0814384
2.1658
0.46406
0.466815
0.246847
-0.0190006
0.477607
-0.0983152
0.163951
0.397703
3.49644
0.181599
-0.0236785
3.01219
0.0753277
0.416905
0.0526528
0.131135
2.10504
-0.0595169
1.95581
1.80129
0.111937
0.168036
1.7557
1.48584
-0.0278446
0.34527
0.299692
-0.928983
2.20472
0.237562
0.360565
-0.383712
0.0875473
0.467668
0.453685
0.00813958
2.0533
0.0830484
0.307496
-0.322099
0.16074
0.172728
0.193795
-0.203533
0.122808
0.200287
0.24597
-0.0945935
0.543006
0.344044
3.28213
0.342783
0.241036
0.0756021
0.152588
1.52287
0.494657
1.92473
0.304269
1.25878
-0.479291
0.430231
2.49641
0.461363
0.0811342
2.05539
0.265028
0.4463
0.456606
1.88962
1.6725
0.21837
1.85547
3.05629
0.114546
1.68299
-0.137976
0.432245
2.63571
-1.2147
0.429801
0.102832
2.05727
-1.45389
1.76426
1.46973
1.96278
0.477253
0.551019
0.20048
0.174764
0.540531
0.386282
0.540282
0.409465
0.178607
0.145297
-0.238992
0.346029
-0.99579
2.04442
2.31003
2.09491
0.428306
0.298767
0.444124
0.988375
0.405623
-0.0724637
3.14798
0.0927342
0.174203
0.232022
-0.299228
2.42633
0.198926
0.607223
-0.463732
0.445407
0.15885
0.539981
0.276041
0.594329
0.180839
0.80769
2.19398
0.110304
0.450878
0.437365
1.34308
0.241331
0.0946401
0.376515
0.0239151
0.818536
1.05638
0.213024
3.7171
2.47992
0.463104
0.408306
-0.343915
2.86769
1.03401
0.253367
3.4833
0.14426
1.21349
1.45884
3.16987
0.415204
0.0624115
1.45474
-0.567225
0.144636
0.0771721
0.539376
0.359411
3.09039
0.457416
0.230413
0.384795
-1.53608
0.577755
3.44782
0.26987
0.25948
0.0307862
1.58045
0.129567
0.362361
0.939737
1.24817
0.0481506
0.391193
0.151511
0.348156
0.411448
1.19905
0.0312392
3.00851
0.3869
0.34784
1.93373
0.19672
-0.0376699
0.232899
0.513925
1.56438
0.102313
0.822718
0.644423
0.309632
0.88335
0.292925
0.451131
0.552281
0.151834
0.264775
0.968493
0.436335
0.306265
-0.0392281
0.908113
0.449199
0.205705
-0.350266
0.375004
-0.0296723
0.291662
0.216979
0.368106
0.071231
0.142066
0.29774
2.69461
0.434026
0.441231
0.246763
0.439867
2.59938
0.298721
-0.587113
0.612996
3.8378
3.26323
-0.0395976
0.537435
-1.28201
-0.00286283
1.85434
1.88613
1.3674
0.312165
0.0384504
0.24384
2.7625
0.2232
0.404242
0.427539
0.489088
0.52002
0.275704
1.99742
2.75735
0.0140377
-2.05915
0.326585
1.79409
2.39092
1.17129
0.453672
0.450117
3.37863
0.00754031
0.0406431
0.820502
0.496497
0.0830374
0.14187
1.93347
0.00298796
-0.134084
0.965006
-2.36705
0.238395
-0.017785
2.72121
1.40885
1.73855
0.392361
-11.9634
3.60524
0.291244
0.37744
1.24868
0.280872
0.816605
1.90268
2.00981
-0.00353567
0.506441
0.435254
1.88663
0.404142
0.172399
-0.0708126
1.62035
0.394511
0.199326
0.13692
1.03446
0.688465
0.171025
0.358144
0.267321
0.267359
0.438858
1.76485
2.89286
-2.04477
2.53457
0.847103
0.294861
0.104499
0.085306
1.48936
0.550136
0.54741
0.57988
0.343616
0.320989
0.572422
3.71684
0.036935
2.25181
1.66468
0.448185
0.318543
0.639298
0.217571
0.0791276
-2.98623
0.0794639
0.556672
0.337729
0.158785
2.09575
0.191885
0.41612
0.306403
-0.0469137
0.429339
0.250769
0.583478
0.78693
0.414606
0.360987
2.46641
1.77302
0.205929
1.03947
0.107389
1.3474
2.15835
2.20878
0.166246
-3.51706
-1.47877
0.380505
2.02303
0.232524
2.21607
0.186214
0.532515
0.531992
-4.6099
1.98659
0.270923
2.01793
0.972754
0.18592
0.435962
0.0452439
0.563679
0.65315
-0.115264
1.76781
0.33705
2.23817
2.48967
0.0064971
2.16934
0.456136
-0.0469533
1.24593
2.47254
-0.463443
-0.204184
2.20721
0.944707
0.593135
2.3817
0.992906
2.24619
0.219028
0.548141
0.465315
-0.211837
1.14933
0.0727547
1.56654
0.331021
2.16033
-0.0170514
0.397428
0.768721
2.0837
0.159656
1.9025
0.221478
0.203033
0.353418
0.229222
-1.65413
1.92986
1.55356
0.27373
0.368696
0.343504
0.406335
0.314225
2.42128
2.6547
0.365139
0.158699
0.916715
0.351212
1.11331
0.0414607
2.04551
-7.2121
0.204385
0.403627
0.46033
0.575809
1.98969
1.80443
0.615254
0.384441
0.276234
1.92463
1.91729
1.54017
-0.44431
2.36822
1.57385
1.9319
0.623407
0.474603
0.629966
1.29041
1.07927
0.301319
2.03314
0.415861
0.273914
1.76907
0.343313
0.623047
2.95312
2.77397
0.675473
1.3333
1.22169
1.77317
0.445973
0.43218
0.479071
0.425723
0.488636
0.167876
-0.445021
0.379773
0.0377683
1.9037
2.81793
0.478034
1.89724
-0.065927
4.24779
-0.288414
1.8659
0.507529
-1.69381
0.190696
4.15186
0.369317
0.299466
4.0241
1.28225
-0.35836
1.28783
3.92845
0.36906
3.83958
1.64055
0.446148
0.557009
3.66182
0.448913
0.284404
-0.672242
1.26214
0.375505
1.85626
3.42504
0.0657328
0.153717
2.09799
0.246419
1.64966
1.87093
0.0646109
0.454128
-1.92403
3.35447
0.53255
0.487333
0.534365
0.589672
3.2876
0.68841
0.387482
0.492594
3.21957
-0.113345
0.510738
3.14588
2.24716
0.524931
-0.164572
0.556486
1.33353
2.15284
0.546247
3.06158
1.84129
0.479501
0.57477
2.28107
0.848157
0.0949324
0.383236
0.296457
2.05057
1.83975
0.457608
1.68724
0.0572097
0.357419
-0.219664
2.87468
0.212199
1.87548
0.364331
0.488493
0.456045
0.430296
0.408744
0.394095
0.379957
0.477598
0.352782
0.343821
2.76705
2.82375
0.343723
1.44169
0.40909
1.85408
0.315568
2.81699
0.000286433
0.299069
2.01683
-0.232305
0.267246
0.102472
2.71484
2.7401
1.66189
1.37963
1.52233
0.126109
0.249867
2.64911
0.137887
0.609064
-1.42677
0.085513
2.03148
2.57154
0.235422
2.0645
0.248804
1.82832
0.160495
0.390763
0.981514
2.51551
0.533733
-10.0951
2.48114
-4.26313
0.460631
0.40168
0.114488
2.43624
1.51822
0.462749
1.93265
0.306586
0.466479
0.192427
0.110285
0.371561
2.35809
0.630348
0.378982
2.12668
0.468505
0.366417
0.43544
0.0622112
2.26119
0.516143
1.41501
0.247868
0.415085
0.00375145
2.18416
1.68453
0.242713
2.14322
-0.0322505
0.414592
0.578558
-6.16778
-1.16138
2.10194
-0.113867
2.08316
-0.113608
0.625432
1.67279
-0.0981647
1.50762
0.276228
2.02104
-0.26281
-0.191176
3.08926
3.03102
-0.282985
0.454303
1.91905
0.609269
0.148714
1.95054
-0.251642
1.85606
1.87376
0.508715
0.237169
-1.12697
1.89781
1.66815
0.639677
-2.392
-0.320134
-4.43469
1.85322
0.45518
0.0417407
0.0593283
0.0379412
-0.139661
-2.84267
1.62049
1.76384
2.58479
1.3493
2.85479
2.1344
-0.381095
0.0122565
1.01039
0.568713
2.55141
0.21658
0.95251
1.63023
1.84564
0.466867
-0.46225
0.546512
1.52731
0.262309
0.757904
1.76001
2.0291
1.11142
3.09096
0.289384
1.0046
0.378222
-0.589399
0.293287
0.0252573
1.42973
2.25698
2.11872
1.70347
-0.731832
1.3211
1.24293
1.14254
1.03379
0.909072
0.792794
-5.12323
1.22475
0.632386
1.73673
0.230534
0.207786
2.92878
-0.851286
0.674106
0.186391
1.66575
-1.21581
2.25837
-0.999859
0.289982
-1.128
0.371678
-1.31408
1.91151
0.502632
0.304362
-1.47463
-0.20161
0.445623
1.97077
0.170484
-1.81986
2.12947
2.02995
0.248002
0.326472
2.13913
0.385739
0.254293
0.428396
1.45572
2.14782
-0.0078343
0.4844
0.547264
2.07048
0.461524
0.239889
0.478266
1.24321
2.02763
0.271604
-0.285703
0.993222
2.14589
0.473514
-0.324927
1.81443
0.661011
0.953064
0.311396
1.92237
0.447001
-0.10857
-0.0639452
1.31637
-1.63293
2.66304
0.0307313
-0.462822
0.166052
-2.42502
2.33196
2.09797
2.09439
2.04738
0.387614
0.448928
-0.788142
0.0932835
-0.684981
0.366827
0.46907
1.6911
-1.84765
-0.0344161
3.34424
-0.0439449
1.51146
1.51515
0.277464
0.306354
0.690094
0.633397
0.987912
0.689462
1.78521
2.23469
1.54851
0.504105
2.16392
-2.92354
0.435902
-1.32801
-2.48565
0.985778
-1.25109
1.7012
0.313154
1.92314
0.0616999
0.10366
0.404859
-0.0796132
-1.6189
-7.85435
0.385546
2.1018
-0.373997
0.53662
0.411015
1.32525
0.46028
0.444938
-0.176939
1.39991
0.374878
0.398241
1.77897
0.207004
1.7889
0.373501
0.410266
0.287421
0.530177
0.236968
0.412786
0.290968
0.161095
0.650189
1.42202
2.73946
0.430387
-0.405002
1.97914
0.345361
1.7867
0.395078
0.25055
0.890417
0.0654692
0.357824
0.224537
0.38678
0.0910211
2.11171
0.946008
1.9578
-0.171345
-0.148545
2.75357
2.54528
0.533348
1.23026
0.324517
0.510295
2.16763
0.241938
0.254843
-0.303299
0.426746
-1.46533
-1.27984
0.162624
0.245867
-0.32486
-0.510802
2.00707
0.319976
-0.620762
0.472016
-0.561515
2.52119
0.412323
1.40729
2.74564
2.80321
-0.0709685
2.56203
1.86373
2.10184
0.181561
2.35488
2.0793
1.28081
-2.76146
0.529213
1.83367
1.82033
-0.070174
-0.233566
0.378443
3.49104
1.83262
-0.452975
1.80289
1.46788
0.297759
1.99531
1.0857
2.46458
0.133547
-2.17165
0.588937
3.07553
-1.68674
2.14107
4.31684
1.99207
1.1538
0.956279
0.153858
-0.0392158
2.09697
3.19474
-1.04306
-0.62281
3.12116
0.916499
0.0417311
3.49534
-1.13365
0.0232446
0.494568
-0.0147983
-12.172
1.11469
0.436652
-0.67136
0.350001
0.273064
0.196518
0.112449
3.65765
2.39581
0.0970331
0.579267
1.9829
0.515864
1.25251
-10.196
3.85321
0.357763
-2.89711
0.00761423
2.67395
1.12518
1.87754
0.26959
0.581327
-1.05046
0.418866
0.502893
0.404209
0.938208
0.121918
0.386263
0.504903
1.21432
0.256272
1.97001
0.283955
-0.994225
-0.0803598
3.11876
1.8978
-5.5659
0.771488
-0.66996
2.11319
-1.94359
2.11745
3.27708
-1.08403
0.380603
0.227469
0.509006
1.89613
-4.81347
1.30096
0.48805
1.97959
-0.234169
0.372373
2.5401
-0.819915
0.247547
0.477904
1.5835
2.30553
-1.66056
3.64543
1.19206
0.558053
1.80633
0.0235426
1.79682
0.337604
-1.67581
0.224186
0.1981
2.24672
0.262066
0.558065
0.513353
2.97307
0.606066
0.444921
0.337724
0.555189
-1.05928
1.80756
0.813234
0.288158
-0.365443
-1.03316
0.490949
1.59055
0.422595
1.60252
0.49766
0.387448
0.163386
1.38238
1.12073
1.41423
-0.0575679
0.342178
0.376211
1.75743
2.00941
0.308491
0.181077
0.450054
-2.16096
1.44355
3.77783
2.08001
-9.06699
0.557126
0.216007
1.83943
0.149217
1.56298
2.64072
0.561404
0.124282
-0.0563399
1.91876
-0.898689
0.576627
0.184312
-0.0965555
0.426618
0.530175
-0.731721
1.5777
0.603507
0.273408
1.18354
0.307862
2.14728
-1.56124
1.90813
0.456632
0.669175
1.51277
-2.20059
1.27281
0.249375
0.562868
2.80054
0.601617
0.178235
-15.8683
-1.03774
0.639308
2.47426
0.48934
3.70423
3.09709
-0.33311
2.56622
-0.0279287
2.00867
3.46373
-1.21376
-0.425704
1.57546
1.05009
0.282791
0.0660118
-1.23103
-0.0137944
0.202235
0.358816
0.307268
1.55858
0.0779539
0.94891
1.066
2.21234
-5.54261
2.30874
0.497004
-7.18005
0.72772
2.66722
1.92465
0.331662
1.91531
0.646498
4.20074
0.896306
-2.04151
4.08198
2.42835
2.66899
2.54934
3.97374
2.6816
0.167833
0.696958
3.88536
0.966538
0.215477
0.43438
2.01463
-1.22139
1.37947
1.84796
0.347769
2.58878
2.15203
-0.351821
0.442463
-0.529112
2.44286
2.28722
0.507417
0.594609
0.206373
-19.8343
2.10202
0.345705
0.498474
0.301347
3.73351
2.66491
0.31064
1.82348
0.0667589
0.269777
2.21227
0.484808
3.39088
1.35524
0.102555
0.231822
0.331756
1.80748
0.350416
0.100771
-1.79298
3.31087
0.481461
0.146508
-3.05884
-0.201354
3.3192
0.514245
-0.0405908
-0.219141
1.27588
-0.132019
2.73078
0.702184
0.582002
0.164938
0.385951
0.597141
0.487484
3.25329
0.395105
0.19344
1.86563
0.533684
-0.850053
0.061424
1.10438
0.498269
-0.235714
3.06199
3.18651
2.36448
-0.792956
3.08906
2.41474
1.54467
1.50119
0.521971
1.93189
1.649
1.83432
1.64328
2.48408
2.18133
0.121543
-0.332776
1.31783
0.537936
1.91738
-0.142733
0.167284
-0.260785
2.28463
0.862441
0.736867
0.183784
2.02175
0.654947
0.559523
0.288244
1.97646
-0.34647
-0.026656
0.73338
1.43441
0.441504
0.219422
0.700087
0.336394
0.409569
0.150495
-0.0992975
0.52598
-0.115434
-0.211699
1.26843
1.51868
0.0454318
0.66353
0.86619
-0.2219
1.48506
1.1077
-0.082111
0.69854
0.561544
0.414551
1.6401
1.80567
2.85292
1.95992
2.65922
0.338327
0.475156
0.707678
0.44348
0.420204
0.398271
1.4672
0.392682
0.365575
1.05784
0.236966
0.319367
0.466744
0.443422
0.476902
2.82153
2.14278
3.77572
0.314835
0.356314
-1.66206
3.81288
0.38087
0.437181
-0.27538
1.42278
0.287804
0.156911
0.625675
0.117076
0.291533
0.262987
1.41073
0.424935
1.32866
0.327732
0.635751
-0.815245
2.69024
1.21598
2.97296
0.187375
0.159045
2.07525
0.366906
0.692124
0.555174
-0.883143
-2.44773
0.486605
2.60676
1.52954
0.362849
2.58291
2.60061
-0.541158
0.264417
0.151697
0.456668
1.16335
0.466281
0.690431
2.54764
0.0270787
0.770273
1.21069
0.0512643
-0.674618
2.86639
0.55585
1.79692
0.119833
1.81589
0.583595
2.07159
2.4823
0.348735
0.41847
1.39871
0.0703768
1.68907
2.15339
0.518986
2.45943
-0.388112
0.18875
0.204944
2.39137
0.51006
2.15883
0.22227
2.08467
1.5758
0.727045
0.168113
0.112036
2.40018
2.47103
2.04652
0.0313239
0.454017
-0.104977
0.504771
0.516077
2.99659
0.309516
1.44457
0.0916273
2.33883
-8.00796
0.407873
0.0321476
1.17439
2.15336
0.54079
0.500928
3.54445
1.5198
0.025615
2.21765
1.67161
1.68343
-0.310469
-5.4672
0.329439
0.973502
0.0580868
1.81522
2.1552
-0.00772002
0.391918
1.79398
-0.542805
-4.33358
1.74953
1.2787
0.465995
0.653965
0.503873
0.627466
2.11759
-0.0680211
0.463199
2.12493
1.81786
-3.3332
2.08806
-0.121485
1.98037
0.155682
0.36334
0.324444
2.50222
0.443652
1.47377
0.0584725
2.06847
-0.209843
0.204742
0.724832
2.61225
0.140727
1.80989
0.319509
-4.98474
1.12424
-0.272071
1.96774
2.35852
2.1584
-1.02446
2.71625
0.378438
1.97191
0.132054
-0.274481
-7.45016
1.8775
-3.68206
1.38045
1.5344
-0.267376
2.44055
1.87939
0.80725
1.80463
-0.108986
0.00768193
2.87896
-0.379682
-3.16988
0.230672
1.81787
0.150184
0.909871
1.51279
1.70202
0.650671
0.679128
-0.180497
1.19957
0.318866
-0.158153
1.27955
3.05525
0.148945
1.96824
3.4572
0.530578
0.652717
-0.425902
1.8607
-0.341706
0.66398
0.226079
-0.263188
2.51034
-2.21721
-0.509737
1.49223
0.837528
0.649182
0.381697
0.434164
-0.32958
1.41681
0.174682
1.98717
1.10847
-0.141887
-0.0591423
-0.66138
0.402981
2.0476
0.551226
1.36088
1.39681
-0.565804
-0.0594192
2.74106
0.456797
0.272235
1.05105
1.29904
0.788936
1.19204
0.344429
1.09989
0.959463
-0.616149
2.31011
-0.787476
0.529496
0.864962
2.27896
0.720019
0.0817093
0.169155
2.3757
2.55279
-1.85099
1.60853
1.36179
-0.932165
1.28577
1.08203
0.550725
-1.05084
3.61462
2.6331
0.563606
1.55371
0.273272
0.0145547
-1.25303
0.614073
-0.331618
2.46282
-1.95062
-1.35696
2.59725
0.543872
0.115708
-0.0713959
1.90194
0.527297
2.11449
0.00405143
0.410066
2.97717
3.16817
1.92854
0.512864
0.548636
4.26998
-0.845674
2.45225
1.54347
-0.0681043
0.304414
-0.101363
0.804095
2.56502
-1.77187
0.114567
1.29657
-1.36343
0.0274741
0.275961
2.51365
-0.195626
0.132505
-1.56134
-0.18066
0.716598
0.00416488
0.0543284
0.536271
0.107032
0.0760675
0.305643
3.11084
1.97933
2.09885
2.0208
0.513409
0.169277
3.08234
0.378374
0.29202
0.129062
1.07309
-0.0493218
0.43247
2.67164
-0.37907
-4.96605
0.295683
2.32046
1.3998
0.051157
0.0183926
2.00308
2.10282
3.16319
1.36994
1.94866
2.2279
2.18748
0.684009
2.22313
-3.21887
0.540252
-0.805842
0.320235
0.554867
-0.453255
-1.91752
1.72429
0.695012
-0.288647
-11.7944
0.379858
0.541353
0.368996
0.222492
0.100198
1.94812
3.01315
0.420537
0.181735
-0.0316092
0.0728539
-1.37189
0.105714
0.650798
1.99056
-0.748108
-0.554495
0.315881
0.508941
2.12827
0.353332
0.267733
0.354339
0.228801
0.580089
0.261241
0.107449
0.297992
3.24254
0.256443
-1.28367
2.47057
0.0713007
-0.429632
-1.71621
-0.0147009
0.355757
-1.94652
0.465459
0.42014
0.578817
1.4294
-1.83658
-0.668738
-1.44588
-0.0534077
-0.0449101
-2.97479
-0.271541
0.0444429
2.82153
0.454179
2.30754
4.01335
2.93249
3.33259
0.519966
2.44355
0.16392
0.467835
0.4071
0.328786
0.0463757
-0.983527
0.340268
0.207836
2.54148
0.486873
1.40237
-2.01529
0.360636
0.404412
0.418978
2.10713
0.158866
-1.57044
0.661709
-0.371847
-0.280335
-1.75462
2.3636
-2.60157
-0.920584
0.581856
0.232252
1.44539
0.481072
-9.74475
0.29245
1.51529
-0.0522709
-1.08155
0.304154
-0.00850978
-6.3054
-9.63615
-0.258759
-0.215284
0.164734
0.354797
0.194613
0.280634
0.259656
-0.397161
1.28561
0.352313
0.189509
0.457131
0.331956
0.503811
0.66872
3.68883
0.449956
0.0809371
0.600111
-1.35147
-0.99347
1.73894
0.549075
0.101142
1.85959
-2.38817
-0.0458208
2.1721
-0.446489
-1.34451
2.52493
1.64568
0.363179
0.69362
-6.334
0.160912
0.426047
1.98529
2.55235
-0.419636
-3.50963
0.373987
0.274382
-1.19582
1.09916
0.618542
2.38457
2.59453
0.109648
1.65815
0.381302
-1.24107
-0.114225
-1.21462
0.903073
0.285264
3.38811
-0.794244
-0.670157
3.98835
-0.278131
-1.81774
0.187708
0.149742
0.988012
0.631952
-0.190331
-0.431335
0.424169
2.82508
0.56821
2.90441
0.58719
-1.58907
-0.259203
-1.2229
0.451523
0.562846
-1.10648
0.439878
0.323087
2.18905
0.335441
-1.38311
1.35764
3.79723
-1.93665
-0.0232665
-0.345204
0.535854
3.7039
-0.387985
0.580252
0.275408
-3.35475
-0.063245
-1.0437
0.339149
0.338281
0.43983
0.792256
0.295946
-0.784593
3.03095
-0.175223
-2.46638
3.08848
1.72501
2.39189
-3.35018
1.23284
0.335343
-1.59361
1.07107
1.59047
2.61477
-0.0842414
0.33834
0.501527
0.324498
-0.0207624
-0.0190357
0.511822
0.520914
-2.19706
0.526979
-1.02897
0.42111
0.388405
-3.43035
2.93631
1.91045
1.90048
-0.176162
-4.44514
1.02418
-3.34848
0.178075
1.79885
0.41585
-3.3386
0.124987
2.71809
0.11896
2.51093
0.461184
2.40612
-0.398267
2.7692
0.403544
0.492297
-0.681611
0.376546
1.10209
0.315517
0.333124
0.485922
-2.96609
0.243197
-0.0321479
2.96082
0.548017
0.0323733
-0.224165
0.520517
2.3563
-0.253305
0.099139
1.27175
2.92711
0.582121
0.299214
0.192742
0.261191
-0.121052
0.288498
1.78223
0.205878
0.286379
1.32918
3.31307
1.31019
2.38083
2.57524
-2.57724
0.413437
0.160352
2.83443
3.57896
0.121092
0.406993
0.583989
-9.48272
-0.0807889
-0.292798
3.08091
-0.0658106
1.67416
0.507586
-0.144266
2.49668
1.58101
0.329002
-2.95573
1.77274
2.78866
0.247725
0.073037
0.406383
2.15802
0.485258
-2.16028
0.450621
0.582794
-2.68652
2.03228
0.369196
-4.39056
0.432053
-1.57176
1.71889
0.389284
-1.07704
0.421767
0.763111
3.01292
0.368202
0.423925
1.11087
0.245943
1.87364
3.74757
0.562962
-0.00594772
-0.0508054
-2.01014
1.38612
0.0440955
0.382668
3.61247
-1.12731
2.86446
0.229033
-0.497149
0.132287
0.121037
0.00824387
0.568065
-4.66211
1.57052
0.221392
-2.15315
-11.0081
0.674737
-0.709793
0.317061
-0.66967
0.442493
1.49552
2.76921
0.225608
0.039135
1.29856
1.30875
0.00267759
0.215345
2.76239
0.275789
1.84052
2.34704
1.575
0.349713
1.1123
1.67708
0.411871
0.134571
0.394358
0.947096
2.63585
2.63955
2.11911
2.22195
-0.325178
0.119709
0.775789
0.326775
-0.00283465
3.49174
1.72105
0.785239
1.93671
0.28235
-10.8168
0.223746
2.22108
-0.372232
1.37622
0.300718
2.41814
1.99166
-4.21716
2.78714
0.150005
0.109681
0.279939
0.397946
0.059467
0.34557
0.228
0.57628
1.10692
0.410044
-0.634439
0.159905
0.231213
-0.177241
0.154002
0.26153
2.9266
0.319302
0.572926
-0.0760809
0.633685
2.87223
0.383654
0.165649
-0.0403741
-0.325559
0.505233
0.101199
0.401455
-0.854167
0.347044
-0.0297755
1.61946
3.9473
3.74204
-0.211938
0.438778
-3.92787
3.13531
2.15528
2.36238
2.34539
-2.54179
3.35105
0.514943
0.47672
1.21509
-0.174366
2.33613
-0.00465875
-0.181755
0.538194
1.08607
-5.89225
1.01597
2.55187
0.963446
2.41379
-0.313266
1.74656
1.17852
0.103073
-0.795432
2.939
1.11529
1.15004
-0.216911
0.352667
0.0371701
0.270186
-3.3511
2.08979
2.50716
1.38163
-0.0761813
2.35394
0.624655
-5.82613
0.706153
1.37009
0.0724068
1.15279
2.75777
0.300047
0.433376
0.17599
-0.0749447
0.398299
0.805075
-0.814952
0.530896
1.2046
3.04919
3.54603
-1.93144
-1.87964
0.895487
0.69889
-1.60067
2.565
0.0118062
-1.1745
0.609532
-0.124253
-0.209093
-0.413173
0.978491
0.33707
-0.150392
2.46577
0.545268
-0.166756
-2.43248
2.90739
0.567157
-2.9992
0.0896719
1.99243
0.245945
1.4335
0.202744
2.47226
1.59031
1.76677
-1.58042
0.533893
3.0099
0.353708
0.379897
-2.29084
0.370225
-1.31268
1.95027
1.07884
0.714495
-3.05558
0.390413
0.988509
0.414395
0.252634
0.423859
1.8458
3.30623
0.176539
0.780899
-0.515786
-0.0632383
0.499299
0.854933
1.41534
0.215985
0.0659226
1.24856
2.26758
0.300758
1.06749
1.34257
2.41736
2.53141
0.709707
-0.13309
0.876983
1.66228
-0.412212
-0.448555
0.199248
0.343906
1.18676
0.423584
0.806345
0.123621
0.729684
0.255071
0.889826
0.227462
0.404711
-3.90379
2.63627
2.2817
1.73366
-0.280368
2.8804
1.82312
0.340217
0.844243
0.387294
0.218926
-1.27112
0.537211
-3.84037
1.106
-0.257188
0.461751
-0.0466432
0.501871
3.22687
1.03606
2.57712
2.38207
0.480243
-2.61599
-2.34188
3.41396
0.198445
0.293672
2.03598
0.0794662
2.29815
1.25874
1.00433
1.81115
0.536936
2.40644
2.66915
1.02846
1.66656
0.359156
1.1247
0.300558
0.278333
1.76356
3.0651
0.116014
0.403404
0.3163
2.98384
0.501839
-1.79495
0.256708
0.366976
0.244727
3.46962
-0.600466
0.340782
2.1834
0.0543296
0.355916
0.220115
1.53199
1.85206
1.46928
0.726324
3.24428
0.043202
3.27771
3.26877
0.242803
1.56116
0.658602
0.0711165
-2.48145
1.82912
0.442402
2.54447
-0.476728
1.95983
-0.188726
0.770452
2.64897
0.485107
0.482527
-2.10797
0.596958
-1.05477
0.186899
0.636493
-2.8351
0.791909
2.69059
0.309047
3.03441
0.547049
0.228218
-0.393434
0.483136
0.224217
0.298901
-9.20733
-2.08619
0.504907
2.68344
-0.622284
2.52004
-0.142183
-0.912729
0.334129
-2.0175
1.76425
1.0127
2.95849
-0.561353
-2.46065
0.6724
-0.796469
1.84023
-1.01458
1.49179
0.20724
-2.94117
0.466793
0.406872
0.395247
0.795873
-0.526938
2.32067
3.46323
0.501045
0.542341
1.76251
1.77372
2.99025
3.63503
0.474919
0.36859
1.83711
0.161835
-1.16186
-0.00463466
2.88156
-0.425854
1.31768
0.39694
-0.249353
-0.0876339
0.334918
0.39772
0.550612
-0.383766
3.59227
0.248564
1.96619
2.18373
-1.34137
0.181035
-0.441386
1.94274
-0.701277
0.252843
0.505502
-4.98752
1.51918
-0.398325
3.32376
0.580378
2.61618
0.428932
3.39051
2.13558
2.04405
0.349302
0.338119
0.251046
-0.327668
0.109341
2.11756
2.29167
1.73968
-0.272853
3.36569
1.34987
1.89714
0.267714
-3.6478
-1.14226
-1.08579
1.72747
0.450001
-0.836063
0.518536
0.223781
2.74507
1.5578
-3.31697
1.15147
0.162287
-3.83434
0.44759
0.379747
1.67076
0.343925
0.0640057
0.621839
-0.502952
-0.432812
0.527096
0.138448
0.0540006
0.251922
1.44984
0.0668591
1.45203
-0.360922
2.24656
-0.100644
-2.26129
0.333361
0.500261
-1.05329
3.03453
1.92244
1.26252
0.38456
2.378
-0.145674
0.16988
0.422011
0.341226
0.591853
0.400774
1.73469
0.25042
1.07151
2.68714
-5.12416
0.434284
0.675167
-0.399759
0.397145
2.20998
-2.36736
2.7801
1.42232
2.09197
0.596326
0.408384
-1.30421
-0.536907
2.60145
0.467196
1.93131
0.666545
0.306989
0.0955088
0.0356592
3.19277
0.846803
0.628266
0.628801
0.0178288
-6.20074
2.28376
-0.183495
1.82704
1.90357
3.66131
2.22631
-0.0648689
-0.00273599
0.401216
0.531069
2.53969
0.368415
0.495596
-2.17958
-1.27731
2.50041
1.16332
0.164385
0.166373
2.51409
3.35981
0.20089
-0.0135961
2.31578
1.99866
1.77975
2.58718
0.475393
0.343505
2.05034
0.238885
-0.524861
0.693677
0.23057
2.39531
1.6504
-0.013721
-0.565437
2.25728
0.0295782
0.241002
0.0768539
1.60495
2.3506
2.6245
-2.20963
0.650423
0.314674
3.54787
4.1598
1.57395
1.87466
0.143123
-0.223105
3.52298
0.115369
0.545086
0.753781
0.301085
0.0848254
0.59081
-0.0719316
0.988838
0.939242
-0.0818594
1.92064
1.74633
0.365333
0.446972
0.34619
1.53909
0.735672
2.49922
-2.14065
0.107478
0.921736
0.585135
-8.36937
0.433308
2.1288
1.846
0.0241351
2.55891
2.11685
1.19322
0.561786
0.345806
0.245414
1.78114
0.301451
0.3585
0.436384
0.636549
2.17078
0.379689
0.229131
1.64625
1.61546
0.605203
2.0261
4.21375
-1.15383
1.62033
0.0984289
-0.18048
3.17113
-0.110726
0.678898
-0.988294
0.196145
0.385682
0.0726063
0.348271
1.61236
0.3973
-2.62051
0.231808
-0.221863
2.6575
1.27274
-2.08075
1.99165
1.42499
3.0019
4.09549
0.318806
1.27922
0.309122
0.719639
0.112929
0.649836
2.9913
2.44559
0.268706
0.0425931
1.23361
0.571072
-0.0826524
0.341731
-1.56298
-0.219149
4.27364
0.436159
0.375964
2.35531
0.864041
1.66246
-7.12925
0.245174
0.371828
2.14873
0.583359
0.371754
-0.147733
-2.19448
0.366513
0.425727
1.81889
0.267717
1.86467
0.334934
1.13468
0.35473
1.84147
0.369055
1.47517
1.97204
2.57305
-0.440075
-3.25792
1.859
0.670164
-0.45334
0.977013
0.22572
-0.803743
2.94363
0.255211
0.228769
0.788603
-0.240733
0.294504
0.398205
-0.193727
2.33103
0.863691
-8.97583
0.776575
0.239948
2.07531
-0.291721
0.26357
0.669614
3.34253
0.609243
0.847012
0.225341
0.262498
0.55081
0.530903
1.86351
2.31646
1.25534
0.0397514
0.366965
-2.681
-0.225397
0.848729
-0.139446
-0.0947846
1.32857
1.15403
0.471149
1.02974
2.63591
3.53333
0.716545
2.213
3.57616
0.735708
-0.616196
0.461069
-0.518711
0.174918
-1.03896
-2.84616
0.363303
1.7775
-0.873456
0.44375
-0.426867
2.04782
-0.220138
2.03355
0.330578
-0.681225
-0.372807
3.18875
1.52585
-7.75673
0.469242
0.53679
-9.26695
2.53429
1.30205
0.588182
1.54164
0.348756
0.39373
1.75153
0.430447
0.438238
0.0416656
1.26346
2.15414
3.58866
1.40645
1.61154
-0.189628
1.21147
-2.53256
0.513709
0.747649
0.352316
-0.39448
2.11255
1.87728
0.0257315
2.64329
0.25501
2.18399
1.1944
0.986509
1.17609
1.87617
2.07815
-7.09046
2.16527
0.542165
0.421134
0.192773
3.16302
0.33034
0.733244
0.127034
-0.387985
2.99641
0.0897165
3.46773
0.314298
0.330145
1.92838
0.054864
0.976561
-0.0151345
0.418754
0.648543
1.32231
1.58089
3.16349
1.25684
1.75479
)
;

boundaryField
{
    SideWalls
    {
        type            empty;
    }
    Top
    {
        type            zeroGradient;
    }
    Inlet
    {
        type            zeroGradient;
    }
    Bottom
    {
        type            zeroGradient;
    }
    Outlet
    {
        type            fixedValue;
        value           uniform 0;
    }
    Plate
    {
        type            zeroGradient;
    }
}


// ************************************************************************* //
