/*--------------------------------*- C++ -*----------------------------------*\
| =========                 |                                                 |
| \\      /  F ield         | OpenFOAM: The Open Source CFD Toolbox           |
|  \\    /   O peration     | Version:  2306                                  |
|   \\  /    A nd           | Website:  www.openfoam.com                      |
|    \\/     M anipulation  |                                                 |
\*---------------------------------------------------------------------------*/
FoamFile
{
    version     2.0;
    format      ascii;
    arch        "LSB;label=32;scalar=64";
    class       volScalarField;
    location    "9.5";
    object      p;
}
// * * * * * * * * * * * * * * * * * * * * * * * * * * * * * * * * * * * * * //

dimensions      [0 2 -2 0 0 0 0];

internalField   nonuniform List<scalar> 
5098
(
0.53789
0.922869
0.149766
0.738182
-3.7823
1.13281
0.627976
-1.07018
0.162672
0.737141
-6.90022
0.226516
-0.878916
1.63411
-0.893763
-0.0496349
-8.32395
-4.5678
-1.26997
-7.85496
1.63048
-0.0520912
-1.5499
2.61793
-2.87454
1.04744
1.26946
-0.34143
-1.26496
-2.57965
0.164805
1.91904
1.10156
-6.79128
0.40332
-1.01697
0.281381
0.899319
1.51726
-1.1745
0.665172
-3.61283
0.989756
0.352547
0.643743
0.986792
-6.9648
2.00723
0.122821
0.817601
0.758998
1.80583
-2.43902
0.685799
1.14863
1.69013
1.46
0.522399
1.93128
-0.337645
0.0724693
-5.47106
0.413353
-0.644266
-2.4451
1.67741
-0.0281845
0.706423
0.12868
0.347324
1.45004
-0.239949
-0.741396
-0.344715
-0.112856
0.803592
-0.0787658
1.81819
0.526963
1.63656
-0.377809
-0.71645
0.989621
-6.73776
-4.76539
-2.82545
3.11729
-0.0937019
-0.943227
0.0606943
-0.128001
-1.9332
0.217809
0.747335
1.52259
0.329351
0.27625
1.93141
-0.0914072
-0.315619
-10.1602
1.03668
-6.0641
-0.0738636
1.77822
0.678464
1.40306
0.649849
2.06204
-6.62628
0.515013
-1.08669
0.871673
-2.40901
1.58528
-1.37526
-1.19995
0.201005
-0.139989
2.55792
1.75053
1.4814
0.680954
-2.45593
-1.96737
-7.60666
0.586641
-1.39472
1.7753
-2.35814
-2.79924
1.82246
1.77404
0.355778
-9.05333
-2.31931
0.63516
1.37776
1.51493
0.639377
1.87646
-8.79156
-0.549984
0.15599
0.990794
-0.099271
0.211182
-4.20293
-0.612335
-1.13165
-4.59117
-2.08394
-5.04481
1.12372
3.10385
2.3946
0.537624
-9.91431
0.670129
-1.32464
0.109531
-1.02372
-1.97427
0.922584
-3.57142
0.274096
-4.30703
-1.8925
-2.80065
0.600583
0.240617
0.834076
0.976757
-0.299515
0.245059
1.06319
0.944116
-0.919601
1.09412
3.01126
-0.0865848
-1.11532
0.424864
-3.41143
0.878667
0.23926
1.89534
0.254099
0.753758
-2.73787
-1.17362
0.035738
-0.860633
-0.139957
0.244221
-2.15432
-0.0120848
-2.28918
-0.00923325
0.526004
-2.51901
1.73069
0.657978
0.918767
0.676466
2.38397
-0.0871291
1.56782
0.261222
-0.916562
0.730584
1.68161
-0.212051
0.956542
-0.841463
-1.21855
-0.164016
-5.86563
-1.8704
1.08483
-0.12088
1.19283
-0.060788
-0.208804
-2.40143
0.563013
2.84564
1.27825
-0.164776
-4.347
1.62621
2.60556
-0.0584732
-0.0208941
0.244783
0.23793
1.83418
-2.30341
-1.0764
1.19408
-0.827301
0.963631
0.0218623
2.17311
1.52884
0.182143
1.5557
-6.16606
-8.21975
0.189895
1.07837
-0.465699
-1.40787
-2.33632
1.13447
-2.38297
-9.12167
0.819609
1.94185
-0.127315
0.204569
-2.44
-2.7231
-0.711765
-0.0363301
-4.56789
-1.32549
-6.75146
0.598298
1.22535
-2.74541
0.556073
-1.30959
0.651083
1.8831
-4.79372
-4.07402
-4.86872
-2.08789
0.764226
-2.74767
-0.906811
-2.43142
-0.942395
-7.31487
-10.3995
1.15615
-0.0875155
0.268578
0.229176
-2.45246
-2.16566
2.2689
0.666392
-0.387647
0.809899
0.302878
0.212873
1.268
1.08155
-0.100665
-0.0744773
1.08489
1.50012
-4.6114
-0.00326127
0.18654
1.07397
0.495604
-6.99756
-0.087618
-1.51554
1.06975
-0.271471
-1.0631
3.04286
0.584835
-0.0718553
0.237974
2.28442
0.507567
-2.03926
-0.929903
-1.44289
-0.0806686
1.58144
1.13731
1.27153
2.01469
-0.140846
0.280282
0.230038
1.52079
-2.42435
0.26337
0.719453
-0.436931
0.846553
0.425605
0.536186
-0.641265
0.403495
0.477793
1.27473
-1.22529
-0.0759533
0.57024
-1.37547
0.168996
0.216322
-3.46792
2.58956
2.23959
-2.5784
-0.307236
-2.71338
-2.8225
0.251801
1.74914
-0.343823
1.29702
-0.0235905
0.27794
-0.0902801
0.311452
1.92913
1.27895
1.1861
-2.457
-2.40672
1.78412
0.398971
-1.17647
0.0205829
-0.32624
-5.44415
0.45315
0.0257638
-1.61223
-0.103441
0.732726
-7.87294
1.21947
-0.125794
0.193759
-0.412022
0.493375
-2.29581
0.726526
-7.81191
1.27756
0.396665
1.27823
0.539134
1.7041
-0.489435
0.866048
-2.08284
0.908614
-1.13931
-2.21891
2.3028
1.82771
1.27587
-1.36035
0.887483
0.549156
-4.18483
-0.108793
-0.769561
1.27285
-2.97239
-2.42808
0.703502
-0.0129064
-0.693015
1.47718
2.60744
-0.165385
0.024133
0.663779
1.42378
0.32995
1.09822
-2.80916
-1.95706
-0.0530926
-3.38095
0.363358
-0.310834
-0.0462845
-1.29797
-0.0184553
0.0290774
-0.242511
-1.42956
0.0244757
-1.45543
1.24779
-0.306431
1.0962
0.430483
1.20803
-9.02668
1.87223
0.00987422
-1.45024
-0.819264
-1.21675
0.56295
-7.51654
0.191681
1.27125
-9.46085
-7.7083
0.209507
-3.55953
-0.465538
0.136977
-0.815964
0.937622
-0.18901
2.51297
-0.00882911
0.765624
-5.19635
-2.47431
-2.83074
-4.88684
0.600899
-1.20292
-2.60496
-3.14693
-1.05433
1.26916
-1.27567
-1.26122
1.26281
-0.954138
1.13793
1.77465
0.573807
-2.38816
-0.888138
0.414908
0.142657
0.903705
-1.02457
0.782866
0.766725
-1.12851
-4.1774
0.532455
-0.20039
-1.66193
-0.0141529
1.31298
-1.60973
1.15487
1.16994
-4.63186
-1.57985
-1.31908
-5.20049
-1.31836
-2.14827
1.22244
1.15212
-0.631368
0.322468
-1.883
1.2711
1.90468
0.290438
1.05874
0.527844
2.28976
-2.43353
-0.822608
2.13025
-4.0559
-3.11975
2.23479
-0.119593
-1.72811
-0.0135799
-0.754929
-1.84026
-0.353784
-2.42795
0.371821
2.80556
-3.65859
0.678837
-9.47457
0.637723
1.38315
-0.0952688
-2.34337
-8.62878
1.28809
-4.6324
-2.44194
1.14849
-9.00561
-5.30529
0.404989
-8.3384
2.95978
-1.43761
-0.0306974
0.394294
0.0548285
-1.43752
-0.627968
-7.37011
-3.04928
1.13191
-7.40413
-0.9938
-7.36842
-2.63981
0.865581
-2.32769
-4.9966
-2.96434
-1.55832
-0.11702
-2.92082
-1.62245
-1.95244
-2.97502
-1.93484
1.55364
1.82207
3.07042
-3.9812
1.09813
2.07636
-10.0252
0.730606
-5.23618
1.08657
-7.21001
0.803403
-0.464705
-0.106347
1.36452
1.4279
-2.43757
-1.96767
2.42466
-0.281377
-4.02528
0.523263
0.892829
-1.51804
1.185
-1.0158
-0.804481
-0.191799
2.38186
-2.39359
-4.17147
1.83816
-10.1853
1.59798
-3.04831
-2.43764
-3.08921
-10.6783
-2.451
-1.65801
1.70301
-1.01825
-0.7403
1.79224
-0.746131
0.837007
0.755531
2.31439
-1.40657
1.30183
0.949038
-0.1342
-0.37306
-2.37868
-0.997007
-3.94646
0.0199168
-3.44178
-0.318937
1.94331
-2.69534
-0.0587301
0.702428
2.54004
-2.42258
2.1494
3.00378
-0.824295
0.228279
-0.830445
1.28238
2.01909
1.64221
-1.16933
-0.265523
-0.182157
-3.92579
0.23601
0.397917
0.670933
-7.93548
-0.108622
-1.45428
-6.43587
-0.72982
-0.299277
-0.139278
0.686697
0.780733
-5.83228
1.96645
0.970617
1.78938
0.758627
-5.42664
-0.378872
-0.172058
1.89183
2.49271
-1.47965
1.52003
-4.31157
-2.58437
-3.7577
0.769081
-1.24988
-1.31471
-4.1079
-5.42205
-0.472109
0.0819267
-1.10835
0.0283258
1.14711
-1.29885
1.06982
-0.0653411
1.15975
-2.43474
-7.72447
0.0302542
2.07266
-3.75405
-7.86884
-0.226535
-1.38422
0.625871
-3.48642
-1.7506
1.73491
-4.02594
-4.60901
-1.72731
-6.05884
-1.25581
0.781903
0.80512
2.67318
2.04339
1.67679
-3.16595
-2.16023
-1.20901
-1.31775
0.815944
-2.17347
-1.82258
-2.64886
-3.68683
1.40138
-2.20293
0.471245
-2.86859
1.61768
1.26828
-3.07078
0.7894
-1.48549
2.65557
-0.12669
-0.397197
-0.784958
-4.01059
-7.95321
-4.2052
-1.93771
1.70506
-2.11073
-0.913238
-2.12657
-2.50086
-1.05073
-4.81686
-0.76499
-0.28563
-0.080537
0.847205
-3.42773
0.875888
1.72359
-2.43204
-1.1629
-3.04555
0.738913
-1.31784
0.722536
-1.22025
-3.89199
0.045135
-2.20036
-5.09075
-2.6336
-9.6437
0.959444
0.151494
-1.15354
-2.12279
-1.45387
1.2782
0.658333
-2.91702
-3.20566
2.77023
-0.789704
1.67623
-3.37237
1.1176
-2.41262
-3.47733
0.455526
-2.44584
-6.84693
1.8426
1.81549
-6.43665
0.146868
-5.12313
1.37357
-2.35715
-2.36252
-2.43647
-2.6977
-1.34838
-0.121273
0.287009
1.19426
0.139957
0.521484
-2.72529
-0.639077
-7.24915
-2.00808
1.11462
-1.70587
1.89644
-0.773092
1.64876
0.89477
0.63065
-6.74324
0.30303
-0.550457
-0.415961
1.28129
0.746749
-0.401226
-1.69012
-2.43914
-9.70091
-4.09476
1.19329
-0.172726
0.938436
-2.22226
-3.36152
2.97775
-5.40219
0.713571
-0.03705
1.71949
-1.77463
1.66395
-7.34057
-3.61755
2.0377
-6.12464
-1.30457
1.15965
2.16056
0.648396
0.230657
-0.707861
-0.363674
-3.0578
-1.06705
-2.13979
0.540815
-3.19324
-1.8126
-2.402
-0.862189
-0.0170423
-1.36273
-0.629486
-2.06891
1.19875
0.770592
0.128026
-10.203
-1.81022
1.79135
-2.49034
-0.617956
-2.22888
0.212346
-2.26958
-2.40797
-1.90681
-0.466778
-0.221045
1.35392
-2.42973
-7.00533
-1.53767
0.0837963
0.0524702
-3.36478
0.337264
-2.42681
1.28801
-10.559
2.48163
2.11245
-0.302685
1.21989
1.56578
1.48178
2.45515
0.864753
-2.60522
-8.94953
-3.64096
-9.57548
0.151726
-2.74534
1.26779
-1.64718
1.36998
1.52138
-0.0347477
-0.076145
-3.81804
-0.555945
-0.917032
-0.269221
1.8493
0.63951
0.470135
0.606884
-2.4882
-9.66797
-9.30748
-1.577
-0.785298
0.480768
0.70356
-6.44571
-2.67713
1.99484
0.468364
1.72453
1.72907
0.703346
-0.346238
-0.518967
-0.70602
-2.36139
0.971323
-0.133666
-0.560567
1.37418
2.17487
-4.25854
-0.298664
0.714213
1.58327
-8.26115
-0.827666
-1.52927
2.58744
1.17602
-1.80505
-0.103455
0.243723
-4.20858
1.34507
1.29415
0.235397
1.04975
-2.17957
-9.22927
0.473145
0.809399
1.81488
0.422722
1.62613
-2.49203
-7.06067
-2.31781
1.33743
1.686
-1.39731
-0.520753
2.5682
0.925103
-0.0486648
0.215677
2.41143
0.95943
0.377739
0.715645
1.09072
-0.267519
-0.85643
1.36258
2.8821
0.314601
-8.73669
-2.39499
-0.69531
-2.70621
1.66867
1.24126
-0.959259
-0.200091
0.787336
-0.243707
0.337833
0.0633253
1.50844
1.42463
-1.80634
2.34585
0.710891
-1.78593
0.00222535
0.311636
-0.0554239
0.152992
0.923436
1.03668
0.709417
0.311455
-6.03582
-7.25721
0.812796
0.340964
1.77361
-2.95591
0.791562
0.787887
-0.239901
0.904453
1.47663
0.0015859
0.0277324
-0.0266837
1.29444
-1.5358
-0.774888
-0.552753
1.57427
0.377231
1.09806
2.23206
-2.97007
2.13206
2.52816
-0.94872
-1.07851
-4.54513
2.88451
-1.27514
1.07364
2.36147
1.06465
-2.45112
1.26182
0.220996
2.61025
-0.796612
0.367479
2.70492
2.0542
0.0743644
2.63933
1.73354
0.184323
-5.76013
-3.23324
-0.00308814
0.0036019
0.619047
1.6544
-1.42648
-0.260538
1.33255
-0.20253
2.27631
-0.502358
2.56673
-1.62067
-2.72947
-0.539382
-0.633573
1.7867
0.124031
0.279758
-4.3102
1.67838
0.201665
1.36741
1.04446
-4.66658
0.492999
-0.229407
-1.57339
-0.28749
1.91082
0.469105
-0.0701505
-0.336138
-0.444802
-3.81781
1.6254
0.190695
1.03352
-0.579973
-3.20298
-4.18905
0.407161
-0.0948882
2.25019
-0.746805
0.33508
-4.1778
-9.04901
1.47947
2.40021
-3.14659
1.38433
1.12539
-3.75241
0.766963
-1.42087
2.83263
-1.88252
-0.657326
0.997377
-10.4235
2.00083
-2.52344
-2.22438
-0.0336933
-1.85391
-2.42592
-3.04328
0.532138
-0.258219
-2.44833
-0.00218795
0.900657
-0.673725
1.49359
1.96887
1.32371
1.45446
-8.82027
-8.3224
0.161845
0.430192
-2.15211
-0.00089343
-0.0766169
-0.0028428
0.357389
1.7377
0.999778
1.08597
1.23526
-1.22675
-0.170328
-1.51262
0.191573
-1.47273
2.58052
1.33798
1.04649
-8.5535
-0.594697
1.03304
-0.199618
-4.87307
-1.36467
-0.641317
-0.865313
0.568882
-2.37602
-0.183499
0.598018
-2.44095
0.609981
1.94318
-0.668843
-0.7194
-0.29603
1.41048
-6.09199
0.338341
-9.76774
0.011168
-8.12263
-7.1714
0.900414
-2.84911
-0.889396
-0.470421
-3.25071
-5.49864
-3.32723
1.37646
0.280969
-4.8824
1.87247
-2.58481
1.10326
0.453869
-1.56327
-0.177777
-2.08789
-2.64476
0.0460398
1.26581
0.924033
0.555987
-2.38155
1.6594
-4.87715
-0.715007
0.0014759
-2.71573
-0.1456
0.0539688
1.47675
-2.56714
-1.32878
-9.22528
1.23003
1.41654
-3.40218
0.318787
-0.0265855
0.00910557
0.22718
0.249325
-0.194515
-4.13649
-3.64162
2.11937
0.418656
-0.0592019
-0.505892
-0.00214679
1.38473
-3.16564
-0.678885
-8.78689
1.24248
-0.128856
-0.0122076
0.249346
-0.00415826
0.700814
0.543277
1.00386
-0.308753
-2.25183
0.203704
1.52046
-0.109387
1.10008
1.10462
1.4195
1.21396
0.68659
0.924153
2.41917
0.341072
-0.723451
-0.672711
-2.70421
0.14456
-0.822239
1.0292
0.701458
2.34874
-0.0582843
0.253031
-9.03161
0.006293
-8.88011
-0.434942
-2.51581
0.486957
-10.7192
0.617527
1.15723
1.34274
-2.47675
1.42864
-2.47349
0.707941
1.34128
0.968542
-6.41162
-1.21909
-6.64493
0.556851
-4.03957
-1.34927
0.849144
-0.797615
-0.0587346
0.976561
1.96381
-0.621016
1.93129
0.180915
-2.98788
-1.37267
-0.538417
-0.075186
-0.552554
-2.65724
2.10982
-0.00323437
1.04049
-3.16627
-6.64318
1.7256
1.56253
-0.00283604
-0.159873
1.36773
-1.78483
-0.301253
1.23109
-0.552215
-0.616051
-1.16945
-0.822928
2.17473
-2.27247
1.24865
-0.153645
0.0969009
2.69958
0.453873
0.00515444
1.26652
-10.132
0.883968
1.08259
0.283911
1.27762
-0.139993
1.23656
1.38366
0.0830041
1.46885
-3.83636
-1.93233
0.00354633
-1.43224
2.1178
-2.44544
-1.70628
0.592078
-0.295643
-0.931787
-2.49541
0.612326
0.146894
1.09062
0.831503
-0.748671
-3.62382
0.11745
-7.74805
1.53154
-1.55247
-2.40865
-1.40674
-10.2129
1.19357
-2.44162
-2.5134
1.33502
-2.47477
0.768964
1.34279
-2.38487
-2.50321
1.19181
2.08602
-2.4556
1.25731
-2.06377
-0.944449
-3.01392
0.322096
-0.761435
-2.60662
2.46634
-2.00313
-2.10972
-0.0184443
-0.795857
1.42341
-0.664428
-1.8569
-2.61393
-4.02199
-8.61955
-2.34142
-0.987202
1.71249
0.326792
-4.27914
-0.0117226
-2.46276
2.406
2.50738
-2.45706
-0.617022
0.110802
-2.54407
0.237626
2.14891
-0.966636
-2.52599
1.25076
1.25521
1.23526
-0.832718
-0.417489
-4.08387e-05
-1.3021
-0.502035
-0.856038
1.11416
-0.572842
0.371345
-0.00941621
1.28411
1.14595
-0.306213
1.14301
1.21335
1.24709
-0.173789
2.18901
-0.638126
2.01652
-0.118547
1.88544
2.82182
0.0278891
0.126422
0.873417
1.30857
-1.22635
1.06629
-0.313586
-0.226313
0.235132
1.38379
0.357159
0.453582
1.43341
-1.08709
-2.63977
2.64317
-2.43564
0.52782
-4.32035
-0.359104
-2.36335
1.13772
0.496592
1.14746
0.648916
-0.548623
-0.283531
0.793035
-0.224873
-1.46661
-3.28669
0.667993
-4.20762
0.306492
1.06538
2.48045
1.27865
1.05603
0.913552
0.333915
2.28044
1.18208
1.26887
0.795431
-6.05659
-1.80593
0.112293
-0.800495
2.67838
-3.00326
0.203583
-3.42229e-07
-0.521014
2.44847
1.15141
0.235442
-3.91739
-0.567139
-0.682151
-0.161617
1.20279
1.7309
-0.367327
1.60577
0.194861
2.28342
-1.71869
-0.352098
0.879585
0.524021
0.362883
1.66038
0.734337
-0.253107
1.17546
-0.142633
-9.42546
1.47075
1.73439
-0.504065
-2.81612
-2.43905
-1.3885
-0.727196
-2.52625
0.192917
1.2776
-0.118415
-0.904448
0.380739
-2.23088
-0.757289
-0.0227775
-2.08333
-3.90008
0.244347
-2.4462
-2.60735
0.817042
1.28432
1.04187
-7.35314
1.02699
-1.2831
1.36111
2.17362
-2.15742
-0.0233441
-0.139051
1.87917
0.387779
-6.9058
-0.480198
-1.42902
-0.187795
0.11455
2.25847
-0.131941
0.000146231
1.04266
-0.578105
-0.00531678
1.2314
0.254982
-0.534168
-1.22444
-2.5951
0.899422
-2.38273
-0.172897
-1.49398
-2.86055
1.22667
1.22194
2.46528
0.218378
2.43178
0.32774
1.61797
-5.59312
-2.31792
-8.56029
1.5771
1.10785
0.200664
0.445281
-2.51236
-6.71889
-0.00315826
-0.563589
-0.130148
-0.53069
-0.236669
0.138465
1.19037
1.34999
-1.63366
0.0692574
0.136771
-0.412428
-0.399398
1.1505
-0.482181
1.13092
-1.22808
-0.125105
1.26647
-2.12949
-0.619056
-0.000129023
-0.446829
-2.6807
1.14488
-1.43463
-0.106242
-0.173226
-2.66008
-1.76573
-0.190642
1.8135
1.62271
-0.00217473
-1.1719
-6.35394
1.07133
-0.0382564
-0.606477
-0.00429579
0.252907
0.108065
-0.134137
-1.63777
-0.00324898
1.03088
-0.103825
0.16347
-3.46077
-1.93641
1.25917
0.994133
0.0615659
0.270716
0.86124
0.880167
-0.527883
-0.645533
-0.2179
-6.91264
-0.116537
0.94691
-2.76722
0.282802
0.0747767
-0.0148768
0.0543357
-0.049054
-0.143594
-0.0908734
1.3837
1.19805
-1.39727
-0.106507
-2.76795
-6.85401
0.915562
-0.172502
1.8532
-1.77038
1.25714
0.878847
-1.49161
-1.39156
-10.0766
-1.29134
-9.91695
1.15591
-0.179283
-0.124092
-2.42725
0.833791
-0.735106
1.4201
-0.00413912
0.0224076
1.60827
-0.0357864
-0.0424832
-0.915183
1.28604
-0.0128057
1.32058
1.14392
-8.11411
-0.139458
1.34702
-1.57013
1.19976
-5.74446
1.09877
-3.60468
-0.109332
0.0368862
1.01512
0.994162
-0.678379
1.27452
1.02018
-0.179161
1.51823
0.987447
-2.94355
1.27873
-0.122252
-0.017969
-1.57746
-3.51708
-0.117601
-2.45972
-0.000410058
1.26934
1.35409
-0.208032
-0.470258
1.05347
-0.0499744
1.27227
-6.24723
-0.00637454
-0.44902
-2.66936
-0.350879
-9.45539
-0.287879
-3.80987
-0.122832
-1.4682
0.246345
-0.197626
-6.90324
-0.204126
0.28221
1.7737
-3.10518
-0.00670087
-0.992114
0.482316
-0.370646
-4.36139
-1.11466
0.858306
-0.33381
0.817528
1.32002
0.000286642
-0.1244
-0.420703
-0.133619
-0.259547
-2.36763
1.24334
-0.862008
-0.0085986
-1.84512
-6.52554
-0.0315974
-0.133806
-1.37755
-4.80418
0.104796
0.136621
-0.0856303
-0.132824
-0.0119544
-0.00167151
-4.25055
-1.73528
-7.4605
0.983696
-1.09585
-0.106272
1.05022
1.08327
-0.13076
-0.00959511
1.06328
0.542769
-0.0128327
-6.69641
-0.0196978
0.835158
0.683587
-3.70259
-0.00739417
1.02279
0.0747064
1.20088
1.15243
-0.112222
0.356091
1.16343
-0.332357
-4.11597
-0.128228
-0.692565
0.997263
1.27526
-0.000732098
-0.0808886
-0.133737
-0.132328
-0.287357
-0.110737
-5.11249
0.00555432
1.27846
0.141439
-0.141793
1.26456
-0.120892
2.18738
-0.126852
0.135338
0.0848308
-0.156452
1.22663
-0.126162
-0.308115
-10.0309
-0.222436
1.21248
0.983024
-0.129961
1.27618
-0.0867599
-0.169066
1.06337
-1.71704
1.14286
-0.162758
0.0354275
-0.583768
0.315803
-0.652822
-5.95874
-0.455456
0.996424
0.954584
-0.0958055
1.08401
-0.0066674
-0.445746
-0.198149
0.692907
-1.0183
-6.51781
-0.329861
-0.00205593
-0.539049
-0.161958
-0.552557
-2.76959
1.88892
-5.33196
-2.43985
1.88205
0.0144556
-0.484467
-0.143378
-0.701622
-0.0953889
-0.548728
-0.161509
-1.35202
-9.68585
0.862139
1.25335
-0.207807
-0.29459
0.474623
-0.0035506
-0.0211958
-0.1264
-0.13714
-0.274238
1.2318
-3.4347
-9.91385
1.0332
-0.186601
-1.39696
-0.0777775
-4.67679
-0.0704729
0.220123
-1.45721
1.28688
-0.239645
-0.266942
-2.38671
-0.187384
-0.411641
-0.152442
-3.2712
-9.95151
1.84173
-5.38374
-0.00703292
-0.00275564
-0.795685
-0.0622313
-0.131301
-2.55473
-0.00192639
-0.124326
-0.308602
-0.15278
-0.233674
1.58938
0.336475
-0.0299142
-0.0845552
-0.131963
-2.97122
-0.12575
-1.35709
-0.113216
-0.309566
1.37356
0.134536
1.26378
-0.0314477
0.0282083
-0.073251
-0.000894126
-0.0102665
-1.30507
-4.05334
-0.128043
0.231949
0.0623862
1.00298
-0.0792499
-0.101695
-0.0513931
1.14694
-0.134745
0.237351
0.198296
0.000821354
-0.141135
-2.91377
-0.123672
-0.00783224
-0.207015
1.25644
-0.00102416
-0.363416
-0.0611119
0.525207
-0.322874
-1.26532
-0.00502692
-0.0674478
-2.4757
-0.151549
-0.126066
-0.425607
-0.00843051
1.25492
-0.0761199
-1.63257
-0.111556
-0.132059
0.361767
-0.202456
-0.130692
-2.59329
-2.48494
-0.122819
1.44199
1.46995
-0.0159164
-0.132489
-1.35903
-0.0269104
0.313681
-3.43048
-0.0491876
1.1973
0.456285
-0.0187718
-0.0624506
-2.21568
1.19597
-0.0709495
-0.02741
-0.0470491
-2.20432
0.0832824
-0.274041
-2.40789
1.04835
0.296338
-0.751002
0.460807
-0.0073398
1.2766
-0.0398688
-0.0100012
-0.0584054
-0.0229959
-8.41123
-0.167108
-0.20628
-0.0134333
-0.140106
-0.0177158
0.0904617
-0.0276106
-0.0709936
-0.441293
-0.145264
-0.0874968
-0.00213987
2.55648
-0.117482
0.0375342
-0.015697
-0.0573982
-0.61441
-0.104597
-0.00113378
0.382906
-0.16243
-0.125279
-0.0742081
-0.038783
1.28769
-0.0201046
-0.112641
0.0207246
-0.00650569
-0.00690032
0.05308
-0.120052
0.59936
-0.148527
-1.00094
0.470555
-0.0717044
-0.167644
-0.0681299
0.0214061
-2.66647
-5.31642
0.203916
-0.143602
-0.0173252
-0.00974417
-1.89581
1.19178
0.823029
-0.0814931
-0.217615
-0.155103
-0.0777941
1.28309
-0.0239671
-0.198196
1.45337
-0.123746
1.40369
-0.16287
-0.267862
-0.0151424
-0.04481
-0.0221701
1.52569
-0.122967
0.00106409
-0.52056
-0.768968
0.378278
1.27855
-0.00980684
-0.571299
-0.402967
-0.0235399
0.00115936
0.0482957
-2.36405
0.00125998
-0.135537
-0.0944915
-0.122388
-0.119759
-0.187697
-0.346909
-3.03983e-05
-0.0336771
-0.0307269
1.36877
-0.890389
-0.0575252
-0.130674
1.30696
1.61926
-0.0216665
-0.0022846
-2.79554
-2.61307
-0.0126631
-0.176872
-0.0328497
-0.200151
-0.00219943
-2.74054
-0.015941
0.0177121
-0.125814
2.01164
-0.040262
-0.134761
-0.385124
-7.60822
-0.0346911
0.850165
0.0278059
1.01514
0.0161643
-2.44169
-0.0409145
-0.165514
-0.481028
-0.280483
-0.17382
-0.0313692
-0.0451658
-0.133608
-0.0234617
-0.0435838
-0.114574
-0.0241283
-0.0345282
-0.119168
1.25731
-0.0499856
-0.571432
1.08408
-0.0609194
-0.0981595
-1.15915
0.980065
-0.200492
-10.433
-0.0887562
-0.0778162
-1.61387
0.0454885
-0.139942
0.190807
-0.124732
-0.0548312
-5.24273
-0.0190279
-2.34009
-0.173723
-0.120306
-2.5927
-3.28688
-0.020942
-0.0557893
-0.145013
0.216962
-0.0730129
-0.0766261
0.829589
-0.0139773
-0.0271896
-0.0407702
-8.56306
-0.0482793
0.00302074
-0.0971678
-0.1287
-0.169604
-0.230207
-0.0181418
-6.52309
1.83889
-0.114073
-0.0510808
-0.0884677
-7.70662
1.27041
-0.122483
0.112098
0.00063295
1.34472
-0.0522015
0.243025
-0.0620385
-0.00175668
-0.0373936
-0.0393299
-1.30509
-0.208676
0.27936
-0.376119
-0.084409
-0.0249259
-0.134836
0.4695
-0.385485
-0.0230123
-0.0318761
-0.13302
1.55072
-0.128754
-0.0378405
-0.0207317
-0.149177
-0.0807972
-0.0441791
1.52685
0.787003
2.20472
0.00162871
-6.0792
-0.404248
2.81914
-1.01174
-0.110665
-0.0646673
-0.130697
-0.747982
1.33147
-0.370659
-0.302517
-0.0808351
-2.37587
-0.171498
-0.113561
-0.0596521
3.03167
1.17985
1.83427
-0.280268
1.23271
-0.0315883
-6.44906
-2.42441
0.953014
-2.5045
-2.4695
-0.0364517
-0.79208
-0.217833
-0.117712
-2.34725
-0.285943
-0.707164
0.684183
-10.1057
-0.108202
1.08639
-0.12552
-2.14785
-0.0737115
-0.0684176
-0.119578
1.56435
-0.140339
-4.93992
-0.0557983
-1.39586
-0.00185586
-0.539495
-0.719715
1.85331
-2.54573
-0.366485
-0.405403
-0.0649463
-0.0859843
1.20156
1.33633
-0.118768
-0.412896
-2.46356
-0.651664
-1.56862
2.38765
1.10755
0.215605
-0.102601
-0.258522
-0.134318
0.914751
-0.112146
-0.562775
-0.103133
1.08641
1.27004
0.369591
-2.35752
0.263294
-0.479801
0.00764582
-2.03399
-0.0834605
-0.70037
0.911217
-0.024783
-2.61727
-0.0684634
1.77272
-1.61831
-0.345908
-0.136213
-0.875851
0.0369831
-1.38658
2.34035
-0.0741199
-7.61052
-2.66616
-0.379874
-0.0531821
0.799102
-0.565686
-0.178425
-0.818249
-2.43587
1.37713
-0.118234
0.0294672
-0.837914
-1.34093
-0.119225
-2.51033
-0.0810708
-6.44384
2.49656
-0.0943318
-2.61646
2.11567
0.0010345
-0.0690993
-0.132105
-0.00582964
1.5787
-1.96297
1.27436
1.21331
-0.0528751
-0.198528
1.17881
1.17924
-0.0702931
-0.23909
-2.96757
-10.2172
1.21562
-0.176354
-1.5834
-2.49725
-0.25927
-3.80957
-0.128336
-0.103416
1.34734
-0.128199
-0.239502
-3.06648
-0.0783179
-0.0703271
-0.0678314
-2.4177
-7.20563
0.0179885
-0.224047
0.0840627
-0.819463
-0.132051
2.35166
-0.108688
-2.19357
0.216597
-0.050338
0.178677
-0.145427
1.21608
-0.121371
0.712534
-2.2609
-0.0987352
1.44758
-3.77755
-9.61498
1.59493
0.725341
-0.130591
-0.140837
1.21749
0.303992
-0.0881557
0.416861
2.27067
-1.13241
0.504415
-0.364336
-0.11175
1.63937
-1.89746
0.0108385
-0.0720775
1.33842
0.213037
0.584811
0.431891
0.731344
-5.24377
-0.114741
0.38223
-0.110104
-0.0211602
-6.88211
-4.47805
-0.106222
-0.100491
-5.04096
-0.0981456
-0.495022
-2.52633
0.860944
1.13645
0.986168
-0.0561941
-0.899449
-0.484587
0.894651
-0.0485264
-0.0885121
2.23588
-0.0579919
-0.0406368
0.106251
-2.4261
1.3241
-0.0406213
-0.698716
-2.58589
0.0676881
0.549076
-1.52052
-2.55019
-0.637623
-0.0518288
-0.0569785
1.15077
-3.03673
-7.37391
0.103147
0.268147
0.070546
-0.000782332
-0.110891
-0.00312994
-0.427134
1.05355
-0.0613889
2.77093
1.66189
-0.152907
-0.0880943
-3.15599
1.94111
-0.228271
0.142226
2.72287
-0.0534781
-0.0380114
0.990805
2.38946
0.243765
-1.78722
1.25554
-1.82788
-0.000562769
-0.207139
0.12811
-2.97395
2.19428
0.119453
-0.00958643
0.00236379
-3.46473
0.060268
2.52693
-0.00109908
-0.0656343
-0.103964
1.24288
-0.328044
0.21253
1.14135
0.427512
-0.0951845
-0.234634
-8.62599
0.0945665
0.266905
-0.250489
-0.0797746
2.06974
-0.0409339
-0.117425
1.32062
-0.0230327
-0.0146201
0.0327118
0.293901
1.11088
-0.0436382
0.24712
-0.971632
-0.0471657
-0.356146
-7.25926
-0.149874
0.080558
-0.018648
-0.0323211
-0.508675
-0.0536242
-0.0684599
-0.00920817
0.357525
-0.158473
-0.475762
-2.26856
-0.0805213
-1.25751
0.433464
-0.00306433
0.306252
-0.16247
-2.60511
-0.024216
1.29686
-0.49693
-0.270277
0.0628418
-0.426529
1.42893
-0.0276438
-2.26372
0.225167
2.95134
2.44122
-0.0636886
0.509457
-1.34833
-0.00462294
1.32188
1.25383
0.749984
-0.0207298
-0.023635
0.0456668
1.91148
0.121293
0.489185
0.293239
-6.04353
0.18112
0.0432288
1.36759
1.67014
-0.120421
-10.146
-0.193707
1.3015
1.59159
0.198952
-0.0236293
-0.109
2.40604
-0.00784938
-0.091897
-0.128777
0.0809165
-0.0314943
-0.0364635
1.25468
-0.0112322
-0.01074
0.167835
-1.2118
-0.088022
-0.00284948
1.57453
1.11162
0.869532
-0.184977
-10.929
2.6982
-0.0765893
0.0566882
1.1379
-0.613769
0.352882
1.31224
1.07703
-0.00233463
-5.46294
-2.0249
1.25005
-0.782644
-0.0106181
-0.129943
0.964484
0.604151
-0.0418493
-0.0496639
0.866311
-0.389309
-0.0172671
0.0545579
-0.0024443
-0.602337
-0.505992
1.27766
2.13052
-4.90448
1.90761
-0.253131
-0.645929
-0.0243955
-3.05514
0.101456
-9.1096
0.251424
0.171203
-0.0444314
-0.0691369
0.320703
2.84689
-0.00826525
1.40435
1.23235
-0.296771
-0.0665876
0.484051
-0.298369
-0.620638
-6.42193
-0.0685738
-0.170275
-0.0829456
-0.452974
1.58386
0.477704
0.309187
0.211294
-1.17138
0.0822858
-0.366179
0.259922
0.246292
0.0980812
-1.38752
1.32291
0.856465
-1.3513
-0.449498
-0.0126467
1.07463
1.28663
1.36702
-1.76515
-10.4237
-1.24697
-0.108054
1.25951
-1.20685
1.33369
-0.0339161
-0.0229886
-4.56307
-1.31139
1.28005
-0.562868
1.31934
0.829671
0.147037
0.0721298
-1.23334
-10.3049
-0.583615
-1.3806
1.2
0.186217
1.37463
1.33378
-0.0780642
1.35428
0.109752
-0.00406657
1.01068
1.2465
-1.97334
0.44011
1.17608
1.16709
0.235315
1.15398
0.521098
1.04875
-0.152826
-0.247514
0.0563439
-2.58278
0.879189
0.595592
0.56497
-3.04158
1.40754
-0.000569792
-1.16358
-0.162808
1.29467
0.422231
0.975173
-0.0596965
-2.4476
-0.707513
-0.0493717
-1.48662
1.14407
1.16024
-2.86156
-0.834414
0.21712
-0.245346
-1.10843
1.19821
1.78837
-0.180827
0.261672
0.626846
0.25611
0.172314
-0.0172304
0.6383
-7.56524
-0.0389412
-1.71042
-1.91585
-0.350999
1.50303
0.774138
-0.369228
-0.127476
-0.0992119
1.25739
1.26688
0.627798
-2.28176
1.47967
1.35444
1.28739
0.115197
0.0643571
0.209075
0.183952
0.661999
-5.08072
1.29289
-0.515958
0.239856
1.41399
-0.748062
-6.98525
1.84683
2.15182
0.166227
-0.044568
0.935727
1.18646
0.0761384
0.0777533
-0.170962
-0.207479
-2.01145
-0.716508
-2.13586
-1.45764
-0.290261
1.24758
2.20484
0.121235
1.26349
0.140348
3.17706
-0.491453
1.15403
0.105777
-1.37293
-5.49442
3.10185
0.206599
-0.140839
3.00828
0.639983
-1.73166
0.638302
2.92368
0.365077
2.83164
1.14249
0.0901072
-5.794
2.66113
-0.23699
-0.132763
-1.36774
0.824489
-0.00587676
0.917995
2.41695
-0.00882054
0.229049
1.15715
0.577469
0.751474
1.31347
-0.143118
-7.87532
-1.44498
2.33589
0.160147
-7.26466
0.21252
0.144813
2.2644
-0.248834
0.0929192
-6.66305
2.18672
-1.77529
-6.15236
2.11141
1.30184
-5.66316
-0.900817
-5.13723
1.05941
1.52947
-5.21173
1.99255
1.23786
0.285902
-4.85134
1.09009
1.06415
0.235067
-1.35283
-2.5725
1.38638
1.22616
-10.4638
0.977729
0.653862
-0.591292
-2.32755
1.77438
-1.29527
1.30226
-3.31013
-3.92382
-3.69482
-3.48337
-3.29706
-3.13898
-3.00992
-1.38039
-2.88825
-2.64289
2.24261
1.70582
-0.842797
1.199
0.243579
1.24469
-2.58959
1.65033
0.00041326
-2.54315
1.08276
-2.61036
-2.50191
-0.044087
1.49925
1.27603
1.16074
1.14506
1.28542
-0.713809
-2.4693
1.44169
-2.44701
0.0969982
-3.18052
-2.43702
1.32603
1.37218
-0.1185
1.15371
-0.0119464
1.29904
-2.43657
-1.00415
0.546385
1.30291
-0.781325
-1.32047
1.23367
-5.57687
-0.457073
-1.43765
-2.44763
1.17065
0.627393
0.264117
1.27534
0.389647
-0.1155
-0.0985664
-2.44644
-2.70929
1.09097
0.206166
-0.0886597
1.34432
0.0988377
-4.73202
-1.66174
-2.44372
1.03211
-4.16541
0.820624
-0.196228
-0.0198163
-2.44429
0.956876
1.40685
-2.52863
0.875624
-2.44384
-0.166581
-0.623007
-1.31116
-5.79372
0.813196
-2.41086
0.711141
-2.37719
-9.43207
1.21962
-0.0148205
1.16235
-0.0875415
0.629787
-2.27651
-1.67307
2.36848
1.3519
-2.23641
-8.56548
0.558418
-8.07338
-5.31601
1.4435
-2.07704
1.23674
0.483468
-0.0824881
0.617688
0.24131
1.25319
1.2558
0.170851
-4.29065
-1.92411
-1.31732
0.389304
0.118463
-0.344053
-0.9473
-2.33881
-1.25408
-4.52975
1.11131
0.310897
1.89098
0.480111
2.00932
1.11724
-1.59233
-1.40071
1.03647
-5.07708
1.14143
-0.0805851
0.0253557
1.14957
1.29672
-0.210068
-1.4547
-4.3268
0.141431
-3.75676
0.276611
0.952689
1.72375
1.07759
2.12642
-5.34792
0.905066
0.277477
-1.34588
0.389344
-0.754335
0.0319403
1.46399
1.29289
1.22979
-1.27575
-0.0801664
-0.206153
-0.30284
-0.443565
-0.567625
-0.723593
-1.20393
-0.171914
-0.867339
1.02301
-1.19234
-2.38442
2.3965
-1.24918
0.0389737
-2.21727
1.24743
-1.34762
1.34653
-1.25138
0.297238
-1.28045
-2.86236
-1.31405
1.26372
-0.134946
-2.19899
-1.34134
-2.44861
-8.35188
1.27975
-0.950224
-1.3687
1.24343
1.27779
-0.960654
-5.61976
1.36203
0.326854
-3.00535
0.53054
1.03354
1.86756
-1.30255
0.332496
-7.67992
1.53697
-8.55493
-0.73424
-3.66891
1.18504
1.05801
0.614589
-2.12557
1.06278
1.43872
-0.172877
-2.33314
1.04148
0.158926
0.285623
-0.493219
1.04507
-4.93028
-0.00961591
-0.00248453
1.0745
-0.25177
1.47685
0.429258
-2.76382
0.719946
-1.35719
1.45339
1.27513
1.44564
1.47105
0.228496
0.347386
-2.82562
-0.628498
-2.17757
0.171375
0.402041
1.36975
-1.16958
-1.05732
2.41086
-0.00184696
1.12749
1.14797
-3.22282
-0.0399697
-0.449177
0.144101
1.07047
0.459814
1.19906
1.16774
0.84083
0.445066
1.42566
-1.33047
-0.0237553
-3.08154
-10.1627
0.134329
-3.3285
0.814502
-3.13779
0.953223
-0.175712
-2.44397
0.286085
-0.977995
-3.43903
-10.8171
0.260696
1.33626
-0.672063
-0.897845
-0.0421621
1.02655
0.238582
-6.81527
-0.0175056
0.0716348
0.550042
-4.85128
1.29959
0.707725
1.293
-9.41206
0.291599
-0.00888427
-0.0149368
0.569187
-3.1589
0.680337
-0.0638937
-0.0264686
1.186
1.55035
-0.579939
-2.50826
1.24285
-1.82968
1.36307
-0.0871667
-0.0858151
0.0481616
-2.39043
-0.00693442
-0.169319
-3.51482
-2.44802
1.07585
-0.263066
0.691813
-1.37019
-0.0131319
1.80912
1.46672
-6.32928
0.964362
-8.2154
-1.37807
1.40366
-0.763749
0.583295
-1.6562
-0.186983
-0.792916
-2.98437
-0.835817
0.633003
-0.00637686
-2.24693
1.27646
-3.07639
-2.31944
-0.247787
-1.78239
1.50893
0.164308
1.0727
1.98678
2.06053
-0.0113173
1.99498
1.28229
1.09441
0.45424
1.20148
1.32773
1.25153
-10.3604
0.0166579
1.32241
1.32863
-0.0044599
-0.0347147
-6.72117
2.5772
1.40602
-2.00269
0.996444
1.23894
-0.864789
1.9396
0.826446
1.67276
-0.527956
-5.23792
0.164167
2.01415
-3.46224
1.44097
3.25041
1.02239
0.0919268
0.603325
-0.415896
-0.00105279
1.01609
2.2936
-1.36418
-2.04016
2.09945
0.529445
0.792906
2.49439
-2.55618
-3.01443
0.264135
-0.0273704
-1.3851
0.860574
-0.015218
-2.75687
0.181878
0.483218
-4.80623
0.694109
2.90224
1.84586
-0.707019
-0.621682
1.64929
0.365922
0.341992
-11.0158
2.88587
-1.21159
-0.323966
-2.42536
1.86368
0.724539
1.28008
0.675908
-6.9818
0.372501
-1.19393
-0.726482
-2.06932
0.396231
-0.050843
0.0502448
-5.06944
0.237841
0.61498
1.3189
-0.101737
-2.38658
-1.15376
2.0881
1.30564
-7.84321
0.308817
-1.70559
1.48278
-8.04497
1.7558
2.60275
-5.89804
0.0932295
-4.59163
0.346604
1.25157
-10.5302
1.01505
-4.17948
1.43028
-2.69856
-0.0252494
1.26066
-2.30123
-1.03842
-7.23402
0.671434
1.4388
-5.61887
2.75398
0.759005
0.248685
1.35947
-0.0391205
0.347067
-3.12618
-10.2813
-2.06949
-4.85661
1.76631
0.789925
0.256667
-5.87924
2.1746
-0.95302
-1.02426
-0.0888078
0.12271
0.071903
1.27311
-0.0472657
-0.875441
-1.60519
-2.5414
-1.2141
1.36757
-1.10289
1.18052
-0.00316354
0.24194
0.355752
1.22567
1.10215
0.0276424
-2.08182
-0.0780699
0.354369
1.21062
1.01241
0.312054
-4.81858
-2.77969
-4.54297
1.06993
2.94914
1.37957
-9.05561
-0.791666
-3.59234
1.23043
-1.16171
1.3131
1.50388
-0.815466
0.444465
0.204704
1.26648
-2.55542
0.087738
-6.26425
-2.3983
-4.93829
-6.85401
0.289571
0.792894
-0.101203
0.496054
0.298141
-2.76702
1.45867
-3.58765
1.24681
0.139943
-0.0169877
0.665939
-1.41098
0.0129589
-2.44334
-4.49762
2.02766
-6.52846
0.223194
-12.6327
-2.81811
-0.096225
1.23419
-0.487908
2.70058
2.17832
-2.28972
1.74352
0.295401
1.24351
2.62439
-0.339513
-0.0428354
1.41
0.0577225
0.265099
-2.33415
-10.3093
-1.63093
-0.499765
-2.00365
-1.45897
0.910077
-10.0864
0.691152
0.0335547
1.28932
-0.936041
1.1358
-1.82163
-0.721582
0.116
1.1723
1.27639
-0.254016
0.924418
-0.359847
3.14137
0.0319177
-1.3676
3.05641
1.42782
1.92225
2.04226
2.97101
1.90291
0.869913
-0.369898
2.87973
1.08341
0.160682
-7.2365
1.31832
-2.07491
1.21693
1.28195
-1.36883
1.77558
1.07852
-2.75379
0.317437
-1.66973
1.51711
1.33505
-0.435104
-0.393237
-2.44894
-1.62705
0.938745
-2.889
0.434345
-0.0997879
2.87859
1.71941
0.20772
1.14217
-2.32956
-2.53646
0.922508
-1.41793
2.3762
0.499581
-1.95822
0.535133
-2.54644
1.44216
-0.104771
-0.00859449
-0.547783
2.36386
-7.53946
-0.600835
-5.2391
0.00315361
2.30127
-0.534149
-9.82938
-2.06174
0.939228
-2.70848
1.75521
0.219848
0.136272
-3.06266
-0.042087
0.251809
-6.93589
2.22554
-0.357594
0.607597
1.21152
-0.474383
-1.27656
-2.43562
0.738068
-6.39454
0.641201
2.38724
2.15051
1.20543
-2.83762
2.05238
1.61849
0.195102
1.13073
-5.88619
0.589891
1.34697
0.433729
0.464014
1.45061
1.1631
-0.585425
-1.5929
0.513403
-5.42396
1.39374
-1.79192
-0.400796
-2.49659
1.13642
-0.774905
0.24358
-0.0479477
0.872144
-8.73621
-5.0094
-1.26122
1.6938
-1.99265
-2.73443
-0.144725
0.537712
0.0416037
-1.60287
0.315126
-5.01667
0.139824
0.85475
-0.00492948
0.0300337
-1.21094
-2.47337
-0.106523
0.927061
-2.18337
0.353599
0.0887577
-2.56451
1.2576
-0.0123461
-0.995563
0.392289
-0.559828
0.269416
0.765279
1.27042
1.74298
0.943522
1.61807
-5.87063
-3.81203
-0.135848
-3.58869
-3.39132
-3.22052
1.11004
-3.07273
-2.94394
0.709687
0.232571
-2.61475
0.381984
-0.106663
-0.306696
1.67797
1.42234
2.77849
-2.56546
-5.58545
-1.36828
2.98904
-0.304503
0.137638
-9.98105
1.28185
-2.52183
-0.0351036
-9.94024
-1.17922
-2.49325
-2.48392
1.22196
-0.468468
0.409844
-1.52843
0.184253
0.272528
1.47428
0.774043
2.25696
0.229845
-2.45546
1.23196
0.997556
0.19051
0.386725
-0.194392
-0.634958
-1.11551
1.40715
0.144036
-2.67585
1.41134
1.42487
-2.93496
-0.10048
-2.43752
0.278612
0.24231
-1.18108
0.00678267
1.33782
0.397336
0.939974
0.878101
-2.43915
-1.47107
1.93484
-7.27461
1.63253
-0.952167
1.29521
0.0469444
0.847782
1.26809
-6.65793
0.257346
0.548044
-0.876857
1.24895
1.35008
0.425149
1.20263
-2.09147
-2.37492
0.827818
1.53636
-0.0908665
1.04365
-0.179971
1.34822
0.182605
-0.104332
0.297689
-2.44938
1.13013
1.25404
1.24943
-0.173528
-4.99792
-1.33315
-7.19774
-0.416527
2.14728
-2.59962
1.23688
-2.45125
1.06628
-1.31248
-5.44928
-0.028826
0.902159
1.19413
0.806195
-0.362061
2.72123
0.667745
-2.44898
0.995109
1.25997
1.34657
-0.0580674
-6.43272
-9.12651
-0.446327
0.600192
0.441084
0.917427
-2.44833
-4.56462
1.29162
-2.11288
-0.96273
1.27211
1.20798
0.202723
0.00420654
-4.38789
0.204917
0.846569
-2.44109
-0.648988
0.942027
1.25443
-4.95243
0.763268
-2.39582
0.99972
-0.0936047
-3.01443
0.586123
1.49974
-1.27849
0.850793
-2.37063
0.670255
-2.33539
-0.396074
0.115464
1.56466
-0.551792
1.27116
0.108818
-1.31189
0.131684
-2.25671
0.594771
1.19826
1.71459
-3.09003
1.79287
-1.79419
1.30512
-0.316007
-2.1643
-9.76308
0.522096
-0.376909
1.09044
1.27821
-2.00016
1.25179
0.434712
0.741983
1.2218
-1.53356
-1.08948
2.11
-2.03167
-0.963439
-1.27665
0.348722
-1.66024
1.113
0.622988
1.21874
0.0501887
-0.0668569
-1.36208
1.01205
-10.4125
-1.68369
1.16515
2.12723
-2.34437
1.09113
2.45649
0.228251
0.14918
-1.52175
1.52321
-10.321
0.20496
-0.0613071
-1.44269
1.92142
-0.612004
-1.39216
0.0890842
0.103329
0.0470254
-0.674651
-1.31886
-1.81285
1.28196
-1.29211
1.27239
0.108793
-0.431346
-0.759472
-1.29895
-8.22698
1.24986
-4.6333
-0.0232155
0.890099
-2.37545
-1.30187
1.97365
0.191073
0.0327906
0.0973796
-0.141488
0.0550862
-0.25199
-5.94753
-0.369489
-0.503607
-2.46283
1.13324
-1.25022
0.088214
-0.644888
1.39735
-0.798032
-1.12073
-0.0558353
1.41255
1.48739
-10.2087
1.194
1.24102
-1.2374
1.04169
0.516252
0.0157771
-1.26385
2.77237
1.85015
-4.46557
1.31778
0.577725
-0.0330564
-1.29769
0.125578
-1.49799
1.93073
-8.73412
-1.32851
1.72621
-7.15324
-0.288765
-0.0961835
1.26452
0.0704503
1.51717
-1.70368
0.14657
2.08417
2.29832
1.23784
0.124089
-5.0897
3.20672
-2.02623
1.59798
1.27092
-0.223648
0.108764
-0.0198394
-0.154412
1.99919
-4.73473
-1.89766
0.993588
-3.08305
-5.4227
-2.33645
1.70751
-1.58657
-2.43406
-4.04608
-1.47835
0.221204
-0.180723
-0.704326
-0.0781229
-0.953968
-1.06444
-0.115261
2.08571
1.16549
1.53165
1.22405
-0.456319
-0.907236
2.01844
-6.28895
0.652549
-0.115628
0.408043
-2.6815
0.278089
2.06626
-2.0976
-7.05002
0.573179
1.14056
1.15758
-2.4494
-2.66818
1.31903
1.11938
2.48659
0.818472
1.20199
0.9636
0.889763
0.119894
1.38062
-5.42536
-0.009943
-1.32574
-1.17481
-7.29779
-1.87871
-4.28573
0.52564
0.227962
-1.79499
-1.35516
-1.23139
0.0120175
-9.97567
0.29609
-2.27641
1.3045
2.28037
-3.43883
-0.033233
-0.554525
-3.22574
-7.83167
-8.82081
0.237451
1.27433
-2.51576
-10.1304
-2.6084
-6.55165
1.37854
-5.16118
-2.48538
-6.66387
-9.16891
-0.260991
-4.25954
-0.945588
-1.00613
2.22116
-0.701208
-3.07109
1.26534
-1.06214
-2.05731
-1.01533
-1.19013
-2.79907
-1.3739
-3.55346
-0.0849185
0.416243
1.1081
-3.88967
-0.479987
-3.19992
-2.31165
-0.247406
-4.80612
-1.54894
-2.3243
2.13217
-0.147453
1.98365
3.10516
2.20664
2.44582
-3.90558
1.5385
-0.325933
0.262215
-0.943196
-1.15636
-0.266187
-2.8661
0.0175895
0.0105175
1.09454
-5.64393
1.1632
-0.230052
-2.84099
0.917806
-3.69141
1.48424
-1.17196
-1.36201
0.297622
-1.76304
-8.61596
-1.36738
2.00127
-5.31631
-1.26636
-6.90233
-7.23584
0.365542
-0.103713
-1.0681
-4.76236
0.0877008
0.131857
-2.67341
0.347465
-2.1187
-7.46081
-11.0691
-10.1973
-1.27348
-2.38193
-2.75252
-9.39547
-2.48104
0.567421
-0.48239
0.309742
0.134199
-0.514774
-0.564934
-7.54474
-6.9925
0.217041
2.72942
-0.749589
0.498738
-0.876397
-3.74183
-1.07112
0.318981
-6.77591
-1.30776
1.18747
-4.63539
-2.54849
0.999626
-1.56854
-0.0445807
1.31217
1.31755
0.232824
0.0663477
-10.6839
-3.37537
-8.18718
0.97238
1.99552
-2.514
-5.82769
0.179327
-10.2104
-2.74868
-0.198188
-0.037876
1.32282
1.6263
-2.12251
1.4598
-8.49127
-10.0555
-0.165013
-6.50496
0.34365
0.223166
2.46526
-1.28156
-1.36531
3.04813
-2.26769
-1.56405
-3.70145
-0.691346
-0.0526958
0.0298991
-2.69872
0.504364
-0.787745
2.00678
-0.114326
1.81159
-0.165914
-1.41751
-1.49746
-1.32109
-3.56416
-0.285953
-2.78171
-3.12387
-0.0109092
1.07268
-0.0546065
-3.41385
1.18334
2.78971
-1.36764
-2.4302
-1.84182
-1.92101
2.70035
-1.666
0.244618
-0.144279
-4.92347
-0.61994
-1.32715
-0.158568
0.0101294
-0.16859
0.787867
-0.706379
-1.53294
1.98501
-2.70088
-0.832577
2.05369
1.55733
1.37325
-0.835221
0.837796
-1.30604
-3.93038
0.505581
1.28004
1.66152
-1.34489
-0.156212
-0.0549088
0.466153
-2.10634
-1.79348
-0.00303071
-7.79522
-1.36613
0.199818
-2.44259
-0.113834
0.064906
-5.37074
2.20192
1.05189
1.47382
-0.900416
-0.825809
0.270935
-0.306505
-3.96543
0.918797
-0.0166828
-0.557525
-0.0345405
1.5816
-1.66732
1.55328
-0.0986879
1.16503
-10.1746
1.53519
-1.09118
-0.976263
-1.54726
-6.39786
0.244706
-1.12813
0.205777
0.151011
-1.34296
0.766914
-0.439076
2.02837
-7.08999
-1.00771
-1.18563
0.127656
1.25613
0.587555
-2.32598
1.06417
1.84186
-4.87568
-6.31346
0.0283886
0.490529
-1.91205
-3.02308
1.59199
-3.93288
0.238536
0.285783
2.7313
1.16747
1.50367
1.9964
-4.15007
-0.0140075
-5.06627
2.12578
2.72929
-2.81293
0.160556
-0.26377
-10.8708
-2.24381
-1.38986
2.05746
-0.708676
0.245116
0.565063
-1.31109
1.33832
0.176942
0.0241301
-4.84187
1.2688
1.5864
0.203571
0.238151
0.370421
1.44267
-0.273567
-1.36616
-3.55135
-0.701515
-1.35317
1.23297
-2.69877
-0.471235
-5.4384
-1.57757
1.28668
-5.79631
-5.08572
-0.179537
-0.513646
1.931
-3.14551
-0.692907
0.601874
-0.652037
0.484309
2.73787
0.0471797
-0.88306
-2.73592
-3.77396
1.11185
-0.239318
0.485099
2.60716
-2.87319
1.71963
-2.46831
-1.44572
-0.980492
-1.23618
-10.4792
-0.0953618
-0.688936
1.17499
-0.904278
-3.96648
-1.31726
-0.226189
-2.53406
-6.89032
-1.79731
0.0539924
1.3863
1.5893
-6.72204
0.132849
1.02643
0.879488
-0.0662381
-2.41257
1.53114
-2.5155
1.13991
1.34376
0.411578
-2.90617
0.952477
0.260324
-1.00915
-10.601
-4.75253
0.332263
2.0542
1.68093
0.939904
1.76681
-2.58722
-2.2919
0.173339
0.146749
-2.4906
2.81778
0.386463
0.143569
1.25722
-1.03474
-1.44047
-2.45885
1.0703
-1.41614
1.20778
-1.11068
1.38296
1.28761
-6.98414
1.85181
-6.95951
-0.507735
-2.50135
-0.101966
-2.42636
-3.48732
-0.747985
-4.67959
-0.0899408
-3.34693
-2.21095
-1.00477
0.224951
-2.68946
-0.0201761
0.507002
2.19399
-7.07007
-0.396867
-2.74856
0.25573
2.10876
-0.913466
-2.37135
-10.528
-2.68013
-0.622346
-8.24872
-0.0558373
0.247329
-0.550973
-0.102204
0.190378
2.95684
2.74496
-0.798168
0.494138
-1.32492
2.29872
1.47138
2.15684
1.78762
-4.22969
2.73325
0.0401053
-6.80717
1.02843
-7.0025
1.11712
-0.30245
-1.29604
-0.540113
0.533764
-10.5336
-0.448689
1.2628
-0.371647
1.21383
-1.61959
0.786774
0.224533
-1.17554
-10.2878
2.06254
-0.207155
0.987589
-2.60277
-6.64579
-0.00974308
0.018883
-5.86824
0.652829
1.29684
1.04733
-1.64741
1.2832
0.147103
-0.715518
0.0417945
1.22462
-2.63094
0.927084
2.05488
-0.0749326
-7.05388
-0.888745
-2.64436
0.338391
-1.24687
-10.0452
0.13089
0.222401
2.02193
2.53273
-3.86637
-3.68846
-0.424846
-0.55086
-0.699965
1.37987
-1.09598
-1.39566
0.060244
-2.60199
-1.2421
-9.30386
0.276614
-2.56764
-1.28774
1.56103
0.125372
-9.82254
-4.52701
1.92288
0.101805
-0.363191
-0.396922
1.5182
-2.82694
0.202347
-9.18458
1.5364
0.619732
1.30932
-6.84164
0.0679193
2.2398
-0.851803
-0.366173
-0.511078
-2.65786
-10.1248
0.965693
0.136621
0.237116
-10.534
0.36792
0.412409
-8.05682
-0.255167
0.169857
1.28997
2.2973
-0.383738
-0.11591
-2.16806
-0.0530023
-1.08442
0.341264
1.0681
-2.56634
-9.55944
1.10051
1.24875
-2.52119
1.36035
0.273662
1.85638
1.46362
-8.32447
-3.05281
0.135515
1.47931
-1.94263
-1.51609
0.745127
-2.67037
0.213983
-3.35488
-0.000557498
-1.07341
0.490502
-9.43192
0.924992
-3.47366
-2.26766
-10.4972
1.88888
1.46596
1.5553
-1.56371
1.74617
1.28991
0.164968
-0.192366
-0.450932
-0.273206
-10.029
-5.89477
-1.1133
0.058856
-2.03704
-0.340724
-0.0268574
-3.7929
2.60948
0.465205
1.33814
1.54856
-0.179084
-1.34131
-4.24526
2.53748
-0.357263
-0.628441
0.997799
0.00410462
1.38147
1.06359
0.808705
1.51883
-0.672858
1.86426
1.73946
-0.270388
1.28798
-0.509252
0.550454
0.115446
-2.50413
0.529863
2.25762
-0.774557
0.069677
-2.63998
1.94738
-7.60329
-1.35766
-1.48253
-0.271651
-0.00205675
2.65368
-2.05241
-0.00270446
0.919509
0.653041
-1.06602
-8.46683
0.806033
1.24739
1.10363
-0.189223
2.51569
-0.0781674
2.3642
2.25625
-1.00539
0.564797
-0.601746
0.157141
-10.3791
1.30467
-3.4491
1.30564
-1.41071
0.816311
-1.22736
0.285585
1.71016
-6.29304
-0.0790236
-4.32725
-5.72305
-3.02006
-2.45209
-0.925364
-0.328645
-0.107672
1.47744
-7.81569
1.88905
-0.254136
-2.65574
-1.94295
-3.66022
-0.879593
-3.28771
-10.7907
-0.053542
-6.18379
1.79493
-1.32051
1.58345
-1.08592
-1.84256
-9.71319
-0.0786177
1.00966
0.544221
1.95664
-2.13496
-4.26451
0.0299286
-1.71721
1.29637
-8.65591
1.17668
-0.00269608
-1.33812
0.274315
-6.28896
0.299049
0.0558395
-1.89279
1.30075
2.67668
-0.745803
-0.839913
0.915501
0.964254
1.87386
2.86315
-0.304615
-2.1534
1.22458
-0.719972
-3.3997
-1.37589
1.78267
-1.50276
1.21437
-3.19064
-1.21569
-0.0726927
-8.81025
-0.012379
0.253404
-1.78359
2.56167
-0.0130767
1.25442
1.09827
-1.71422
0.24387
-2.16019
1.28044
-1.30327
-0.737131
0.226118
-6.21001
0.55545
-2.01974
2.71683
-7.79372
1.40616
-8.58306
2.37244
1.4082
1.2802
-2.58398
-2.61217
-0.330714
-1.73136
-0.601411
1.20827
1.21017
1.27668
-1.77694
2.41669
1.03189
1.22823
-9.1041
-1.33144
-3.42476
-2.82158
0.896113
-8.1292
-9.99481
-6.38329
-0.139637
1.63133
1.13616
-1.3409
0.963351
-0.329088
-5.39802
0.242682
-0.0119565
1.36944
-2.61707
-0.00245131
-7.31946
-0.210615
-2.53249
-6.63948
-2.42225
-1.51542
-0.47682
0.751957
-0.209576
1.08419
-10.2819
0.955494
-0.0556537
-4.04921
0.81077
0.258607
-1.28757
2.50856
1.24238
1.22318
0.132531
1.21281
-2.66316
-2.45805
-1.05947
-0.0915694
-7.31846
-0.483612
1.47297
-0.248752
0.879829
1.99252
-6.4528
-1.9647
-0.81043
-1.82737
-3.25147
1.16068
-1.35125
1.54342
1.22718
1.12336
-7.43711
-3.24443
-0.961931
-1.9228
1.43599
-8.64805
1.27027
0.00367898
-5.49226
0.459669
-1.13332
2.18229
-0.605742
0.166877
-0.343533
-0.0248121
-10.4177
1.38521
-2.30457
1.61074
1.22202
2.81746
1.27788
-0.924031
-2.4294
-3.28338
-0.0904501
1.65609
-1.0937
0.0355867
-0.293944
-1.84515
1.62458
0.853847
-2.43489
-0.00958221
1.40238
2.33599
0.089172
-0.0433677
1.52218
0.875915
1.25848
1.37121
-1.15188
-2.56219
1.29185
-2.4661
-2.04804
-0.174771
-2.42164
1.46396
1.24614
0.740224
-1.36642
1.18146
-2.4306
-0.794182
-0.195257
1.04968
1.26288
1.44025
-0.0771742
-0.111338
-2.54129
2.53637
3.18198
1.29184
0.74369
0.00290258
-2.74898
2.8133
0.261857
-5.37992
-0.188597
0.000621763
-2.45067
-6.08388
-2.76954
0.316976
-0.0259048
-10.5171
1.27157
1.00755
-2.65526
-8.23372
-2.68759
1.18871
-0.368867
1.48952
-0.373889
-0.0567261
0.530607
-0.450737
-1.29841
-0.583808
1.21926
0.601685
0.00145478
1.61754
1.33848
0.446408
-0.506445
-0.982122
-2.0187
0.342485
-0.800237
-8.99266
-0.0163785
-6.14343
1.27022
-2.6428
-0.969668
1.32305
0.898882
-5.73943
1.38461
3.17616
-1.31515
1.11691
-0.728875
-2.40416
2.16874
-0.16892
-0.434651
-1.29304
-0.0961245
-8.19596
0.248699
-0.726237
1.25098
-1.00936
-0.491055
-0.378962
-2.36756
1.68855
1.03743
-1.36667
1.25872
0.127769
2.08382
3.13934
0.00217712
-0.0859283
-7.5906
-0.646138
-0.145229
0.113781
1.87785
1.45018
-1.2767
-0.0828459
0.40009
-4.68483
-0.0819749
0.934066
-3.24065
-1.04268
3.23279
-3.35076
-0.850528
1.55726
0.20302
1.41185
-10.6536
-1.17758
-1.31204
0.999569
-0.435375
0.0272944
-1.05228
-1.35872
-8.88938
-3.1309
0.679072
-0.617148
0.430822
-0.267862
0.318414
-5.38776
0.499753
-2.63229
0.854384
1.30687
1.92177
-2.4443
-1.32888
1.7624
-0.116656
-2.46509
0.108436
-0.894504
-0.325613
2.03336
-2.47279
-9.72214
-0.725042
-2.56378
-0.367141
-3.05725
-0.570166
2.07808
-0.583426
-10.6383
0.238531
-0.752231
1.27145
-1.72968
-0.0917516
-0.063744
2.33482
-9.25019
0.226701
-0.800467
-5.13474
0.261961
-6.0706
0.384477
1.30157
-0.249913
-2.49591
-8.20977
-5.53838
-0.520673
-0.648282
-0.654917
-1.19533
1.0208
0.808668
-7.26018
-0.313381
1.93209
2.66565
0.414134
1.28346
2.73927
0.0797085
-10.3237
-3.43961
-5.77486
-7.7671
0.0154586
-0.6257
-7.64641
1.12085
-10.236
-0.912696
-2.06872
0.671722
-1.05578
0.821177
-9.21129
-2.32724
-1.81556
2.15028
1.2019
-1.3032
-0.509508
-6.09251
-10.8702
1.2949
-0.14367
-2.2362
0.163909
-3.46642
-4.78667
0.68797
-6.54537
-3.07153
0.0660154
-0.193358
1.01023
2.80121
1.14676
0.939692
-2.53811
0.435542
-6.40439
-5.64232
-0.712149
-2.26644
-1.90571
0.94533
0.388196
-0.879106
1.63245
-2.44219
1.00836
0.993072
0.494418
0.602876
1.29343
1.30609
-10.2168
1.01279
-9.56921
-1.98301
-0.711624
2.12201
-4.81591
0.0758463
-0.784213
-1.90224
2.00285
-0.914553
2.6886
-2.5865
-1.15569
0.76057
-0.764093
0.602573
-0.884164
-0.587367
-1.10943
0.464989
1.2774
2.13215
0.504939
1.28559
)
;

boundaryField
{
    SideWalls
    {
        type            empty;
    }
    Top
    {
        type            zeroGradient;
    }
    Inlet
    {
        type            zeroGradient;
    }
    Bottom
    {
        type            zeroGradient;
    }
    Outlet
    {
        type            fixedValue;
        value           uniform 0;
    }
    Plate
    {
        type            zeroGradient;
    }
}


// ************************************************************************* //
