/*--------------------------------*- C++ -*----------------------------------*\
| =========                 |                                                 |
| \\      /  F ield         | OpenFOAM: The Open Source CFD Toolbox           |
|  \\    /   O peration     | Version:  2306                                  |
|   \\  /    A nd           | Website:  www.openfoam.com                      |
|    \\/     M anipulation  |                                                 |
\*---------------------------------------------------------------------------*/
FoamFile
{
    version     2.0;
    format      ascii;
    arch        "LSB;label=32;scalar=64";
    class       surfaceScalarField;
    location    "9.5";
    object      phi;
}
// * * * * * * * * * * * * * * * * * * * * * * * * * * * * * * * * * * * * * //

dimensions      [0 3 -1 0 0 0 0];

oriented        oriented;

internalField   nonuniform List<scalar> 
7520
(
-0.886782
0.705111
0.181671
-1.29213
-0.204957
1.49709
-0.106851
-1.7957
1.90255
0.269804
-0.0380535
-0.23175
-0.046413
2.71684
-2.67043
-0.11003
0.118782
-0.00875262
-0.310362
2.07552
-1.76516
-0.0867916
-2.29894
2.38574
-1.51911
1.41226
0.576175
-0.0158031
-0.560372
0.498675
0.165874
-0.664548
-0.228362
-1.4436
1.67197
0.415479
0.210829
-0.626308
-0.121942
0.16742
-0.0454774
-2.53491
1.04306
1.49185
0.0648283
1.43429
-1.49911
0.154504
-0.0603422
-0.0941617
0.108047
-0.462472
0.354425
0.0284594
0.0201379
-0.0485973
0.0279937
0.12651
-0.449899
-0.202455
0.652354
-0.973757
1.03859
-0.079
-0.365834
0.444834
0.191055
-0.164898
-0.0261565
0.0111456
0.0212632
-0.0324088
0.288368
-0.282132
-0.00623599
0.906776
1.09509
-2.00187
-0.057759
0.379724
-0.321965
-0.00507422
0.0335337
0.309824
-0.0641827
-0.245641
-0.969274
1.61422
-0.644945
-0.0598264
-0.0238185
0.0836449
-1.86875
2.07124
-0.20249
0.854031
-0.868352
0.0143218
-0.315347
-1.17715
1.4925
-0.255122
0.879316
-0.624194
0.26631
-0.595868
0.329558
0.845581
-1.63967
0.794089
0.0982787
-0.361157
0.262878
-0.0678926
-0.140611
0.208504
-0.0305064
0.30031
0.045159
-0.580863
0.535704
0.328254
-0.0398866
1.83748
-1.49895
-0.338534
-0.515914
-0.571602
1.08752
-1.4806
1.58418
-0.103585
-0.129665
-0.0389953
0.168661
0.316814
-0.0978663
-0.218948
-1.26342
0.294146
0.313818
-0.0868737
-0.226945
1.73734
0.162746
-1.90009
-0.699814
0.195392
0.504422
-0.018577
0.0202602
-0.00168321
1.1131
0.504195
-1.6173
0.0170709
-0.127101
-0.776931
0.0778303
0.699101
0.319812
-1.24619
0.926378
-0.0526015
-0.137469
0.190071
-0.145378
0.0855515
-2.40242
1.2689
1.13352
1.59042
-0.579351
-1.01107
-0.0134225
0.011954
0.00146856
-1.23032
0.914969
0.742971
-0.327492
0.0161272
-0.0347042
0.0052288
-0.127171
1.24054
-2.68656
1.44602
0.148601
1.58874
-1.34669
0.998691
0.347999
0.362145
-0.267773
-0.094372
-0.560312
0.880124
-0.656364
-0.250857
0.907221
0.398675
-0.0996382
-0.299036
-0.245689
0.563027
-0.317338
1.20007
-1.75658
0.556505
0.15547
-0.135687
-0.0197832
1.97788
-0.549552
-1.42833
0.478898
-0.800028
0.32113
1.3353
-0.926507
-0.408789
-0.898282
0.12135
-1.67374
-0.728684
0.474308
-0.621382
0.147074
0.265722
-0.6934
0.427678
0.133933
0.720098
-0.452964
0.561011
0.333055
-0.0232317
0.0445296
-0.0409558
-0.00357385
1.28159
0.696295
-1.96116
2.50378
-0.542618
0.644144
0.94628
-1.07185
1.10851
-0.0366522
-0.0305035
-0.0676417
0.0981451
1.37144
-1.5998
0.275765
0.223601
-0.125323
-0.280747
0.353386
-0.0726383
0.00718441
0.107787
-0.114972
-0.574892
0.363006
0.211886
1.58502
-0.38495
-0.833097
0.667719
0.165379
0.935973
-0.645528
-0.290446
-0.107535
0.135105
-0.0275701
0.559694
-0.0656054
-0.494089
2.66149
-1.7927
-0.868788
0.556728
-0.392201
-0.494582
-1.35286
0.792548
-1.88574
1.57537
0.20098
-0.092023
-0.108957
0.579431
-0.0807562
-0.194597
0.193102
0.00149465
-0.0762631
0.0878648
-0.0116017
2.05078
-1.2052
-0.165263
0.044104
0.121159
-0.754558
0.304658
0.0431858
0.011407
-0.0545928
0.658016
-0.183708
-0.675526
0.425338
0.250188
0.72461
-1.70604
0.981426
0.0740975
0.116957
-0.119091
-0.580722
-0.268623
0.034075
0.234548
0.773934
-0.197759
0.611505
-0.576504
-0.0350011
0.0455351
-0.0915828
0.0460477
0.0400168
-0.0444566
0.00443984
0.718456
-1.93495
1.2165
0.431291
-0.510291
-0.360489
-0.0888438
0.449333
-0.0749618
-0.0903013
-0.314171
-0.0885191
0.40269
0.172054
0.0374645
-0.209519
-0.0733671
0.245421
-0.520867
-0.154659
-0.220495
0.0140767
0.206418
-1.89045
2.67201
-0.781564
0.286804
-0.309238
0.0224338
-1.10563
-0.247225
-0.0406993
-0.0626492
0.103349
1.4694
-0.356299
-0.617664
0.459047
0.158616
-0.224667
0.542599
-0.317932
0.345954
-0.0848838
-0.26107
0.254167
-2.04987
0.289091
-1.76969
-2.39259
1.16128
1.2313
-0.864354
-0.482337
-2.31107
2.18349
0.127573
2.21618
0.109674
-2.32586
0.228056
-0.295949
1.01874
-0.651801
-0.366942
-0.266428
-0.0656083
0.332036
0.188051
-2.49912
-1.8726
0.0038497
0.0407802
0.00374942
0.0782134
-0.154891
0.0766779
0.320391
-0.372992
0.615219
0.320754
-0.179963
0.149457
-0.00999889
0.000252125
0.00974676
0.837607
-0.430751
-0.406857
-0.517678
-2.01724
-0.112922
-0.153507
0.0439273
-0.628334
0.584407
0.132773
0.1806
-0.313373
-1.40943
0.802576
0.606852
1.18832
-1.23473
-0.226513
0.606529
-0.380016
-0.0117728
0.0229183
0.588281
-0.27737
-0.310911
0.329413
-0.61016
0.268669
-0.355543
0.878372
0.246934
-1.12531
0.335063
-0.392822
-0.325971
-1.37792
1.7039
1.28219
0.662251
0.768878
-0.503156
-1.21506
0.959935
-0.737601
0.986313
-0.248712
-0.03145
-0.0186234
0.0500734
0.224532
-0.259969
0.0354367
-0.0983777
0.756394
-0.298589
-0.1848
0.483388
0.230319
-0.097546
-0.913366
0.957293
0.543219
-0.974292
0.431073
-0.485251
-0.0896416
0.746335
-0.480024
0.168753
-0.0132827
-0.00362539
0.0274182
-0.0237928
0.07163
-0.147893
-0.638084
0.139309
0.498775
0.140354
0.258321
-1.25947
-0.497105
-0.758994
-0.650434
-0.00998884
0.106464
-0.0964751
0.474005
0.0517669
-0.525772
-1.70194
-0.188505
-1.23378
2.28349
-1.04971
0.405389
0.182892
-0.151443
0.21781
-0.0663663
-0.743264
0.624172
0.542536
-1.05845
1.72208
-0.0534891
-1.66859
-1.47603
1.94205
-0.466019
-0.0321413
0.110355
0.346225
1.53494
-1.88116
0.03982
-0.197031
0.157211
-0.172508
1.84966
-1.67715
-0.00382503
0.155539
-0.151714
-0.959442
1.31556
-0.356116
-0.0454606
-0.697803
-0.253029
-0.385055
0.292049
-0.251834
-2.10401
2.35585
0.0332714
-0.0131335
-1.96891
0.70944
-0.54792
-0.00117678
0.549097
0.0996539
-0.0541188
0.148536
1.57097
-1.71951
-0.422627
-0.662383
1.08501
-0.566214
0.453621
0.112594
3.06196
-1.9747
-1.08727
0.555872
-0.9785
0.119773
-0.117179
-0.00259321
0.0788737
0.793839
-0.872712
0.08049
-0.0816429
0.00115287
0.867613
0.780976
-1.64859
-0.313339
-0.519758
-0.1348
0.317464
-0.182665
-0.926942
0.648344
0.278597
-0.103423
0.0524023
0.0510204
0.800565
-0.32656
0.995921
-1.81803
0.822114
-2.64571
1.13641
1.5093
-1.10017
-1.54554
-0.339118
0.377482
-0.0383641
0.0185855
0.0404965
-0.059082
1.13098
-1.68437
0.553388
0.00275275
1.13192
-1.13467
-0.170499
-0.450883
1.06869
-0.19032
1.34228
1.2676
-2.60988
-0.225968
0.116239
0.109729
-0.0326248
-0.894317
1.82713
-0.389487
-1.43765
0.162693
-0.122873
0.0315107
0.261175
-0.321517
0.978099
0.849033
0.198351
0.601505
-0.799855
0.420177
-0.040453
-0.053027
-0.0352349
0.0882619
0.113539
-0.077223
-0.0363156
-1.87135
0.907567
0.963779
0.100526
-0.0819404
0.578515
-0.79901
0.323931
-0.231083
-0.0928481
0.157409
0.159405
-1.5987
1.55693
0.0417738
1.07604
-0.532825
0.0168972
-0.0479008
0.0310036
0.00353953
0.0337937
-0.0373333
0.153197
-0.252835
1.84741
-0.606869
-0.0284982
0.152913
-0.124414
0.00052269
-0.0105216
0.83369
-0.667816
0.466072
-0.112687
-0.718964
0.721717
0.049765
-0.0533904
2.07552
0.00413219
-0.0112644
0.00713219
0.172194
0.293879
-0.24124
0.158087
0.083153
-0.104347
0.664041
0.589292
-0.544133
0.783915
0.234827
0.556845
-0.408938
-0.147907
0.306391
-1.26583
-0.0407483
-0.273423
-2.27126
2.01943
0.0816679
0.0381046
-2.35806
0.257674
-0.48234
0.264465
-0.103529
-0.160937
-0.64416
-1.22719
1.31193
1.34956
1.56549
-0.762914
-1.4436
0.0721244
0.53938
0.269762
-0.218705
-0.0510569
0.183171
-0.2937
0.110529
-1.17646
0.604855
-0.271232
-0.268113
0.539345
0.339649
-0.355452
-0.0976027
-1.97817
2.07577
0.855225
0.262331
-1.53713
1.2748
0.975773
1.09546
-1.08066
1.53263
-1.18641
-0.0575232
0.434024
-0.376501
-0.833378
0.771693
0.0616853
-0.060003
0.0315048
-0.108734
0.377724
-0.268991
-0.21677
-0.206581
0.423352
-0.537461
1.81966
-0.328618
-0.394801
0.723419
-0.326018
0.196353
0.153356
-1.22521
-0.142929
0.0899017
0.0112471
-2.04628
1.03141
1.01487
0.496889
-0.28606
0.00933024
-0.0367639
0.323568
1.32935
1.73261
1.64942
-0.467646
-1.18178
0.147864
-0.0516158
-0.0962479
0.499215
0.836081
0.171739
0.098023
0.389323
-2.08684
1.69751
-0.0580171
0.032724
0.0252931
0.988921
0.596101
-0.25386
-0.107297
0.690505
-0.492154
-0.54001
1.44679
0.189063
0.0119171
1.54552
-0.820911
0.173072
-0.165888
1.82712
-0.177699
0.121994
0.47804
0.0788046
0.0250312
0.337114
-1.72299
-0.887109
0.856876
0.030233
0.00747021
-0.143157
1.8645
0.0133084
-1.87781
-0.79283
0.464212
0.27435
0.0716043
-0.349937
0.0821638
0.0129233
-0.939431
1.54068
-1.6074
0.0667267
0.000869856
-0.222665
0.221796
-0.594507
1.58343
-0.87524
1.5937
0.0182506
-0.0173808
0.669739
-0.244401
1.90373
-0.532291
-0.009941
0.219991
-0.21005
-0.139004
-0.0331403
0.172144
0.145086
0.00277808
-0.192192
-0.77738
0.0304222
-0.183948
0.153526
1.44314
1.22887
-1.47136
1.14539
0.152898
-0.513387
-1.39706
0.740697
-1.11412
1.35314
-0.239024
0.524268
-1.65656
1.48405
1.79892
-0.517338
1.31516
0.52232
-0.0838307
0.222678
1.318
-1.32729
0.32434
1.00295
0.323512
-0.387695
0.0526306
0.0478953
-0.251672
0.178305
-0.239407
-1.25954
0.330389
-1.14516
0.814774
-1.57491
1.13997
0.434937
0.487559
-0.738415
-0.066949
0.0535264
0.106801
-0.478967
0.344572
0.134395
-0.657888
0.431376
1.21134
0.587586
-1.47603
-0.0136052
0.0536219
1.67254
-1.4476
-0.224942
-0.36181
1.89675
-1.63362
2.35844
-0.724816
-0.625135
0.919411
-0.294276
0.0551588
-1.28547
0.0742632
-0.0337667
-0.306574
0.478445
-0.171871
0.373349
-0.438954
1.35742
0.523717
-1.00177
0.478054
-0.0428693
-1.54381
1.58668
-0.0636928
-0.130904
0.0483478
-0.429483
0.381135
-0.277903
0.762078
-0.484175
0.232157
-0.161291
-0.0708665
0.390018
-0.256186
-0.133832
-1.95152
1.74656
2.77665
-0.623657
-2.15299
0.0900639
0.023521
-0.113585
-0.0215341
0.204705
0.169327
-0.654577
-0.813521
1.68113
0.051033
-0.00784724
1.72208
-1.04107
1.11994
-0.0131728
0.0131728
-0.339658
0.473719
-2.43488
2.24067
-0.920767
-1.3199
-1.47831
0.710172
0.768136
-0.038044
0.0925087
-0.0544647
0.965316
-1.12647
0.161156
-0.518521
-0.165123
0.683645
1.38266
-1.94932
0.566655
-0.01925
-0.814128
-0.242587
0.103583
-0.151218
-0.509603
0.660821
0.620286
0.510585
-1.13087
-1.43076
-0.436042
0.73903
-0.302988
-0.796545
0.817672
-0.021127
1.45672
-1.30818
0.260814
-0.230392
0.0691504
0.139831
-0.38552
-1.96562
2.17366
-0.208038
-0.909688
1.5207
-0.611008
-0.0241557
0.171549
-0.147393
-1.83599
-0.850568
-0.0203632
0.0152889
-1.71195
0.478164
-0.424142
0.315408
-0.130269
-0.494866
-0.0738495
0.0158324
-0.773625
2.1159
0.0767672
-0.442601
-1.53981
0.162001
1.3778
-0.0129894
-0.119939
0.132929
-0.93679
0.199189
0.258611
-0.639087
0.380476
1.61588
-0.18379
-1.43209
-0.0505883
0.00861546
0.0419728
-0.29077
0.217232
1.32829
-1.54552
-0.843956
1.88701
0.121136
0.728135
0.741268
-0.0648434
1.55364
0.273484
-1.42715
1.38428
0.14475
-0.0271124
-0.117638
0.509466
0.007149
-0.516615
-1.85471
0.221082
0.00363586
-0.584499
-0.506568
-0.380541
0.315584
0.680741
-0.140104
-0.540637
0.217108
0.111146
-0.557552
1.46888
-0.911333
0.205762
-0.238902
-0.0541741
0.278706
0.27723
-0.583804
0.127003
0.387115
-0.514119
-0.114241
-0.0500202
0.164261
0.320977
0.350658
-0.671635
-0.0195118
-0.00398342
0.0234952
-0.328639
0.362835
-0.0341963
-0.0167767
-0.200432
0.217209
0.426932
-0.10342
-0.11295
-0.638168
0.751118
1.5203
-1.06654
-0.935331
-0.174251
0.258533
-0.0842823
0.0563342
-0.0694677
-0.314494
-0.251721
0.992641
-0.311899
0.0201117
-1.23392
1.21381
-0.278946
0.0103224
-0.0250918
-0.495775
0.21206
0.177958
0.213301
-0.217126
-1.1491
-0.0456776
-0.100596
0.146273
1.2128
-0.965865
1.40896
1.36769
0.115408
0.208523
-0.156306
-1.74047
1.89678
0.789944
0.283443
-1.07339
0.217875
-0.954707
0.628012
0.326695
-0.0131838
0.000194362
-0.0213648
0.0767028
-0.055338
2.00662
-1.0492
-0.957419
0.150967
-0.344827
0.19386
0.713987
0.204447
-0.918433
0.0813594
0.11508
-0.19644
1.72396
0.0304008
-1.75436
-0.430688
-0.0317839
-0.302824
0.379591
0.0293067
0.0481399
-0.0774467
-0.653664
0.2007
0.020111
0.0192906
-0.0394016
-0.234384
-0.60101
0.835394
1.08379
0.532092
0.992355
-0.972243
0.668215
-0.946118
-1.85783
1.76023
-0.107453
0.0158706
0.291129
-0.566864
0.275735
0.673923
0.891567
1.13469
-1.3022
0.167503
1.27853
-0.550391
-0.16508
0.113465
-0.0086817
0.065129
-0.0564473
-1.96317
-0.495603
2.45878
-0.379196
0.474951
-0.0957546
0.00144352
-0.0146163
0.456944
2.2599
-0.161193
-0.0647753
1.14508
-1.7173
0.572222
-0.572055
-0.360007
0.932062
1.42173
-0.425808
0.702187
0.499808
-0.565416
-0.313581
0.0120574
0.301523
0.0367841
-0.282425
-0.458889
0.982606
0.0271854
0.0533046
-0.229625
-0.230612
0.460237
0.0158066
0.949509
0.0396163
-0.0255396
-0.412171
-0.358975
0.39305
0.698727
-0.828996
0.140983
-0.0968786
-0.0122718
-0.309245
-1.94449
0.877956
0.70718
-0.624833
-0.0823476
0.0399331
-0.0331199
-0.00681325
0.25061
0.88131
0.00357614
0.00837784
0.0457232
-1.63295
1.58723
0.121141
0.261936
-0.383077
-0.0755736
0.083594
-0.00802039
-0.763046
1.09344
-0.101381
-0.30537
0.40675
-0.303369
0.56198
-1.00585
1.38349
-0.37764
-0.330318
0.383138
-0.0528196
2.20852
0.00766671
0.657399
0.0856134
-0.743013
-0.463032
0.374513
-0.200773
0.444622
1.52653
0.977254
0.168343
-2.38747
2.21913
-0.857088
-0.190367
1.04745
-0.157996
0.205864
-0.0478676
-0.677297
-0.167979
0.845276
-0.09677
0.0144438
0.0823262
-0.0761483
-0.0667803
-0.560956
0.0229549
-0.00169172
-0.0268228
0.116724
-0.204261
0.497646
-0.293384
-0.290566
0.379992
-0.0894264
-0.102715
0.168075
-0.0653599
0.739068
-0.422272
-0.0121385
-0.0288172
0.601538
-0.926062
0.324524
1.25339
-1.00278
-0.0500613
-0.338972
0.389034
-0.130079
-0.515448
-1.32342
1.47202
-0.0802767
-0.571524
-1.2553
0.818402
0.436898
0.490807
-0.0278324
-0.462975
1.71219
-1.71219
-1.72319
0.0494542
-0.505964
-0.163836
-0.629096
0.792932
0.489554
-0.495805
0.00625093
0.0312514
0.0721651
-0.17693
0.104765
-0.0579795
0.249908
-0.191928
-0.330426
1.15546
-0.825032
0.285471
0.184543
-0.470014
0.730752
-0.675593
-1.11948
0.262394
-0.0656336
-0.269572
0.335205
-0.0461299
-1.28116
-0.355219
-1.12122
0.766006
0.987969
-0.055324
0.217597
-0.162273
-0.321616
0.439875
-0.11826
-0.368899
0.2341
-0.0935847
0.210531
0.0539339
0.0445469
0.0902003
0.0449633
-0.135164
0.0448764
0.0202526
0.595743
-0.708693
-0.0453938
0.107713
-0.0623192
0.0101803
0.0105705
-0.0207508
0.0624474
0.0568944
-0.119342
-0.0755396
0.200421
-0.124881
-0.437833
1.25261
0.38837
-1.02194
0.633574
-0.181568
-0.0870613
0.26863
0.0199045
-2.68224
2.66233
0.802045
-0.531331
-0.270715
0.409845
-0.102742
-0.190958
0.0833312
-0.0719241
-0.0643818
0.215349
0.288536
-0.883192
0.594656
-0.403046
-1.19565
-0.434155
0.626543
-0.192387
-0.0808449
0.00588311
0.478761
-0.339766
-0.138995
0.589671
0.0118665
-0.930765
0.496201
-0.41564
-0.0805607
-0.616566
0.345334
-0.0971198
0.556167
0.0143674
-0.0108278
-1.65826
-0.134437
-0.33057
0.607801
-0.0372859
-0.205301
-0.0650859
0.00863856
0.23103
-0.286354
-0.0877122
-1.19485
0.757017
1.96565
-0.115992
-2.10401
2.25405
-1.09952
-1.15453
-0.15413
0.517136
-0.159341
-0.738941
0.392921
-0.321291
-0.283336
-0.0302448
-0.328889
-0.502837
0.831726
0.0623093
0.080178
-0.142487
0.094879
-0.959233
-1.93244
-0.33924
-0.373941
0.713181
-0.28694
0.408081
-0.281693
-0.0510435
0.332737
0.577957
-0.146667
0.0972509
0.393556
2.24482
-0.862156
-0.780505
0.451616
-0.283077
-0.0691327
0.35221
-0.0528737
-0.085206
-1.04127
0.526661
0.170792
-0.697452
-0.104158
-0.0412203
0.957991
-1.24945
0.291463
-0.630701
-0.0529658
1.76516
-0.703359
-0.222702
0.658295
-2.14238
1.48408
-1.93014
0.848501
1.08164
0.182452
0.115748
-0.298199
0.147782
0.99743
0.0866157
0.80903
-0.895646
0.019388
0.133524
0.198588
-0.108525
0.383702
-0.568217
0.184516
1.31806
-1.47436
0.0395575
0.181648
-0.235448
0.0537997
-1.6948
-0.0283885
-0.643134
-0.186856
0.0126051
0.139473
0.00206921
-0.141542
-0.686372
0.345011
0.341361
-0.434124
0.376601
-0.997561
-0.418941
1.4165
-0.148636
-0.0780555
0.0400115
-0.620928
0.847193
-0.226264
-0.316902
1.45687
-0.189889
-0.833283
-0.645025
1.02473
-0.446214
1.01553
-1.34596
0.0138327
-0.0484657
0.034633
1.06681
-0.517094
-2.15333
-0.373696
-0.154518
0.528214
-0.0595448
0.237849
0.115589
-0.349451
0.233861
0.326019
0.234992
1.04104
-0.257123
-0.0792959
0.344885
-0.0762163
-0.35179
0.315026
-0.166592
0.0113119
0.15528
0.284417
-0.107988
-0.176429
-0.169882
-0.0462614
0.216143
0.142037
0.127409
-0.269447
0.111985
-0.0659368
-0.172786
-0.0498797
-0.0213277
1.12759
0.0340369
0.222647
-0.256684
0.0894005
-0.159692
0.0702912
-0.0214703
-0.0270661
0.0485364
0.466071
0.292422
-0.728464
-0.10029
0.409089
-0.0886988
-0.0897587
0.0779859
-0.154943
-0.0420877
1.78624
-1.00526
-0.027921
-0.179857
0.207778
-1.54618
0.222763
-0.0855066
-0.0219113
0.107418
-0.0518171
-0.0516056
-1.01739
-0.912756
0.423185
-0.0881217
-0.584339
-1.5025
-0.510562
0.280937
0.116958
-0.737886
0.704255
-0.790042
-1.96036
2.1287
-2.36005
0.396874
-0.114305
-0.0343797
0.148685
0.0069183
-0.293068
-0.374566
0.667634
-0.121762
-0.00265187
-0.185176
-1.5226
1.70778
-0.820621
-0.434869
1.25549
0.293403
0.467028
-0.760431
0.00989068
0.166792
0.329409
-0.295274
-0.28853
-0.203233
-0.110353
0.313586
-0.0187317
0.350768
0.299081
0.17968
0.232238
-0.669811
-0.0219319
0.0260641
-0.482469
0.528722
-0.0462531
-0.211209
0.243958
-1.32275
0.122271
-0.0158067
-1.53664
0.386906
0.015784
-0.731149
-0.0678609
-0.161491
-0.999101
-0.257143
1.25624
-0.0786551
0.471576
-0.667731
1.3779
-0.368457
-1.02024
-0.924252
-1.20409
1.36525
0.136366
-0.296241
0.0450169
-0.107954
0.0629369
-0.740064
0.621982
0.118082
0.729455
-0.774915
0.136299
0.570882
-1.12857
-0.126731
0.054767
-0.0687214
0.0139544
-0.535084
0.856061
-1.38104
-0.17219
1.55323
-0.00246176
0.0473381
-0.122467
-0.742543
0.86501
-0.275153
0.458621
0.0981068
-0.0697646
0.0188072
0.0509574
-1.25876
0.869278
-0.147751
0.0259883
-0.201382
-0.143445
-0.425035
0.0939356
0.047047
-0.0611582
0.00594797
-0.028628
-0.0488187
0.321691
1.23523
-0.489606
1.80477
1.02838
0.567415
-0.732539
0.0514107
-1.43245
-0.254766
-0.363095
0.454782
-0.0916868
-0.0065884
-0.0378682
-0.0352883
0.0194965
-0.0657928
0.151344
-0.237228
2.0877
-1.85047
0.126406
-0.824209
-0.138435
-0.292012
-0.0809805
0.802027
-0.314717
0.407605
-0.0928879
-0.159143
-1.57479
1.73393
0.308815
0.205936
0.283618
-0.310276
-0.485113
0.984361
-0.499247
0.078318
0.0103189
-0.0434388
0.233873
-0.370787
0.136914
0.0593223
0.435563
-0.494886
-0.170997
-0.567386
0.738383
-0.308592
-0.0842302
-2.00501
0.0311396
0.263516
-0.273457
0.0649706
-0.129239
-0.0185117
0.366198
-0.740138
2.43594
-1.01223
-1.42371
-0.178864
0.445889
-0.78665
0.664183
-0.124656
-0.290985
-0.209333
-0.00961561
0.92676
-0.792827
-0.113109
0.781567
-0.952563
0.168461
-0.111337
-0.0571243
-0.426633
-1.89985
1.07831
0.821549
-2.12687
2.14678
-1.03141
0.242637
0.788776
-0.00775272
0.201901
-0.194148
0.685017
0.307623
-0.142893
0.225365
-0.0134772
0.0023474
0.0439154
-0.292564
-0.0472016
1.21612
1.21982
-0.0576236
0.0223887
1.60271
-1.49303
-0.0494801
-1.38533
1.43481
1.16065
-0.0330573
-0.32435
-0.0997914
-0.11593
0.141252
-0.290294
-0.0613573
0.113988
0.768893
-1.33458
0.565691
0.140504
2.19916
-1.30597
-0.893185
0.025392
0.0458412
0.0466674
-0.120294
0.876688
0.924002
-0.874548
0.59423
-1.41485
-1.20895
-0.0381265
1.24708
-1.19199
1.13488
0.0571091
0.116889
-0.000164356
2.39616
0.0587196
-2.45488
-0.530836
1.25358
-0.722744
0.105383
0.274609
-0.740757
-0.0557875
-0.0155647
0.0972326
-1.35792
0.243794
-0.00131099
0.0266543
-0.0253433
-0.158019
0.209212
-0.051193
0.0811957
-0.431793
0.350597
0.605363
0.251513
-0.554343
-0.132029
0.0185071
0.868201
-0.887451
-0.0789682
-0.075923
-0.288234
0.0612894
0.931486
-0.48912
-0.442366
0.190626
-0.669348
0.478722
0.427264
-0.604438
0.177174
0.424499
-1.52971
0.794767
0.734946
0.0372857
0.855815
0.290483
-1.1463
-0.182278
0.254562
-0.280171
0.0256097
0.197499
-0.0402884
-0.290816
0.00912319
-0.334121
-0.811191
1.04602
-0.528095
0.810164
-0.28207
-0.510115
-0.704943
1.79543
-0.764024
-0.107843
0.201074
-1.34934
0.0711167
-1.34068
1.26957
0.0553693
0.0926693
-0.148039
0.466674
0.120606
-0.58728
0.488219
0.05438
0.0313822
-1.33002
0.819906
-0.543238
1.17125
0.135061
0.698629
0.350449
0.25783
0.0265876
0.895851
-0.431639
0.0655039
0.663951
-0.93341
0.352688
-1.30774
0.872872
1.01598
-1.17512
-1.86024
1.62301
0.0261983
-1.43049
0.226124
1.20436
0.214065
0.412478
0.0600899
-0.872288
0.708452
-0.155075
-0.129253
0.284329
-2.40058
1.30831
1.09227
0.436716
0.789872
-1.22659
0.0532107
-1.2573
0.807005
0.0261157
-0.83312
-0.528886
-0.585431
-0.81163
-0.0169551
-0.0182025
0.0706048
1.53552
-1.50512
-0.0145768
-0.920572
-0.609141
0.0542077
0.0411914
-1.25014
1.17375
-0.317937
-1.48405
0.0404482
-0.233059
-0.892247
0.379386
-0.336358
1.85783
0.217688
0.121958
-1.16322
0.163414
-0.125949
0.16343
-0.380201
0.335604
-0.605729
0.270126
-0.0481034
-0.000885573
0.0489889
-0.706334
0.791947
0.108998
0.00454068
-1.08285
1.16903
-0.08618
-0.724538
0.860583
-2.12732
1.26674
-1.29102
-0.069882
0.120902
-1.43773
0.11512
1.32261
-0.454434
0.978702
-0.687752
0.782631
0.147166
0.89004
0.518379
-0.93055
-0.855725
-0.210309
1.06603
-1.29388
-1.69399
1.50881
-0.145219
0.149367
-0.00414831
0.0936813
-0.101702
0.788957
-1.24785
0.0692349
0.55239
-0.621625
0.150787
0.451351
-0.602138
-1.01499
0.447602
0.0494008
0.0299818
-0.261732
0.415826
2.27191
0.12425
-0.775702
0.862318
-0.301734
0.100353
-1.08254
2.36355
-1.281
-0.0884025
0.0752921
0.093461
0.447608
-0.002774
1.05017
1.23332
0.569839
-0.81424
0.295878
-2.27057
-0.200827
0.155149
0.103466
-1.06933
-0.254186
-0.995268
-0.242356
0.0623928
0.8568
-0.440974
-0.150949
-0.957356
0.700233
0.212374
-1.72809
0.276082
1.452
-0.0480285
0.50665
1.09266
-1.16572
-0.310306
0.821278
-0.35532
-0.465958
0.958441
-0.407659
-0.550782
-0.206828
0.045537
0.703363
-0.689642
-0.0137209
-1.48027
0.947391
0.532876
0.473491
0.909999
0.0017354
0.137738
0.838018
-0.545596
-2.24011
1.16251
1.0776
-2.35585
1.86024
1.05516
0.590264
-1.64543
0.85849
-0.73714
1.52098
-0.52545
-0.995529
-1.10991
0.208661
-0.0951962
-0.0447955
-0.107899
0.224138
-0.0576507
0.149362
-0.0917113
0.439889
0.123138
-1.87357
-0.425375
0.615161
-0.23146
-0.0391714
-0.0424715
0.793088
-0.44902
-0.344069
0.861347
-0.516336
-0.164378
0.142844
-0.0852435
1.21994
0.104807
-0.0494376
-0.256471
-0.758517
-1.5228
0.5237
-0.0472374
-0.117661
0.162217
0.136415
0.141567
-0.09655
-0.533327
-0.376472
0.127533
-0.0941825
-0.0333502
0.209085
-0.852891
-0.218883
1.07177
-0.167019
0.0377803
-0.0212299
1.30198
1.02407
-2.32605
-0.475644
0.769048
0.248604
-0.0991477
0.61081
-0.831508
-1.00063
1.83214
-0.885567
-0.854582
0.351745
0.285087
-0.113115
-0.171973
0.920184
-0.868417
-0.203878
2.0535
-1.19292
-0.2181
0.133216
-0.412208
-0.609736
0.00937342
2.0443
-1.76023
-0.284071
-0.966965
-0.555837
-0.21606
0.191588
0.0832551
-1.00056
-0.273367
1.27393
0.258125
-0.560468
0.61979
-1.58154
-1.2935
0.608685
0.684816
-0.228712
-0.00397009
0.232682
0.983993
-0.688513
-0.29548
0.126366
-0.192159
0.0912893
0.101813
0.6764
-1.67396
0.769927
0.188514
-0.440587
-0.339918
0.103357
-0.0231794
0.174056
0.101921
-0.954812
0.029548
0.404476
0.504347
-0.364516
-0.556728
0.617985
-0.061257
0.876604
0.644375
0.446124
0.0496293
0.532752
0.17821
-0.710961
1.65656
-1.38048
-0.295651
0.301552
0.168171
0.0293289
0.127068
-0.0429964
-0.0921672
0.00483419
-0.150053
0.548507
-0.0795116
-1.77596
-0.0358194
-0.192892
-0.0821546
-0.0257992
1.11988
-1.78761
0.737647
-0.33318
-0.404468
0.00505778
0.130047
-0.00961902
0.00830804
0.372325
0.054327
0.109934
0.60312
-0.252462
-2.63455
1.26449
1.37006
-0.0850811
0.0174394
-0.0228802
0.137091
0.195964
-0.318381
-0.320707
0.82713
-1.65864
-0.0332585
-0.942619
2.2446
0.53863
-0.0885641
-0.450065
-0.487651
-0.402578
-0.0932268
0.105233
-1.12097
0.430685
-0.692962
0.262277
0.607716
-0.571994
-0.0357225
0.0788296
1.01357
1.34487
-1.36717
1.38048
-2.711
1.9381
0.772899
1.33342
-2.27604
2.64955
-1.3202
-1.07383
-1.12315
0.352562
-0.00799002
-0.0997081
-0.329775
-1.49912
0.0686325
-0.00244998
-1.29975
1.19585
-1.98085
0.785004
-0.0773346
0.305391
-0.332685
0.0530306
-0.10585
0.939851
1.25931
-2.33233
1.24978
-0.0967636
-0.788803
-1.33162
-0.638545
0.0665519
2.12687
-2.11921
-0.07469
-1.14178
-0.0435727
1.16679
-0.949557
-1.983
1.89225
0.0907539
0.347041
2.31529
0.384761
0.0956648
-0.480426
1.372
-0.77777
0.266114
0.0561387
0.632568
-0.65766
0.111289
0.146541
0.728446
0.666369
-1.39481
-0.428844
-0.249219
1.07031
-1.04615
-0.0241589
0.677874
-0.507082
-1.54428
0.635424
0.908858
-0.073609
0.540283
-1.00678
0.0143885
1.02854
-1.47475
0.310418
-0.605692
-0.0786302
0.156616
-0.71372
0.420652
-1.1035
-1.45974
2.56323
-0.235459
0.362869
-0.422637
0.623337
1.29787
-1.9429
0.141441
1.33074
-1.82035
-0.0795148
-0.0884234
0.234904
-1.23769
0.0839057
0.621205
0.52138
-0.000258287
-0.509345
-2.39504
0.434687
-0.05915
0.0340711
0.0250789
0.0854308
-0.354422
1.15401
1.10004
1.30918
-1.01772
0.079776
0.0156993
-0.0929223
0.488502
-0.358137
0.593129
-0.552312
-0.87762
2.21104
-0.0358295
0.0731152
-0.883496
-0.680717
1.56421
-1.26825
0.737414
-0.0781326
0.0522085
-0.00367214
-1.44691
-0.092898
-0.183746
0.614431
-1.46514
-1.16941
2.0443
0.558538
-1.20897
0.924464
-0.672951
-0.140953
0.535999
-0.20659
-0.283187
0.233126
-1.3927
0.3608
-0.845913
1.34329
-2.22091
-0.810603
-0.102997
0.47751
-0.236339
-1.74666
1.27842
-1.34628
1.35785
0.663591
-1.69594
1.03235
1.50637
-0.558974
1.67197
-0.733861
-1.27253
2.00639
0.544279
1.31743
-1.0593
-0.6441
-0.6494
-1.60759
-1.10341
0.449944
-0.971795
1.56172
-0.589923
-0.153163
1.36526
-1.21209
-1.01739
-0.949318
1.96671
0.89327
0.177035
0.283675
0.394645
-0.244803
0.159094
0.0857094
0.0639132
-0.302815
0.464082
-1.43105
-0.573004
-0.409832
-0.330232
-0.0532377
0.440144
0.365858
0.541363
-1.93554
0.639041
1.2965
-0.0447733
-1.62003
1.6648
0.0428542
-0.292596
0.100667
0.356082
-1.65313
1.65313
-0.460387
-0.0392052
0.499592
-0.486818
0.997402
-0.603934
-0.0346119
-0.689806
-0.103245
0.454013
-1.36717
0.165137
-1.32601
0.284941
1.23637
-1.2825
-1.24606
0.245499
-0.0515363
0.303496
-0.25196
0.160871
0.542492
-0.0588176
0.0107143
-1.01962
-1.21234
0.13293
1.07941
-1.3691
0.184217
-1.09607
-1.03125
-0.0201179
-0.0496467
0.184912
0.443783
-0.568438
-0.0558398
0.0272118
0.413558
-0.401848
-0.311873
-1.14148
1.54526
-0.403786
0.35819
0.192666
-0.221292
0.440042
-0.21875
-0.340858
0.134277
0.291961
-0.630285
0.338324
-0.973377
1.862
-0.806836
-1.52643
-2.1038
0.529007
-2.12468
0.0595038
0.912496
1.09413
0.108509
-1.00076
1.70977
0.463893
0.733378
-0.598317
0.631285
0.61596
0.24253
2.16006
-0.816772
-0.723952
-0.687085
1.41104
1.18293
-0.0750736
-1.10786
-0.0539202
-0.105771
-0.234768
0.210612
0.163738
1.3598
-1.52354
-1.38668
1.17512
0.211551
1.38668
-1.62301
0.250629
-0.327963
-1.60522
1.01979
0.0973239
-0.0934824
0.0275455
-1.66296
0.125834
1.69889
-1.0353
-0.261581
-0.121581
0.132893
-0.488168
0.681093
0.286589
-0.0927295
0.14147
-0.00455544
0.200442
-0.271309
-0.625686
-0.0677141
0.695271
-2.07639
0.532575
-0.112361
0.507997
-0.395635
-1.05665
-0.924202
0.136782
0.652401
0.423642
-0.920995
0.145292
-0.401881
-0.202556
0.154223
-2.27241
1.19858
0.0614199
-0.0843304
-0.202024
0.0509985
-0.112157
-0.0754836
-1.36134
0.61333
-1.82654
1.21321
0.0826482
0.286816
-0.369464
0.0528648
-0.27157
-1.07752
1.36246
0.337301
0.431747
1.30355
-1.16572
0.216268
0.0580821
1.68635
-1.92925
0.242897
0.386749
0.460444
-0.83731
0.00418963
0.393504
-0.548022
-0.0655879
0.0742264
-1.16981
0.120083
0.0100534
-0.130136
-1.52058
0.220935
1.29965
-0.065843
0.0633812
-0.0134456
-0.0160212
0.0294668
1.20398
-1.16279
0.0433424
-0.0442279
0.597965
0.194966
0.0734202
-0.0594658
-0.0966518
0.102535
0.228602
0.674921
-0.903522
-0.429772
-0.00202096
-0.9204
-1.02019
1.94059
0.17159
-0.0733063
0.281084
-0.870359
2.14678
-0.111311
0.118229
0.0703938
0.119276
0.123872
2.31324
-1.09713
-1.27035
0.867453
-0.506653
-1.27194
2.34954
-0.0864836
0.140811
-0.0408557
0.0422992
-0.0219133
-0.234771
-0.326301
0.215948
-0.312626
0.654633
-0.210851
1.26354
0.12963
-0.0786319
0.224511
-0.00691425
0.0449793
0.0939111
0.0200769
0.464197
-0.866045
0.237632
-0.276589
0.0389573
0.165125
-0.0724553
0.245491
0.689308
-0.934799
-0.281502
0.152249
0.423218
-0.501873
2.51168
-1.06854
1.02404
0.887792
0.0427663
0.456266
-1.24834
0.374215
-0.520882
-0.367099
1.08584
1.15898
-1.53937
1.53937
1.51203
-0.910006
1.06336
-0.0635951
1.54375
-1.48016
0.912288
1.03216
1.34599
-2.44949
0.118864
-1.07143
-1.35684
-0.169135
-1.45526
1.6244
-0.438019
-0.178546
0.0879613
1.27766
0.198683
-0.306671
-0.668165
1.62713
-0.958961
-0.190658
0.301946
0.0115267
-0.0410207
0.027837
2.57143
-1.08465
-1.48677
1.56872
-1.4536
1.10215
0.250994
0.0238848
-0.00563416
0.00843741
1.56253
0.484746
0.528242
0.940643
0.0277541
0.223397
-0.251151
-0.386559
0.243113
0.205894
-0.222696
0.0168017
0.183445
-0.250093
0.066648
0.405893
-0.387386
0.360022
-0.571231
0.636311
-0.564187
0.0473845
0.0326145
-0.00136314
0.202274
-0.198608
-0.00366641
-0.0526912
0.0498186
0.00287261
2.11921
-1.68249
0.171676
-0.194631
0.0229553
-1.53552
-0.381627
0.292929
-0.995127
1.90741
0.286095
-0.367075
2.66977
-1.32378
0.273756
-0.349972
-0.185367
0.566273
-1.28747
-0.474046
1.39581
1.34707
-1.11216
-0.102689
0.176786
-0.12556
-1.48184
-0.326755
0.320519
0.271421
-0.409856
-0.409621
0.316733
-0.111564
-1.34143
1.29195
-1.44372
1.51045
-1.13535
-0.588733
0.440826
0.741548
0.421514
-0.468716
-0.0851673
0.175232
0.367587
-0.542819
-0.406295
1.38439
-0.803169
-1.16906
-2.32189
-0.102856
0.0985196
0.00433668
-0.0393633
1.4547
-1.41533
1.20038
-0.154359
0.35114
-0.442827
2.13995
-0.862287
1.13944
0.651858
-1.7913
0.255451
0.0311385
0.654903
-0.209013
0.22267
-0.839687
0.0154779
-0.986128
0.767245
-0.36676
0.253645
-0.106873
0.138255
0.333082
-0.421203
-1.05976
1.27457
-0.775358
-0.183246
0.0597266
0.197561
0.576373
0.41015
0.122602
1.77655
-1.55562
0.328765
-0.412995
1.52882
-1.20806
-0.0418651
-0.845586
-0.171426
0.0465444
1.01598
-0.0389008
0.00649199
-0.0162753
0.00946202
0.000169578
-0.172955
0.0364698
-0.0499154
-0.53622
1.61453
-1.24623
1.18263
-0.514037
0.865782
-0.849705
0.127551
-0.455086
0.591385
0.341034
0.89951
0.596877
-1.49639
-0.741962
0.381956
-0.962083
-1.43849
-0.523961
-0.00570474
-0.107271
0.103227
0.00404341
1.41819
0.187238
-0.214808
0.0875149
-1.7693
1.72452
0.612186
-0.107839
1.12891
-0.234663
-0.0453098
0.279973
1.11073
-0.23404
-0.755756
2.1891
-1.43334
-0.672438
1.55215
-0.879712
-0.373233
0.182575
0.158676
-0.0455427
-0.0663485
0.111891
0.648048
-0.963171
1.23183
-0.268664
-0.318076
0.127118
-1.55593
-1.88566
0.81364
1.07202
-1.61159
-0.20736
-0.482446
1.22706
-1.96092
0.194715
-0.953232
1.26066
-1.78462
0.437804
0.372361
1.1458
-0.443615
0.0091268
-0.0363847
0.0272579
-0.129395
0.0938057
-0.0471383
-0.00519397
-1.24747
1.25267
-0.272624
-0.385264
-0.0535733
0.119047
-0.0654732
1.29744
-1.00696
0.482014
-1.3007
0.818684
0.267067
-0.119901
1.6524
-0.79717
0.055588
-0.260889
0.638425
-0.824508
0.0495926
-0.543728
-0.324625
-0.209556
0.517762
-0.308206
1.7601
-0.987392
-0.772704
-0.347272
0.239975
0.0412602
0.413706
0.267386
1.48046
-0.156746
0.103173
1.83835
-0.703472
-2.03302
0.760488
0.533664
-2.18331
1.64964
-1.44426
-0.322134
1.76639
0.917845
0.877587
-1.51347
1.92925
-0.415778
-1.48208
1.29829
0.254519
0.612498
-0.867018
-0.100476
-0.854194
1.23848
-0.384282
-1.51347
0.924002
-0.193764
-0.170752
-0.162765
-1.07492
0.456227
-0.648614
-0.485346
-1.62153
0.886196
0.735337
-0.347472
0.254742
-1.90948
1.14234
0.767142
0.804058
-0.366255
-1.28326
-0.825751
2.30279
-1.76913
2.01109
-0.168678
0.185749
1.75253
-0.424234
-0.893553
1.58985
0.922889
-0.928083
2.3307
-1.5578
1.2669
-1.30311
0.0362077
-0.0989196
0.00564451
0.0932751
-0.81995
0.095412
-1.0645
2.11467
0.308646
-0.0868508
0.529662
-0.609938
-0.646213
1.62199
0.9488
0.557565
0.435081
-1.87934
-1.11655
-0.769115
-1.47136
-1.33964
-0.702404
-0.919129
2.30539
-1.37309
-0.932302
0.876805
0.0303909
-1.79969
1.68249
-0.427842
0.32805
0.466895
-0.291663
1.79368
0.56987
0.333864
0.0720297
1.71592
0.00860624
-0.127705
2.39962
0.816492
0.00117903
0.305743
1.00344
0.733941
0.334751
1.10262
0.76564
-1.86826
0.124131
-1.62845
0.656659
0.299708
-0.121056
0.240103
-0.1627
0.372526
-0.360537
0.259157
-0.279577
-0.0377611
0.990925
0.707962
1.39596
-1.22492
-0.171035
-0.192722
0.197556
0.559115
-0.0752526
0.0297099
-0.00510703
0.363866
0.454066
-0.54263
-1.75448
0.719185
-0.3226
-0.244264
0.327244
0.0523465
0.332039
-1.53724
0.655146
-0.203795
-0.0499489
-0.0979442
0.100537
-0.00628942
-0.0942474
0.0194244
0.410427
-0.00263798
-0.0452628
-0.359393
-1.54427
-1.0899
0.310372
0.779526
1.36477
-0.53634
-0.828428
-0.761073
1.26613
-0.505057
0.786558
-0.170597
-2.20181
1.44605
-0.115885
1.55017
1.34015
-0.419969
0.041043
-0.219393
0.17835
0.664692
-0.252214
0.0968915
-1.25968
1.57406
0.877948
-0.820839
-1.46283
0.775747
-1.24564
0.137789
-0.0301847
0.0159729
-0.209146
0.193173
-0.508106
-0.221941
0.192882
0.0290591
2.53718
0.477404
0.287765
-0.0103166
-0.218722
0.229039
1.33159
-0.562699
-1.6296
1.65999
-0.254179
0.21389
0.153607
-1.02368
-1.05271
-0.657387
1.61511
-0.95772
-0.812154
-0.638548
1.4507
2.19583
-1.70739
-0.488442
0.969739
-0.0114795
-1.1197
-0.907367
-1.31947
0.0163659
1.07369
-2.7235
1.64981
0.202647
-1.81424
-0.552615
1.50141
-0.578294
0.777211
-0.198918
-1.35956
-0.96649
-1.53599
-0.571721
-0.0664474
-0.837809
-0.258464
-0.165817
0.42428
-0.665305
0.450619
0.214686
0.427851
0.0390442
0.698114
0.916993
0.047647
-0.114427
0.121874
-0.0140865
-0.891875
0.928083
0.0169787
-0.0235671
-0.891875
1.66211
-0.770541
-0.00801185
0.569666
-0.392492
-0.789201
1.87067
-1.08147
0.174107
-0.0185687
0.898323
0.37625
-0.274601
1.40812
0.0584337
0.547664
0.427427
-0.498742
0.0713151
2.71161
-1.63792
0.700884
-1.31704
0.104699
-1.92286
0.688622
-1.64758
0.15731
0.0188974
-0.176208
1.60321
-0.904099
-0.699115
-0.2893
-1.58057
1.86987
-0.489736
1.52511
-1.53972
0.0146113
0.320245
-1.84285
-1.04931
2.31285
-0.352639
-0.283652
0.636291
0.148543
0.724503
0.878711
0.238217
-0.240869
1.68635
0.80311
2.53634
-1.37505
-1.50163
-2.40887
-2.14288
1.32611
-0.287501
-1.75627
2.19095
-0.196329
-0.960822
0.242193
-0.616759
2.16146
-0.930158
-1.59704
-1.80338
0.0838745
-1.58589
0.883482
1.35786
0.831235
0.927053
-0.0743857
0.582343
-0.507957
1.32295
0.785022
-2.10798
0.324777
0.47725
-0.72979
1.32346
-0.593666
0.334959
1.23376
0.337169
-0.0221432
0.164446
-0.710066
-0.447445
-0.435747
-1.74507
1.61737
0.806354
1.24177
1.29457
0.0675173
0.431258
1.43564
1.23413
-0.00896287
1.58823
-0.863732
1.43866
-0.710214
0.176922
0.10341
-1.58525
-0.0359753
2.31773
-2.28175
0.0168498
1.37911
1.67299
-0.984372
-2.58604
1.25276
1.33328
-1.63842
1.34912
0.623813
0.966035
-0.000407277
0.200976
-1.25931
0.681381
0.870769
-1.57394
0.130218
-1.34427
0.240288
1.74507
1.70686
-0.998897
0.127697
-0.01367
-0.114027
0.769974
0.81826
0.566916
1.73588
-0.36861
0.295001
-1.7448
2.31171
-1.50955
0.0774585
1.66859
-1.65999
1.63665
-0.938536
-1.88806
0.788544
1.04099
1.12047
-0.470933
0.929139
-0.458205
-0.309311
0.338859
0.0869865
0.248219
0.00140027
-1.2839
0.65288
-1.28251
0.372501
1.28786
1.27537
0.631787
-0.218081
0.255237
-0.229091
-0.55038
-1.30947
0.00972425
-0.883445
-0.949862
1.83331
-2.5399
0.770772
2.73682
-1.25988
-1.47694
0.928224
-0.163576
0.380749
-0.217174
0.226295
-1.95842
0.377847
-1.79629
1.00709
0.308776
-1.70325
1.39448
0.922889
1.90276
-1.46768
0.120787
0.265199
-0.00734989
0.237112
-0.458404
1.06995
-2.07642
1.00647
-0.700695
-0.762137
-0.406751
0.435796
-0.614342
-0.890087
-1.47847
-0.0492093
-0.0066305
0.0558886
0.358709
-1.85899
1.53972
0.319274
1.53546
1.20136
1.75413
0.957486
0.684907
-0.962282
1.00406
1.56009
-2.76959
1.13167
1.52511
0.433002
0.00244538
-1.6296
1.74279
-1.0236
1.34457
-2.71962
0.305628
0.115454
-1.50815
-0.0720885
-0.783783
0.238187
1.89359
-1.12795
-0.0732639
-1.46401
0.165192
1.29882
0.962282
-0.0393937
-0.0391273
0.37208
-0.362027
-0.317947
0.229103
0.233061
-0.251573
-0.234542
-0.0254267
-1.77492
0.891475
1.53073
-0.570799
-1.48811
-0.0110094
2.71423
-1.46147
-0.00694154
1.97486
-0.747799
1.6385
-0.752301
-1.04531
1.52365
-2.5249
0.780099
-0.846144
0.107203
-1.11628
-0.701751
2.61555
-1.27098
0.77479
-1.53693
0.424273
2.33556
-0.444851
0.922633
-0.477782
1.59355
1.90533
-1.12947
-0.775864
-0.760367
-0.232604
0.992972
-1.23772
-1.85899
1.27244
-1.10119
-0.17125
0.0298917
1.10067
-1.13056
-1.37265
0.8058
0.0213871
-0.00609816
0.448044
2.20211
2.0061
-0.891171
0.436737
-1.04763
1.06448
0.0643933
-1.28932
-1.40864
0.00521964
1.40342
0.682991
-0.8933
1.15091
-1.55396
2.02212
-0.761461
-1.21915
1.21915
0.841425
0.718667
-0.422338
0.606853
-0.832639
1.60261
-1.416
1.416
-2.58366
-2.0866
1.26085
0.540342
0.127376
-1.41965
-0.85593
0.424292
-0.117828
-1.45113
0.0314866
0.090239
-0.63704
1.88625
-0.541311
1.83752
-1.29621
-1.3874
-1.48368
1.31455
-0.0720242
0.317025
-0.669665
1.55362
0.715274
0.551697
0.960331
2.61645
-1.65896
0.732551
0.388607
-0.790503
1.56529
-0.894758
0.205116
-0.879175
1.27244
-1.57883
2.87846
-1.62867
0.864364
-2.29771
-0.714917
1.62377
0.513638
1.10119
-1.09597
-0.152705
0.68128
-0.197764
-0.483516
-1.42996
1.42996
1.65916
-1.06345
-0.595714
-1.50512
0.919152
0.582262
-1.61313
1.61313
1.05533
0.603835
-0.128771
2.11372
0.292126
0.01137
-1.35563
0.0240082
1.85485
-0.402843
2.43435
-1.71476
2.4595
-1.1919
0.891734
-1.38967
-1.09597
-1.65502
1.65502
-1.52361
2.72497
2.71076
-1.57909
-1.78101
0.823593
2.28259
-1.41823
-0.969484
0.999375
-1.73153
1.04252
0.689016
0.3617
-2.19769
1.36145
1.08519
1.25037
-1.04763
-1.51015
1.51015
-0.0193557
0.167138
0.983237
-1.00406
0.0208193
1.54613
-1.61737
0.0712407
-1.75396
0.986012
0.767947
0.579087
0.871615
0.297491
-0.983237
-1.54613
-1.11924
1.67094
-1.67886
2.45896
1.50562
-0.729874
1.06448
-0.676204
0.93175
1.01269
-0.711442
-0.892922
-1.38311
0.287094
0.722487
-1.78214
1.23952
-1.29334
-0.584474
0.413344
1.45653
1.17557
1.47399
0.450098
-0.0575055
0.189995
-1.2973
-0.871575
2.16888
0.817345
0.593692
-1.08578
-1.24814
2.33393
-2.3496
-0.849225
0.383267
-1.57162
0.508166
-1.3643
1.23729
-1.44468
1.82348
1.01854
-1.72998
-0.886609
-0.0277244
-0.671049
1.48839
-0.912863
0.937593
-1.1139
1.45835
-0.34445
1.44885
-0.763939
2.45852
-1.01251
-0.754669
1.77321
-0.871447
0.134307
0.931718
0.661834
-1.20911
-0.141434
-1.55337
-1.5591
-0.882496
0.441522
0.166375
-0.125332
-1.87314
0.75659
1.38564
-0.243939
0.943688
-2.36192
-0.834844
-0.0531844
0.219571
-0.95887
-0.890427
-1.58812
2.00146
1.27128
0.805858
0.812111
1.0518
1.19772
-0.408944
-1.27218
-1.44629
-1.04981
2.4961
-0.77541
1.67492
1.18623
-1.04945
0.628806
-0.205589
0.885239
-2.41177
1.52653
0.113879
-0.902682
-0.502286
-1.40592
-0.938859
-1.23933
0.50038
0.135931
-1.20357
-0.66957
0.525605
1.7569
-0.90848
-0.84842
-0.314777
1.66389
-1.00527
0.380707
0.665527
-1.8691
2.29716
-1.10258
-1.19458
1.84351
-0.386982
-0.375101
0.714674
-1.6682
0.953527
-2.73049
1.20688
-1.35784
-1.0153
-0.833685
2.21497
-1.14502
0.357979
0.0230859
0.00952862
-1.47668
1.14587
-0.371387
-0.98645
-0.367098
-0.584039
1.91429
-1.33025
0.983497
-2.46018
-1.49321
0.987161
-1.74183
-1.69151
0.834572
1.0099
-2.41582
0.835419
-1.24888
-0.194104
1.44298
1.46991
-2.48241
-0.876322
0.359986
1.008
-1.60372
1.21051
-2.70372
0.69656
1.68918
-1.40376
0.0346588
1.14357
1.34046
0.50305
-2.14715
1.49291
0.654242
0.00283442
0.121504
0.979166
1.27691
0.865426
-1.81253
0.947108
-1.62154
1.49824
-0.106415
-0.798002
1.78516
-0.120368
0.74389
-0.69017
-1.62857
2.31874
1.21153
1.30015
-0.608675
0.440696
-1.39897
1.83877
-0.498313
0.555704
0.994027
-1.54973
1.56625
-2.65351
2.77675
-1.56513
-1.24855
1.91407
-1.25473
-0.614361
1.43232
-2.48213
0.182536
-0.909898
-0.758303
0.976379
-1.51783
0.54145
-1.61603
0.961939
-1.30639
-0.958899
0.0502031
0.313663
0.194103
0.830387
0.683505
-1.5934
-1.58139
0.454788
-0.624215
1.52409
1.04734
-0.797282
-1.0783
0.889482
1.35837
-2.62935
0.658132
0.790714
0.0101227
-1.10767
-0.67695
0.176634
-0.00508486
1.42598
0.575486
-0.94193
1.6572
-0.159866
0.827385
-1.19877
0.788303
-1.69678
-0.718668
-0.867218
-0.0154899
-0.929406
0.665739
0.507897
0.908962
-1.41686
-0.627338
-0.771172
-0.203594
0.178625
0.854782
-1.81365
-0.0184767
0.465092
1.3013
-0.0927486
0.0816449
0.0111037
-0.0411472
0.608867
0.879527
1.92903
2.58915
-1.53735
-1.05184
1.61849
-1.14875
0.601366
0.654124
1.45656
0.00783238
1.46984
2.66344
-0.943223
-1.51695
-0.0210435
-0.0517118
0.0727552
-1.34414
-0.137937
-0.189115
0.464849
-0.479004
1.51192
-0.152118
0.36236
-0.700004
0.337644
0.00838346
-0.0299062
0.0273212
0.0191533
0.598779
0.869991
-0.255181
1.96495
1.45039
-0.630481
0.192185
-0.423268
0.189248
-0.228453
-0.635139
1.47056
0.893156
0.325491
-0.609143
2.06839
1.54757
2.52461
-1.58702
-0.835497
-0.439669
1.58324
1.04943
1.51664
-2.36721
-0.994331
0.597406
-1.22182
0.624411
0.025395
-0.00644461
0.0359114
0.792214
1.40078
-0.328006
-1.07278
-0.167642
-1.34191
-0.180257
-1.06581
0.71013
1.17612
-0.0691063
-1.3932
-0.195228
-0.0312805
-0.109806
0.141086
0.658528
-0.604157
1.56922
-0.96506
1.61903
-1.16166
-0.457365
1.03017
-0.0148567
1.33747
1.00213
0.348945
-0.881892
-1.47053
-0.562656
-0.52343
1.08609
0.0343399
1.21137
-0.526954
0.114749
0.412205
2.68598
-1.4147
-0.76879
-1.10373
-1.04039
-0.381735
1.42212
-0.00877612
-0.917003
-0.132197
0.574434
-1.85815
1.61357
-0.632144
-1.12303
1.24454
-0.117805
0.0964775
-0.228682
-1.5541
0.949938
-0.0462054
0.370982
0.0317457
2.55468
-1.23391
-1.32077
0.624988
-1.15451
1.68351
-0.0400593
-1.24167
1.28173
1.1473
0.992649
0.0751656
1.51599
-0.99762
-1.0788
-0.173807
0.0864928
-1.54434
0.301549
-0.057877
-0.664814
0.0683553
1.47921
1.07547
-1.00826
1.70878
-0.700523
1.16627
-0.626074
0.21462
-1.57146
0.971833
-1.51281
0.540976
0.451907
-1.70425
-0.876712
1.52975
-0.784012
1.79955
0.321143
-0.167536
0.0647414
-0.0647414
0.197562
-1.20452
-0.823167
0.747588
-0.293484
-1.479
-1.2297
1.07664
1.30217
0.0867032
0.194381
-1.141
1.64916
1.22084
-1.71915
-2.52918
1.01223
0.0905088
-0.325279
-0.427694
1.11239
0.344984
-0.924336
0.60831
-1.44207
2.58794
-0.166587
0.0781846
1.22137
0.0124263
-0.507735
-1.14539
-0.536376
1.75722
-0.0531922
-1.64069
0.698763
0.0199902
1.05059
-0.26753
0.0228617
0.244669
1.22451
-0.123681
0.418702
-0.743327
0.0747998
-0.0747998
-0.770357
0.00991533
-1.7642
0.89698
0.0643165
-0.0452573
-1.52704
-0.0392509
-0.217409
-0.16086
-0.065181
0.116289
1.46994
-0.657825
-0.131324
-0.484686
0.840768
-1.09192
-0.269394
0.00368863
0.265705
-0.0955327
-0.116692
-0.0933194
0.221617
-1.01444
1.49781
-0.72451
-0.249781
0.442244
1.29024
1.16926
0.67566
-0.313299
-0.0211864
0.834796
-1.03502
2.12728
-0.82981
-1.33817
2.16798
-0.874548
0.617452
-0.0785509
-0.0713041
-0.0893365
-2.64861
-0.149717
1.11588
0.380343
-1.49622
-1.54114
0.0875391
0.699937
-0.197913
0.102717
0.423703
-0.955244
-0.6879
-1.76698
0.214131
-0.123622
-0.104358
-1.49553
0.540284
-1.54218
1.63293
0.0910039
1.15894
1.18692
-2.34586
-0.264343
0.171495
0.822743
0.00268219
-0.117576
-0.914258
0.443325
-1.28944
0.214515
0.956369
-0.633425
0.346485
1.07629
1.14537
-2.22166
-0.111109
-0.482334
1.13474
0.858163
-0.875032
-0.93862
-0.109745
-0.43055
-0.0195155
0.950755
0.0901222
-0.251525
-0.354204
-0.918206
-0.17455
-0.0924382
-0.197431
0.12758
0.0276999
1.11279
-0.0975874
-0.721197
0.947321
-0.247227
1.37549
0.429282
0.911762
-0.839353
0.157013
0.991521
-1.75124
-1.2114
2.22497
0.0126036
0.0103514
-0.170972
1.05252
-2.26391
1.45327
-1.01834
0.748522
-0.155908
0.430517
-0.776785
-0.505723
-0.164342
0.0726303
-0.989572
1.43967
0.392173
-1.43256
-1.61655
0.916028
1.89384
-0.849402
-1.04444
0.891606
-0.350243
0.224614
0.378399
-0.603012
-1.07236
0.509705
-0.666613
1.88486
0.552032
1.29748
-2.3734
1.07592
0.752175
-0.506684
0.00931799
-0.156711
0.831626
-0.154422
-0.477019
1.45665
-0.979634
1.15426
-1.45405
0.299788
-1.07154
-0.661923
1.76816
-0.782148
1.2192
-2.41378
1.1223
-0.483878
-1.30807
1.71662
0.200603
0.343338
1.35418
0.278302
1.07903
-1.35734
-0.47268
0.204567
0.850958
-1.06543
-0.687819
-0.800604
1.48842
0.463702
-0.962651
-0.181204
0.00314166
0.178062
-0.482433
2.21504
-1.57804
-1.82489
1.24061
1.23505
0.0176203
0.594748
-1.89096
-0.413046
0.145515
-0.0288251
-1.41585
0.411452
-0.684076
-0.361217
-1.3125
-1.59562
0.487948
-0.674605
-0.250863
-0.325641
0.875369
1.06908
-0.211477
1.32736
-1.43536
2.5943
1.22681
-1.2552
-0.0245515
0.498662
-0.734544
-0.365442
1.09999
-0.0589441
-0.028768
1.53156
-0.397815
-0.0551896
0.00059684
1.03582
-1.17234
-0.0777998
-1.401
-1.32549
0.305872
0.140904
-1.26394
-1.07739
1.76641
2.40612
0.122095
-2.36486
1.2802
0.606894
0.947191
0.127333
-0.705627
-2.353
0.833888
0.233466
0.921803
0.268812
-0.775965
1.69199
-0.00588333
-0.040457
0.0463403
1.3229
-1.36296
-1.09547
-0.0255087
0.474911
0.311646
1.53955
0.381095
-0.749083
0.0663784
0.829541
-1.47102
-0.984529
0.57687
-1.10703
0.639229
1.14286
-1.45487
1.58509
-1.02834
-0.951326
1.68697
0.39228
-1.13425
-1.83663
0.842299
-0.0801232
-0.685973
0.32658
-0.419238
1.15993
-0.338709
0.0802451
-0.122707
1.18763
-2.33265
0.933552
-0.385044
0.530481
-1.99816
-0.972548
1.43663
-0.0906256
-1.16906
-1.35881
0.246645
0.0349781
1.96292
0.0481696
-1.38225
1.5318
-0.149548
0.525016
1.56554
-2.09056
-1.29518
0.755598
-1.09556
-0.391158
1.48671
0.447797
-0.645556
1.40647
1.44739
-0.907102
-1.58463
0.0195026
0.6494
-2.00525
-1.22615
1.36048
-1.90318
0.542707
1.40014
-0.984163
-0.0386667
1.02283
-0.328497
0.549533
-0.210658
-0.338875
-0.550875
0.228275
0.0353166
1.62861
-1.03834
1.78209
0.560551
-0.182855
-0.377696
0.194106
0.519564
-0.46563
-0.169635
-0.302728
1.06997
-0.0177937
-1.11277
-1.21643
0.90418
-0.163789
-0.74039
-0.0864183
-0.0152835
-1.85058
-0.548162
0.858534
-1.15875
-0.141952
-1.45315
-1.25143
1.1141
-0.569824
-1.43988
-0.66741
-0.166152
0.423825
-0.930047
-1.16124
0.472727
2.02197
-1.42722
-0.750732
0.338905
0.292882
0.635285
0.98849
1.59657
0.896538
-1.04838
-0.902712
0.522171
-0.853599
1.3773
2.27453
-1.19825
1.17107
0.19018
0.373729
-0.392495
0.0187656
0.20006
-0.00456998
1.11252
-1.3459
-0.854802
1.07748
-0.72577
0.858699
0.0404646
0.215902
-0.562129
-0.980897
-0.214588
1.19548
1.47206
-1.66729
0.195226
-2.24661
1.0768
0.195719
-0.510213
1.15546
-0.709332
0.0221568
0.0036486
1.3767
-1.23569
-0.141011
-1.21556
0.149748
-0.312421
-1.18728
0.311019
-0.462745
0.151725
0.396639
-0.231501
0.238947
0.181231
-0.356629
0.673655
-1.48963
-0.468932
0.806233
0.533331
0.205699
-0.0218364
-0.622912
1.1069
1.11806
0.94288
-1.37975
-0.0307965
0.0956099
-0.0956099
0.515197
-0.351766
-1.09188
0.83865
-1.20409
-0.0287682
-0.300606
1.09444
-0.0258397
-0.106467
-1.34758
1.52653
-2.1849
0.0148037
0.929407
-0.211755
0.505634
1.06681
-0.284024
0.308849
-0.0248247
0.977851
-0.071315
-0.906536
-1.09562
0.352066
-2.02343
1.67136
-0.229509
-1.05778
1.16379
-0.106008
0.531768
-1.62732
-0.965769
0.0433386
-1.37817
0.0410694
-1.23898
1.19962
-1.38661
1.28628
0.100327
0.0659262
0.255217
0.432615
-1.99171
1.12718
-2.2372
1.11002
0.0334959
0.000596592
-0.276275
-1.07804
0.405092
-1.49352
0.132184
0.840164
1.07254
-1.9127
-0.441227
0.738065
0.133965
-0.0385372
-0.0954279
0.244171
-0.244171
1.41446
0.284701
1.844
1.70774
0.474447
-0.898653
0.00300744
0.201859
0.615998
-1.44223
2.49281
-0.138594
1.61066
-1.59347
-0.461285
-0.530889
0.469632
-0.652228
-0.68022
0.264629
0.41559
-1.22836
1.29844
-0.0700779
0.563231
-1.34002
1.07799
-2.00948
0.931483
1.39435
-0.125207
0.208462
-1.43382
-0.0727348
-0.487733
-1.10433
1.20903
-1.44893
-0.0150778
0.699133
0.0832785
-0.897407
-0.767666
0.169349
-0.0735246
0.310923
-0.132299
0.888816
0.505538
-0.196175
0.205299
-1.50648
-1.51179
1.55849
-1.53906
-0.948902
1.82649
1.47521
0.911622
-0.224382
1.73873
0.452228
1.11798
0.202842
-0.0102209
-0.356539
-1.1036
-0.148344
-1.25265
-0.952596
0.013178
-0.013178
0.710068
-0.253799
0.95696
-1.64478
0.0025673
-1.73849
-0.0169275
0.0169275
-1.22582
1.63136
-1.33157
-0.0262577
0.0262577
0.380871
1.20787
-0.0083783
0.442846
-0.0338596
0.0338596
0.693842
-0.0350125
0.0350125
0.0698476
1.24464
-1.31449
-0.0291687
-0.0416665
0.0416665
0.207059
-0.068662
0.0562238
0.0124382
0.0189168
-1.15426
0.733901
-1.49784
-0.491035
0.0405284
-0.0405284
-1.60791
-0.592647
-0.221467
-0.349431
1.04077
-0.691338
-1.26297
-0.0662407
0.0662407
-0.0630725
-0.0547327
-0.038751
0.038751
-0.507934
-0.426866
0.0618008
-0.0618008
-2.09739
-0.755963
-0.0403136
0.0403136
0.378356
0.809692
0.0448222
-0.0448222
-0.0376045
0.0376045
-0.742691
0.0349508
-0.0349508
-0.0374771
0.0374771
-0.626129
0.880648
0.0263248
-0.0263248
-0.515499
0.136744
1.42579
-0.764243
0.017947
-0.017947
-0.05087
0.05087
-1.33298
-0.190555
-0.710807
-0.493285
0.0183542
-0.0183542
0.582217
0.108288
-1.30597
2.3038
-1.72936
0.0566753
-0.0953408
0.0386654
-0.198812
-1.37265
-0.0224235
-1.05303
1.34079
0.526399
0.00232363
-1.94284
1.08055
0.164864
-0.0871872
-0.0776765
0.0428163
-0.0428163
0.0156119
0.0955212
-1.26458
-0.588251
0.521804
-0.0146163
0.016391
-0.016391
0.0175337
-0.0175337
0.018283
-0.018283
0.0188437
-0.0188437
0.0213704
-0.0213704
1.73444
-0.0266973
0.0230621
-0.0230621
-0.021576
0.021576
0.108899
-0.0474529
0.0474529
0.310109
-0.0171634
-1.26399
1.16237
-1.92383
0.661609
0.962789
0.020197
-0.020197
-0.0526817
0.0526817
0.0192346
-0.0192346
0.487386
-0.46789
-0.0837259
0.117797
0.0194339
-0.0194339
-1.35915
0.0345793
-0.0345793
0.624544
1.31676
-0.473644
-0.326212
0.875961
0.0176524
-0.0176524
-0.0416277
0.0416277
0.0176275
-0.0176275
-1.3028
0.502193
0.459254
-0.325409
-0.133845
-0.0037006
-1.30469
0.212773
-0.0438539
0.0438539
-0.284325
1.35915
0.151007
-1.17327
0.00809888
-0.00809888
-1.63964
-0.0456512
0.0456512
2.38613
-2.0451
-0.00836316
0.00836316
-0.0450567
0.0450567
0.190305
-0.190305
1.02224
-1.82908
-0.00619533
0.00619533
-0.0456533
0.0456533
-0.561857
0.986283
-0.424426
0.91105
-1.68159
-0.346459
-0.415696
0.762155
-1.25605
-0.0332636
0.618518
0.852041
0.00787854
-0.00787854
-0.0216772
0.0216772
-0.0369006
0.0369006
0.768726
-1.5659
0.954711
-2.39694
-1.42099
1.42099
0.624691
-1.26783
-0.606893
0.396042
1.89217
0.0115791
-0.0115791
-0.0481478
0.0481478
-1.01975
-0.492122
0.0142171
-0.0142171
-0.0532056
0.0532056
0.454096
-0.547323
-0.158905
0.174689
-0.0557264
0.0557264
0.0190348
-0.0190348
-1.67985
0.761643
-2.14178
0.987269
0.00559043
-0.00559043
-0.624462
0.393002
-0.0631966
0.0631966
0.0345995
-0.0345995
-0.0499138
0.0499138
0.0371927
-0.0371927
-1.17591
0.991057
-1.30565
0.0217435
0.788276
-1.45309
-0.047947
0.047947
0.0634096
-0.0634096
-0.0972751
0.0972751
0.00142589
-0.262315
0.523456
0.0380176
-0.0380176
-0.116745
0.595467
-0.0510081
0.0510081
-0.589612
0.957444
1.16984
0.0342757
-0.879862
0.0538243
-0.0538243
-0.0525027
0.0525027
-1.22173
1.19291
-0.634141
-0.479632
1.11377
-1.44321
-1.12611
0.797259
0.135034
-0.482227
0.347193
0.0521543
-0.0521543
0.00194184
-0.00194184
-0.0481749
0.0481749
0.371836
0.217875
-0.198978
0.319013
-0.637252
0.318239
-0.19892
0.218997
0.267544
-0.140444
-0.1271
0.13784
-0.13784
-1.40698
1.40698
-0.0481948
0.0481948
0.533017
-0.458204
-0.452171
0.113198
-1.14429
-0.0430932
0.0430932
0.101245
-0.101245
-0.164232
-0.0078078
-0.885685
1.62599
-0.08403
-1.17894
0.935959
0.0360947
-0.0360947
0.0160454
0.0553863
-0.0553863
1.37967
1.1575
-0.571927
-0.258295
-0.522298
0.333183
0.336132
-0.355648
-0.0925653
-0.0756576
-0.579754
0.655412
-1.76062
1.08367
0.0246731
-0.0246731
0.352674
0.820521
-0.0601174
0.0601174
-0.745113
0.879421
-1.00988
-0.136414
0.0642525
-1.24016
0.0135198
-0.0135198
-0.0618528
0.0618528
-0.0628104
0.0628104
-0.0721284
0.0721284
-0.0670436
0.0670436
-0.0701852
0.0701852
-0.0684547
0.0684547
0.210702
-0.245557
0.0601893
-0.0707062
0.0707062
0.904544
0.0856334
-0.0856334
-0.33195
0.354905
0.235967
0.00258792
-0.00258792
0.966465
-1.74187
0.615129
-0.0390162
-0.0161734
-0.122805
-0.361248
0.484053
-0.00770202
0.00770202
0.390537
-0.0145582
0.0145582
-0.0126082
-0.0203105
0.0203105
1.3609
0.890908
-0.0172905
-0.0209074
0.0209074
0.0811379
-0.213544
0.369477
-0.0344655
-0.335011
0.0156274
-0.0156274
-0.153902
-1.05062
0.151252
-0.340619
0.558909
-0.631643
-0.945543
-0.132761
0.647977
-0.0656336
0.498739
0.135074
-1.06904
-0.874597
-0.668273
-0.0696129
0.0919604
0.023004
0.879587
0.106689
-0.00333157
-0.0934108
1.08577
1.19754
0.0803089
-1.27785
0.676938
-0.150539
0.222613
0.977718
-0.84509
-0.132628
0.520496
-0.0712374
-0.0575333
-1.3772
0.96368
0.413524
-1.38878
0.743839
-1.03817
-1.78627
-0.180564
1.96683
1.44418
-1.98711
-0.833837
-0.890129
-0.909109
-1.33309
-0.0128143
0.071461
-0.071461
0.151322
-0.446611
0.514128
0.147328
-0.292662
0.484846
-0.00607692
0.00607692
-0.185973
-0.831541
-0.0476345
-0.935021
0.881582
-0.187741
0.44233
-0.346665
0.753392
-1.38387
-0.334037
-0.0536581
0.639969
-0.634179
-0.240418
-0.824088
-0.169849
-0.307295
-0.0961933
1.80397
1.30633
-0.0616882
-0.0193674
-0.364585
-1.36486
0.625755
-0.0854124
-1.06812
1.73037
1.38624
-0.107711
-0.119759
-1.6346
-1.34706
0.255187
0.0137975
-0.0121899
2.70065
-1.53139
0.234082
-0.0181798
1.25548
0.24333
-0.645211
0.195333
-1.1079
-1.08349
0.674544
-0.236261
-0.772129
-0.407134
-0.538983
-0.100513
0.100513
0.0208157
-0.0208157
-1.08196
0.0490162
-0.46956
0.420544
-0.598704
1.37988
-0.637765
-0.953633
0.550406
0.226805
-0.846628
0.24869
-0.301874
0.611304
-2.33712
1.56768
0.769439
-1.09179
1.05312
0.825091
-0.246355
-0.578735
-1.1173
0.03739
0.00458285
1.02741
-0.894955
1.62886
1.17259
-0.350804
0.798601
-0.0666186
0.0236221
0.880497
-0.304124
-1.00626
1.00626
-1.24225
0.254954
-0.134265
-0.120688
0.7488
-0.284603
-0.375231
0.218485
-1.51999
1.5346
0.315439
-0.423278
0.863131
-0.905031
0.0418999
-1.58689
-0.477521
-0.116182
0.0690437
0.846628
0.704537
-1.21287
0.508329
0.169252
-0.000490589
0.295608
1.13349
-1.4291
0.684816
0.137685
-0.635565
0.32827
0.347411
-0.164836
0.210892
0.00299795
-0.715791
0.900008
-1.21443
0.160213
2.28281
-1.46007
0.126111
0.0667732
-0.0367334
-0.0300399
0.217516
-0.489114
0.271598
0.19701
0.114599
-0.114599
-0.291864
0.712516
0.674552
1.09769
-1.09769
0.075964
0.0823073
0.0934313
-0.604492
1.08924
-0.222862
0.663688
0.369363
-0.129389
2.23316
-0.888284
-1.02652
0.144629
-0.132861
-0.283951
0.416812
0.256172
-0.456014
-0.472439
-0.0608881
-1.13522
-0.0380493
1.20317
-0.411351
0.85532
-0.443969
0.353323
-0.0985806
0.973399
-0.148916
-0.0155024
0.695286
-1.77409
0.966942
0.902082
0.0648605
0.913841
-0.93784
-0.506092
-0.0334713
-0.300565
0.96515
-0.893559
-0.0715902
0.126137
-0.296889
-0.0862797
-1.75645
0.528504
-0.102752
0.510383
0.0391493
-1.28059
2.11448
0.00525594
-0.109414
0.16759
0.804811
-0.876126
-0.00186315
0.00186315
-1.54702
0.440262
-0.112212
1.95624
-0.530351
0.717965
-0.119728
-0.0246455
0.0722925
0.493326
0.113203
0.140976
-0.081472
0.241489
-0.0765628
-0.162398
0.238961
0.0361918
-0.0361918
0.137831
-0.137831
-0.758281
1.66933
0.711297
-1.95944
-0.0172112
0.0172112
0.93784
-0.600643
0.20815
0.0728985
-0.965636
0.892737
-0.18925
-0.113792
-0.392259
-0.643422
0.361353
0.306902
0.345453
0.630224
-0.470196
0.911718
-0.00413349
0.00413349
-1.78612
2.23835
-0.106898
0.106898
-0.0885001
-0.19684
0.483468
-0.286628
-1.12795
-0.175283
-0.643534
-1.23385
-0.262375
0.525228
-0.734785
0.413689
0.434823
0.226001
0.914709
-0.693091
-0.328317
0.519101
-0.190785
0.494477
-1.35129
0.202539
1.57062
-0.735825
-0.247974
-0.304528
0.552502
-0.286592
0.698044
0.00813696
0.0846669
-0.0928038
-1.25577
-0.452768
0.286951
0.583031
0.116206
0.0408076
-0.896871
0.532811
-0.0332192
0.325282
-0.569545
0.0876311
-0.264125
-0.360337
-2.12326
-0.761517
1.34816
0.262502
0.0128231
-0.0128231
-0.104884
-0.918854
0.0389924
0.0310269
0.675398
-1.26906
-0.0457146
0.210125
-0.16441
-0.101047
0.101047
1.98047
-0.321555
-1.65891
0.719398
-0.332649
-0.869808
0.408523
0.227192
-0.307827
0.405078
-0.11118
0.299243
-1.42719
-0.79211
-0.00294879
-0.946965
-0.149086
2.36904
-0.0564101
0.0363927
0.0200174
-0.517316
0.262644
0.0766885
0.933903
-1.69218
0.330829
-0.20371
-0.302571
-1.25143
0.766057
0.303916
0.0968877
-0.0968877
0.823493
0.199336
-0.541205
0.269891
0.230066
0.243982
1.49045
-0.208509
-0.471711
-0.171484
1.39862
-0.862692
1.55798
2.20895
0.0882186
0.125797
0.295787
1.55463
-0.642867
-1.4125
1.3324
-1.60939
-0.689058
-0.302631
-0.495672
0.228242
0.26743
1.4403
-0.110656
0.108558
-1.01509
-0.0945379
-0.159044
0.512934
-0.0799316
-1.551
0.178347
1.00709
-0.0639293
-0.838753
0.176821
2.10369
-0.956394
0.561458
-0.823039
0.367793
0.130869
2.0208
-0.0941288
-0.301265
-0.5305
0.756796
0.607862
-0.58437
0.155071
0.186713
0.924819
-0.290476
-0.208945
0.499422
1.12956
0.658191
1.65954
0.478913
-0.0398236
0.0160454
-0.15823
-0.232325
0.390554
0.246556
-1.27393
-0.963268
0.0802451
-0.226138
0.593726
1.12048
-0.647757
-0.920601
0.00937411
-0.0609797
0.212446
-0.5278
1.21804
-0.140491
0.121136
0.222144
0.438678
-0.658198
0.594623
-0.329994
-0.355869
-0.129476
0.485345
-0.896772
-1.01593
0.0206508
0.00833126
-0.491105
0.402605
0.786229
-1.56925
0.78302
0.297141
-0.283141
-0.0139995
0.924148
-0.357875
-1.01663
1.31634
0.086654
0.0138828
-0.0215034
-0.389626
-0.160755
0.401303
0.298418
-0.348298
-0.275227
-0.0785882
0.353815
1.30524
0.142877
-0.142877
0.603015
-0.116152
-1.47731
-0.115946
-0.276549
0.785939
-0.407583
-0.194026
-0.420316
-0.0103179
0.0103179
-0.251673
-0.144744
0.396417
-0.480791
0.240027
-0.00760193
-0.184488
-0.273916
0.560019
-0.876329
-0.667346
1.77751
-1.59498
0.0351002
-0.98697
-1.21925
2.40674
-1.65915
-0.209552
-0.318248
-0.28174
-0.180851
-0.609031
1.23926
-0.400721
-0.268944
-0.240202
-0.27958
0.519782
-0.292153
0.487872
-1.28796
0.998564
-1.91916
0.00290976
0.0162435
0.000169576
-0.272812
-0.140825
0.74772
-0.179486
-0.115186
-0.18905
-0.201316
0.390367
-0.234164
0.668432
-0.0378804
0.0722204
0.0925868
-0.177088
1.71919
0.00177749
-0.458551
0.993627
-0.535076
1.91961e-05
0.352962
-0.352981
-0.219289
0.0451649
-0.00869506
0.569054
-1.31814
0.0383892
-0.387913
0.610056
0.437094
-0.309609
-0.127485
0.923875
-0.923875
-0.00156266
0.0685104
-0.220831
0.143155
1.18951
-0.049156
0.0565621
-0.00740608
0.215214
1.57403
-0.805302
-0.764093
0.0136975
0.410575
1.28753
-0.583955
1.51786
0.00270916
0.862409
0.937138
-1.61461
-0.24029
-0.0315783
0.0248572
0.00672114
-0.0410164
-0.0098714
-0.308912
0.255071
0.000127334
-0.169634
-0.357313
-0.0456141
0.0456141
-0.208922
-0.248016
0.456938
0.235927
-0.289119
1.28696
-0.00862598
0.00306107
-0.888017
-0.266432
0.227182
0.317317
-0.43401
0.245683
-0.841359
1.53962
0.0306595
-0.451208
-0.621153
-0.0799321
-0.140899
-0.413792
0.0778228
-0.135356
0.282019
-1.96188
0.458012
0.676724
-0.342089
0.263539
0.156196
0.363368
0.677376
-0.197016
0.270629
0.404615
-0.675243
0.0880762
-0.0563305
-0.452205
1.34919
-0.916755
-0.483647
0.864742
0.446181
-0.0339763
-0.218464
0.614507
1.03569
-0.480296
-0.64582
1.38323
0.303127
-0.659757
-0.0442943
-0.280985
-0.0402579
0.324163
0.219016
-0.430668
1.34564
0.844273
0.842702
0.00871654
0.735445
-0.433519
-0.301926
0.342675
-0.224726
1.78698
-1.37329
0.352508
-0.470084
0.721709
0.947623
-0.486541
-1.27997
0.0607193
-0.00463654
0.22693
0.259588
0.00922372
-0.0208458
0.00177469
0.515992
0.00114269
0.000749301
0.00056068
-0.0211083
0.00252674
-1.30898
1.85645
-0.347154
-0.00137899
-0.580301
0.985393
1.20249
-2.06831
0.865825
-0.00272011
0.0560248
-0.000962394
0.441296
-0.65976
-0.0130601
0.0130601
0.0742137
0.00743122
-1.0229
1.58613
0.0685104
-0.261802
0.677392
0.000199286
-0.659845
-0.537553
0.363746
0.0589042
-0.00178154
-0.822057
-0.212109
-0.00704843
-1.29006
0.0900512
-0.318734
-2.4881e-05
-1.36929
0.318679
0.180402
-0.255092
0.721013
-1.54307
-1.0397
0.188779
-0.128594
0.128594
-0.0022262
-0.0659472
-0.000101152
-0.179819
0.186341
0.0459545
1.6689
0.470491
-1.72068
1.81074
-0.00179723
0.311503
-0.0228999
-1.13136
0.0305887
-0.0992507
-0.151658
0.756765
-0.587416
-0.169104
-0.535333
0.331538
-0.130444
-1.13413
0.842603
0.000594483
0.190347
0.485312
0.847952
1.51909
-0.643129
1.13566
-1.07141
0.639826
0.353146
0.319904
0.461191
0.348891
-0.285085
0.259245
1.27359
0.021278
-0.749267
-0.291928
0.185088
-0.215884
1.13256
-0.6476
-0.0580269
0.516229
-0.205209
0.378803
0.340595
2.20105
0.159856
-0.0670885
-0.0282523
-0.00277272
0.125797
0.409217
-0.535014
-1.08266
-0.698175
-0.891938
0.122988
-0.0316527
-0.0913356
0.508232
-0.932658
0.00954546
-0.846118
-1.4726
-0.0538657
-0.363965
0.419854
0.157937
-0.0025208
0.00481766
-1.30938
-0.00543704
0.305945
-0.392796
-1.10775
-0.591533
0.442617
1.42331
0.490152
-1.13791
0.568738
0.808561
-0.584799
0.174967
-0.0422705
-0.0524649
1.46143
-0.49775
-1.03113
0.441204
-0.0321919
-0.888421
-0.381062
0.296585
0.0969625
-0.0279187
0.00196685
0.0262169
0.964153
1.05782
0.531455
0.724789
-0.687023
-0.69685
-1.1458
-0.616013
0.91016
-0.46808
-0.373807
-0.187955
-0.353887
0.234621
-1.14161
-1.85003
0.106348
-0.242728
0.289691
-0.0469637
-1.3542
-0.910343
-0.00167005
1.47328
0.00432779
-0.357567
-1.43105
-0.283569
0.249103
-0.36194
0.340404
-0.450994
0.110589
0.11117
-1.98809e-05
0.318986
0.375124
-0.15637
1.83857
-1.71432
-0.709218
-0.207032
-1.34651
-0.0332397
-0.0321204
0.00969689
-0.0214734
0.959035
0.119881
-0.0429943
0.0508267
-0.0746726
1.49055
-0.921808
-0.00699846
-0.83249
-0.0904231
0.0274377
0.0629854
1.57312
-0.852103
-0.536143
-0.393545
-0.24936
0.642905
-0.56208
0.161468
-0.549381
-0.0114216
-0.00473119
0.433683
-0.62771
1.21494
0.456936
0.00166527
-0.185238
-0.406295
1.6971
-0.908561
-0.302726
0.22403
-0.0111533
-0.222864
-0.0467105
0.327435
-0.305278
1.43489
-0.640798
-0.326363
0.563148
-0.236784
0.345136
0.328518
-0.771312
-0.581071
-0.000957601
-1.17394
0.632731
0.260139
-0.387899
-0.0109319
0.738532
0.588852
-1.32738
0.00173054
-0.39479
0.271985
-0.00225155
-0.265802
-0.418274
0.118222
-0.436898
-0.582045
0.341843
0.193625
-0.0102899
-1.35932
0.30036
0.529293
0.626162
-0.00685624
0.107705
-0.642028
0.338415
-0.00575229
-1.12922
-0.129546
-0.616407
0.478768
-0.575888
0.514631
-0.514188
0.19594
-0.690276
1.19861
1.84291
-1.08732
0.0298146
0.842793
-0.750832
0.559608
0.089452
0.134686
-0.184503
1.1937
0.348851
-0.356659
-0.0150412
0.35916
1.08186
0.750283
-1.0932
-0.992531
1.10628
0.41788
-0.0229535
-1.24767
-0.481318
-0.727871
2.29555
0.858894
-0.454279
0.00946202
0.306887
-0.517545
-0.290428
0.132727
-0.472385
0.504709
0.308734
-0.63029
0.321555
-0.0788379
-1.17259
-1.36396
0.136777
0.0920601
-0.603172
0.501336
-1.11775
-0.566618
1.76924
-1.96556
-0.0117506
0.982618
-0.589361
-0.393257
-0.105889
0.0567328
0.413991
0.00388927
-0.393617
0.540946
-0.292001
-0.160767
1.01297
1.21897
0.208119
-1.08483
-0.00570474
-0.0346858
0.103041
-1.00278
-1.1306
-0.21838
0.100141
-0.0976204
0.817614
-0.195847
-0.276327
0.472173
0.32447
-0.213861
-0.281812
0.200933
1.21185
0.691882
0.345863
-0.00884803
-2.05405
0.0182376
-0.0157922
-0.291328
0.340555
-0.991866
-0.308015
0.0457004
-0.0821414
0.0928611
-0.0107197
-1.15235
0.723504
-0.694772
1.65114
0.0426523
0.471979
0.902783
-0.0248348
0.781918
0.00376904
0.0377834
-0.0391624
-0.321201
0.0407669
-0.0425484
-0.0968746
-0.69987
-0.27863
-0.126774
0.574817
0.446715
0.353528
-0.514389
-0.083478
0.0861871
-0.508846
0.303249
-0.113433
0.606002
0.458958
0.0165702
-0.0165702
0.00530953
0.0187056
-0.0175629
-0.851426
0.218906
-0.627456
0.0140861
-0.0384107
0.12865
1.23448
-0.0212753
0.2649
-0.34998
0.0850804
0.560615
-0.232345
0.318236
0.043938
0.0669806
0.0191198
-0.31192
0.465933
-0.425122
0.407832
-0.505243
-0.195925
0.499174
-0.584518
-1.69723
-1.14524
2.35662
0.623382
-0.358182
1.63517
0.404483
-0.0683508
-1.38389
0.262921
-1.23391
1.58462
-0.350715
0.0347149
-0.0347149
0.31143
-0.512916
0.201485
0.200908
-0.0920768
-0.108831
-0.276784
0.505027
0.0145672
-0.684207
0.842884
-1.29293
1.84496
0.508027
0.549557
-1.28538
-0.0300787
0.446598
-0.249596
0.180606
-0.386539
0.0166822
0.436896
-0.458369
0.0228945
-0.0145111
-0.000979404
-0.0738204
0.0535416
-0.0262205
-0.393944
0.313009
-0.424118
-0.59038
1.23035
-1.52998
-0.200354
-0.384445
0.370995
-0.684294
-0.215801
0.766207
0.767813
0.00495495
0.0598804
0.461376
2.01727
0.285561
-0.655968
0.264088
-0.309345
1.38556
-0.48902
-0.477658
0.132028
-0.0455356
0.259667
-0.349004
-0.0623365
0.0240351
0.0422358
-0.888353
-0.880735
1.83154
-0.988842
-0.00799255
0.526631
0.0672583
-0.00101758
-0.0594717
1.18371
-1.12424
0.201497
0.35467
-0.202245
0.0786234
-0.432384
0.339946
2.03807
0.264947
-0.369305
0.237356
-0.368681
-0.358995
-0.188328
0.0672583
0.0619996
-0.0156593
0.762272
0.435655
-0.0555557
0.139611
-0.00421078
0.0282707
0.0346173
-0.0346173
-0.293288
-0.108653
-0.148936
-0.501277
1.38086
0.0897093
-0.0652786
0.0565025
-0.0317061
-0.492841
0.343124
0.171805
-0.0371718
1.82167
-0.930766
0.0662928
-0.274555
-0.188189
-0.0447685
0.0245476
-0.929736
-0.989428
0.985144
-0.694207
-0.62393
0.066985
0.28683
-0.498576
0.909003
0.0322924
0.0399425
0.0477951
-2.03572
-0.0322924
-0.910267
-0.115942
0.264999
-0.107334
0.0146689
0.333512
-1.39895
-0.571841
-0.412831
-0.0838386
-0.128146
0.086926
0.859857
-0.0247467
-0.528099
0.123622
0.272795
-0.145048
-0.0394743
0.480354
-0.250115
-0.868108
0.153467
0.2369
0.374215
-0.569443
1.1239
-0.772845
0.216023
-0.035417
0.520541
0.359746
-0.57329
0.00424097
-1.72787
1.64904
0.806746
-0.381389
-0.425357
-0.399933
0.0903246
0.105768
-0.323177
-0.0943777
0.398334
0.0359788
0.845916
-0.822442
-0.382315
0.287937
0.0734845
-0.0289376
-0.143705
-1.03733
0.170005
-0.198773
-0.149082
0.112419
0.0366631
0.0108352
-0.0521375
0.0521375
0.648875
-0.910805
-0.0548304
-0.00335671
0.00335671
-0.44228
-0.331661
0.177239
0.199349
-0.327162
0.591509
-0.31991
0.298812
-0.108861
0.072314
0.029226
-0.0371718
1.26088
-0.0345208
-0.106378
0.415524
-0.429524
-0.196572
0.542024
-1.41245
-0.549429
0.371195
-0.115198
0.126301
0.219838
-0.614908
-0.239013
0.056349
-2.55676
-1.3108
-0.0034751
-0.433718
-0.437876
0.809712
0.0843786
0.116229
0.0341083
0.530409
0.190114
-0.211951
-0.0341083
0.0345843
-0.200812
-0.203109
-0.693565
-0.173987
-0.70214
0.736522
0.352715
-0.0194993
0.188994
0.832177
-1.78857
0.00272021
-0.181805
0.00276434
0.322117
-0.0675836
1.66199
-1.20555
-0.415644
0.0270515
0.281465
1.34005
-0.0654998
0.879983
-0.526955
1.43858
-0.019022
-0.761959
0.614315
0.0234639
0.312753
-0.0806267
0.0564514
-0.741665
0.340944
-0.715382
0.42879
-0.473837
0.0371346
0.879971
-0.259613
-0.0886854
0.0307032
0.185733
-0.314637
-0.0144822
0.367223
-0.573801
0.471843
0.101958
0.138831
0.023744
0.24998
0.985909
-0.84128
1.02505
0.039138
-0.023744
1.71084
-0.547542
0.186294
-0.0250871
-1.05757
-2.04507
0.0278336
-0.0251846
-0.142713
-0.392301
-1.09749
0.18864
-0.0824222
0.474138
-0.694037
1.16188
0.091012
-0.0392139
-0.0745782
-0.855734
1.02351
-0.184025
-0.0615714
-0.310289
-1.13288
-0.195389
-0.124783
-0.501425
0.419078
-0.54635
1.26985
-0.000926488
-0.0671366
-0.991639
-0.00230883
0.0530144
0.0398468
-0.143845
-0.13858
0.992135
1.81054
0.240121
0.594647
-0.109335
1.67578
-0.711627
0.000172033
1.08298
0.434876
-0.35856
-0.578289
0.394264
-0.0872345
-0.016294
-0.247529
-0.140333
-0.262823
0.462883
-0.0354891
-0.00141914
0.0387608
-0.285988
0.138231
0.633546
-0.0814913
-0.122112
0.424147
-0.550905
0.386673
0.399012
1.95777
-0.0333359
0.265517
-0.375262
-0.0136852
0.257641
-0.298152
-0.205696
0.0713167
-0.0257699
-1.38967
0.0303466
0.109644
0.140796
0.347077
-1.45813
-0.396361
0.768099
-0.353338
-0.41476
0.0158932
1.17361
0.552302
-0.319739
-0.268667
0.0119083
-0.458505
-0.364533
1.86763
-0.0870828
-0.209875
-0.0234639
-0.0127278
0.115881
0.0814913
0.708018
-0.354031
-0.973352
-0.291823
-0.139567
0.00878019
0.177147
0.279791
0.313905
-0.386237
0.258752
-0.299334
0.264333
-0.353018
0.652255
0.566935
-0.0231429
0.211906
-0.49889
-0.0883897
-0.414047
0.270342
0.921759
-0.761441
-0.171264
-0.33848
-0.210901
0.0643242
0.00879104
0.0207333
-0.893156
0.833685
0.391304
-0.868825
0.00451508
-0.00451508
-0.635885
-0.795162
0.602497
-0.231502
0.0885701
-0.223291
1.49479
-1.2715
0.0806999
-0.0822626
-0.631338
-1.07059
0.581807
-0.373657
0.689492
0.0506286
-0.365464
0.152968
-0.413591
0.30473
-0.0398404
0.0400397
-0.182778
0.0714655
-0.457745
-0.131867
-1.627
0.18309
-0.513084
0.0355584
0.28463
-0.306773
-0.0374344
-0.00798587
0.00873517
-0.98073
-0.308947
0.0726496
-0.073629
-0.228339
-0.269486
0.367592
0.124992
-0.345009
-0.0852633
1.38537
-0.736496
-1.18919
-1.10081
0.064142
-1.38088
1.31674
-0.033025
0.22665
-0.00715743
-0.808981
0.0208944
0.161326
-0.0736948
0.0893976
-0.0911948
-0.21595
-0.398958
-0.53568
0.0207739
-0.0180537
0.77532
-0.318384
0.29528
0.370363
-1.55033
-0.220021
-0.294167
-0.438006
0.81207
-2.29145
-0.251118
-0.349171
0.000349016
-0.308527
-0.362667
0.318316
-0.616801
1.742
-0.735537
-0.0955709
0.572046
-0.811337
0.324796
1.01802
1.30357
-1.52511
0.0342247
-0.315246
-0.0434175
-1.33599
-0.322924
1.59253
0.0267781
-0.0381997
0.320786
-0.0572477
-0.318813
-1.27252
0.480475
0.679384
-0.487168
1.96115
-0.228079
-0.0234933
0.152509
0.0318591
-0.117982
-0.645138
0.0963001
0.493162
0.0270515
-1.20975
0.190727
-0.0240599
0.0129066
0.0466684
-0.054992
0.0215978
0.218742
-1.35125
-0.270812
1.18721
0.00858401
-0.936522
-0.138095
-0.303028
-0.625684
0.353529
-0.0101203
-0.0583149
-0.052341
0.647872
0.0800104
-1.51106
0.43807
-0.411701
0.466172
0.004869
-0.00430832
0.387755
-0.987125
0.0738204
-0.00656216
0.847048
-0.0959858
1.17897
-0.0970803
0.184067
0.681891
1.24855
-1.29526
0.0706713
0.389225
-0.35008
0.296214
-0.177317
0.0953431
-0.0975693
-0.0526044
0.0756083
0.0681559
0.156395
0.914923
-0.0303822
-0.010317
-1.37057
0.335737
0.535604
-0.303272
-0.232332
0.45967
-1.32091
-0.00141914
0.343699
0.00475986
-0.0146313
0.430056
-0.114868
0.00193757
-1.04168
1.29099
0.414219
0.0276069
-1.55163
0.45768
0.0927016
-0.190337
-0.0950554
-1.26971
0.0308407
1.23887
-0.0505714
-0.219358
0.0662261
0.0223799
-0.0292361
0.0318342
1.20093
0.657029
-0.142721
0.0422504
-0.263531
-0.53097
-0.153965
-0.0136042
0.0831692
-0.0246842
-0.149913
-0.837057
-0.131295
0.00126918
-1.4475
0.0215651
0.0646221
-0.0595935
0.19281
-0.0255029
-0.20295
-0.238227
0.200819
-0.856971
-0.0399472
-0.0752391
-0.807934
0.0728957
0.0526127
0.570154
-0.374214
-1.75612
2.14086
0.338738
0.0680121
1.0673
-0.0141067
-0.460031
-0.584931
0.285483
-0.266718
-0.122294
-0.0313446
0.807184
0.115356
-0.637303
-0.0537842
-0.166556
0.935637
-0.427218
-0.025323
0.0327542
0.227467
1.38941
0.0236208
0.366569
-1.3825
-0.32168
-0.0414786
-0.194703
-0.662268
0.0167791
-1.13954
0.404783
-0.878772
-0.371466
-0.00735
-0.587597
-0.346651
0.12374
-0.497955
0.505084
-0.68985
-0.30665
-0.114992
-0.403322
-0.0790369
0.345174
-0.227808
1.17008
-0.018615
-1.32696
-0.389698
0.687189
0.226653
0.109526
-0.548654
-0.556531
-0.512346
0.355949
0.186309
0.0204432
-0.145959
-1.36955
0.0974797
-0.414125
0.516084
0.730397
0.407561
1.01479
0.459546
-0.0244918
-0.18254
-0.0914478
-0.0588388
-0.677424
0.358612
0.0690462
-0.0128781
0.0085698
-0.119184
0.574586
-0.175574
0.106141
0.448559
-0.341057
-0.0512437
0.0255701
0.0553967
-1.05818
-0.0363163
-0.172456
0.65282
0.161274
-0.120199
-0.0337658
0.118469
0.0421566
0.14857
-1.4597
0.135601
-0.234976
1.06082
-0.0217887
-0.0088509
0.67016
0.0917977
0.0943565
-0.131283
-1.1029
0.0298381
-0.144017
-0.289669
0.228236
0.137267
0.0647494
0.0965221
1.87002
-0.148059
-0.489116
-0.430094
0.34914
-0.06231
-1.02914
0.730479
-0.00675016
-0.716861
0.0908027
-0.273916
0.452213
-0.0280544
-0.363151
0.724503
-1.34856
0.358249
-0.902873
-0.642569
)
;

boundaryField
{
    SideWalls
    {
        type            empty;
        value           nonuniform List<scalar> 0();
    }
    Top
    {
        type            calculated;
        value           uniform 0;
    }
    Inlet
    {
        type            calculated;
        value           nonuniform List<scalar> 
18
(
-1.94444
-1.94444
-1.94444
-1.94444
-1.94444
-1.94444
-1.94444
-1.94444
-1.94444
-1.94444
-1.94444
-1.94444
-1.94444
-1.94444
-1.94444
-1.94444
-1.94444
-1.94444
)
;
    }
    Bottom
    {
        type            calculated;
        value           uniform 0;
    }
    Outlet
    {
        type            calculated;
        value           nonuniform List<scalar> 
18
(
2.19699
1.97223
2.10901
1.93333
2.01491
1.90687
1.8493
2.14898
2.17819
2.20386
2.05813
1.84911
2.08714
1.87812
1.79924
1.5537
1.85672
1.40417
)
;
    }
    Plate
    {
        type            calculated;
        value           uniform 0;
    }
}


// ************************************************************************* //
