/*--------------------------------*- C++ -*----------------------------------*\
| =========                 |                                                 |
| \\      /  F ield         | OpenFOAM: The Open Source CFD Toolbox           |
|  \\    /   O peration     | Version:  2306                                  |
|   \\  /    A nd           | Website:  www.openfoam.com                      |
|    \\/     M anipulation  |                                                 |
\*---------------------------------------------------------------------------*/
FoamFile
{
    version     2.0;
    format      ascii;
    arch        "LSB;label=32;scalar=64";
    class       surfaceScalarField;
    location    "0.2";
    object      phi;
}
// * * * * * * * * * * * * * * * * * * * * * * * * * * * * * * * * * * * * * //

dimensions      [0 3 -1 0 0 0 0];

oriented        oriented;

internalField   nonuniform List<scalar> 
7520
(
-0.969705
0.591961
0.377744
-1.31762
-0.200608
1.51823
-0.023267
-1.5551
1.57837
0.280024
-0.0457629
-0.234262
-0.335448
1.45943
-1.12398
-0.158191
0.174947
-0.0167561
-0.249391
2.06248
-1.81309
0.0290715
-1.5347
1.50563
-1.18783
1.16457
0.615055
0.211033
-0.826088
-0.213179
0.0106399
0.202539
-0.174121
-1.80396
1.97808
0.51325
0.160647
-0.673897
-0.158735
0.215351
-0.0566162
-1.82055
1.02307
0.797481
0.159596
1.62616
-1.78576
-0.138678
0.0230394
0.115639
0.0299459
0.207815
-0.237761
-0.371229
-0.090554
0.461783
0.0338928
-0.172571
-0.527951
-0.151865
0.679816
-1.11471
1.2743
-0.0746916
-0.363991
0.438682
0.210876
-0.183149
-0.0277272
-0.0320184
0.159832
-0.127814
0.291516
-0.28559
-0.00592608
0.847856
1.13837
-1.98622
-0.0555565
0.381171
-0.325615
0.138433
-0.509662
0.350957
-0.061247
-0.28971
-0.900002
1.5661
-0.666098
-0.0831924
-0.0368527
0.120045
-1.77543
1.98281
-0.207379
-0.018923
0.232085
-0.213162
-0.100505
-1.18584
1.28635
-0.516384
0.665113
-0.148728
0.260398
-0.573955
0.313557
0.835109
-1.61251
0.777403
0.101101
-0.380592
0.279491
-0.0736014
-0.192639
0.26624
-0.0308895
0.310914
0.558425
-0.126426
-0.432
0.330414
-0.0388977
1.6715
-1.14734
-0.52416
-0.29469
-0.702794
0.997485
-1.56112
1.64316
-0.08204
0.0608521
0.0682997
-0.129152
0.340229
-0.106042
-0.234188
-1.28423
0.384228
0.324527
-0.0911196
-0.233407
1.71256
0.144384
-1.85694
-0.714927
0.176358
0.538569
-0.146105
0.156662
-0.0105566
1.08092
0.485372
-1.56629
0.0197909
-0.177982
-0.783507
0.0737874
0.709719
0.295059
-1.24881
0.953755
-0.0651082
-0.128585
0.193693
-0.184218
0.101025
-2.39814
1.15589
1.24225
1.81894
-1.17201
-0.646928
-0.0140467
-0.0808149
0.0948616
-1.05464
0.954135
0.833339
-0.320089
0.0355592
-0.181664
0.00974064
-0.168476
1.10278
-2.19604
1.09326
0.237064
1.4755
-1.33097
0.988329
0.342644
0.359301
-0.268089
-0.0912118
-0.558551
0.853611
0.747342
-1.28828
0.540941
0.397749
-0.0956198
-0.302129
0.690343
-0.360136
-0.330207
0.83717
-1.69725
0.860085
0.2106
-0.183401
-0.0271982
2.33156
-0.809707
-1.52186
0.52003
-0.859861
0.339831
1.3363
-1.14383
-0.192477
-0.940916
0.15741
-1.57738
-0.820756
0.683174
-0.0871561
-0.596018
0.264493
-0.705531
0.441038
0.237326
-0.256249
0.294553
-0.264607
0.385613
-0.0346551
0.0625392
-0.0544005
-0.00813865
1.32387
1.00769
-1.44699
1.6493
-0.20231
1.15812
0.66082
-1.07916
1.0928
-0.0136437
-0.0173604
-0.162891
0.180251
1.34678
-1.5209
0.278764
0.220355
-0.119254
0.960631
0.00351723
-0.964148
0.00897999
0.160944
-0.169924
-0.594382
0.373311
0.221071
1.58757
-0.750402
-0.828854
0.678358
0.150496
0.908091
-0.72802
-0.180071
-0.15516
0.192401
-0.0372413
0.461416
-0.134895
-0.326521
2.10001
-1.38843
-0.711575
0.593818
-0.55941
-0.410296
-1.32413
0.765576
-1.81072
1.56133
0.210879
-0.0987328
-0.112146
-0.221104
0.0079245
-0.265344
0.265017
0.000326224
-0.792477
0.657834
0.134644
1.92971
-1.09461
-0.32147
0.0908944
0.230575
-0.812275
0.284323
-0.204764
-0.0364973
0.241261
0.111417
0.571757
-0.656382
0.231322
0.42506
1.14097
-2.04478
0.90381
0.0767202
0.134155
-0.07777
-0.637157
-0.259861
-0.0665264
0.326387
1.05425
-0.43919
0.00822911
0.343752
-0.351981
-0.047912
-0.242515
0.290427
0.11765
-0.107441
-0.0102089
0.694326
-1.77973
1.0854
0.43627
-0.510962
-0.359759
-0.095717
0.455476
-0.137844
-0.183626
0.0735517
0.283433
-0.356984
0.179497
0.0427578
-0.222255
-0.0788946
0.258392
-0.642795
-0.0135866
0.479789
-0.76029
0.280501
-0.766648
1.32968
-0.563029
0.319714
-0.387675
0.0679608
-1.08291
-0.241217
-0.0555951
-0.0951781
0.150773
1.43947
-0.358544
-0.627852
0.497616
0.130235
-0.233883
0.575949
-0.342065
0.354181
-0.089904
-0.264277
0.242658
-1.79776
0.287686
-1.8488
-2.00199
0.885533
1.11646
-0.881076
-0.449897
-1.30227
0.778198
0.52407
1.58064
0.302969
-1.88361
0.249172
-0.322773
0.323971
0.357856
-0.681827
-0.0893971
-0.618451
0.707848
-0.22291
-1.07936
-1.80591
0.0304791
0.0561048
0.00643439
0.0908601
-0.174773
0.0839132
0.320011
-0.385119
0.565555
0.342536
-0.189186
0.158296
0.156238
-0.0638067
-0.0924308
0.825297
-0.430886
-0.394411
-0.602932
-1.21762
0.343051
-0.432448
0.077556
-0.639947
0.562391
-0.162788
-0.0536984
0.216486
-1.36721
0.672617
0.694593
0.333856
-0.669304
-0.200105
0.582313
-0.382207
0.168857
-0.200876
0.594991
-0.275267
-0.319725
1.29946
-0.338825
0.265189
-0.356308
0.982285
0.133113
-1.1154
0.339965
-0.395522
-0.370068
-1.28834
1.65841
1.25523
0.689214
0.757714
-0.493221
-0.934089
0.417705
-0.724496
1.00847
-0.283978
-0.0420881
-0.0227282
0.0648163
0.280211
-0.365117
0.0849058
-0.662163
0.773579
-0.293787
-0.187203
0.48099
-0.210937
0.0481496
-0.890335
0.967891
0.20893
-0.813199
0.604268
-0.478593
-0.115789
0.741223
-0.480825
0.232781
-0.0221814
0.210083
0.0807581
-0.290841
-0.283242
-0.509235
-0.70183
-0.0528694
0.754699
0.140485
0.257263
-0.830774
-0.86648
-0.812281
-0.554929
-0.0105888
0.189463
-0.178874
0.817517
-0.319421
-0.498096
-0.869597
0.102949
-1.14708
2.10811
-0.961028
0.402597
0.192394
0.288136
-0.235786
-0.0523498
-0.725804
0.648034
0.685964
-0.980655
1.80581
-0.0589992
-1.74681
-1.78864
2.27071
-0.482073
-0.0348242
0.125684
0.406075
1.21344
-1.61951
0.0478224
-0.211049
0.163226
-0.197465
1.7602
-1.56274
-0.000218124
0.206319
-0.206101
-0.926951
1.3102
-0.383249
-0.00618091
-0.719623
-0.158833
-0.542997
0.325535
-0.228736
-1.70002
1.92876
-0.627847
0.537293
-1.8105
0.979724
0.193357
0.0604303
-0.253787
0.210852
-0.258764
0.118777
1.60112
-1.7199
-0.42258
-0.681558
1.10414
-0.581336
0.451491
0.129846
2.31397
-1.48874
-0.82523
0.565018
-0.987598
0.215322
-0.232267
0.0169451
0.111197
0.758358
-0.869555
0.100792
-0.103244
0.00245272
0.836637
0.83686
-1.6735
-0.276883
-0.551971
-0.13355
0.352277
-0.218727
-0.987365
0.663972
0.323394
-0.129208
0.0698025
0.0594055
0.782865
0.0346523
1.13101
-2.11975
0.988743
-2.39956
1.07736
1.32221
-0.999108
-1.40046
-0.399713
0.409516
-0.0098028
-0.292424
0.370231
-0.0778074
0.393266
-1.03883
0.645562
5.82025e-05
1.11498
-1.11504
-0.53291
0.445754
1.01017
-0.0278882
1.01971
0.997649
-2.01736
-0.24356
0.12142
0.12214
-0.102886
-0.88448
1.74685
-0.3867
-1.36015
0.198177
-0.150355
-0.0277467
-0.139423
0.162463
0.885015
0.861832
0.326181
0.496796
-0.822977
0.42666
-0.0454887
0.0543894
0.216065
-0.270455
-0.261395
0.339077
-0.077682
-1.81859
0.900946
0.917648
-0.0259103
-0.266513
0.974665
-0.494876
0.902396
-0.37454
-0.527857
0.171692
0.168538
-1.94907
1.88558
0.0634868
0.950588
-0.741658
0.00207519
-0.174137
0.172061
0.0147962
0.132431
-0.147227
0.156097
-0.251717
1.63604
-0.533262
0.0454452
-0.171594
0.126149
0.0282149
0.128023
-0.280225
0.290865
0.983192
-0.979675
-0.710018
0.710076
0.3176
-0.107516
2.06248
-0.0511964
0.160438
-0.109242
-0.269346
1.25254
-0.252129
0.162153
0.0899769
0.109414
0.352001
0.123345
0.435081
0.853204
-0.529234
0.542816
-0.407569
-0.135247
0.327806
-1.25476
-0.125311
0.198862
-1.63623
1.40749
0.202139
0.0131828
-1.60716
0.248646
-0.482529
0.19487
-0.187732
-0.00713851
-0.633126
-1.18547
1.10456
0.995448
1.46785
-0.795231
-1.80396
0.413478
-0.405249
-0.377357
0.0184563
0.358901
0.194648
-0.320799
0.126151
-1.19006
0.487266
-0.264891
-0.256751
0.521642
0.743686
-0.532654
-0.125198
-1.72601
1.85121
0.753819
0.198191
-1.48227
1.28407
0.918775
1.06404
-0.897435
1.30838
-0.9023
-0.0476201
0.451175
-0.403555
-0.848351
0.833851
0.0144998
0.107178
-0.0617324
-0.108699
0.375442
-0.266743
-0.415596
-0.110814
0.526411
-0.487557
1.74279
-0.307693
-0.414694
0.722387
0.181635
-0.120783
0.17274
-1.2519
0.347031
-0.292641
0.0197876
-1.9852
1.09201
0.89319
0.483575
-0.322929
0.0140167
-0.0931084
0.412822
0.97936
1.33461
1.5964
-0.494776
-1.10162
0.166246
-0.0595716
-0.106675
0.747621
0.588682
-0.410076
0.0327187
0.536717
-1.4927
0.955982
-0.217419
0.249448
-0.0320287
0.679926
0.907646
-0.268091
-0.112501
0.759397
-0.433216
-0.575091
1.42295
0.195074
0.0158045
1.89429
-0.753318
0.206612
-0.197632
1.78192
-0.185523
0.142582
0.476403
0.0664134
0.0151535
0.344147
-1.66634
-0.928276
0.889817
0.0384585
0.013235
-0.196636
1.79501
0.0077592
-1.80277
-0.795062
0.487369
0.282191
0.071991
-0.35223
0.0841406
-0.152052
-0.991773
1.52952
-1.58699
0.0574662
0.289036
-0.573997
0.284961
-1.00982
1.68974
-0.855208
1.54953
0.436228
-0.147192
0.705458
-0.474136
1.84989
-0.50311
-0.0028525
0.250385
-0.247532
-0.155019
-0.0306967
0.185716
0.160071
0.00617504
0.162825
-0.829302
0.147208
0.103223
-0.250431
0.630419
0.699258
-1.76443
1.39436
0.173997
-0.533755
-0.53851
1.28585
-1.12027
1.34796
-0.227691
0.548414
-2.02492
1.82745
2.16126
-0.837396
0.875991
0.795513
-0.0804379
0.246392
1.28313
-1.36329
0.320445
1.04285
0.337742
-0.398989
-0.375475
0.349565
-0.261584
0.182689
0.081038
-1.22838
0.605878
-0.87355
0.267672
-1.79787
0.886425
0.911445
-0.565459
-0.722824
0.104492
-0.118539
0.10881
-0.473942
0.660708
-0.186766
-0.660611
0.460506
1.23167
0.929598
-1.78864
0.0549036
0.0627463
1.62955
-1.39418
-0.235372
-0.381751
1.59519
-1.1934
1.93325
-0.739848
-0.741921
0.769958
-0.0280364
0.274197
-1.32884
0.156634
0.213597
-0.30128
0.472033
-0.170753
0.23798
-0.372875
1.33656
0.378366
-0.993402
0.615036
0.0100007
-1.54529
1.53529
-0.0789063
-0.186437
0.11581
-0.494943
0.379133
-0.524684
0.867563
-0.34288
0.254879
-0.176274
-0.0786045
-0.21273
0.618441
-0.40571
-1.89288
1.69227
1.8533
-0.481242
-1.37206
0.459041
-0.573483
0.114442
-0.0209104
0.215558
0.218072
-0.696665
-0.854619
1.69126
-0.236271
0.0315069
1.80581
-1.02237
1.13356
-0.0753987
0.0753987
-0.526812
0.256728
-1.70371
2.22008
-0.931737
-1.28834
-0.474971
1.04127
-0.566297
-0.0235693
0.226953
-0.203384
1.05778
-1.10163
0.0438541
-0.311157
-0.418336
0.729493
0.941646
-1.95526
1.01361
0.0367181
-0.885069
-0.273316
0.118297
-0.3943
-0.333041
0.727342
0.606499
0.537803
-1.1443
-1.29436
-0.411126
0.74616
-0.335033
-0.634318
1.3437
-0.70938
1.44687
-1.3281
-0.0698651
0.217073
0.193492
0.401445
0.288898
-1.2428
0.726706
0.516095
-1.26718
1.56975
-0.302573
-0.0278867
0.227733
-0.199846
-1.45177
-0.744272
0.24568
-0.107247
-1.65236
0.505277
-0.431467
0.322769
-0.431819
-0.310102
0.0413868
-0.258806
-0.574565
1.59427
0.0696795
-0.43367
-1.524
0.129733
1.39427
0.440113
-0.629706
0.189592
-0.946441
0.221945
0.264123
-0.636785
0.372661
1.6332
-0.157306
-1.47589
0.0171975
-0.091517
0.0743195
-0.283903
0.431101
0.533378
-0.964479
-0.33953
1.3626
0.0299868
0.691363
0.748103
0.0422115
1.49108
0.290839
-1.36546
1.37546
-0.132836
0.0328867
0.0999495
-0.210322
0.0545499
0.155772
-1.62317
0.429766
-0.345113
0.218688
-0.545368
-0.382908
0.310337
0.809797
-0.517045
-0.292753
0.213147
0.117266
-1.01899
1.88038
-0.861389
0.230295
-0.260992
-0.133629
0.41384
0.29257
-0.593851
-0.00546759
-0.215237
0.220705
-0.225266
-0.0457378
0.271004
0.625286
-0.609861
-0.0154256
0.0185562
0.079232
-0.0977882
-0.325614
0.362846
-0.0372321
0.507321
-0.613144
0.105823
0.432138
-0.0943954
-0.351812
0.587969
-0.236156
0.929983
-1.03934
-0.946884
-0.341858
-0.139182
0.481039
0.0360284
0.501265
-0.336254
-0.245083
0.763793
0.0460047
0.108789
-1.27208
1.16329
-0.305696
0.0458355
-0.202858
-0.439937
-0.326878
0.114148
0.242461
-0.242679
-1.18614
-0.0571334
-0.15202
0.209153
1.15707
-1.02396
1.0625
0.790795
0.441307
0.46109
-0.178496
-1.59794
1.77643
0.257229
0.566108
-0.823337
-0.464603
-0.946781
0.437496
0.509285
0.686009
-0.245896
0.0417463
0.157622
-0.199368
2.22014
-1.20159
-1.01855
0.154996
-0.356688
0.201692
0.2106
0.550761
-0.76136
0.0800362
0.121447
-0.201483
1.62157
0.0572096
-1.67878
0.217343
-0.0095283
-0.311289
0.380969
-0.343372
-0.053928
0.3973
0.28249
0.0120624
-0.181873
-0.118411
0.300284
-0.562559
-0.224179
0.786737
1.1241
0.5091
1.04448
-0.935689
0.256359
-0.781042
-1.82025
1.69505
0.0443145
-0.28683
0.353214
-0.625602
0.272388
0.742299
0.725549
1.18933
-1.30924
0.119914
1.27759
-0.586229
-0.181157
0.121586
-0.0765146
0.237157
-0.160642
-1.48045
-0.236621
1.71708
-0.367448
0.491242
-0.123794
-0.00169855
-0.0737001
0.604044
0.855388
-0.173656
-0.069904
1.16705
-2.10295
0.935897
-0.758606
0.0885787
0.670028
1.64766
-0.516648
0.120702
0.160376
-0.778826
-0.320003
0.0102371
0.309766
0.0443795
-0.33409
-0.638895
1.01726
0.0315338
0.0692579
0.235658
0.0472889
-0.282947
0.194094
0.863686
-0.313828
-0.446462
-0.260817
-0.467527
0.401
0.409241
-0.84106
0.246889
-0.155995
0.0453781
0.117085
-1.97078
0.931436
0.449886
-0.168491
-0.281395
0.219787
-0.153129
-0.0666583
0.259349
0.855629
-0.0959299
0.0151151
-0.0414597
-1.4771
1.51856
-0.345902
-0.304595
0.650497
-0.0931684
0.101703
-0.00853479
-0.214149
0.820027
-0.350387
-0.223881
0.574269
-0.298019
0.562143
-0.810744
1.68679
-0.876046
-0.644494
0.195323
0.44917
1.62405
-0.0434155
-0.257089
0.0774962
0.179593
0.317647
-0.0342148
-0.205554
-0.16811
0.96542
0.683876
0.574661
-1.37946
0.804797
-0.816461
-0.208437
1.0249
0.139725
-0.447391
0.307667
-0.281402
0.377509
-0.0961068
0.412113
0.0856997
-0.497812
0.0340857
0.312945
-0.877731
0.164214
-0.00438176
0.0168384
-0.30948
-0.193002
0.497875
-0.304874
-0.296546
0.379483
-0.0829367
0.333983
-0.383999
0.0500166
0.730966
-0.451494
-0.0123832
-0.0420173
-0.644876
-0.351708
0.996584
1.22544
-0.96609
-0.070353
-0.352265
0.422618
-0.203028
-0.524991
-1.20239
1.43945
0.5965
-0.238644
-1.24971
0.885664
0.36405
0.458249
-0.00979436
-0.448455
1.791
-1.791
-1.71097
0.133585
-0.87128
-0.0859524
-0.703525
0.789478
0.489394
-0.581199
0.0918056
0.143272
0.285036
0.0538755
-0.338911
-0.0664417
0.270355
-0.203913
-0.550275
1.03311
-0.48284
-0.234679
-0.0147317
0.249411
0.729945
-0.455748
-1.10537
0.288912
-0.0610306
-0.290563
0.351593
0.0108991
-1.37419
-0.616321
-0.895782
0.279461
0.8753
-0.0978671
0.253605
-0.155738
-0.325444
0.433807
-0.108363
-0.389653
0.256103
-0.0994314
0.00313563
0.191735
0.0649968
-0.0301616
-0.142252
0.172414
0.192137
0.0450196
-0.465687
0.113875
0.108834
-0.0605592
-0.0482745
0.0771599
0.0866746
-0.163834
0.295538
-0.32148
0.0259412
-0.0840676
0.218837
-0.134769
-0.656444
0.924116
0.660963
-0.779903
0.118939
-0.191684
-0.0918515
0.283535
-0.00258614
-1.88078
1.88337
0.749376
-0.644981
-0.104395
0.189967
-0.113073
-0.207726
-0.273268
0.236771
-0.0600081
0.215004
0.403845
-0.885752
0.481907
-0.457009
-1.49206
-0.424462
0.749279
-0.324817
-0.240618
0.102775
0.472577
-0.32796
-0.144618
0.0292684
-0.674144
-0.639753
-0.266512
0.332969
-0.0664572
-0.624029
0.359138
-0.0580283
0.555645
0.175555
-0.160759
-1.38385
-0.00457944
-0.328966
0.621537
-0.0521697
-0.221146
-0.2558
0.0951579
0.245025
-0.342892
-0.105552
-0.940386
0.283942
1.89114
-0.130935
-1.70002
2.17182
-1.07072
-1.1011
-0.194333
0.567645
-0.186276
-0.75464
0.258672
-0.541914
-0.290789
-0.0292139
-0.377672
-0.536302
0.913974
-0.0417964
-0.125302
0.167098
0.0607089
-0.941785
-1.76747
-0.350081
-0.368318
0.718399
0.0995631
-0.445465
-0.293524
-0.0472638
0.340788
0.571173
-0.134903
0.0890187
0.369231
1.93475
-0.993104
-0.852469
0.474797
-0.292647
-0.0621811
0.354828
-0.04685
0.0128267
-1.11446
-0.277023
0.0153094
0.261713
-0.134118
-0.0500998
0.933107
-1.22996
0.296852
-0.641789
-0.0220969
1.81309
0.513252
-0.86496
1.10244
-1.9958
0.89336
-1.93972
1.15724
0.78248
0.197542
0.122577
-0.320119
0.163853
0.776708
0.118037
0.802434
-0.920471
-0.0134816
-0.158112
0.00850574
0.450535
0.246159
-0.508319
0.26216
1.26381
-1.44231
0.543349
-0.168729
0.181736
-0.013007
-1.53239
-0.178578
-0.677731
-0.65724
0.315383
0.197892
0.00312491
-0.201017
-0.686161
0.356873
0.329288
-0.435885
0.388265
-1.07665
-0.57313
1.64978
-0.184338
-0.20201
0.17844
0.481586
-0.434683
-0.0469028
-0.801109
1.68753
-0.204775
-1.04201
0.567034
0.511556
0.463109
0.623628
-1.1739
-0.0114189
0.207641
-0.196222
1.4155
-0.0715554
-1.05243
-0.378171
-0.136696
0.514867
-0.0671024
0.249792
-0.0116499
0.202546
-0.190896
-0.262938
-0.00166835
0.292395
0.56081
-0.583157
0.347781
-0.082592
-0.406442
0.313334
-0.182285
0.00622141
0.176063
0.304801
-0.106647
-0.198154
-0.174324
-0.0536075
0.227932
-0.192265
-0.00642701
0.198692
0.241341
0.049086
-0.311358
-0.262639
0.447337
1.1699
0.322205
-0.379154
0.0569491
0.230432
0.275904
-0.506336
-0.345
0.415096
-0.0700958
-0.288378
0.325918
-0.737044
-0.194215
0.413432
-0.0934211
0.213649
-0.0447921
-0.162221
-0.048828
1.78942
-0.952564
0.433626
-0.56361
0.129985
-1.51314
0.310752
0.30129
0.0161405
-0.31743
-0.0638879
-0.0653201
-0.834176
-1.10554
0.426284
-0.0863183
-0.64039
-0.852309
0.27767
-0.0420121
0.205051
0.276535
0.711136
-0.828066
-0.800268
1.37493
-1.63299
0.152534
0.444652
0.00794455
-0.452596
0.00530891
-0.275404
-0.389697
0.665101
0.131092
-0.00494342
-0.754335
-0.666424
1.42076
-0.933241
-0.959084
1.89233
0.354367
0.529306
-0.883673
0.0148147
-0.280068
0.0135559
-0.297247
-0.296603
-0.213422
-0.112852
0.326275
0.555105
0.152743
0.307007
0.16557
-0.222426
-0.679047
0.375019
-0.426215
-0.68501
1.21152
-0.526511
-0.203954
-0.210526
-1.61185
0.212323
-0.0228602
-0.528754
-0.0841893
-0.272795
-0.874365
0.379489
-0.172266
-0.963529
-0.250128
1.21366
-0.437703
0.696375
0.646
0.395269
-0.37232
-0.998732
-0.972043
-1.18606
1.22992
0.135592
0.0375795
0.053458
-0.127589
0.0741306
-0.73522
0.627791
0.107429
0.7775
-0.783681
0.466101
-0.0162146
-1.15424
-0.0954744
0.177484
-0.233142
0.0556579
0.501171
0.124115
-1.35125
0.0185238
1.33273
0.05227
0.139867
-0.124666
0.327195
-0.202529
-0.291115
0.50375
0.0900674
0.0949414
0.0257724
-0.120714
-1.23457
0.847872
0.138287
-0.00719499
-0.1966
-0.160088
-0.419839
0.145822
0.101068
-0.199935
-0.264242
0.0590431
0.338257
0.394435
1.49115
-0.616033
1.49202
0.996426
0.350167
-0.768503
-0.0908284
-1.26042
0.551837
-0.371089
0.452418
-0.0813294
-0.100712
-0.00672862
0.32935
0.0156059
-0.0755781
0.176603
-0.0456158
1.46945
-1.42383
0.0884746
-0.808098
-0.143161
-0.300931
-0.0841881
-0.353404
-0.32222
0.415639
-0.0934187
0.0254412
-1.4923
1.46686
0.408876
0.126734
0.362659
-0.954356
-0.53859
1.0346
-0.496006
0.00870858
0.0783164
-0.231445
-0.626323
0.39006
0.236264
0.415232
-0.473899
0.0586671
-0.237
-0.493884
0.730885
-0.313261
-0.082261
-1.95188
0.000722943
0.292576
-0.295429
0.078975
0.13884
-0.00055293
0.377906
-0.746224
2.14603
-0.927763
-1.21826
0.368069
0.512107
0.126112
-0.250779
0.241296
0.0916729
-0.221339
-0.0128487
-0.182637
0.419962
-0.538671
0.779014
-1.01601
0.179753
-0.122304
-0.0574483
-0.417156
-1.66579
0.815336
0.85045
-1.72655
1.72397
-1.01351
0.52699
0.486524
-0.418228
-0.120025
0.538253
0.162374
0.601419
0.37608
0.234261
0.519325
0.479259
0.100084
-0.290181
-0.0377782
0.994085
1.15194
0.263047
-0.0469822
1.23653
-0.933564
-0.0139327
-1.41984
1.43377
0.995967
0.173931
-0.331386
-0.100081
-0.30881
-0.367161
-0.305274
-0.291784
-0.0836914
0.252866
-0.940337
0.687471
-0.397375
2.26457
-1.4499
-0.81467
0.0563285
0.173427
0.0535259
0.550338
0.223241
1.75102
-1.61744
0.982316
-1.91556
-1.18495
-0.0699356
1.25488
-0.831702
0.401581
0.430121
-0.328994
0.0195144
1.92378
0.041227
-1.965
-0.971855
1.59466
-0.622801
0.0970768
0.282406
-1.26618
0.631859
-0.0217951
0.223934
-1.34811
0.22784
0.0768228
-0.00763972
-0.0691831
-0.184901
0.227639
-0.0427381
0.0371067
-0.423009
0.385902
0.639282
0.250536
-0.547216
-0.138946
-0.0580106
0.911951
-0.875232
-0.0896558
-0.0851174
-0.297379
0.0639714
0.220828
0.557712
-0.77854
0.183222
0.387961
-0.571183
0.356109
-0.585031
0.228922
-0.443102
-1.28898
0.497151
0.791826
-0.0253202
0.839856
0.322896
-1.16275
-0.583503
0.265195
-0.288984
0.0237889
0.209985
-0.0467583
-0.303198
0.00967463
-0.339911
-0.771167
0.241933
-0.552068
0.809754
-0.257686
-0.68129
-0.252799
1.91633
-0.824323
-0.107732
0.196766
-1.16732
-0.0574097
-1.20883
1.26624
0.165686
0.0824434
-0.24813
0.787562
-0.409318
-0.378244
0.500906
0.075043
-0.0277041
-1.00189
0.320596
-0.675555
1.11305
0.0419182
-0.322143
0.350871
0.271754
0.0330478
0.911154
-0.423785
0.0979179
0.679582
-0.954298
0.317142
-1.88428
0.925199
1.61775
-1.59231
-1.69214
1.64652
0.0472769
-1.45617
0.31678
1.13939
0.308529
0.44075
0.0551949
-0.863249
0.777297
-0.167226
-0.138633
0.305859
-1.1387
0.449703
0.688994
0.317127
0.67254
-0.989667
-0.0645424
-1.12152
0.865824
-0.0274708
-0.838353
0.20115
0.702813
-1.24132
-0.280093
-0.0258711
0.0956735
1.68257
-1.62536
-0.31297
-0.944101
-0.344876
0.624516
0.0480578
-1.233
1.1639
-0.324044
-1.82745
0.0234934
-0.14273
-0.972667
0.389512
0.149971
1.82025
0.242234
-0.0382869
-1.07617
0.185429
-0.142672
0.0325567
-0.448153
0.334428
-0.627584
0.293156
-0.183358
0.0108543
0.172504
0.296297
-0.218801
0.0154813
-0.276876
-1.06734
1.16579
-0.0984528
-0.730148
0.71151
-1.3036
0.592085
-0.852818
-0.081144
0.14055
-1.40395
0.0790628
1.32489
-0.456411
1.00482
-0.671663
0.732372
0.157282
0.900641
0.680199
-0.941016
-0.81895
-0.230143
1.04909
-0.838559
-1.33261
0.578278
-0.169541
0.173696
-0.00415476
0.11097
-0.119505
0.666991
-1.30589
0.228363
-0.593013
0.364649
-0.21167
0.550898
-0.339229
-1.03153
0.537643
0.0499981
0.0353498
-0.269611
0.430329
1.77615
0.14763
-0.776658
0.894695
-0.296671
0.100071
-0.696401
1.3842
-0.687799
-0.0972443
0.0956727
0.137108
0.449118
-0.0104362
0.924034
1.18407
0.429323
-0.90346
0.316899
-1.80563
-0.235744
0.17861
-0.0117015
-1.01226
-0.281153
-0.948806
-0.263031
0.0738448
0.865272
-0.434944
-0.539307
-0.18128
0.74209
0.227681
-1.67918
0.283548
1.39564
-0.00682937
0.51058
0.430287
-1.45686
-0.331778
0.815419
-0.347842
-0.467577
0.9438
-0.3708
-0.572999
-0.233524
0.0572497
0.702427
-0.693337
-0.0090904
-1.69452
0.80526
0.889258
0.892909
0.79388
0.00302459
0.194868
0.872442
-0.546524
-1.32493
0.587551
0.737377
-1.92876
1.69214
0.517433
0.695157
-1.21259
0.872561
-0.715151
1.51256
-0.647355
-0.865209
-1.1001
0.226073
-0.104487
0.0713973
-0.107705
0.229125
-0.063609
0.167742
-0.104133
0.0554815
-0.415617
-1.26558
-0.269127
0.453857
-0.207698
-0.048076
-0.0551685
0.743444
-0.102744
-0.640701
0.865417
-0.508544
-0.174998
0.154087
-0.00905394
1.19838
0.237162
-0.071476
-0.190113
-0.841414
-1.48149
0.517965
-0.0495773
-0.133571
0.162237
0.115823
0.163668
-0.11021
-0.561782
-0.951034
0.144753
-0.110425
-0.0343285
0.216433
-0.719125
-0.801191
1.52032
0.142133
-0.00329262
0.101097
1.00711
0.966116
-1.97322
-0.543889
0.898256
0.276336
-0.11804
0.159942
-1.04067
-0.64179
1.68245
-0.893638
-0.911373
0.375071
0.303642
-0.0887357
-0.214906
0.344722
-0.664143
-0.234454
1.14093
-0.429418
-0.237966
0.148062
-0.167375
-0.612527
-0.0170829
1.83459
-1.69505
-0.139542
-0.932103
-0.549391
0.168255
0.196184
0.0842527
-1.00735
-0.26599
1.27334
0.276633
0.39014
0.0250926
-1.56793
-2.16894
0.817729
1.35121
-0.280112
-0.0068449
0.286957
0.966476
-0.676565
-0.289911
0.132278
-0.207856
0.115923
0.149095
0.918055
-1.9947
0.743731
0.200068
-0.46066
-0.391809
-0.158355
0.0330534
0.179104
0.63618
-1.35531
0.0480226
0.403153
-0.350573
0.752018
-0.48287
0.383245
0.0996252
0.673863
0.838701
0.411242
0.048332
0.556602
-0.822873
0.266271
2.02492
-1.74137
0.189539
-0.618423
0.176176
0.0338084
0.118741
0.0182042
0.154209
0.00263446
-0.172176
0.636284
0.0255898
-1.68843
-0.0327943
-0.247318
-0.0966895
-0.0308991
1.22753
-0.581533
0.755961
-0.599812
-0.156149
0.00971345
0.182687
0.0439215
0.0329014
0.390321
0.0360571
0.234947
-0.257104
-0.352757
-1.92543
0.886192
1.03924
-0.191143
0.0282525
-0.0597144
0.159837
0.225776
-0.303705
-0.33308
0.44208
-1.48275
-0.154285
-0.954958
1.96207
0.635119
-0.242692
-0.392427
-0.776843
-0.399866
-0.181334
0.114637
-1.13727
0.3423
-0.695988
0.353688
-0.129965
0.200848
-0.0708835
0.0711856
0.969859
0.963393
-1.73361
1.74137
-1.48589
0.809805
0.676086
1.00543
-1.96039
2.027
-1.04764
-0.999277
-0.967222
0.385485
0.275223
-0.180846
-0.314097
-1.46959
0.0134216
0.0133936
-1.32264
1.19056
-1.9081
0.71754
-0.0741855
0.323357
-0.604273
0.558813
-0.109642
0.877339
1.38723
-1.42441
0.72801
-0.0395804
-0.854058
-1.34968
0.0707117
0.130136
1.72655
-1.76997
-0.0612877
-1.36842
0.00210595
0.706979
-0.275878
-1.49547
1.69427
-0.1988
0.300155
1.58321
0.399796
0.072448
-0.472244
1.89426
-0.91194
0.273682
0.214
0.525715
-0.728574
0.111231
0.160522
0.113952
0.683978
-0.797931
-0.660925
-0.272091
1.08499
-1.0458
-0.0391907
-0.281609
0.296918
-1.45653
0.742494
0.714034
0.512836
0.274726
-0.801608
0.0887964
0.992409
-0.529301
0.32044
-0.617687
0.175185
-0.219977
-0.703036
0.427633
-0.980999
-0.917246
1.89825
0.241089
-0.247516
0.290905
-0.278843
1.17709
-0.61006
0.17197
0.970223
-1.58626
0.125734
0.123312
0.249379
-1.21547
-0.0568227
0.648784
0.0614202
0.22491
-0.557951
-1.41385
0.613581
0.295054
-0.412371
0.117317
0.0870447
-0.353788
1.10747
1.06435
1.27401
-0.97716
-0.0989183
0.178021
0.161056
0.508424
0.287753
-0.289422
-0.68442
-0.95414
1.95957
0.163205
-0.188525
-0.84464
-1.03052
1.87516
-1.5399
0.568048
-0.0763157
-0.390706
0.32061
-1.50666
-0.0173441
-0.269749
0.612049
-1.03336
-0.892068
1.83459
0.660484
-1.21541
0.954895
-0.704359
-0.15221
-0.335673
0.349229
-0.313476
0.243123
-1.68784
0.316987
-0.855577
1.00601
-1.96015
-0.848749
0.300338
-0.334553
-0.0352021
-1.46027
0.927492
-0.548003
1.3203
0.903603
-1.72958
0.825977
1.70815
-0.902893
1.97808
-0.950072
-0.975251
1.92532
0.32193
1.28468
-1.00805
-0.818253
-1.35069
-0.998648
-0.487243
0.470861
-0.777504
1.74524
-0.967739
-0.132596
1.36772
-1.23513
-0.97803
-0.968439
1.94647
0.872667
0.212321
0.325226
0.398263
-0.746557
0.206275
0.540281
0.0783219
-0.339314
0.498078
-1.43018
-0.717944
-0.413993
-0.321227
0.281736
-0.365925
-0.752776
1.29372
-1.93174
0.948495
0.983245
-0.0293779
-1.65757
1.68695
0.195182
-0.316959
0.113045
0.370085
-1.83037
1.83037
-0.491111
-0.0152296
0.506341
-0.4567
0.994503
0.179953
-0.109241
-0.732752
-0.486958
0.639701
-1.73361
0.111969
-1.3051
0.282729
1.25869
-1.24779
-1.25646
0.249116
0.309691
-0.346274
0.0365836
0.175911
0.526517
-0.205476
0.0221182
-0.977289
-1.19199
0.123604
1.06838
-1.39053
0.144559
-0.45811
-0.845486
-0.0160585
0.111
0.19743
-0.0833141
0.32461
0.25932
-0.200277
0.409872
-0.376008
-0.327028
-0.857628
1.6977
-0.840071
0.372196
0.235222
-0.21899
0.456029
-0.237039
-0.381121
0.270306
0.312263
-0.617366
0.305103
-0.732843
1.30593
-0.788493
-1.60803
-1.71328
0.220973
-1.0702
0.0676067
1.01338
1.20676
-0.0108353
-0.961832
1.23313
-0.506426
-0.268337
0.310255
0.640536
0.597132
0.275428
1.9513
-0.945291
-0.976793
-0.918607
1.8954
1.17515
-0.0723656
-1.10278
-0.140062
0.415966
-0.261302
0.233416
0.17926
1.30017
-1.47943
-1.61132
1.59231
0.0190073
1.61132
-1.64652
0.261558
-0.335744
-0.582298
1.28511
0.103768
-0.266016
0.315102
-1.64898
0.166712
1.75097
-0.847366
-0.490893
-0.152948
0.15917
-0.485223
0.837836
0.297365
-0.0956735
0.755272
-0.519008
0.20564
-0.284244
-0.61857
-0.0869606
0.54668
-2.07029
0.524998
-0.0918437
0.489885
-0.398041
-0.962393
-0.945712
0.129351
0.328147
0.622441
-0.930756
0.154098
-0.359813
-0.225218
0.144245
-1.97863
0.979349
-0.257127
-0.141148
-0.201744
0.0104323
-0.210367
-0.217018
-1.31783
0.838789
-1.63051
0.791722
0.0803123
0.299238
-0.37955
-0.431812
0.450269
-1.04358
1.32631
0.373665
0.524591
1.31428
-1.45686
0.223453
0.058738
1.69833
-1.94558
0.247243
-0.329673
-0.10501
-0.87523
0.0368772
0.404121
-0.540817
-0.193188
0.288346
-0.83686
-0.0991343
0.0633853
0.035749
-1.5008
0.232334
1.26847
-0.221435
0.273705
-0.0472978
-0.172512
0.21981
1.1884
-1.14034
0.222143
-0.211288
0.652501
0.136977
0.258641
-0.202983
-0.24309
0.345865
0.244474
0.670716
-0.91519
-0.482531
0.0595221
-0.927047
-0.972401
1.89945
-0.0202532
-0.454175
0.58416
-0.714229
1.72397
-0.279493
0.284802
0.0780864
0.107298
-0.102409
1.97729
-0.983209
-1.28801
0.851241
-0.534254
-0.577899
1.31528
-0.231596
0.267653
0.1328
-0.134498
-0.356817
0.413766
-0.339894
0.227042
-0.147228
-0.387974
0.30466
1.01627
0.256822
-0.246389
0.25156
0.00204582
0.0554321
-0.416791
0.333099
0.485465
-0.861473
0.246796
-0.287736
0.0409396
0.299362
-0.216918
0.361783
0.645403
-1.00719
-0.30137
0.162737
0.144902
-0.582604
1.2579
-0.627476
1.0174
0.982052
0.0239449
0.482528
-1.01251
0.386014
-0.520918
-0.0855376
0.997623
0.937127
-1.71305
1.71305
1.41636
-0.902545
1.07529
-0.0223064
1.52345
-1.50114
0.924966
1.01948
0.928202
-1.9092
0.0425342
-1.05855
-1.32154
-0.187011
-1.44067
1.62768
-0.448654
-0.175376
0.102623
0.665536
0.220296
-0.326943
-0.96083
1.81561
-0.854778
-0.197909
0.309141
0.0142809
0.163421
0.522588
2.06952
-0.806841
-1.26268
1.56342
-1.48436
1.09382
0.254133
0.322446
0.113782
0.0180998
1.58302
0.47047
0.999954
0.880425
0.0291315
0.231006
-0.260137
-0.40818
0.248092
0.219627
-0.2386
0.0189728
0.196026
-0.271659
0.0756332
0.412928
-0.470939
0.37203
-0.575985
-0.025046
0.438524
0.0532437
0.174588
-0.0313154
-0.875459
0.424921
0.450538
0.157416
-0.141786
-0.0156302
1.76997
-1.45284
-0.435547
0.12877
0.306777
-1.68257
-0.391688
0.298267
-0.976006
1.90097
0.293848
-0.378036
1.91457
-0.986368
0.277398
-0.35999
-0.211304
-0.846055
-1.27337
-0.380161
1.36158
1.31588
-1.0665
-0.115277
0.191997
-0.106443
-1.48054
-0.334908
0.328982
0.279354
-0.422515
-0.418885
0.325467
-0.125324
-1.3188
1.30487
-1.4245
1.48197
-1.15981
-0.587675
0.452428
0.738201
0.431491
-0.469269
-0.0982164
0.159462
0.367514
-0.526977
-0.393731
1.27875
-0.981231
-0.961694
-1.91035
-0.131218
0.123126
0.00809201
0.0361524
1.39659
-1.43274
0.821036
-0.579103
0.362119
-0.443449
1.51561
-0.850076
0.869494
0.885744
-1.75524
0.258854
0.0385118
0.701148
-0.189042
0.243653
-0.86175
0.0536519
-1.47945
0.678262
-0.387908
0.299172
0.359216
-0.38692
0.340636
-0.426954
-1.08788
1.23565
-0.48803
-0.586562
0.0581832
0.597882
0.456363
-0.347682
0.904284
1.69998
-1.46764
0.340205
-0.422466
0.903262
-0.560726
0.00956386
-0.884796
-0.193399
0.05863
1.61775
-0.153177
0.0253638
-0.157638
0.0909797
0.162958
-0.474316
0.137578
-0.184876
-0.527371
1.34271
-1.21433
1.19203
-0.546685
0.921756
-0.934117
0.148432
0.122876
0.343225
0.00918456
0.531635
0.727528
-1.25916
-0.397788
0.486366
-0.23409
-0.904607
-0.652947
-0.0709634
-0.333112
0.13789
0.195222
1.41701
0.20572
-0.242962
-0.104271
-1.70576
1.67638
-0.716069
0.365496
1.11604
-0.246687
-0.0352582
0.281945
0.82011
-0.596869
-0.95021
1.9405
-0.990293
-0.977754
1.85591
-0.878161
-0.397915
0.200006
0.0937677
0.0727276
0.314185
-0.386912
0.917463
-0.779771
1.59971
-0.819944
-0.34481
0.137084
-1.82239
-1.93045
0.993056
0.93739
-1.63947
-0.245427
-0.487324
0.969429
-1.9195
0.110875
-0.952288
0.924528
-1.57747
0.422421
0.387333
0.827952
-0.70725
-0.0171886
-0.142077
0.159266
-0.30525
0.267216
-0.21369
-0.0203367
-1.54082
1.56116
-0.252637
-0.407974
0.172737
0.366122
-0.538858
1.29817
-0.975278
0.435106
-1.32242
0.887314
0.290274
-0.132993
1.551
-0.797177
0.0780869
-0.299233
0.371393
-0.856086
0.0724055
-0.154688
0.386773
0.872321
-0.250158
-0.622163
0.955891
-0.646292
-0.309599
-0.363933
0.251432
-0.00544199
0.497346
0.34049
1.42738
-0.447636
0.620372
1.00979
-0.608206
-1.9017
0.926452
0.93447
-1.92614
0.99167
-0.725352
-0.799276
1.52463
1.07042
0.845904
-1.62989
1.94558
-0.315687
-1.47638
1.31908
0.272495
0.600726
-0.873221
0.126365
-0.723669
1.62424
-0.900569
-1.62989
1.75102
0.363623
0.388395
-0.183138
-1.03233
0.4325
-0.757317
0.645234
-1.84586
0.978813
0.867044
-0.359029
0.263356
-0.860529
0.293763
0.566765
0.815333
-0.392912
-0.999182
-0.945976
1.92383
-0.989363
1.32089
-0.191193
0.210984
1.00525
-0.471873
-0.784414
1.79211
1.65282
-1.67316
1.44022
-0.764131
1.52852
-1.55433
0.0258116
-0.137452
0.0101508
0.127301
-0.849437
0.119289
-0.968561
1.8926
0.708009
-0.423047
0.576574
0.0199263
-0.57461
1.49338
0.816767
0.891385
0.780335
-1.50569
-0.944709
-0.985736
-1.76443
-1.7308
-0.845755
-1.0001
1.41466
-0.747244
-0.667412
0.95212
0.0245721
-1.73033
1.45284
-0.435378
0.335297
0.457856
-0.298394
1.02178
0.362423
0.417827
-0.00489877
1.66419
0.0121951
-0.0735117
1.84966
0.705107
0.638591
0.308167
0.965845
0.560018
0.450156
0.867906
0.894331
-1.76224
0.0720646
-1.73362
0.956118
0.307524
0.577414
-0.211292
-0.339179
0.446068
-0.483278
0.132891
0.208845
-0.539052
0.832737
0.918232
1.67334
-1.50406
-0.169281
-0.202676
0.205311
0.524606
0.268546
-0.195819
-0.0207466
-0.160186
0.383374
-0.626066
-1.75365
0.906284
-0.28852
-0.337082
0.331859
0.0491092
0.369301
-1.46391
0.371959
0.17894
0.103769
-0.613005
0.0700401
0.00694903
-0.0769892
-0.0122956
0.40821
0.00489459
-0.179031
-0.358607
-0.977644
-1.11056
0.320886
0.789676
1.70483
-0.90924
-0.795587
-0.719638
1.62942
-0.909785
0.789739
-0.192606
-1.93675
0.986535
-0.15488
1.78104
0.966102
-0.62138
0.0467332
-0.231135
0.184402
0.86963
-0.42888
0.104099
-1.24444
1.4926
0.762893
-0.332772
-1.90044
0.981831
-1.23983
0.137051
-0.379971
0.0213765
-0.218512
0.197136
0.463656
-0.230402
0.198424
0.0319782
1.14896
0.9046
0.30783
-0.00896699
-0.227296
0.236263
0.855138
-0.602272
-1.71004
1.73462
-0.265293
0.218535
-0.0472417
-1.01271
-1.05758
-0.92525
1.82461
-0.899357
-0.798338
-0.934387
1.73273
1.31414
-1.01445
-0.299691
0.890357
-0.0656088
-0.948341
-0.88833
-1.59202
0.0376857
0.926691
-1.92026
0.993565
0.240703
-1.88017
-0.906489
1.72326
0.454574
-0.322813
-0.131762
-1.02267
-0.950553
-1.21107
0.292058
0.29591
-1.01699
-0.279872
-0.167654
0.447526
-0.650431
0.44532
0.205111
0.425407
0.0324489
0.929095
0.895512
0.0166036
0.296341
0.188274
-0.0273297
-1.64735
1.67316
0.00322394
-0.103936
-1.64735
1.50946
-0.783912
-0.00796995
0.549169
-0.320247
-0.984768
1.93705
-0.952285
0.238819
-0.0324996
0.596282
0.639369
-0.400329
1.64258
-0.0290128
0.671317
0.39976
-0.949962
0.550202
1.9286
-1.00191
0.733949
-1.31047
0.118478
-1.92957
0.934078
-1.78886
-0.58138
0.465877
0.115503
1.87151
-0.912432
-0.959077
-0.92658
-0.988655
1.91523
0.595562
1.60458
-1.60448
-9.55487e-05
0.747396
-1.41382
-0.964805
1.98107
-0.327145
-0.312931
0.640076
-0.14521
0.960837
0.910673
-0.17105
0.166107
1.69833
0.700372
1.96422
-1.07869
-1.78384
-1.98748
-1.95359
1.0083
0.282598
-0.810664
1.42424
0.398192
-1.02309
0.2297
-0.619397
1.99902
-0.882565
-1.48963
-1.82735
0.107455
-1.79144
0.94569
0.988767
0.951736
0.966414
0.700254
0.532783
-1.23304
0.962748
0.964826
-1.92757
-0.781389
0.427986
-0.720184
1.55858
-0.838396
0.287138
1.27628
0.445177
-0.131844
-0.184936
-0.938955
-0.500542
-0.38521
-1.73956
1.66605
0.755551
0.902479
1.06175
0.258379
0.49632
0.988203
0.926367
0.00898573
1.89837
-0.937533
0.885848
-0.771895
0.196753
0.0850319
-1.56558
0.0270208
1.7702
-1.79722
-0.00985979
1.6832
1.8187
-0.884625
-1.90868
0.908643
1.00003
-1.90752
0.98094
0.922164
0.869944
-0.0166979
0.190112
-1.38723
0.973342
0.882573
-1.54498
0.120473
-1.0062
0.244555
1.73956
1.77496
-0.85673
0.179211
-0.0192129
-0.159998
0.970999
0.927371
0.932289
0.991544
-0.186244
0.69908
-0.995642
1.92793
-1.52229
0.0464002
1.74681
-1.73462
1.84983
-0.92073
-1.87306
0.802338
0.840367
1.15866
-0.44445
0.936726
-0.492277
-0.307772
0.355795
0.0922186
0.259375
0.00273583
-1.25053
1.01377
-1.28869
0.386141
0.932053
0.966192
0.853344
-0.355998
0.00929675
-0.229423
-0.540497
-1.30911
-0.0135214
-1.01226
-0.934593
1.94686
-1.91924
0.929876
1.93606
-0.930726
-1.00533
0.870166
-0.158104
0.378862
-0.220757
0.028581
-1.91758
0.928928
-1.92041
0.935643
0.925913
-1.92121
0.995302
1.65282
1.57818
-0.797846
-0.0567718
0.00891055
0.0267956
0.256542
-0.475532
0.744771
-1.64909
0.904323
-0.982212
-0.918225
-0.937969
0.439384
-0.61476
-0.925675
-1.89415
0.252812
0.00650793
-0.629346
0.255659
-1.91648
1.60448
0.312003
1.00564
0.930412
0.998065
0.930536
0.624193
-1.66512
1.72861
1.88401
-1.93201
0.930103
1.60458
-0.0353346
0.000815173
-1.71004
1.77432
-0.868034
0.955998
-2.03469
-0.00682345
0.0944359
-1.78227
0.256285
-0.790921
0.244397
1.8189
-0.924566
-0.132183
-0.670489
-0.573423
1.24391
1.66512
-0.012295
-0.0122458
-0.0790878
0.142473
-0.324357
0.22864
-0.157158
0.156605
-0.339573
-0.0255437
-1.91484
0.902574
1.09673
-0.679025
-1.70816
-0.0775962
1.9304
-1.02176
-0.0956517
1.93715
-0.967718
1.92436
-0.94555
-0.643957
1.89634
-1.92794
0.932299
-0.874937
0.120297
-1.34091
-0.778847
1.90854
-0.952546
0.979749
-1.89797
-0.0528175
1.90211
-0.584009
0.683285
-0.0992769
1.81252
1.75387
-0.898571
-0.855297
-0.735032
-0.261245
0.996277
-1.09462
-1.91648
1.83845
-1.70648
-0.131971
-0.768546
1.40658
-0.638034
-1.61373
0.975453
-0.242838
0.135591
-0.0387449
1.94114
1.91463
-0.902874
0.446463
-1.70286
1.693
0.0544861
-1.55854
-1.63958
0.0118251
1.62776
0.671638
-0.901781
1.33013
-1.78714
1.70366
-0.779137
-1.76787
1.76787
0.91341
0.970604
-0.338493
0.600652
-0.932791
1.90379
-1.76975
1.76975
-1.91709
-1.93475
0.988778
0.553751
0.124607
-1.71718
-0.855263
0.431478
-0.110761
-1.71883
0.0016492
-0.0961809
-0.980742
2.19718
-0.809314
1.58904
-0.779729
-1.69848
-1.48701
1.3
-0.0356321
0.343095
-0.67024
1.79954
0.919346
0.692427
0.723931
1.93484
-1.0043
0.937393
-0.0562344
-0.940798
1.92055
-0.917259
0.223922
-0.865666
1.83845
-1.83724
1.79234
-1.06433
0.953791
-1.94408
-0.769372
1.48341
0.492659
1.70648
-1.69465
-0.169816
0.545037
0.6792
-1.22424
-1.76489
1.76489
1.91824
-0.978105
-0.940131
-1.62536
0.81353
0.909725
-1.88037
1.88037
0.980986
0.93725
0.0633346
1.92047
-0.045389
-0.300885
-1.34766
-0.00202011
1.74826
-0.352627
1.90332
-1.52524
1.83252
-0.834871
0.886866
-1.00842
-1.69465
-1.81434
1.81434
-1.00533
1.93574
1.93339
-1.00328
-1.96676
0.948204
1.95612
-1.00233
-1.26962
0.501077
-1.92916
0.977047
0.95211
0.329965
-1.78173
0.768867
0.985054
0.917059
-1.70286
-1.62314
1.62314
-0.0187164
0.18257
1.64837
-1.72861
0.0802308
1.59612
-1.66605
0.0699251
-1.92834
0.9395
0.988839
0.925548
0.807177
0.269965
-1.64837
-1.59612
-0.795282
1.48771
-1.00304
1.93534
1.89145
-0.909615
1.693
-0.948171
0.942689
1.00176
-0.951291
-0.947704
-1.01269
0.288457
0.890337
-1.09611
0.893795
-1.23143
-0.571339
0.930836
0.984398
0.817882
1.20912
0.885926
-0.0155124
-0.0281597
-0.963817
-0.800377
1.76419
0.968643
0.926756
-0.869066
-0.875872
1.74494
-1.96324
-0.847062
0.379485
-1.90699
0.928885
-0.924147
0.925068
-1.64936
1.82956
0.979519
-1.93081
-0.915603
-0.0580897
-0.922221
1.89086
-0.89824
0.931803
-0.97745
1.89981
-0.922364
1.54075
-0.916559
1.99406
-0.900795
-0.961542
1.94106
-0.88332
0.168169
0.870795
0.941726
-0.970084
-0.000316996
-1.53207
-0.758291
-0.892487
0.457544
0.189029
-0.142296
-1.92026
0.975552
0.621483
-0.912218
0.949133
-1.95146
-0.998729
-0.0564023
-0.0859818
-0.934411
-1.01111
-0.987753
1.91859
0.902344
0.991573
0.962992
0.929082
1.103
-0.616478
-0.996598
-1.06629
-0.954479
2.02077
-0.801749
1.33338
1.16423
-1.03488
0.659684
-0.514782
0.941884
-1.94226
1.00037
0.0549661
-0.909024
-0.580712
-1.01411
-0.962977
-0.985365
-0.472471
0.447425
-0.979536
-0.940725
0.932719
1.94206
-0.939859
-1.0022
-0.924674
1.90561
-0.976701
0.185525
0.949931
-1.92947
1.70524
-0.758155
-0.947084
1.91319
-0.928795
-0.425051
0.948385
-1.88995
0.941564
-1.94888
0.943559
-1.88967
-0.982425
-1.08756
1.69303
-0.948263
0.368526
0.136595
0.0379926
-1.00958
0.932453
-0.914298
-0.975369
-1.00386
-0.939415
1.91998
-0.98057
0.943958
-1.95354
-1.02382
0.99126
-1.9528
-1.9306
0.969225
0.949911
-1.96402
1.01093
-1.21288
-0.200007
1.41289
1.04997
-1.95076
-0.877815
0.369271
0.975857
-1.91599
0.927715
-1.95153
0.426328
1.0793
-1.37222
-0.0183084
0.975139
0.979572
0.933622
-1.92453
0.979677
0.944852
-0.208309
0.774791
0.63179
0.976819
0.581858
-1.52775
0.945887
-0.99181
1.73908
-0.297617
-0.964042
1.9553
0.285404
0.917588
-0.936121
-0.999481
1.9356
0.613634
0.644262
0.124081
0.253427
-1.03756
1.91487
-0.935294
0.801801
0.696027
-1.49783
1.11877
-1.944
2.04648
-1.5698
-0.971807
1.92174
-0.975451
-0.954016
1.02006
-1.97454
0.355259
-0.916962
-0.972987
0.973117
-1.90757
0.934456
-1.88308
0.968544
-1.89091
-0.978013
-0.023685
-0.136501
0.201409
0.935856
0.954739
-1.8717
-1.0064
0.453881
-0.9516
1.18724
0.882283
-0.955238
-1.05908
0.755765
0.950085
-1.90263
0.865676
0.675077
-0.0824
-0.829809
-0.747666
0.236949
-0.00921637
0.980215
0.938373
-0.902905
1.82225
-0.158537
0.967748
-1.88205
1.01124
-1.9511
-0.90152
-0.889925
-0.081309
-0.847942
0.948178
0.933415
0.969678
-1.90309
-0.942871
-0.943709
-0.3452
0.170996
1.00333
-1.93774
-0.00307769
0.861644
0.662984
-0.108119
0.0980506
0.0100688
-0.0365063
0.937895
0.952969
1.91384
1.92728
-0.998195
-0.922311
1.93592
-1.13573
0.910292
0.982033
0.998839
0.0654527
1.90196
1.9424
-0.934081
-1.01946
-0.0357349
-0.0578246
0.0935594
-1.41139
-0.0649968
-0.258248
0.530636
-0.92316
1.45933
-0.159164
0.0505723
0.300752
-0.351324
0.066911
-0.0367707
0.0496303
0.0624169
0.933267
0.950862
0.583191
0.649941
1.04633
-0.725734
0.397003
-0.771543
0.271056
-0.286286
-0.819026
1.82996
1.13844
0.296345
-0.609276
1.91805
0.991893
1.94048
-1.00868
-0.824873
-0.929426
1.90457
0.281729
1.08537
-1.82964
-0.934171
0.971754
-1.88329
0.911535
0.0339318
0.192912
0.0268983
0.945086
1.8804
-0.997139
-0.883262
-0.105863
-1.41643
-0.18742
-1.06904
0.841381
1.3558
0.0720117
-1.91334
-0.183553
-0.0287634
-0.118349
0.147112
0.618371
-0.903465
1.7774
-0.873931
1.84996
-0.866535
-0.983422
0.972533
0.0739559
1.25093
0.918597
0.95809
-0.919298
-1.45994
-0.560998
-0.511192
1.07219
0.0642327
0.836173
0.0329561
0.426716
-0.459672
1.91637
-1.01402
-1.0018
-1.09877
-0.727672
-0.862627
1.5903
0.066372
-0.953646
-0.138486
0.629553
-1.71933
1.87836
-0.974545
-0.674288
1.44908
0.501072
-0.0537356
-0.238637
-1.73368
0.830219
-0.646199
-0.13519
0.0532059
1.85585
-0.898684
-0.957167
0.997642
-1.09225
1.31322
0.655843
-1.34523
0.689391
0.674456
0.841156
0.0534378
1.83295
-0.89493
-0.754165
-0.154803
0.0529724
-1.89652
-0.250795
-0.0757856
-0.943548
0.0507343
1.05692
0.798928
-0.899665
1.82171
-0.922043
0.95402
-0.206783
0.22513
-1.54667
0.823958
-1.71447
0.890514
1.01182
-1.65198
-0.947674
1.67285
-0.808922
1.43255
-0.277892
0.23065
0.0717544
-0.0717544
0.210656
-1.18593
-0.976336
0.650525
0.0934522
-1.11649
-1.2223
0.847163
1.8995
0.437761
0.146399
-0.975602
1.90449
0.970488
-1.90578
-1.94403
0.924571
0.303106
0.110659
0.395293
0.934879
-0.107259
-1.06475
0.293241
-0.966965
1.89942
-0.183596
0.0863522
0.975433
-0.372293
-0.436011
-1.39436
-0.933667
1.90415
-0.0567297
-1.74071
0.837805
-0.0207811
0.901223
0.506499
-0.451794
-0.0547056
0.894609
-0.128689
0.241381
0.145392
0.0407594
-0.0407594
-0.777031
0.886011
-1.93067
1.04075
0.0651528
-0.0405103
-1.02543
-0.0425744
-0.231765
-0.148887
-0.0742292
-0.417959
1.77102
-0.808032
-0.136891
-0.541902
0.911988
-1.08525
-0.279193
-0.0640567
0.34325
-0.0978397
-0.120619
-0.100638
0.195656
0.224306
1.75023
-0.741365
-0.0718337
0.928963
0.96262
0.8699
-0.362063
0.412635
0.0956834
0.951998
-0.339966
1.02896
-0.730681
-1.37443
2.10511
-1.61744
0.608608
-0.0806365
-0.0760545
-0.0935324
-1.9127
-0.144494
1.31485
-0.690957
-0.623895
-1.51728
0.0329248
0.942172
-0.214964
0.110477
0.417774
-0.823087
-0.530519
-1.43448
-0.0971328
0.400239
-0.110937
-1.68836
0.865274
-1.26704
1.06824
0.250536
0.82601
0.943508
-1.76952
-0.54881
0.0209533
0.566894
0.175723
-0.107149
-0.901698
0.457248
-1.24954
0.217208
0.241007
0.476795
-0.377231
0.731265
0.971134
-1.7024
-0.109912
-0.663545
0.991692
1.02492
-1.03116
-0.906577
-0.102813
-0.471404
0.0789773
0.687882
0.105664
-0.273748
-0.353836
-0.850373
-0.177619
-0.0867492
0.814161
0.143211
0.0328524
0.97082
-0.099697
-0.646798
0.963577
-0.261227
0.937196
0.554828
0.231083
-0.897322
-0.333223
0.925373
-1.82198
-0.723009
1.69287
0.0665111
0.0977027
-0.175219
0.998883
-1.72189
1.66167
-0.750228
0.68487
-0.144137
0.426543
-0.766366
-0.52232
-0.187399
0.083266
-0.742701
1.62863
0.824179
-1.55185
-1.75633
0.834288
1.71059
-0.991013
-0.719581
0.574476
0.719241
0.34467
0.346639
-0.691308
-1.06361
0.502609
-0.926113
1.84405
0.395165
1.04451
-1.85057
0.806065
0.834625
-0.472842
0.0139602
-0.213806
0.812966
-0.164206
-0.829524
1.63653
-0.807002
0.772181
-1.46103
0.68885
-1.06135
-0.941039
1.90347
-0.963974
0.849585
-1.79667
1.02308
-0.651683
-1.30638
1.90807
0.213653
0.057329
0.898653
0.77967
0.700229
-1.4799
-0.458094
0.201343
0.363495
-1.09287
-0.866223
-0.584359
1.45058
0.918972
-0.799103
-0.242636
0.00270358
0.239933
-0.338888
1.67349
-1.14507
-1.96576
1.1855
1.50435
0.0568011
0.762071
-1.5418
0.372464
0.134035
0.0711973
-1.72056
0.431605
-0.684242
-0.6321
-1.50238
-1.45252
0.622707
-0.974818
0.36049
-0.0167376
0.871301
1.07314
0.651143
0.663708
-1.15783
1.98384
0.993746
-1.17232
-0.0264999
0.49681
-0.628532
-0.815723
1.44425
-0.0735844
-0.0319672
1.75514
-0.23208
0.23306
0.00820064
0.938324
-1.15014
-0.0828667
-1.37205
-1.29051
0.313219
0.755089
-1.42938
-0.959394
1.9115
1.79309
0.131672
-1.87143
1.06459
1.24529
0.740089
0.131568
0.323007
-1.93284
0.745005
0.802151
0.924571
0.274616
-0.974706
1.80899
-0.0225791
-0.142544
0.165124
1.38325
-0.727403
-1.09724
-0.0400359
0.461283
0.328455
1.32384
0.379853
-0.446375
0.0883014
0.996897
-1.74521
-0.989205
0.618405
-1.52337
0.948676
0.950139
-1.42554
1.54602
-0.931572
-0.966634
1.43231
0.113218
-0.783851
-1.93254
0.998368
-0.0861897
-0.694959
0.336352
0.717482
0.56837
-0.376749
0.0968769
-0.137937
0.792001
-1.74026
0.951776
-0.315492
0.761268
-1.55911
-0.938181
1.43626
-0.0866781
-1.15776
-1.31011
0.243612
-0.0330823
0.703533
0.617359
-1.35797
1.49354
-0.135565
0.737059
0.828882
-1.56594
-0.971323
0.780432
-1.03501
-0.37051
1.40553
0.424394
-0.863583
0.977011
1.69209
-0.826819
-1.55115
-0.018651
1.35069
-1.91028
-1.00467
0.780531
-1.51305
0.732522
0.594155
-0.985455
-0.027038
1.01249
-0.348735
0.524496
-0.188365
-0.336131
-0.587362
0.298843
0.0317911
1.22231
-0.527153
1.89881
-0.0934107
-0.236755
0.330166
0.21955
0.138803
0.0529317
-0.774346
-0.806519
1.48478
0.739985
-1.37802
-0.72481
1.40288
-0.762963
-0.639915
-0.104439
-0.0150658
-1.93802
-0.556905
0.877791
-1.15937
-0.163047
-0.694091
-1.55041
1.039
-0.717067
-1.88712
-0.711898
-0.164881
0.413527
-0.854697
-1.17414
0.497577
1.72127
-0.959201
-0.755649
0.494977
0.358367
0.728585
0.75482
1.36696
0.258852
-0.72501
-0.92947
0.546562
-0.850695
1.36866
1.72968
-0.998412
0.777896
0.205187
0.379884
-0.402403
0.0225193
0.494834
-0.00568697
0.95809
-1.36118
-0.821778
1.06817
-0.716433
0.840038
-0.42401
0.263417
-0.641414
-1.31164
0.714311
0.597326
1.45472
-1.67333
0.218608
-1.48644
0.649584
0.192182
-0.528436
1.15267
-0.74143
-0.0027958
0.0431602
1.34723
-1.2196
-0.127632
-1.2114
0.142351
-0.236857
-0.76913
0.217962
-0.491704
0.273742
-0.0332322
0.145202
0.246934
0.179726
-0.336025
0.67912
-1.42685
-0.562911
0.936576
0.530032
0.216128
-0.0258243
-0.61501
0.971801
0.721067
0.935742
-1.37424
-0.0341107
0.145189
-0.145189
0.496865
-0.464308
-1.03888
0.616691
-1.43241
-0.0332659
-0.307665
1.06602
-0.0288728
-0.658436
-0.802595
1.88815
-1.66406
0.261202
0.932063
0.677557
0.574982
1.4155
0.274596
-0.166577
-0.10802
0.981138
-0.0928689
-0.888269
-1.00756
0.680166
-1.41718
0.737015
-0.211046
-1.03791
1.15226
-0.11435
0.547783
-1.5828
-0.865395
0.181615
-0.775995
-0.0032458
-1.18918
1.22533
-1.38904
1.30194
0.0871007
-0.168839
-0.109053
0.730232
-1.48852
1.00641
-1.92683
0.920422
0.0461799
0.00122895
-0.277214
-1.11158
0.407221
-1.37417
0.0563389
0.845691
0.807968
-1.65366
-0.432013
0.979932
0.191618
-0.0514778
-0.14014
0.277509
-0.277509
1.60685
0.636915
0.738014
1.28672
0.45382
-0.895666
-0.0248057
0.209131
0.595816
-0.989602
1.89082
-0.133359
1.58808
-1.5589
-0.457
-0.414705
0.51433
-0.641831
-0.710234
0.362741
0.347493
-1.2046
1.28559
-0.0809863
0.529116
-1.29548
0.692259
-1.62233
0.930076
1.41849
-0.127172
0.211425
-1.40213
0.384611
0.00552857
-1.08558
1.20406
-1.21029
0.539797
0.865081
0.0191743
-0.904244
0.25454
0.0557157
-0.10352
0.352805
-0.181809
0.59375
0.824743
-0.222675
0.232349
-1.53559
-1.51725
1.68969
-1.70199
-1.00707
1.85297
1.2455
0.233758
-0.20948
0.780266
0.643979
0.855296
0.188045
0.0340108
-0.421918
-0.981332
-0.142626
-1.22942
-0.706868
0.0198109
-0.0198109
0.32616
-0.274803
0.623452
-1.48967
-0.0286296
-0.948172
-0.0262453
0.0262453
-0.926428
1.65033
-0.961482
-0.040262
0.040262
0.291974
1.18352
-0.0335213
0.440645
-0.0499098
0.0499098
1.25368
-0.0523626
0.0523626
0.0574523
1.26292
-1.32037
0.101199
-0.0637484
0.0637484
0.296134
0.0185963
-0.250571
0.231974
-0.107268
-1.05254
0.584255
-1.50081
-0.474866
0.0658572
-0.0658572
-1.43512
-0.552589
-0.331111
-0.378675
1.02033
-0.64165
-1.23681
-0.0462791
0.0462791
0.0486553
0.452417
-0.0653631
0.0653631
-0.599755
-0.407431
0.0564881
-0.0564881
-1.72681
-0.895925
-0.0683339
0.0683339
0.363727
1.28761
0.0532642
-0.0532642
-0.0654065
0.0654065
-0.153549
0.0535065
-0.0535065
-0.0663851
0.0663851
-0.615905
0.8884
0.0560808
-0.0560808
-0.132818
0.115224
1.4678
-0.763023
0.0409657
-0.0409657
-0.0879401
0.0879401
-1.29892
-0.180513
-0.564978
-0.867436
0.0576636
-0.0576636
0.531283
0.228114
-1.4499
1.53577
-0.906217
-0.226878
0.139272
0.0876053
-0.19462
-1.35205
-0.0248102
-1.01776
1.32559
0.553465
0.658055
-1.43709
0.587014
-0.322226
0.443569
-0.121343
0.0777632
-0.0777632
0.0189222
0.0875413
-1.24531
0.628209
-0.332298
-0.0737001
0.0691739
-0.0691739
0.0690926
-0.0690926
0.0680554
-0.0680554
0.0668329
-0.0668329
0.0745073
-0.0745073
0.632679
0.654044
0.0788891
-0.0788891
-0.0788945
0.0788945
0.151061
-0.0872485
0.0872485
0.300763
-0.014746
-1.35944
0.880304
-1.65944
0.67058
0.9571
0.078411
-0.078411
-0.0969892
0.0969892
0.0773152
-0.0773152
0.483344
-0.467738
-0.127802
-0.284569
0.0826622
-0.0826622
-1.49744
0.0668079
-0.0668079
0.6561
1.33159
-0.402216
-0.420761
0.283575
0.0831397
-0.0831397
-0.0802434
0.0802434
0.0976569
-0.0976569
-1.46248
0.878119
0.45232
-0.3299
-0.12242
-0.00960287
-1.27889
0.193641
-0.0852206
0.0852206
-0.289282
1.49744
0.125701
-1.1801
0.0596643
-0.0596643
-0.808357
-0.0896047
0.0896047
1.60657
-1.59739
-0.0503065
0.0503065
-0.0890429
0.0890429
0.223433
-0.223433
0.588415
-1.37691
-0.0781363
0.0781363
-0.0902719
0.0902719
-0.55906
0.98501
-0.42595
0.761597
-1.54551
-0.359864
-0.550253
0.910118
-1.57138
0.012835
0.822008
1.00795
0.0886929
-0.0886929
-0.0742718
0.0742718
-0.0735158
0.0735158
0.679958
-1.47714
0.803713
-1.79331
-1.45735
1.45735
0.572503
-1.25023
0.320388
-0.0157283
1.35537
0.0982957
-0.0982957
-0.0933034
0.0933034
-0.982341
-0.500415
0.0934012
-0.0934012
-0.103017
0.103017
0.413491
-0.594824
0.0122107
-0.285006
-0.109547
0.109547
0.0931783
-0.0931783
-1.75458
0.904202
-1.65485
0.562604
0.0620933
-0.0620933
-0.50695
0.299252
-0.122782
0.122782
0.114973
-0.114973
-0.1006
0.1006
0.0980283
-0.0980283
-1.17412
0.977087
-1.33414
0.0836097
0.847685
-1.79123
-0.097569
0.097569
0.129144
-0.129144
-0.148491
0.148491
-0.0219795
-0.277254
0.487092
0.0728155
-0.0728155
-0.227848
-0.343335
-0.102749
0.102749
-0.0332097
0.407293
0.621667
-0.00759624
-0.8772
0.0956756
-0.0956756
-0.103076
0.103076
-1.38881
1.46
-0.413814
-0.773948
1.18776
-1.40993
-1.1485
0.637736
0.12347
-0.474738
0.351267
0.0942992
-0.0942992
0.018933
-0.018933
-0.0951939
0.0951939
0.349077
-0.108122
0.573999
0.301647
-0.670484
0.368837
0.417774
-0.0846741
-0.374366
-0.135383
0.509749
0.168526
-0.168526
-1.45689
1.45689
-0.0951424
0.0951424
0.560902
-0.461009
-0.486054
0.133789
-1.0929
-0.099568
0.099568
0.155336
-0.155336
-0.279428
0.0089489
-1.14702
1.27509
-0.0627663
-1.17405
0.836987
0.104057
-0.104057
0.0597685
0.104067
-0.104067
0.66884
0.480121
-0.342246
-0.253921
-0.569519
0.311271
0.436738
-0.357761
-0.101006
-0.460173
0.424493
0.03568
-1.56142
0.81375
0.102548
-0.102548
0.505217
0.324835
-0.112203
0.112203
-0.717743
0.885912
-0.986185
-0.176566
0.0803229
-1.25444
0.106847
-0.106847
-0.115228
0.115228
-0.117334
0.117334
-0.131294
0.131294
-0.122078
0.122078
-0.124781
0.124781
-0.121032
0.121032
0.095004
-0.284356
0.0730519
-0.122734
0.122734
0.876827
0.136414
-0.136414
0.344685
-0.037908
0.269802
0.1066
-0.1066
0.641289
-1.44304
-0.0457553
0.218891
0.0141697
-0.124675
-0.363096
0.487771
0.109582
-0.109582
0.386323
0.108871
-0.108871
0.128997
0.115669
-0.115669
1.34641
0.524462
0.467306
0.107468
-0.107468
-0.450028
-0.0808155
-0.0410887
-0.431321
0.47241
-0.104591
0.104591
-0.166076
-1.01986
0.166151
-0.225496
0.00132916
0.383282
-0.904905
-0.154171
1.23232
-0.699537
0.551584
0.216539
-0.732737
-1.32794
0.393832
-0.117298
0.117664
-0.00272059
0.367305
-0.139283
-0.019072
-0.0393615
1.08384
1.14466
0.0926249
-1.23728
1.17855
-0.625088
0.253156
0.978988
-0.826967
-0.152021
0.512548
-0.278947
0.342282
-1.37108
0.984373
0.386705
-1.34403
0.677932
-0.999288
-1.64914
0.0652124
1.58393
1.38827
-0.652831
-0.988669
-0.914819
-1.01459
-1.34236
-0.0188186
0.127555
-0.127555
0.17639
-0.513632
0.772011
0.210677
-0.4409
0.837904
0.0766513
-0.0766513
-0.210527
-0.861734
-0.00393248
-0.846501
0.650367
0.603308
0.414854
-0.342406
0.321391
-1.04712
-0.353161
-0.0458286
0.359531
-0.512507
-0.815434
-0.869156
-0.528196
-0.37225
-0.10551
1.91596
1.31469
-0.0517723
-0.0321927
0.208139
-1.01644
0.638352
-0.084601
-1.0835
1.77272
1.34862
-0.0710268
-0.143853
-1.53493
-1.32024
0.281352
0.719813
0.100007
2.01197
-1.14206
0.337176
-0.0737595
1.1843
0.261261
-0.621074
-0.0168653
-1.06473
-0.950578
0.3341
0.214605
-0.806595
-0.550468
-0.230575
-0.136868
0.136868
0.066817
-0.066817
-1.08147
0.155213
-0.554927
0.399715
-0.76846
1.0548
-0.52843
-0.716715
-0.410465
0.087652
-1.3218
0.252867
-0.309269
0.479017
-1.07613
0.621372
0.45476
-1.09289
1.06585
1.11112
-0.639988
-0.471131
-1.13293
0.0858031
-0.0114836
0.702315
-0.838996
1.42325
1.47545
-0.550192
0.974586
0.140273
-0.122069
1.0538
-0.597438
-1.34711
1.34711
-1.27583
0.265357
-0.146224
-0.119133
0.75695
-0.271485
-0.625377
0.177741
-1.46837
1.46827
-0.348463
0.713959
0.91184
-0.898916
-0.012924
-1.88984
-0.455235
-0.266675
0.0529849
1.3218
0.366799
-1.02437
0.65757
-0.191274
-0.00717288
0.230241
1.10347
-1.33371
1.35121
0.169517
-0.653437
0.281187
0.366863
-0.166857
0.218663
-0.000128043
0.408774
-0.264216
-1.21006
-0.365698
1.4054
-0.83851
0.370002
-0.453504
-0.398436
0.85194
0.442578
-0.637172
0.194594
0.463209
0.158625
-0.158625
-0.278182
0.705814
0.48603
1.45473
-1.45473
0.185948
0.0635285
0.38895
-0.590381
1.06085
-0.20543
0.657858
0.384695
-0.133262
1.77915
-0.815761
-0.980781
0.0614828
-0.151448
-0.297185
0.448633
0.27117
-0.491524
-0.477206
-0.0845758
-1.13307
-0.0470363
1.13119
-0.359926
0.966014
-0.606088
0.364236
-0.10088
0.954035
-0.277818
0.0213423
0.766885
-1.52105
0.967401
0.947702
0.0196994
1.00114
-1.26447
0.608362
-0.0446766
-0.308484
0.951748
-0.943446
-0.00830206
-0.402382
0.790777
-0.0704742
-1.70708
0.517113
-0.335925
0.489568
0.0349283
-0.948433
1.69344
0.00869555
-0.142813
0.153926
0.798501
-0.89137
-0.00115823
0.00115823
-1.49017
0.445741
-0.110444
1.8533
-0.542137
0.737798
-0.128612
0.249359
-0.232756
0.495848
0.0864646
0.158856
-0.0912494
0.328066
0.568634
-0.972788
0.404154
0.0577652
-0.0577652
0.19328
-0.19328
-0.759249
1.52085
0.664535
-1.54041
0.015766
-0.015766
1.26447
-0.577529
0.257282
-0.557606
-0.644277
1.20188
-0.411041
-0.143854
-0.457127
-0.624376
0.36669
0.37527
0.304546
0.387314
-0.454519
0.912063
-0.0129353
0.0129353
-0.932838
1.57682
-0.212461
0.212461
0.153431
-0.220429
0.491475
-0.271045
-1.08891
-0.156079
0.326604
-1.26557
0.641679
0.432426
0.439895
0.410437
0.799852
-0.672298
-0.277013
0.472669
-0.328512
0.510008
-0.181496
0.377148
-1.3208
0.185065
1.85015
-0.898148
-0.267063
-0.289714
0.556777
-0.269284
0.700888
0.0128595
0.111472
-0.124332
-1.23326
-0.466108
0.298454
0.585564
-0.0226965
-0.310527
-0.915044
0.569779
-0.0634386
0.282209
-0.619291
0.0746906
-0.201158
-0.305792
-1.68835
-1.34929
1.34177
0.246309
0.0780879
-0.0780879
-0.161855
-0.973358
0.0961576
-0.146925
0.599925
-1.43832
-0.0479619
0.218461
-0.170499
-0.148901
0.148901
1.32549
-0.373839
-0.951652
-0.331006
0.00133337
-0.867468
0.410469
0.244081
-0.26435
0.353368
-0.123657
0.302483
-1.39139
-0.789744
0.0487862
-0.719316
-0.178659
1.09376
-0.0693657
0.0455215
0.0238442
0.385872
0.244021
0.432507
0.799005
-1.55825
0.353345
-0.216261
-0.302722
-1.55041
0.661783
0.822998
0.153098
-0.153098
0.870637
0.141856
-0.531957
0.104893
0.20934
-0.625164
1.25784
-0.31926
-0.390975
-0.676805
1.40618
-0.674205
1.44109
1.88533
-0.163325
0.0544262
0.423346
0.894419
-0.663336
-1.02593
0.963549
-1.5707
-0.666443
0.39882
-0.491294
0.218964
0.27233
1.4295
-0.131409
0.127436
-1.01571
-0.09924
-0.183941
-0.372195
0.33686
-1.52982
0.177767
0.592648
-0.0147401
-0.894284
0.189041
1.46994
-0.795488
0.328141
-0.819034
0.373643
0.123167
0.985162
0.347918
0.313565
0.339356
-0.310775
0.589215
-0.555736
0.152478
-0.225611
0.943774
-0.278264
-0.213741
0.492006
0.797822
0.476254
1.29395
0.461266
0.299296
0.0597685
-0.16935
-0.244259
0.413609
-0.144468
-1.03882
-0.888008
0.0968769
-0.212601
0.580116
1.13126
-0.633688
-0.848674
0.0140448
-0.0793649
0.232618
-0.550961
1.17752
-0.151588
0.132872
0.518884
0.208458
-0.676792
0.654621
-0.29188
-0.366743
-0.117368
0.484111
-0.672709
-0.98095
0.331792
0.00238871
-0.354813
0.508244
0.817943
-1.12671
0.308765
-0.311577
0.73746
-0.425883
0.0241264
-0.870182
-0.963755
1.27128
0.0710241
-0.000983955
0.0652798
-0.39264
-0.147858
0.391086
0.278167
-0.540806
-0.284491
-0.0821426
0.366634
0.722087
0.321267
-0.321267
0.625645
-0.0753425
-1.48356
-0.106549
-0.295854
0.777761
-0.414033
-0.183643
-0.431118
0.0942624
-0.0942624
-0.261897
-0.14767
0.409567
-0.517614
0.208512
-0.00964781
-0.204374
-0.271158
0.564249
-0.86094
-0.35493
0.942152
-0.586893
-0.338155
-0.982808
-1.19583
1.57469
-0.924161
-0.220317
-0.330645
-0.307042
-0.478977
-0.71545
1.10276
-0.383872
-0.286368
-0.236406
-0.298833
0.535238
-0.302177
0.494359
-1.26751
0.585421
-1.4341
0.245361
-0.182944
0.162958
0.279745
0.61581
0.629481
-0.561365
-0.136407
-0.206326
-0.19984
0.406166
0.415725
0.711793
-0.217567
0.2818
-0.199979
-0.180112
0.620339
0.000494173
-0.450063
0.965711
-0.515648
-0.354677
-0.0757137
0.43039
0.440898
0.171776
-0.0341971
0.670969
-1.11734
-0.669487
-0.152047
0.670931
0.435341
-0.318294
-0.117047
1.38452
-1.38452
-0.00297087
0.0477084
0.356014
-0.477357
1.21335
-0.283335
-0.0744764
0.357812
0.228377
1.47066
-0.7907
-0.771527
0.297241
-0.350058
1.47288
-0.57748
1.37648
0.00292744
0.903826
0.528724
-1.55571
-0.223121
0.00121108
-0.211269
0.210058
-0.213237
0.000242395
-0.269126
0.277193
-0.000978573
-0.167042
-0.316268
-0.0792446
0.0792446
-0.209592
-0.255636
0.465227
0.234657
-0.291387
1.2825
0.00257421
0.00518027
-0.883896
-0.275177
0.232603
0.325811
-0.446429
0.256006
-0.836567
1.13933
-0.214662
-0.469362
-0.594245
-0.0954219
0.451436
-0.0935929
0.24788
0.0944019
0.288181
-1.86582
0.646829
0.344863
-0.353246
0.27261
0.16329
-0.0244868
0.66847
-0.28731
0.459431
0.122433
-0.581864
0.285039
-0.231833
-0.468122
1.50887
-0.911073
-0.529886
0.909739
-0.0557652
-0.403907
0.346583
-0.362311
0.615314
-0.575519
-0.859608
1.42766
0.344778
-0.680803
-0.333303
0.443962
-0.052007
0.361833
-0.439351
-0.192633
1.14677
0.830991
0.601318
0.319892
0.770879
-0.376675
-0.394204
0.346044
0.345657
1.6726
-1.26217
0.368536
-0.475686
0.739215
0.781631
-0.487984
-1.3072
0.111364
-0.00948537
0.262932
0.265478
0.0091384
0.425823
-0.00452626
0.540884
-8.13121e-05
-0.0010372
-0.00122249
-0.0238817
0.00767444
-1.20809
1.70268
-0.380471
-0.00048347
-0.607592
1.01481
1.0238
-1.62935
0.605546
-0.00265896
0.0719169
-0.00109578
0.00961417
0.336969
0.0759615
-0.0759615
0.0803243
0.0177263
-0.995647
1.52476
0.0477084
-0.368663
0.716157
0.00534697
-0.328136
-0.531318
0.376515
-0.223576
0.000477515
-0.799203
-0.271612
-0.0134355
-1.31536
0.103082
-0.341719
0.0145171
-1.34367
0.32381
0.240411
-0.301698
0.694682
-1.49388
-0.908082
0.419391
-0.1843
0.1843
-0.00497722
-0.074612
0.00462265
-0.188913
0.192163
0.326961
1.4793
0.48005
-0.678568
1.47228
-0.00438414
0.426888
0.0788259
-1.13137
-0.284193
0.302789
-0.159597
-0.292453
0.348169
-0.269441
-0.376277
0.555217
-0.102828
-1.14248
0.590974
0.00056177
-0.392896
0.0308333
1.21862
0.919069
-0.635494
1.15776
-1.07744
0.62914
0.367137
-0.389889
0.452193
0.461341
-0.295864
0.266991
1.03777
0.0362542
-0.763017
-0.52325
0.190705
-0.224816
0.980929
0.559519
-0.236512
0.485539
-0.267577
-0.308727
-0.0222795
1.60922
0.178126
0.175042
-0.0357697
0.0117868
-0.227221
-0.368398
0.595619
-1.00905
-0.755495
-0.848184
0.139422
-0.0341274
-0.105294
0.500604
-0.926555
0.00925912
-0.89682
-1.37901
-0.054076
-0.0986766
-0.530669
0.191556
-0.0065299
-0.000222887
-1.27688
-0.00371149
0.177203
-0.60025
-1.12367
-0.657738
0.379921
1.25086
0.517177
-1.15087
0.57068
0.79798
-0.588527
0.174534
-0.047981
-0.0549069
1.42937
-0.444993
-1.27613
0.308393
0.137908
-0.966425
-0.39516
0.288938
0.295375
-0.24239
0.0030314
0.0311156
1.03356
0.687717
0.497502
0.716156
-0.772696
-0.274429
-1.17071
-0.57602
0.960247
-0.477187
-0.385371
-0.202512
-0.373183
0.487302
-1.14234
-1.6328
0.105461
-0.305034
0.449812
-0.144778
-1.36624
-0.902586
-0.00137645
1.41947
0.0078816
-0.246706
-1.39294
0.11135
-0.542671
-0.38561
0.130003
-0.576913
0.44691
0.416645
5.14482e-05
-0.479621
0.412385
-0.130344
1.4419
-1.29427
-0.711012
0.414327
-1.36027
-0.0139737
-0.062707
0.0378968
0.159517
0.988365
0.131611
-0.218521
0.283974
-0.106095
1.49042
-0.919743
0.00448879
-0.849678
-0.046978
-0.0102912
0.0572692
1.47032
-0.775635
-0.679505
-0.411749
-0.233742
0.645491
-0.592995
0.452601
-0.604649
-0.00150902
-0.00813631
0.45268
-0.636322
1.23333
0.478768
0.00330214
-0.282941
-0.374798
1.72251
-0.920176
0.023328
0.226865
0.00429914
0.284799
-0.0488923
-0.180011
0.177215
1.40295
-0.625544
-0.344175
0.56763
-0.223454
0.316137
0.362983
-0.575458
-0.578975
-0.00210601
-1.15771
0.625757
0.29234
-0.389915
-0.000246833
0.745318
0.555709
-1.30103
0.00374973
-0.397195
0.27252
-0.00170219
-0.252884
-0.431358
-0.870932
-0.449847
-0.593581
0.357175
0.194632
0.00298157
-1.37908
0.318108
0.504915
0.647757
-0.000710839
0.124356
-0.695934
0.699732
0.00679815
-1.0972
-0.137367
-0.617179
0.518497
-0.576526
0.49602
-0.551658
0.221013
-0.343069
1.00064
1.98811
-1.20768
0.0491825
0.872191
-0.754527
0.575834
0.0897275
0.139397
-0.198516
1.17968
-0.179321
0.18827
-0.0209691
0.368144
0.775515
0.90694
-0.78598
-0.932409
1.22157
0.433922
-0.463887
-1.22403
-0.474037
-0.430913
1.05228
0.693183
-0.570751
0.0909797
0.315971
-0.504336
-0.337301
-0.131966
-0.394845
0.496545
0.307501
-0.668213
0.360713
-0.0749554
-1.47545
-1.33362
0.148154
0.116543
-0.59217
0.506276
-0.883293
-0.155536
1.11743
-0.719242
-0.565608
0.959391
-0.586951
-0.37244
0.0057494
-0.289085
0.443482
-0.00956019
-0.318952
0.529628
-0.311065
-0.155043
1.18576
1.199
0.0951167
-1.04279
-0.0709634
-0.177522
0.228257
-1.01775
-1.10246
-0.231065
0.145917
-0.139387
0.824648
-0.185825
-0.280298
0.466124
0.321423
-0.198784
-0.29251
0.199453
1.1728
0.677092
0.302775
0.0660725
-1.33346
0.0636909
-0.0628757
-0.356764
-0.0580976
-0.999986
-0.353699
0.0764452
0.14755
-0.145137
-0.00241269
-0.964019
0.303094
-0.659526
0.900533
0.056281
0.439739
0.512628
0.250265
0.680914
-0.0240461
0.140016
-0.140499
-0.00797493
0.153119
-0.152641
0.239964
-0.675071
-0.312527
0.356783
-0.395528
0.452931
0.358957
-0.507844
-0.111009
0.113937
-0.586607
0.301851
-0.159436
0.595115
0.131488
0.0535253
-0.0535253
-0.0103286
-0.125125
0.125043
-1.11801
0.211666
-0.627849
0.0217568
0.351174
-0.447355
1.10996
-0.318233
0.279403
-0.361835
0.0824313
0.554784
-0.273596
0.319688
0.0515421
0.0736479
-0.101445
-0.300425
0.368451
0.195855
0.271452
-0.587713
-0.181851
0.483702
-0.452207
-1.34502
-0.883306
1.71948
-0.299209
0.30812
1.64512
0.45879
-0.0220526
-0.597668
0.2681
-1.13365
1.45425
-0.320596
0.0660467
-0.0660467
0.317445
-0.385553
0.0681086
0.245793
-0.12415
-0.121643
-0.282048
0.501012
-0.208287
0.353022
-0.259255
-0.554249
0.949414
0.521093
0.63924
-1.53739
-0.153049
0.440056
-0.158777
-0.088177
-0.410305
0.0538817
0.538127
-0.378611
0.273203
-0.206292
-0.00302987
-0.0377295
-0.202699
0.252329
-0.589277
0.324709
-0.43462
-0.713124
1.07265
-1.29513
-0.189988
-0.398539
0.0574974
0.355138
-0.0888067
-0.321658
0.679618
0.00744799
-0.632008
0.376737
1.35574
0.293221
-0.594696
0.276233
-0.316743
0.816886
-0.558033
-0.478335
0.265717
-0.212744
0.265531
-0.359064
-0.194879
0.0314004
-0.00648312
-0.890337
-1.27432
1.50881
-0.90749
0.0112709
-0.0749543
0.0382876
0.0079915
-0.050878
1.09927
-1.04839
0.183688
0.371957
0.205556
0.194683
-0.432114
0.345365
1.53105
0.27029
-0.381228
0.250438
-0.38733
-0.315001
-0.279824
0.0382876
0.11014
0.0549832
0.621667
0.355534
-0.0398968
0.156914
0.209811
-0.0268316
0.0413188
-0.0413188
-0.0954976
0.312355
-0.255212
-0.612181
0.979486
0.0860699
-0.245415
0.311787
-0.0312015
-0.492992
0.348497
0.17657
-0.0676124
1.39841
-0.87395
-0.433707
-0.231855
-0.259849
0.225689
0.00826718
-0.550227
-0.883868
0.496087
-0.393149
-0.724195
0.0708828
0.295751
-0.558113
0.966324
0.0497036
-0.206551
0.152458
-1.15465
-0.0497036
-0.877339
-0.455206
0.29737
-0.314323
0.0302916
0.418558
-1.51143
-0.685357
0.335571
0.0121484
-0.143319
0.0932195
0.234893
-0.0313412
-0.584441
0.125222
0.284345
-0.399711
-0.0393588
-0.368529
-0.232006
-0.909069
0.158952
0.247213
0.38748
-0.571033
1.27837
-0.546771
-0.456448
0.368271
0.753452
-0.370395
0.289579
-0.0176112
-1.37307
1.29812
0.85492
-0.418483
-0.436438
-0.402873
0.0845796
0.11444
-0.346205
-0.322083
0.400527
0.108806
0.779981
-0.900889
-0.527264
0.205181
0.114456
-0.0494596
-0.144721
-1.2506
0.174417
-0.207683
-0.224063
0.175824
0.0482382
0.0192784
-0.0902342
0.0902342
0.38964
-1.07724
0.43296
0.0528036
-0.0528036
-0.637859
-0.354696
0.19049
0.0673494
-0.323435
0.657202
-0.462609
0.255165
-0.11508
0.0614931
0.0632788
-0.0676124
0.909786
0.099437
0.351999
-0.654702
0.228819
-0.297048
0.601595
-1.38645
-0.47937
0.380647
-0.127366
0.137434
0.212383
-0.635458
-0.281552
0.0628246
-1.85131
-0.745502
0.000699246
0.123735
-0.502308
0.851385
0.109812
0.127515
0.0678128
0.638086
0.190128
-0.215952
-0.0678128
-0.0071976
-0.205323
-0.520088
-0.764866
-0.189246
-0.702123
0.688715
0.372136
0.0569938
-0.176669
0.467181
-1.26267
-0.0238477
-0.205114
-0.122388
0.0143555
0.309109
1.64485
-1.28343
-0.405828
0.0510874
-0.592895
1.23986
-0.0757243
0.689571
-0.600153
0.833912
-0.0311667
-0.805971
0.581263
0.0378773
0.317637
-0.109846
0.0426623
-0.757314
0.373442
-0.702033
0.432749
-0.018133
0.0276056
0.59833
-0.296763
-0.244044
0.107157
-0.698698
-0.320811
0.179855
0.385779
-0.018732
-0.441478
0.46021
-0.277808
0.0475295
0.362521
0.951
-0.889517
1.01407
0.0902586
-0.0475295
1.64075
-0.573302
0.210206
0.0720927
-1.08114
-1.45926
0.241644
-0.0206689
0.374957
0.220662
-1.01783
0.21891
-0.0877151
0.574475
-0.632053
0.98657
0.0524796
-0.0634342
-0.08042
-0.806365
1.06846
-0.172361
-0.0704012
-0.296809
-1.12762
-0.184076
-0.144543
-0.289285
0.00789046
-0.689279
0.992373
-0.0123726
-0.00531172
-0.513291
0.00210487
-0.131693
-0.0134447
-0.156544
-0.177546
0.318916
1.41965
0.638991
-0.407091
0.437924
1.44516
-0.411607
0.0799545
0.907087
0.469397
-0.362396
-0.578084
0.405723
-0.142201
-0.045531
0.420413
-0.124455
0.151637
0.343197
0.143282
0.00928187
0.0597737
-0.321
0.181085
0.630951
-0.105702
-0.12532
-0.309441
-0.608035
0.328608
0.397187
1.83351
-0.0579122
0.274343
-0.377156
-0.0169774
0.237517
-0.322765
-0.194518
0.0596579
-0.0346882
-1.37921
0.000125431
-0.104449
0.146461
0.347899
-1.40358
-0.412664
0.77683
-0.415393
-0.361437
0.0914488
1.1219
0.413611
0.524763
-0.249102
-0.27882
-0.309604
-0.50943
1.20422
-0.113922
-0.198328
-0.0378773
-0.0198879
0.105731
0.105702
0.675656
-0.333855
-0.967172
0.0871103
-0.147574
0.0296986
0.182116
0.283112
0.243933
-0.383716
0.266669
-0.322162
0.224735
-0.468778
0.31136
0.638011
-0.226324
0.216975
0.114392
-0.492635
-0.429329
0.284608
0.90191
-0.467337
-0.159347
-0.543601
-0.061048
-0.0526543
-0.135871
0.100505
-1.13844
1.08756
0.425342
-0.880577
0.0451865
-0.0451865
-0.634943
-0.795239
-0.384514
0.442012
-0.576161
-0.194081
1.46095
-1.26687
0.104834
-0.107805
-0.725581
-1.23776
0.5788
-0.321518
0.654775
0.0502929
0.282558
0.236794
-0.430806
0.315725
-0.140746
0.146093
-0.240205
0.0379567
0.087505
-0.120715
-0.801658
0.270157
-0.562037
0.0411383
0.258489
-0.390332
-0.142604
0.127537
-0.128574
-0.968401
-0.178137
0.0540618
-0.0570917
-0.254654
-0.293758
0.383825
0.138044
-0.314284
-0.119331
1.19153
-0.801892
-1.24575
-0.866289
-0.516509
-0.725103
1.24161
-0.0668641
0.261496
0.0974358
-0.854664
-0.105971
0.188754
-0.114063
0.128036
-0.13242
-0.236134
-0.399324
-0.32097
-0.184508
0.16066
0.783356
-0.304588
0.383348
0.340963
-0.625835
-0.239534
-0.312123
-0.459131
0.740085
-1.78439
-0.254035
-0.343061
-0.00258897
0.0234376
0.398512
0.315014
-0.605662
1.44452
-0.5402
-0.189664
0.244685
-0.825323
0.337339
1.02917
1.31595
-1.20484
0.0132845
-0.322271
-0.0514039
-0.898484
-0.0531674
1.56024
0.153741
-0.15525
0.331081
-0.0584713
-0.307361
-1.24034
0.510283
-0.300145
-0.300421
1.50954
0.147545
0.0090598
0.141296
0.116006
-0.302529
-0.606508
0.137338
0.0534093
0.0510874
-0.79103
0.215273
-0.182979
0.187279
-0.0693885
0.26566
0.0229274
0.198472
-1.30607
-0.275595
0.827411
-0.0845009
-0.642462
-0.421552
-0.378543
-0.435216
0.364637
-0.016525
-0.0787496
-0.0526594
0.637155
0.0874405
-1.48038
0.434518
-0.447999
0.382625
0.119994
-0.121217
0.404079
-1.21346
0.0377295
0.000558163
0.605528
-0.223291
1.13038
-0.11339
0.205609
0.703935
1.23407
-1.28296
-0.0778114
0.466195
-0.379801
0.325725
-0.20122
0.136575
-0.141552
-0.0707378
0.0680172
0.0887956
0.175667
0.909379
-0.1108
0.436177
-1.16128
0.262051
0.554699
-0.312011
-0.242688
0.477745
-1.30594
0.00928187
-0.332858
0.0781639
-0.0779215
0.508769
-0.0950378
-0.0435217
-0.989694
1.09916
0.382752
0.156677
-1.49909
-0.29822
-0.258463
-0.0732634
-0.247702
-0.780928
-0.439017
1.21994
-0.0939627
-0.228093
-0.146899
-0.178707
0.177996
0.130523
1.46929
-0.230871
-0.221074
-0.00946796
-0.267144
0.144166
-0.207803
0.00858031
0.0741892
0.167168
-0.1201
-0.862708
0.141964
0.00421434
-1.43438
0.0247095
0.0892273
-0.07525
0.223312
-0.0330939
-0.253192
-0.255916
-0.337646
-0.866973
-0.045855
-0.0905516
-0.821018
-0.427169
0.152235
0.58997
-0.368957
-1.21952
1.59936
0.318691
0.255578
1.00461
-0.0190096
-0.385984
-0.609851
0.290496
-0.267977
-0.102241
-0.111896
0.82307
-0.180913
-0.607224
0.251315
-0.165239
0.915633
-0.512466
-0.0224343
0.0401606
0.230443
1.59011
0.210887
0.270078
-1.25103
0.155188
-0.0661998
-0.209638
-0.657335
-0.0040827
-0.574116
0.421156
-0.895204
-0.401756
0.0706132
-0.601293
-0.351875
0.157658
-0.526615
0.479072
-0.706344
-0.318634
-0.169873
-0.40355
-0.416278
-0.164248
-0.313183
1.14181
-0.0291078
-1.33016
-0.406676
0.676641
-0.315993
0.127332
-0.483614
-0.588488
-0.513152
0.460759
0.19816
-0.149557
-0.142363
-1.0239
0.142861
0.362868
0.0973418
0.718398
0.365714
0.981682
0.644995
-0.117291
0.531617
0.128519
-0.0910061
-0.690123
0.382762
0.0685753
-0.105377
-0.0158395
-0.121431
0.562897
-0.16571
0.156976
0.554928
0.610234
-0.389572
-0.139953
0.0594483
-1.0772
0.389256
-0.19437
0.659615
0.172445
-0.168432
-0.0393709
0.164683
0.0371244
0.178149
-1.35671
0.173567
-0.227775
0.382981
0.0195143
-0.0128967
0.605521
-0.535249
0.0261163
-0.151149
-1.10454
-0.00654194
-0.181258
-0.286043
0.232025
0.176869
0.0882487
0.140755
1.00668
-0.364076
0.246159
-0.441156
0.355692
-0.0599411
-1.00738
0.432568
-0.00438849
-0.730111
0.126181
-0.407938
0.448866
-0.036083
-0.373571
0.740261
-0.853808
0.34735
-0.866265
-0.67462
)
;

boundaryField
{
    SideWalls
    {
        type            empty;
        value           nonuniform List<scalar> 0();
    }
    Top
    {
        type            calculated;
        value           uniform 0;
    }
    Inlet
    {
        type            calculated;
        value           nonuniform List<scalar> 
18
(
-1.94444
-1.94444
-1.94444
-1.94444
-1.94444
-1.94444
-1.94444
-1.94444
-1.94444
-1.94444
-1.94444
-1.94444
-1.94444
-1.94444
-1.94444
-1.94444
-1.94444
-1.94444
)
;
    }
    Bottom
    {
        type            calculated;
        value           uniform 0;
    }
    Outlet
    {
        type            calculated;
        value           nonuniform List<scalar> 
18
(
1.9665
1.94293
1.94516
1.9414
1.94554
1.93612
1.94552
1.94872
1.94834
1.95605
1.94402
1.9375
1.93294
1.93669
1.92941
1.94626
1.93688
1.96004
)
;
    }
    Plate
    {
        type            calculated;
        value           uniform 0;
    }
}


// ************************************************************************* //
