/*--------------------------------*- C++ -*----------------------------------*\
| =========                 |                                                 |
| \\      /  F ield         | OpenFOAM: The Open Source CFD Toolbox           |
|  \\    /   O peration     | Version:  2306                                  |
|   \\  /    A nd           | Website:  www.openfoam.com                      |
|    \\/     M anipulation  |                                                 |
\*---------------------------------------------------------------------------*/
FoamFile
{
    version     2.0;
    format      ascii;
    arch        "LSB;label=32;scalar=64";
    class       surfaceScalarField;
    location    "4.6";
    object      phi;
}
// * * * * * * * * * * * * * * * * * * * * * * * * * * * * * * * * * * * * * //

dimensions      [0 3 -1 0 0 0 0];

oriented        oriented;

internalField   nonuniform List<scalar> 
7520
(
-1.01745
0.79429
0.223158
-1.35943
-0.183421
1.54285
-0.00231141
-1.84932
1.85163
0.233832
-0.031814
-0.202018
0.0248473
1.46842
-1.49327
-0.0891747
0.0959207
-0.00674599
-0.285857
2.08016
-1.7943
-0.147679
-1.71773
1.86541
-1.44745
1.44514
0.853558
-0.0853871
-0.76817
-0.0180214
-0.21831
0.236331
-0.238622
-1.71314
1.95176
0.710004
-0.105119
-0.604885
-0.0983701
0.13655
-0.03818
-1.88889
0.955111
0.933781
0.138034
1.58375
-1.72178
-0.0648125
-0.0506192
0.115432
-0.225408
0.149379
0.0760291
0.0249385
0.0524648
-0.0774033
0.0413448
-0.106157
-0.418815
-0.268564
0.687379
-1.07312
1.21116
-0.0298155
-0.315908
0.345724
0.138915
-0.141478
0.00256281
-0.00354438
-0.133075
0.13662
0.252799
-0.246206
-0.00659313
0.870142
1.11593
-1.98607
-0.035955
0.317097
-0.281142
-0.0610866
0.0860251
0.197343
-0.0310387
-0.166304
-1.14755
1.75767
-0.610125
-0.0475911
-0.0179572
0.0655483
-1.84266
1.96585
-0.123183
-0.295978
0.327081
-0.0311034
-0.272349
-1.24026
1.51261
-0.5272
1.01568
-0.488475
0.27125
-0.543028
0.271778
0.789033
-1.53478
0.745752
0.0922766
-0.31896
0.226684
-0.0445691
-0.101537
0.146106
-0.0278278
0.26166
0.398373
0.397819
-0.796193
0.287708
-0.0349091
2.18105
-1.63132
-0.549727
-0.483419
-0.674028
1.15745
-1.49837
1.62379
-0.125419
-0.0315366
0.0725523
-0.0410157
0.261753
-0.0764279
-0.185325
-1.34174
0.19419
0.274366
-0.0756578
-0.198709
1.79226
0.155505
-1.94777
-0.721362
0.252244
0.469118
0.197481
-0.198481
0.000999634
1.01386
0.529763
-1.54362
0.0145819
-0.103757
-0.761789
0.126103
0.635686
0.386225
-1.25089
0.864669
-0.0421893
-0.123357
0.165547
-0.116168
0.0685764
-2.19697
1.09876
1.09821
1.10823
-0.51478
-0.593449
-0.0176456
0.004328
0.0133176
-1.2592
0.986849
0.833141
-0.123137
-0.0255247
0.223006
0.00405795
-0.102428
1.11617
-2.23038
1.11421
0.153187
1.63908
-1.24316
0.986546
0.256617
0.316363
-0.238139
-0.0782236
-0.521079
0.907304
0.234437
-0.923898
0.689461
0.34087
-0.0939741
-0.246896
0.438401
-0.46748
0.0290789
0.726797
-1.45261
0.725816
0.127065
-0.111128
-0.0159376
2.11306
-0.941312
-1.17175
0.410966
-0.773943
0.362976
1.70229
-1.20306
-0.499226
-0.822253
0.0604644
-1.48592
-0.711047
1.19371
0.139312
-1.33302
0.239721
-0.625059
0.385338
-0.0634507
-0.232527
-0.0686242
-0.156784
0.214301
-0.0169588
0.0147101
-0.0472705
0.0325604
1.06734
1.04572
-1.80889
2.04463
-0.235743
0.6996
0.408629
-0.959626
1.12066
-0.161035
0.0398523
-0.0174344
-0.0224179
1.36273
-1.60135
0.242552
0.196636
-0.104359
0.470983
0.254177
-0.72516
0.00739739
0.0835955
-0.0909929
-0.551512
0.404117
0.147395
1.32695
-0.600151
-0.725275
0.6306
0.0946749
0.76629
-0.978816
0.212527
-0.0875104
0.110172
-0.022662
-0.0047621
-0.00152184
0.00628394
2.3635
-1.37011
-0.993395
0.53707
-0.447369
-0.570079
-1.36827
0.847188
-1.89546
1.6096
0.16437
-0.0776065
-0.0867638
-0.132656
0.114634
-0.157962
0.156731
0.00123068
-0.184219
0.259771
-0.0755523
1.88807
-1.09903
0.309631
-0.13548
-0.174152
-0.779092
0.360277
-0.0271863
-0.0467327
0.073919
-0.113418
1.30713
-0.786855
0.468986
0.317869
1.29801
-2.04091
0.742899
0.0377732
0.101142
-0.177426
-0.543936
-0.380281
0.0919568
0.288324
1.05759
-0.204036
-0.348302
0.259789
0.0885128
-0.0738281
0.198976
-0.125148
0.0443519
-0.0447191
0.000367187
0.725423
-1.84059
1.11517
0.387443
-0.417258
-0.34828
-0.0511692
0.399449
0.226561
0.08307
0.113094
-0.274995
0.161901
0.141476
0.0320273
-0.173503
-0.0639751
0.205451
-0.613536
-0.173319
0.0289628
-0.637293
0.60833
-0.75659
1.74311
-0.986517
0.397313
-0.417
0.0196868
-1.17082
-0.197449
-0.0336531
-0.0497324
0.0833855
1.37079
-0.356926
-0.640197
0.423153
0.217043
-0.00044679
0.115348
-0.114901
0.289952
-0.0749843
-0.214968
0.222652
-2.07198
0.316591
-1.81496
-2.17651
0.813636
1.36287
-0.841511
-0.401652
-1.25203
1.04611
0.205911
1.90503
0.305403
-2.21043
0.181772
-0.226341
-0.160599
1.21569
-1.05509
-0.260466
-0.391965
0.652431
0.057503
-1.30953
-1.85273
0.0100637
0.00162897
0.0130812
0.0625428
-0.119178
0.0566349
0.286242
-0.328431
0.861353
-0.0950629
-0.154316
0.126488
-0.0379811
0.00924448
0.0287366
0.754888
-0.4244
-0.330488
-0.476193
-1.4127
0.00648553
-0.266952
0.0340404
-0.57104
0.536999
0.138396
-0.0957469
-0.0426494
-1.59303
0.947107
0.645924
0.618949
-0.594101
-0.053715
0.448852
-0.395137
-0.173281
0.169736
0.520751
-0.242434
-0.278316
1.03977
-0.56879
0.237472
-0.313129
0.889118
0.324372
-1.21349
0.299155
-0.33511
-0.399335
-1.42293
1.82227
1.27559
0.668857
0.696827
-0.457106
-1.31367
0.786473
-0.706906
0.908622
-0.201717
0.00679965
-0.0340698
0.0272702
0.276145
-0.323545
0.0473995
-1.49543
1.38201
-0.275767
-0.149971
0.425738
0.103303
0.0350929
-0.852278
0.886319
0.53871
-1.08459
0.545884
-0.527679
-0.0238328
0.673628
-0.402378
0.137742
-0.0106763
-0.379714
0.150077
0.229637
0.0639273
-0.248146
-0.36252
-0.11172
0.474241
0.13196
0.208911
-0.767706
-0.684906
-0.766739
-0.826293
0.0512888
-0.067684
0.0163952
1.68011
-0.689299
-0.990811
-1.16819
0.411595
-1.15651
2.12545
-0.968947
0.361907
0.158843
-0.257386
0.141123
0.116263
-0.768089
0.590663
0.626588
-1.11001
1.74642
-0.0649069
-1.68152
-1.48661
1.92988
-0.443267
-0.0231784
0.0857212
0.376521
1.4217
-1.79822
0.0339655
-0.165515
0.13155
-0.11542
1.78007
-1.66465
0.00170536
0.10911
-0.110815
-0.882133
1.23156
-0.349425
-0.0971394
-0.67095
0.0733697
-0.43589
0.264357
-0.174385
-1.63226
1.80665
-0.0163366
0.0688014
-1.5919
0.824196
0.226131
-0.177318
-0.0488127
-0.0849208
0.0110927
0.124219
1.58978
-1.714
-0.575946
-0.550644
1.12659
-0.510569
0.400219
0.11035
2.47898
-1.62331
-0.855669
0.441109
-1.01705
-0.178841
0.209615
-0.0307745
0.112825
0.718311
-0.831136
0.0453732
-0.048751
0.00337784
0.831513
0.802908
-1.63442
-0.223037
-0.502238
-0.0582895
0.165616
-0.107326
-0.931724
0.691562
0.240162
-0.0728432
0.0390177
0.0338256
1.46533
0.214783
1.08358
-2.02364
0.94006
-2.80009
1.22119
1.5789
-1.16784
-1.63225
-0.3746
0.48958
-0.11498
0.304761
-0.377454
0.0726927
0.654272
-1.53279
0.87852
0.0556802
1.0584
-1.11408
-0.876595
1.01591
1.12812
-0.239005
1.10715
1.14094
-2.24809
-0.182143
0.0876513
0.0944915
0.027322
-0.959046
1.86121
-0.481987
-1.37923
0.134553
-0.100588
0.0934756
-0.143017
0.0923981
1.07197
0.789244
0.177154
0.667148
-0.844302
0.359346
-0.042249
0.00613222
0.0531119
-0.0592442
0.194449
-0.315371
0.120923
-1.8124
0.853069
0.959331
0.0505885
0.254173
0.811225
-0.782263
0.493583
-0.0335836
-0.459999
0.132933
0.12882
-1.85757
1.80715
0.0504199
1.19825
-0.659542
0.0296203
0.197687
-0.227308
-0.0398742
-0.126926
0.1668
0.118773
-0.212747
1.66895
-0.55278
0.0306075
-0.0103029
-0.0203046
0.00198416
-0.0399652
-0.318195
0.0998855
0.921713
-0.667535
-0.656666
0.712346
-0.376622
-0.00309192
2.08016
0.0196517
-0.0198115
0.000159775
0.0216425
0.90007
-0.199387
0.128653
0.0707339
0.021638
-0.0264001
-0.355162
0.753535
1.17743
-1.33803
0.413965
-0.369374
-0.0445907
0.316971
-1.1991
0.188754
-0.07566
-1.83944
1.66505
-0.226788
0.0479471
-1.98712
0.22023
-0.220677
-0.0700237
-0.0555372
0.125561
-0.593406
-1.21899
1.40872
0.954776
1.72213
-0.77502
-1.71314
0.0925509
-0.440853
0.0477193
0.212449
-0.260169
0.174337
-0.234339
0.0600012
-1.27637
0.602341
-0.193093
-0.262147
0.45524
0.334978
-0.420366
-0.118694
-1.91456
2.03325
0.990935
0.223267
-1.51139
1.28812
0.91544
1.05041
-0.767782
1.49537
-1.11885
-0.0536873
0.390484
-0.336797
-0.874351
0.762318
0.112034
0.00988526
0.0207222
-0.0832917
0.325934
-0.242643
-0.26719
-0.249785
0.516976
-0.521426
1.79701
-0.27585
-0.364129
0.639979
0.0711864
-0.102723
0.264161
-1.22379
0.0370841
-0.0309519
0.00841029
-1.84192
1.00392
0.837999
0.363732
-0.468851
0.00842862
-0.0247231
0.422037
1.08671
1.39228
1.65032
-0.538703
-1.11162
0.117361
-0.0432754
-0.0740861
0.742353
0.959932
0.150259
-0.10254
0.687573
-2.00242
1.31484
-0.0271426
0.0369883
-0.00984574
0.497586
0.829361
-0.217418
-0.101542
0.743213
-0.56606
-0.578394
1.44854
0.153668
0.0107023
1.86144
-0.563431
0.143389
-0.135992
1.77331
-0.122996
0.1009
0.399647
0.0143183
0.0177062
0.298656
-1.73995
-0.839435
0.981875
-0.14244
0.0057565
-0.116884
1.77162
0.0204916
-1.79211
-0.710855
0.435005
0.222796
0.0671562
-0.30699
0.0688509
0.0125093
-1.21557
1.54292
-1.58309
0.0401653
0.0202433
-0.306705
0.286462
-0.815393
1.31298
-0.811708
1.53713
0.0520029
-0.0317596
0.783819
-0.314832
1.95359
-0.590859
0.00519535
0.118582
-0.123778
-0.0662758
-0.0976433
0.163919
0.114482
0.00287931
-0.0686312
-0.743161
-0.227597
0.00907591
0.218521
0.527667
1.21544
-1.73872
1.33938
0.112679
-0.460959
-0.780648
1.01509
-1.13852
1.33496
-0.196439
0.531851
-1.80235
1.68693
2.03987
-0.972528
1.32516
0.855885
-0.0664544
0.254049
1.28887
-1.31639
0.312891
1.0035
0.250039
-0.281078
0.258442
-0.207853
-0.211031
0.147056
-0.103914
-1.52741
0.51173
-1.20025
0.688524
-1.18599
0.500013
0.685973
-0.154675
-0.769223
0.00980635
-0.0274519
0.0861398
-0.0262341
0.188556
-0.162322
-0.541445
0.48773
1.05603
0.983837
-1.48661
0.0168614
0.0274905
1.61559
-1.43073
-0.184855
-0.389051
1.81075
-1.57099
2.50622
-0.93523
-0.775277
1.0404
-0.265122
0.131946
-1.39114
-0.182552
-0.194902
-0.270747
0.426584
-0.155837
-0.0178558
0.0163339
1.33919
0.707827
-1.27896
0.571135
-0.0305836
-1.55633
1.58691
-0.0522429
-0.105719
-0.00507671
-0.47176
0.476837
-0.773774
1.65492
-0.881144
0.197449
-0.137287
-0.0601626
-0.520173
0.603716
-0.0835431
-1.96645
1.78303
2.04365
-0.440346
-1.60331
-0.137628
0.0770929
0.0605355
0.00745537
0.166882
0.106602
-0.634281
-0.822773
1.65429
-0.0429525
0.0157662
1.74642
-0.978821
1.09165
0.0264778
-0.0264778
-0.137954
0.235945
-2.04483
2.25658
-0.940114
-1.31647
-0.719946
0.869946
-0.149999
-0.00535143
-0.310196
0.315547
1.05632
-1.19717
0.140847
-0.562567
-0.24901
0.811577
0.863534
-1.99766
1.13413
-0.077431
-0.79692
-0.209352
0.143076
-0.221251
-0.566669
0.78792
0.758844
0.421151
-1.18
-1.31083
-0.428626
0.688465
-0.259839
-0.95383
1.16355
-0.209725
1.44639
-1.32217
-0.0983346
-0.129262
-0.0450685
-0.0150622
0.453463
-1.17231
0.995122
0.177187
-1.29318
1.85714
-0.563957
-0.0168244
0.130661
-0.113837
-1.47716
-0.753219
-0.0570276
-0.004059
-1.6147
0.458193
-0.368082
0.28479
-0.243583
-0.531695
0.0338391
-0.0609817
-0.691981
1.79913
0.0428655
-0.358774
-1.52138
0.110004
1.41138
0.955192
-0.986801
0.0316092
-0.874299
0.167393
0.214569
-0.564926
0.350357
1.61921
-0.150908
-1.4683
-0.0145254
-0.0526173
0.0671427
-0.379677
0.753185
0.619154
-1.37234
-0.44716
1.40227
0.243435
0.64235
0.728436
-0.0718309
1.58113
0.192181
-1.43381
1.40323
-0.100906
-0.0391974
0.140104
-0.0802101
-0.117089
0.197299
-2.04006
0.469069
-0.112655
0.510474
-0.617075
-0.22236
0.249228
0.861492
-0.303467
-0.558026
0.190703
0.0970053
-1.1298
1.86197
-0.732166
0.147439
-0.245082
-0.0717854
0.34793
0.25179
-0.522538
-0.206376
0.0658753
0.140501
0.315169
-0.0377449
-0.277424
0.700722
-1.1693
0.46858
-0.015
0.00282692
0.0121731
-0.288006
0.320157
-0.0321511
0.120925
-0.46483
0.343905
0.303939
-0.0539001
0.0412094
0.394546
-0.435755
1.34184
-1.02402
-0.962053
-0.147812
-0.465409
0.613221
0.0960708
-0.0272695
-0.269438
-0.241131
1.11403
-0.25254
0.0271924
-1.26251
1.23532
-0.355707
-0.024574
-0.0374776
-0.576058
-0.314454
-0.205719
0.168522
-0.166817
-1.3971
-0.0348493
-0.0791189
0.113968
1.31068
-0.986309
1.08423
0.959429
0.431321
0.0622618
-0.160903
-1.59319
1.7541
0.677537
0.510702
-1.18824
-0.126194
-1.03794
0.613073
0.424872
1.19208
-0.236889
0.0197693
0.0144255
-0.0341948
2.21427
-1.21259
-1.00168
0.135064
-0.30261
0.167545
0.681262
0.438531
-1.11979
0.0700436
0.100317
-0.170361
1.70481
0.0372299
-1.74204
0.0338331
0.115546
-0.253401
0.296266
0.0541323
-0.000436354
-0.0536959
0.199667
-0.268291
0.0477831
0.023271
-0.0710541
-0.501431
-0.665216
1.16665
1.10576
0.513449
1.01228
-0.985088
0.603893
-1.37767
-1.84492
1.72622
0.138389
0.060587
0.24937
-0.604076
0.354706
0.738417
0.98371
1.14825
-1.34032
0.192068
1.2006
-0.558255
-0.130401
0.0871253
0.107905
-0.334951
0.227046
-1.52747
-0.324578
1.85205
-0.42206
0.449448
-0.0273883
-0.00648589
0.0329637
0.304342
1.16408
-0.136591
-0.0455522
1.00278
-2.06199
1.05921
-0.805723
-0.320899
1.12662
1.60875
-0.525174
-0.0300992
0.556748
-0.948713
-0.261767
0.00454984
0.257217
0.0191867
-0.185491
-0.481559
1.18939
0.0114503
0.0339229
-0.147968
0.143409
0.00455902
0.0418056
1.01452
0.111837
-0.74913
-0.411357
-0.415743
0.5077
0.718528
-0.962111
-0.17727
0.0417901
-0.0712829
0.163681
-1.9331
0.90908
0.050801
0.10333
-0.154131
-0.312062
0.222476
0.0895859
0.197728
0.860673
0.00206045
0.00226755
0.00908443
-1.65517
1.64609
0.0337131
-0.633834
0.600121
-0.0221713
0.063013
-0.0408417
-0.690533
1.20226
-0.147798
-0.3542
0.501998
-0.280291
0.49486
-0.228785
1.24429
-1.0155
-0.649891
0.535149
0.114742
2.01012
-0.105093
-0.119243
-0.153836
0.273079
-0.0330284
-0.241967
-0.176163
-0.152041
1.13365
0.910978
0.28471
-1.36999
1.08528
-0.807938
-0.176673
0.984611
0.0457758
0.136744
-0.18252
0.0697745
0.242269
-0.312044
-0.155293
-0.0423252
0.197618
0.0153961
0.0216881
-1.03813
-0.14571
0.0126349
-0.0440911
0.0131391
-0.122444
0.38934
-0.266896
-0.228563
0.262698
-0.0341347
-0.0455904
0.0620019
-0.0164115
0.78964
-0.387953
-0.0612876
0.0140171
-0.230058
-0.593828
0.823886
1.17184
-0.974114
0.0127793
-0.352627
0.339848
-0.54695
-0.431867
-1.37053
1.52371
1.11585
0.0998369
-1.34985
0.839494
0.510361
0.217401
-0.0941155
-0.123286
1.74311
-1.74311
-1.61763
0.13171
-1.00596
-0.188021
-0.651209
0.83923
0.577158
-0.53673
-0.0404282
-0.204157
-0.298941
0.195856
0.103085
0.00454843
0.19684
-0.201388
-0.487294
1.26305
-0.77576
0.133339
-0.189398
0.0560598
0.806837
-0.674891
-1.05631
0.248369
-0.0390515
-0.21376
0.252811
0.0159516
-1.33234
-0.522717
-1.20987
0.687151
0.731634
0.0127735
0.233836
-0.246609
-0.271876
0.329037
-0.0571611
-0.225798
0.167509
-0.0823778
-0.145138
0.0751139
0.0359622
-0.0484295
0.131991
-0.0835613
-0.267911
-0.0670402
-0.311431
0.35264
0.112231
-0.135461
0.02323
-0.0834212
-0.116025
0.199446
-0.125697
0.0121045
0.113593
-0.0644134
0.166717
-0.102304
-0.638153
1.32668
0.584415
-1.12902
0.544606
-0.14967
-0.0805401
0.230211
-0.0452297
-2.24606
2.29129
0.889625
-0.573619
-0.316006
0.442256
-0.0388128
-0.195526
-0.0545227
0.00778998
-0.0538293
0.188894
0.289675
-0.925053
0.635378
-0.452105
-1.40547
-0.201949
0.830657
-0.628708
0.169463
0.0570987
0.403861
-0.271234
-0.132627
0.321271
-0.551329
-0.486387
-0.085219
-0.0827437
0.167963
-0.524179
0.331086
-0.154519
0.577672
-0.193571
0.153697
-1.59569
0.225587
-0.287402
0.539193
0.0332558
-0.242608
0.35718
-0.130134
0.317375
-0.304602
-0.0834589
-1.28837
0.650213
1.98198
-0.201908
-1.63226
2.24884
-1.08743
-1.16141
-0.080241
0.484358
-0.0821772
-0.740076
0.515894
-0.451967
-0.243633
-0.0181339
-0.588972
-0.40188
0.990851
-0.0405152
0.0611827
-0.0206674
0.0236379
-0.865149
-1.90547
-0.311834
-0.324139
0.635973
0.438008
-0.404295
-0.242233
-0.0378542
0.280087
0.465438
-0.0779956
0.163916
0.0534853
1.99987
-1.13633
-0.905113
0.316141
-0.249159
-0.0501172
0.299276
-0.0454539
-0.105771
-1.0914
0.00670973
-0.258311
0.251601
-0.0822651
-0.0339024
0.920295
-1.17995
0.25966
-0.667341
-0.0511905
1.7943
0.105553
-0.699382
1.24989
-2.04621
0.796323
-1.99838
1.33631
0.662064
0.150648
0.103228
-0.253876
0.151988
1.19196
0.0106594
0.84499
-0.855649
-0.0536927
0.0433898
0.037778
-0.175406
-0.0299822
-0.273461
0.303443
1.26429
-1.42519
0.216996
0.0696666
0.0150471
-0.0847136
-1.46089
-0.156747
-0.582895
-0.840479
0.692667
0.107671
0.003385
-0.111056
-0.627612
0.302536
0.325077
-0.391413
0.337726
-1.09564
-0.544116
1.63976
-0.147919
0.271132
-0.276484
0.308899
-0.602522
0.293623
-0.667266
1.16728
-0.154034
-0.880386
0.160439
0.766371
0.0448548
0.909911
-1.3972
-0.0552717
0.0486308
0.00664093
1.11817
-0.411081
-1.08219
-0.342994
-0.0720661
0.41506
-0.0548065
0.201862
-0.132089
0.0236384
0.108451
0.120732
-0.277516
-0.161936
1.33937
-0.221395
0.304239
-0.0667676
-0.425492
0.400769
-0.179408
0.0734933
0.105915
0.245264
-0.106668
-0.138596
-0.141037
-0.0416534
0.182691
0.156034
-0.110576
-0.0454586
-0.258753
0.133605
-0.220192
-0.0865126
-0.0277058
1.20491
-0.343462
0.0910986
0.252363
-0.0835784
0.10825
-0.0246719
0.11553
-0.375015
0.259485
0.0375918
0.231424
-0.66005
0.134359
0.360421
-0.0741784
-0.146394
-0.0268869
-0.128537
-0.0369785
1.79718
-0.994275
0.0777806
-0.294414
0.216633
-1.60143
0.2309
-0.0570744
0.0950143
-0.0379398
-0.0396224
-0.0332208
-0.683929
-1.31445
0.357712
-0.0585571
-0.856208
-1.14621
0.0686661
-0.216634
-0.320752
0.629651
0.995279
-0.749518
-1.06013
1.34484
-1.84887
0.321402
-0.142544
0.0722651
0.0702792
0.141017
-0.179976
-0.393136
0.573113
0.0353464
-0.055651
-0.455769
-0.840197
1.29597
-0.823473
-1.05803
1.8815
0.603486
0.343848
-0.947333
0.00331384
0.217517
-0.302736
-0.260802
-0.261736
-0.171235
-0.104413
0.275649
0.256636
0.395795
0.274943
0.128918
0.107605
-0.599236
-0.0104728
0.0301245
-0.688359
0.913054
-0.224695
-0.142315
0.0291513
-0.896051
-0.064152
-0.00353205
-0.774832
-0.153054
0.314955
-0.766893
-0.0153692
-0.136013
-0.891617
-0.332951
1.22457
-0.173595
0.68949
0.225877
0.644069
-0.292452
-1.00698
-0.926115
-1.28557
1.42642
0.0753757
0.184489
0.0159747
-0.0665924
0.0506177
-0.629911
0.574579
0.0553316
0.712857
-0.809996
0.263114
-0.212313
-1.12702
-0.222838
-0.257902
0.325021
-0.0671193
1.14001
-0.439286
-1.46444
-0.137719
1.60216
-0.0833875
-0.184523
0.120236
0.220875
-0.341111
-0.232048
0.396431
0.140639
0.0161451
0.0185298
-0.0346749
-1.30501
0.82302
0.00277972
0.0325667
-0.171915
-0.130695
-0.325776
-0.0875899
-0.0896799
0.300753
0.265607
0.0543872
-0.108083
0.348216
1.45894
-0.726436
2.0516
1.02218
0.60376
-0.85277
-0.0201173
-1.44432
-0.109517
-0.324572
0.381201
-0.0566293
-0.0272043
-0.0175148
-0.160551
0.00880657
-0.054511
0.123087
-0.0949256
1.55356
-1.45863
0.178059
-0.849008
-0.122426
-0.258785
-0.0696462
0.0669889
-0.282197
0.356605
-0.0744081
-0.00940057
-1.43181
1.44121
0.631192
0.269269
0.307889
-0.666717
-0.57063
0.946943
-0.376313
-0.0651103
-0.0992782
0.321754
-0.529282
0.754088
-0.224806
-0.0431611
-0.384429
0.42759
-0.159854
-0.607384
0.767238
-0.275817
-0.0592925
-2.03136
-0.0892903
0.181011
-0.175815
0.0289432
0.0526146
-0.0498348
0.340563
-0.664702
2.1836
-0.925776
-1.25782
-0.0301944
0.422999
0.29017
-0.169933
-0.224002
0.141258
-0.172458
-0.0128668
-0.37469
0.311239
-0.305986
0.837557
-0.997411
0.13578
-0.0917242
-0.0440562
-0.370292
-1.93384
1.05939
0.874452
-1.78562
1.74039
-1.18181
0.392089
0.789716
0.134794
-0.158119
0.0233245
0.603824
0.510209
-0.147605
0.1968
0.0354553
0.138307
-0.125335
-0.259625
-0.0116088
1.04531
1.13829
0.0759741
-0.0228622
1.52799
-1.22259
-0.0283384
-1.39324
1.42157
1.23456
-0.0296543
-0.291539
-0.0765432
0.0944592
0.0179109
-0.251775
0.124603
0.133838
0.468385
-1.60704
1.13865
0.120333
2.39575
-1.48563
-0.91012
-0.0223619
-0.261346
-0.0488504
1.40781
-0.0258045
1.36203
-1.23032
1.07017
-1.89364
-1.24783
0.0234319
1.2244
-0.968164
-0.0150233
0.983187
-0.0435824
0.0567216
2.18744
-0.00412847
-2.18331
-1.74179
1.89217
-0.150381
0.0447879
0.21791
-1.06736
0.11353
-0.0037652
-0.223023
-1.34859
0.210072
-0.00720604
-0.00911643
0.0163225
-0.0898345
0.22299
-0.133155
0.147487
-0.492955
0.345468
0.522367
0.459508
-0.524662
-0.10295
0.0738366
0.866136
-0.943567
-0.0650403
-0.0541375
-0.251239
0.0525304
-0.191398
1.49437
-1.30297
-0.291975
0.78541
-0.493435
0.054339
-0.41502
0.360681
-0.821257
-1.52285
0.707128
0.81572
-0.0238349
0.849694
0.22007
-1.06976
-0.413564
0.219067
-0.243131
0.0240637
0.167345
-0.0357953
-0.246295
0.00406244
-0.287013
-1.21641
-0.121619
-0.393734
0.791761
-0.398026
-0.748576
-0.565098
1.76959
-0.765667
-0.101127
0.18415
-1.37798
0.0192079
-1.36191
1.34271
-0.270649
-0.02717
0.297819
0.865535
-0.901019
0.0354835
0.135928
-0.0205801
-0.100657
-1.43124
0.682662
-0.664023
1.2771
-0.243913
-0.0742825
0.294902
0.216981
0.028283
0.807788
-0.372783
0.00921148
0.703646
-0.953418
0.409482
-1.89269
0.834658
1.25144
-1.26084
-1.48207
1.38715
-0.0222114
-1.45663
0.203997
1.25263
0.592526
0.238131
0.0331401
-0.909989
0.721968
-0.110918
-0.127937
0.238855
-1.41925
0.225467
1.19378
0.323446
0.787986
-1.11143
0.0112741
-1.29684
0.775359
0.0929099
-0.868269
0.126016
0.253861
-1.03451
0.0459436
-0.0116822
0.0506998
1.51037
-1.47314
0.216677
-0.985168
-0.53768
0.784846
-0.00508111
-1.24275
1.10682
-0.257128
-1.68693
-0.0262088
-0.303772
-0.909718
0.332179
0.124484
1.84492
0.23524
0.111839
-1.20324
0.13433
-0.102302
0.193383
-0.460573
0.325123
-0.554624
0.229501
0.250628
-0.0320483
-0.21858
0.158995
-0.312831
-0.0874818
0.28193
-1.13897
1.18264
-0.0436669
-0.740306
1.0866
-1.78716
0.700558
-0.747776
-0.056389
0.0902145
-1.45741
0.109331
1.34808
-0.361994
0.893845
-0.66706
0.690698
0.158027
0.956824
0.595688
-1.00705
-0.819353
-0.178219
0.997571
-0.709897
-1.20801
0.752243
-0.121589
0.124793
-0.00320401
0.0504152
-0.091257
0.971819
-1.45338
-0.23209
-0.464658
0.696748
-0.164908
0.13652
0.0283876
-1.0688
0.46142
0.0364542
0.0247678
-0.226786
0.40541
1.95677
0.230667
-0.794692
0.805351
-0.261549
0.089634
-1.10192
1.75187
-0.64995
-0.0737657
0.0626711
0.0750705
0.367514
-0.0217905
0.950871
1.17458
0.628436
-0.943269
0.282511
-1.90582
-0.164138
0.129289
0.111426
-1.09773
-0.221971
-0.957983
-0.20628
0.0519636
0.784705
-0.379294
-1.1301
0.446451
0.892921
0.181512
-1.67543
0.319871
1.35556
-0.0820325
0.478463
0.673887
-1.19174
-0.294874
0.744771
-0.33333
-0.411441
0.854732
-0.28322
-0.571512
-0.174778
0.0374907
0.624996
-0.660286
0.0352907
-1.36583
0.296669
1.06916
1.07945
0.164839
0.000617606
0.107053
0.755684
-0.52426
-1.7889
0.641882
1.14702
-1.80665
1.48207
0.815767
0.798545
-1.61431
0.780657
-0.720193
1.81863
-0.616736
-1.2019
-1.04132
0.167194
-0.0800691
-0.014403
-0.100259
0.18791
-0.0361147
0.11366
-0.0775452
-0.235237
-0.232243
-1.54595
-0.171782
0.067036
-0.0970182
-0.03158
-0.017171
1.02315
-0.478626
-0.544522
0.780013
-0.477477
-0.115052
0.122507
-0.108301
1.25655
-0.321191
0.0505419
-0.278195
-0.790608
-1.44568
0.554058
-0.0669767
-0.0745011
0.121576
0.09619
0.0995593
-0.0835846
-0.502301
-0.487422
0.0925037
-0.0768097
-0.015694
0.175404
-0.914767
-0.344021
1.25879
0.0209089
0.0317057
0.17025
1.04884
0.99691
-2.04575
-0.382215
0.985701
0.210018
-0.08353
0.609584
-0.890229
-0.655453
1.54568
-0.929404
-0.978242
0.576363
0.298246
-0.201649
-0.096597
0.551185
-1.24048
-0.146152
1.53711
-0.450508
-0.176612
0.101628
-0.39304
-0.735982
0.0693642
1.95632
-1.72622
-0.230095
-0.860843
-0.584833
-0.0386456
0.160209
0.0650666
-1.01666
-0.219592
1.23626
0.213859
0.517607
-0.560768
-1.67529
-1.69457
0.685709
1.00886
-0.157016
-0.00483868
0.161855
0.941809
-0.552068
-0.389741
0.102769
-0.15728
0.075725
0.0810059
0.90135
-1.99699
0.758412
0.09632
-0.31657
-0.588543
0.0523281
0.00885459
0.145712
-0.0159469
-0.89882
0.0264603
0.364024
-0.540106
0.525043
-0.0895051
-0.00676946
0.0962745
0.98137
0.837261
0.570016
0.055964
0.70234
-0.556241
-0.146099
1.80235
-1.48248
-0.0610752
-0.521997
0.141892
0.025453
0.208411
0.0285146
-0.112076
0.00354813
-0.125137
0.533785
0.0658012
-1.79114
-0.0192834
-0.137733
-0.0692292
0.00263684
1.054
-0.828125
0.887575
-0.47601
-0.411565
0.00381815
0.106354
-0.0108799
0.00367386
0.396856
0.0683419
-0.345766
-0.838437
-0.330865
-2.16634
0.877248
1.28909
-0.0204662
0.00303175
0.0636757
0.10044
0.113862
-0.271844
-0.293082
0.479844
-1.37007
0.238333
-0.959069
2.00791
0.62007
-0.083759
-0.536311
-0.665262
-0.490348
-0.0463824
0.0872136
-1.11554
0.479043
-0.732516
0.253473
-0.229161
0.171041
0.0581203
-0.103145
1.29405
1.21217
-1.46199
1.48248
-1.62427
1.14682
0.477451
1.05159
-2.01066
2.15045
-1.06374
-1.04559
-0.983103
-0.0165102
0.205067
-0.0517546
-0.420006
-1.53559
0.0789579
-0.0273789
-1.31294
1.24116
-1.98044
0.739272
-0.0512711
0.233043
-0.463277
0.269132
-0.15439
1.0244
1.37135
-1.79213
0.690212
-0.135733
-0.793671
-1.34352
0.228684
-0.0576427
1.78562
-1.89071
-0.128676
-1.11206
0.0997084
1.13193
-0.378747
-1.48854
1.64171
-0.153166
0.412302
1.87899
0.434975
-0.0684338
-0.366541
1.86743
-0.797262
0.229509
-0.302008
0.720111
-0.757589
0.0878483
0.129133
0.406874
1.00315
-1.41002
-0.601215
-0.455875
1.02071
-1.06728
0.0465758
-0.298865
0.0405548
-1.73942
0.74752
0.991904
0.978164
-0.112629
-0.286387
0.0582062
0.854447
-0.809592
0.283028
-0.54383
-0.175717
0.14883
-0.630457
0.450481
-1.11675
-0.839108
1.95586
-0.181001
0.0704248
-0.0178046
-0.250486
1.03857
-0.87813
0.0535796
1.33092
-2.05736
-0.00511475
-0.250412
0.213005
-1.18712
0.0743926
0.719898
0.396541
0.0434072
-0.610076
-1.45116
0.391037
0.0667511
0.273945
-0.340696
0.0680783
-0.310721
1.15821
1.09063
1.24338
-0.983718
0.0352723
-0.205883
-0.109488
0.437802
-0.0658321
-0.211684
-0.696507
-0.957244
2.00883
-0.182258
0.158423
-0.686726
-1.13438
1.8211
-2.0788
0.337008
-0.0649128
0.230254
0.0292309
-1.45268
-0.0687023
-0.17544
0.654483
-1.00446
-1.16188
1.95632
0.558756
-1.38505
1.01479
-0.555279
-0.219122
-0.133625
-0.169111
-0.235588
0.248367
-1.61724
0.212968
-0.783598
1.06139
-2.01863
-0.797955
-0.194478
-0.0474889
-0.0884343
-1.40011
0.856693
-0.872062
1.35117
0.824123
-1.50286
0.678739
1.59543
-1.29876
1.95176
-0.940216
-1.01935
1.95957
0.493423
1.25526
-1.0414
-0.685121
-1.00945
-0.842084
-0.782189
0.454217
-0.643577
1.54998
-0.906398
-0.110596
1.34253
-1.23193
-1.01919
-0.94086
1.96005
0.907912
0.112796
0.231022
0.374479
-0.467098
0.319337
0.14776
-0.00393177
-0.241151
0.502553
-1.3634
-0.781025
-0.385264
-0.244647
-0.212565
0.059511
-0.300671
0.990131
-1.97985
0.901658
1.07819
-0.0174739
-1.66915
1.68662
0.0440119
-0.239768
0.0383798
0.608636
-1.89546
1.89546
-0.0418125
-0.0154074
0.0572199
-0.642685
1.06384
0.211576
0.0171074
-0.772445
-0.330063
0.725858
-1.46199
-0.0329068
-1.26826
0.289438
1.28989
-1.27394
-1.19548
0.178812
-0.258324
0.154978
0.103346
0.102562
0.522433
0.276028
-0.0253999
-0.951288
-1.18258
0.163672
1.01891
-1.37845
-0.153815
-0.599765
-1.18739
-0.0349747
0.0511198
0.157775
-0.317564
0.0935627
-0.017436
0.0718232
0.363497
-0.275418
-0.355039
-0.674294
1.34075
-0.666452
0.322907
0.202395
-0.230034
0.396993
-0.166959
-0.424482
0.174696
0.419302
-0.53184
0.112538
-1.08835
1.79526
-0.979493
-1.27444
-1.67958
0.24777
-1.25317
0.0490166
1.02345
1.19082
0.113692
-1.02341
1.13613
-0.141012
-0.346046
0.102133
0.649643
0.609819
0.170839
1.9982
-0.936813
-1.03777
-0.833925
1.87169
1.1572
-0.0361008
-1.1211
0.137252
-0.0290018
-0.189908
0.173084
0.137234
1.34366
-1.48089
-1.29871
1.26084
0.0378733
1.29871
-1.38715
0.211264
-0.262535
-0.809558
1.06342
0.0754702
0.344588
-0.210984
-1.64835
0.136961
1.57878
-0.754657
-0.358351
-0.0628385
0.136332
-0.430261
0.936374
0.252565
-0.0850198
0.654671
-0.879476
0.174255
-0.234418
-0.573768
-0.0512914
0.739102
-2.06056
0.504228
-0.0675502
0.425835
-0.358285
-1.04297
-0.937464
0.08992
0.65314
0.545112
-0.864009
0.0693173
-0.0952696
-0.31975
0.100618
-2.07926
1.03367
0.0404916
-0.0183377
-0.286264
0.0461015
0.254651
0.0308621
-1.42511
0.729689
-1.47886
0.74917
0.0578184
0.243759
-0.301578
0.267636
-0.0551864
-1.02408
1.31352
0.622581
0.36312
1.33579
-1.19174
0.182805
0.0399907
1.66952
-1.95814
0.288618
-0.170194
-0.432328
-0.82309
-0.0451794
0.368879
-0.440945
0.246691
-0.376825
-1.15025
-0.109075
-0.0189803
0.128055
-1.46648
0.172948
1.29354
0.269124
-0.352512
0.0866221
0.183378
-0.27
1.18684
-1.19192
-0.280859
0.248811
0.628924
0.210306
-0.341073
0.273954
0.363351
-0.306252
0.180651
0.669289
-0.84994
-0.423874
-0.0690805
-0.937998
-1.01833
1.95633
-0.16907
-0.244316
0.46095
-1.00101
1.74039
0.417561
-0.276544
0.0486196
0.0456859
-0.0322613
2.04592
-1.00061
-1.20432
0.763767
-0.550799
-0.550588
1.69761
0.365773
-0.297431
-0.0395751
0.0330892
0.337801
-0.0854386
-0.287599
0.183186
-0.28775
-0.213425
-0.104139
1.07697
-0.333068
0.37917
0.303559
-0.0697234
0.0360771
0.16127
-0.0274316
0.486464
-0.761881
0.20497
-0.234681
0.0297111
-0.36782
0.34065
0.178008
0.894621
-1.07263
-0.233527
0.10559
0.457204
-0.630799
1.57533
-1.04766
1.00645
0.901473
0.108124
0.553209
-1.08235
0.346431
-0.424427
-0.343893
1.11503
0.884839
-1.52043
1.52043
1.72889
-0.815843
1.08
-0.0163598
1.51826
-1.5019
0.936439
1.00801
0.871769
-1.98852
0.111143
-1.10855
-1.32925
-0.208712
-1.43041
1.63913
-0.404685
-0.119494
0.0704259
0.939053
0.153249
-0.259917
-0.965691
1.65311
-0.687421
-0.175169
0.263017
-0.018814
0.170094
1.02199
2.44758
-0.960074
-1.48751
1.58994
-1.48061
1.13373
0.201232
0.0468747
0.00512816
0.0383198
1.55146
0.565496
1.09483
0.767137
0.0207489
0.192352
-0.213101
-0.342484
0.211788
0.176986
-0.18905
0.0120632
0.157549
-0.211995
0.0544462
0.510246
-0.436409
0.330132
-0.472447
-0.439376
0.531927
0.0227496
-0.244282
0.0401245
-0.60287
0.550075
0.0527942
-0.0270204
0.0168527
0.0101677
1.89071
-1.56727
0.202936
-0.00385481
-0.199082
-1.51037
-0.33704
0.262862
-1.00358
1.94002
0.255098
-0.324745
1.99924
-1.12747
0.242635
-0.309403
-0.153454
-0.39044
-1.35064
-0.0615777
1.61774
1.31369
-1.10068
-0.102715
0.140488
-0.0878529
-1.49523
-0.288396
0.281803
0.239643
-0.362069
-0.360299
0.285891
-0.0806266
-1.33078
1.30244
-1.4549
1.49507
-1.185
-0.467594
0.423003
0.653595
0.378597
-0.390206
-0.0553164
0.0577784
0.345089
-0.402867
-0.354419
1.42639
-0.978273
-0.998117
-1.97544
-0.0773377
0.0736878
0.00364985
-0.0438912
1.47185
-1.42796
1.05247
-1.17409
0.316549
-0.373178
1.94031
-1.00126
0.777046
0.784122
-1.56117
0.223341
0.0292245
0.684689
-0.26169
0.177634
-0.814422
-0.0345862
-1.51473
1.1707
-0.402924
0.201276
-0.090176
-0.0104809
0.299952
-0.358509
-1.09181
1.57915
-0.836795
-0.149407
0.0582302
0.331444
0.726149
-0.0211248
0.723465
1.68974
-1.51679
0.295942
-0.355235
0.89707
-0.992133
-0.0998717
-0.843695
-0.140485
0.0381817
1.25144
0.155797
-0.0191772
0.214208
-0.124622
0.00807002
-0.228262
-0.155428
0.242051
-0.562542
1.62193
-1.21879
1.20243
-0.420432
0.996794
-0.864822
0.0969507
0.285192
-0.0220773
0.153449
0.811239
0.69928
-1.51052
-0.941802
0.620903
0.00560083
-1.42485
-0.709132
0.0981839
0.303763
-0.0426961
-0.261067
1.4304
0.159032
-0.181694
-0.033605
-1.74015
1.72267
-0.53337
-0.00673522
1.15074
-0.17641
-0.115076
0.291486
1.18542
-1.21123
-0.93639
1.98545
-1.04906
-1.0288
1.7657
-0.736904
-0.321347
0.146178
-0.182117
0.0949694
-0.0975098
0.00254046
0.829668
-0.392365
1.1035
-0.711131
-0.264802
0.0692767
-1.71552
-1.95525
0.992373
0.962881
-1.63083
-0.366765
-0.40568
1.01222
-1.95243
0.201234
-0.991842
1.23415
-1.94328
0.302311
0.489449
1.33874
-1.36884
-0.0147379
0.184961
-0.170223
-0.0357768
-0.346739
0.297888
-0.0143435
-1.40922
1.42356
-0.129967
-0.411478
0.38498
-0.116556
-0.268424
1.24172
-1.02165
0.508165
-1.31174
0.80357
0.217767
-0.0597403
1.77461
-0.783677
-0.0266951
-0.215913
0.617554
-0.810404
0.000407559
0.116079
0.211002
0.631876
0.0645505
-0.696426
1.0003
-1.11666
0.116356
-0.308375
0.206833
0.082208
0.310946
0.625428
1.79719
-0.181188
0.566168
1.12773
-1.14275
-1.93648
0.917126
0.90139
-1.97015
1.06876
-0.844728
-0.536041
1.38077
0.989544
0.780042
-1.59401
1.95814
-0.364129
-1.48844
1.33753
0.195215
0.608378
-0.803594
0.00217989
-0.0879956
1.5577
-1.4697
-1.59401
1.36203
0.511408
0.0136351
-0.127637
-1.05948
0.197125
-0.825833
0.244445
-1.75647
0.888624
0.867845
-0.308604
0.223584
-1.24383
0.25746
0.986374
0.766303
-0.463991
-1.04445
-0.942488
1.98137
-1.07998
1.26247
-0.142417
0.156999
1.36123
-0.74208
-0.584284
1.63
1.27864
-1.29299
1.51021
-1.03276
1.42947
-1.47322
0.0437502
-0.0785196
0.00443032
0.0740893
-0.772723
0.0324169
-1.00277
1.95364
0.430594
-0.144132
0.550479
0.565369
-0.614455
1.52989
0.434056
1.16137
0.581056
-1.42578
-0.974736
-0.980518
-1.73872
-0.879787
-0.854112
-0.902356
1.52805
-1.00455
-0.5235
0.953745
0.0338982
-1.77405
1.56727
-0.373401
0.296858
0.308958
-0.251179
1.1267
0.625163
0.385745
0.1245
1.71477
0.00790811
-0.142484
2.09926
1.3077
-0.144141
0.292643
0.950736
0.780999
0.347124
0.796372
0.801117
-1.59749
-0.212945
-1.5081
0.864524
0.271539
0.130548
-0.247104
-0.224333
0.396162
-0.440006
0.292207
0.349458
-0.320379
0.725241
0.85354
1.63315
-1.45456
-0.178591
-0.16424
0.167788
0.551209
0.0147801
0.0801893
0.0288713
-0.0374069
0.532267
-0.616026
-1.58049
0.825837
-0.40381
-0.200266
0.270379
0.0258869
0.331869
-1.4309
-0.0301945
0.166715
-0.0769992
-0.171147
0.0487585
0.00131608
-0.0500746
0.020251
0.594355
-0.02346
0.221147
-0.316208
-1.0685
-1.07556
0.255667
0.819893
1.75389
-1.46104
-0.292854
-0.130925
1.7445
-1.61357
0.726503
-0.116684
-1.98071
1.04432
-0.165817
1.74957
1.59283
-1.04164
0.0351593
-0.187647
0.152488
0.907783
-0.669652
0.0360945
-1.22802
1.56656
0.975089
0.00809807
-1.86586
1.03193
-1.20292
0.0818121
-0.022492
0.0136603
-0.179788
0.166128
0.0796147
-0.191229
0.166533
0.0246951
1.44091
1.42677
0.272292
-0.00943027
-0.188643
0.198074
1.46902
-1.00064
-1.63971
1.67361
-0.21681
0.181015
-0.0681124
-1.00433
-1.05623
-0.934589
1.70446
-0.769869
-0.461145
-1.36743
1.82858
1.52013
-1.38431
-0.135824
0.718524
0.091505
-0.978286
-0.933687
-1.43488
-0.0383386
0.896115
-1.98995
1.09383
0.193723
-1.82455
-1.29275
1.72681
0.29247
-0.482181
0.189711
-1.08676
-0.958989
-1.42244
0.441647
-0.0471014
-1.17912
-0.0933222
-0.0199195
0.113242
-0.578536
0.430764
0.147772
0.331337
-0.0223788
0.95244
0.752018
-0.0216451
0.0433332
0.0943302
-0.0107347
-1.24923
1.29299
0.00402594
-0.0312302
-1.24923
1.81344
-0.829725
-0.00615559
0.44982
-0.0891389
-0.989895
1.96441
-0.974515
0.12197
-0.01286
0.96545
0.613699
-0.352575
1.45079
-0.0224691
0.761579
0.498824
-0.654316
0.155492
2.0085
-1.11239
0.751345
-1.24782
0.0652367
-1.95656
0.902343
-1.58976
-0.942781
0.8247
0.118081
1.79099
-0.797629
-0.993362
-0.885741
-1.06634
1.95208
0.210444
1.49535
-1.53072
0.0353709
0.509969
-1.35017
-1.00815
2.08512
-0.146615
-0.413537
0.560151
-0.0759903
0.984458
0.806533
-0.0438868
-0.0117642
1.66952
0.547657
2.12467
-1.31104
-1.69781
-2.09492
-1.9971
1.06028
-0.123071
-1.04639
1.43743
0.0471009
-0.984043
0.136413
-0.52955
2.11676
-0.753887
-1.58032
-1.7913
0.0773055
-1.68772
0.833608
1.03592
0.949532
0.92525
0.333843
0.610831
-0.944674
1.00694
0.961175
-1.96811
-0.514511
0.5815
-0.283459
1.64115
-1.35769
0.323586
1.26636
0.417053
-0.016284
0.0949525
-0.92954
-0.448395
-0.476659
-1.66539
1.52291
0.821056
0.852192
1.27248
0.346444
0.127797
1.10506
0.894188
0.0227224
1.81775
-0.833295
1.51381
-1.10694
0.149602
0.0603831
-1.55562
-0.0247892
1.98608
-1.96129
0.0052028
1.62795
1.67203
-0.769683
-2.04606
0.884353
1.1617
-1.93097
1.04523
0.94727
0.682734
0.00488737
0.15239
-1.37135
1.00795
0.75775
-1.54994
0.0950417
-1.19386
0.273038
1.66539
1.62843
-0.774889
0.104303
-0.0113504
-0.0929529
1.00253
0.815225
0.906765
1.0746
0.311214
0.66695
-1.07774
1.9845
-1.48733
0.0190346
1.68152
-1.67361
1.74904
-0.796598
-1.89241
0.804984
0.754854
1.3619
-0.366689
0.841656
-0.474967
-0.2783
0.30476
0.0554497
0.197361
0.0460706
-1.32001
1.08894
-1.28122
0.46538
0.884891
1.07097
0.919356
-0.608411
-0.31667
-0.206105
-0.472236
-1.34275
0.0298178
-1.00677
-0.961739
1.96851
-1.98114
0.901166
2.07549
-0.917894
-1.15759
1.03794
-0.120909
0.311044
-0.190135
-0.305491
-1.95404
0.887699
-1.94905
0.959152
0.885275
-1.96286
1.07758
1.27864
1.47387
-0.892812
-0.0334274
-0.316318
-0.0665398
0.184512
-0.414546
0.669481
-2.05997
1.39049
-1.04074
-0.825114
-0.884666
0.416535
-0.536029
-0.887311
-1.83801
-0.0441548
0.0267187
-0.510043
0.383205
-1.84367
1.53072
0.312947
1.13665
0.938839
1.09207
0.916437
0.273715
-1.32225
1.37267
1.81448
-2.03084
0.918449
1.49535
-0.328103
0.0310287
-1.63971
1.61351
-0.787673
0.932832
-2.24387
-0.334755
0.0967413
-1.71398
0.0645115
-0.705662
0.181402
1.67537
-0.87425
0.0842804
-0.80509
-0.258377
1.06347
1.32225
-0.0436054
0.0578447
-0.182604
0.163624
-0.267194
0.216025
-0.0617751
0.0119402
-0.293672
-0.0298723
-1.90948
0.90271
1.66715
-0.880677
-1.66833
-0.0534506
2.08876
-1.20441
0.297005
1.97161
-0.959392
1.84034
-0.951721
-0.640384
1.84669
-1.99323
0.915494
-0.784465
0.0443888
-1.2881
-0.735537
2.09376
-1.16093
1.01446
-1.83958
-0.260054
2.02733
-0.669645
1.10616
-0.436511
1.66579
1.61741
-0.840939
-0.776472
-0.748972
-0.186355
0.935326
-0.895734
-1.84367
1.61257
-1.42356
-0.189015
-0.287519
1.03171
-0.744192
-1.57159
0.973492
0.0252807
-0.0293397
-0.382536
2.02397
1.95577
-0.820532
0.458538
-1.41552
1.42072
0.0838229
-1.53838
-1.62562
-0.0173103
1.64293
0.661919
-0.840138
1.22288
-1.67499
2.14886
-0.914711
-1.48356
1.48356
0.790131
1.02435
-0.068397
0.37184
-0.864791
1.86732
-1.52624
1.52624
-2.04537
-1.97741
1.03492
0.460069
0.170531
-1.67907
-0.781401
0.408617
-0.0811884
-1.69922
0.020148
0.190501
-1.04787
2.09073
-0.636938
1.45683
-0.819889
-1.59161
-1.48813
1.27942
-0.0712718
0.445584
-0.592198
1.66657
0.902158
0.719389
1.0095
2.01898
-1.10254
0.951408
-0.198813
-0.875713
1.89018
-0.799496
0.13921
-0.922962
1.61257
-1.73027
2.10953
-1.41932
0.951077
-2.00014
-0.808573
1.80048
0.0148685
1.42356
-1.44087
-0.128757
0.738439
0.261456
-0.999895
-1.54446
1.54446
1.93393
-1.01761
-0.916318
-1.47314
0.540457
1.18635
-1.68611
1.68611
1.03356
0.900362
0.184037
1.9623
-0.118911
0.273888
-1.38715
0.0436271
1.78764
-0.432088
1.95581
-1.67023
2.0164
-0.875463
0.888218
-1.0691
-1.44087
-1.62329
1.62329
-1.12372
2.06256
2.03934
-1.1209
-1.92964
0.927957
2.01143
-1.06035
-0.973433
0.685913
-1.94478
1.01282
0.93196
0.332836
-1.81
0.83693
1.14367
0.883664
-1.41552
-1.43453
1.43453
0.0252706
0.126717
1.33169
-1.37267
0.0409737
1.45932
-1.52291
0.063586
-1.95149
0.962981
0.988512
1.25152
0.57706
0.149228
-1.33169
-1.45932
-1.23524
1.95463
-1.09098
2.00647
1.89217
-0.860236
1.42072
-0.911214
0.935845
1.0086
-0.938675
-0.942333
-1.06833
0.246111
0.858745
-1.40157
1.16583
-1.19331
-0.598799
0.90112
1.05096
0.91408
1.23637
0.880892
-0.0728594
-0.0879778
-1.21363
-1.03058
2.24421
1.01387
0.857817
-1.16641
-0.831447
1.99785
-2.02732
-0.76793
0.356489
-1.89782
0.88021
-0.84485
0.931169
-1.64286
1.82406
1.01931
-1.95799
-0.798814
0.0439033
-0.872298
1.88617
-0.962764
0.928001
-1.05311
1.92009
-0.866975
1.61403
-1.34032
2.04363
-0.929419
-0.944251
1.96356
-0.801958
0.0817654
0.687545
0.978248
-1.00882
-0.0211207
-1.43977
-0.915816
-0.813578
0.434283
0.140107
-0.104948
-1.9383
0.963568
0.759926
-0.853382
0.961643
-2.022
-0.998389
-0.0413252
-0.0049166
-0.943268
-1.02223
-1.05862
1.95974
0.899896
0.975553
0.991607
0.9368
1.3384
-0.548682
-1.0421
-1.11785
-0.996779
2.11463
-0.861539
1.67278
1.18236
-1.09244
0.784031
-0.326827
0.935686
-1.99535
1.05966
0.147435
-0.941106
-0.542102
-1.06567
-0.966734
-1.03513
-0.766989
0.327613
-1.02355
-0.914754
0.903682
1.9489
-0.934867
-1.01403
-0.889789
1.93501
-0.972785
0.481541
0.937051
-1.9606
2.00258
-0.689965
-1.31262
1.94333
-0.892373
-0.398014
0.935157
-1.90732
0.972165
-2.06914
0.945417
-1.9065
-1.02283
-0.859868
2.01669
-1.34721
0.337583
-0.186472
-0.0578099
-1.08631
0.941665
-0.848982
-1.05751
-1.12555
-0.916965
1.95152
-1.03456
0.970362
-2.05667
-1.13797
0.995721
-1.93997
-1.93404
1.01987
0.980898
-2.04657
1.02994
-1.25427
-0.147733
1.402
1.13116
-2.06058
-0.789217
0.31174
1.01919
-1.93551
0.947698
-2.08567
0.630771
1.23464
-1.43751
0.059052
1.0303
1.03828
0.905055
-1.97436
1.03934
0.935022
-0.0342483
0.333392
0.698319
1.04264
0.821317
-1.84185
1.02053
-1.07068
1.79197
-0.142539
-0.959322
1.95504
-0.186407
0.838621
-0.913827
-1.07234
1.98617
1.01177
0.563558
0.295996
-0.0537274
-1.11402
1.94737
-0.909094
0.906433
1.05215
-1.95858
1.23492
-2.09059
2.18262
-1.62418
-1.01533
1.95238
-1.03041
-0.930195
1.07621
-2.07299
0.0250079
-0.959081
-0.94824
1.02541
-1.90178
0.876367
-1.78502
1.02014
-1.88711
-0.989575
0.0731775
-0.110584
0.16189
0.934132
0.914849
-1.87393
-1.06122
0.450157
-1.02798
1.39206
1.05552
-0.950747
-1.0061
0.999592
0.981665
-2.14259
1.20336
0.410673
0.00546924
-1.12728
-0.816004
0.135069
-0.00440722
1.04571
0.914025
-0.778833
1.68099
-0.141443
1.0348
-1.88378
0.967807
-1.90267
-0.884393
-0.803327
0.010548
-0.638593
0.93619
0.885452
1.01327
-1.89872
-0.910102
-0.940479
-0.225322
0.248871
1.00245
-1.94572
-0.0550814
0.641929
0.73884
-0.174349
0.0960418
0.0783069
-0.0187754
0.888504
0.997667
1.95077
2.05215
-1.11535
-0.848276
1.98241
-1.16682
0.817946
1.06356
1.11888
-0.0943818
1.90559
2.0643
-0.96354
-1.09313
0.0505405
-0.091379
0.0408385
-1.36169
-0.126743
-0.144801
0.499507
-0.852316
1.45264
-0.10898
-0.424954
0.525851
-0.100898
-0.107701
-0.0251759
-0.097481
-0.103701
0.916212
0.887694
0.234256
0.901878
1.57041
-0.887744
0.29928
-0.332864
-0.0133072
-0.00210014
-0.715472
1.74541
0.905979
0.0958176
-0.509354
1.95336
1.04569
2.02476
-1.09675
-0.859602
-0.884138
1.91444
-0.0776285
1.17977
-1.93299
-0.958584
1.06583
-1.89043
0.824596
0.0207851
-0.192225
-0.077775
0.816444
1.90405
-1.13398
-0.770064
-0.134462
-1.35287
-0.116175
-1.0793
0.75435
1.33638
0.152367
-1.94218
-0.0987149
-0.0418809
-0.0779309
0.119812
0.637884
-1.12265
1.77039
-0.647734
1.88176
-0.727917
-1.15384
1.02145
-0.0441935
1.39227
0.955392
1.05577
-0.912266
-1.48956
-0.489171
-0.509995
0.999166
-0.0727846
0.836178
0.282512
0.340766
-0.623278
2.10223
-1.20234
-1.11758
-1.02895
-0.591788
-0.608423
1.20021
0.111309
-0.97258
-0.125709
0.463814
-1.55199
1.8919
-1.149
-0.709622
1.04301
0.0124082
-0.040114
-0.2437
-1.71016
0.587501
-0.677572
0.163061
0.0892294
2.02543
-0.918584
-1.10685
0.830268
-1.03132
1.27909
0.30988
-1.07993
0.770052
0.801485
1.13883
-0.0175205
1.7299
-1.3415
-0.718473
-0.094514
0.0113494
-1.88268
-0.195964
-0.0412606
-0.885015
0.0432189
1.18784
0.837589
-0.732261
1.84286
-1.1106
0.99299
0.00415248
0.198108
-1.52736
0.523807
-1.6325
1.1087
1.16398
-1.66471
-0.90732
1.78042
-0.908814
1.81872
0.144302
-0.212414
0.0163145
-0.0163145
0.175825
-1.19747
-1.04091
0.495294
0.282615
-1.01914
-1.20861
0.69386
1.89322
0.0981743
0.362776
-1.02938
1.90959
1.0186
-1.92769
-2.03496
0.941825
-0.403333
0.317895
0.99693
1.32672
0.255018
-0.769798
0.393417
-1.07933
2.021
-0.130445
0.0566793
0.984961
-0.158341
-0.556078
-1.33938
-0.899391
1.91799
-0.0423291
-1.59959
0.820753
0.0222085
0.905653
0.231349
0.0505871
-0.281937
0.897823
-0.1158
-0.123772
0.334774
0.0122364
-0.0122364
-0.772316
0.612337
-1.81301
1.00968
0.0219055
-0.0361146
-1.07957
-0.0315007
-0.226423
-0.0942947
-0.0542196
-0.772688
1.71221
-0.720603
-0.125188
-0.411816
1.02045
-1.1268
-0.350251
0.00742903
0.342822
-0.0819419
-0.0974374
-0.0821092
-0.123964
0.435203
1.6846
-0.841316
-0.243279
0.885053
1.13926
0.877145
-0.609149
0.184195
-0.00629821
0.996738
-0.0165358
1.21032
-0.57327
-1.64062
2.21389
-1.23032
0.51512
-0.0697604
-0.0650551
-0.0802664
-2.12092
-0.0938507
1.06433
-0.282456
-0.781876
-1.56675
0.0861318
1.20715
-0.158017
0.077948
0.411129
-0.471135
-0.502638
-1.68068
-0.220006
-0.183327
-0.0968151
-1.49712
1.02599
-1.26195
1.10878
-0.183906
0.897899
1.25005
-2.14795
-0.236428
-0.223572
0.515586
-0.206963
-0.0736569
-0.847262
0.480574
-1.25609
0.196607
0.0113305
0.602736
-0.164728
0.812046
1.3568
-2.16884
-0.0875101
-0.582718
1.23586
1.0093
-1.01342
-0.932296
-0.0732265
-0.488756
-0.047555
0.525353
0.062068
-0.205361
-0.349264
-0.740841
-0.168098
-0.0625663
0.564203
0.1344
-0.0284856
1.0102
-0.0704446
-0.770283
0.97428
-0.267846
1.33829
0.71331
0.127519
-0.844407
0.0476076
0.970539
-1.86374
-0.944519
2.23857
-0.0751919
-0.0705185
-0.173526
1.40456
-2.34908
1.21973
-0.533758
0.278595
-0.080576
0.298486
-0.686769
-0.594454
-0.123891
0.0463462
-0.429889
1.31078
0.599917
-1.1917
-1.74962
0.639025
1.56525
-0.853753
-0.711497
0.746413
0.243718
0.219487
0.456348
-0.675834
-0.991056
0.501885
-1.16212
1.72569
0.00816941
1.37442
-2.2531
0.878681
0.880696
-0.702688
0.00623849
-0.120075
0.629856
-0.154327
-0.882823
1.43285
-0.550025
0.690208
-1.21185
0.521638
-1.069
-0.92379
1.9249
-0.96192
0.904417
-2.21704
1.20556
-0.588006
-1.29668
1.91057
0.213046
0.0684112
1.24643
0.501497
0.645244
-1.14674
-0.415718
0.15357
0.0110707
-0.992255
-1.31774
-0.757349
2.07509
0.789842
-0.427958
-0.13609
0.00165715
0.134433
-0.367845
1.76012
-1.253
-1.97516
1.31441
1.44907
-0.0255085
0.63568
-1.45557
0.494451
-0.263102
0.00469343
-1.64756
0.453553
-0.58352
-0.561958
-1.09481
-1.77974
0.652461
-1.16988
0.0772875
0.182501
0.883811
1.06063
0.270213
0.794119
-1.43157
2.32946
0.919661
-1.07641
-0.0223475
0.377865
-1.18427
-0.571708
1.75598
-0.0128805
-0.0705785
1.83701
-0.416444
0.0674616
0.00645739
0.966021
-1.2039
-0.0388466
-1.36325
-1.24756
0.296273
0.408086
-1.11771
-0.990774
1.92273
2.15447
0.129799
-2.30023
1.34015
1.07228
1.00486
-0.207528
0.499999
-2.41477
0.967321
0.449566
0.985188
0.233634
-1.21478
1.85381
0.00661878
0.00415901
-0.0107778
1.11898
-0.809098
-1.1208
0.00525826
0.410487
0.316016
1.47071
0.584978
-0.697924
0.0505095
0.992605
-1.65369
-0.918684
0.635464
-1.62008
0.919792
0.987796
-1.44566
1.5407
-0.960534
-0.981521
1.69577
0.468094
-0.674528
-1.95176
0.993174
-0.0710983
-0.617412
0.301204
0.272028
0.743057
-0.0966812
0.003359
-0.0810218
0.841511
-2.18872
0.961631
-0.427845
0.597126
-1.48994
-0.901985
1.40454
-0.0269357
-1.20108
-1.32463
0.223943
0.0916884
0.93456
0.327909
-1.36736
1.4777
-0.110345
0.575485
0.956697
-1.53218
-1.01624
0.622223
-1.04845
-0.376624
1.42507
0.770677
-0.974713
1.02957
1.51752
-0.491536
-1.62898
0.00480084
1.00945
-1.94578
-1.37552
0.858442
-1.42746
0.569015
0.780963
-0.969005
-0.0626034
1.03161
-0.350664
0.267036
0.0165617
-0.283598
-0.571897
0.168087
0.0101176
1.59158
-0.793032
1.90759
-0.419272
0.175046
0.244227
0.159
-0.132333
0.207447
-0.207029
-0.659669
1.83037
0.347656
-1.09185
-0.738655
1.3913
-0.371626
-1.01968
-0.0374999
-0.0537571
-1.95503
-0.564942
0.820609
-1.13185
-0.179881
-0.809719
-1.35327
1.17192
-0.678492
-1.89561
-0.71168
-0.00081794
0.221048
-0.544995
-1.10619
0.554126
1.60741
-0.97173
-0.752048
0.279217
0.64014
0.77024
1.03024
1.80736
0.223984
-0.773534
-0.908318
0.685958
-0.787389
1.34145
2.14906
-1.33701
0.725217
0.165238
0.334775
-0.350685
0.0159102
0.254997
-0.00102152
0.992834
-1.35733
-0.815117
1.06917
-0.671313
0.834985
-0.0917232
-0.0224237
-0.784612
-1.05299
0.297728
0.755263
1.49181
-1.67514
0.183333
-1.83036
0.680118
0.186457
-0.455895
1.19254
-0.622521
-0.0825324
-0.000603145
1.33658
-1.25063
-0.0859444
-1.15999
0.0806947
-0.335067
-0.831919
-0.0360392
-0.426061
0.462101
-0.180731
0.147824
0.213756
0.14559
-0.176093
0.621676
-1.4666
-0.431099
1.05368
0.484376
0.204089
-0.0198595
-0.6031
1.38837
0.850194
0.946275
-1.39388
-0.0272997
0.053588
-0.053588
0.613325
-0.419942
-1.08026
0.990018
-1.56173
-0.025101
-0.298519
1.01683
-0.02211
-0.380324
-0.831522
1.67525
-2.17342
-0.293108
0.982502
0.260793
0.639277
1.11817
-0.17179
-0.0104942
0.182284
0.912576
-0.0255769
-0.886999
-1.03391
0.455174
-1.38591
0.930734
-0.162002
-1.03229
1.12133
-0.0890321
0.481174
-1.52962
-0.880808
-0.253512
-0.851973
-0.13545
-1.24929
1.20539
-1.38528
1.33228
0.0529981
0.197324
-0.053022
0.533242
-1.44906
1.27318
-2.32075
1.04758
0.0204329
0.000546621
-0.276447
-1.12707
0.571787
-1.52196
0.0968433
0.960622
1.05838
-2.01901
-0.366315
0.962199
0.107849
-0.0311047
-0.0767441
0.0814346
-0.0814346
1.3152
0.388994
0.955843
1.16882
0.368671
-0.908573
0.0529233
0.178938
0.525439
-1.05472
1.96037
-0.109834
1.60164
-1.55549
-0.406922
-0.0808961
0.177171
-0.628657
-0.727317
0.238257
0.48906
-1.23478
1.24318
-0.00839604
0.632354
-1.31912
0.785046
-2.22512
1.44008
1.89645
-0.114647
0.179713
-1.38101
0.0398846
0.477723
-1.09544
1.16068
-1.08416
0.279072
0.988548
0.141984
-0.938904
0.362054
-0.259921
-0.0577345
0.327215
-0.0783434
0.914565
0.981886
-0.162385
0.166448
-1.50769
-1.49615
1.59317
-1.57292
-0.975441
1.75548
1.11232
0.42738
-0.074379
0.996914
0.440515
0.788779
0.17334
-0.0799419
-0.322982
-1.31865
-0.101796
-1.26145
-0.855088
-0.0145596
0.0145596
0.673136
-0.21238
0.820566
-2.1383
0.00567824
-1.15929
0.00147846
-0.00147846
-1.1416
1.35943
-0.837796
-0.00695016
0.00695016
0.368798
1.27028
-0.00604066
0.400422
-0.0170494
0.0170494
1.00787
-0.0204272
0.0204272
0.0401716
1.26191
-1.30208
0.041512
-0.0278809
0.0278809
0.240371
0.0281109
-0.0730674
0.0449565
-0.00373978
-1.18126
0.35563
-1.69595
-0.445023
0.0292878
-0.0292878
-1.72392
-0.558195
-0.488954
-0.330509
0.965696
-0.635187
-1.23084
-0.00856712
0.00856712
0.105543
-0.0931345
-0.0283277
0.0283277
-0.457179
-0.61545
0.00819994
-0.00819994
-2.17217
-1.22374
-0.0297035
0.0297035
0.270144
0.986775
0.004174
-0.004174
-0.0278176
0.0278176
-0.111902
0.000776821
-0.000776821
-0.0278727
0.0278727
-0.622035
0.81725
-0.00328024
0.00328024
-0.394346
0.100338
1.45112
-0.757569
-0.00554779
0.00554779
-0.0382225
0.0382225
-1.31938
-0.161512
-0.80728
-0.754446
-0.0104352
0.0104352
0.656866
0.0863473
-1.48563
1.62796
-1.16415
0.241664
-0.0917746
-0.14989
-0.158324
-1.36904
-0.00740563
-1.02953
1.30182
0.607657
0.305397
-1.78603
0.784769
-0.194933
-0.0841151
0.279048
0.0325094
-0.0325094
0.00837338
0.0312659
-1.23235
0.450877
-0.497978
0.0329637
-0.0381967
0.0381967
-0.045145
0.045145
-0.051343
0.051343
-0.0575531
0.0575531
-0.071451
0.071451
0.825125
0.343691
-0.0840859
0.0840859
0.105615
-0.105615
0.0409508
-0.0361967
0.0361967
0.21954
-0.102295
-1.23004
1.13474
-2.04945
0.66602
0.973106
-0.109961
0.109961
-0.0402547
0.0402547
-0.112753
0.112753
0.438179
-0.429373
0.328782
-0.0548369
-0.121922
0.121922
-1.34078
0.0264845
-0.0264845
0.627974
1.34511
-0.534955
-0.309347
0.513175
-0.122699
0.122699
-0.0320966
0.0320966
-0.142308
0.142308
-2.0782
1.32085
0.332573
-0.276428
-0.0561451
-0.00430149
-1.27369
0.146888
-0.033819
0.033819
-0.248691
1.34078
0.093747
-1.15964
-0.084498
0.084498
-0.993884
-0.035272
0.035272
1.70911
-1.55566
-0.0115734
0.0115734
-0.0347746
0.0347746
0.0724104
-0.0724104
0.786935
-1.76643
0.0991485
-0.0991485
-0.0353213
0.0353213
-0.507791
0.91045
-0.402659
0.989396
-1.81912
-0.653975
-0.420552
1.07453
-1.49991
-0.0384739
0.754802
0.990612
-0.100148
0.100148
0.09378
-0.09378
-0.0285753
0.0285753
0.86305
-1.64673
0.84432
-1.89904
-1.40959
1.40959
0.755252
-1.33815
0.300705
-0.404844
1.28375
-0.0958467
0.0958467
-0.0369856
0.0369856
-0.954918
-0.476407
-0.0723867
0.0723867
-0.0408037
0.0408037
0.550554
-0.596936
0.081811
0.233144
-0.0425886
0.0425886
-0.0545135
0.0545135
-1.58887
0.848032
-1.65908
0.627758
0.0129324
-0.0129324
-0.0999095
0.00289122
-0.0483451
0.0483451
-0.0507484
0.0507484
-0.0376688
0.0376688
-0.0199738
0.0199738
-1.23415
1.00164
-1.27899
-0.0410193
0.889657
-1.77467
-0.0359953
0.0359953
-0.0145743
0.0145743
-0.0566045
0.0566045
0.0780319
-0.293945
0.534855
0.00778755
-0.00778755
0.215351
-0.708786
-0.0381253
0.0381253
0.180473
0.101298
1.10902
0.0934766
-0.937172
0.0113196
-0.0113196
-0.039356
0.039356
-1.391
1.39569
-0.716784
-0.743317
1.4601
-1.42296
-1.14889
1.09631
0.0537421
-0.331075
0.277333
0.0173423
-0.0173423
0.0135355
-0.0135355
-0.0358982
0.0358982
0.589353
-0.229138
1.05384
0.105906
-0.622152
0.516247
-0.0441929
0.0167613
-0.507413
0.0946381
0.412775
0.0575885
-0.0575885
-1.42302
1.42302
-0.0356114
0.0356114
0.510372
-0.40496
-0.420628
0.068001
-1.12802
-0.0203512
0.0203512
0.0614432
-0.0614432
-0.159678
-0.0735393
-1.10733
1.40728
-0.0348405
-1.196
0.750252
0.0210577
-0.0210577
-0.01631
0.040088
-0.040088
1.11503
0.325881
-0.527441
-0.232075
-0.559488
0.414687
0.384834
-0.432389
-0.0785642
-0.192767
0.753091
-0.560324
-1.90483
1.08883
0.0195649
-0.0195649
0.334573
0.560211
-0.0430005
0.0430005
-0.724633
0.806398
-0.988753
-0.0810109
-0.0089294
-1.22522
0.0205569
-0.0205569
-0.0436181
0.0436181
-0.0435894
0.0435894
-0.0498279
0.0498279
-0.0454207
0.0454207
-0.0470778
0.0470778
-0.0449817
0.0449817
0.259447
-0.199723
0.0462691
-0.045497
0.045497
0.861559
0.0530698
-0.0530698
-0.0173363
-0.181745
0.249362
0.0242673
-0.0242673
0.866122
-1.72766
-0.426223
0.072729
-0.00526739
-0.0890875
-0.344385
0.433472
0.0321942
-0.0321942
0.633128
0.0390971
-0.0390971
-0.173995
0.0465486
-0.0465486
1.38472
0.763964
0.273919
0.0400912
-0.0400912
0.133849
0.292453
-0.177243
-0.625219
0.802463
-0.0186468
0.0186468
-0.132572
-1.0649
0.128385
-0.18382
-0.539737
0.579622
-0.923198
-0.082902
1.00952
-0.398693
0.486265
0.0795011
-1.15812
-1.17891
0.430861
0.19879
0.0330355
0.00558898
0.68973
0.0278571
0.0244709
-0.167671
1.17995
1.18221
0.0430603
-1.22527
1.01585
-0.408191
0.21669
0.910987
-0.829674
-0.0813128
0.418878
0.367612
-0.183575
-1.30602
0.908508
0.397511
-1.47457
0.864445
-0.986485
-1.50414
-0.0014455
1.50558
1.40615
-0.939528
-0.973522
-0.91254
-1.01453
-1.36297
0.00564492
0.0729171
-0.0729171
0.126353
-0.299372
0.645816
0.381423
-0.156863
0.456142
-0.012041
0.012041
-0.137616
-0.822336
-0.100625
-1.03743
0.820761
0.187108
0.272074
-0.340508
0.581547
-1.46929
-0.257646
-0.0234312
0.622843
-0.605807
-0.573099
-0.791704
-0.316518
-0.49898
-0.0818253
1.92616
1.25859
0.00332017
0.0532912
-0.00382742
-1.26535
0.605506
-0.145437
-1.07839
1.74725
1.3512
-0.150599
-0.112501
-1.62954
-1.30281
0.222546
0.403716
0.000769146
2.18585
-1.3087
-0.0182255
-0.00419818
1.24061
0.381003
-0.476273
-0.14199
-1.05361
-1.21755
0.668866
-0.102536
-0.874595
-0.71181
-0.665856
-0.0463323
0.0463323
0.00848724
-0.00848724
-1.00421
0.399158
-0.618862
0.219705
-0.598401
1.079
-0.6874
-1.04296
-0.217184
-0.264998
-1.0874
0.218935
-0.26026
0.617155
-1.21632
1.09253
0.123793
-1.11435
1.05174
1.08818
-0.482611
-0.605573
-1.10909
0.0675946
-0.000451899
1.10269
-1.29142
1.64705
1.25545
-0.417446
1.18812
-0.0686453
0.0971599
1.1994
-0.473246
-1.13333
1.13333
-1.27106
0.218386
-0.117936
-0.10045
0.666767
-0.180303
-0.676192
0.495004
-1.51793
1.5533
-0.518243
0.511508
0.845428
-0.946824
0.101396
-1.82615
-0.388724
0.327244
-0.0293562
1.0874
0.671986
-1.31094
0.638957
0.145817
0.000964619
0.318343
1.08905
-1.40739
1.00886
0.114635
-0.578018
0.0790386
0.304408
-0.15823
0.180992
2.35791e-05
0.258483
-0.412298
-1.24334
-0.0692419
1.64049
-1.1249
0.445368
-0.0921008
-0.531883
0.623983
0.357854
-0.946745
0.588891
0.329549
0.056248
-0.056248
-0.173779
0.62426
0.679994
1.20843
-1.20843
0.290944
0.0382418
0.224845
-0.478254
1.04375
-0.108508
0.531511
0.329959
-0.123126
2.27822
-1.06606
-1.05456
0.14229
-0.0776482
-0.295663
0.373311
0.2622
-0.458489
-0.503983
0.00168182
-1.1619
0.002253
1.17141
-0.657081
1.1721
-0.515018
0.314138
-0.0905546
0.929876
-0.12528
-0.00426113
1.29919
-2.01766
1.00807
0.873956
0.134119
1.01362
-1.06805
0.395208
-0.0343981
-0.223248
1.00968
-0.876261
-0.133416
-0.543959
0.557594
-0.153312
-1.78634
0.519001
-0.225043
0.364799
-0.0977626
-1.17815
2.14547
0.00401454
-0.0862796
0.081394
0.798709
-0.824286
-0.0334205
0.0334205
-1.48656
0.380235
-0.0833773
1.9784
-0.418869
0.649323
-0.101338
0.0566193
-0.0782644
0.460918
-0.0120664
0.113416
-0.0643994
0.308166
0.156772
-0.667997
0.511225
0.0256379
-0.0256379
0.0732068
-0.0732068
-0.794874
1.78427
0.953011
-1.78446
-0.0236895
0.0236895
1.06805
-0.483873
0.394735
0.119802
-0.760518
0.640716
-0.510764
-0.123808
-0.354854
-0.654698
0.256672
0.271697
0.415681
0.583909
-0.408264
0.842547
-0.00947207
0.00947207
-1.15177
1.59228
-0.120317
0.120317
0.0432561
-0.136414
0.441802
-0.305388
-1.08474
-0.146161
0.149109
-1.0679
0.286027
0.552949
0.0789265
0.449219
0.765171
-0.218169
-0.448194
0.32423
-0.302557
0.451538
-0.148981
0.714878
-1.30678
0.139962
1.82601
-0.829272
-0.270715
-0.16192
0.432635
-0.152812
0.606365
0.00633527
0.0661302
-0.0724655
-1.27552
-0.207588
0.187668
0.617149
-0.0709929
0.1186
-0.838882
0.000637943
0.0565819
0.401267
-0.601533
0.160151
0.0101577
-0.110067
-1.9342
-1.2294
1.3629
0.238743
0.00465814
-0.00465814
-0.128336
-0.91232
-0.0248517
-0.0750893
0.283111
-1.6408
-0.0419555
0.183189
-0.141233
-0.0540201
0.0540201
1.75288
-0.486597
-1.26628
-0.541955
0.371761
-0.793237
0.386315
0.177741
-0.0450483
0.208964
-0.0998358
0.27933
-1.36407
-0.819529
-0.0728677
-0.642682
-0.123929
1.33765
-0.0205789
0.0153335
0.00524541
0.884683
0.329835
0.520236
1.00008
-1.79495
0.279505
-0.210228
-0.253536
-1.35327
0.757948
1.07243
0.102789
-0.102789
0.78516
0.246448
-0.438111
-0.369106
0.128932
-0.288863
1.11399
-0.187033
-0.540283
-0.419432
1.39053
-0.472304
1.77149
2.27957
-0.252938
0.16527
0.274231
1.24687
-1.11935
-1.08867
1.4049
-1.57911
-1.23692
0.281047
-0.324889
0.0442994
0.28059
1.43613
-0.104259
0.0743328
-0.961332
-0.0152466
-0.126826
-0.209992
-0.118111
-1.53624
0.167201
0.664532
-0.121584
-0.819522
0.153473
1.88817
-1.08669
0.589828
-0.948179
0.315762
0.0621025
1.12009
0.21289
-0.0340501
0.136409
-0.4419
0.55581
-0.47073
0.123181
0.163897
0.88921
-0.124787
-0.236657
0.361444
0.959572
0.548732
1.43735
0.457905
-0.136247
-0.01631
-0.103935
-0.241126
0.34506
-0.0295456
-1.24214
-1.07861
0.003359
-0.0961311
0.44122
1.09457
-0.540447
-0.999093
0.00754398
-0.0407648
0.172439
-0.481808
1.21714
-0.0879375
0.113208
0.326671
0.461249
-0.691517
0.652225
-0.413968
-0.324511
-0.0932268
0.417738
-0.914523
-1.10448
-0.0491095
-0.0042644
-0.0190996
0.0623557
0.988248
-1.54713
0.558882
0.0324506
0.534842
-0.567293
0.362373
-0.752813
-0.966918
1.23846
0.0490106
-0.000252146
0.00175508
-0.358311
-0.113924
0.381426
0.353195
-0.439708
-0.244484
-0.0722872
0.316771
0.990879
0.175354
-0.175354
0.613663
-0.0973529
-1.45814
-0.102288
-0.248397
0.703178
-0.433034
-0.140747
-0.395281
0.00177258
-0.00177258
-0.217052
-0.138766
0.355818
-0.432078
0.318513
-0.0100992
-0.132186
-0.28236
0.478858
-0.866053
-0.541719
0.961118
-0.93611
0.130815
-1.04393
-1.19674
1.69544
-1.20014
-0.159442
-0.322366
-0.255613
-0.313417
-0.701083
1.28499
-0.205659
-0.386539
-0.23637
-0.23527
0.471639
-0.252454
0.438911
-1.0681
0.838862
-1.83795
-0.282277
0.178577
0.00807002
-0.0673665
0.246598
0.825684
-1.11824
-0.108078
-0.149249
-0.195314
0.344563
0.0323199
0.690738
0.256107
-0.328892
0.163889
-0.154234
0.823459
0.000960078
-0.439057
0.918259
-0.479202
-0.163058
-0.137625
0.300683
0.11322
-0.208309
0.0528807
0.687495
-1.38542
-1.34738
-0.411721
0.738392
0.257178
-0.224801
-0.0323775
1.13508
-1.13508
-0.00137585
0.0135525
0.404393
-0.125345
1.20844
0.426468
-0.168459
-0.258009
0.178699
1.67668
-0.813635
-0.719317
-0.16028
-0.0997746
1.47712
-0.638293
1.63837
0.00188591
1.05543
0.763294
-1.60733
-0.156375
0.0164482
-0.0698579
0.0534097
0.309724
-0.00339718
-0.37593
0.279308
-5.50265e-05
-0.146938
-0.10287
-0.0342079
0.0342079
-0.202532
-0.204135
0.406667
0.207258
-0.249588
1.31188
-0.00405706
0.00213006
-0.913288
-0.230646
0.199145
0.286077
-0.383515
0.214159
-0.759912
1.56979
-0.482625
-0.431248
-0.559807
0.213693
0.1907
-0.284075
-0.368768
0.185193
0.249083
-2.06123
0.570928
0.664929
-0.303586
0.233826
0.018639
-0.150972
0.531289
-0.158221
0.45174
0.562132
-1.01387
-0.287783
0.377012
-0.398306
1.40799
-0.844017
-0.423964
1.00894
-0.226997
-0.396281
-0.000178692
-0.404666
0.768606
-0.52477
-1.4975
1.83451
0.425983
-0.602076
0.280202
0.0376923
-0.0332754
0.334901
-0.146296
-0.369227
1.35608
0.921
0.774769
-0.2164
0.765793
-0.486384
-0.279409
0.309791
0.707859
1.69403
-1.24481
0.323481
-0.397138
0.784254
1.00002
-0.436748
-1.30881
0.112074
-0.00368736
0.2043
0.222295
0.0113391
0.213354
-0.00523308
0.61632
-0.00694827
-0.00619798
-0.00621013
0.0152007
-0.0138979
-1.34889
1.98873
-0.409829
-0.00434588
-0.484708
1.0565
1.20248
-1.92561
0.723126
-9.0331e-05
0.0340132
-0.00279122
-0.461243
0.461064
0.024325
-0.024325
0.129862
-0.03382
-0.941166
1.57352
0.0135525
-0.230838
0.719898
-0.00916909
-0.672435
-0.443346
0.348832
0.222934
-0.000777271
-0.782283
-0.273985
-0.00561217
-1.35263
0.030019
-0.273719
-0.0196089
-1.34553
0.280629
0.223466
-0.352143
0.810497
-1.59278
-1.07031
0.279882
-0.153308
0.153308
-0.00172236
-0.0530019
-0.0118355
-0.153497
0.158644
-0.223779
1.78912
0.476232
-0.864321
1.78712
-0.00145298
0.34086
-0.0219744
-1.15929
0.00306162
0.0250493
-0.124743
-0.430032
0.170111
-0.127416
0.0109555
0.155759
-0.0627333
-1.16961
0.577585
0.000497334
-0.118379
-0.49077
0.955714
1.45245
-0.939277
1.11157
-1.1205
0.625853
0.309473
-0.0932325
0.445778
0.435013
-0.247597
0.225487
1.35948
0.0152113
-0.664239
-0.61194
0.159553
-0.186852
1.23979
0.388473
0.111525
0.392275
-0.428314
-0.14884
-0.393115
2.04135
0.105979
-0.169598
0.0778233
0.00135893
0.109505
-0.546201
0.436696
-1.11379
-0.795401
-1.00313
0.114886
-0.0759816
-0.0389043
0.457702
-0.860361
-0.0373123
-0.811892
-1.41504
-0.00902419
0.405422
-0.915465
0.130171
-0.00178487
0.0178731
-1.25873
-0.000432037
0.352829
-0.496961
-1.1464
-0.653152
0.527872
1.76546
0.571235
-1.11168
0.616208
0.725239
-0.499021
0.113757
-0.0363442
-0.014822
1.38337
-0.474858
-1.06283
0.156436
-0.0895949
-1.24254
-0.340178
0.283539
-0.3288
0.299444
0.00167354
0.00539948
0.914647
0.692763
0.593883
0.630685
-0.883495
-0.585796
-1.14415
-0.761987
0.956177
-0.407888
-0.335039
-0.259766
-0.307479
0.599392
-1.0774
-1.50921
-0.00165933
-0.292893
0.363572
-0.0706782
-1.34777
-0.952937
0.0060227
1.47115
0.00345787
-0.358662
-1.4119
0.139743
-0.764962
-0.314163
0.377899
-0.570419
0.19252
0.575465
0.000286725
-0.533906
0.467953
-0.119462
1.66155
-1.43088
-0.607467
0.626468
-1.3806
-0.0132776
-0.0772549
0.0698493
0.158071
0.957114
0.0938753
0.241863
-0.336245
-0.0538555
1.47987
-0.863661
0.000706518
-0.806678
-0.0462486
-0.00465667
0.0509053
1.64603
-0.835529
-0.646014
-0.399523
-0.127973
0.527497
-0.527816
0.2529
-0.664621
-0.00149285
-0.00291251
0.415011
-0.555759
1.20192
0.492987
0.00301646
-0.153838
-0.499314
1.71996
-0.914975
-0.101829
0.10907
0.000992052
0.530879
-0.0467729
-0.0544704
-0.028062
1.36562
-0.619864
-0.336503
0.426977
-0.0904737
0.132049
0.489627
-0.586542
-0.509206
2.87457e-05
-1.11031
0.672201
0.412249
-0.350587
0.00371034
0.683722
0.699833
-1.38356
0.00209609
-0.344582
0.255495
-0.000515248
-0.138381
-0.445139
-0.633065
-0.39122
-0.532254
0.295884
-0.0140665
0.00792691
-1.37496
0.343821
0.654424
0.538113
0.00690292
0.0611287
-0.673417
0.623306
0.00745146
-1.09791
-0.207094
-0.508031
0.446811
-0.60133
-0.00356024
-0.470752
0.148386
-0.656048
1.29501
2.06834
-1.44611
0.0448203
0.792221
-0.759185
0.910726
0.0785831
0.109327
-0.14689
1.17947
-0.0716463
-0.00189291
-0.0188609
0.369592
0.736972
0.80871
-0.912943
-1.13571
1.19487
0.448493
-0.834285
-1.25661
-0.357004
-0.145254
1.23779
1.25224
-0.690112
-0.124622
0.363735
-0.347173
-0.445969
-0.0733112
-0.0646431
0.641882
0.132526
-0.599247
0.466721
-0.0978212
-1.25545
-1.31544
0.0964487
0.0401729
-0.57851
0.522875
-1.26622
-0.266576
1.06572
-1.01862
-0.372978
0.906967
-0.574048
-0.332919
0.287427
0.139041
0.378315
0.070178
-0.105292
0.486715
-0.171778
-0.0358097
1.3033
1.18188
0.215063
-1.12238
0.0981839
0.290875
-0.247656
-1.01311
-1.08053
-0.170849
0.0811784
-0.0793935
0.747588
-0.0517566
-0.221368
0.273125
0.248589
-0.0593889
-0.2655
0.175289
1.26637
0.687211
0.114182
-0.0121161
-1.5911
0.0775071
-0.0464783
-0.0235204
-0.142342
-0.996706
-0.270985
-0.0229598
-0.0718745
0.05212
0.0197545
-1.25688
0.655666
-1.21999
1.23132
0.0132939
-0.0168542
0.430593
0.544495
0.857156
-0.002762
-0.171097
0.166751
0.377012
-0.207793
0.207016
-0.150993
-0.631189
-0.385866
-0.0730571
-0.309479
0.485879
0.331006
-0.425301
-0.0646081
0.066494
-0.550298
0.316433
-0.0924556
0.526432
0.467513
-0.0649087
0.0649087
-0.0168742
0.0542334
-0.0611816
-1.13706
0.0946797
-0.741131
0.00991571
0.196458
-0.00595714
0.976145
-0.226974
0.189876
-0.216314
0.0264378
0.501725
-0.422687
0.350927
0.0548556
0.0625574
0.0419438
-0.302753
-0.00656321
0.348403
-0.0744838
-0.596282
-0.0483692
0.364803
-0.490428
-1.47086
-1.16591
2.00209
-0.326116
0.00979792
1.62167
0.483259
-0.0984242
-0.958397
0.229856
-1.15648
1.5437
-0.387227
0.0143106
-0.0143106
0.079283
0.0019484
-0.0812314
0.287981
-0.0899638
-0.198017
-0.240116
0.284416
-0.061931
0.195865
-0.377982
-0.974837
0.983006
0.447307
0.633164
-1.46244
-0.0529088
0.330081
-0.398267
0.0501615
-0.187025
-0.000984829
0.280829
-0.122757
-0.323024
0.215323
-0.00205996
-0.0101764
0.182671
-0.280152
-0.527666
0.284707
-0.372217
-0.688716
1.31156
-1.19677
-0.135354
-0.363666
-0.425896
0.610091
0.216433
-0.433617
0.832391
0.00675153
-0.331919
0.644433
1.47764
0.302055
-0.797062
0.231881
-0.267996
1.23125
-1.00727
-0.317257
-0.309166
0.320515
0.229662
-0.309928
-0.0334883
0.0198458
0.107387
-0.919279
-0.923159
1.83909
-1.06432
-0.00382911
-0.370272
0.00865182
-8.46921e-05
-0.0461109
1.10115
-1.05504
0.255787
0.321885
0.140907
-0.324234
-0.369243
0.306677
1.62773
0.233829
-0.330644
0.201453
-0.326641
-0.444026
-0.152911
0.00865182
0.0159011
-0.0266789
1.41803
0.0161851
-0.079518
0.108904
0.05712
-0.0160252
0.0681556
-0.0681556
-0.392969
0.0441176
0.126045
-0.776762
1.46649
0.0594527
0.384859
-0.273551
-0.0505189
-0.410262
0.316411
0.178102
-0.028079
1.79407
-1.0301
-0.062606
-0.0328741
-0.393187
0.0801805
-0.0440174
-0.790934
-1.04702
0.379254
-0.665545
-0.719873
0.0608447
0.255926
-0.413811
1.00817
0.0203369
-0.0102332
-0.172481
-1.30569
-0.0203369
-0.937796
-0.600745
0.150794
-0.294134
-0.00229029
0.399371
-1.39163
-0.62384
-0.0431513
0.0463948
-0.103969
0.0700664
0.0268817
-0.0201494
-0.571442
0.116486
0.239332
-0.21759
-0.0595792
-0.32696
-0.0665836
-0.84555
0.147942
0.196621
0.371618
-0.470333
1.16936
-0.783399
-0.344001
0.394163
1.36221
-0.137272
0.429726
-0.0138135
-1.42184
1.32402
0.88605
-0.301848
-0.584202
-0.243618
0.0188174
0.0519633
-0.278386
-0.143765
0.332106
0.055037
0.805208
-1.41284
-0.480571
0.336806
0.058184
-0.0222219
-0.138725
-1.19298
0.14728
-0.172381
0.0145929
0.053588
-0.0681809
0.00845166
-0.032637
0.032637
0.596276
-0.831998
0.0714796
-0.0164868
0.0164868
-0.583746
-0.284081
0.129754
-0.228873
-0.173264
1.17528
-0.586387
0.428872
-0.101209
0.134673
-0.0870284
-0.028079
0.988558
-0.206933
0.397633
-0.454291
-0.113002
-0.166922
0.582603
-1.47942
-0.581807
0.345879
-0.103453
0.18176
0.193711
-0.562592
-0.129928
0.0226024
-2.14081
-0.69058
-0.0387071
0.252333
-0.393492
0.982845
0.0128311
0.0932666
0.0248767
0.621501
0.162848
-0.182708
-0.0248767
-0.0293929
-0.171548
-0.276458
-0.913285
-0.130025
-0.694261
0.792224
0.251526
0.0360345
0.0509351
0.51684
-1.60353
-0.00444583
-0.137594
0.172973
-0.360166
-0.0913321
1.64048
-1.17355
-0.390085
0.0202653
-0.375155
1.36712
-0.055357
0.898585
-0.958634
1.38601
-0.0113462
-0.786006
0.695893
0.0161987
0.273936
-0.0642463
-0.0996064
-0.642561
0.436902
-0.632335
0.479523
0.181622
0.0651926
0.757018
-0.310663
-0.129045
0.0184091
-0.406851
-0.249681
-0.00698795
0.378608
0.518706
-0.889728
0.371022
0.0160608
0.0180328
0.0468958
1.00859
-0.866301
1.05721
-0.144447
-0.0180328
1.66301
-0.499973
0.155588
-0.0245486
-1.08924
-1.49072
0.0780198
0.0884226
0.521657
-0.0849611
-1.06029
0.133694
-0.0739248
0.706386
-0.803535
1.29038
0.000558094
0.0102727
-0.134081
-0.905732
1.08518
-0.11234
0.130608
-0.154831
-1.08265
-0.0330089
-0.0914549
0.00869477
-0.162826
-0.711155
1.36682
0.0234704
-0.0389351
-0.820849
-0.00587487
0.0839169
-0.0317969
-0.0938114
-0.0916794
0.493819
1.53109
0.5199
-0.73206
0.24129
1.34382
-0.429175
0.103461
1.17452
0.463847
-0.392063
-0.488519
0.376179
0.0329812
-0.0885184
0.0588359
-0.0867803
0.283021
-0.0280242
0.216185
-0.0115513
-0.0177677
-0.250078
0.150248
0.660028
-0.0349861
-0.173177
-0.0701396
-0.614219
0.454541
0.36846
1.84361
0.0124934
0.243568
-0.316795
-0.0128284
0.116019
-0.283981
-0.121501
0.0466409
-0.0240041
-1.43421
0.0592491
0.0536322
0.133509
0.305402
-1.52285
-0.458087
0.791185
-0.339392
-0.451792
-0.0153686
1.22381
0.250145
0.379886
-0.146456
0.23259
-0.495564
-0.452615
1.35599
0.0304941
-0.163327
-0.0161987
-0.00943923
0.0488047
0.0349861
0.818758
-0.457483
-0.926073
0.339038
-0.0159074
-0.0233485
0.171586
0.235081
-0.0276435
-0.254955
0.222577
-0.259553
0.317795
-0.44684
0.58385
0.61375
0.152559
0.18401
0.661365
-0.625882
-0.368208
0.229482
0.858327
-0.694799
-0.10889
-0.438232
-0.226389
-0.00337469
0.161798
-0.0113454
-0.905979
0.859868
0.419613
-0.808337
0.000984275
-0.000984275
-0.64185
-0.721545
-0.72926
0.303364
-0.146084
-0.169581
1.47196
-1.30237
0.0617288
-0.0631046
-0.632325
-1.23146
0.49848
-0.103745
0.633739
0.00192716
0.0462543
0.0979174
-0.372841
0.271632
0.184323
-0.193492
-0.21747
0.132212
0.177325
0.00314784
-1.01326
0.147059
-0.561027
0.00274004
0.353245
-0.369529
0.154964
-0.0739879
0.0677899
-0.928818
-0.263473
0.0289583
-0.0310183
0.0256797
-0.223438
0.364077
0.127057
-0.424382
-0.0679337
1.41467
-0.818397
-1.21189
-1.16757
-0.254369
-0.79173
1.0461
0.000520219
-0.0145867
0.0092605
-0.804735
0.0367107
0.162904
-0.0027527
0.0726098
-0.0740628
-0.170574
-0.392018
-0.430242
0.0342607
-0.0387065
0.697255
-0.204268
0.348481
0.446828
-0.782069
-0.173076
-0.297676
-0.434076
0.755267
-2.24996
-0.224671
-0.195433
-0.0161322
0.293589
0.757087
0.317814
-0.485611
1.74915
-0.358658
-0.107329
-0.0649083
-0.741299
0.304551
1.05002
1.34585
-1.47726
0.0917963
-0.31829
-0.0270782
-1.20724
-0.059043
1.59549
0.0307483
-0.0322411
0.284296
-0.0504698
-0.165173
-1.25089
0.436969
-0.38681
-0.338279
1.57465
0.084627
-0.0726868
0.0242948
-0.162007
-0.162776
-0.720245
0.0777733
-0.48797
0.0202653
-1.20585
0.0111717
-0.0410948
0.0420869
-0.226588
-0.0624556
0.0211163
0.272144
-1.38203
-0.225158
0.840208
0.0350298
-0.80963
-0.324359
-0.280157
-0.557605
0.329755
-0.00781377
-0.00225097
-0.102008
0.589409
0.05403
-1.46593
0.32635
-0.349345
0.511775
-0.0830615
0.0768513
0.451534
-1.01532
0.0101764
-0.00152461
0.457735
-0.0983483
1.27287
-0.0728187
0.128268
1.00436
1.22719
-1.27396
-0.101813
0.645643
-0.177231
0.168207
-0.12821
0.0772668
-0.0789892
-0.0274058
0.0329948
0.0514696
0.126347
0.909089
0.143402
0.247268
-1.039
0.0584012
0.480664
-0.288323
-0.192341
0.415752
-1.32278
-0.0115513
-0.216976
0.0127004
-0.0160976
0.50563
-0.0966905
0.00493543
-1.10461
0.986107
0.453484
-0.186355
-1.4924
-0.140028
-0.135913
0.373497
0.260508
-0.759133
-0.214577
0.97371
-0.0351997
-0.190578
-0.325389
-0.0573183
0.0642212
-0.181616
1.42562
-0.368901
-0.114199
0.0645186
-0.286934
0.306726
-0.11133
0.0152716
0.0789553
-0.0119877
-0.204468
-0.839465
-0.0542312
0.00121581
-1.41332
0.0164044
0.0500896
-0.0480807
0.149708
-0.00369233
0.00159219
-0.2004
-0.155132
-0.79089
-0.0756864
-0.032392
-0.75963
-0.646881
-0.154608
0.519838
-0.371452
-1.28191
1.88714
0.394825
0.107173
1.12173
-0.0116351
-0.374729
-0.529634
0.254275
-0.238365
-0.0589665
0.140611
0.825359
0.123328
-0.543594
-0.253935
-0.161737
0.996626
-0.453136
-0.0685551
0.0347351
0.202187
1.5393
-0.333098
0.35938
-1.46386
0.0897955
-9.5792e-05
-0.144488
-0.646402
-0.0326577
-0.873911
0.362138
-0.941965
-0.414927
-0.00682817
-0.537014
-0.306613
0.0838558
-0.455308
0.442782
-0.619195
-0.31001
-0.0907062
-0.374762
-0.2541
-0.0171087
-0.219933
1.14011
0.0136995
-1.32862
-0.494369
0.643597
-0.129253
0.0868304
-0.485974
-0.562198
-0.431511
0.443979
0.139292
0.0258013
-0.131008
-1.3006
0.0737776
0.74207
-0.371049
0.667787
0.231083
0.944667
1.3162
0.0332193
0.593249
-0.0860281
0.00880103
-0.61672
0.451546
0.0314701
0.0844164
-0.00756503
-0.104427
0.483652
-0.115192
0.0844637
0.58372
0.457985
-0.542947
0.12914
0.0134843
-1.02659
-0.244244
-0.242044
0.588593
0.13761
-0.0884484
-0.022882
0.0863523
-0.0078162
0.0189879
-1.5196
0.0890361
-0.0954767
0.643684
-0.00683711
-0.00624243
0.699317
-0.739468
0.130325
-0.114591
-1.13317
0.0465451
-0.0921114
-0.165186
0.203805
0.0920525
0.0500345
0.0738064
1.18872
-0.488157
-0.0301716
-0.382743
0.31229
-0.0563632
-0.97477
0.31481
-5.88731e-05
-0.667633
0.116876
-0.339624
0.54812
-0.022431
-0.423406
0.680078
-1.05082
0.216087
-0.872144
-0.671725
)
;

boundaryField
{
    SideWalls
    {
        type            empty;
        value           nonuniform List<scalar> 0();
    }
    Top
    {
        type            calculated;
        value           uniform 0;
    }
    Inlet
    {
        type            calculated;
        value           nonuniform List<scalar> 
18
(
-1.94444
-1.94444
-1.94444
-1.94444
-1.94444
-1.94444
-1.94444
-1.94444
-1.94444
-1.94444
-1.94444
-1.94444
-1.94444
-1.94444
-1.94444
-1.94444
-1.94444
-1.94444
)
;
    }
    Bottom
    {
        type            calculated;
        value           uniform 0;
    }
    Outlet
    {
        type            calculated;
        value           nonuniform List<scalar> 
18
(
2.02869
1.97639
1.98694
1.97066
1.98231
1.96127
1.9655
1.99584
2.00186
2.00646
1.98567
1.96104
2.00445
1.95919
1.92707
1.66692
1.95989
1.65985
)
;
    }
    Plate
    {
        type            calculated;
        value           uniform 0;
    }
}


// ************************************************************************* //
