/*--------------------------------*- C++ -*----------------------------------*\
| =========                 |                                                 |
| \\      /  F ield         | OpenFOAM: The Open Source CFD Toolbox           |
|  \\    /   O peration     | Version:  2306                                  |
|   \\  /    A nd           | Website:  www.openfoam.com                      |
|    \\/     M anipulation  |                                                 |
\*---------------------------------------------------------------------------*/
FoamFile
{
    version     2.0;
    format      ascii;
    arch        "LSB;label=32;scalar=64";
    class       surfaceScalarField;
    location    "9";
    object      phi;
}
// * * * * * * * * * * * * * * * * * * * * * * * * * * * * * * * * * * * * * //

dimensions      [0 3 -1 0 0 0 0];

oriented        oriented;

internalField   nonuniform List<scalar> 
7520
(
-0.919484
0.748746
0.170738
-1.31548
-0.189686
1.50517
-0.0993666
-1.82302
1.92238
0.25634
-0.0371461
-0.219194
0.105491
2.45889
-2.56438
-0.102568
0.110601
-0.0080325
-0.308667
2.09685
-1.78818
-0.138297
-2.23293
2.37123
-1.53269
1.43332
0.737326
-0.100011
-0.637316
0.434328
0.171607
-0.605936
-0.23866
-1.48007
1.71873
0.47111
0.128607
-0.599717
-0.113874
0.156323
-0.0424491
-2.42131
0.996937
1.42437
0.0600541
1.46554
-1.5256
0.333742
-0.0188781
-0.314864
0.190694
-0.559468
0.368774
0.031167
0.0225936
-0.0537606
-0.0668945
0.400637
-0.427949
-0.233144
0.661093
-0.999115
1.05917
-0.0645876
-0.350542
0.415129
0.170701
-0.158148
-0.012553
0.0437109
-0.0338383
-0.00987267
0.273264
-0.265799
-0.00746493
0.892292
1.10926
-2.00156
-0.0513979
0.360865
-0.309468
-0.00850656
0.0396736
0.276489
-0.0545103
-0.221978
-1.02319
1.65586
-0.632677
-0.0557745
-0.0222037
0.0779782
-1.85785
2.05262
-0.194772
0.543936
-0.748041
0.204105
-0.318316
-1.20641
1.52473
-0.284363
0.913823
-0.62946
0.256163
-0.572693
0.31653
0.839036
-1.62183
0.782799
0.0923516
-0.341154
0.248803
-0.0607758
-0.128925
0.189701
-0.0284722
0.284813
0.0931083
-0.608049
0.51494
0.310041
-0.0367771
1.94043
-1.55539
-0.38504
-0.53367
-0.564178
1.09785
-1.47519
1.59431
-0.119127
-0.106694
-0.181593
0.288287
0.297164
-0.0909263
-0.206237
-1.285
0.26181
0.298326
-0.0841207
-0.214206
1.74664
0.174175
-1.92081
-0.708117
0.22821
0.479908
-0.0212747
0.0210448
0.000229859
1.09643
0.496707
-1.59314
0.0158864
-0.118455
-0.772352
0.0987451
0.673607
0.3543
-1.25506
0.900757
-0.0517571
-0.130396
0.182153
-0.136095
0.080321
-2.3569
1.23611
1.12079
1.58266
-0.643046
-0.939614
0.0403757
0.101135
-0.141511
-1.26767
0.949358
0.737133
-0.266023
0.00606069
-0.0273354
0.00478129
-0.118655
1.21189
-2.60575
1.39386
0.124145
1.6225
-1.29853
0.982422
0.316107
0.347079
-0.255563
-0.0915164
-0.534355
0.888655
-0.546412
-0.358734
0.905146
0.381335
-0.0979288
-0.283406
-0.389742
0.48447
-0.0947287
1.11897
-1.69661
0.577648
0.145846
-0.127052
-0.0187931
1.94936
-0.555815
-1.39354
0.448599
-0.781009
0.33241
1.45676
-0.992763
-0.464001
-0.866745
0.0943925
-1.61332
-0.743582
0.629881
-0.718128
0.0882469
0.249117
-0.662783
0.413666
-0.107225
0.651161
-0.423147
0.613841
0.297735
-0.0212461
0.0321012
-0.0422367
0.0101355
1.26929
0.680073
-1.9846
2.49958
-0.514978
0.693521
0.889139
-1.04388
1.11582
-0.0719343
-0.0194026
-0.0803439
0.0997465
1.36114
-1.5998
0.26118
0.210508
-0.118156
-0.250275
0.403799
-0.153524
0.00705896
0.100629
-0.107688
-0.554299
0.367051
0.187248
1.52634
-0.407377
-0.796637
0.653394
0.143243
1.09288
-1.04194
-0.050935
-0.100235
0.126204
-0.0259688
0.387326
-0.0345553
-0.352771
2.70789
-1.81242
-0.895465
0.547344
-0.384247
-0.535237
-1.34552
0.81116
-1.90793
1.59926
0.188629
-0.0868621
-0.101767
0.564857
-0.130529
-0.18282
0.181376
0.00144346
-0.0770957
0.0922305
-0.0151347
2.02342
-1.18439
-0.166661
0.0330793
0.133582
-0.749493
0.321544
0.0424989
0.00998262
-0.0524815
0.731708
-0.101826
-0.711399
0.456012
0.255387
0.587528
-1.64614
1.05861
0.0577329
0.112968
-0.152354
-0.555763
-0.308518
0.0618005
0.246718
0.883628
-0.146301
0.665587
-0.616394
-0.0491932
0.0277799
-0.0968164
0.0690365
-0.189641
0.171709
0.0179319
0.719884
-1.91423
1.19435
0.417387
-0.481975
-0.353703
-0.0720216
0.425725
-0.0625747
-0.104086
-0.367492
-0.11005
0.477543
0.162122
0.0349489
-0.197071
-0.0688671
0.230989
-0.537282
-0.174118
-0.481505
-0.180978
0.662483
-1.7505
2.63773
-0.887233
0.327788
-0.344026
0.0162379
-1.12939
-0.216124
-0.037878
-0.0582214
0.0960994
1.44492
-0.348488
-0.625835
0.44114
0.184695
-0.157942
0.430055
-0.272113
0.328409
-0.081664
-0.246745
0.259347
-2.08236
0.300245
-1.77543
-2.4054
1.17648
1.22892
-0.840268
-0.45826
-2.11014
2.07327
0.0368669
2.19953
0.147082
-2.34661
0.213817
-0.274593
1.04693
-0.555311
-0.491621
-0.268138
-0.099644
0.367782
0.331719
-2.44186
-1.85416
-0.00369184
0.0247291
0.00737207
0.0733708
-0.142781
0.0694103
0.303913
-0.35567
1.09218
0.000697989
-0.169964
0.141492
-0.0120824
0.000625472
0.0114569
0.809126
-0.419985
-0.389141
-0.461763
-1.95954
-0.103128
-0.16501
0.0526332
-0.616899
0.564266
0.160383
0.253684
-0.414066
-1.45975
0.849365
0.61038
1.21662
-1.11113
-0.179883
0.55533
-0.375447
-0.0717507
0.115462
0.564691
-0.270681
-0.29401
0.441827
-0.692102
0.252865
-0.336986
0.873852
0.294705
-1.16856
0.324508
-0.375906
-0.316961
-1.41243
1.72939
1.28214
0.662304
0.734181
-0.485064
-1.25901
0.974643
-0.719696
0.963047
-0.243351
-0.0155071
-0.0258458
0.0413529
0.237809
-0.273553
0.0357442
-0.202562
0.93427
-0.280662
-0.181463
0.462125
0.314403
-0.154021
-0.888873
0.941506
0.574464
-1.01635
0.441884
-0.490944
-0.0633552
0.719376
-0.463213
0.158193
-0.0123478
-0.0396565
0.0782792
-0.0386227
0.0738511
-0.150947
-0.569164
0.0312763
0.537887
0.138059
0.243276
-1.17852
-0.518094
-0.756575
-0.70317
0.00210075
0.100689
-0.10279
0.566332
0.0528579
-0.61919
-1.68806
-0.0624353
-1.22889
2.26302
-1.03414
0.386299
0.178392
-0.232992
0.323842
-0.0908503
-0.754462
0.602108
0.540196
-1.07387
1.73175
-0.0528308
-1.67892
-1.45365
1.91556
-0.461904
-0.0290055
0.102376
0.352308
1.54496
-1.89727
0.0371611
-0.185012
0.147851
-0.156892
1.8366
-1.67971
-0.00207727
0.141627
-0.13955
-0.930832
1.29024
-0.359406
-0.0731014
-0.681361
-0.150426
-0.418737
0.278831
-0.205548
-2.05135
2.2569
0.0383096
-0.0157161
-1.8985
0.719982
-0.591567
0.0634836
0.528083
0.105344
-0.0775638
0.137582
1.5779
-1.71548
-0.458898
-0.633095
1.09199
-0.544503
0.435254
0.109249
3.03445
-1.99571
-1.03874
0.522758
-0.981655
0.10082
-0.0977332
-0.003087
0.0893119
0.773348
-0.86266
0.0667721
-0.0690741
0.00230207
0.854704
0.790551
-1.64525
-0.28729
-0.509347
-0.113135
0.273668
-0.160532
-0.912446
0.662771
0.249675
-0.092722
0.0482197
0.0445022
0.977196
-0.410864
1.01279
-1.86
0.847209
-2.69104
1.15967
1.53138
-1.12212
-1.56892
-0.347876
0.416224
-0.0683483
0.0890698
-0.0364441
-0.0526256
1.14155
-1.73186
0.590313
0.012191
1.11625
-1.12844
-0.27985
-0.438278
1.08837
-0.214521
1.33361
1.28616
-2.61977
-0.209734
0.104898
0.104836
0.00228739
-0.914733
1.84168
-0.414225
-1.42745
0.152072
-0.11491
-0.0267096
0.428997
-0.447876
1.00274
0.838943
0.183705
0.628044
-0.811749
0.401774
-0.0409081
-0.0636176
-0.0195735
0.0831911
0.249938
-0.180317
-0.0696215
-1.85438
0.894812
0.959564
0.143654
-0.0545838
0.759211
-1.24072
0.150189
-0.179354
0.0291646
0.148125
0.149039
-1.60641
1.56291
0.0435026
1.11809
-0.543628
0.00878037
-0.0343859
0.0256055
0.0139736
0.00572766
-0.0197013
0.142695
-0.240624
1.80036
-0.588472
-0.121527
0.329552
-0.208025
0.000695713
-0.0127781
0.739625
-0.568018
0.548298
-0.144499
-0.701164
0.713355
0.038147
-0.0778035
2.09685
0.0057849
-0.0127697
0.00698482
0.192958
0.35534
-0.226622
0.148459
0.0781634
-0.0663332
0.453659
0.606127
-0.513018
1.00676
0.0401754
0.513117
-0.394473
-0.118644
0.309863
-1.2407
-0.0371259
-0.330367
-2.21539
2.00985
0.0620643
0.0387558
-2.35369
0.257197
-0.41514
0.18086
0.0852282
-0.266088
-0.632615
-1.22176
1.35727
1.35062
1.61026
-0.760896
-1.48007
0.096229
0.569358
0.286538
-0.251971
-0.0345668
0.183477
-0.271397
0.0879204
-1.18356
0.619383
-0.247737
-0.26308
0.510817
0.299346
-0.399357
-0.0896972
-2.00215
2.09185
0.89929
0.240392
-1.52688
1.28649
0.957778
1.09484
-1.04813
1.54591
-1.1936
-0.0553565
0.419611
-0.364255
-0.850508
0.751452
0.0990561
-0.194291
0.0727643
-0.102829
0.362164
-0.259335
-0.218289
-0.229532
0.447821
-0.537354
1.81949
-0.31711
-0.379282
0.696392
-0.444394
0.3377
0.184864
-1.22875
-0.138316
0.0746985
0.0103656
-1.99683
0.99118
1.00565
0.446464
-0.317857
0.00922205
-0.0237352
0.351523
1.33954
1.69491
1.64548
-0.472616
-1.17286
0.138096
-0.0491905
-0.088905
0.560204
0.89656
0.165492
0.121045
0.413275
-2.12398
1.7107
-0.0742404
0.0522942
0.0219462
0.929948
0.596396
-0.23991
-0.101244
0.69859
-0.514886
-0.550841
1.44313
0.177375
0.0112544
1.42191
-0.834378
0.163423
-0.156364
1.81094
-0.165465
0.114194
0.452115
0.0610023
0.0238079
0.323271
-1.73375
-0.860635
0.87567
-0.0150352
0.00700491
-0.134057
1.84911
0.0204118
-1.86952
-0.758393
0.441283
0.258195
0.0702134
-0.334285
0.0787223
0.0319666
-1.02473
1.54278
-1.60183
0.0590593
-0.000946599
-0.223345
0.224292
-0.604617
1.53457
-0.858155
1.57804
0.0161417
-0.0170883
0.697546
-0.241534
1.91911
-0.557973
-0.00593296
0.190545
-0.184612
-0.112466
-0.0570297
0.169496
0.135228
0.00286753
-0.270117
-0.760714
0.0222879
-0.250464
0.228176
1.26285
1.37488
-1.51536
1.1984
0.135624
-0.489327
-1.34741
0.800998
-1.12014
1.34381
-0.223673
0.521836
-1.65744
1.50055
1.76128
-0.491999
1.33201
0.608425
-0.0784977
0.245611
1.29716
-1.32425
0.314332
1.00992
0.301051
-0.355561
0.106157
0.0374962
-0.236677
0.16781
-0.205775
-1.34962
0.371507
-1.18532
0.813812
-1.56003
1.09998
0.460047
0.466497
-0.825231
-0.181788
0.222164
0.105637
-0.378064
0.349821
0.028243
-0.615299
0.435417
1.18602
0.575262
-1.45365
-0.103642
-0.0859989
1.66561
-1.44952
-0.216085
-0.370919
1.91588
-1.64474
2.41301
-0.768273
-0.653349
0.953915
-0.300567
0.0570357
-1.32471
0.0956468
-0.132091
-0.29897
0.461628
-0.162658
0.243944
-0.278499
1.34966
0.584863
-1.0753
0.49044
-0.0274514
-1.55308
1.58053
-0.0600554
-0.122764
0.0270561
-0.441859
0.414803
-0.297078
0.832671
-0.535593
0.218902
-0.151534
-0.0673678
0.401391
-0.263948
-0.137444
-1.96179
1.7721
2.67131
-0.576164
-2.09515
0.0800941
0.0200729
-0.100167
-0.00695833
0.190435
0.140571
-0.631515
-0.823608
1.67831
0.0505945
-0.00809565
1.73175
-1.01889
1.1082
0.0392129
-0.0392129
-0.346788
0.442968
-2.42757
2.24263
-0.919869
-1.32276
-1.53474
0.794634
0.740102
-0.0181951
0.0700752
-0.0518801
0.969043
-1.16467
0.195628
-0.544601
-0.166183
0.710784
0.923745
-1.91565
0.991902
-0.0431795
-0.807328
-0.228847
0.116381
-0.152945
-0.536532
0.689477
0.657472
0.481396
-1.13887
-1.41753
-0.427356
0.717348
-0.289992
-0.721929
0.824364
-0.102435
1.45402
-1.31644
0.309884
-0.287596
0.0859411
-0.111722
-0.27802
-1.78972
2.00056
-0.210842
-1.02175
1.60446
-0.582705
-0.0218886
0.159269
-0.13738
-1.80151
-0.804244
-0.0236245
0.0151179
-1.69869
0.469803
-0.406204
0.303375
-0.139176
-0.514173
-0.0698872
-0.0043532
-0.790344
2.12395
0.0665789
-0.417121
-1.53432
0.147596
1.38672
0.0724462
-0.137474
0.0650275
-0.913461
0.193766
0.250567
-0.61545
0.364883
1.60929
-0.168493
-1.4408
-0.0462088
0.185435
-0.139226
-0.32082
0.297835
1.2991
-1.59693
-0.807593
1.80453
0.13054
0.700873
0.744046
-0.0153961
1.55665
0.254293
-1.41902
1.39157
0.361073
-0.028621
-0.332452
0.512844
0.0199719
-0.532816
-1.91801
0.273275
-0.0153079
-0.592741
-0.525813
-0.334821
0.299392
0.71894
-0.162107
-0.556833
0.203841
0.106201
-0.465709
1.32459
-0.85888
0.184022
-0.241052
-0.0532646
0.291074
0.26701
-0.56598
0.211605
0.348537
-0.560142
-0.102674
-0.0580967
0.160771
0.409515
0.283453
-0.692968
-0.00234048
-0.110926
0.113267
-0.313599
0.345485
-0.0318864
-0.0138017
-0.22018
0.233981
0.39023
-0.0891793
0.162556
-0.621923
0.459367
1.55482
-1.06059
-0.940962
-0.148972
0.250887
-0.101915
0.0590579
-0.0747739
-0.298374
-0.246129
1.02922
-0.310282
-0.003168
-1.23061
1.23378
-0.303276
-0.00524223
-0.00604146
-0.53124
0.22447
0.176921
0.199596
-0.201674
-1.22753
-0.042439
-0.0941736
0.136613
1.25877
-0.964066
1.3463
1.32501
0.104535
0.0456543
-0.156577
-1.72285
1.87943
0.789877
0.321746
-1.11162
0.283552
-0.977121
0.65673
0.320391
0.0543402
0.018106
-0.00999483
0.0824154
-0.0724206
2.03713
-1.0739
-0.963226
0.142518
-0.324893
0.182374
0.720396
0.243328
-0.963724
0.0760019
0.109174
-0.185176
1.71495
0.0285271
-1.74348
-0.463225
-0.0962434
-0.287269
0.353848
0.0338736
0.0479595
-0.0818331
-0.680199
0.257052
0.022999
0.019887
-0.042886
-0.279694
-0.623849
0.903542
1.09929
0.510004
0.993925
-0.997093
0.705576
-1.00265
-1.88009
1.7904
-0.0895865
-0.00722984
0.284157
-0.582533
0.298376
0.679783
0.930478
1.1249
-1.31138
0.186481
1.25194
-0.551071
-0.153499
0.104308
-0.0113261
0.0633091
-0.051983
-1.88834
-0.491585
2.37992
-0.382089
0.462268
-0.0801789
0.0131575
0.0260554
0.347454
2.11143
-0.153046
-0.0566876
1.14326
-1.7059
0.562641
-0.617195
-0.360462
0.977657
1.45562
-0.442831
0.774633
0.523095
-0.622739
-0.297457
0.00980439
0.287653
0.0316119
-0.25359
-0.450638
1.0355
0.0205733
0.0461988
-0.23388
-0.287377
0.521257
-0.00360821
0.972651
0.337363
-0.518341
-0.436925
-0.372154
0.433955
0.720719
-0.859895
0.131245
-0.0981656
-0.00940432
-0.438471
-1.94384
0.883249
0.309244
-0.415026
0.105782
0.0483277
-0.0400766
-0.00825109
0.239785
0.876464
0.122073
-0.0209383
0.0366107
-1.65577
1.61916
0.37078
-0.206262
-0.164518
-0.0536709
0.0759445
-0.0222736
-0.762447
1.13395
-0.0975841
-0.327612
0.425196
-0.289311
0.539878
-0.970412
1.40781
-0.437393
-0.364997
0.410734
-0.0457369
2.2199
-0.0203695
0.585964
0.0332614
-0.619225
-0.516825
0.406775
-0.189797
0.497448
1.51303
0.986552
0.126021
-2.1483
2.02228
-0.8403
-0.191556
1.03186
-0.197753
0.220953
-0.0231997
-0.283424
-0.437767
0.721191
-0.0800797
-0.0145889
0.0946686
-0.0954085
-0.0429075
-0.502877
-0.0305343
-0.00330399
-0.0414534
0.116152
-0.180295
0.464857
-0.284562
-0.271291
0.345763
-0.074472
-0.0827752
0.174458
-0.0916825
0.753739
-0.397626
-0.0310512
-0.0111856
0.628897
-1.11653
0.487631
1.22895
-0.989161
-0.0323101
-0.340153
0.372463
-0.423071
-0.61887
-1.35855
1.48269
0.0534694
-0.60878
-1.29055
0.820047
0.470507
0.445286
-0.0689402
-0.376345
1.72864
-1.72864
-1.70478
0.0914594
-0.519877
-0.199183
-0.619739
0.818921
0.521757
-0.506323
-0.0154337
0.0370016
0.0796536
-0.159042
0.0793888
-0.0321591
0.230245
-0.198086
-0.358005
1.19865
-0.840648
0.307473
0.251695
-0.559169
0.754249
-0.697214
-1.09331
0.253007
-0.0577107
-0.252331
0.310042
-0.0346678
-1.28958
-0.395442
-1.15963
0.764188
0.956197
-0.0286672
0.219049
-0.190381
-0.305689
0.40697
-0.101281
-0.327426
0.214291
-0.0882181
0.329804
-0.148944
0.0414124
0.134628
0.0984112
-0.233039
0.0455045
0.0178046
0.604746
-0.44219
-0.307513
0.322641
-0.0151276
0.00549959
0.0149767
-0.0204763
0.0785738
0.0327575
-0.111331
-0.0707524
0.188158
-0.117406
-0.479549
1.29336
0.424216
-1.05701
0.632795
-0.17046
-0.0823545
0.252814
0.000320439
-2.66287
2.66255
0.828911
-0.528847
-0.300064
0.444664
-0.0743115
-0.197086
0.0794085
-0.0694259
-0.0605548
0.203073
0.281789
-0.898606
0.616817
-0.394036
-1.21238
-0.357086
0.646247
-0.289161
-0.0940791
0.0315044
0.456557
-0.319124
-0.137433
0.805692
-0.176795
-0.866505
0.549518
-0.452413
-0.0971051
-0.585947
0.33821
-0.120267
0.561406
-0.0386542
0.0526278
-1.71106
-0.101364
-0.320778
0.587789
-0.0150662
-0.213781
-0.0632193
0.0112363
0.259432
-0.288099
-0.0847221
-1.23159
0.752044
1.96579
-0.129194
-2.05135
2.25767
-1.0989
-1.15877
-0.132923
0.499974
-0.125697
-0.741048
0.406358
-0.332507
-0.270681
-0.0267764
-0.390366
-0.463634
0.854001
0.140359
0.147959
-0.288319
0.085164
-0.925432
-1.96554
-0.327307
-0.359463
0.68677
0.096126
0.274654
-0.26885
-0.047315
0.316165
0.54323
-0.125843
0.135627
0.309659
2.20622
-1.28248
-0.791289
0.400923
-0.27223
-0.0640137
0.336244
-0.0524186
-0.132519
-1.03215
0.468594
0.201836
-0.67043
-0.0975129
-0.0385826
0.941714
-1.21641
0.2747
-0.640438
-0.059537
1.78818
-0.736632
-0.379897
0.889615
-2.25864
1.36903
-2.19909
0.900856
1.29824
0.171057
0.109639
-0.280695
0.151863
1.04214
0.0619574
0.814309
-0.876266
0.0914431
0.238109
0.176247
-0.0961525
0.28666
-0.529278
0.242618
1.29946
-1.45604
0.0452561
0.248507
-0.379241
0.130734
-1.6571
-0.0476803
-0.627525
-0.188581
0.0396092
0.130025
0.00236659
-0.132392
-0.66287
0.327243
0.335627
-0.419784
0.364428
-1.02897
-0.418536
1.44751
-0.139208
-0.0575492
0.039354
-0.525151
0.678093
-0.152942
-0.341981
1.44196
-0.177788
-0.930447
-0.60429
1.34526
-0.586052
1.03896
-1.39697
0.0123033
-0.0478795
0.0355762
1.0574
-0.588744
-1.97563
-0.362935
-0.130242
0.493176
-0.0560281
0.223838
0.190395
-0.459977
0.269583
0.317492
0.296348
0.998899
0.00785709
-0.0896395
0.328043
-0.0751778
-0.370434
0.346699
-0.168495
0.0331896
0.135305
0.268702
-0.10734
-0.161363
-0.160237
-0.0432703
0.203507
0.200729
0.174724
-0.375453
0.110124
-0.0410871
-0.172167
-0.0511782
-0.0268145
1.12625
0.0437167
0.204858
-0.248575
0.0830551
-0.152865
0.0698095
-0.058379
-0.0319659
0.0903449
0.561157
0.280892
-0.708247
-0.101986
0.391138
-0.0872255
-0.200075
0.128324
-0.145709
-0.0393032
1.78871
-0.99816
0.00316705
-0.18853
0.185363
-1.56658
0.208032
-0.0865765
-0.0180484
0.104625
-0.0478278
-0.0448942
-1.33591
-0.863184
0.404011
-0.0795024
-0.61073
-1.51325
-0.569188
0.335308
-0.0626801
-0.462471
0.766423
-0.766135
-1.82406
1.95009
-2.30116
0.412822
-0.127787
-0.0201097
0.147896
0.0309072
-0.255503
-0.376239
0.631742
-0.28159
0.073565
-0.205216
-1.40014
1.60536
-0.625297
-0.63739
1.26269
0.366769
0.414202
-0.78097
0.00311045
0.184049
0.36547
-0.286961
-0.279019
-0.191556
-0.104558
0.296114
0.012283
0.355499
0.292217
0.16434
0.335357
-0.648085
-0.0245389
0.0303238
-0.532695
0.582986
-0.0502912
-0.189758
0.388866
-1.31239
0.118022
-0.0173328
-1.66708
0.436598
0.0409453
-0.913647
-0.32707
-0.151593
-0.960555
-0.274398
1.23495
-0.0873592
0.493717
-0.57909
1.37372
-0.34498
-1.01765
-0.926198
-1.21476
1.41038
0.118939
-0.332776
0.0321083
-0.09106
0.0589517
-0.701189
0.604306
0.0968839
0.707832
-0.780934
-0.168247
0.477491
-1.11855
-0.172006
0.0576973
-0.0568016
-0.000895775
-0.461336
0.870851
-1.40987
-0.166587
1.57645
0.00958687
0.0359176
0.0112145
-0.636237
0.625023
-0.258678
0.435332
0.112012
-0.180493
-0.0505059
0.230999
-1.27392
0.859691
-0.256058
-0.0255319
-0.189737
-0.135155
-0.394868
0.0916319
0.039613
-0.0487688
0.0199001
-0.0268817
-0.0549514
0.322705
1.2402
-0.541582
1.87359
1.03299
0.594233
-0.760415
0.0389382
-1.4488
-0.277833
-0.351967
0.432849
-0.0808819
0.157475
0.0142345
-0.00993289
0.0154702
-0.0616184
0.141939
-0.23179
2.01072
-1.77893
0.150714
-0.832074
-0.133145
-0.275624
-0.0800456
0.965367
-0.299622
0.390087
-0.0904652
-0.136342
-1.55308
1.68942
0.380048
0.236488
0.285268
-0.339737
-0.503565
0.961987
-0.458421
0.0713439
0.00552201
-0.0455986
0.0451708
0.0791974
-0.124368
0.0945062
0.42966
-0.524166
-0.157236
-0.600051
0.757287
-0.29815
-0.0777556
-2.01462
0.0160445
0.239103
-0.245036
0.0500987
-0.309228
0.0531694
0.349463
-0.708926
2.37359
-1.00802
-1.36556
-0.178184
0.429627
-0.588119
0.599333
-0.116002
-0.336411
-0.196051
-0.0101866
0.623984
-0.731208
-0.131016
0.811874
-0.96911
0.157717
-0.104844
-0.0528732
-0.40893
-1.9265
1.08697
0.839537
-2.10389
2.10421
-1.06859
0.265203
0.803383
-0.0356084
0.245261
-0.209653
0.687407
0.341814
-0.115326
0.215089
-0.0114218
-0.0130606
0.0335352
-0.283048
-0.0360751
1.16374
1.20985
-0.04708
0.0275064
1.63361
-1.48653
-0.0460705
-1.38801
1.43408
1.18717
-0.0609179
-0.310467
-0.0957367
0.178531
0.133004
-0.27391
-0.0692195
0.175377
0.800121
-1.40068
0.600563
0.129271
2.24638
-1.34515
-0.901227
0.019856
0.0514858
0.0185894
0.0158931
0.918377
0.968822
-0.877363
0.707751
-1.33305
-1.21668
-0.0222654
1.23894
-1.45305
0.998842
0.454209
0.110272
0.00587963
2.42156
0.054776
-2.47633
-0.635246
1.28967
-0.654424
0.0883232
0.25744
-0.717879
-0.00405036
-0.0113428
0.0734071
-1.3556
0.235465
-0.0144953
0.0249082
-0.0104129
-0.135982
0.211669
-0.0756864
0.0966655
-0.446578
0.349912
0.57294
0.302729
-0.541188
-0.121682
0.0440699
0.861079
-0.904258
-0.0749484
-0.0678328
-0.273143
0.058937
0.956608
-0.37923
-0.577378
0.0601216
-0.355345
0.295223
0.342858
-0.566092
0.223235
0.105292
-1.55626
0.790192
0.76607
0.0768075
0.852057
0.277836
-1.12989
-0.212005
0.239915
-0.264007
0.0240926
0.18554
-0.0376888
-0.27658
0.0077292
-0.319545
-0.972501
1.01268
-0.484682
0.792406
-0.307723
-0.550474
-0.708532
1.75546
-0.764283
-0.102853
0.190947
-1.373
0.070371
-1.3577
1.28732
0.0430435
0.0878257
-0.130869
0.694228
-0.156248
-0.53798
0.410695
0.0193607
0.0236957
-1.36699
0.816512
-0.548593
1.20532
0.132678
0.606947
0.332498
0.241713
0.0269894
0.86061
-0.419327
0.0375883
0.670244
-0.940304
0.384541
-1.19991
0.562519
0.985312
-1.12165
-1.76531
1.53352
0.00148387
-1.43995
0.20681
1.23314
0.301001
0.345246
0.0520432
-0.896973
0.69779
-0.136303
-0.130579
0.266882
-2.48946
1.13626
1.3532
0.433196
0.805939
-1.23913
0.0685505
-1.28331
0.78959
0.0536545
-0.843244
-0.54222
-0.459622
-0.887788
-0.0371298
-0.0160924
0.0643121
1.5247
-1.49617
-0.0319424
-0.952683
-0.60358
0.144791
0.025779
-1.24246
1.15428
-0.302222
-1.50055
0.0204793
-0.265187
-0.90337
0.363576
-0.467092
1.88009
0.216752
0.147536
-1.17969
0.153233
-0.118284
0.18464
-0.40293
0.328915
-0.583229
0.254315
-0.0460818
0.0161118
0.02997
-0.596461
0.629722
0.178167
0.0717716
-1.0921
1.15393
-0.0618277
-0.728547
0.925792
-2.1547
1.22891
-1.02603
-0.0658086
0.110311
-1.45358
0.122047
1.33153
-0.425825
0.94766
-0.662465
0.747629
0.155934
0.909833
0.514467
-0.951392
-0.845585
-0.192671
1.03826
-1.35779
-1.57222
1.367
-0.135844
0.139669
-0.0038247
0.075485
-0.0977586
0.847689
-1.29833
-0.210299
0.418025
-0.207726
0.154412
0.313129
-0.467541
-1.04289
0.442843
0.0454848
0.0288618
-0.248056
0.397397
2.27407
0.147486
-0.780872
0.842829
-0.284219
0.0944814
-1.18522
2.34496
-1.15975
-0.0840886
0.0706634
0.08753
0.422943
-0.0078133
1.04382
1.2192
0.604091
-0.845625
0.286123
-2.28183
-0.189266
0.146827
0.120494
-1.08456
-0.237394
-0.979021
-0.228971
0.0590061
0.82888
-0.431484
-0.454152
-0.843218
0.851075
0.200109
-1.71795
0.274771
1.44317
-0.061494
0.496826
1.22773
-1.15308
-0.30057
0.784043
-0.337799
-0.446244
0.916554
-0.35746
-0.559094
-0.194361
0.0428273
0.680597
-0.681107
0.000510466
-1.49604
0.944968
0.55107
0.529418
0.878388
0.00141481
0.128611
0.814419
-0.533528
-2.2589
1.09082
1.16807
-2.2569
1.76531
1.03215
0.631353
-1.6635
0.833687
-0.739294
1.60875
-0.541288
-1.06747
-1.08298
0.194796
-0.0904873
-0.101663
-0.10552
0.210417
-0.0487145
0.136664
-0.0879498
0.187728
0.296742
-1.87474
-0.358189
0.525593
-0.238933
-0.0368357
-0.0322384
0.833914
-0.46051
-0.373403
0.828264
-0.501021
-0.144021
0.137062
-0.115234
1.24013
0.0817025
-0.038659
-0.289865
-0.753028
-1.48945
0.528898
-0.0579726
-0.100175
0.149801
0.131167
0.125246
-0.0931382
-0.515012
-0.423255
0.114523
-0.0888706
-0.0256525
0.196786
-0.786175
-0.287891
1.07407
-0.285684
-0.0235436
-0.0470302
1.23845
1.01723
-2.25568
-0.434461
0.801229
0.234889
-0.0933966
0.621909
-0.825627
-0.934431
1.76006
-0.909604
-0.871975
0.408341
0.286206
-0.132324
-0.153882
0.994203
-0.941345
-0.183561
2.04728
-1.12149
-0.205251
0.123587
-0.41761
-0.639401
0.0387285
2.06198
-1.7904
-0.271584
-0.930622
-0.558831
-0.287798
0.180568
0.0796194
-1.00981
-0.250159
1.25997
0.249926
-0.547356
0.641862
-1.61683
-1.32533
0.617951
0.707377
-0.207145
-0.00429157
0.211436
0.967154
-0.639218
-0.327935
0.118908
-0.180526
0.0859672
0.0954089
0.694915
-1.72389
0.763417
0.153136
-0.396959
-0.394329
0.217238
-0.0692786
0.164204
0.151685
-0.93786
0.027918
0.391693
0.24275
-0.354472
-0.518502
0.507857
0.010645
0.921793
0.686961
0.482721
0.054132
0.683198
0.100837
-0.784035
1.65744
-1.38267
-0.329243
0.131101
0.158147
0.0273932
0.150224
-0.075686
-0.157353
0.0045706
-0.140415
0.546687
-0.144484
-1.79329
-0.0308431
-0.176302
-0.0777971
-0.0132629
1.11311
-1.6922
0.770886
-0.353113
-0.417774
0.00471202
0.121492
-0.00894605
-0.00554925
0.380822
0.0686578
0.0921134
0.587931
-0.304478
-2.64773
1.25996
1.38777
-0.0958564
0.0155124
-0.00531573
0.126097
0.171638
-0.307488
-0.307962
0.76821
-1.59384
-0.040099
-0.95495
2.1934
0.557027
-0.0689285
-0.488098
-0.526834
-0.433785
-0.0725375
0.0988774
-1.11437
0.447763
-0.702036
0.254272
0.562112
-0.588045
0.025933
0.019892
1.07027
1.34274
-1.36226
1.38267
-2.54759
1.85458
0.693013
1.25998
-2.21493
2.6236
-1.28406
-1.06205
-1.10992
0.236523
0.113298
-0.0830901
-0.358769
-1.51624
0.0762905
-0.0135211
-1.29786
1.20324
-1.98259
0.779358
-0.0693569
0.283174
-0.347867
0.0668783
-0.112615
0.956738
1.28964
-2.31516
1.12994
-0.133633
-0.77597
-1.32976
-0.525003
-0.0630421
2.10389
-2.12426
-0.0973079
-1.13029
-0.114688
1.22436
-0.926529
-1.89101
1.82889
0.0621147
0.361716
2.30083
0.389047
0.0559726
-0.44502
1.36189
-0.654136
0.252926
0.0454147
0.674887
-0.680929
0.10286
0.138853
0.749591
0.695107
-1.4447
-0.467406
-0.299035
1.05414
-1.05606
0.0019195
0.661356
-0.45952
-1.59656
0.653434
0.943131
0.335566
0.358662
-0.96662
-0.170537
1.1122
-1.69825
0.300473
-0.587434
-0.130788
0.259111
-0.681423
0.42592
-1.42303
-1.16231
2.58534
-0.27378
0.448503
-0.388345
0.645397
1.26175
-1.86604
0.109552
1.35673
-1.89831
-0.196632
-0.101185
0.227026
-1.21619
0.105711
0.643035
0.516759
-0.00291704
-0.533615
-2.20203
0.37797
-0.0139716
0.0388029
-0.0248313
0.0808153
-0.34015
1.15919
1.09849
1.28231
-1.00761
0.0856732
0.00049135
-0.180808
0.464539
-0.336892
0.63324
-0.579717
-0.901713
2.16169
-0.0858034
0.162611
-0.848476
-0.632244
1.48072
-1.32053
0.68528
-0.073711
0.0628716
0.0274733
-1.44509
-0.0892318
-0.174416
0.62218
-1.46487
-1.18287
2.06198
0.547597
-1.25077
0.938536
-0.635806
-0.18642
0.572469
-0.207
-0.268328
0.236018
-1.41765
0.313854
-0.81742
1.28043
-2.18214
-0.797916
-0.111848
0.518622
-0.221376
-1.66963
1.33851
-1.66558
1.35083
0.655813
-1.64511
0.989295
1.51127
-0.566301
1.71873
-0.784831
-1.22083
2.00566
0.549255
1.29473
-1.04481
-0.626725
-0.698603
-1.43234
-1.11526
0.439739
-0.946514
1.55074
-0.604227
-0.145806
1.3672
-1.22139
-1.01691
-0.949509
1.96642
0.898598
0.155543
0.273231
0.375112
-0.196026
0.174617
0.0214089
0.0409246
-0.281976
0.473491
-1.40411
-0.614942
-0.400161
-0.301028
-0.0650697
0.501667
0.265444
0.639702
-1.92875
0.389443
1.53931
-0.0400314
-1.62676
1.66679
0.0257866
-0.273718
0.0756315
0.41954
-1.71319
1.71319
-0.341754
-0.0459688
0.387723
-0.524677
1.00607
-0.610903
0.0859001
-0.695994
-0.142574
0.498073
-1.36226
0.0222904
-1.30203
0.283142
1.24414
-1.2788
-1.23724
0.227435
-0.0741305
0.404627
-0.330497
0.148595
0.532002
-0.0516933
0.00561145
-0.992165
-1.2119
0.158017
1.05389
-1.37729
-0.0122538
-1.09282
-1.06188
0.0527845
-0.233278
0.174833
0.498414
-0.614416
-0.0572367
0.030355
0.396382
-0.356115
-0.325308
-1.07822
1.51256
-0.434341
0.343201
0.191084
-0.225298
0.420779
-0.195482
-0.36763
0.138098
0.316408
-0.597327
0.280919
-1.02999
1.86369
-0.831544
-1.48559
-2.01938
0.466302
-2.02108
0.0559495
0.926383
1.11074
0.111593
-1.01496
1.56013
0.440435
0.662216
-0.529538
0.634216
0.620604
0.213083
2.12837
-0.847947
-0.839957
-0.630006
1.46996
1.16486
-0.0498526
-1.11501
-0.0433016
-0.109563
-0.220809
0.198921
0.152843
1.35191
-1.50475
-1.31215
1.12165
0.190494
1.31215
-1.53352
0.238352
-0.307709
-1.49093
1.03131
0.0899522
-0.0912752
0.0501882
-1.66261
0.135723
1.65829
-1.00248
-0.265662
-0.0991477
0.132337
-0.470774
0.715202
0.27024
-0.087866
0.339809
-0.464178
0.189119
-0.256487
-0.603277
-0.0595066
0.707272
-2.08023
0.527154
-0.10239
0.481369
-0.378979
-1.05579
-0.926799
0.108798
0.678455
0.439637
-0.901177
0.120306
-0.327026
-0.239066
0.138381
-2.22701
1.16496
0.0613601
-0.0610702
-0.227029
0.0376239
-0.0863927
-0.0875586
-1.37843
0.617014
-1.73954
1.12252
0.0749968
0.273415
-0.348411
0.0325721
-0.284543
-1.05858
1.34172
0.410159
0.39107
1.30821
-1.15308
0.205716
0.0524787
1.70547
-1.95902
0.25355
0.341838
0.336255
-0.82986
-0.0133848
0.382918
-0.51316
-0.0374207
0.048657
-1.22433
0.325933
-0.0718487
-0.254084
-1.50737
0.207563
1.29981
-0.0147157
0.0243026
-0.0228457
0.0515643
-0.0287186
1.19344
-1.16766
-0.00215716
0.018269
0.604083
0.214838
0.0557819
-0.0566777
-0.088158
0.119662
0.206514
0.669449
-0.875964
-0.430276
-0.0163018
-0.920875
-1.01825
1.93912
0.170291
-0.110079
0.295441
-0.916781
2.10421
-0.100597
0.131504
0.061716
0.098703
0.142292
2.25093
-1.0872
-1.25314
0.825938
-0.512083
-1.16004
2.32812
-0.0723864
0.141044
-0.13866
0.151817
-0.0308257
-0.217749
-0.309379
0.204821
-0.307342
0.69802
-0.199607
1.2168
0.10355
-0.0659259
0.250907
-0.0318583
0.0424781
0.139404
0.0359729
0.469471
-0.825586
0.226672
-0.262919
0.0362475
0.145599
-0.0577737
0.213746
0.750729
-0.964475
-0.262973
0.132394
0.436807
-0.524166
2.43122
-1.16837
1.02357
0.88865
0.052859
0.477304
-1.20978
0.364425
-0.490267
-0.374198
1.51636
0.689862
-1.52101
1.52101
1.57523
-0.888016
1.07288
-0.0503405
1.54041
-1.49007
0.909591
1.03485
1.24562
-2.66865
0.119943
-1.08905
-1.35453
-0.172946
-1.45021
1.62315
-0.422099
-0.163848
0.0823548
1.25296
0.180757
-0.288097
-0.667054
1.58792
-0.920862
-0.182736
0.285597
-0.00231205
-0.0856918
0.140032
2.59869
-1.08634
-1.51235
1.58718
-1.46514
1.11121
0.232601
0.0221021
-0.00596036
0.0146942
1.5632
0.508732
0.553209
0.771379
0.0258422
0.212689
-0.238531
-0.365428
0.230273
0.195639
-0.211328
0.0156891
0.173988
-0.236887
0.0628991
0.443439
-0.399369
0.350679
-0.540437
0.6661
-0.569871
0.0363758
0.0401057
-0.0031041
0.291368
-0.0698057
-0.221562
-0.193583
0.18887
0.0047138
2.12426
-1.69106
0.292334
-0.312941
0.020607
-1.5247
-0.36319
0.275964
-0.994936
1.90453
0.268464
-0.34851
2.73887
-1.49325
0.25641
-0.331588
-0.175325
0.485937
-1.28915
-0.260614
1.45807
1.32313
-1.09611
-0.105946
0.163679
-0.120621
-1.48121
-0.308427
0.300962
0.254249
-0.387394
-0.390626
0.300161
-0.098914
-1.33934
1.29327
-1.44352
1.50258
-1.13577
-0.548385
0.429742
0.708024
0.408619
-0.444694
-0.0734802
0.143637
0.355944
-0.49958
-0.386472
1.38921
-0.838799
-1.13917
-2.44479
-0.0949206
0.0906593
0.00426135
-0.0271404
1.45265
-1.42551
1.3882
-0.375527
0.34076
-0.421642
2.15023
-0.89727
1.06746
0.668838
-1.7363
0.239952
0.0302886
0.666217
-0.23659
0.208725
-0.82679
-0.00528424
-1.01379
0.725902
-0.372817
0.240494
-0.112895
0.13659
0.322617
-0.40212
-1.05919
1.38768
-0.82748
0.0133477
0.0562036
0.202576
0.681051
0.457593
0.225605
1.76137
-1.55381
0.317355
-0.395111
1.60978
-1.60908
-0.0609583
-0.8433
-0.160831
0.0434253
0.985312
-0.0111132
0.00124053
-0.0223875
0.0141364
-0.000556894
-0.17161
0.0120743
-0.03492
-0.547244
1.63421
-1.23787
1.18753
-0.482447
0.890788
-0.412391
0.123699
-0.434276
0.266029
0.341094
0.913308
0.62232
-1.53563
-0.779687
0.419224
-0.854389
-1.63507
-0.56128
-0.00741082
-0.106377
0.107239
-0.000861855
1.41979
0.175772
-0.201741
0.219043
-1.76804
1.72801
0.605362
-0.362612
1.14359
-0.219385
-0.0595587
0.278944
1.3067
-0.388325
-0.811806
2.14509
-1.33328
-0.659362
1.50294
-0.843577
-0.352059
0.169322
0.0285622
-0.0413673
-0.0716451
0.113012
0.52193
-0.899476
1.21222
-0.312744
-0.298362
0.101276
-1.50784
-1.90688
0.854028
1.05285
-1.61206
-0.243448
-0.452546
1.18105
-1.96588
0.212875
-0.965903
1.27466
-1.83594
0.396491
0.395914
1.3185
-0.543864
0.0395327
-0.0197768
-0.0197559
-0.0914912
0.0702301
-0.0516407
-0.00844693
-1.25069
1.25914
-0.230641
-0.384659
-0.0693168
0.136259
-0.066942
1.2805
-1.00266
0.50968
-1.31935
0.809666
0.249966
-0.0940325
1.68756
-0.788274
0.0327615
-0.246542
0.661695
-0.809024
0.0280908
-0.226934
-0.521107
-0.104404
0.680106
-0.575702
1.89501
-1.42926
-0.465758
-0.329961
0.228717
0.063521
0.355068
0.360134
1.58352
-0.172691
0.103374
2.05641
-1.05756
-2.00916
0.788332
0.468093
-2.11658
1.64849
-1.33924
-0.330269
1.66951
0.901256
0.854207
-1.54899
1.95902
-0.410035
-1.47762
1.30912
0.226935
0.607677
-0.834613
-0.0981321
-0.774826
1.24579
-0.470961
-1.54899
0.968822
0.0435319
-0.398004
-0.152057
-1.06413
0.371412
-0.660573
-0.377824
-1.59576
0.861804
0.733959
-0.328778
0.240912
-1.94328
1.04845
0.894825
0.780458
-0.383967
-1.22423
-0.855552
2.19789
-1.7298
1.81144
-0.158188
0.174075
1.7611
-0.461998
-0.883687
1.56376
0.949966
-0.958413
2.19702
-1.50401
1.27411
-1.31518
0.0410613
-0.0922774
0.00518744
0.0870899
-0.802125
0.0735781
-1.04469
2.08851
0.314147
-0.0898555
0.599203
-0.545733
-0.639568
1.59735
0.979167
0.532102
0.439675
-1.77891
-1.09215
-0.814724
-1.51536
-1.32273
-0.695187
-0.900576
2.19365
-1.36731
-0.826338
0.904144
0.0339207
-1.80196
1.69106
-0.408461
0.312724
0.421437
-0.277801
1.68689
0.65807
0.344762
0.0986768
1.71437
0.0136359
-0.149348
2.42342
0.760074
0.0642905
0.294622
0.987689
0.76188
0.326493
1.04337
0.750907
-1.79428
0.0617046
-1.58569
0.639177
0.287123
-0.130403
0.266662
-0.156324
0.381723
-0.375813
0.278228
-0.333996
0.239267
0.9674
0.690894
1.41856
-1.23504
-0.183514
-0.181138
0.185709
0.556438
-0.0736633
0.032296
-0.00538555
0.366919
0.491652
-0.56058
-1.71221
0.709728
-0.347747
-0.234786
0.309189
0.0446594
0.337666
-1.52205
0.450905
-0.137776
-0.0524258
-0.098521
-0.103202
0.0139032
0.0892987
0.0234202
0.456089
-0.00128913
-0.0330967
-0.347613
-1.72714
-1.07126
0.286456
0.784801
1.41142
-0.55632
-0.8551
-0.702774
1.29316
-0.590388
0.767637
-0.147033
-2.14078
1.32898
-0.112434
1.57798
1.46732
-0.473115
0.0386194
-0.206303
0.167684
0.698226
-0.35298
0.0785158
-1.24617
1.5666
1.14904
-0.694827
-1.4737
0.84369
-1.23699
0.121982
-0.0283226
0.015235
-0.196925
0.18169
-0.554883
-0.209215
0.181549
0.0276661
2.51114
0.543013
0.278324
-0.00931434
-0.206488
0.215802
1.39767
-0.597552
-1.63136
1.66528
-0.239409
0.20172
0.20457
-1.02458
-1.05566
-0.657619
1.57572
-0.918105
-0.833877
-0.627912
1.46179
2.10289
-1.74399
-0.358895
0.930297
-0.0157756
-1.09461
-0.93155
-1.30923
-0.00594271
0.829808
-2.6135
1.78369
0.20674
-1.8188
-0.577543
1.55671
-0.501022
0.458549
0.0424728
-1.2928
-0.962881
-1.54067
-0.361563
-0.26036
-1.07577
-0.216241
-0.12226
0.338501
-0.63567
0.441396
0.194273
0.39887
0.0225674
0.688621
0.887103
0.0692897
-0.112197
0.11374
-0.0131104
-0.917352
0.958413
-0.00596527
0.16344
-0.917352
1.70737
-0.776889
-0.00759807
0.544008
-0.320774
-0.835456
1.90081
-1.06535
0.158552
-0.0169248
0.941891
0.445793
-0.270219
1.39101
0.00709098
0.584829
0.44642
-0.473964
0.027544
2.54352
-1.71372
0.700962
-1.30104
0.0891345
-1.93341
0.685715
-1.60658
0.136948
0.119928
-0.256876
1.5617
-0.860675
-0.701025
-0.411628
-1.50266
1.91428
-0.430448
1.51421
-1.54554
0.0313282
0.332379
-1.73252
-1.03768
2.25447
-0.295779
-0.306976
0.602755
0.341072
0.744154
0.817547
0.38836
-0.314795
1.70547
0.761322
2.57969
-1.40321
-1.46662
-2.33047
-2.12129
1.27334
-0.279108
-1.67071
2.04868
-0.359741
-0.972967
0.208485
-0.584725
2.37619
-1.14727
-1.59522
-1.80308
0.0875968
-1.54403
0.848848
1.2949
0.850186
0.927535
-0.0138609
0.57681
-0.562949
1.24473
0.826388
-2.07112
0.151312
0.814055
-0.736841
1.35838
-0.62154
0.349462
1.23772
0.355408
-0.00870983
0.244383
-0.764425
-0.447245
-0.451361
-1.76025
1.6109
0.824011
1.23663
1.34306
0.201062
0.336825
1.6675
1.07137
-0.0502098
1.56427
-0.82012
1.49822
-0.748629
0.166458
0.0985959
-1.57981
-0.0389627
2.32498
-2.28601
0.0117074
1.40685
1.62443
-0.938713
-2.64565
1.21354
1.43211
-1.75836
1.34673
0.620064
0.943695
0.0111467
0.18824
-1.28964
0.683013
0.819926
-1.56512
0.121604
-1.40902
0.242883
1.76025
1.6619
-0.971005
0.119046
-0.0128632
-0.106182
0.790224
0.77405
0.602813
1.59508
-0.179547
0.515113
-1.59746
2.20027
-1.50428
0.063485
1.67892
-1.66528
1.59425
-0.905628
-1.88703
0.788123
1.17435
1.20184
-0.431148
0.8948
-0.463652
-0.298464
0.326382
0.0775267
0.232515
0.0178052
-1.29661
0.62184
-1.28419
0.396177
0.945995
1.63935
0.678554
-0.323486
0.273011
-0.223006
-0.524489
-1.32434
0.0264833
-0.915509
-0.95399
1.8695
-2.38576
0.655958
2.74335
-1.21194
-1.53141
0.959131
-0.150426
0.359409
-0.208982
0.202696
-1.97638
0.473726
-1.84267
1.00721
0.327893
-1.79442
1.46652
0.949966
1.80401
-1.36434
0.173308
0.308505
-0.00469021
0.21414
-0.439438
1.06429
-2.10353
1.03924
-0.771262
-0.702434
-0.255106
0.424458
-0.588306
-0.602072
-1.4254
-0.0512596
-0.00597712
-0.0742543
0.380986
-1.85351
1.54554
0.307972
1.63174
1.11161
1.69605
0.847476
0.730469
-0.988317
1.03182
1.50056
-2.7031
0.989386
1.51421
0.460621
-0.00651915
-1.63136
1.70866
-0.998933
1.33518
-2.73839
0.354132
0.122194
-1.53985
-0.0635462
-0.762671
0.229144
1.82491
-1.074
-0.064198
-1.33358
0.0933427
1.24024
0.988317
-0.0383508
-0.0610499
0.441159
-0.513008
-0.294787
0.222766
0.38252
-0.32935
-0.246497
-0.0270564
-1.81394
0.898435
1.58414
-0.609499
-1.51913
-0.00646982
2.71397
-1.50043
0.0489
1.98261
-0.801559
1.62411
-0.762302
-0.976822
1.44177
-2.35201
0.754545
-0.825572
0.0845241
-1.13967
-0.720327
2.64933
-1.31415
0.808706
-1.51114
0.453553
2.51741
-0.472128
0.960852
-0.488724
1.55036
1.83471
-1.06238
-0.772332
-0.754868
-0.211561
0.966429
-1.17105
-1.85351
1.31431
-1.13315
-0.181159
-0.0963748
1.11245
-1.01607
-1.39693
0.843441
0.0230824
-0.00796447
0.49102
2.50008
1.98627
-0.866411
0.440586
-1.08317
1.09487
0.0698334
-1.30488
-1.43658
0.00331115
1.43327
0.672872
-0.865544
1.13461
-1.52864
2.06916
-0.794496
-1.2532
1.2532
0.763471
0.737089
-0.346557
0.589175
-0.803553
1.59378
-1.42781
1.42781
-2.70519
-2.06167
1.20612
0.511067
0.142327
-1.44305
-0.820326
0.400999
-0.106628
-1.47801
0.034966
0.166877
-0.661928
1.86857
-0.54265
1.7518
-1.20915
-1.4214
-1.48656
1.31361
-0.0711655
0.339239
-0.635018
1.51896
0.706323
0.583472
0.991756
2.46629
-1.61882
0.733574
0.427537
-0.754019
1.56272
-0.865249
0.184141
-0.890818
1.31431
-1.5446
2.79804
-1.6681
0.878
-2.21128
-0.733616
1.67675
0.441524
1.13315
-1.12984
-0.142953
0.643217
-0.106612
-0.536606
-1.44684
1.44684
1.73598
-1.08161
-0.654371
-1.49617
0.911642
0.645068
-1.60052
1.60052
1.07346
0.662524
-0.101208
2.06881
0.3655
0.0391271
-1.36755
0.0377965
1.84517
-0.401998
2.32921
-1.74879
2.47618
-1.19002
0.888787
-1.33195
-1.12984
-1.62768
1.62768
-1.55079
2.6624
2.58958
-1.60019
-1.8176
0.854378
2.23141
-1.35341
-1.0107
0.914321
-1.78263
1.05404
0.728596
0.346558
-2.14806
1.26136
1.24434
1.27307
-1.08317
-1.50785
1.50785
-0.000142244
0.152005
1.01333
-1.03182
0.0184859
1.54682
-1.6109
0.0640861
-1.79955
0.987831
0.811723
0.664716
0.797073
0.254644
-1.01333
-1.54682
-1.1758
1.75927
-1.58658
2.34112
1.52843
-0.684742
1.09487
-0.709174
0.93403
1.01041
-0.745519
-0.89946
-1.31547
0.279827
0.723187
-1.78924
1.27426
-1.27318
-0.596343
0.540926
1.37336
1.17022
1.45338
0.47534
-0.0682302
0.193046
-1.30088
-0.905167
2.20605
0.908112
0.561852
-1.10932
-1.25102
2.36033
-2.27835
-0.815697
0.369453
-1.66255
0.580936
-1.42431
1.18256
-1.4681
1.82282
1.02312
-1.76864
-0.779839
-0.00257925
-0.631561
1.53967
-0.915714
0.879713
-1.23981
1.62378
-0.383966
1.50184
-0.771367
2.38414
-0.990281
-0.789887
1.813
-0.850021
0.110726
0.892861
0.6575
-1.16944
-0.107949
-1.54915
-1.44653
-0.850026
0.418542
0.155817
-0.117197
-1.89266
0.800507
1.27509
-0.291837
0.934371
-2.28778
-0.871043
-0.0499078
0.32983
-0.957199
-0.919036
-1.44869
1.98961
1.2403
0.820553
0.839759
0.97076
1.23848
-0.435098
-1.21437
-1.37612
-1.04186
2.41798
-0.798711
1.71202
1.16587
-1.05708
0.65708
-0.220273
0.895048
-2.30465
1.4096
0.132907
-0.908878
-0.516875
-1.34398
-0.947329
-1.19222
0.488072
0.178028
-1.16576
-0.726895
0.620121
1.78108
-0.923429
-0.85765
-0.434364
1.7811
-1.00119
0.387995
0.743878
-1.90964
2.32137
-1.11223
-1.20914
1.8865
-0.513146
-0.38189
0.735417
-1.70497
0.969555
-2.68437
1.13358
-1.53165
-1.03322
-0.815416
2.23558
-1.17129
0.346148
0.0296354
0.0104703
-1.39274
1.06221
-0.280453
-1.25119
-0.42853
-0.667933
1.93485
-1.26692
0.973934
-2.36667
-1.50181
0.999536
-1.78942
-1.74239
0.896871
0.999689
-2.34367
0.877982
-1.23833
-0.195292
1.43362
1.41954
-2.40982
-0.851024
0.350002
1.03192
-1.68629
1.16629
-2.66811
0.745693
1.62553
-1.4187
0.041416
1.18941
1.2814
0.605104
-2.11895
1.40038
0.718564
-0.0162147
0.210859
0.901588
1.26795
0.866126
-1.84116
0.97503
-1.49883
1.57636
0.194067
-0.810683
1.81022
-0.217294
0.737656
-0.701447
-1.52245
2.2239
1.29345
1.13777
-0.586884
0.149118
-1.33079
1.88251
-0.601106
0.636234
0.99335
-1.62958
1.5861
-2.62485
2.7524
-1.57135
-1.19058
1.93446
-1.21457
-0.695068
1.36974
-2.4116
-0.0557992
-0.941591
-0.763381
1.03254
-1.59701
0.564469
-1.58242
1.08017
-1.46414
-0.970395
-0.0158253
0.382744
0.182743
0.818668
0.710472
-1.65206
-1.48598
0.453115
-0.614977
1.53667
1.06202
-0.836212
-1.05709
0.926667
1.33236
-2.64651
0.71006
0.791776
0.0103127
-1.13334
-0.702598
0.164174
-0.0049053
1.33744
0.652176
-0.908797
1.61512
-0.152131
1.0383
-1.31875
0.819868
-1.7433
-0.709492
-0.834542
0.00424597
-0.903981
0.744274
0.522571
1.00333
-1.5259
-0.653753
-0.801684
-0.189277
0.19603
0.888395
-1.84559
0.0553879
0.478176
1.19133
-0.123024
0.0858256
0.0371984
-0.0342944
0.593678
0.945995
1.94254
2.49008
-1.51932
-0.616982
1.60888
-1.15847
0.394727
0.867961
1.46834
0.0183612
1.60274
2.60192
-0.924863
-1.44181
0.00719047
-0.0664663
0.0592759
-1.34828
-0.12934
-0.179593
0.477969
-0.42584
1.49677
-0.14486
0.370682
-0.667393
0.296711
0.0339413
-0.0279035
0.0494072
0.0425716
0.675618
0.825972
-0.216297
1.77643
1.49469
-0.678173
0.270769
-0.450123
0.0897072
-0.135676
-0.613089
1.49107
0.88144
0.265975
-0.572951
2.05256
1.42222
2.41084
-1.53113
-0.840175
-0.504667
1.69408
0.934052
1.47777
-2.28201
-0.991554
0.924024
-1.23383
0.309808
0.0236551
-0.0912121
0.0624935
0.774981
1.2883
-0.463759
-0.824536
-0.159439
-1.34485
-0.163686
-1.07356
0.688561
1.18001
-0.0379698
-1.5063
-0.165467
-0.0381482
-0.0964711
0.134619
0.64998
-0.615547
1.56872
-0.953169
1.48979
-1.13753
-0.352258
1.09808
-0.0314521
1.36298
0.958952
0.671313
-0.895021
-1.46652
-0.550875
-0.496646
1.04752
0.0135524
1.21205
-0.584057
0.16402
0.420037
2.6867
-1.4464
-1.19649
-1.08043
-0.988492
-0.422426
1.41092
0.0190651
-0.957147
-0.126636
0.526313
-1.80596
1.4344
-0.375795
-1.0195
1.23036
-0.122496
0.0956817
-0.232793
-1.56408
0.948533
-0.327296
0.478609
0.059118
2.52358
-1.2116
-1.31198
0.648996
-1.14721
1.61351
0.0505076
-1.20098
1.15047
1.13174
1.01849
0.0516697
1.50911
-1.04557
-1.05796
-0.148735
0.0796734
-1.6109
0.494257
-0.0524426
-0.664906
0.0832706
1.48184
1.04174
-1.06584
1.6269
-0.56106
1.1329
-0.679204
0.212701
-1.56723
0.919012
-1.46878
0.549771
0.296869
-1.69301
-0.876177
1.50713
-0.802744
1.84171
0.414157
-0.209587
0.00807858
-0.00807858
0.177326
-1.17999
-0.96405
0.689644
-0.315368
-1.42561
-1.22076
1.2511
1.38989
0.113972
0.181469
-1.16078
1.74172
1.20014
-1.80125
-2.43387
0.992063
0.0845512
-0.3023
-0.244016
1.12335
0.283972
-0.927018
0.60099
-1.44162
2.50383
-0.154052
0.069963
1.1603
-0.0146995
-0.514791
-1.1984
-0.618961
1.8191
-0.0502307
-1.59679
0.687996
0.0180365
0.984514
-0.252534
0.031443
0.221091
1.18627
-0.116625
0.105986
-0.627093
-0.0164189
0.0164189
-0.774034
-0.0241513
-1.71755
0.883007
0.047249
-0.0428917
-1.47492
-0.0373405
-0.22273
-0.139588
-0.0620535
0.0512563
1.47222
-0.632461
-0.12514
-0.454908
0.874448
-1.09878
-0.298258
0.0122217
0.286036
-0.0947255
-0.114662
-0.0920998
-0.0204765
-0.710732
1.50271
-0.744675
-0.271672
0.533297
1.32563
1.15055
0.605466
-0.234784
-0.120819
0.859131
-0.86072
2.21392
-0.761242
-1.38247
2.14371
-0.877363
0.582383
-0.0773386
-0.0684753
-0.0864318
-2.658
-0.131818
1.05998
0.243592
-1.30357
-1.5494
0.0842612
0.745891
-0.184161
0.0936733
0.434797
-0.936681
-0.686114
-1.79022
0.184994
-0.100443
-0.0985052
-1.45851
0.521831
-1.48572
1.54783
0.094067
1.15761
1.21363
-2.37125
-0.130057
0.159222
0.735575
-0.0516794
-0.103935
-0.889358
0.45821
-1.26438
0.200248
0.931175
-0.304874
0.401
1.06041
1.18007
-2.24048
-0.1083
-0.501267
1.17972
0.876652
-0.898413
-0.94718
-0.0990243
-0.447013
-0.0410849
0.90794
0.079525
-0.23491
-0.348319
-0.873606
-0.171302
-0.0847642
-0.17803
0.128208
0.00709733
1.12276
-0.0917364
-0.755635
0.962445
-0.249215
1.3859
0.48769
0.930172
-0.832996
0.138349
0.978596
-1.71004
-1.18463
2.2549
-0.0047686
-0.0257657
-0.175053
1.11743
-2.30207
1.43662
-0.976578
0.699282
-0.135409
0.392849
-0.756544
-0.527649
-0.149344
0.0613938
-0.947527
1.42287
0.407497
-1.39599
-1.66715
1.10609
1.82287
-0.844382
-0.978488
0.82973
-0.190028
0.210525
0.412791
-0.623316
-1.04418
0.493308
-0.718615
1.83162
0.285934
1.33475
-2.40306
1.06831
0.775196
-0.561451
0.00840975
-0.14579
0.857743
-0.155703
-0.515425
1.44926
-0.933833
1.07026
-1.42568
0.355425
-1.0736
-0.742145
1.79908
-0.811254
1.20421
-2.41335
1.16393
-0.50223
-1.30654
1.78528
0.20337
0.337815
1.37289
0.325731
0.998183
-1.32391
-0.451946
0.188865
0.627149
-1.02955
-0.777067
-0.773465
1.55053
0.489098
-0.907441
-0.167648
0.00266158
0.164987
-0.466264
2.16117
-1.5831
-1.8524
1.26911
1.25073
0.00841392
0.599998
-1.80915
-0.367467
0.114933
-0.0451926
-1.42291
0.414716
-0.645356
-0.407725
-1.28893
-1.65743
0.524086
-0.458939
-0.25953
-0.356863
0.876614
1.06783
-0.11131
1.17129
-1.44421
2.60183
1.17239
-1.22007
-0.0229916
0.462279
-0.708032
-0.441349
1.14938
-0.0397171
-0.045005
1.60363
-0.424285
-0.0533703
0.000888811
1.02976
-1.17748
-0.0649745
-1.38319
-1.29035
0.298188
0.219643
-1.23915
-1.07849
1.80708
2.41784
0.125992
-2.39038
1.30404
0.629356
0.973751
-0.149156
-0.351866
-2.39623
0.863541
0.290748
0.937806
0.25299
-0.688762
1.79485
-0.0138868
-0.0112036
0.0250904
1.28909
-1.23858
-1.10167
-0.0126963
0.453269
0.314368
1.54461
0.435879
-0.77465
0.0616538
0.851904
-1.47305
-0.958123
0.600664
-1.12538
0.706795
1.12403
-1.45699
1.5786
-1.03094
-0.959566
1.70566
0.404077
-1.0781
-1.85911
0.867559
-0.0752047
-0.660157
0.312544
-0.260758
1.06176
-0.266209
0.0499683
-0.105691
1.16875
-2.34004
0.953828
-0.407141
0.548896
-1.91323
-0.944453
1.41794
-0.0703617
-1.17581
-1.33139
0.235285
-0.0320585
1.7742
0.0372372
-1.38429
1.52395
-0.139659
0.537282
1.46824
-2.00553
-1.22161
0.914871
-1.08096
-0.381836
1.4628
0.564293
-0.710594
1.31042
1.41527
-0.893443
-1.58943
0.0180767
0.698603
-1.98603
-1.2446
1.26026
-1.83455
0.574298
1.2749
-0.97086
-0.0684333
1.03929
-0.327887
0.482008
-0.154455
-0.327554
-0.560677
0.21293
0.0294232
1.66036
-1.029
1.83083
0.585179
-0.197938
-0.387241
0.183074
0.317359
-0.466303
-0.253719
-0.370245
1.09615
0.0886748
-1.10475
-1.10427
0.961751
-0.259017
-0.702734
-0.0660825
-0.031676
-1.88007
-0.5583
0.844757
-1.15361
-0.165732
-1.31229
-1.25396
1.13593
-0.58668
-1.25307
-0.660353
-0.119507
0.376704
-0.923275
-1.14134
0.502122
1.94714
-1.34714
-0.751994
0.281593
0.396961
0.665671
1.01108
1.65917
0.923454
-1.0365
-0.890711
0.55589
-0.829741
1.35864
2.28109
-1.22068
1.05404
0.17936
0.358855
-0.37845
0.0195953
0.0166295
-0.00347414
1.10393
-1.34107
-0.838129
1.08374
-0.701665
0.859682
0.243799
0.114615
-0.591526
-1.01415
-0.066539
1.08068
1.4716
-1.66053
0.188931
-2.26406
1.03973
0.189188
-0.487562
1.16863
-0.685907
0.100562
0.00349245
1.36059
-1.24314
-0.117446
-1.20787
0.134318
-0.328857
-1.15997
0.223465
-0.437574
0.214108
0.427108
-0.404817
0.231363
0.17041
-0.304778
0.644017
-1.48031
-0.443486
0.853645
0.513729
0.203619
-0.0205944
-0.614076
1.15
1.1049
0.950463
-1.38091
-0.0292409
0.0832778
-0.0832778
0.54993
-0.36529
-1.08705
0.830875
-1.27222
-0.0275247
-0.300763
1.07411
-0.0249394
-0.18482
-1.24086
1.51921
-2.20554
0.00605365
0.94331
-0.170666
0.526006
1.0574
-0.326657
0.353259
-0.0266012
0.959023
-0.0517431
-0.90728
-1.08559
0.351481
-1.89719
1.54571
-0.211212
-1.05369
1.13518
-0.0814968
0.515945
-1.59691
-0.932049
0.0474399
-1.29727
0.0329798
-1.23268
1.20554
-1.37903
1.29906
0.0799684
0.0999593
0.314197
0.444989
-1.89152
1.16399
-2.28961
1.12563
0.0296269
0.00059097
-0.275187
-1.07865
0.442842
-1.52231
0.143872
0.867063
1.0893
-1.95636
-0.426672
0.776139
0.125617
-0.0362729
-0.0893444
0.196031
-0.196031
1.39704
0.243934
1.70615
1.5579
0.435482
-0.898177
0.0219113
0.196197
0.584639
-1.42245
2.40697
-0.134578
1.60617
-1.59157
-0.445213
-0.451661
0.462306
-0.652165
-0.691942
0.26143
0.430512
-1.22693
1.29094
-0.0640039
0.572803
-1.32935
1.05554
-2.06285
1.00731
1.46711
-0.12021
0.19983
-1.40706
-0.0288789
-0.518477
-1.09564
1.18478
-1.35491
0.0213252
0.751204
0.114541
-0.92187
-0.622318
0.0927802
-0.0686223
0.314163
-0.118133
0.884338
0.582771
-0.185441
0.19317
-1.50798
-1.50771
1.5378
-1.51438
-0.925744
1.77995
1.34598
0.924558
-0.183903
1.65326
0.395419
1.05054
0.194305
-0.0239972
-0.34882
-1.13558
-0.133653
-1.24954
-0.957052
0.00226873
-0.00226873
0.711647
-0.240589
0.945417
-1.72248
0.002715
-1.91828
-0.00964079
0.00964079
-1.23224
1.59619
-1.24077
-0.0188628
0.0188628
0.393044
1.22945
-0.0134409
0.427578
-0.0279773
0.0279773
0.723119
-0.0302794
0.0302794
0.0557134
1.25026
-1.30597
-0.205331
-0.0376287
0.0376287
0.209975
-0.0741759
0.0412006
0.0329753
0.0303073
-1.16608
0.77704
-1.54841
-0.472497
0.0376672
-0.0376672
-1.63691
-0.577792
-0.355722
-0.354372
1.02682
-0.67245
-1.24784
0.0427847
-0.0427847
-0.058061
-0.0644351
-0.0361744
0.0361744
-0.483721
-0.480754
-0.0607165
0.0607165
-2.13741
-0.838146
-0.0377173
0.0377173
0.335706
0.871727
-0.0547513
0.0547513
-0.0352165
0.0352165
-0.718915
-0.0520693
0.0520693
-0.0350911
0.0350911
-0.624006
0.850941
-0.0518429
0.0518429
-0.530876
0.132891
1.43031
-0.765496
-0.0309046
0.0309046
-0.0474745
0.0474745
-1.33735
-0.167406
-0.688923
-0.583301
-0.0420513
0.0420513
0.606143
0.0924469
-1.34515
2.18754
-1.66123
0.133548
-0.17549
0.0419418
-0.186603
-1.38063
0.0685569
-1.04328
1.3216
0.546043
0.0369435
-1.9558
1.05853
0.116745
-0.101426
-0.0153193
0.0398142
-0.0398142
0.0133995
0.0802418
-1.25605
-0.482804
0.222444
0.0260554
-0.01374
0.01374
-0.00594839
0.00594839
0.000374562
-0.000374562
0.00594049
-0.00594049
0.0100925
-0.0100925
1.54226
0.0156378
0.0133965
-0.0133965
-0.0195766
0.0195766
0.0871334
-0.0440763
0.0440763
0.278997
-0.0321531
-1.25743
1.17987
-1.97437
0.679009
0.944146
0.0195821
-0.0195821
-0.0488576
0.0488576
0.0190958
-0.0190958
0.469497
-0.454027
-0.0406309
0.0794337
0.0194448
-0.0194448
-1.34156
0.0320485
-0.0320485
0.621685
1.32331
-0.489094
-0.322655
0.900668
0.0190952
-0.0190952
-0.038579
0.038579
0.0215026
-0.0215026
-1.36191
0.588441
0.421971
-0.309256
-0.112715
-0.00172988
-1.29392
0.195141
-0.0406284
0.0406284
-0.267649
1.34156
0.166294
-1.16665
0.0110323
-0.0110323
-1.54004
-0.0423148
0.0423148
2.29331
-1.95221
-0.00851774
0.00851774
-0.0417845
0.0417845
0.155644
-0.155644
1.01038
-1.84192
-0.00684226
0.00684226
-0.0423755
0.0423755
-0.546558
0.962908
-0.416351
0.938331
-1.71522
-0.437571
-0.394639
0.83221
-1.25869
-0.0461856
0.601495
0.889575
0.0066124
-0.0066124
-0.0175415
0.0175415
-0.034343
0.034343
0.811184
-1.59946
0.908067
-2.33052
-1.42076
1.42076
0.664957
-1.29248
-0.634442
0.434836
1.74339
0.00834228
-0.00834228
-0.0447087
0.0447087
-0.995731
-0.488838
0.00963141
-0.00963141
-0.0494207
0.0494207
0.490173
-0.56271
-0.210199
0.251144
-0.0517788
0.0517788
0.0126702
-0.0126702
-1.64353
0.769925
-2.05509
0.90788
0.00630804
-0.00630804
-0.520365
0.281432
-0.0587837
0.0587837
0.024013
-0.024013
-0.0464359
0.0464359
0.0271
-0.0271
-1.18577
1.00175
-1.3025
0.00589319
0.833461
-1.49837
-0.0446215
0.0446215
0.051685
-0.051685
-0.0853916
0.0853916
0.0187536
-0.265296
0.523682
0.031829
-0.031829
-0.0782078
0.373431
-0.0474747
0.0474747
-0.406798
0.751193
1.46273
0.05914
-0.90244
0.0491618
-0.0491618
-0.0489182
0.0489182
-1.24848
1.20329
-0.702383
-0.529984
1.23237
-1.41694
-1.13659
0.779135
0.113308
-0.439419
0.326111
0.0522048
-0.0522048
0.00281559
-0.00281559
-0.0448633
0.0448633
0.430962
0.29178
-0.171852
0.258224
-0.61686
0.358636
-0.290526
0.326499
0.232789
-0.0894332
-0.143356
0.11467
-0.11467
-1.40709
1.40709
-0.0448298
0.0448298
0.519658
-0.449027
-0.439584
0.0994305
-1.13114
-0.0501333
0.0501333
0.0896831
-0.0896831
-0.14779
0.0677246
-0.890426
1.63308
-0.0575026
-1.19034
0.905875
0.0454864
-0.0454864
-0.0344991
0.0512856
-0.0512856
1.5388
0.972342
-0.572045
-0.246491
-0.539119
0.359526
0.34286
-0.383945
-0.0878363
-0.128843
-0.524692
0.653535
-1.80991
1.10731
0.0355342
-0.0355342
0.313633
0.835514
-0.0555061
0.0555061
-0.743122
0.853849
-1.00843
-0.121465
0.0510777
-1.23684
0.0244736
-0.0244736
-0.0569209
0.0569209
-0.0575868
0.0575868
-0.0659965
0.0659965
-0.0610913
0.0610913
-0.0637528
0.0637528
-0.0618845
0.0618845
0.215626
-0.231259
0.0559342
-0.0635815
0.0635815
0.886663
0.0762836
-0.0762836
-0.415087
0.435694
0.237357
0.0115833
-0.0115833
0.966511
-1.76522
0.652092
-0.0337255
-0.0196449
-0.109597
-0.352652
0.462249
-0.00168047
0.00168047
0.459006
-0.0132165
0.0132165
-0.0204823
-0.0212853
0.0212853
1.36292
0.909275
-0.320856
-0.0221741
0.0221741
0.0761142
0.0669275
0.451702
-0.119294
-0.332408
0.0167934
-0.0167934
-0.126757
-1.05323
0.131092
-0.291316
0.562906
-0.591785
-0.940646
-0.116443
0.713109
-0.136299
0.484497
0.119201
-1.10159
-0.94794
-0.503893
0.041422
0.0687948
0.0148983
0.885186
0.224699
-0.00746114
-0.129079
1.123
1.18983
0.0706762
-1.26051
0.745697
-0.199654
0.224274
0.954683
-0.84258
-0.112103
0.484009
-0.0696685
-0.0315396
-1.37076
0.964573
0.406187
-1.42036
0.787687
-1.01709
-1.74855
-0.140274
1.88882
1.42512
-1.98049
-0.850653
-0.898089
-0.929196
-1.35002
0.00895424
0.0658869
-0.0658869
0.141587
-0.374739
0.575801
0.197451
-0.220079
0.490848
-0.00727314
0.00727314
-0.176245
-0.820426
-0.0703916
-0.957536
0.789033
-0.0659141
0.39461
-0.338638
0.739346
-1.41752
-0.310673
-0.044888
0.662658
-0.608451
-0.339489
-0.817009
-0.187449
-0.341493
-0.0923356
1.82482
1.30641
-0.0561523
-0.00344261
-0.423763
-1.38655
0.616377
-0.10531
-1.0689
1.73121
1.37157
-0.119629
-0.122761
-1.62072
-1.32839
0.241338
0.104658
-0.012531
2.68565
-1.5351
0.1125
0.00211527
1.27302
0.27105
-0.598077
0.238916
-1.10589
-1.12359
0.68849
-0.330005
-0.79883
-0.429977
-0.572677
-0.0846567
0.0846567
0.0128685
-0.0128685
-1.06211
0.131995
-0.497856
0.365862
-0.581157
1.37366
-0.661766
-0.873569
0.522014
-0.0634656
-0.87148
0.23873
-0.288638
0.609398
-2.29
1.74132
0.548679
-1.10461
1.03617
0.889301
-0.290597
-0.598705
-1.1173
-0.168143
0.0289169
1.02116
-0.90936
1.6864
1.16142
-0.336831
0.901124
-0.155667
0.0799813
0.992979
-0.311928
-1.01205
1.01205
-1.25153
0.240197
-0.126316
-0.113881
0.715331
-0.24586
-0.395024
0.222333
-1.50663
1.53796
0.035097
-0.397709
0.86273
-0.916456
0.0537264
-1.60642
-0.448772
-0.0891083
0.0374676
0.87148
0.723479
-1.26154
0.538064
0.184846
0.000568559
0.295935
1.12004
-1.41598
0.707377
0.12967
-0.603838
0.262345
0.329435
-0.160113
0.19868
0.00304027
-0.618566
0.606312
-1.22915
0.335186
2.18721
-1.45163
0.147106
0.18955
-0.195372
0.00582126
0.222651
-0.517555
0.294904
0.214053
0.0976312
-0.0976312
-0.251525
0.677445
0.689647
1.10662
-1.10662
0.137515
0.0540244
0.123856
-0.56235
1.07108
-0.188855
0.618597
0.351591
-0.122874
2.26319
-0.920452
-1.03042
0.135396
-0.113213
-0.287347
0.400561
0.25925
-0.4548
-0.47623
-0.0387817
-1.14431
-0.0223336
1.19075
-0.495379
0.939077
-0.443699
0.334553
-0.0936415
0.972389
-0.133143
-0.0228328
0.756657
-1.81462
0.974346
0.890356
0.0839905
0.926729
-0.958005
-0.45403
-0.0334989
-0.277174
0.968545
-0.884984
-0.0835611
-0.159548
-0.238456
-0.112192
-1.77521
0.526574
-0.135034
0.482367
-0.000359031
-1.2856
2.14914
0.00481719
-0.10233
0.14417
0.806439
-0.858182
-0.013127
0.013127
-1.52623
0.420119
-0.107395
1.9923
-0.494797
0.69615
-0.114198
-0.00379635
0.073086
0.474505
0.0808244
0.132119
-0.0761695
0.24351
-0.125385
-0.186808
0.312193
0.0334059
-0.0334059
0.118877
-0.118877
-0.769138
1.70747
0.716712
-1.96773
-0.0176452
0.0176452
0.958005
-0.565389
0.244615
0.0250279
-0.912101
0.887073
-0.269884
-0.115833
-0.375982
-0.636402
0.328679
0.29443
0.366662
0.633704
-0.463074
0.881616
-0.0085026
0.0085026
-1.72578
2.1212
-0.101631
0.101631
-0.0260174
-0.176256
0.468327
-0.292071
-1.10888
-0.168075
-0.560613
-1.12951
-0.174057
0.638434
-0.742837
0.42712
0.463204
0.069989
0.576093
-0.59657
-0.312102
0.496124
-0.184023
0.589197
-1.34118
0.182707
1.58589
-0.726758
-0.250934
-0.263237
0.514171
-0.246312
0.661028
0.00756625
0.0791878
-0.0867541
-1.26094
-0.387163
0.264903
0.588203
0.118316
0.0200327
-0.8776
0.369525
0.0181982
0.34988
-0.584666
0.112521
-0.192508
-0.327857
-2.13033
-0.805169
1.35082
0.255357
0.0103721
-0.0103721
-0.108642
-0.911706
0.00926613
-0.00493118
0.68882
-1.31036
-0.0435644
0.198462
-0.154898
-0.0872655
0.0872655
2.01979
-0.352475
-1.66731
0.635062
-0.293224
-0.83638
0.391167
0.201683
-0.243302
0.378928
-0.108003
0.293679
-1.40256
-0.788553
-0.0261006
-0.994347
-0.140675
2.26579
-0.0237079
-0.0150463
0.0387542
-0.463989
0.290236
0.165399
0.959866
-1.729
0.310527
-0.209251
-0.28786
-1.25396
0.732085
0.364062
0.0929432
-0.0929432
0.810332
0.228961
-0.499913
0.219728
0.201181
0.161356
1.38091
-0.207838
-0.484104
-0.186808
1.38909
-0.817425
1.57408
2.24896
0.106466
0.135549
0.292062
1.71013
-0.779957
-1.37395
1.37423
-1.60307
-0.984231
-0.477975
-0.447768
0.17896
0.268807
1.44111
-0.106183
0.0897226
-0.997003
-0.0701775
-0.149195
0.533151
-0.0725296
-1.54512
0.164494
0.989801
-0.0781336
-0.830744
0.166486
2.14172
-1.00998
0.589934
-0.855596
0.350112
0.112167
2.08988
-0.0525258
-0.28031
-0.478105
0.680801
0.587135
-0.540676
0.150023
0.273267
0.905107
-0.245035
-0.214109
0.459144
1.12761
0.664036
1.66094
0.480264
-0.0495868
-0.0344991
-0.134683
-0.237436
0.372119
0.321874
-1.29143
-0.998186
0.0499683
-0.19003
0.545973
1.11183
-0.60971
-0.94542
0.00898913
-0.0538833
0.198509
-0.510098
1.21754
-0.119939
0.119796
0.232409
0.457068
-0.684127
0.610027
-0.348597
-0.339352
-0.12313
0.462482
-0.913586
-1.04277
0.039304
-0.0156293
-0.411613
0.385595
0.837049
-1.59832
0.761271
0.557257
-0.209092
-0.348165
0.970833
-0.484896
-1.00028
1.2874
-0.0685732
-0.0346287
-0.0396147
-0.372995
-0.151494
0.392047
0.310103
-0.361281
-0.26301
-0.0747758
0.337786
1.328
0.139727
-0.139727
0.605105
-0.114006
-1.47757
-0.112674
-0.265776
0.752832
-0.417126
-0.182657
-0.405649
-0.0116097
0.0116097
-0.241196
-0.138557
0.379754
-0.463604
0.262689
-0.00911447
-0.163125
-0.276313
0.532483
-0.875542
-0.642893
1.72496
-1.78076
0.0477295
-1.01406
-1.20182
2.30069
-1.61104
-0.192015
-0.318083
-0.275917
-0.213554
-0.638827
1.27253
-0.344416
-0.290602
-0.237608
-0.259696
0.497305
-0.279495
0.468684
-1.21895
1.0083
-1.95372
-0.0655279
0.108099
-0.000556894
-0.447707
-0.071154
0.70051
-0.322617
-0.111088
-0.173752
-0.196808
0.37056
-0.373402
0.671848
-0.0129419
0.0264943
0.196042
-0.166942
1.50733
0.00149282
-0.433916
0.959721
-0.525804
-0.0369029
0.448008
-0.411105
-0.264063
0.0212446
-0.0091703
0.598019
-1.37267
-0.0308374
-0.405638
0.638047
0.38739
-0.285812
-0.101578
0.950502
-0.950502
-0.00154288
-0.00251576
-0.163058
0.147738
1.20169
-0.0350453
0.0245077
0.0105376
0.202799
1.60121
-0.790023
-0.755407
0.0171709
0.436382
1.32083
-0.590552
1.55042
0.00250084
0.902229
0.93948
-1.60268
-0.209209
-0.0374043
0.0130816
0.0243227
-0.0374386
0.00268197
-0.339504
0.259247
0.000125393
-0.159509
-0.294339
-0.0426573
0.0426573
-0.204842
-0.228916
0.433759
0.225897
-0.276128
1.30297
0.000226456
0.00285322
-0.895142
-0.25383
0.216489
0.299387
-0.414049
0.234966
-0.821143
1.5764
0.0340695
-0.437104
-0.60708
0.000229444
-0.163287
-0.399666
0.0663153
-0.097855
0.266078
-2.00298
0.480483
0.699239
-0.324547
0.247208
-0.0468407
0.364199
0.639457
-0.189239
0.295222
0.422298
-0.71752
0.0980201
-0.0389021
-0.442977
1.32598
-0.882943
-0.460162
0.896042
0.514345
-0.0943079
-0.189316
0.624152
0.941716
-0.484248
-0.743223
1.4285
0.326139
-0.630917
-0.0440719
-0.258228
-0.038089
0.321325
0.289596
-0.423563
1.37292
0.860342
0.845321
0.0283455
0.747701
-0.446687
-0.301014
0.328382
-0.191348
1.76917
-1.34205
0.342451
-0.446386
0.738665
0.968803
-0.466927
-1.29381
0.0919919
-0.00426211
0.223653
0.244472
0.00851771
0.0382144
0.0123155
0.549482
0.00779157
0.00632296
0.00556593
-0.00356581
0.00415205
-1.32876
1.89941
-0.368036
5.48297e-06
-0.552514
0.995355
1.22363
-2.08756
0.863929
-0.00163977
0.0478386
-0.000486251
0.463931
-0.653247
-0.0140784
0.0140784
0.0952754
-0.00944981
-1.01109
1.58389
-0.00251576
-0.258607
0.689119
0.000349041
-0.683952
-0.505444
0.356709
0.113643
-0.000349608
-0.81177
-0.230259
-0.00653045
-1.29845
0.0713954
-0.304189
0.00240739
-1.34863
0.295398
0.190677
-0.287984
0.755631
-1.5674
-1.06239
0.196611
-0.132526
0.132526
-0.00204937
-0.0627405
0.00203504
-0.169526
0.175688
0.0570088
1.71242
0.454945
-1.55658
1.82685
-0.00168647
0.306079
-0.028952
-1.13713
0.00701044
-0.0811864
-0.141842
0.631047
-0.538267
-0.15735
-0.421348
0.283572
-0.115951
-1.1401
0.807309
0.000530303
0.127853
0.477612
0.875802
1.58401
-0.68334
1.13648
-1.0854
0.632929
0.3335
0.386501
0.45378
0.337404
-0.269343
0.244403
1.3215
0.0195662
-0.720559
-0.417587
0.174407
-0.203648
1.16897
-0.489068
0.137203
0.47292
-0.249455
0.335146
0.299917
2.23193
0.135474
-0.135559
-0.0399315
-0.0022097
0.266625
0.0731065
-0.339731
-1.08814
-0.724514
-0.902444
0.120058
-0.049557
-0.0705011
0.491777
-0.908127
-0.000114011
-0.841416
-1.48383
-0.0403873
-0.24147
0.167216
0.148866
-0.0023581
0.0030388
-1.30629
-0.00398774
0.318224
-0.408079
-1.11742
-0.60692
0.473777
1.48104
0.512689
-1.1224
0.57002
0.788618
-0.554692
0.154531
-0.0406845
-0.0409745
1.45487
-0.490294
-1.01692
0.412695
-0.106432
-0.993985
-0.36407
0.29167
0.0655675
-0.0280999
0.00181441
0.024585
0.94331
1.00383
0.540729
0.694224
-0.733292
-0.684228
-1.13975
-0.652147
0.913957
-0.446747
-0.356652
-0.202717
-0.333864
0.471014
-1.13761
-1.77881
0.0663877
-0.252978
0.301033
-0.0480547
-1.35359
-0.914305
0.00304302
1.46716
0.00405486
-0.372904
-1.43858
-0.374236
0.254942
-0.343934
0.353207
-0.470087
0.11688
0.181937
3.34895e-05
0.3537
0.408283
-0.137556
1.85552
-1.70804
-0.679263
-0.143126
-1.36229
-0.018618
0.188542
-0.119985
0.0506929
0.950998
0.110673
0.033825
-0.0154638
-0.0697588
1.4837
-0.913684
-0.00464689
-0.818264
0.0791675
-0.0201656
-0.0590019
1.58687
-0.831235
-0.562304
-0.38907
-0.212309
0.601379
-0.539585
0.170959
-0.576597
-0.00995217
-0.00422048
0.421168
-0.603825
1.20691
0.463807
0.00211379
-0.174234
-0.432687
1.69709
-0.908962
-0.340782
0.189536
-0.0110607
0.170669
-0.0394756
0.425486
-0.324924
1.41248
-0.629686
-0.324141
0.520774
-0.196633
0.285657
0.35836
-0.764241
-0.557143
-0.000665861
-1.13886
0.638945
0.288045
-0.37324
-0.0128902
0.723245
0.624174
-1.34742
0.00186833
-0.372961
0.263364
-0.001697
-0.225923
-0.419434
0.0400063
-0.418053
-0.559658
0.32205
0.101297
-0.0132638
-1.35334
0.304857
0.569237
0.599391
-0.011536
0.0883821
-0.654525
0.404886
-0.0080688
-1.12195
-0.151969
-0.577925
0.460892
-0.581158
0.37164
-0.500386
0.182303
-0.696106
1.23417
2.01045
-1.09558
0.036558
0.823155
-0.754361
0.639611
0.0853777
0.12504
-0.170885
1.18901
0.439612
-0.371888
-0.0153958
0.35536
1.01632
0.743741
-1.09902
-1.03182
1.09482
0.42211
-0.0912735
-1.24777
-0.444665
-0.526922
2.26824
0.911231
-0.488933
0.0141364
0.317158
-0.471612
-0.31818
0.0357527
-0.382541
0.539478
0.258501
-0.608858
0.350358
-0.0925418
-1.16142
-1.34706
0.125299
0.0711613
-0.592
0.506973
-1.16058
-0.571277
1.69694
-2.05668
0.172569
0.959193
-0.584089
-0.375104
-0.0697367
0.0346914
0.401049
0.0210614
-0.324148
0.521599
-0.261515
-0.125648
1.09453
1.2009
0.21037
-1.08655
-0.00741082
-0.0202166
0.103487
-1.01273
-1.11089
-0.196095
0.0935882
-0.0912301
0.791818
-0.156595
-0.261742
0.418337
0.301376
-0.172501
-0.275267
0.190873
1.23161
0.687507
0.284574
-0.00912744
-2.02629
-0.153913
0.147394
-0.161427
0.425805
-1.00329
-0.296873
0.0315767
-0.170073
0.195739
-0.0256651
-1.18451
0.717108
-0.907446
1.83862
0.0642479
0.307392
0.888828
0.260208
0.812653
-0.0105943
0.0265493
-0.0265438
-0.332247
0.0393336
-0.0396832
-0.380924
-0.677758
-0.303898
-0.105675
0.596695
0.451522
0.345149
-0.484738
-0.0779425
0.0804434
-0.507259
0.300939
-0.105652
0.572619
0.469631
0.012156
-0.012156
0.00518379
0.0951846
-0.087393
-0.922194
0.184761
-0.653679
0.0129745
0.000507019
0.16637
1.18011
-0.0575916
0.243242
-0.311891
0.0686485
0.52991
-0.267565
0.32087
0.0480903
0.0672078
0.0825387
-0.305343
0.311815
-0.512752
0.191896
-0.503406
-0.156579
0.457517
-0.588852
-1.69716
-1.15659
2.36865
0.636846
-0.328341
1.63996
0.429073
-0.0862128
-1.42695
0.252781
-1.22384
1.57486
-0.351019
0.0366923
-0.0366923
0.058864
-0.275586
0.216722
0.229693
-0.0879104
-0.141783
-0.2681
0.447061
-0.000182225
-0.592329
0.620891
-1.56295
1.84889
0.488582
0.570285
-1.29704
-0.0318831
0.411115
-0.300107
0.290103
-0.331693
0.00436592
0.435416
-0.384723
-0.0511439
0.0850853
-0.00594395
0.0223629
0.154599
-0.105192
-0.404788
0.296724
-0.405024
-0.618779
1.28144
-1.48218
-0.178301
-0.37639
0.32318
-0.557964
-0.0139835
0.535998
0.796843
0.00604476
0.0120954
0.534289
1.94729
0.286643
-0.683685
0.25232
-0.295212
1.49887
-0.575418
-0.431861
0.11493
-0.035257
0.244149
-0.330581
-0.0770675
0.0224718
0.0529068
-0.894322
-0.848541
1.85529
-1.00997
-0.0024964
0.550322
-0.0291763
-0.0136084
-0.0660239
1.17308
-1.10705
0.217346
0.344061
-0.163607
0.0631636
-0.411885
0.327121
2.0377
0.253544
-0.35205
0.225894
-0.351034
-0.385369
-0.177341
-0.0291762
-0.00224867
0.027339
0.850777
0.34568
-0.0578985
0.128602
0.0114325
0.0286221
0.0465073
-0.0465073
-0.298296
-0.107737
-0.163081
-0.547393
1.43258
0.0835031
-0.0528532
0.0719183
-0.0395827
-0.465852
0.334034
0.176637
-0.0346267
1.85061
-0.941331
0.067359
-0.212053
-0.225521
-0.0417943
0.0546257
-0.948162
-1.00556
0.838839
-0.719133
-0.653535
0.064503
0.273283
-0.470678
0.926767
0.0286396
0.04076
0.0347481
-1.94159
-0.0286396
-0.91635
-0.333395
0.232693
-0.0978645
0.0260061
0.33977
-1.36932
-0.570406
-0.571851
-0.105187
-0.120231
0.0816486
0.802683
-0.0231422
-0.542719
0.117084
0.26267
-0.151863
-0.043552
0.431527
-0.202805
-0.861398
0.148235
0.222325
0.36944
-0.534907
1.10324
-0.781737
0.269567
0.020536
0.611078
0.404462
-0.337535
0.00433652
-1.69697
1.60443
0.820531
-0.353926
-0.466605
-0.356551
0.0707381
0.0846834
-0.307414
-0.0979765
0.385057
0.0380958
0.833112
-0.859587
-0.404158
0.306181
0.0682194
-0.026807
-0.138177
-1.03614
0.160169
-0.187694
-0.0962991
-0.0360894
0.132388
0.00999802
-0.0466568
0.0466568
0.653752
-0.937531
0.0254299
-0.00440635
0.00440635
-0.472867
-0.312111
0.156408
0.0602778
-0.282719
0.633458
-0.338554
0.33681
-0.103107
0.0971672
0.0603193
-0.0346267
1.26124
-0.113844
-0.0494426
0.320326
-0.668491
-0.189274
0.555936
-1.43498
-0.568
0.355855
-0.108057
0.145255
0.214446
-0.595335
-0.207208
0.046676
-2.57657
-1.22523
-0.0196211
-0.457468
-0.415288
0.84625
0.0584709
0.108977
0.0317195
0.534847
0.179186
-0.199781
-0.0317195
0.0198017
-0.189086
-0.0549601
-0.743806
-0.150746
-0.707436
0.749692
0.32139
-0.0189636
0.299008
0.79396
-1.80393
0.00286679
-0.162609
0.0228038
0.356536
-0.0747569
1.65526
-1.17461
-0.406338
0.0252709
0.22999
1.37332
-0.0629573
0.893788
-0.577388
1.50195
-0.016663
-0.774015
0.640557
0.0215364
0.298399
-0.0752297
0.0890709
-0.700673
0.356257
-0.681417
0.435104
-0.529552
-0.140151
0.885523
-0.26915
-0.0921313
0.0128233
0.145602
-0.295249
-0.0150878
0.364195
-0.532266
0.356188
0.176079
0.141078
0.0220505
0.0681296
0.988715
-0.853319
1.03413
0.0569555
-0.0220505
1.6919
-0.525668
0.173016
-0.0157488
-1.0724
-1.96447
0.00492475
-0.155278
0.127381
-0.467112
-1.09267
0.172087
-0.0803973
0.51185
-0.728458
1.19209
0.0774919
-0.0195819
-0.0962516
-0.867654
1.03614
-0.160295
-0.0788612
-0.265257
-1.12073
-0.150237
-0.111099
-0.251909
0.357691
-0.582062
1.29917
-0.00495001
-0.0485301
-1.01348
0.0075522
0.122323
0.0734153
-0.129065
-0.124525
1.00662
1.82723
0.312796
0.494052
-0.0164393
1.61206
-0.668746
0.0330163
1.10758
0.442838
-0.365122
-0.547336
0.387041
-0.0824551
0.167683
-0.25836
-0.123401
-0.256855
0.273485
0.0528755
-0.00211988
0.025245
-0.27446
0.138715
0.640836
-0.0679937
-0.139915
0.387577
-0.566224
0.418435
0.387416
1.93839
-0.0129093
0.25752
-0.356545
-0.0132865
0.21672
-0.287294
-0.178198
-0.0746313
-0.0244619
-1.39856
0.0452257
0.220124
0.13458
0.334104
-1.48386
-0.414375
0.782968
-0.350146
-0.432822
0.0082659
1.19342
0.517643
-0.210255
-0.229895
0.00969703
-0.486711
-0.368885
1.79974
-0.0985478
-0.201288
-0.0215364
-0.0118695
0.0976
0.0679937
0.745405
-0.386973
-0.960446
-0.302431
-0.0316417
0.0014678
0.172338
0.261421
0.180632
-0.348678
0.2471
-0.282401
0.283949
-0.37608
0.652109
0.575817
-0.0210866
0.203061
-0.30939
-0.22859
-0.394663
0.256487
0.907842
-0.769558
-0.150703
-0.353707
-0.22289
0.112755
0.0498559
0.0122928
-0.88144
0.815416
0.391229
-0.840001
0.0159214
-0.0159214
-0.636998
-0.767115
0.455141
-0.131961
-0.0232104
-0.209554
1.48461
-1.27506
0.075075
-0.0766179
-0.633568
-1.08232
0.549669
-0.305054
0.6765
0.0425445
-0.40645
-0.0854555
-0.397249
0.294142
-0.0343836
0.0347326
-0.190817
0.101251
-0.447417
0.0406181
-1.69751
0.176021
-0.524619
0.0360795
0.31336
-0.32207
-0.0176662
-0.0695195
0.0758424
-0.955051
-0.308141
-0.0685495
0.0626055
-0.0106634
-0.252161
0.364173
0.124344
-0.366698
-0.0794919
1.42309
-0.769341
-1.18055
-1.13296
-0.00165599
-1.26188
1.26354
-0.0288929
0.130189
-0.141284
-0.798695
0.0948541
0.159497
-0.0469758
0.0831802
-0.0848667
-0.204579
-0.390756
-0.541649
0.0230226
-0.0201559
0.741978
-0.278171
0.302701
0.386543
-1.393
-0.204755
-0.29563
-0.432746
0.790647
-2.3197
-0.235656
-0.301717
0.00888311
-0.0994307
-0.347614
0.321191
-0.57208
1.75374
-0.714495
-0.0895693
0.272236
-0.787919
0.320992
1.03863
1.31105
-1.54721
0.0573446
-0.336553
-0.036266
-1.3563
-0.31101
1.59151
0.040988
-0.0509402
0.30491
-0.0577025
-0.27466
-1.2647
0.46508
0.660588
-0.464205
1.91758
-0.377262
0.0479118
0.11888
0.0316643
-0.120209
-0.661687
0.0895689
0.438701
0.0252709
-1.25462
0.124859
-0.0400546
0.0289939
-0.0249358
-0.0358913
-0.0207493
0.237982
-1.3669
-0.256488
1.18578
0.0104916
-0.852592
-0.189546
-0.284799
-0.624245
0.348978
-0.00935586
-0.0360857
-0.0700977
0.626336
0.0647174
-1.5033
0.405522
-0.409659
0.481953
-0.0424984
0.0480643
0.395771
-0.980848
-0.0223629
-0.00681335
0.844377
-0.0924729
1.20005
-0.0897525
0.167279
0.692053
1.24794
-1.28742
0.0618335
0.419103
-0.301342
0.260954
-0.162564
0.0886914
-0.0907408
0.0996073
-0.084709
0.0631466
0.137321
0.913855
-0.025076
0.0345314
-1.29641
0.272144
0.513534
-0.297413
-0.21612
0.443353
-1.32167
-0.00211988
0.258047
-0.112934
0.115616
0.425408
-0.100436
0.00228647
-1.06413
1.22586
0.429667
-0.0108728
-1.54039
0.436567
0.0498229
-0.15391
-0.07663
-1.16827
-0.0226734
1.19094
0.0499334
-0.207626
0.109195
0.0142878
-0.0258238
0.0340717
1.22698
0.496845
-0.138076
0.0562937
-0.267497
-0.488638
-0.141247
-0.0333441
0.0790979
-0.026133
-0.177229
-0.836835
-0.218403
0.00117184
-1.44101
0.0200607
0.0603826
-0.0560982
0.179685
-0.0164844
-0.119192
-0.224199
0.208364
-0.832588
-0.0529774
-0.0581102
-0.786615
-0.00193382
0.0377869
0.552898
-0.370596
-1.68232
2.15503
0.356624
0.0685721
1.09042
-0.0134713
-0.454595
-0.567001
0.273087
-0.253492
-0.103613
-0.0255623
0.817126
0.202714
-0.599398
-0.123853
-0.161566
0.955005
-0.42039
-0.0428301
0.0333803
0.212811
1.41344
0.00560641
0.368867
-1.41164
-0.403946
0.0124051
-0.177742
-0.654847
0.041755
-1.18224
0.385765
-0.89482
-0.381938
-0.00810299
-0.565063
-0.330382
0.113221
-0.483817
0.490022
-0.660109
-0.305728
-0.107655
-0.392805
-0.142174
0.356035
-0.224859
1.15444
-0.00526021
-1.32183
-0.407744
0.662389
0.191047
0.102416
-0.543639
-0.545165
-0.483925
0.374754
0.16945
0.0217965
-0.14032
-1.39079
0.0905217
-0.296527
0.472606
0.716238
0.348106
0.983331
0.509995
0.0750643
-0.218191
-0.144988
-0.0293937
-0.648905
0.374245
-0.0915224
0.0216136
0.0264507
-0.117571
0.543509
-0.156092
0.0994637
0.480849
-0.198758
-0.268354
0.0916108
0.036994
-1.04973
-0.0371375
-0.196059
0.62464
0.152029
-0.110757
-0.0304903
0.108888
0.0250278
0.0998308
-1.48435
0.121684
-0.194807
1.15711
-0.0256679
-0.00819111
0.676745
0.126321
0.101685
-0.123478
-1.11242
-0.0622261
-0.128513
-0.253134
0.215385
0.123798
0.060508
0.0898558
1.79584
-0.438502
-0.63726
-0.411582
0.333889
-0.0606062
-1.0121
0.613596
-0.00471534
-0.690464
0.096096
-0.275437
0.467582
-0.0262461
-0.371507
0.700185
-1.33422
0.316219
-0.886743
-0.657681
)
;

boundaryField
{
    SideWalls
    {
        type            empty;
        value           nonuniform List<scalar> 0();
    }
    Top
    {
        type            calculated;
        value           uniform 0;
    }
    Inlet
    {
        type            calculated;
        value           nonuniform List<scalar> 
18
(
-1.94444
-1.94444
-1.94444
-1.94444
-1.94444
-1.94444
-1.94444
-1.94444
-1.94444
-1.94444
-1.94444
-1.94444
-1.94444
-1.94444
-1.94444
-1.94444
-1.94444
-1.94444
)
;
    }
    Bottom
    {
        type            calculated;
        value           uniform 0;
    }
    Outlet
    {
        type            calculated;
        value           nonuniform List<scalar> 
18
(
2.17196
1.97797
2.07978
1.94864
2.01288
1.92389
1.87623
2.11851
2.13955
2.16615
2.04233
1.87995
2.06419
1.89732
1.82728
1.56142
1.87719
1.43475
)
;
    }
    Plate
    {
        type            calculated;
        value           uniform 0;
    }
}


// ************************************************************************* //
