/*--------------------------------*- C++ -*----------------------------------*\
| =========                 |                                                 |
| \\      /  F ield         | OpenFOAM: The Open Source CFD Toolbox           |
|  \\    /   O peration     | Version:  2306                                  |
|   \\  /    A nd           | Website:  www.openfoam.com                      |
|    \\/     M anipulation  |                                                 |
\*---------------------------------------------------------------------------*/
FoamFile
{
    version     2.0;
    format      ascii;
    arch        "LSB;label=32;scalar=64";
    class       volScalarField;
    location    "4.2";
    object      p;
}
// * * * * * * * * * * * * * * * * * * * * * * * * * * * * * * * * * * * * * //

dimensions      [0 2 -2 0 0 0 0];

internalField   nonuniform List<scalar> 
5098
(
-0.777145
0.447853
0.262937
1.98649
-0.587077
2.20974
-0.0206076
-0.762363
0.243254
0.21517
-0.218195
0.785546
0.408533
2.48397
-0.394891
0.0216217
-0.128901
-0.662198
-5.11577
-0.137978
1.36796
0.0189177
0.973412
2.99977
-1.83955
2.1403
1.28409
1.45981
-5.04976
0.704778
0.651639
2.65514
1.56945
-0.0786714
-0.405543
-3.1793
1.60685
1.52781
2.39082
1.14395
1.95009
-4.58103
2.11318
0.114802
-0.255961
0.535749
-0.156508
2.6927
0.657318
2.02306
0.148121
1.79675
-6.60186
1.45555
2.21234
2.08751
1.51324
1.8677
2.66116
-0.117739
-0.174637
-0.236447
-0.430112
0.435272
-6.72904
2.51052
0.078356
0.10404
1.2509
1.77929
1.47308
-0.147816
1.28999
0.0692364
-0.0698164
2.02536
-0.00608344
2.14007
0.264606
2.02074
-0.148552
-5.44071
1.94988
-0.103582
-0.731955
0.646908
3.21516
-0.000669338
-0.963217
-0.126912
0.90448
-6.06216
0.822978
1.98735
2.40187
-0.054633
1.75996
2.19317
-0.0596401
1.29797
-0.792136
2.15022
0.0239729
0.124722
2.14694
-0.529913
1.37589
0.0196393
2.73161
-0.227596
1.88607
-4.91075
1.52676
-6.87868
1.29807
-5.18695
-4.34255
-1.583
0.0550761
2.9784
1.76095
0.106536
0.219297
-7.43828
-6.11837
-0.140553
1.37831
1.01348
2.43323
-6.72197
-3.76717
2.59298
2.56271
-1.33582
-0.448167
-1.34251
-1.69283
1.32122
2.41749
1.45178
1.79867
-0.140384
1.37616
0.267871
0.55303
0.09991
1.30638
-0.476528
-0.923286
1.15641
-2.8268
-4.35047
-0.515805
1.54889
3.24869
2.92967
1.87089
-0.711691
1.95528
-4.90207
1.46894
-0.429189
-4.35332
1.7917
-0.956123
0.492127
-0.643264
0.622464
-1.88709
1.85851
-0.0469842
2.02657
0.300488
1.46959
0.546256
0.710055
1.91004
-2.81375
1.87559
3.24545
-3.03766
-3.49133
1.75621
-1.01205
1.75804
-1.01527
2.10976
1.57706
2.00037
-9.84836
-4.81984
0.293538
1.24093
-0.0890276
0.537591
-6.3168
-4.07589
-1.49066
0.0188082
1.82425
-3.88788
1.79081
-0.273014
0.485133
1.41482
2.9273
-0.745668
2.44646
1.05169
1.2322
1.60723
1.75417
0.28224
0.509956
-0.699368
-5.0802
-0.096155
-0.307511
-5.96983
0.748279
0.837154
2.12293
0.116564
0.824724
-7.03755
1.50697
3.18342
1.37473
1.36511
0.333702
1.4669
3.05739
-4.09701
0.0343026
0.353518
0.413134
0.972752
-8.55942
-1.82385
1.74655
-6.17421
0.241995
0.140143
2.77144
1.34666
0.913844
2.43979
-0.254238
-0.134638
0.847444
0.29972
1.40871
-5.50333
-6.27295
1.61686
-9.17235
-0.4629
0.212422
2.65415
-0.0149031
-0.997309
-7.03715
-2.3456
1.30617
0.0623333
-0.364667
-4.88416
-0.257731
0.0487088
1.77116
-9.49768
-0.0792533
-4.88983
0.0557544
2.62493
0.0626088
-3.81455
-2.29535
0.74325
1.6071
-3.42832
-0.704965
-7.17479
-0.750762
-0.0901074
-0.061093
1.62262
0.10732
0.49192
0.845753
-7.52368
-5.43563
2.76084
-0.189083
1.36822
0.213347
-0.42454
0.601905
1.26347
1.56894
0.0833501
-0.775108
2.08027
1.28273
-0.346421
1.60605
-1.91272
0.700348
1.71973
-0.168354
0.94164
-5.51444
2.1686
-0.0956841
0.363374
3.23563
-1.59824
0.110812
1.08166
2.86511
0.218267
-5.35731
-1.55368
-5.54551
-0.0251701
2.42284
0.382731
1.32489
2.70484
0.0445356
1.75994
1.04284
2.42011
0.654433
1.73986
0.146218
0.649449
2.04935
1.22245
1.71964
1.33791
1.81087
0.326186
1.46487
-4.7491
-0.0107602
1.35229
-5.05584
-1.55603
0.781412
0.488333
2.80936
2.84025
-3.59
-0.120196
-2.83709
-1.17285
0.557016
2.39535
-0.173022
1.4079
1.39699
1.01945
0.0334997
0.0449777
2.65265
1.47001
0.894828
0.73399
-9.71661
2.56491
0.10058
-2.85409
-0.072916
-0.114173
-0.241202
1.7796
0.279116
0.677173
0.0237734
1.43121
-0.136541
1.6102
-0.687984
0.179107
-2.34188
-0.348488
-8.07005
1.91095
0.00565071
1.28814
0.399156
1.46595
1.89266
0.943572
-4.92923
2.05677
-6.92694
0.417429
-0.566633
-4.2226
2.80367
2.04591
1.422
-5.13851
0.407369
1.46966
-0.474496
0.259014
-0.92927
1.42576
-0.241203
-7.28244
-0.0638019
-1.7859
0.071009
1.27744
2.77049
-2.18731
0.7263
1.42338
2.13006
-0.703824
0.742395
-2.75708
-6.11571
0.0632323
-0.389981
-0.030142
1.48609
0.0820024
-4.97703
0.0220688
1.61443
-2.09593
-5.57355
0.139087
1.01384
1.12835
-6.48472
1.85965
1.72517
1.03726
-0.122612
1.17078
-1.8165
-1.89699
-0.375127
-5.04192
1.42007
-0.156615
0.975323
1.44234
-0.115059
-0.163885
0.152109
-4.82141
0.694396
1.5073
-2.98789
2.08469
0.046251
2.7722
-2.72339
1.91886
-0.42372
-7.29326
-4.61562
-0.308288
1.91017
-5.12579
0.691623
-0.0874721
-1.71905
1.26967
-7.26847
-5.34633
2.15158
-3.13645
0.786475
0.598259
-0.921294
-6.83656
1.24427
0.0453328
1.69525
0.219821
-0.509028
0.173452
1.46126
-2.90004
-0.43416
-0.5269
-6.06377
-5.81511
0.0221294
2.28427
-3.42508
2.20372
1.53459
-0.545193
0.987528
-5.17653
-0.642798
-5.00532
-3.51054
1.02415
0.801269
-4.11315
-0.378724
-6.05725
1.4246
1.55907
0.456803
0.657796
1.41786
2.86467
-5.60247
-0.537336
2.30024
-0.515438
-0.525079
2.80376
0.0435902
-3.98926
0.00253489
-3.35554
-4.08768
1.46193
0.751027
0.404115
3.1628
-1.45098
-0.120198
-0.512677
-0.351136
0.0365885
-1.73096
-6.73861
-0.128815
1.28786
0.0542075
-5.86169
1.74233
-0.121711
-0.261325
-0.309408
-0.391715
3.17133
-3.28308
-2.16327
1.71979
-0.141507
-4.64192
-0.925583
-0.17935
-3.50533
2.1878
-0.170936
-0.902061
-0.184821
-0.445416
1.70638
-4.93267
-0.00471426
-4.11539
-5.55413
0.0545772
-1.65417
-5.48318
0.837937
0.591126
-5.31226
1.33076
1.75601
3.14739
-0.254894
1.70517
2.4441
-0.915035
0.139527
-2.67644
0.638719
-0.102682
0.246213
-0.210951
0.0509488
0.985026
0.533118
-5.66362
-6.13179
2.77659
-1.42455
-0.969602
-0.321827
1.6919
1.01552
0.869492
-2.69466
-2.421
0.0460285
1.90639
0.722851
0.3645
2.59516
-0.0630278
2.46622
-1.37752
-5.28887
-0.077714
-0.0922453
-6.20501
-5.70234
2.52453
-2.77036
-2.4324
2.55721
-0.794297
-0.177953
-0.313644
2.75825
-5.22717
2.28272
0.199589
-0.0377882
0.365256
-6.8913
1.17571
-0.240875
-0.0990637
-2.18553
1.3857
1.90391
-2.35919
0.121698
1.87374
2.6638
-5.8668
1.55496
3.14237
-2.47607
0.95686
-0.729875
1.54669
2.27116
1.97683
-4.58096
1.50043
0.506796
-0.560297
1.35573
-0.331208
1.819
-0.373689
1.57128
0.980035
-0.0716473
0.0700721
0.485539
1.55089
1.95259
0.0684566
-0.453222
2.67846
1.70208
2.06276
0.179684
-0.304371
0.0673055
0.0767982
2.60955
2.80588
-3.25048
1.62972
-0.429754
-4.37892
0.0260982
1.50609
-5.3495
-4.93085
-0.54129
-0.491629
-0.232018
0.715007
-6.50927
1.64145
1.9996
-5.09101
2.05805
0.0112698
1.56761
-7.09768
-0.52138
-0.0675598
2.73456
-0.292951
-0.402137
-1.2828
-4.97165
1.40465
-0.690003
0.865144
2.53367
-0.716891
-0.958746
-3.49123
-1.76801
-5.08387
1.99514
-1.0124
2.71341
2.67135
2.50566
-1.31083
-6.50506
-4.69434
-5.31243
0.0776169
-6.05661
-4.83344
-10.6515
-1.07765
2.08417
-6.43406
1.83171
-1.73551
2.47432
1.34287
-3.73085
0.187481
-5.14986
3.08304
0.0797464
1.42089
-1.53614
-1.34073
-0.481451
-1.08222
-3.67416
1.98153
-0.442639
-0.579806
-4.77786
-7.32315
0.959603
-0.324507
-0.248462
0.0368874
0.407955
0.337135
-2.67383
1.96895
2.50301
-4.11656
1.10958
-1.46146
1.87018
-4.81939
0.11227
1.07673
-0.602399
-0.184665
-6.40731
-0.32477
-4.3941
-0.554909
1.71833
1.20634
-4.4297
-0.220461
1.03411
1.28448
-0.104181
0.617773
-2.94914
3.12755
1.1028
1.80198
0.0470307
0.696852
-6.47247
-3.74446
-0.320076
-5.04875
-0.16373
2.59126
2.22087
-0.175905
0.901016
-0.280397
2.31523
0.746467
-6.92036
-7.16379
-10.1784
-5.04734
0.0120323
0.0595285
1.62829
-1.44141
-0.22699
-4.49563
1.31358
-0.149585
-6.30549
2.07269
0.896394
2.63897
-0.463814
1.69341
2.05812
1.91527
-0.325906
1.74529
-0.255861
0.411431
0.265047
0.0759108
0.957227
-5.79522
-6.0715
-0.643001
-3.36899
0.671601
1.52446
0.485129
-6.58616
0.510376
3.21734
-0.254092
1.82239
0.0489558
2.53219
-5.44194
1.46165
-0.140794
-1.96563
2.70311
-0.126273
-4.74287
0.659481
2.79226
1.77092
-0.517406
-0.805557
-1.97761
-4.41617
-3.07839
-6.3782
1.87843
-3.64808
-7.60038
-7.12167
1.22274
0.0363959
-5.50089
-1.00558
-4.28258
1.00763
-0.0374157
1.65805
-0.631066
-5.32662
2.54734
-10.5153
-3.27493
-4.97372
0.358968
-6.58848
-7.11301
-2.98931
-0.224155
0.0382449
1.3284
-6.12353
-1.35599
-5.3675
0.195196
-0.230832
0.5041
-0.4667
-7.1135
1.39566
-0.127219
2.39624
1.91082
0.632487
2.02573
0.463104
1.34017
2.96317
2.05099
-3.3896
-0.68134
0.0624832
-0.726863
-0.73197
-2.17213
1.71897
-4.20922
2.32611
2.4189
1.60672
1.58252
-2.41383
0.831609
-2.70837
-0.0921499
2.57729
1.87021
-0.323354
-0.140166
-7.67994
-1.21497
-0.102304
-5.25567
-2.39316
-0.543042
-0.117341
-0.32357
0.645561
2.65343
1.6589
1.90179
1.70798
1.95599
0.0435707
-0.273853
-0.495507
-4.71295
0.509703
0.350076
1.35219
1.01335
2.73717
-1.2309
-0.831704
-0.000156477
1.53175
-0.139645
-0.190275
-5.57016
3.05022
1.54035
-5.82503
1.56137
-0.632261
-3.4196
1.32943
1.76378
0.903406
0.465392
0.768785
-0.116692
-0.178949
0.134935
2.5906
-1.42566
2.28669
-4.30026
-0.206189
-6.75772
1.21662
1.91418
-1.42162
0.0672121
3.0319
0.431225
1.3477
1.36442
2.81321
0.133866
1.78718
-0.271813
1.77877
0.0653841
-0.249844
2.33343
3.11969
0.43565
-0.492316
0.135991
-0.834325
-3.87992
1.66366
0.753189
-2.75236
1.53138
2.01392
1.50599
1.59069
0.179127
1.66367
2.34795
-0.96255
2.89659
1.97788
0.903773
0.00986936
-1.23484
0.0773583
1.6998
0.273647
1.71469
1.97596
1.55117
-1.64367
-1.58043
2.02899
1.12321
2.21831
-0.227329
1.468
1.81151
1.17014
2.07904
2.05332
0.009115
-0.0951949
1.61708
2.01921
-1.1589
-0.544043
-1.48068
1.98735
0.363806
1.75431
2.82773
-1.5004
2.74292
2.99567
0.0338918
-0.831019
0.0215822
3.19398
-3.86233
1.94505
2.83875
0.661903
-7.43816
0.832826
1.23303
2.96584
1.25361
1.18118
3.08128
2.24004
-0.264256
3.06489
2.52684
-1.21042
-0.2176
-4.1004
0.022909
0.428304
1.928
2.49634
-3.78928
-0.132689
0.958038
0.565551
2.1335
-3.62715
2.62172
-1.46814
-2.98519
1.38502
-2.39895
1.95967
-0.570204
1.28983
-0.454664
2.5027
1.69895
1.59752
1.69283
-3.12691
-0.196123
-0.103455
1.01256
1.04633
2.64634
1.85999
0.0180387
1.11184
0.508141
-0.608385
2.47684
-1.04863
2.06593
0.0137801
0.0639744
-0.781853
0.307079
0.867077
2.78284
-0.0876801
1.12526
-0.58809
-0.474109
2.39582
2.26429
-1.20422
2.34235
0.60033
-0.793946
0.183042
1.05699
3.14985
-0.24002
-3.02277
2.13095
-0.128554
1.69246
-7.58832
-5.46667
0.130337
-5.93148
-6.67911
0.593229
1.77443
-0.139611
-6.23327
0.013823
-0.347919
-2.28927
0.720296
2.67838
1.22835
1.06203
-0.114813
-0.132538
0.143737
1.24775
-0.581144
0.0192292
0.078697
0.00172421
0.247098
1.09757
0.562756
0.686549
1.16351
1.11798
-1.74221
-4.90286
0.306047
-0.960615
3.03253
1.01075
0.606908
-0.106363
-0.892029
-0.945446
-0.117597
-0.464493
-2.09744
-0.362432
-0.869002
1.77154
0.466431
0.0354251
1.91414
-6.79658
-0.793093
2.62433
-3.14431
-2.32235
0.586467
1.51967
-0.517547
0.377742
-1.04298
-0.0149698
-0.128674
-0.420735
1.96464
-1.8439
1.00283
0.0765798
-1.41318
-0.732782
-0.303809
1.35122
0.148216
-0.311172
2.62202
-10.3561
1.67189
-0.85928
-3.62845
-2.31082
-0.490115
-10.3266
1.63292
1.55242
1.64947
-0.239349
-5.89188
2.3313
-1.06092
-2.69794
0.00654447
-2.25544
0.0304534
-0.256845
2.37838
-11.1073
-5.07269
-0.531786
1.10758
0.978261
-3.37931
1.10279
0.132314
-0.635676
0.531519
0.947657
0.653745
0.0135346
-2.8408
2.45551
-0.272406
0.02643
0.971647
0.0112219
1.08446
-3.74875
-0.426725
-0.551261
1.15713
-0.0509501
0.0274779
0.712943
0.0116187
0.0901764
-0.406235
1.67309
-0.12916
-0.680465
1.49141
1.39152
0.0118428
0.775241
0.760548
1.55723
1.99361
1.76405
0.169326
2.68239
1.30424
-2.29499
1.15418
-4.6495
-0.114127
0.0551237
0.603597
-0.737515
2.70176
0.479942
0.401428
-0.0896428
0.685394
-0.090899
0.565198
-3.99926
1.28043
-0.0818299
1.49059
0.872272
1.55963
-5.99346
2.05305
-4.54562
1.55214
1.65907
0.495964
-0.158217
-1.5254
-0.167518
1.89966
-1.80835
-4.92777
1.86387
1.05868
-0.0462968
1.90351
1.16482
-0.825197
2.50432
-2.00767
0.289395
-1.25492
-1.3894
-0.061104
-0.284581
-0.737336
2.76164
0.0198137
0.479185
-0.352766
-0.377056
1.64432
2.02472
0.0136452
0.0306685
1.44382
-4.98987
1.48963
1.5624
-0.348379
-0.414444
1.13419
-0.199131
2.79641
-6.87968
1.21441
-0.0525076
-1.42941
2.64893
1.76281
0.365783
2.25281
-0.687749
2.06529
2.00245
-0.0722408
1.47151
1.4891
1.16742
1.50057
-1.17123
1.62926
0.0835763
0.855724
0.0100208
-5.1168
1.605
-7.41437
-5.7719
-0.133263
-0.155615
1.22331
-5.17552
1.47295
0.404098
0.749531
1.46604
1.29798
0.45832
0.196351
-0.634835
1.50657
0.915198
-5.923
-1.05246
-0.101761
1.5849
-5.13312
-3.72698
1.35598
-4.35444
2.00509
0.91682
-6.65278
-7.32158
1.80123
1.94992
-0.529814
1.31145
-5.76435
-0.84141
-4.06304
0.421957
-0.79827
-7.7872
2.9629
0.785211
-5.24081
0.025722
-0.602942
1.48217
0.91718
-1.17989
-7.98602
-0.528434
-0.542274
-6.22838
1.2059
2.48532
-0.417193
-2.03709
0.0235447
-7.76385
1.77213
2.99736
-11.0024
1.10989
1.67743
-8.0112
0.489315
2.70225
-3.87231
-1.07118
1.21172
1.3265
1.15216
-0.750995
0.892363
0.0112218
1.01886
-2.23845
0.0618096
1.60549
-0.379972
0.317271
0.939704
1.43747
0.900098
0.0748639
0.67389
1.57472
1.10777
1.44409
2.81107
-1.41753
2.63597
-0.00602564
2.58226
3.1164
-6.39689
0.204249
0.361021
1.43197
-4.69164
0.689433
0.994883
0.0471462
1.73716
2.31294
1.79649
1.84754
0.362816
1.112
-6.28083
3.05373
-5.44917
0.0955178
-0.422197
-0.821501
-8.62104
1.58427
1.83676
0.86183
1.91747
-2.42794
0.0759841
1.99467
1.52255
-0.197705
-0.485233
-0.0570904
0.0820884
0.446192
1.64031
2.93009
1.46595
2.13806
2.06118
1.75179
2.81367
0.991689
1.50747
0.134766
-0.356019
0.806934
1.21029
1.23334
3.09123
0.509472
0.820215
0.00197728
0.0696017
2.96664
0.89482
-0.453176
-2.06882
1.33558
-1.24226
-0.0768809
2.22001
1.55539
1.45933
1.66436
-1.29328
2.23266
-5.15627
1.43352
0.248088
0.196886
0.10486
2.47261
0.214073
-0.0604937
1.57792
1.53124
-0.710722
1.36117
2.54417
-0.25392
-1.978
-5.94182
-5.04398
-0.514912
-3.73676
-0.522611
1.40037
0.583276
0.0530305
1.66916
0.0792677
-0.454043
-0.983401
-4.04371
-1.44066
0.181239
-5.98735
-9.35847
1.49474
1.45492
2.15312
-0.150864
0.633143
-0.0283195
1.40161
2.42973
-2.55853
0.0274959
0.0221581
2.56105
1.17324
-0.198645
-0.852627
-5.0294
0.0356994
-0.580108
2.69824
0.023642
0.00223907
0.675549
0.584474
0.0120645
0.83419
0.227437
0.791288
-2.87784
-3.06758
0.213511
-7.36573
-0.032212
0.740659
-4.9868
1.70464
0.972168
2.87271
0.610506
2.57586
-0.764624
1.75848
-0.0558694
-0.144183
-0.920756
2.40839
-0.389167
0.34437
0.233122
-5.35274
-1.23245
0.0129426
0.0524817
-0.0652195
-0.213548
-0.0926636
0.245494
0.979488
1.90391
-4.71449
-0.243756
0.260018
-0.17004
-0.00339585
1.6816
0.337284
0.79862
-0.228702
0.00765846
2.24484
-1.79977
0.750948
0.00207117
0.0528035
-0.390926
2.20843
-1.75959
0.0011281
-0.0353843
-4.43
-0.554668
-0.0408886
2.59144
1.84803
0.0130215
-4.50915
-2.20231
1.55943
0.0370558
-0.231139
0.00820051
0.618752
-0.51712
-0.0147142
-0.687208
0.00851271
0.617145
-0.648596
1.66553
0.425037
-0.899421
0.0575411
0.554802
0.152159
-1.08944
1.62214
0.132051
-0.30776
-0.456165
-0.101878
-0.249885
-0.0212577
1.64708
-5.50874
-1.19728
-0.303252
0.00300462
-1.99102
0.0984755
-0.0370657
0.0387685
2.34112
1.0315
-4.94261
-0.00183381
-2.19642
-0.200403
-0.27001
-0.0805806
1.56335
0.929347
1.2306
1.5443
0.162052
-3.3976
-0.612628
-4.86315
-0.117317
1.77374
-0.0422482
0.61931
-7.08985
1.91359
0.0569815
1.62859
0.0209955
-0.0570223
2.08167
0.0240323
0.032468
-3.13173
2.28594
0.3141
1.36957
1.60212
-1.23982
0.0306448
1.4357
-4.90382
2.23717
-0.375612
2.18176
-1.15497
-0.0366307
-0.107724
1.63847
2.12486
-2.97529
1.31488
0.615573
-0.0918842
2.41454
0.532345
-1.70181
1.47207
-0.0141474
0.06785
-0.74636
-1.28595
0.00141664
-4.79984
0.00194032
1.33059
1.06291
-0.0394018
0.0696772
0.68407
0.0526997
1.43966
-0.217705
0.0203541
-0.874663
-0.0834922
0.0718111
-0.185524
1.35036
0.353956
0.0058768
-5.52559
1.75165
-0.0387073
-0.161048
-0.0684471
0.461418
2.56754
0.126899
0.00880745
1.21509
0.16507
-0.129344
0.0826687
-2.97268
0.150708
0.0646356
0.0269075
1.61574
0.00389379
-0.0132864
-7.82285
0.00995413
0.0400361
-0.273658
1.58564
-0.270718
0.0098458
0.460103
-0.177262
0.0573596
0.00963533
1.0674
-0.342012
0.185368
-0.856689
0.110087
0.0337417
0.0288747
0.0130233
-1.51822
-0.475778
-0.484048
0.387782
0.974172
0.103496
0.666047
0.731524
-0.00699484
0.0278481
0.715769
-0.0674564
0.020077
-0.304631
0.0315049
0.271949
-1.128
-0.715595
0.0151711
0.331969
0.150956
0.964801
0.861796
0.105566
0.339416
1.55988
0.0765248
-0.479524
0.0103994
-2.79864
2.12881
1.47074
0.135357
0.0365519
-0.0199703
0.105295
0.0383328
0.0133486
-0.281311
0.00790052
1.44216
0.256048
0.0244335
1.50207
0.112757
2.38572
-0.0231122
0.217502
0.174389
-0.0499582
2.25422
0.0118234
0.0455421
-0.89046
0.0428758
1.08341
0.558192
-0.00472669
1.52755
0.0939806
1.24735
2.09434
0.95158
0.845921
0.0340242
0.973563
0.0758679
0.310635
-3.39931
-0.655443
0.0760782
2.00951
0.531916
1.49651
0.710831
0.00445052
0.0511842
0.0854299
-0.354442
1.17825
-0.466897
0.0419672
0.00178676
0.0436311
-0.0245005
-0.233908
-2.11594
2.61777
-0.933819
-7.34249
2.44834
0.0983855
0.0426011
0.0321624
0.0515648
1.45531
0.0543971
0.0338729
-4.88391
-0.865132
-0.0628458
1.54828
0.0855423
0.0517425
-0.956389
0.00255602
0.0594338
0.00926491
0.0181577
0.0712525
1.56716
-3.40795
-0.108831
0.648804
-0.0715177
-5.00602
0.0958327
-1.35822
0.0270172
1.73031
-5.37197
1.98479
-0.105806
0.0793531
-7.00418
-0.038307
-0.186973
-0.0157958
-1.14541
-0.099717
2.47989
-0.267792
-3.11892
0.00549262
-2.5319
0.0165704
0.100447
-10.8712
0.00841409
0.0115441
-0.158718
0.0312652
0.057652
1.91264
0.409557
0.036562
0.105741
0.0177277
-4.34351
0.0915155
-3.46721
0.0172692
-0.129315
1.83028
-0.678637
1.55274
0.0314571
-0.216261
0.0288495
0.00431777
0.0165397
-4.90029
-2.52117
0.0841292
0.896391
1.38372
0.588818
0.0256236
0.0238269
0.0400583
1.83222
-0.0108622
0.227532
0.942807
0.0256834
0.023909
0.0676076
0.00649637
0.00511643
0.0796089
1.58783
0.00526077
1.24914
0.00931393
1.66267
0.0552314
1.09651
0.0119461
0.0210305
-11.4071
0.0290386
0.011867
-0.196348
-0.00132544
1.17121
0.0232871
0.520627
0.0328034
-0.0247696
0.281241
0.0538981
0.00490229
-5.52375
-7.51917
0.0237443
1.99358
1.40405
0.0409028
0.0215123
-0.833849
0.0213915
0.383834
0.10971
0.0241896
2.23781
-0.126527
0.0597839
0.0252779
-3.61888
1.54657
0.057162
0.0715127
0.0250507
-6.79672
0.164387
0.0433775
-6.76384
0.624483
1.09892
0.0633672
-0.193572
0.136894
1.4714
0.0376161
0.0221627
0.0125758
0.105589
-0.105064
0.0776036
0.0707788
0.00919316
-0.0160726
0.0205552
-0.256982
0.0123982
0.0571971
-0.208362
0.0935492
0.0434014
0.123038
2.87557
0.00721915
0.158906
0.00918929
0.0783944
0.704676
0.02539
0.120948
0.23208
0.0553783
0.0209415
0.0282495
0.011634
1.51295
0.0185297
0.0140422
0.141363
0.0245014
0.0230604
0.133033
0.00439829
1.82619
-0.0363917
-1.04802
1.28839
0.0239575
0.0322375
0.0824579
-0.0241065
-9.26016
0.0538236
0.211476
0.0331043
0.13326
0.0148705
-1.32848
1.70901
1.80601
0.0225445
0.0833322
0.0908604
0.0307982
1.49289
0.0219186
0.0423004
1.58273
0.0305991
1.57755
0.0490821
0.0337427
0.0795455
0.042263
0.00913487
1.92356
0.0222392
0.00342633
-0.251693
-0.263438
1.56042
2.28282
0.011615
-0.217585
0.0401698
0.0346371
0.00034785
1.64553
-9.46974
0.00249475
0.031009
0.112408
0.0067488
0.00720387
0.0706826
-1.84533
0.0042405
0.0318039
-0.956036
1.5115
-3.5929
0.0378767
0.00704531
0.978346
0.957751
0.0269984
0.00388267
-4.57533
-6.16394
0.0127631
0.0415141
0.000720178
0.0327385
0.00085745
-4.11557
0.013235
0.139245
0.0285462
1.47648
0.0105256
0.0762994
0.0419771
-0.116896
0.0211795
1.48578
0.11593
1.84854
-0.0599649
-5.21734
0.0428198
0.0800486
0.0448939
0.0489014
0.0913988
0.019519
0.0293628
0.0809216
0.0126602
0.0165441
0.0223418
0.0388774
0.0478217
0.0180273
1.57769
0.0458896
-0.338302
1.92146
0.0131572
0.100358
-0.746129
0.517657
0.0299705
-0.784553
0.0285638
0.0307432
-5.72036
-0.233361
0.0289812
-0.615449
0.0424172
0.0654073
0.010501
0.026197
-7.99452
-0.0605039
0.0449643
-0.977025
0.00607545
0.0337578
0.0278849
0.0404005
-0.150742
0.107707
0.0876511
0.258329
0.0138525
0.0174554
0.0538872
-0.625849
0.00640865
0.00426362
0.030063
0.0167505
0.0283215
0.034457
0.021851
-0.207778
2.56014
0.0408814
0.0212655
0.0384664
-0.150273
1.77404
0.0256834
0.181513
0.00291228
1.78477
0.0183206
0.559803
0.113041
0.000387687
0.0226517
0.091682
-4.87917
0.0814149
0.272025
1.45823
0.0268788
0.0121148
-0.028322
1.84287
0.0371817
0.0190291
0.0218421
-0.013703
1.27459
0.0336032
0.0357917
0.0150573
0.0253012
0.0154752
0.0352031
0.618582
-0.463158
2.00953
-0.00144682
-0.199509
-0.180022
2.26612
1.18929
0.0249331
0.0292808
0.0633514
0.0590441
1.40745
-0.182525
0.0430133
0.0865723
-6.37164
0.0321936
0.0820584
0.0408314
2.99998
0.966007
1.39069
0.0354369
1.566
0.0136656
-1.15127
-5.57405
2.10612
-4.04234
-4.7659
0.0258909
1.27734
-0.0879538
0.0282296
-0.318019
-0.124291
-2.21487
0.25455
-0.177633
0.0279671
1.60636
0.0224481
0.428773
0.0271112
0.0443679
0.0596086
1.5979
0.0300083
-1.74348
0.0632848
-4.89718
0.00355594
0.0515474
0.0574535
2.61309
-3.42159
-0.175969
0.0547101
0.0267375
0.0589863
1.03644
1.52279
0.0265646
0.0410449
-7.31009
0.0478601
0.887467
2.88292
0.736229
0.198895
0.0544527
0.0626966
0.0262561
0.388222
0.0552628
0.0580381
0.0227569
0.572278
1.47874
1.4796
-7.1386
1.06985
0.0542506
0.14359
-8.00943
0.107883
0.0474147
1.75399
-0.071544
-7.81176
0.0248556
2.51444
-0.50651
-0.156991
0.0564841
-0.837382
-0.178303
-5.43364
2.64033
0.065388
-0.320411
-8.15211
0.0571967
0.106321
0.177858
-0.287277
-0.167994
-1.2258
-7.68475
1.55845
0.0155183
0.0701539
0.0482443
0.989309
0.0416977
-8.08455
0.0138888
-0.0348749
2.99425
0.0164754
-8.21387
2.71801
0.00706134
0.104077
0.0636743
0.0121769
1.67797
-4.12899
1.44116
1.53451
0.0491289
0.0639505
1.55353
0.761417
0.0810073
-1.20469
-1.86589
-0.123587
1.68187
0.0274972
-0.589362
-5.73947
0.430425
-0.339996
0.01704
0.0504621
1.49568
0.0637841
0.0432505
-4.23317
0.0241477
0.0239039
0.0424708
-6.87155
-1.71338
0.114297
0.0354469
-0.295255
-0.498089
0.074925
2.89373
0.070314
-8.2651
0.4931
0.0240804
1.70866
-0.0219257
1.55333
0.0610282
1.47006
-8.03252
0.108351
2.34529
-0.0509366
-0.1202
1.78117
0.130511
-0.0236915
-0.0256924
1.584
1.76929
0.041223
1.82662
2.67039
1.08089
1.87147
-7.55414
0.0136606
2.43798
-5.16863
0.504998
0.0606557
1.47047
-2.13937
1.87919
1.7981
1.95736
-0.117081
-0.000466086
-0.838431
0.0286558
0.129275
-1.23628
-0.386894
0.023415
0.0233253
-1.20915
0.0940475
-0.21741
0.339786
2.02818
2.17912
2.09699
0.0894867
1.18236
-0.204229
0.394643
0.0995617
0.0787995
2.82342
0.0421713
0.0504087
0.195928
-7.28933
2.2733
0.0216901
-0.36016
-6.00992
0.162199
0.190262
-0.703195
-3.11908
1.29753
0.0641377
1.28313
1.66672
-2.12827
-0.310057
0.1414
1.71225
-1.13437
0.00887978
0.011566
-0.00165038
1.39357
-0.115292
-0.0252386
3.1444
2.28379
-0.0354982
0.115506
-4.36009
2.58641
1.48695
0.0273858
2.78479
0.0175387
1.5769
0.538207
2.59562
0.0126898
-2.525
0.888872
-5.69351
0.00804372
0.0694675
0.112409
-1.49899
2.71124
0.0492454
-0.0377813
-0.0851466
0.464907
1.02768
2.98297
-0.0259884
-0.076498
0.0748954
1.10373
-0.162856
-0.138595
0.135796
1.49196
0.0736554
-0.0874548
-0.802767
0.182295
0.466859
1.51358
0.0698575
2.65146
0.0134247
-0.109176
1.56742
0.0288643
0.00976325
0.154894
-0.771207
0.78519
0.0185127
0.669124
-1.43189
-0.11143
1.39662
-1.04202
-0.0289464
-0.205409
-0.0230815
0.0255226
1.4089
0.100862
0.0972239
0.0141931
-0.426251
-0.0161146
-0.219875
-8.95492
0.02393
0.79973
0.148731
-0.0803418
0.255981
0.080123
-6.44447
-0.00947814
1.566
-0.240433
-0.195507
0.162872
-0.201842
2.36633
-0.0435481
0.732831
-0.668377
3.07172
2.88669
0.0702837
-0.623422
-5.29926
0.00578765
1.29315
1.57257
1.56077
-0.15748
0.0162692
0.148104
2.51708
0.226268
-0.129743
0.429636
-0.208672
0.225235
-0.152899
1.2907
2.48722
0.0834914
-0.100031
-0.15723
1.21777
2.10914
-0.508024
0.553001
-1.13702
2.94169
0.00441907
0.0621806
1.19674
-0.346618
0.0174995
0.0236124
1.51413
0.00612716
-0.00374319
-0.630991
-4.62917
-0.076902
0.00486533
2.44562
0.717434
1.91091
-0.180904
-0.269732
3.05686
-0.0920409
0.124832
0.595473
-0.256311
1.27795
1.3239
1.63365
0.00428699
-0.344712
-0.352763
1.50624
-0.31455
0.0159179
0.0808934
1.57119
0.286278
0.0294482
0.0157395
0.335094
-0.142046
0.0170241
0.144569
-0.112564
-0.270751
-0.200584
1.07433
2.41678
0.0514239
1.72019
1.44652
-1.62555
0.0196049
-5.27467
1.67537
-0.043825
-1.24122
-1.06725
-0.203395
-0.14371
-0.528925
3.06354
0.00723356
1.63609
0.998287
-0.187614
0.0483074
-0.468053
0.0527293
0.489427
-0.0525408
0.0468095
1.09049
-0.164065
-0.214346
1.85979
0.290328
0.347295
0.0728363
-2.78918
0.163847
0.746392
-0.877718
1.21479
0.150916
-0.744425
2.29798
1.99149
0.136225
1.42848
0.0106995
0.70285
1.46337
1.64225
-0.0327239
-0.117646
-4.30383
-0.209551
1.50715
-0.994174
2.19939
0.0241087
0.867031
-0.408309
-4.89546
1.53219
-0.248664
1.51286
0.248787
0.23423
0.109128
0.279418
-0.0788373
1.35686
0.53558
1.53541
0.428247
2.12543
2.31172
0.0364487
2.00166
0.123503
-0.004574
0.59558
2.26263
0.873583
-1.30808
1.65493
0.107658
-0.361706
2.21081
1.49547
2.15369
-0.126133
-0.0891463
0.0722907
-9.74133
0.0810596
-0.0133579
1.38387
-2.38049
1.73838
0.00749366
-0.343942
1.40505
1.64919
0.199195
1.58087
0.0601736
-5.08385
-0.31833
0.01111
-5.08463
0.866484
0.893863
-2.13418
-0.299366
0.282564
-0.20083
1.17013
2.24081
2.39066
0.702574
0.483917
-0.0323831
0.350219
1.45014
0.0152918
1.93966
-0.054113
-0.0179161
-0.384146
-0.313071
1.06237
1.58361
1.94597
1.29462
-0.201845
0.077249
1.52758
1.53627
1.71389
0.0968738
1.98089
0.775217
1.5638
1.07154
0.00538611
-0.281636
1.69599
1.48932
-2.60794
1.60954
-0.203291
0.361508
1.21112
-0.288481
-0.356627
2.60977
1.85738
-0.331879
1.60461
0.456642
0.986214
0.0698001
0.146301
-0.0216071
-0.080782
-0.274096
-2.90209
0.479757
-0.415726
-0.127775
1.49498
2.19827
0.152612
1.56031
0.22698
3.22363
-2.00476
1.8643
-0.121981
-5.04484
-1.33351
3.26968
0.270752
-0.106017
3.25757
0.00234192
-5.825
1.5703
3.23285
-0.174578
3.18635
0.86734
-0.00230907
-0.212372
3.09275
-0.064316
-0.143802
-5.53832
0.188979
0.0704517
1.85337
2.94971
0.00794432
0.538542
1.94856
0.259263
1.66172
1.29023
0.0822783
-0.136531
-5.27456
2.90063
0.534003
-0.149424
0.251261
-0.128188
2.85787
1.20148
-0.180335
-0.170664
2.81151
-2.02286
-0.196159
2.76613
1.87343
-0.231725
-3.32086
-0.277081
0.660402
1.88793
-0.269966
2.6979
1.54424
-0.238038
-0.319734
2.1776
0.193
0.400221
-0.48352
-3.20922
1.41311
1.52634
-0.099321
1.60928
0.0204731
-1.13076
-10.3905
2.56873
1.10371
1.32614
-0.126948
-0.575363
-0.697549
-0.846471
-1.02438
-1.23343
-1.47554
-0.278521
-1.74087
-2.74576
1.88589
2.52786
1.06658
0.932586
0.275965
1.07534
-3.13325
2.49749
0.00113205
-3.53769
2.038
-9.85558
-3.96134
0.0812175
2.40898
1.40801
0.913032
0.452878
1.52662
-2.75748
-4.40522
2.37727
-4.83053
-0.409416
0.496177
-6.88339
1.46494
2.33713
-0.0856387
2.02579
0.114205
1.23023
-5.31377
-0.334284
-0.225296
2.29788
-0.440732
-4.92735
2.25906
0.155612
-1.24837
-0.381703
-6.39636
2.22592
1.61888
0.505949
1.54944
0.358208
0.0261461
0.0242828
-6.69359
-2.38627
2.18221
0.644869
0.075431
1.60662
0.765678
-1.82754
-0.353128
-6.89998
2.14856
-0.465324
1.58569
0.0597038
0.0241595
-7.03783
2.10921
0.636569
-4.65654
2.06361
-7.07976
-0.0515074
-0.283088
-4.89378
-0.0242865
2.03403
-6.98565
1.9773
-6.93831
-0.109171
1.01201
0.00456398
0.882449
0.025157
1.93529
-6.65649
0.976607
2.45575
1.59827
-6.59171
-0.774089
1.90129
-0.079869
-1.06025
1.31109
-6.31415
1.52969
1.86878
0.0204677
0.205558
-2.20271
1.53548
1.06656
-0.843061
0.289943
-6.12688
-4.88458
1.81786
0.478811
-7.11183
0.494021
-10.668
-8.78562
0.303951
0.724871
1.77979
2.19894
1.61504
2.37778
1.64723
-5.7729
1.07154
-0.0166546
-0.314734
0.750363
0.0255434
0.117117
0.88151
1.2571
-0.070614
-5.6688
-0.42547
1.69623
-1.04142
-0.52921
1.95434
1.24143
-0.155746
2.76448
-2.85451
0.370863
0.309274
-5.59988
0.342628
-2.53937
1.64354
1.89848
1.713
1.0377
-5.55481
1.59176
1.52847
1.49317
1.4296
1.38405
1.31307
-4.60596
1.54823
1.25903
1.77052
1.14166
-8.06986
2.14432
-5.52474
-0.8323
-6.93533
1.173
-5.37571
2.17377
-5.48467
0.40414
-5.423
-2.91979
-5.32217
1.51999
-1.06559
0.0432645
-5.19543
-9.8632
-0.406302
1.57779
-8.08359
-4.8976
1.66039
1.63577
-0.657193
-2.27092
1.75244
0.298099
-5.17703
-0.0271957
0.564182
1.36053
-3.32077
-0.216407
-0.407758
1.73143
-0.127825
-2.27688
-0.692084
0.828546
1.58908
0.085374
-6.39347
0.681013
1.81966
1.27552
-7.20582
1.57658
0.698722
1.33091
-0.233518
1.60972
-0.376606
0.0128012
0.00293985
0.696777
-3.45761
2.39501
0.290438
0.12544
0.239109
-4.78824
2.08694
1.67867
1.4018
1.55976
0.274324
-0.216671
0.400587
-2.00941
0.80348
-0.941096
-0.0708247
1.12217
-4.24483
0.437939
2.9254
0.0195164
0.825281
0.873953
-2.17197
0.11952
1.21176
-0.474401
0.720763
1.37025
1.52958
1.63696
1.64186
-0.129699
1.85048
-4.91488
0.116287
0.580315
-0.113126
-0.55279
0.167711
1.8694
-1.69912
1.55521
-1.55635
-5.63247
0.34146
-3.95102
0.49422
-0.153931
0.315471
1.71805
0.274026
-0.358074
0.10682
0.348847
-1.01749
-0.272027
0.0121031
1.6536
0.0455476
-0.867789
1.13803
0.161346
1.17246
-0.113763
-0.0811146
0.0939782
0.118915
0.296943
-1.16177
0.222895
0.0504376
0.0761665
0.923836
2.42531
1.08812
-4.90699
1.56217
-0.0833423
1.1738
0.0291464
0.0717788
1.34759
-7.84774
0.0257221
-1.39475
-1.69182
-6.33999
1.59166
-0.0918944
1.96707
0.40661
0.0147446
2.51241
2.38398
-0.187565
0.518709
-0.372942
-0.661149
1.7698
-1.64719
0.0453489
-5.46838
-0.0578032
-3.18689
0.602076
0.986305
0.143091
0.00819919
0.104643
1.52949
-2.73186
-3.83029
0.97804
0.776641
2.36392
0.175186
0.589878
2.44232
2.47872
-0.00128614
2.13862
1.18194
1.6034
0.358606
2.20319
1.66147
0.377379
-0.117499
0.0353446
1.17405
1.16915
0.0102373
0.0253999
-0.253212
3.00626
1.23143
0.855383
1.59576
0.922154
-0.039179
0.980441
0.273196
2.10975
-0.253711
0.00333737
0.211552
2.7082
0.433194
1.74273
3.10524
1.58528
1.62434
-0.0391752
0.79085
-0.00264591
1.87294
2.85441
-5.5426
0.556404
2.75685
-0.139706
0.0847948
2.99513
0.736337
-5.44246
0.491609
0.112975
-5.06995
0.360343
0.036465
0.197142
-0.526459
0.333777
-3.19575
0.0544082
2.63712
1.68494
0.814941
1.33635
1.33116
-0.625258
1.51597
-0.207216
3.17547
-0.396702
-3.28336
0.123499
2.3443
1.53119
1.38252
0.197061
-0.288721
-1.73441
-0.429696
-0.218438
-0.147821
1.30134
-0.00939237
-0.2309
-0.142712
1.65563
0.274097
1.40507
0.00845133
0.621902
0.784644
2.75249
1.36772
-0.117339
1.23222
-5.53916
1.8317
-0.0958344
1.42045
2.48902
-0.0631039
0.189514
-1.0073
-0.46719
1.5448
-0.132025
0.576215
-0.0808424
1.32082
-10.2153
0.0355382
2.26259
0.768925
-1.1336
-0.706219
1.71166
1.9236
-0.0307315
3.07186
1.50423
0.572472
1.21713
0.104414
1.79254
-0.954807
-0.125123
-1.07227
-2.95113
1.55492
0.100158
0.550988
-0.183221
2.64832
1.19911
-0.369334
0.0666676
-0.78349
-3.07566
1.05906
1.24902
1.2295
-8.44886
0.611306
-0.25865
0.846633
-0.311932
0.937699
0.0112688
0.329069
0.214773
0.87165
0.491753
1.63995
-2.18032
0.0452122
0.197193
1.54299
2.00125
0.183905
-1.57563
-0.0150084
0.163451
0.708405
2.98151
1.70881
-0.192659
1.28223
-3.59964
1.52927
-1.16541
1.01519
2.39871
-1.15493
0.31651
-1.18616
1.53147
0.653998
-0.47228
-0.980125
-10.9433
-1.4677
-0.51987
-1.53487
1.70851
1.15587
-0.0970891
1.69452
-2.27957
1.65559
0.360312
1.52505
0.16637
0.121545
1.61085
-5.10364
1.62294
-7.08584
-0.387297
2.53103
-0.194443
0.335255
-0.369139
0.515563
1.07774
2.25811
-1.14332
3.11199
2.78535
-6.95398
2.33223
0.308282
1.60452
2.91508
-2.47888
0.0237827
0.812339
1.58551
0.400098
-9.909
-0.131007
0.210114
-1.57672
-0.114543
-0.175587
1.62107
-0.117822
0.0455537
1.55104
2.08332
-4.08505
2.15125
-0.80722
-3.82386
0.180803
0.9609
1.51295
0.751681
2.02039
1.17516
3.25764
1.51341
-4.81289
3.27175
2.29738
2.37619
1.69912
3.25592
2.42777
0.195984
1.34103
3.21122
0.752888
0.027515
-0.624461
1.43102
-4.67872
0.8781
1.21395
-0.551525
2.32175
1.56918
-4.46358
-0.653619
0.559224
2.26031
2.22093
-0.199561
-1.04542
-4.84058
-5.44069
2.01244
-0.125002
-0.203025
-5.21774
3.04022
2.43295
0.014141
0.845644
-7.38441
-3.483
2.08075
-0.255282
2.92504
1.57637
-9.91908
0.0350571
-3.52818
1.09509
-1.20462
-6.10893
-2.93906
2.86203
-0.144266
-7.15428
0.135843
0.00752464
2.88031
-0.24944
-0.118784
-10.0961
0.419324
-8.98605
2.48968
0.635667
0.750559
-4.71469
0.0412338
0.546367
-0.156748
2.83452
-1.29299
0.267302
1.52357
1.17641
-5.51113
-8.00322
1.47868
-0.180618
-0.931906
2.39871
2.78974
2.2262
0.224403
2.73165
2.34714
1.71372
0.825758
-0.211801
1.91466
1.0945
1.83304
1.80505
2.33605
1.92254
-1.77571
-6.10433
1.54073
-0.24536
1.28891
-10.1968
-1.55012
-7.73265
2.171
-0.374227
0.54065
-1.28496
2.02604
-0.0509263
-0.296643
-0.496062
1.2702
-4.53876
-8.64229
-0.0205131
1.61869
0.557128
-8.53086
-0.507
-1.98582
-0.222356
0.11345
0.00259719
-0.151901
0.587146
-7.05115
1.57763
1.60442
-10.7092
-0.553559
-0.718671
-7.81779
0.684712
1.58013
-7.76579
1.27902
1.31742
0.464239
1.75761
1.16601
2.55042
1.843
2.46156
-2.37225
-0.625602
1.0231
-0.763507
-0.926191
-1.11922
0.770612
-1.34816
-1.61116
0.0305746
0.368117
-2.93381
-0.233284
0.726201
-0.851306
2.51344
1.36005
3.15314
-3.32877
-1.69573
-5.04056
2.66879
-0.113488
1.03054
-0.118961
0.656141
-3.74729
-1.38867
-0.0910045
1.02873
-4.22452
-4.17933
1.09981
-1.45111
1.5278
-0.0766801
0.69062
-2.62325
2.39606
0.147414
2.5599
0.324169
-4.62565
1.63829
-1.17823
0.754234
-0.539251
-2.10012
-4.93869
-0.232109
2.35727
1.68736
-2.55107
2.34732
2.36186
-5.04059
0.0192361
-5.06846
0.444602
1.46673
-0.280465
-0.809304
2.31789
0.367097
-0.0374987
0.269176
-6.56721
-5.51945
2.63113
-0.409966
1.0559
0.219169
1.30534
-0.130346
2.04515
2.27816
-1.53285
-0.251744
1.58074
-2.46939
1.04653
1.84595
-0.25752
2.24325
-5.00386
-8.29485
0.120258
2.0937
0.021643
2.14748
-1.35952
1.69091
1.71618
1.41306
-0.0366046
-6.56098
2.20242
2.26508
1.6269
-1.49282
-0.167321
0.25
-0.809429
-0.989937
2.65952
-2.92521
0.613761
-6.82316
2.16851
-4.90657
-0.207481
0.125673
0.305493
1.63965
-0.350639
-1.21365
2.94266
1.6634
-6.99856
2.12982
1.08159
1.1238
0.107005
0.0632535
-0.963399
1.41999
-0.0184581
1.84312
2.08696
-7.0818
-0.168835
1.26626
0.825249
-4.02507
1.13749
0.354408
-0.0797833
1.12299
-0.133264
1.17404
2.05108
-7.05082
1.18987
2.09492
1.31453
0.242116
2.00442
-6.98767
1.56467
0.0136981
-1.4281
0.247889
2.34507
-0.313289
1.5887
-8.15772
1.9558
-6.80747
-0.192067
1.14049
2.4297
-1.92888
1.14322
0.632791
-4.89529
1.6296
-6.65928
1.9191
2.19191
1.42466
0.320027
2.48346
-0.119718
1.54869
-0.172475
-6.44672
-0.150275
1.88665
-3.23907
0.71402
0.978373
-6.25247
1.52821
1.8411
-0.138228
1.53904
1.023
-8.95642
2.5801
-9.15362
-3.97244
-7.94551
1.79812
-9.53103
-0.290544
1.66529
0.993547
0.152552
1.00393
-9.47081
0.596981
-0.110317
0.195367
0.752289
2.7577
-6.55582
1.60374
2.97376
1.13533
1.13015
-5.73987
1.56624
-0.115404
0.763315
-1.25239
0.822477
2.07558
-3.13772
-5.63822
1.67052
1.5275
1.10054
1.02943
-0.603747
0.925887
0.534433
1.10695
1.50779
1.59759
-3.76404
0.845549
-5.57465
-0.345849
1.54273
-0.444671
1.61791
1.54559
0.566825
0.500954
2.46648
0.286252
0.144772
1.56192
1.56039
1.27161
1.51394
-1.81269
1.46128
1.40825
0.307042
2.13847
-5.5409
0.853633
1.34712
2.21432
1.28496
0.872447
-0.0533157
2.27203
2.21867
-0.0846502
0.95728
0.549145
-5.50984
0.63447
1.32922
0.81515
-5.45918
3.01635
2.3654
-0.529341
0.801995
0.191362
0.040705
-5.37952
0.934946
0.841958
1.95316
-0.0545585
-5.25884
2.25832
-0.154691
-1.60102
0.0938582
1.49343
0.807528
1.75113
-1.58595
0.253027
2.71964
2.84675
1.05659
-0.698182
-0.34173
3.18999
0.693534
2.31295
1.37579
-0.115946
0.199708
-1.45545
-0.0143128
2.07073
0.0199864
-5.39963
0.572452
0.529573
-0.816956
-7.21347
2.40671
-4.33867
-5.70565
0.147357
0.442421
0.840753
-0.0947703
0.270089
0.786555
0.570205
0.522966
0.0633432
2.75223
1.59863
1.79747
1.93981
1.11975
-1.97542
2.71276
-0.489694
0.140057
0.0946411
1.40511
-8.95322
0.398408
2.11639
0.189938
-0.0562676
0.136976
1.62379
0.724086
-6.0682
-8.62092
1.48317
1.63565
2.47965
1.53343
1.84116
2.11162
2.07175
-0.72344
1.95342
0.088778
0.782439
-5.51594
-1.6552
-0.481059
0.890862
0.223595
1.88026
0.701127
0.417755
-5.00861
-0.886536
1.03973
-0.111245
0.13582
-9.24905
1.52038
2.39032
-0.855029
0.087951
-2.0605
-1.86082
-0.0730634
-1.07768
0.606973
1.49215
0.570987
-0.119288
-2.95184
-0.951899
1.62811
-0.433283
-4.2133
-0.253507
-0.986463
0.853762
-2.76839
0.920712
1.11355
2.83127
-0.337421
0.447293
2.27543
0.189847
0.348435
-3.77405
0.888125
-2.04796
-4.84054
-0.774875
0.0807627
0.0596795
0.661742
0.327579
-2.62886
0.545731
-11.3723
-0.13384
0.245033
0.354752
-7.94962
2.23186
-0.0142425
1.52881
3.07373
2.27533
2.91858
-0.577319
2.22805
0.20808
-0.0772337
-1.11702
0.0520324
0.306948
0.453737
0.158414
0.141716
0.745913
-1.02514
0.919988
-3.28824
-1.88041
-0.512401
-0.807504
1.78642
1.12233
-5.12035
1.15741
-5.95475
-0.0101334
-4.94666
0.301707
0.0708492
-5.49912
-0.230257
-0.793658
1.67703
0.0265631
-4.44617
-2.49889
1.66976
-1.23787
0.612874
0.424471
-11.0652
-0.0719478
-0.18271
-0.11687
0.217483
-5.66819
-2.21057
-0.119827
-4.11427
0.281108
0.308163
1.7213
-0.94181
-0.228113
1.23175
-1.05893
-0.267921
0.682012
3.12049
-0.231176
0.328828
-0.49679
0.305531
-3.54335
1.77386
-0.224786
-2.46283
1.57349
0.191651
-8.44724
2.09596
-5.67397
-3.22794
2.302
1.09477
-0.696688
-0.683651
-0.138346
-4.35874
-0.133937
1.51576
1.9412
-8.06248
0.055342
0.191903
-0.114824
0.669657
1.49265
0.102627
2.26229
2.4164
-9.23544
0.789523
-0.130055
-0.0940414
-5.22756
-0.0523525
1.38255
0.387867
2.94097
-5.52276
-5.51561
2.58292
-4.2922
-5.18859
-4.20047
-2.05416
1.5384
1.47545
-8.41323
-2.21584
1.21235
2.54759
0.0202308
2.59092
-1.00572
-5.24874
0.280095
-5.40604
-0.75351
-0.984402
0.605426
-0.867128
-1.08491
2.1215
0.631332
0.196779
0.774037
3.1649
-4.88635
-7.18969
-6.09045
-0.719096
3.11626
-5.8476
0.604041
-0.0207933
0.251443
-6.21262
-5.51821
-0.0589101
0.150197
-0.0247412
-0.138592
-0.0494122
-5.5272
2.69063
-1.89033
-3.62782
2.73186
0.970958
2.27256
-3.72836
1.55556
-0.00824788
0.203515
1.32201
1.01925
2.41143
0.938725
-0.0279565
0.679851
0.0922744
-1.67215
-10.5669
-0.0360371
-0.369168
-4.77846
1.07367
0.753592
0.0660058
0.605651
0.136888
2.59599
1.57636
1.47958
0.323857
-3.80067
1.42377
-3.17204
-1.63204
1.55838
0.0409166
-3.25326
0.0188388
2.45698
-2.22474
2.36881
0.0301001
2.21487
-0.0606773
2.42864
1.16928
1.20963
-5.53483
-0.541874
1.68028
1.1657
-0.802682
-0.383983
-4.81742
0.178026
-1.89758
2.60702
-0.278543
0.604061
-5.1931
0.566914
2.21935
-2.4389
-7.07039
0.698078
2.60818
-0.412587
-0.857531
0.145205
0.306332
-10.7356
-0.152253
1.19692
-3.26567
0.603754
1.66595
2.13762
0.934614
2.18006
1.87082
0.370306
0.133324
-0.590271
2.55519
3.02538
-5.661
0.490812
-1.0665
-0.255078
-11.2204
0.328254
2.73304
-5.4537
1.74191
-0.562031
0.918766
2.31269
1.71573
-1.09204
0.218886
1.18647
2.44901
0.175707
0.364552
0.410122
1.70202
0.922247
-4.8661
-0.777706
-1.08763
-4.80039
1.8013
-2.58371
-3.45537
-1.27175
-5.06871
1.43869
-1.36079
-0.0227126
-0.0254825
1.2091
2.65812
-0.190235
-0.998369
-0.0480172
-1.80189
1.85785
3.13535
0.154207
-2.51865
-8.90071
0.442646
0.446819
-0.11601
-0.726784
3.0618
0.559914
2.53587
-4.50529
0.617385
0.833052
-6.34984
-0.108262
-0.892846
-3.67023
0.849441
-0.139633
0.350065
-4.92418
0.893792
0.507736
-1.9312
-5.45173
0.640494
0.705557
2.45736
-0.696162
-0.489755
0.518732
0.305361
0.105332
-5.30709
2.42901
-3.82725
1.60071
2.1472
1.77042
-2.35887
0.383892
1.74326
-0.462031
-0.0966906
-0.201235
1.18279
2.35036
2.43989
2.05856
1.66564
-4.14536
-7.32497
0.794811
0.206964
-8.45902
2.61746
1.80653
0.9669
1.12998
1.08471
-5.16993
-5.16025
2.13012
0.67182
1.0374
-0.0840532
2.29122
1.51564
-0.0695933
2.50455
0.0244629
-1.94029
-4.02108
0.0920026
-9.19587
-0.157932
-1.89093
-0.343363
1.53738
-0.933869
0.797649
-2.36311
0.537205
-8.43708
0.116191
0.0896898
2.53887
-1.60244
-0.201877
-8.82161
0.492419
2.06037
1.10877
-6.16641
-0.0784275
-5.93346
1.27897
-1.34676
0.0492296
-2.76939
0.140135
0.0849596
1.71741
3.23659
3.13445
0.247091
0.0936167
-4.86676
2.50893
1.70563
1.27818
1.90443
0.357056
2.42003
-0.0305011
-0.631803
0.0301839
0.0234073
2.1864
-1.67109
-3.25107
1.30125
1.38635
-0.136286
1.42735
2.26138
1.40978
2.24125
0.748067
1.66368
1.58947
1.00553
-0.117613
2.60634
-0.696772
0.424722
-4.28289
-1.97426
0.0164274
0.5944
0.0283131
1.94567
2.28792
0.659847
-10.4473
2.1966
0.790858
-3.79789
1.17508
0.698397
-8.78144
0.388021
2.03795
-0.00378468
-0.286226
0.89926
-9.2953
-0.995377
-0.727288
-0.0637391
0.841165
1.62035
2.71151
3.01963
0.384742
0.434329
1.37678
-1.01989
-3.20732
2.33527
-3.53681
-5.43469
0.895925
-6.69318
-4.54861
-0.0156293
1.11772
-3.24624
1.07233
2.32828
0.525075
-0.0331603
0.235043
2.55608
0.18956
-3.0108
-1.72922
1.15694
-5.37133
1.70785
-1.33891
2.34186
1.5723
1.12249
-0.121317
-0.872997
2.49978
1.17269
-0.162076
-2.99267
-2.51204
-0.10413
1.51204
1.37174
0.663524
-0.145642
-0.994945
1.35465
-1.10515
0.181178
-0.304079
1.35536
2.87665
-0.186164
0.02558
0.248141
0.0160382
-0.494868
1.20749
0.710684
-6.54005
-0.0339847
0.183964
2.20169
-3.76424
-0.489925
1.62965
1.95481
2.37955
-0.0654219
-1.56661
1.33277
0.945136
0.231683
-5.60097
-0.948724
-2.55937
1.42419
-0.938018
1.19316
-2.36834
-0.394975
-0.12198
-0.120116
-4.62922
-0.0322675
-0.1279
2.27474
2.25233
1.0367
-3.91437
2.55091
1.30898
-0.801049
-0.0447186
-1.73629
-0.157238
-0.0667857
-0.215958
-4.40417
1.23949
-6.17366
0.845803
0.0430924
-0.634934
2.41207
1.31295
2.31666
2.18038
-0.832239
-4.82431
0.289087
2.9004
-0.186946
1.00773
1.54805
0.0142346
1.89136
0.681239
-0.0625703
1.10589
-0.22057
1.8987
2.23459
1.45306
1.57147
0.0960827
1.44212
0.171652
-3.99491
1.83638
2.42704
0.516493
-0.923267
-2.75879
2.66645
-0.364482
-5.19726
-7.00175
-0.165897
0.00858643
2.89742
0.627661
0.0843704
2.0864
-1.03804
-0.11697
-0.00700814
1.753
1.00882
0.769821
-0.899988
1.51538
0.0176813
2.87983
2.85234
-1.2352
1.8207
-1.05367
0.576574
-0.12585
1.58098
-0.850308
2.29846
-5.61429
1.99016
0.62749
1.16825
2.1687
-0.725081
0.0816872
0.252533
-0.24253
0.396486
-4.84399
-1.28994
-2.85322
-0.852911
2.39735
-1.34788
2.63538
-0.0822269
-5.77198
0.314067
-0.703839
-2.24761
-1.84402
-0.198478
-2.29108
-0.89277
2.26922
-5.55639
2.36032
0.230271
-5.45854
-0.115757
-2.64105
0.590976
-0.116628
2.56096
0.808247
0.334144
0.131503
-5.50977
1.37751
-0.0351619
0.971687
0.142077
-4.85293
-0.458412
-2.2874
0.42831
-0.628853
0.687753
2.22488
1.80583
-0.353764
-0.235755
1.52467
1.53886
2.62843
2.85036
1.23808
-0.17848
1.53364
0.944123
0.32729
0.206184
2.5729
-5.67814
0.630537
-1.13331
0.728215
0.000774517
-0.124735
0.105304
0.507331
0.93174
3.03671
0.100362
1.52865
1.57265
-5.05943
0.541992
-6.09261
1.35293
-5.537
-2.07947
-0.352518
0.0797447
1.54153
0.850836
2.49099
-0.0520848
2.35612
-0.126338
2.92133
1.66757
1.50074
-3.15068
-3.20735
-0.163726
0.200411
-2.05954
2.08577
2.1482
1.23189
0.165342
2.91854
0.627274
1.53682
-0.122268
-4.84949
0.288333
0.554385
1.79803
-0.766294
-0.0454398
-0.184496
-0.0203787
2.4733
0.854953
-4.83542
0.428925
-0.164286
0.181302
0.465998
-0.0279322
0.932309
-2.80465
0.00266859
-0.315262
-0.117568
-8.73552
-0.17088
-8.71872
-9.80176
-0.189607
1.70667
-0.130388
0.716429
-0.0765211
2.10021
-5.87599
0.373822
0.251391
-0.648995
-5.46266
2.21378
1.5388
0.0857156
0.180715
2.23746
-1.75098
-4.62318
-1.44187
0.0233329
-0.326661
1.24605
1.00407
-0.143039
0.307124
2.33547
0.0311412
-0.00554945
1.28
0.913115
-1.03976
2.12841
-4.82152
2.4335
0.927683
2.03974
-0.392467
-1.11804
-3.48265
0.535443
2.37231
-0.943507
1.50028
0.893803
-2.72892
0.349911
-1.0535
2.80772
1.3612
-0.0723843
0.887819
0.0955087
-0.127699
2.22237
-7.55797
1.16074
1.91462
2.95493
1.8328
-8.98267
-7.16301
-1.02708
0.0688964
2.21737
-0.610718
0.153893
-2.63481
-4.92115
2.22751
0.263848
-5.49235
0.109512
2.16278
2.89917
-0.281792
0.0880168
2.13695
2.01006
1.11414
2.33608
-0.92171
-3.3334
1.45114
-4.5839
0.839417
-0.0511231
-5.33884
2.29388
1.07811
-0.821117
-5.5869
2.15711
-7.19842
-2.28308
-0.128167
0.569695
1.52935
2.37564
-2.53402
0.0101736
-3.53923
3.01878
3.02861
1.57233
1.95642
0.00656336
-9.4656
2.72865
0.4485
-0.311608
-0.0630344
-0.00142605
-6.25288
-0.210369
-9.35878
1.19907
-0.740496
-0.0876803
1.91984
1.79586
-2.61266
-0.133198
-0.813452
0.671495
1.19925
2.28256
-2.726
0.0898032
-0.365198
1.02917
-4.84852
-0.260483
2.07235
1.88049
0.00477534
2.171
1.96172
1.44897
1.04455
1.02948
-6.66574
1.79572
1.15481
-1.20238
0.0569902
-0.240953
2.13577
-2.66939
1.20197
0.838654
1.57026
-0.260913
1.67719
3.17242
-5.44557
0.815786
0.658618
-9.28921
2.79962
-0.113522
1.09322
-5.4868
0.0689788
-0.0147925
0.465584
0.565091
0.974588
1.04459
-3.05638
-0.190872
-6.8863
2.18263
0.623326
-4.84628
1.87967
1.67122
2.72764
3.06884
0.145702
1.58607
-1.59371
1.33365
-0.0235035
0.986529
2.62889
2.26792
-0.668086
0.0185919
1.44312
-0.346731
-4.72007
-0.577405
0.542309
-9.29882
2.97564
-0.962555
-0.473085
2.13178
0.795574
0.933872
-0.15446
-2.04174
0.0273302
2.12242
-0.21453
0.150713
0.683093
-4.79989
-0.124142
-1.23932
1.91678
1.25224
1.83838
-1.47749
1.38819
-0.233787
1.86121
-2.65577
1.54811
1.47974
2.26808
-7.86961
-4.842
0.404292
0.00549546
-8.75032
-0.60036
0.813613
-2.36526
2.68663
-4.4366
-0.115745
1.311
-8.23188
-1.63645
-1.34611
0.244616
0.96991
1.37302
-0.167235
0.64204
1.1942
1.48833
0.955899
0.0604496
-0.0141444
2.89622
-0.067442
0.658111
0.586609
-0.70411
0.459128
-0.2011
1.81463
1.81799
-0.820504
-8.83224
-1.37879
0.0261115
-8.02613
1.34271
-7.46937
-9.60478
0.546146
0.198164
-0.313369
-0.833486
2.34322
2.97632
-0.840428
2.1002
2.90451
0.923777
-0.108405
-0.899535
-0.00728137
-1.55119
-1.98553
-3.28891
-0.881039
0.808961
-0.100683
1.08601
0.829779
1.9555
0.724146
1.98416
-0.122751
0.508496
0.923262
2.78814
0.940995
-4.88714
1.2789
-0.193476
-0.161139
2.28386
1.55456
-0.900302
1.69244
-0.186781
-0.226893
1.91075
-0.278934
-1.26849
-4.84431
1.53728
2.08171
2.85235
0.517935
1.55208
-6.81199
1.39327
-0.0479043
-0.673339
1.31421
-0.823748
0.890413
2.05264
1.81365
0.655446
2.15583
-5.04506
1.53032
0.504839
1.42869
-0.27071
1.49303
1.45696
-0.197465
2.07304
-1.05907
-0.771925
0.622984
2.7721
-0.25555
0.963582
0.77772
0.888611
2.67362
0.773887
2.81687
-2.90673
-0.644949
1.94557
0.746328
-0.233086
0.694918
0.620428
-0.700278
1.39572
0.785314
2.77731
1.41958
0.817544
)
;

boundaryField
{
    SideWalls
    {
        type            empty;
    }
    Top
    {
        type            zeroGradient;
    }
    Inlet
    {
        type            zeroGradient;
    }
    Bottom
    {
        type            zeroGradient;
    }
    Outlet
    {
        type            fixedValue;
        value           uniform 0;
    }
    Plate
    {
        type            zeroGradient;
    }
}


// ************************************************************************* //
