/*--------------------------------*- C++ -*----------------------------------*\
| =========                 |                                                 |
| \\      /  F ield         | OpenFOAM: The Open Source CFD Toolbox           |
|  \\    /   O peration     | Version:  2306                                  |
|   \\  /    A nd           | Website:  www.openfoam.com                      |
|    \\/     M anipulation  |                                                 |
\*---------------------------------------------------------------------------*/
FoamFile
{
    version     2.0;
    format      ascii;
    arch        "LSB;label=32;scalar=64";
    class       surfaceScalarField;
    location    "6.6";
    object      phi;
}
// * * * * * * * * * * * * * * * * * * * * * * * * * * * * * * * * * * * * * //

dimensions      [0 3 -1 0 0 0 0];

oriented        oriented;

internalField   nonuniform List<scalar> 
7520
(
-0.98995
0.800811
0.189139
-1.33875
-0.195292
1.53405
-0.0698371
-1.90115
1.97098
0.227613
-0.0304886
-0.197124
0.196909
1.68962
-1.88653
-0.0873434
0.0940214
-0.00667799
-0.314208
2.12825
-1.81404
-0.174444
-1.94045
2.11489
-1.55115
1.48131
0.837256
-0.0928258
-0.74443
0.383766
-0.259692
-0.124075
-0.256261
-1.61691
1.87317
0.701423
-0.106545
-0.594878
-0.0977194
0.135206
-0.037487
-2.04404
0.948503
1.09553
0.0979144
1.55345
-1.65136
0.217612
-0.0882891
-0.129323
-0.155254
-0.272204
0.427459
0.0350111
0.0206504
-0.0556615
-0.0201672
0.237779
-0.400007
-0.28267
0.682677
-1.07083
1.16874
-0.0318673
-0.307307
0.339174
0.134772
-0.139434
0.00466154
0.106988
-0.313563
0.206575
0.245611
-0.240203
-0.00540811
0.855348
1.13251
-1.98785
-0.0353605
0.308843
-0.273483
-0.0265275
0.0615385
0.194693
-0.0311174
-0.163576
-1.14554
1.74437
-0.598823
-0.0473141
-0.0179781
0.0652922
-1.84622
2.02336
-0.177146
-0.21591
0.0360588
0.179851
-0.296673
-1.25303
1.54971
-0.406106
0.979941
-0.573835
0.253682
-0.526498
0.272816
0.801724
-1.59066
0.788938
0.0883144
-0.309113
0.220798
-0.0438904
-0.0992167
0.143107
-0.0274479
0.255061
0.330289
-0.310244
-0.0200454
0.280175
-0.0345635
2.07999
-1.57349
-0.506504
-0.539184
-0.620616
1.1598
-1.49598
1.62609
-0.130105
-0.149974
-0.0621092
0.212084
0.256477
-0.0724561
-0.18402
-1.33695
0.191407
0.266965
-0.0730316
-0.193933
1.80069
0.186898
-1.98759
-0.722894
0.272589
0.450305
0.00381927
0.00203704
-0.00585631
1.05862
0.48214
-1.54076
0.0145158
-0.101859
-0.776064
0.129891
0.646173
0.397068
-1.26348
0.866409
-0.0403127
-0.120335
0.160648
-0.11478
0.0674657
-2.19421
1.11578
1.07843
1.55724
-0.738232
-0.819008
0.0124925
0.155695
-0.168188
-1.29056
0.993891
0.822447
-0.121024
0.0224887
-0.0186695
0.00398368
-0.101703
1.13474
-2.34389
1.20915
0.138359
1.66233
-1.25064
0.978672
0.271973
0.307535
-0.23198
-0.0755553
-0.498578
0.895646
0.0607424
-0.674057
0.613315
0.331405
-0.0907521
-0.240653
0.17473
-0.321708
0.146979
0.938164
-1.53667
0.598502
0.123922
-0.108552
-0.0153696
1.68089
-0.512134
-1.16875
0.393564
-0.742762
0.349199
1.69096
-1.19734
-0.493629
-0.832282
0.0562183
-1.48441
-0.709796
1.20179
-0.637512
-0.56428
0.235313
-0.604816
0.369503
-0.336147
0.120237
-0.488289
0.333035
0.211315
-0.0166218
0.0104171
-0.0472236
0.0368065
0.975187
0.705699
-1.95093
2.28753
-0.336605
0.718797
0.838443
-0.95249
1.11082
-0.158329
0.0122599
-0.0572865
0.0450265
1.37028
-1.62654
0.236476
0.190989
-0.102674
0.335485
0.252821
-0.588306
0.0072849
0.0812159
-0.0885008
-0.513444
0.381341
0.132103
1.38359
-0.445427
-0.715753
0.615375
0.100378
1.01796
-1.61386
0.595896
-0.0858044
0.107762
-0.021958
-0.021842
0.0283898
-0.00654777
2.9671
-1.76716
-1.19995
0.523455
-0.410765
-0.579185
-1.32547
0.826894
-1.93281
1.61861
0.160789
-0.0778609
-0.0829285
0.278035
0.105732
-0.153685
0.152527
0.00115845
-0.120478
0.159781
-0.0393033
1.94277
-1.14105
-0.0939391
0.0231441
0.0707951
-0.763791
0.363784
0.0205006
-0.0439967
0.0234961
0.507872
0.693919
-0.794839
0.499441
0.295398
1.31182
-1.66376
0.351938
0.0353813
0.0993908
-0.198251
-0.524643
-0.381961
0.100382
0.281579
1.03513
-0.197872
0.550835
-0.47501
-0.075825
-0.0529229
-0.0648116
0.117734
-0.178269
0.154996
0.0232737
0.705982
-1.8389
1.13292
0.37757
-0.409437
-0.339486
-0.0484081
0.387894
-0.0283579
-0.0655812
-0.288921
-0.261494
0.550416
0.138615
0.0318171
-0.170432
-0.0633915
0.202006
-0.601471
-0.193368
-0.561322
-0.532413
1.09374
-1.10578
2.20992
-1.10413
0.401963
-0.414843
0.0128796
-1.15131
-0.174163
-0.0329468
-0.0494958
0.0824426
1.39801
-0.339395
-0.642312
0.414249
0.228063
-0.00489087
0.120113
-0.115223
0.281218
-0.0724051
-0.208813
0.2428
-2.14395
0.317639
-1.81362
-2.59471
0.785461
1.80925
-0.837406
-0.413239
-1.39426
1.35
0.0442597
2.0647
0.255108
-2.31981
0.176796
-0.220687
0.416419
0.699579
-1.116
-0.260861
-0.273836
0.534697
0.285836
-1.68009
-1.84796
0.00174079
-0.00349741
0.0139145
0.0607374
-0.112523
0.0517856
0.277936
-0.318248
1.48163
-0.463665
-0.150391
0.122943
-0.0215353
0.00224073
0.0192946
0.744657
-0.406532
-0.338125
-0.441959
-1.60208
-0.0452419
-0.215619
0.0420611
-0.569291
0.52723
0.309981
0.106291
-0.416273
-1.57915
0.944293
0.63486
0.881027
-0.684117
-0.0559006
0.443494
-0.387594
-0.302619
0.409607
0.503655
-0.234361
-0.269294
0.853238
-0.517753
0.231127
-0.304159
0.877495
0.352291
-1.22979
0.291624
-0.326985
-0.336689
-1.46126
1.79795
1.29617
0.648271
0.677814
-0.442501
-1.34685
0.940743
-0.674379
0.893036
-0.218657
0.0116417
-0.0340147
0.0223729
0.270888
-0.312747
0.0418591
-1.0976
1.60547
-0.265301
-0.147883
0.413184
0.411494
-0.101513
-0.838995
0.881056
0.592134
-1.08071
0.488575
-0.500294
-0.0131505
0.659742
-0.40606
0.134383
-0.0104611
-0.355799
0.278094
0.0777052
0.0761661
-0.196644
-0.327415
-0.112337
0.439752
0.127757
0.203648
-0.970725
-0.565941
-0.753311
-0.825842
0.0073267
0.0419706
-0.0492973
1.30227
-0.232925
-1.06935
-1.47491
0.369124
-1.17792
2.1652
-0.987274
0.350011
0.153644
-0.42606
0.47097
-0.0449104
-0.768269
0.570017
0.586613
-1.1258
1.75482
-0.0643566
-1.69046
-1.43787
1.87368
-0.43581
-0.0208019
0.0815393
0.401199
1.50858
-1.90978
0.033057
-0.162751
0.129694
-0.0989817
1.78552
-1.68654
0.00137437
0.106777
-0.108152
-0.89356
1.24717
-0.353606
-0.118146
-0.650122
0.0809886
-0.408404
0.287333
-0.166818
-1.77562
1.94244
0.0252821
-0.00463173
-1.69065
0.719928
-0.141563
-0.264458
0.406021
0.0684245
-0.121347
0.12865
1.58731
-1.71596
-0.569242
-0.550733
1.11997
-0.491166
0.390189
0.100978
2.66984
-1.74276
-0.927079
0.443777
-1.01302
0.0488211
-0.0539912
0.0051701
0.107594
0.736172
-0.843766
0.0383162
-0.041827
0.00351079
0.848265
0.8026
-1.65086
-0.231756
-0.483997
-0.0583364
0.164584
-0.106248
-0.908528
0.693896
0.214631
-0.0664296
0.0367449
0.0296847
1.6688
-0.366532
1.05142
-1.98632
0.934899
-2.8038
1.2163
1.5875
-1.17318
-1.63062
-0.375098
0.493335
-0.118237
0.505118
-0.331814
-0.173304
0.900466
-1.68297
0.782504
0.0619888
1.05206
-1.11405
-0.745447
0.107935
1.1258
-0.248309
1.2009
1.31123
-2.51213
-0.178143
0.0824704
0.0956726
0.0520873
-0.960615
1.86231
-0.484387
-1.37792
0.13271
-0.0996534
0.136472
0.139599
-0.227888
1.06163
0.800675
0.170849
0.676379
-0.847228
0.349503
-0.0406601
-0.0676836
0.0507044
0.0169792
0.520848
-0.43397
-0.0868776
-1.7988
0.856385
0.942415
0.416518
0.0886009
0.765971
-1.32729
0.344997
-0.00624528
-0.338752
0.132226
0.124251
-1.71372
1.65977
0.0539546
1.19052
-0.598385
0.0155831
-0.0311348
0.0155517
0.0202214
-0.236888
0.216666
0.115997
-0.20675
1.7063
-0.571558
-0.0686267
0.315749
-0.247122
0.0014539
-0.0229892
0.107783
-0.367475
0.801067
-0.548246
-0.637537
0.699526
-0.267035
-0.0887642
2.12825
0.0153891
-0.0180148
0.0026257
0.026728
0.774339
-0.195574
0.125219
0.0703548
-0.00178156
-0.0200605
0.182458
0.147831
1.62045
-1.20403
0.410386
-0.361491
-0.0488953
0.317022
-1.21058
0.0769353
-0.365856
-1.95646
1.78964
0.0457974
0.00302376
-2.1309
0.215938
-0.220829
-0.042635
0.052977
-0.010342
-0.591313
-1.20749
1.86352
1.10358
1.72451
-0.78022
-1.61691
0.174569
0.376266
0.186583
-0.17605
-0.0105326
0.175501
-0.24092
0.0654194
-1.24906
0.628443
-0.19327
-0.254487
0.447757
0.294709
-0.387535
-0.110077
-2.03185
2.14193
0.991054
0.202593
-1.49791
1.29532
0.931618
1.09174
-0.731188
1.56981
-1.16861
-0.0485058
0.374652
-0.326146
-0.894008
0.748003
0.146005
-0.197438
0.128811
-0.0813435
0.317605
-0.236262
-0.250769
-0.264103
0.514872
-0.531745
1.82792
-0.275699
-0.350551
0.62625
-0.281191
0.131216
0.25777
-1.21026
-0.057973
-0.00971064
0.00821697
-1.84421
0.966087
0.87812
0.353848
-0.460393
0.00814432
-0.0159372
0.417901
1.15037
1.51947
1.65153
-0.532251
-1.11928
0.113221
-0.0436105
-0.0696103
0.743841
0.947123
0.0932779
0.0933047
0.618821
-2.17735
1.55853
-0.08677
0.104895
-0.0181252
0.746606
0.636985
-0.211143
-0.0979701
0.729075
-0.558227
-0.567307
1.42265
0.14929
0.0114995
1.609
-0.29718
0.139318
-0.132033
1.77118
-0.119649
0.0997636
0.393619
0.0167675
0.0169226
0.290613
-1.74592
-0.830283
0.968055
-0.137772
0.00559185
-0.114144
1.7636
0.0313951
-1.795
-0.69686
0.421161
0.216394
0.0648241
-0.298557
0.0665774
0.0129059
-1.21024
1.54758
-1.55947
0.0118941
0.00626741
-0.266179
0.259911
-0.593554
1.34016
-0.814873
1.52086
0.0276671
-0.0213997
0.775375
-0.275934
1.96519
-0.594915
0.0047387
0.117666
-0.122405
-0.0724243
-0.0890834
0.161508
0.109554
0.00366723
-0.349125
-0.728429
-0.139074
-0.263727
0.4028
0.732373
1.47754
-1.66896
1.33227
0.103361
-0.442847
-0.834476
0.895218
-1.14087
1.32904
-0.188175
0.512901
-1.70409
1.6051
1.49188
-0.516694
1.30097
0.77902
-0.0633482
0.268081
1.2795
-1.30904
0.284425
1.02462
0.244668
-0.275785
0.420568
-0.00405069
-0.207468
0.144077
-0.0792776
-1.49421
0.474994
-1.23462
0.759626
-1.48269
1.01066
0.472026
-0.0256389
-0.648419
-0.194497
0.206989
0.0847099
-0.00701009
0.13582
-0.12881
-0.532941
0.477041
0.794638
0.697243
-1.43787
-0.0931178
-0.0851516
1.60301
-1.42328
-0.179726
-0.416441
1.92502
-1.64867
2.50104
-0.852374
-0.732069
1.03802
-0.305947
0.0892597
-1.37982
0.0971443
-0.428959
-0.26034
0.410958
-0.150617
0.0025765
0.0258133
1.3351
0.707129
-1.27845
0.571323
-0.0263082
-1.54312
1.56943
-0.0506894
-0.102996
-0.00845923
-0.475352
0.483811
-0.443203
1.24736
-0.804161
0.192431
-0.1341
-0.0583306
0.0514565
-0.0351144
-0.0163421
-1.97395
1.77866
2.27699
-0.464148
-1.81284
-0.00207506
0.00667743
-0.00460237
0.00624641
0.169254
0.0959513
-0.596245
-0.844176
1.69244
0.00725856
0.0132421
1.75482
-0.989726
1.09732
0.161163
-0.161163
-0.119348
0.303723
-2.25465
2.2542
-0.943006
-1.3112
-0.945223
0.799667
0.145557
-0.0625047
-0.10633
0.168835
1.02509
-1.21543
0.190346
-0.589565
-0.200528
0.790094
0.656845
-1.98499
1.32815
-0.0879079
-0.806101
-0.208227
0.135803
-0.18581
-0.591203
0.777012
0.754652
0.421136
-1.17579
-1.35676
-0.409298
0.664473
-0.255176
-0.6648
1.02613
-0.361331
1.45778
-1.32913
0.231078
-0.370151
0.0806844
-0.211772
0.386501
-1.25987
1.24577
0.0141049
-1.28847
1.77762
-0.48915
-0.0164768
0.1271
-0.110624
-1.57528
-0.768614
-0.0351503
0.00862281
-1.63794
0.460014
-0.358163
0.27682
-0.180281
-0.551788
0.000840317
-0.0876103
-0.811507
2.01241
0.0432514
-0.350558
-1.51565
0.12073
1.39492
0.620329
-0.460232
-0.160097
-0.859603
0.185224
0.211448
-0.546647
0.3352
1.59548
-0.143834
-1.45165
-0.0503239
0.129866
-0.079542
-0.383557
0.627981
0.909959
-1.53794
-0.586253
1.53476
0.185063
0.676974
0.721041
-0.141592
1.58108
0.190094
-1.41003
1.38372
0.179647
-0.0820782
-0.0975685
0.292639
-0.19875
-0.093889
-2.00756
0.358895
-0.1115
-0.198743
-0.607439
-0.222844
0.25321
0.825722
-0.233321
-0.592401
0.186112
0.0940623
-1.19135
1.68122
-0.489872
0.15192
-0.241003
-0.0633672
0.334255
0.242005
-0.502346
-0.160073
0.433344
-0.273271
-0.058763
-0.0102763
0.0690393
0.821396
-0.475901
-0.345494
-0.0448934
-0.14384
0.188734
-0.279942
0.311708
-0.0317659
0.0248495
-0.333465
0.308616
0.29876
-0.0540924
0.390894
-0.0180019
-0.372892
1.51929
-1.02926
-0.958598
0.036061
-0.168255
0.132194
0.0747515
-0.0793832
-0.265845
-0.225321
1.12784
-0.302114
-0.0403123
-1.23879
1.2791
-0.353494
-0.0284668
-0.00850528
-0.592966
0.115251
-0.0637945
0.163829
-0.162455
-1.36775
-0.033806
-0.0768989
0.110705
1.32942
-0.977129
1.1472
1.12979
0.349732
-0.00473462
-0.141169
-1.6514
1.79257
0.75115
0.440735
-1.19189
0.0901277
-1.04114
0.681268
0.359875
0.55361
0.0667189
0.0396997
0.0470135
-0.0867132
2.15509
-1.15989
-0.995203
0.129997
-0.294139
0.164142
0.719717
0.390514
-1.11023
0.0691609
0.0973132
-0.166474
1.71275
0.0233143
-1.73606
-0.361974
0.0897691
-0.246115
0.289366
0.0397288
0.0321347
-0.0718635
-0.306062
-0.182227
0.0329095
0.0159327
-0.0488422
-0.443221
-0.665717
1.10894
1.13203
0.463444
1.00185
-1.04216
0.777612
-1.22081
-1.89251
1.78243
0.0376504
-0.102462
0.254396
-0.611481
0.357085
0.723141
1.00137
1.14587
-1.34159
0.195727
1.2277
-0.55073
-0.125073
0.0814628
0.0209258
-0.255379
0.234454
-1.65101
-0.436522
2.08753
-0.406966
0.434591
-0.0276258
0.00549339
0.15567
0.197467
1.49216
-0.136628
-0.0415154
0.636163
-1.52945
0.893287
-0.734523
-0.340594
1.07512
1.55673
-0.505305
0.571207
0.566212
-0.840048
-0.254188
0.00471447
0.249473
0.0190565
-0.182632
-0.472833
1.17996
0.00846739
0.0298488
-0.353868
-0.110094
0.463962
0.0128642
1.01222
0.688899
-1.22131
-0.45453
-0.413244
0.513627
0.752577
-0.932858
0.0598279
-0.0366838
-0.135762
-0.0921266
-1.94715
0.917899
-0.0668531
0.0614475
0.00540556
-0.0856027
0.0793881
0.00621464
0.200806
0.85125
0.180858
-0.0251624
0.0321783
-1.69251
1.66033
0.607326
-0.956924
0.349598
-0.0143978
0.0563186
-0.0419208
-0.717231
1.19223
-0.121172
-0.368914
0.490086
-0.267825
0.479273
-0.946955
1.44339
-0.496438
-0.519893
0.50892
0.0109733
2.13337
-0.0686679
0.322824
-0.300942
-0.0218827
-0.495145
0.233651
-0.171042
0.151047
1.28438
1.00315
0.183438
-1.53642
1.35298
-0.808357
-0.189345
0.997701
-0.274683
0.245643
0.0290397
0.132526
-0.0341736
-0.0983519
-0.00831297
-0.179642
0.187955
-0.0958514
0.0378784
-1.0276
-0.307579
-0.00598449
-0.12642
0.116709
-0.123434
0.382566
-0.259133
-0.22384
0.258884
-0.0350437
-0.00968918
0.188443
-0.178754
0.800091
-0.369723
-0.0653613
0.0181377
0.155223
-0.778774
0.623551
1.15983
-0.959022
0.0225044
-0.344361
0.321857
-0.957166
-0.656691
-1.39291
1.53127
0.935721
-0.236142
-1.33685
0.845555
0.491297
0.217708
-0.0906496
-0.127058
1.75918
-1.75918
-1.59082
0.106408
-0.734812
-0.243604
-0.620886
0.86449
0.587315
-0.541127
-0.0461884
-0.0646769
0.0414595
-0.00519391
-0.0362656
-0.00232094
0.202004
-0.199683
-0.440059
1.26305
-0.82299
0.427349
-0.0106898
-0.416659
0.795457
-0.706198
-1.06826
0.259905
-0.0389646
-0.20812
0.247085
0.00893782
-1.31798
-0.483471
-1.2255
0.742033
0.417651
0.0151475
0.229027
-0.244174
-0.265063
0.323397
-0.0583337
-0.223395
0.165059
-0.082249
0.0259483
-0.0685833
0.035553
0.094276
0.267268
-0.361544
-0.182086
-0.0732938
0.0513651
0.339529
-0.106932
0.0749825
0.0319496
0.00966242
-0.00552863
-0.00413379
0.0886694
-0.0796368
-0.00903257
-0.0633523
0.164289
-0.100937
-0.583691
1.34332
0.520598
-1.1336
0.612998
-0.145488
-0.080089
0.225577
-0.0556843
-2.4371
2.49278
0.879068
-0.552451
-0.326617
0.468302
-0.0458943
-0.195026
0.0175236
-0.0615203
-0.053641
0.183638
0.280658
-0.934224
0.653565
-0.428471
-1.28525
-0.194911
0.816354
-0.621442
-0.0852596
0.0569017
0.394679
-0.266352
-0.128327
0.524171
-0.368948
-0.76389
0.422377
-0.462346
0.0399691
-0.515151
0.32188
-0.164961
0.57921
-0.301612
0.321833
-2.01091
0.243757
-0.278029
0.520034
0.0263362
-0.234563
0.226915
0.00753831
0.317314
-0.302166
-0.0797591
-1.30782
0.724131
1.98868
-0.203161
-1.77562
2.24195
-1.09261
-1.14935
-0.0736337
0.454975
-0.086796
-0.745486
0.478803
-0.402637
-0.23637
-0.0178177
-0.583593
-0.399446
0.983039
0.0693747
0.255937
-0.325312
0.0379069
-0.875313
-1.99967
-0.299944
-0.316331
0.616276
0.735918
-0.128592
-0.235142
-0.0367933
0.271936
0.457916
-0.0803464
0.158053
0.0596552
2.01882
-1.36198
-0.896209
0.312616
-0.242423
-0.0488777
0.291301
-0.0434654
-0.146527
-1.06891
0.466135
-0.26957
-0.196565
-0.0810323
-0.0337475
0.907143
-1.1674
0.260259
-0.646811
-0.0548668
1.81404
-0.212832
-0.565943
1.5067
-2.0615
0.554796
-2.10661
1.68107
0.425542
0.144856
0.103486
-0.248342
0.149599
1.16045
-0.0100405
0.839718
-0.829677
2.7004e-05
0.315722
0.0336648
-0.0357399
-0.0197416
-0.269519
0.289261
1.26964
-1.4108
0.099601
0.335785
-0.324118
-0.011667
-1.47795
-0.11287
-0.582298
-0.349
0.385061
0.104631
0.00324201
-0.107873
-0.606434
0.300278
0.306156
-0.375928
0.327422
-1.09635
-0.491829
1.58818
-0.13521
0.00278109
-0.0652858
-0.177377
-0.302185
0.479562
-0.361355
1.37202
-0.150317
-0.859034
-0.0861896
1.11663
-0.350655
1.00101
-1.44107
-0.0263494
-0.00181653
0.028166
1.05881
-0.564447
-1.32208
-0.334482
-0.0752857
0.409768
-0.054178
0.198255
-0.0108
-0.368318
0.379118
0.414101
-0.081066
0.0936995
1.52675
-0.148402
0.295022
-0.063895
-0.422969
0.407032
-0.175452
0.0688891
0.106563
0.242861
-0.1064
-0.136461
-0.138654
-0.0407815
0.179435
0.354476
0.0470325
-0.401508
0.0628297
0.0549048
-0.197163
-0.0690155
-0.0472485
1.18289
-0.000988665
0.0781385
-0.0771499
0.0385644
-0.0794038
0.0408394
-0.00494554
-0.427945
0.43289
0.53364
0.248798
-0.658096
-0.0582545
0.349387
-0.0714511
-0.443914
0.141295
-0.126802
-0.0359485
1.78337
-0.980768
0.0962382
-0.220425
0.124187
-1.60223
0.209323
-0.106868
0.048702
0.0581661
-0.037225
-0.0292047
-0.302194
-1.80441
0.349461
-0.0578363
-0.80033
-1.37702
-0.403411
0.0495431
-0.790329
0.612952
0.956726
-0.733607
-1.31886
1.50229
-2.02101
0.370003
-0.219104
0.0932964
0.125808
0.0120321
-0.182852
-0.382259
0.565111
-0.219148
-0.0279744
-0.360551
-1.00945
1.37
-0.648623
-1.14188
1.7905
0.603451
0.336701
-0.940152
-0.00435949
0.310158
0.112219
-0.249915
-0.252431
-0.16555
-0.102303
0.267853
0.186761
0.347936
0.26723
0.127449
0.448752
-0.577973
-0.0222353
0.0376244
-0.594222
0.790625
-0.196403
-0.142207
0.405159
-1.30831
0.0466005
-0.00462998
-1.07187
0.347514
0.202901
-0.892209
-0.435084
-0.161119
-0.906563
-0.317882
1.22444
-0.129545
0.608347
-0.00764575
0.807312
-0.285079
-1.01525
-0.931907
-1.26713
1.45748
0.0749202
-0.184987
0.011358
-0.0589552
0.0475973
-0.623327
0.56477
0.0585561
0.677674
-0.795821
0.0100735
-0.0769266
-1.14525
-0.191603
-0.231774
0.156105
0.0756685
0.500956
0.32044
-1.45279
-0.162323
1.61511
0.0410435
-0.223129
0.312896
-0.207081
-0.105815
-0.227737
0.375832
0.147623
-0.171717
-0.0280035
0.19972
-1.30676
0.82237
-0.25449
0.0353423
-0.168958
-0.125182
-0.319156
0.0358996
0.0239283
0.0183642
0.273148
-0.00323177
-0.0686317
0.319782
1.33999
-0.647379
1.94835
1.0117
0.630449
-0.830978
0.0445005
-1.49729
-0.282996
-0.316386
0.372821
-0.0564349
0.162581
-0.00758572
0.0791099
0.0142605
-0.0539544
0.12142
-0.188578
1.76329
-1.57471
0.201593
-0.851715
-0.118047
-0.251557
-0.0666913
0.550684
-0.273831
0.346206
-0.0723746
-0.00649751
-1.50157
1.50807
0.627536
0.280793
0.306522
-0.567494
-0.563823
0.941662
-0.377839
-0.0137926
0.00485834
0.0745297
-0.315796
1.05371
-0.737915
0.00634497
0.142527
-0.148872
-0.125267
-0.654707
0.779974
-0.268728
-0.0582572
-2.0383
-0.0224299
0.17833
-0.173591
0.022304
-0.213051
-0.0414391
0.328893
-0.645224
2.23482
-0.941877
-1.29294
-0.105541
0.411227
0.0925468
0.220349
-0.286307
-0.176039
-0.168685
-0.0153354
-0.207043
-0.129105
-0.211278
0.859378
-0.984645
0.131636
-0.0908363
-0.0407993
-0.367968
-1.9697
1.07942
0.890272
-1.92407
1.86838
-1.1512
0.328902
0.822301
-0.041637
0.258797
-0.21716
0.671287
0.456549
-0.00618258
0.191372
-0.0834039
-0.20337
0.0256232
-0.253273
-0.0130793
1.08413
1.15069
0.0370572
0.0136473
1.61615
-1.36104
-0.031329
-1.3967
1.42803
1.23619
-0.0533009
-0.283055
-0.0751082
0.589417
0.0620235
-0.245639
-0.0525828
0.473151
0.751733
-1.62221
0.870474
0.0668892
2.38922
-1.44862
-0.940599
0.00991674
-0.1975
0.0911703
1.05559
0.549877
1.17425
-1.06784
1.11157
-1.76019
-1.24069
0.0181307
1.22256
-1.6351
0.114395
1.52071
0.0400903
0.0766188
2.46313
-0.00670829
-2.45642
-0.78795
1.4797
-0.691754
0.045065
0.213819
-0.931393
0.266593
-0.00219199
0.0479894
-1.34038
0.199512
-0.000254182
-0.0138343
0.0140884
-0.0930411
0.220045
-0.127004
0.146187
-0.494635
0.348448
0.519048
0.449007
-0.499942
-0.106491
0.0800903
0.84916
-0.937067
-0.0636941
-0.0488289
-0.244725
0.0507915
0.485373
0.795557
-1.28093
-0.691271
0.848143
-0.156872
0.0590573
-0.40714
0.348083
-1.00707
-1.5843
0.778794
0.805508
0.107995
0.854221
0.238713
-1.09293
-0.331128
0.214589
-0.237044
0.0224541
0.164116
-0.0344226
-0.239135
0.00399295
-0.279216
-1.54097
0.336935
-0.390996
0.784501
-0.393505
-0.686829
-0.660021
1.70135
-0.735259
-0.100783
0.176597
-1.41535
0.0686708
-1.40637
1.3377
0.0168117
0.0312635
-0.0480752
1.15695
-1.20146
0.0445099
0.138388
-0.0182742
-0.0667779
-1.46401
0.777179
-0.602543
1.28381
-0.35324
0.461023
0.288353
0.212405
0.0304562
0.797508
-0.376347
-0.00138279
0.679057
-0.956559
0.431917
-1.77928
0.637405
1.11442
-1.12092
-1.50592
1.31734
-0.152215
-1.45698
0.186644
1.27034
0.591695
0.224659
0.0330749
-0.947224
0.703621
-0.11127
-0.127749
0.23902
-2.02269
0.434921
1.58777
0.3658
0.81834
-1.18414
0.061918
-1.32905
0.754967
0.111456
-0.866422
-0.229651
0.0757913
-0.910267
-0.0787965
-0.0104129
0.0471578
1.48864
-1.46533
-0.0452982
-0.993926
-0.590376
0.683414
-0.0265132
-1.21418
1.10289
-0.24867
-1.6051
-0.0118106
-0.333825
-0.895961
0.324233
-0.174205
1.89251
0.235738
0.164913
-1.23382
0.132563
-0.100746
0.210488
-0.461258
0.319137
-0.536942
0.217805
0.200368
0.0826306
-0.282999
-0.28519
-0.0157512
0.236626
0.284222
-1.13567
1.13885
-0.00317751
-0.73499
1.15986
-2.04818
0.888316
-0.478292
-0.05429
0.0839748
-1.48198
0.151217
1.33076
-0.369596
0.882497
-0.65537
0.693277
0.156109
0.957037
0.550328
-1.00486
-0.808356
-0.195878
1.00423
-0.380429
-1.31114
0.950587
-0.119184
0.122567
-0.00338287
0.0449345
-0.0868553
0.972496
-1.44533
-0.785687
-0.0578137
0.8435
-0.052926
0.026074
0.026852
-1.09015
0.435443
0.0355656
0.0237901
-0.220915
0.391448
2.21631
0.246824
-0.804556
0.794516
-0.255308
0.0863498
-1.2378
2.04456
-0.806763
-0.0732877
0.061183
0.0732
0.359003
-0.0198293
0.971708
1.19349
0.650562
-0.926496
0.281284
-2.02405
-0.159342
0.125536
0.168297
-1.14543
-0.228889
-0.938513
-0.200852
0.0504609
0.776147
-0.384699
-1.5414
0.267663
1.25909
0.177061
-1.67336
0.296959
1.3764
-0.091158
0.46699
0.769108
-1.1465
-0.291364
0.731716
-0.323437
-0.40828
0.84923
-0.292834
-0.556396
-0.170585
0.0364846
0.634669
-0.659057
0.0243876
-1.30615
1.04821
0.257942
0.353642
1.08975
0.000623588
0.104007
0.743346
-0.494548
-2.06285
0.790132
1.27272
-1.94244
1.50592
0.937835
0.75343
-1.69126
0.795376
-0.739158
1.79019
-0.597317
-1.19287
-1.03725
0.161793
-0.0803305
-0.176646
-0.102558
0.185029
-0.0311103
0.107234
-0.0761242
-0.296872
-0.0248367
-1.73902
-0.201426
0.0713296
-0.0910712
-0.0289495
-0.0128775
0.98481
-0.505316
-0.479494
0.764702
-0.464424
-0.116754
0.123
-0.133852
1.27972
0.0316155
-0.0148039
-0.330631
-0.759518
-1.46892
0.562362
-0.0652643
-0.0741693
0.119548
0.0902454
0.0921888
-0.0808308
-0.480599
-0.469867
0.0854003
-0.0737208
-0.0116795
0.171399
-0.83
-0.440729
1.27073
-0.253319
0.0402678
-0.125041
1.10975
0.994798
-2.10455
-0.376496
0.979947
0.204394
-0.0814517
0.653682
-0.815179
-0.750531
1.56571
-0.951517
-0.966969
0.567523
0.298298
-0.19649
-0.101807
1.00527
-1.23819
-0.149116
1.84688
-0.687014
-0.171423
0.0990181
-0.421041
-0.712556
0.0828119
2.04338
-1.78243
-0.260941
-0.888493
-0.580432
-0.324091
0.157473
0.0631509
-1.02782
-0.207048
1.23487
0.221315
-0.0610476
0.0673925
-1.64801
-1.51742
0.658211
0.859209
-0.154137
-0.00463355
0.158771
0.93554
-0.560101
-0.375439
0.100077
-0.154031
0.0737152
0.0788118
0.812358
-1.90871
0.746251
0.102979
-0.314306
-0.581903
0.324781
-0.0688445
0.143487
0.278478
-1.10848
0.0243937
0.350259
-0.483281
0.27151
-0.082905
0.000534779
0.0823702
0.974807
0.815378
0.560086
0.0579838
0.634934
-0.322982
-0.311951
1.70409
-1.40713
-0.379985
-0.268025
0.139653
0.0244636
0.205256
-0.0584438
-0.303101
0.00407105
-0.123255
0.525553
-0.0371552
-1.80078
-0.0193363
-0.134801
-0.0656008
0.00664558
1.04742
-1.05506
0.870238
-0.424214
-0.446024
0.00368536
0.104077
-0.00661171
0.00635753
0.400583
0.0239879
0.0450514
0.0103283
-0.48623
-2.58072
1.00551
1.57522
-0.061099
0.00381251
-0.0413951
0.0986711
0.112644
-0.265725
-0.280923
0.607373
-1.42255
0.0841921
-0.977344
2.0871
0.617371
-0.0655884
-0.551783
-0.612505
-0.496799
-0.0443274
0.0859416
-1.11754
0.499694
-0.739921
0.240227
0.0311843
-0.166607
0.135423
-0.198466
1.16979
1.33125
-1.37573
1.40713
-1.92987
1.46062
0.469244
1.10649
-2.08383
2.28409
-1.13372
-1.03722
-1.02277
-0.0449266
0.180747
-0.0510621
-0.42429
-1.55578
0.098795
-0.014266
-1.32733
1.2141
-1.97111
0.757017
-0.0506603
0.227456
-0.398626
0.150165
-0.139192
1.02951
1.35971
-2.05116
0.813362
-0.169209
-0.782308
-1.36005
0.0461766
-0.212784
1.92407
-1.99273
-0.133264
-1.08328
0.0713702
1.29112
-0.663136
-1.69173
1.75615
-0.0644243
0.454636
2.03814
0.427843
-0.0656987
-0.362144
1.76299
-0.651419
0.223295
-0.0427971
0.737356
-0.745862
0.084546
0.127859
0.646066
0.844596
-1.49066
-0.565788
-0.447921
1.03652
-1.07544
0.0389138
0.143642
-0.413212
-1.73318
0.737129
0.996051
1.42854
-0.271592
-0.952513
-0.113285
0.881845
-1.2325
0.273027
-0.522942
-0.304609
0.445904
-0.623081
0.440229
-1.36201
-0.687788
2.0498
-0.423546
0.470579
-0.415037
0.23281
1.07861
-1.1648
0.0712535
1.36227
-2.00965
-0.242332
-0.480527
0.209214
-1.16824
0.106181
0.69463
0.457703
0.0142719
-0.605475
-1.65809
0.339236
0.0739507
0.298786
-0.372737
0.0661632
-0.302425
1.13804
1.10392
1.23413
-0.973874
0.077654
-0.091176
-0.342794
0.422498
-0.396417
0.315351
-0.654362
-0.945612
2.0521
-0.274812
0.382807
-0.499467
-1.06945
1.56892
-1.41856
0.630609
-0.0643188
0.345947
0.0869435
-1.45027
-0.0653767
-0.147916
0.64761
-1.25671
-1.32401
2.04338
0.552273
-1.37811
1.00645
-0.557439
-0.210462
0.423069
-0.310849
-0.221119
0.243623
-1.56266
0.213923
-0.777746
1.10986
-2.05547
-0.801219
-0.227627
0.461278
-0.131975
-1.55975
0.976079
-1.41116
1.33483
0.67175
-1.50258
0.830828
1.19919
-0.150981
1.87317
-0.905243
-1.07287
1.97811
0.557257
1.23918
-1.01786
-0.640166
-0.877254
-0.969991
-0.959878
0.438021
-0.77111
1.3955
-0.624391
-0.120807
1.35893
-1.23812
-1.01006
-0.962869
1.97293
0.920676
0.115847
0.243404
0.363749
-0.374114
0.270039
0.104075
0.000160339
-0.241163
0.498124
-1.38662
-0.739877
-0.377927
-0.2454
-0.166039
0.513554
-0.234361
0.847676
-1.98812
0.770789
1.21733
-0.0469755
-1.61838
1.66535
0.0244053
-0.241039
0.0413565
0.606542
-1.84924
1.84924
-0.0477381
-0.0133303
0.0610683
-0.63928
1.06042
-0.0784857
0.124662
-0.762227
-0.291009
0.638945
-1.37573
-0.0809838
-1.27987
0.29014
1.25306
-1.24412
-1.20182
0.173999
-0.176231
0.508657
-0.332426
0.125502
0.509167
0.257254
-0.0568857
-0.962845
-1.19172
0.181455
1.01026
-1.38318
-0.414124
-0.814507
-1.23367
-0.0036325
-0.168084
0.153705
0.128646
-0.414954
-0.0431978
0.039966
0.354378
-0.278802
-0.344279
-0.914078
1.36579
-0.451709
0.322201
0.199077
-0.22443
0.384586
-0.160156
-0.427136
0.163033
0.411179
-0.524056
0.112877
-1.17453
1.90682
-0.968988
-1.3595
-1.8206
0.319032
-1.53444
0.0487072
0.991147
1.16394
0.172115
-1.06808
1.18639
0.059379
0.0258749
-0.379115
0.646548
0.624603
0.170773
2.02659
-0.91673
-1.06991
-0.730451
1.80036
1.13803
-0.00693347
-1.13109
0.0246636
-0.104067
-0.184357
0.16788
0.130223
1.33542
-1.46565
-1.18537
1.12092
0.0644498
1.18537
-1.31734
0.204863
-0.255523
-0.946947
1.02274
0.070957
-0.0356131
0.0905179
-1.67492
0.177007
1.50995
-0.838202
-0.302409
-0.0645008
0.13339
-0.415708
0.928396
0.245114
-0.0809721
0.631895
-1.36981
0.170123
-0.228454
-0.54906
-0.055756
0.618877
-2.04725
0.504126
-0.0695207
0.417961
-0.34844
-1.04192
-0.929196
0.0625895
0.696323
0.494196
-0.876743
0.0721867
-0.0972012
-0.309939
0.0998705
-2.10167
1.06446
0.0662256
-0.0180338
-0.284132
0.0508349
-0.0324707
-0.0816477
-1.42862
0.642721
-1.54098
0.898261
0.0568574
0.236222
-0.29308
0.0241994
-0.200249
-1.03197
1.32211
0.625157
0.35479
1.33697
-1.1465
0.177082
0.0393119
1.73408
-2.02085
0.286774
0.148771
-0.450957
-0.794696
-0.0717263
0.35956
-0.434846
0.358467
-0.350929
-1.26103
0.121482
-0.0980038
-0.0234782
-1.48652
0.1945
1.29202
0.408723
-0.367679
-0.0096456
0.36032
-0.350674
1.16024
-1.18676
-0.326304
0.408934
0.613893
0.250597
-0.270015
0.345684
-0.0329766
0.0898783
0.185995
0.639216
-0.825211
-0.427626
-0.0670086
-0.926828
-1.01254
1.93937
0.0676059
-0.235515
0.359702
-1.01004
1.86838
-0.0342296
0.0462617
0.0435403
0.0482771
0.122318
2.10691
-1.02277
-1.22456
0.756414
-0.542491
-0.742745
2.01546
0.0170077
0.00698019
-0.269212
0.274705
0.043328
-0.120478
-0.280057
0.177754
-0.309363
0.416187
-0.287541
1.11963
-0.0742897
0.125125
0.299415
-0.0703883
0.0351458
0.382651
0.0904999
0.4756
-0.754402
0.199088
-0.227875
0.0287868
-0.0374046
0.0686681
0.173374
0.893056
-1.06643
-0.236835
0.109086
0.479181
-0.608726
1.94107
-1.2087
1.01762
0.902529
0.0927592
0.550667
-1.10688
0.337437
-0.417784
-0.383654
1.28651
0.73231
-1.49038
1.49038
1.71194
-0.831304
1.08907
-0.0127753
1.52675
-1.51397
0.919318
1.02513
0.77513
-2.13714
0.158987
-1.14363
-1.35629
-0.210543
-1.43538
1.64592
-0.39262
-0.12253
0.0687543
1.10649
0.153811
-0.260212
-0.740065
1.4758
-0.735734
-0.173206
0.257752
-0.0206663
-0.203251
0.756861
2.63761
-1.08497
-1.55264
1.61695
-1.46574
1.12622
0.202826
0.0282888
-0.00062174
0.0247228
1.56259
0.557701
1.13733
0.543897
0.0200237
0.186943
-0.206967
-0.331603
0.206422
0.172132
-0.183693
0.0115605
0.153368
-0.20611
0.0527422
0.517713
-0.437623
0.321774
-0.463982
0.423295
-0.248726
0.018468
-0.0651507
0.000473789
-0.385585
0.461711
-0.0761254
-0.309572
0.278802
0.0307699
1.99273
-1.62693
0.488358
-0.475957
-0.0124004
-1.48864
-0.325978
0.254527
-0.981576
1.90089
0.247375
-0.314066
2.14419
-1.36906
0.23569
-0.299585
-0.148792
-0.102955
-1.34445
0.00852154
1.60736
1.27713
-1.06792
-0.102826
0.138208
-0.0722483
-1.48722
-0.279853
0.274445
0.23314
-0.351187
-0.349067
0.276692
-0.0786438
-1.33592
1.30459
-1.45744
1.46934
-1.16414
-0.462016
0.413121
0.660789
0.369568
-0.382647
-0.0489045
0.0596137
0.338746
-0.39836
-0.350329
1.41196
-0.950269
-1.03729
-2.04976
-0.0731305
0.0692692
0.00386123
0.00114682
1.43514
-1.43629
1.72705
-1.39011
0.308907
-0.365342
2.12684
-1.02035
0.904076
0.661086
-1.56516
0.217988
0.0271264
0.688052
-0.276825
0.172595
-0.785202
-0.0665125
-1.16627
0.725538
-0.401148
0.204657
-0.15532
0.088542
0.292551
-0.350387
-1.06552
1.57042
-0.826577
0.000916006
0.0567105
0.326798
0.70833
0.0915418
0.543392
1.70816
-1.51366
0.288223
-0.34648
1.18038
-1.64404
-0.113025
-0.824042
-0.138668
0.0377312
1.11442
0.256039
-0.0494632
-0.00307237
0.00928702
0.00239094
-0.199554
-0.26241
0.252764
-0.570331
1.64976
-1.21606
1.20329
-0.418872
0.986395
-0.701605
0.0997524
0.134878
-0.124805
0.203536
0.901349
0.677099
-1.57845
-0.879566
0.538972
-0.240966
-1.78173
-0.645293
-0.008601
0.124489
0.162301
-0.28679
1.4545
0.155425
-0.177383
0.17567
-1.78953
1.74256
-0.199061
-0.28422
1.15331
-0.171628
-0.112211
0.28384
1.77657
-1.22669
-0.905989
2.03317
-1.12718
-0.953035
1.56655
-0.613516
-0.318199
0.144993
-0.391005
0.0084244
-0.092937
0.0845126
0.693075
-0.874562
1.37367
-0.499104
-0.266538
0.0715124
-1.4525
-1.95214
0.962178
0.989965
-1.59365
-0.360469
-0.401758
1.05869
-1.96393
0.246376
-1.00589
1.28767
-1.93297
0.299104
0.485397
1.77808
-1.20687
0.110615
0.192506
-0.303121
-0.0243821
-0.226934
0.318105
0.0019477
-1.31834
1.31639
-0.131595
-0.401346
-0.0338792
0.0725079
-0.0386286
1.23988
-1.00116
0.5622
-1.34917
0.786965
0.21958
-0.0634707
1.78083
-0.789777
-0.0191427
-0.215421
0.685427
-0.773205
-0.0226154
0.172609
-0.13655
0.294217
0.31655
-0.610767
1.47837
-1.78548
0.307114
-0.298984
0.201014
0.0906573
0.299918
0.628478
1.7625
-0.182926
0.149046
1.76332
-1.64893
-1.96161
0.888744
0.800532
-1.99515
1.19462
-0.993647
-0.455891
1.44954
0.933162
0.768185
-1.60251
2.02085
-0.418341
-1.47297
1.32914
0.18955
0.588334
-0.777883
-0.0654537
-0.877228
1.52153
-0.644302
-1.60251
1.17425
0.459753
-0.188243
-0.125831
-1.0424
0.185172
-0.806614
0.100471
-1.65708
0.832326
0.824757
-0.298699
0.217727
-1.66465
0.547184
1.11747
0.755914
-0.45681
-1.08934
-0.924324
2.01213
-1.2116
1.36708
-0.139142
0.153657
1.61474
-0.70478
-0.655436
1.36114
1.11635
-1.1144
1.72847
-1.25922
1.34085
-1.38248
0.0416333
-0.0781536
0.00441397
0.0737396
-0.759891
0.0249008
-1.01062
1.98233
0.377695
-0.117784
0.676987
0.258734
-0.632274
1.56389
0.970144
0.229049
0.518865
-1.51251
-1.00522
-0.946924
-1.66896
-1.34443
-0.791176
-0.865907
1.77223
-1.19016
-0.58207
0.93725
0.0333182
-1.82285
1.62693
-0.362797
0.287689
0.306129
-0.246515
1.33808
0.706483
0.383822
0.133891
1.72067
0.0218921
-0.148794
2.3651
0.735191
0.29094
0.283457
0.950676
0.792517
0.333287
0.880182
0.722739
-1.60292
-0.383226
-1.46781
0.696702
0.265305
-0.140409
0.212917
-0.180416
0.396843
-0.431249
0.310077
0.255429
-0.10845
0.793858
0.716093
1.56842
-1.36193
-0.206494
-0.16072
0.164791
0.547743
-0.0398762
0.0483006
0.0191509
0.256779
0.545485
-0.611074
-1.54127
0.703066
-0.407947
-0.203535
0.263091
0.026275
0.339702
-1.48075
-0.0744194
0.100493
-0.0659132
-0.130731
-0.0905094
0.00689395
0.0836154
0.0225136
0.587574
0.000198923
-0.0313338
-0.304946
-1.22436
-1.05029
0.252453
0.797839
1.63453
-0.328591
-1.30594
-1.15436
1.68879
-0.534429
0.737641
-0.113037
-2.0171
1.11111
-0.146709
1.70016
1.84744
-0.842177
0.0338778
-0.183393
0.149515
0.880576
-0.655918
0.0294933
-1.21625
1.53101
1.57833
-0.0576283
-1.75199
1.02154
-1.2019
0.0708035
-0.0246143
0.0129053
-0.175456
0.162551
-0.190021
-0.186469
0.162744
0.0237254
1.91246
0.367171
0.259268
-0.00954005
-0.183875
0.193415
1.59601
-0.844279
-1.63525
1.66857
-0.212471
0.178048
0.144143
-1.00144
-1.04581
-0.769781
1.49989
-0.730112
-1.2451
-0.783617
2.02872
1.74425
-1.57358
-0.170674
0.706019
0.0341251
-1.00789
-0.970429
-1.37782
-0.00466713
0.836659
-2.09825
1.2616
0.217483
-1.81114
-0.389433
1.35958
-0.144907
-0.369281
0.514188
-1.14512
-0.959427
-1.50147
0.365957
-0.383959
-1.49497
-0.0937611
-0.022126
0.115887
-0.5688
0.418844
0.149956
0.326725
-0.0205959
0.827847
0.672045
0.0580638
-0.0201854
0.0916623
-0.0104463
-1.07277
1.1144
-0.000665481
0.163247
-1.07277
1.80932
-0.807951
-0.00610503
0.437385
-0.0893022
-0.953766
1.95358
-0.999817
0.119303
-0.0125253
0.944299
0.62612
-0.296995
1.37543
-0.0115754
0.683297
0.446354
-0.564748
0.118394
2.10928
-1.27262
0.739216
-1.24419
0.0524783
-1.95816
0.754826
-1.49056
-0.268136
0.594772
-0.326636
1.60981
-0.712729
-0.897081
-0.797575
-1.16991
1.96749
0.0235471
1.49377
-1.53027
0.0364988
0.428406
-1.43786
-0.997865
2.1175
-0.143968
-0.406768
0.550736
0.208451
0.928894
0.680916
0.284788
-0.312762
1.73408
0.771625
2.45824
-1.67278
-1.36663
-2.14299
-2.03313
1.1164
-0.36541
-1.28936
1.6286
-0.256421
-0.973311
0.13991
-0.522169
2.36378
-0.55453
-1.60537
-1.8099
0.0939392
-1.54916
0.757986
1.10562
0.927548
0.934383
0.292174
0.518536
-0.810709
1.07185
0.92751
-1.99936
-0.171852
0.722536
-1.3602
1.91162
-0.55142
0.369148
1.2478
0.410787
-0.00375531
0.368004
-0.889762
-0.447234
-0.486989
-1.72737
1.57858
0.846625
0.824471
1.63377
0.338077
0.101675
1.3212
0.822985
-0.00958974
1.66461
-0.735714
1.60816
-0.962095
0.145885
0.0749649
-1.56219
-0.0560788
2.19491
-2.13883
0.00442353
1.564
1.51757
-0.762746
-2.30017
0.865754
1.43442
-1.92463
1.12705
0.739657
0.621478
0.0370172
0.17847
-1.35971
0.980927
0.585625
-1.54498
0.0875426
-1.4757
0.262963
1.72737
1.50987
-0.793777
0.102323
-0.0108816
-0.0914416
0.953873
0.710735
0.83676
1.17537
0.654625
0.773915
-1.18594
2.0227
-1.49211
0.0404621
1.69046
-1.66857
1.58503
-0.757183
-1.89177
0.799159
0.609589
1.75419
-0.372518
0.832666
-0.460149
-0.268157
0.29255
0.0547224
0.192362
0.0759366
-1.32005
1.07904
-1.28815
0.456847
0.777053
1.27275
0.903803
-0.603886
-0.271395
-0.19552
-0.462141
-1.37698
0.0496489
-0.997026
-0.95405
1.95108
-2.04229
0.830692
2.2352
-0.856349
-1.37885
1.01863
-0.118978
0.303325
-0.184347
-0.387337
-1.98006
0.810145
-1.92725
0.973483
0.785441
-1.96168
1.17624
1.11635
1.56587
-1.04701
0.171092
-0.163607
-0.00085517
0.169502
-0.393932
1.05061
-2.2002
1.14958
-1.05145
-0.700544
-0.744356
0.401831
-0.524362
-0.780697
-1.70287
-0.0481662
0.00496841
-0.352442
0.404586
-1.85317
1.53027
0.322904
1.33379
0.901409
1.22859
0.880689
1.128
-1.16226
1.21621
1.66184
-2.15678
0.884163
1.49377
0.195441
0.0239135
-1.63525
1.54395
-0.840887
1.00602
-2.6788
-0.0500591
0.124298
-1.68695
0.0150985
-0.701927
0.207379
1.65233
-0.929589
-0.028368
-0.975218
-0.169729
1.14495
1.16226
-0.0459115
0.009986
0.0387822
-0.136786
-0.258814
0.210406
0.238811
-0.28025
-0.282514
-0.0302326
-1.90919
0.912169
1.70685
-0.766102
-1.62236
-0.0290036
2.29377
-1.42801
0.419897
1.98247
-0.923783
1.7269
-0.894574
-0.77983
1.66467
-2.05928
0.873339
-0.785573
0.040087
-1.24394
-0.742387
2.4069
-1.40088
1.01097
-1.71152
0.295239
2.24336
-0.567165
1.05164
-0.484476
1.44568
1.65802
-0.912547
-0.745471
-0.736185
-0.160592
0.896777
-1.06595
-1.85317
1.49429
-1.30304
-0.191246
-0.307136
1.12803
-0.820896
-1.49806
0.945182
0.0259657
-0.0173428
0.105338
2.17973
1.97687
-0.810926
0.441331
-1.26147
1.26589
0.0738661
-1.43579
-1.5869
0.00501046
1.58189
0.628746
-0.824624
1.14485
-1.57333
2.15786
-0.870186
-1.38583
1.38583
0.661061
1.00078
-0.0694183
0.358679
-0.782646
1.73652
-1.46769
1.46769
-2.22541
-2.00514
1.08082
0.456573
0.158802
-1.61591
-0.773067
0.39672
-0.0802164
-1.64805
0.0321414
0.469595
-1.04181
1.96961
-0.57961
1.55701
-0.977398
-1.45692
-1.51183
1.30129
-0.084049
0.438248
-0.582216
1.31872
0.787461
0.6916
1.02034
2.12944
-1.24876
0.872302
0.337323
-0.770723
1.7817
-0.809374
0.150317
-0.907721
1.49429
-1.5106
2.41125
-1.59788
0.936725
-2.0639
-0.791075
1.78713
-0.00124678
1.30304
-1.29803
-0.126236
0.568085
0.280337
-0.848422
-1.49493
1.49493
1.90044
-1.06561
-0.834831
-1.46533
0.659681
0.699897
-1.65313
1.65313
1.05765
0.842786
0.0434968
1.98552
0.36647
0.142187
-1.41191
0.0518607
1.80619
-0.429789
2.00506
-1.76393
2.29294
-0.981707
0.898636
-1.12792
-1.29803
-1.56746
1.56746
-1.30423
2.20564
2.1502
-1.26604
-1.93138
0.936177
2.07665
-1.13993
-0.970212
0.663076
-1.91449
1.03596
0.878536
0.348154
-1.92343
0.98626
1.45237
0.790985
-1.26147
-1.43383
1.43383
0.0208637
0.128735
1.1876
-1.21621
0.0286136
1.48991
-1.57858
0.0886708
-1.9183
0.971056
0.947242
1.07574
0.952976
0.148475
-1.1876
-1.48991
-1.21259
1.90419
-1.22581
2.09914
1.77452
-0.752978
1.26589
-0.856841
0.939045
1.0054
-0.882341
-0.948731
-1.1351
0.239111
0.747124
-1.60732
1.27071
-1.20393
-0.591068
0.838185
1.1293
0.989552
1.29453
0.419503
-0.142546
-0.0115389
-1.30549
-0.965749
2.27124
1.04539
0.754972
-1.29767
-1.15899
2.45666
-2.09453
-0.758964
0.350684
-1.87188
0.806272
-0.684766
0.914914
-1.58211
1.83768
1.02692
-1.90926
-0.622862
0.0439329
-0.753835
1.79922
-0.934446
0.903639
-1.13723
1.88964
-0.752411
2.09964
-0.971634
2.14423
-0.935084
-0.90485
1.93177
-0.803141
0.0639834
0.607123
0.838552
-1.05342
-0.0465786
-1.43137
-1.08411
-0.806908
0.422209
0.137118
-0.10324
-1.93379
0.928569
0.914111
-0.748386
0.954095
-2.09402
-0.967315
-0.0400473
0.484307
-0.942101
-1.00233
-1.14155
1.97974
0.931194
0.944254
0.965796
0.901448
1.32224
-0.499937
-1.08587
-1.20236
-0.994073
2.19643
-0.846566
1.74791
1.14149
-1.0789
0.760419
-0.281237
0.924384
-2.07109
1.14671
0.160492
-0.9428
-0.547861
-1.14043
-0.966231
-1.08108
0.0577555
0.36554
-1.05751
-0.876277
0.843963
1.89464
-0.936873
-0.957768
-0.792515
1.91957
-1.00602
0.403431
0.896402
-1.95391
2.37168
-1.03049
-1.34119
1.94315
-0.813847
-0.401591
0.872007
-1.85002
0.978008
-2.26792
0.963691
-1.88562
-1.03725
-0.806803
2.3457
-1.29508
0.323744
-0.0527883
-0.0123624
-1.16964
0.939596
-0.710586
-1.17503
-1.23539
-0.865722
1.95119
-1.08547
0.950756
-2.12039
-1.353
1.00786
-1.91271
-1.89409
1.02068
0.969332
-2.10976
1.02872
-1.25519
-0.145053
1.40024
1.20133
-2.13641
-0.782377
0.317954
1.05486
-1.88969
0.989116
-2.34212
0.7122
1.40269
-1.43565
0.0524685
1.09713
1.10226
0.840888
-2.00395
1.11256
0.891386
-0.0954402
0.381603
0.746429
1.10572
0.845323
-1.86153
1.01621
-1.15999
1.73542
0.0555989
-0.89816
1.90602
-0.378813
0.750176
-0.862712
-1.1802
2.04291
1.21685
0.724227
0.157989
-0.192163
-1.17366
1.93955
-0.837288
0.786028
0.988001
-1.77403
1.42294
-2.35002
2.41206
-1.61844
-1.05697
1.95337
-1.07383
-0.880086
1.15901
-2.15308
-0.230784
-0.964665
-0.885351
1.06306
-1.84685
0.783793
-1.63029
1.09592
-1.84833
-0.996481
0.108077
0.148702
0.156968
0.918946
0.839231
-1.8039
-1.15215
0.465354
-0.845378
1.55275
1.08486
-0.924687
-0.984856
1.00061
1.06166
-2.46254
1.23898
0.860655
0.00795083
-1.14885
-0.78412
0.131342
-0.00424195
1.1182
0.86154
-0.77128
1.55874
-0.137909
1.1208
-1.83139
0.9347
-1.87157
-0.801557
-0.747606
0.0363001
-0.473343
0.894221
0.782123
1.06841
-1.85054
-0.826635
-0.917196
-0.200377
0.246641
0.982013
-1.92411
-0.0448676
0.554722
0.894816
-0.173843
0.0926199
0.0812233
-0.0193009
0.778437
1.02079
1.95909
2.13821
-1.23677
-0.630811
1.95896
-1.1724
0.660485
1.13002
1.27834
0.0884522
1.87804
2.24203
-0.9452
-1.17519
0.0536684
-0.0893874
0.035719
-1.3725
-0.100469
-0.148683
0.505768
-0.727529
1.45146
-0.116041
-0.318814
0.116912
0.201902
0.0577938
-0.0247004
0.0340164
0.0412548
0.873619
0.811441
0.0802864
1.1061
1.5816
-0.804426
0.276176
-0.282422
-0.00738971
-0.00594057
-0.637627
1.66635
0.85811
0.0951786
-0.501947
1.9741
1.12571
2.09735
-1.19371
-0.856929
-0.789956
1.88708
0.185646
1.24168
-2.01029
-0.966577
1.1709
-1.83294
0.662036
0.0206741
-0.403508
0.0528335
0.777178
1.82634
-1.30996
-0.516388
-0.129454
-1.36265
-0.108088
-1.09373
0.679154
1.29046
0.0575413
-1.91939
-0.102456
-0.0443563
-0.0749384
0.119295
0.643803
-0.974775
1.2824
-0.307621
1.78825
-0.395414
-1.39283
1.08809
-0.0660615
1.39682
0.944507
1.19553
-0.90909
-1.47002
-0.491635
-0.499549
0.991184
0.118749
1.07401
-0.528526
0.378836
0.149691
2.36143
-1.43024
-1.25735
-1.02834
-0.837592
-0.481993
1.31958
0.0556486
-0.991538
-0.123089
0.439101
-1.62234
1.72954
-1.3776
-0.854676
1.23628
-0.111454
0.0642053
-0.240879
-1.19428
0.219507
-0.729131
0.557279
0.0632694
2.27956
-0.973339
-1.30622
0.773152
-1.06203
1.38107
0.254653
-1.15834
0.903687
0.973451
1.15339
0.094545
1.62341
-1.12088
-1.07932
-0.0974084
0.08772
-1.81817
0.0742571
-0.0379846
-0.797386
0.0756483
1.4087
0.870857
-0.254797
1.62518
-1.37038
1.02959
-0.587011
0.181624
-1.53792
0.494385
-1.01136
0.516975
1.33413
-1.64887
-0.897256
2.19196
-0.880761
1.88177
0.517674
-0.373531
-0.0384306
0.0384306
0.169618
-1.17078
-1.09556
0.513011
-0.156921
-1.10542
-1.18699
0.247576
1.82309
0.16367
0.196033
-1.08932
1.89559
1.0662
-1.90349
-2.12695
0.951754
-0.0777173
-0.0427606
0.94465
1.3152
0.161333
-0.899564
0.512815
-1.2171
2.15669
-0.124985
0.0516976
1.02493
-0.152261
-0.516964
-1.33227
-0.841487
1.90769
-0.0409314
-1.50515
0.73387
0.0284424
0.919929
-0.124089
0.162837
-0.0387476
0.933421
-0.110805
-0.33432
0.19777
-0.0470493
0.0470493
-0.782506
0.456976
-1.69091
0.943302
0.0281807
-0.034835
-1.18244
-0.0303247
-0.225182
-0.0960094
-0.052405
-0.471387
1.61098
-0.645186
-0.121231
-0.405848
1.01239
-1.11619
-0.354533
0.0163489
0.338185
-0.078603
-0.0945399
-0.0783766
-0.41206
0.282955
1.61024
-0.803159
-0.277551
0.797767
1.34192
0.951021
-0.226561
-0.0922532
-0.18076
0.973355
-0.160983
1.74875
-0.602633
-2.14151
2.74414
-1.06784
0.506358
-0.0664447
-0.0618652
-0.0767419
-2.40358
-0.0944142
1.08538
-0.181017
-0.904359
-1.57662
0.110881
1.58932
-0.153036
0.0727052
0.413356
-0.782311
-0.616898
-1.83953
-0.00782056
-0.0698967
-0.0922775
-1.13227
0.349957
-1.33314
1.26872
-0.0251578
1.06979
1.2736
-2.3434
-0.137378
-0.201374
0.554088
-0.292893
-0.0737399
-0.834793
0.462275
-1.23239
0.189985
0.386455
0.492342
0.243576
1.01266
1.27714
-2.2898
-0.0861052
-0.553503
1.24983
0.978222
-0.986863
-0.937251
-0.0727912
-0.491626
-0.0601566
0.772232
0.0560646
-0.192959
-0.343983
-0.758025
-0.164388
-0.0621641
0.383627
0.130062
-0.0234987
1.0541
-0.0696603
-0.788818
0.975462
-0.260306
1.35695
0.591407
0.551388
-0.845402
0.0223077
0.95956
-1.77326
-1.12536
2.29514
-0.111925
-0.195654
-0.171416
1.20169
-2.32704
1.3399
-0.867876
0.945276
-0.0807054
0.294524
-0.702984
-0.585167
-0.117859
0.0417346
-0.864921
1.28442
0.46577
-1.30336
-1.54824
0.177855
1.62792
-0.834209
-0.793708
0.628035
0.219641
0.210833
0.464658
-0.675491
-0.98423
0.492595
-1.32873
1.68956
-0.165676
1.36319
-2.39639
1.0332
0.878241
-0.704867
0.00612181
-0.116745
0.406692
-0.151126
-0.410097
1.20433
-0.794231
0.870137
-1.30412
0.433986
-1.0702
-0.888248
1.89491
-0.923856
1.10949
-2.45068
1.23278
-0.547352
-1.30104
1.89689
0.204211
0.179284
1.37924
0.433226
0.828611
-1.26184
-0.406436
0.151949
-0.0221613
-0.957038
-0.908811
-0.77165
1.68046
0.474981
-0.874326
-0.132514
0.00166659
0.130847
-0.372765
1.89224
-1.47916
-1.94091
1.30575
1.33116
-0.014775
0.600408
-1.57781
0.110605
-0.234694
-0.0406995
-1.54141
0.443338
-0.574933
-0.549913
-1.24588
-1.76081
0.611963
-1.52569
-0.183771
-0.291239
0.886368
1.05808
0.201678
0.883698
-1.50117
2.57096
0.985377
-1.09825
-0.0210668
0.37251
-0.667738
-0.621488
1.28923
-0.0104951
-0.069264
1.99602
-0.443284
0.0113485
0.0121476
0.986269
-1.20538
-0.00880032
-1.37123
-1.24858
0.285731
0.364077
-1.21875
-1.02385
1.90239
2.38309
0.125771
-2.43156
1.34658
0.860258
1.01825
-0.578846
0.433939
-2.47403
0.922883
0.417272
0.964689
0.228109
-1.65003
1.82788
0.0243253
-0.0222569
-0.00206841
1.21805
-0.963394
-1.14733
0.0297822
0.416111
0.321529
1.57159
0.580547
-0.763966
0.0484674
0.957661
-1.04243
-0.905959
0.613124
-1.33606
0.87304
1.0276
-1.47233
1.55987
-0.980008
-0.973017
1.73559
0.459945
-0.893735
-1.93114
0.964567
-0.0689839
-0.595792
0.290846
0.166459
0.728759
-0.0985537
0.00479255
-0.0761693
1.11723
-2.41231
0.971659
-0.446106
0.569317
-1.61632
-0.915576
1.4137
-0.020588
-1.19566
-1.29436
0.22644
0.13275
1.16509
0.201996
-1.37593
1.48013
-0.104199
0.545366
1.13385
-1.67922
-1.06971
0.345991
-1.04039
-0.374804
1.41519
0.767028
-0.9649
1.08586
1.04215
-0.692195
-1.64493
0.0264859
0.877254
-1.95947
-1.33345
1.00849
-1.56616
0.557668
0.841721
-0.942233
-0.127979
1.07021
-0.33333
0.266011
0.0125504
-0.278561
-0.576553
0.168607
0.0115252
1.68779
-0.934362
1.90064
0.360227
-0.141132
-0.219095
0.154323
-0.0825153
0.013932
-0.431076
-0.510917
1.23646
0.315066
-1.13596
-0.89776
1.09881
-0.473221
-0.625593
-0.0347158
-0.0521396
-1.94674
-0.56865
0.821104
-1.13842
-0.210743
-0.956661
-1.30498
1.19285
-0.635597
-1.75178
-0.702927
-0.0038082
0.219747
-0.525457
-1.09625
0.53615
1.71771
-1.1173
-0.760673
0.265402
0.638401
0.740474
1.04665
1.71584
0.640573
-0.980211
-0.902392
0.679548
-0.791026
1.35339
2.31366
-1.301
0.83767
0.160948
0.322454
-0.337083
0.0146286
0.0604588
-0.00117167
1.02436
-1.36226
-0.815926
1.08401
-0.666218
0.847673
0.166896
-0.021224
-0.716594
-1.00818
0.252265
0.755915
1.47872
-1.65863
0.179917
-2.05719
0.79616
0.175805
-0.44165
1.19164
-0.631549
-0.0393026
0.00195171
1.33716
-1.23713
-0.100031
-1.18071
0.0869816
-0.354426
-1.13517
-0.0389836
-0.413783
0.452767
0.0121237
-0.0931074
0.207578
0.141925
-0.172633
0.610882
-1.46724
-0.420743
1.0459
0.467788
0.196685
-0.0186025
-0.576425
1.22967
1.06548
0.948746
-1.38379
-0.0259409
0.0530414
-0.0530414
0.624617
-0.414128
-1.06277
0.80739
-1.42888
-0.0239181
-0.295819
1.03199
-0.0211317
-0.320287
-0.983836
1.59137
-2.25605
-0.318227
0.986853
0.229545
0.544794
1.05881
-0.424939
0.319766
0.105173
0.903206
-0.00631156
-0.896894
-1.04149
0.395907
-1.53335
1.13745
-0.166969
-1.04889
1.10987
-0.0609807
0.502826
-1.54321
-0.894736
-0.126082
-1.02079
-0.0347709
-1.21909
1.22024
-1.36915
1.30511
0.0640396
0.252696
0.264978
0.48247
-1.56658
1.23948
-2.35392
1.11444
0.0200859
0.000463989
-0.273345
-1.12332
0.565885
-1.55962
0.131004
0.929563
1.10776
-2.03732
-0.372905
0.922378
0.105054
-0.0301922
-0.0748618
0.0822369
-0.0822369
1.24721
0.308789
1.1935
1.24537
0.370812
-0.910342
0.0806647
0.171837
0.519222
-1.15725
2.07718
-0.109417
1.58813
-1.58174
-0.409318
-0.0817878
0.164158
-0.638601
-0.720511
0.244928
0.475583
-1.22848
1.24479
-0.0163115
0.622238
-1.32522
1.02638
-2.11462
1.08824
1.59342
-0.111664
0.174815
-1.37137
-0.0734338
0.0123862
-1.09974
1.15222
-1.17928
0.204065
0.983269
0.157883
-0.963983
0.0734289
-0.452544
-0.0574795
0.327111
-0.0804698
0.853541
0.739877
-0.157565
0.161558
-1.52415
-1.50196
1.51071
-1.48819
-0.916406
1.68459
1.12965
0.753835
-0.0741041
1.22456
0.404036
0.882446
0.183943
-0.0760076
-0.32514
-1.22433
-0.108675
-1.26256
-0.950244
-0.0171412
0.0171412
0.709732
-0.230857
0.912934
-1.82174
0.00544203
-1.80991
0.00322673
-0.00322673
-1.23455
1.45968
-1.02569
-0.00491758
0.00491758
0.399184
1.26315
-0.0140854
0.403399
-0.0144131
0.0144131
0.908372
-0.0179239
0.0179239
0.0344777
1.27324
-1.30772
-0.154229
-0.0257282
0.0257282
0.213557
-0.0334075
-0.0509775
0.084385
0.0362959
-1.20043
0.954164
-1.9258
-0.436763
0.0283497
-0.0283497
-1.69014
-0.538973
-0.479028
-0.326927
0.971022
-0.644096
-1.22597
0.0754099
-0.0754099
-0.0158809
-0.095573
-0.0277576
0.0277576
-0.453627
-0.612803
-0.0986836
0.0986836
-2.2003
-0.968204
-0.0293614
0.0293614
0.276271
0.9484
-0.0980181
0.0980181
-0.027743
0.027743
-0.373538
-0.100896
0.100896
-0.0279519
0.0279519
-0.614741
0.80429
-0.110565
0.110565
-0.510721
0.0916925
1.4709
-0.763054
-0.0854027
0.0854027
-0.0385048
0.0385048
-1.3207
-0.14495
-0.646263
-0.782615
-0.12242
0.12242
0.64793
0.0811457
-1.44862
1.79228
-1.35317
0.368171
-0.314495
-0.0536759
-0.159429
-1.37849
0.0515044
-1.00398
1.26325
0.52471
0.265915
-1.93728
0.916931
-0.0566863
-0.305488
0.362174
0.0327534
-0.0327534
0.00830618
0.0421912
-1.23785
0.0715351
-0.455494
0.15567
-0.143099
0.143099
-0.1374
0.1374
-0.126747
0.126747
-0.114034
0.114034
-0.117021
0.117021
1.02933
0.216047
-0.111036
0.111036
0.0692177
-0.0692177
0.0429781
-0.036416
0.036416
0.220491
-0.0725329
-1.24545
1.18264
-2.05283
0.720362
0.925561
-0.051773
0.051773
-0.0403997
0.0403997
-0.0364902
0.0364902
0.421809
-0.407548
0.314795
-0.0160093
-0.0254347
0.0254347
-1.28617
0.0264569
-0.0264569
0.633248
1.33467
-0.533884
-0.313344
0.763881
-0.0115679
0.0115679
-0.0319382
0.0319382
-0.00260158
0.00260158
-1.51819
0.746536
0.328194
-0.270868
-0.057327
-0.00311775
-1.27154
0.155353
-0.0335651
0.0335651
-0.242905
1.28617
0.147654
-1.15613
0.00976081
-0.00976081
-1.17067
-0.0349268
0.0349268
1.91939
-1.71586
-0.00849685
0.00849685
-0.0343741
0.0343741
0.0727146
-0.0727146
0.89256
-1.86155
-0.0106978
0.0106978
-0.0348381
0.0348381
-0.515012
0.904573
-0.389561
0.988835
-1.79679
-0.65677
-0.41076
1.06753
-1.3686
-0.0671928
0.669436
0.99691
0.0165541
-0.0165541
0.0807238
-0.0807238
-0.0281601
0.0281601
0.862982
-1.65276
0.857234
-2.01448
-1.4202
1.4202
0.749067
-1.33136
-0.255933
-0.0316075
1.3955
0.0196718
-0.0196718
-0.0363771
0.0363771
-0.965119
-0.487251
0.0194729
-0.0194729
-0.0400624
0.0400624
0.554549
-0.598877
-0.190755
0.393656
-0.0417796
0.0417796
0.0184763
-0.0184763
-1.52333
0.765306
-1.78268
0.720645
0.00905396
-0.00905396
-0.105955
0.0148842
-0.0473714
0.0473714
0.0206683
-0.0206683
-0.0369103
0.0369103
0.0154982
-0.0154982
-1.21096
1.00791
-1.27456
-0.0454971
0.892735
-1.69012
-0.0352485
0.0352485
0.0199379
-0.0199379
-0.0559116
0.0559116
0.071462
-0.286883
0.524243
0.0100212
-0.0100212
0.494648
-0.65152
-0.0373064
0.0373064
0.101366
0.165585
1.58317
0.101597
-0.92564
0.0146512
-0.0146512
-0.0384649
0.0384649
-1.3745
1.3338
-0.704038
-0.741888
1.44593
-1.40751
-1.15298
0.778309
0.0542274
-0.327102
0.272874
0.0189219
-0.0189219
0.00710226
-0.00710226
-0.0350674
0.0350674
0.591648
0.296933
0.297839
0.103338
-0.612616
0.509278
-0.393131
0.483631
-0.127428
0.212354
-0.0849256
0.0576934
-0.0576934
-1.4127
1.4127
-0.0347604
0.0347604
0.481302
-0.410188
-0.399265
0.0549039
-1.10437
-0.0291948
0.0291948
0.0605452
-0.0605452
-0.146415
-0.073951
-1.01598
1.5536
-0.0190193
-1.20695
0.773156
0.0376572
-0.0376572
-0.130393
0.0390774
-0.0390774
1.44586
0.466601
-0.555779
-0.226289
-0.565771
0.417088
0.380256
-0.440413
-0.07936
-0.215223
0.294992
-0.0797689
-1.90739
1.12327
0.0426763
-0.0426763
0.326499
0.744751
-0.0419095
0.0419095
-0.730795
0.794779
-0.992811
-0.100123
0.0233099
-1.23427
0.0468052
-0.0468052
-0.042533
0.042533
-0.0425609
0.0425609
-0.0486828
0.0486828
-0.0444408
0.0444408
-0.0461074
0.0461074
-0.0441218
0.0441218
0.246964
-0.193781
0.0449893
-0.0446784
0.0446784
0.843115
0.052239
-0.052239
-0.454496
0.442095
0.248235
0.0448291
-0.0448291
0.948433
-1.795
0.436591
0.0434262
-0.0320777
-0.0906331
-0.327381
0.418014
0.0415187
-0.0415187
0.635139
0.0345424
-0.0345424
-0.134779
0.0265867
-0.0265867
1.36514
0.867153
0.0331847
0.0144391
-0.0144391
0.258109
0.714908
0.447609
-0.476995
0.0293866
0.004245
-0.004245
-0.117064
-1.05372
0.103325
-0.231368
-0.158727
0.0852933
-0.911002
-0.0738538
0.894452
-0.375916
0.490902
0.0814779
-1.141
-1.11948
0.11512
0.497832
0.0120097
0.0165809
0.815502
0.290169
0.0346128
-0.16303
1.16488
1.15235
0.0662187
-1.21856
0.923666
-0.398956
0.22255
0.891387
-0.829352
-0.0620351
0.422348
0.0140031
0.0294936
-1.3518
0.953384
0.398416
-1.46095
0.86213
-0.993671
-1.54208
-0.0766949
1.61877
1.37879
-1.29544
-0.933001
-0.916188
-0.985951
-1.37831
0.0160489
0.0652089
-0.0652089
0.124227
-0.276691
0.614768
0.367967
-0.13574
0.411917
-0.010725
0.010725
-0.148929
-0.788339
-0.119382
-1.01766
0.696853
0.211519
0.269609
-0.335308
0.670306
-1.47473
-0.251808
-0.0239767
0.679275
-0.533246
-0.586237
-0.812546
-0.256649
-0.49154
-0.081445
1.90332
1.29899
-0.0257463
0.0305518
-0.38497
-1.45703
0.593012
-0.136439
-1.06893
1.7172
1.36539
-0.137687
-0.111543
-1.62452
-1.28182
0.21905
0.361206
-0.00887624
2.46686
-1.51584
-0.00769919
-0.0135248
1.31065
0.3712
-0.468401
0.0970473
-1.08784
-1.19993
0.699991
-0.423602
-0.860734
-0.54092
-0.679895
-0.0462748
0.0462748
0.00835388
-0.00835388
-1.01112
0.389757
-0.593328
0.203571
-0.583683
1.16064
-0.695544
-0.817538
0.237039
-0.60632
-0.988982
0.213053
-0.2531
0.54775
-1.61145
1.49454
0.116911
-1.14309
1.01511
1.04888
-0.472129
-0.576749
-1.11331
-0.104843
0.0253014
0.995009
-1.10997
2.06413
1.19469
-0.412234
1.17926
-0.30061
0.242166
1.17617
-0.467837
-1.08157
1.08157
-1.29095
0.213924
-0.114756
-0.0991685
0.660537
-0.184937
-0.500586
0.317661
-1.50101
1.5375
-0.48235
0.19813
0.862386
-0.951041
0.0886554
-1.7479
-0.393462
0.170069
0.148035
0.988982
0.712189
-1.32696
0.614768
0.287923
-0.00209675
0.305087
1.07858
-1.38367
0.859209
0.111644
-0.567681
0.0761412
0.299097
-0.154104
0.17696
0.00108811
-0.202859
-0.211265
-1.23681
0.364605
1.83244
-1.27835
0.310773
-0.00684052
-0.476409
0.48325
0.216296
-0.684768
0.468473
0.277838
0.0560363
-0.0560363
-0.176983
0.617212
0.649921
1.15706
-1.15706
0.276891
0.0423694
0.229372
-0.479976
1.03768
-0.112056
0.525177
0.31904
-0.118026
2.32137
-0.99012
-1.07121
0.16212
-0.0633459
-0.291143
0.354489
0.258511
-0.462636
-0.49072
0.0101212
-1.16359
0.00745944
1.16147
-0.655297
1.16301
-0.507713
0.304015
-0.0862876
0.94928
-0.120942
0.0177136
0.824888
-1.90421
1.01193
0.873437
0.138498
0.987128
-1.00768
-0.0865037
-0.0331711
-0.218637
0.995038
-0.887792
-0.107246
-0.505714
0.317471
-0.154417
-1.7743
0.533136
-0.16101
0.358699
-0.0926885
-1.28112
2.204
0.00413954
-0.0851718
0.0816795
0.809925
-0.816236
-0.0368982
0.0368982
-1.47699
0.370631
-0.0829418
2.01779
-0.416995
0.641698
-0.101338
0.0682646
-0.0102008
0.453619
-0.0101243
0.110591
-0.0618842
0.253858
0.105111
-0.554211
0.4491
0.0244885
-0.0244885
0.0726581
-0.0726581
-0.804518
1.79335
0.983882
-2.14287
-0.0190088
0.0190088
1.00768
-0.473321
0.384018
-0.180162
-0.724456
0.904618
-0.443135
-0.120175
-0.348491
-0.647256
0.253751
0.267967
0.41471
0.645502
-0.412297
0.834506
-0.00879875
0.00879875
-1.35032
1.75435
-0.107068
0.107068
0.0256052
-0.115065
0.420288
-0.305223
-1.08564
-0.137095
-0.309797
-1.08029
0.175927
0.496212
-0.201995
0.449815
0.452983
-0.214297
-0.311329
-0.10073
-0.291171
0.440007
-0.148836
0.711425
-1.31773
0.145323
1.74672
-0.773366
-0.263989
-0.163962
0.427951
-0.153015
0.596354
0.00641338
0.0649181
-0.0713315
-1.27554
-0.207641
0.185515
0.622675
0.0533715
-0.0310638
-0.825089
0.011119
0.0499493
0.403994
-0.607529
0.155544
0.00364907
-0.109604
-2.11807
-0.986924
1.36063
0.227497
0.00466916
-0.00466916
-0.148267
-0.887084
-0.0385551
-0.0995881
1.01929
-1.57071
-0.0397227
0.178253
-0.13853
-0.0536016
0.0536016
1.96101
-0.482765
-1.47824
-0.234786
0.383558
-0.785863
0.376545
0.156178
-0.0487602
0.206813
-0.0968356
0.271124
-1.35676
-0.796175
-0.0776045
-1.02703
-0.120473
1.68345
0.0430539
-0.023652
-0.0194019
0.447272
0.339562
0.450136
0.997982
-1.8025
0.279148
-0.207636
-0.247305
-1.30498
0.672024
0.564432
0.0954415
-0.0954415
0.785511
0.284701
-0.443683
-0.330798
0.129629
-0.149833
1.17916
-0.187396
-0.533115
-0.30041
1.39318
-0.86967
1.69456
2.32406
-0.182305
0.149635
0.276115
1.77391
-1.22252
-1.15306
1.39768
-1.57878
-1.62426
0.00560727
-0.321539
0.0464679
0.275071
1.42866
-0.0998825
0.0618447
-0.958739
-0.0163168
-0.123143
0.346916
-0.151475
-1.54458
0.166088
0.786475
-0.108512
-0.834287
0.149606
2.09008
-1.11663
0.615783
-0.918191
0.30929
0.0632195
1.56101
0.11441
-0.305992
-0.317107
-0.0702301
0.55413
-0.483127
0.122013
0.423788
0.870026
-0.125826
-0.231569
0.357395
1.09705
0.681244
1.51367
0.45601
-0.0880258
-0.130393
-0.0968837
-0.236867
0.33375
0.239293
-1.30639
-1.04753
0.00479255
-0.0979565
0.436703
1.08351
-0.54736
-1.04472
0.0074076
-0.0366123
0.168378
-0.466304
1.22052
-0.0905957
0.111459
0.285157
0.491855
-0.702832
0.644262
-0.399334
-0.314377
-0.0939536
0.40833
-0.943683
-1.09364
0.0911757
0.00462332
-0.0201708
0.045776
0.932337
-1.60493
0.672589
0.307584
0.238394
-0.545978
0.464158
-0.567113
-0.968817
1.23412
-0.0658427
-0.0246667
-0.0283563
-0.346053
-0.116088
0.361297
0.349042
-0.418057
-0.236694
-0.0684534
0.305147
1.1674
0.155901
-0.155901
0.608528
-0.0994097
-1.48233
-0.0978274
-0.239255
0.696031
-0.419761
-0.145018
-0.379343
-0.0104519
0.0104519
-0.212769
-0.131585
0.344354
-0.406208
0.320113
-0.00949548
-0.117623
-0.27631
0.471837
-0.875517
-0.611203
1.1759
-1.40668
0.121206
-1.05082
-1.18261
1.88131
-1.36829
-0.143978
-0.322326
-0.260055
-0.304554
-0.684559
1.33006
-0.202702
-0.379515
-0.23025
-0.225174
0.455425
-0.248644
0.424449
-1.12639
0.903925
-1.94864
-0.336261
0.377516
0.00239094
-0.410815
0.23454
0.625718
-0.930811
-0.10398
-0.147887
-0.18966
0.337546
-0.0927821
0.6818
0.392221
-0.273472
0.421004
-0.150662
0.979815
0.000592069
-0.427912
0.911846
-0.483934
-0.181047
0.486232
-0.305185
0.0401146
-0.271546
0.00913601
0.662865
-1.42683
-0.633878
-0.442105
0.727262
0.255286
-0.221803
-0.0334828
1.05499
-1.05499
-0.00160376
-0.0401553
0.141981
0.220193
1.20428
0.173569
-0.0908149
-0.0827544
0.176009
1.65582
-0.792835
-0.711886
-0.0716056
0.366845
1.43518
-0.611292
1.60927
0.00161846
1.01868
0.863092
-1.59608
-0.16139
-0.0172871
-0.0656874
0.0829745
0.264614
-0.00287746
-0.389723
0.276119
-0.000208901
-0.143916
-0.102121
-0.0343652
0.0343652
-0.197324
-0.198234
0.395558
0.201762
-0.242693
1.32954
-0.00966946
0.00205791
-0.921059
-0.224353
0.194028
0.276701
-0.371241
0.208235
-0.75763
1.60264
-0.132704
-0.420639
-0.563591
0.363171
-0.22119
-0.341877
-0.028216
0.0577096
0.242149
-2.07255
0.545719
0.704107
-0.293479
0.227035
-0.078283
-0.00423238
0.52813
-0.161777
0.367108
0.500113
-0.86722
-0.0472088
0.110478
-0.394523
1.33783
-0.8381
-0.418261
0.998808
0.489
-0.339309
-0.214231
0.182624
0.734104
-0.508825
-0.864497
1.49511
0.418363
-0.590997
0.0872795
-0.13004
-0.0322232
0.294433
0.302584
-0.409769
1.40366
0.917592
0.818002
0.0293253
0.774271
-0.488427
-0.285844
0.300971
0.344548
1.71271
-1.26289
0.31564
-0.389379
0.786169
1.00718
-0.435179
-1.30875
0.126148
-0.00366262
0.204935
0.21743
0.0106792
0.136265
0.012571
0.603534
0.00569888
0.0106535
0.0127122
0.0285008
-0.00298609
-1.37281
1.98812
-0.40062
0.0174447
-0.484
1.04989
1.29532
-2.05591
0.760593
0.000396708
0.0294521
0.0152828
-0.16178
-0.0524515
0.00119703
-0.00119703
0.130856
-0.0382361
-0.960852
1.58309
-0.0401553
-0.240387
0.71597
0.0110555
-0.705732
-0.436861
0.339453
0.280215
0.0138668
-0.790629
-0.269635
-0.00548129
-1.33651
0.0275663
-0.268445
0.00896637
-1.32384
0.270125
0.217073
-0.350337
0.821787
-1.61242
-1.09433
0.238305
-0.148003
0.148003
-0.00162688
-0.0513387
0.0115061
-0.150694
0.155893
-0.00424284
1.80442
0.461601
-1.09509
1.86603
-0.00136176
0.321313
-0.0565061
-1.14393
-0.0588325
0.025425
-0.120482
-0.162455
-0.290089
-0.130773
0.0198664
0.080627
-0.080905
-1.15695
0.815965
0.00055274
0.0764865
-0.303047
0.945622
1.62022
-0.856338
1.12854
-1.10523
0.621706
0.275072
0.36627
0.440499
0.372224
-0.241396
0.220264
1.37505
0.0147634
-0.650966
-0.548192
0.156222
-0.182163
1.24571
-0.0396839
0.473623
0.37492
-0.413904
0.161304
-0.396091
2.19925
0.107732
-0.315697
0.00120214
0.000557115
0.495178
-0.568502
0.0733241
-1.12203
-0.779561
-0.998456
0.111685
-0.0709119
-0.040773
0.461555
-0.851116
-0.024431
-0.832403
-1.89775
-0.00952234
0.568438
-0.92088
0.126457
-0.00171714
-0.000996559
-1.28785
-0.000560222
0.355776
-0.47356
-1.13774
-0.64446
0.523518
1.57941
0.555821
-1.10318
0.616541
0.736847
-0.493
0.115074
-0.0350383
-0.0150212
1.43891
-0.48553
-0.933483
0.309092
-0.288571
-1.23552
-0.330795
0.269003
-0.218916
0.366952
0.00166179
0.0044397
0.91015
0.807562
0.588374
0.636071
-0.832878
-0.641853
-1.13028
-0.758868
0.950275
-0.397319
-0.322982
-0.254447
-0.301991
0.554944
-1.08651
-1.58474
0.000664592
-0.285422
0.346717
-0.0612954
-1.34981
-0.941533
0.00427075
1.46094
0.00339748
-0.386581
-1.4127
-0.412421
-0.0645737
-0.304519
0.3905
-0.546172
0.155672
0.518386
0.00030699
0.146923
0.474479
-0.102231
1.85685
-1.61002
-0.606725
0.278245
-1.36825
-0.0155459
0.093611
-0.0421066
0.143987
0.973276
0.0890177
0.418208
-0.329756
-0.0570916
1.4931
-0.876563
0.00846236
-0.776264
0.0675674
-0.0160354
-0.0515321
1.63884
-0.817049
-0.62285
-0.389134
-0.1311
0.520234
-0.503871
0.218226
-0.660331
0.00501906
-0.00283204
0.397756
-0.542774
1.19189
0.483554
0.00287026
-0.157744
-0.486716
1.71066
-0.9115
-0.367717
0.109158
0.00412899
0.714203
-0.0400627
0.290215
-0.329518
1.39028
-0.601337
-0.329995
0.422504
-0.0925091
0.128728
0.482154
-0.655286
-0.495431
-2.78956e-05
-1.09723
0.653547
0.404237
-0.33661
-0.00197611
0.679542
0.701257
-1.3808
0.00198562
-0.334152
0.243519
-0.000556601
-0.140922
-0.434011
-0.45665
-0.380229
-0.513165
0.282915
-0.029956
-0.00331046
-1.3522
0.316926
0.651823
0.539813
-0.00697632
0.0595454
-0.675823
0.619348
-0.00795569
-1.09947
-0.207286
-0.50119
0.434302
-0.599263
-0.00240574
-0.466779
0.144453
-0.689057
1.30382
2.35895
-2.01295
0.0520266
0.775837
-0.763828
0.927724
0.0796673
0.105362
-0.142853
1.18381
0.258148
-0.332099
-0.019757
0.361215
0.845235
0.720475
-1.0498
-1.10436
1.11618
0.444423
-0.576683
-1.25236
-0.351573
-0.0935471
1.58808
1.09075
-0.590641
0.00928702
0.355524
-0.342973
-0.438953
-0.0656424
-0.0537051
0.635974
0.130462
-0.589271
0.458808
-0.110287
-1.19469
-1.3202
0.112712
0.0151646
-0.550252
0.511094
-1.25657
-0.426401
1.20531
-1.46173
-0.200458
0.919758
-0.57536
-0.344399
0.149623
0.0239458
0.372465
0.0719584
-0.102004
0.46997
-0.170309
-0.0373321
1.26927
1.16146
0.225655
-1.12291
-0.008601
0.135973
-0.0603247
-1.02536
-1.08776
-0.185408
0.0793766
-0.0776595
0.738651
-0.0532623
-0.217954
0.271216
0.243262
-0.0608501
-0.260689
0.17089
1.2723
0.692894
0.111783
-0.0105119
-1.79931
-0.0689443
0.0928578
0.054971
0.457446
-0.999525
-0.268831
-0.0180514
-0.301804
0.30686
-0.00505598
-1.26638
0.700596
-1.47877
1.86523
0.00323897
-0.00564471
0.650052
0.928283
0.859642
-0.00172474
-0.182365
0.19981
0.278217
-0.12601
0.139876
-0.655006
-0.629164
-0.383854
-0.19501
0.300348
0.47629
0.322581
-0.41859
-0.0630518
0.0646703
-0.513965
0.310877
-0.0908888
0.51602
0.50377
-0.0615729
0.0615729
-0.00620695
0.258743
-0.253045
-1.07539
0.095155
-0.730161
0.00976149
0.14868
0.320914
1.03969
-0.141433
0.187268
-0.21416
0.0268921
0.490954
-0.414813
0.344839
0.0538567
0.0632691
0.205861
-0.29536
-0.0481831
0.223508
-0.190324
-0.574929
-0.0502355
0.361113
-0.496568
-1.64227
-1.24763
2.32164
0.156542
-0.32015
1.63365
0.487422
-0.107166
-1.20517
0.223109
-1.16768
1.54907
-0.381389
0.0151094
-0.0151094
-0.0233525
0.0237071
-0.000354585
0.286447
-0.0860225
-0.200424
-0.235901
0.282369
-0.0689978
-0.256109
-0.134896
-1.46746
1.30179
0.434952
0.63411
-1.40748
-0.0436529
0.326058
-0.400212
0.451265
-0.186625
-0.000444873
0.258537
-0.11455
-0.35884
0.416634
-0.00406065
0.0511099
0.41011
-0.376094
-0.524092
0.275305
-0.361411
-0.668063
1.34734
-1.27831
-0.137383
-0.355618
-0.444653
0.352399
0.467375
-0.230335
0.846001
0.00716017
-0.228696
0.638918
1.66002
0.296545
-0.781608
0.22577
-0.260606
1.59606
-0.955483
-0.313951
-0.115151
0.202871
0.223144
-0.299886
-0.0782509
0.0193271
0.0916057
-0.924009
-0.9977
1.86863
-1.05063
-0.00368472
0.275311
-0.0580727
-0.0173371
-0.0513067
1.12967
-1.07836
0.25902
0.32019
0.0117587
-0.0816554
-0.360861
0.298697
1.84189
0.226888
-0.319166
0.197944
-0.319175
-0.441331
-0.157546
-0.0580727
-0.0280018
0.0259334
1.31408
0.0181232
-0.0739127
0.105004
0.0809984
-0.0032253
0.0695683
-0.0695683
-0.328248
-0.0709093
-0.0562158
-0.668281
1.48378
0.0598903
0.0614896
-0.00584095
-0.0525613
-0.403137
0.308723
0.173594
-0.0283394
1.88076
-1.0136
0.039591
-0.030561
-0.383222
0.0354705
-0.0116354
-0.882301
-1.06634
0.478275
-0.724489
-0.702342
0.0577369
0.24741
-0.410605
0.998179
0.0183206
0.021959
0.0331855
-1.54195
-0.0183206
-0.942858
-0.549432
0.149563
-0.0751706
0.0268563
0.355557
-1.31259
-0.600272
-0.231962
-0.0790178
-0.101837
0.0680897
0.295131
-0.0202537
-0.572104
0.11093
0.233424
-0.190397
-0.020529
-0.129976
-0.0679026
-0.849928
0.143166
0.19438
0.36128
-0.463736
1.10141
-0.741632
0.185767
0.265498
0.625436
0.352164
0.362744
-0.000273047
-1.52767
1.41738
0.881467
-0.301548
-0.579918
-0.241496
0.0196925
0.0460081
-0.27119
-0.124518
0.335813
0.0488332
0.813853
-0.906507
-0.470887
0.346369
0.057834
-0.022281
-0.13285
-1.11379
0.144083
-0.168001
0.0115056
-0.0293484
0.0178428
0.00833825
-0.0321531
0.0321531
0.661998
-0.877592
0.153136
-0.00940759
0.00940759
-0.556653
-0.281327
0.130201
-0.444692
-0.170907
0.879332
-0.410859
0.42784
-0.0960934
0.138444
0.144737
-0.0283394
1.13546
-0.435324
0.214134
-0.130015
-0.415963
-0.166354
0.581064
-1.47651
-0.596036
0.330437
-0.100161
0.181385
0.197369
-0.550535
-0.128876
0.0226286
-2.43874
-0.799068
-0.0372902
-0.324903
-0.386005
0.977652
0.0135913
0.0903377
0.024314
0.575346
0.159745
-0.178347
-0.024314
-0.00746337
-0.168152
-0.127334
-0.907925
-0.106199
-0.710038
0.787494
0.250183
0.000134403
0.356369
0.638508
-1.75514
0.00131741
-0.125685
0.160061
-0.14945
-0.10568
1.65401
-1.13263
-0.381839
0.0205267
-0.086596
1.39415
-0.0534628
0.960939
-0.864784
1.61862
-0.01121
-0.800333
0.681527
0.0153153
0.268731
-0.063972
0.0738488
-0.630874
0.428172
-0.624493
0.471477
-0.468748
-0.058142
0.852421
-0.303064
-0.114993
-0.0175422
-0.184261
-0.245422
-0.0111336
0.372268
0.265722
-0.626237
0.360515
0.0622409
0.0181187
-0.104898
1.02597
-0.863849
1.0424
0.018676
-0.0181187
1.64372
-0.4796
0.152219
-0.0526584
-1.06937
-1.65792
0.0558402
-0.0261924
0.54083
-0.467506
-1.07743
0.121645
-0.0703351
0.632802
-0.811742
1.25375
0.149464
0.0109457
-0.13112
-0.909377
1.05171
-0.114281
-0.0299456
-0.153833
-1.09956
-0.0353147
-0.0915845
0.0348915
-0.0294859
-0.681134
1.38173
-0.0302346
-0.229626
-0.945795
-0.00797359
0.268601
0.038259
-0.0924437
-0.0901884
0.755436
1.66132
0.527638
-0.401987
0.0989396
1.43067
-0.520524
0.104637
1.14471
0.464562
-0.392149
-0.481686
0.367405
0.0100993
0.0428777
-0.161164
-0.0874974
0.175517
-0.115058
0.204832
-0.00564836
-0.0153945
-0.244912
0.144998
0.652829
-0.0350648
-0.17055
0.313328
-0.604663
0.458248
0.36026
1.85396
0.0104037
0.237431
-0.310222
-0.0117786
0.118888
-0.269958
-0.124283
-0.0469088
-0.0224184
-1.41203
0.0598371
0.3999
0.125775
0.298673
-1.52363
-0.442392
0.810062
-0.333868
-0.476194
-0.0244436
1.22872
0.406678
0.0591975
-0.148203
0.133614
-0.514214
-0.403977
1.54987
-0.0164962
-0.164994
-0.0153153
-0.00917322
0.0491017
0.0350648
0.838208
-0.457525
-0.923275
-0.0738847
0.0262836
-0.0790398
0.165271
0.230287
-0.029703
-0.252279
0.218796
-0.255972
0.32493
-0.439923
0.622691
0.604011
0.0419417
0.178948
0.728232
-0.683722
-0.359651
0.226801
0.85941
-0.772939
-0.109867
-0.416046
-0.244284
0.155636
0.227171
0.00228142
-0.85811
0.806803
0.403953
-0.797415
-0.00168837
0.00168837
-0.644537
-0.74208
-0.527735
0.0830822
-0.214515
-0.17815
1.46371
-1.28556
0.0593846
-0.0609883
-0.636966
-1.18099
0.485226
-0.101207
0.635277
0.0166281
-0.379264
-0.040045
-0.359199
0.263106
0.156244
-0.145189
-0.211893
0.148958
0.00402589
0.0973398
-1.4126
0.152817
-0.55215
0.0094549
0.363558
-0.367314
0.228172
-0.253688
0.264341
-0.925519
-0.298871
-0.0716298
0.0675692
0.209553
-0.203681
0.351304
0.121272
-0.419287
-0.0676346
1.47528
-0.813283
-1.1373
-1.17476
-0.181553
-0.943591
1.12514
-0.0201686
-0.00978744
-0.177857
-0.80085
0.218432
0.159604
-0.00406007
0.0715617
-0.0729235
-0.17092
-0.379615
-0.4861
0.0281062
-0.0267888
0.690694
-0.20714
0.330835
0.437656
-0.950463
-0.161767
-0.305012
-0.432973
0.771382
-2.3508
-0.217597
-0.193649
0.0458074
0.467284
0.0496385
0.310636
-0.480103
1.93763
-0.788051
-0.0976993
-0.0695309
-0.732165
0.296986
1.07167
1.33318
-1.55244
0.095362
-0.353156
-0.0235587
-1.33267
-0.145572
1.58232
0.068796
-0.0637769
0.274616
-0.0475813
-0.162824
-1.25795
0.441978
0.0419327
-0.364573
1.65911
-0.194426
-0.0858249
0.0258049
-0.091957
-0.145958
-0.70002
0.0769613
-0.428795
0.0205267
-1.28274
0.0142559
-0.0777731
0.0819021
-0.218408
0.0167769
-0.0119856
0.276889
-1.38247
-0.219285
0.997627
0.0192299
-0.731107
-0.367503
-0.272785
-0.599124
0.351079
-0.00781274
-0.00226954
-0.0976129
0.58115
0.0585721
-1.47127
0.32235
-0.332958
0.524218
-0.232332
0.245044
0.44252
-0.859661
-0.0511099
-0.00696279
0.827668
-0.107801
1.25251
-0.0711551
0.125877
1.0371
1.24377
-1.28383
-0.0171382
0.537988
-0.176455
0.166933
-0.125615
0.0763064
-0.0779332
0.102489
-0.0859078
0.0490594
0.111066
0.926181
0.12077
0.174585
-1.11818
0.056067
0.463304
-0.270611
-0.192693
0.399651
-1.32263
-0.00564836
0.0436914
-0.135243
0.132366
0.471919
-0.0874805
0.00375923
-1.09381
1.0694
0.465977
-0.257314
-1.50413
0.236949
-0.0435857
0.145373
0.137326
-0.927967
-0.141308
1.06928
0.0279421
-0.185701
0.122983
-0.0491178
0.0421415
-0.0829906
1.36913
-0.207743
-0.114494
0.0847931
-0.277621
0.21516
-0.108708
-0.0320092
0.0735042
-0.0218204
-0.221739
-0.829083
-0.293115
0.000971912
-1.43031
0.0154332
0.0492371
-0.0465912
0.145609
-0.00357993
-0.00236063
-0.198131
0.0990425
-0.781108
-0.0715311
-0.0324486
-0.740426
-0.39121
0.0321889
0.514903
-0.37045
-1.44284
2.0964
0.401774
0.0883118
1.12719
-0.0119289
-0.362723
-0.528544
0.244999
-0.23037
-0.0785722
0.136053
0.838083
0.354064
-0.547289
-0.324118
-0.153428
0.982199
-0.429254
-0.0709062
0.0326701
0.196239
1.49478
-0.182342
0.378108
-1.47175
-0.199349
0.0166853
-0.162226
-0.618882
0.0645192
-1.05616
0.351559
-0.934468
-0.406934
-0.00850795
-0.513516
-0.2962
0.0880452
-0.458495
0.456631
-0.614073
-0.301678
-0.0881939
-0.366612
-0.192648
0.285174
-0.209846
1.10829
0.0170495
-1.3256
-0.486365
0.63484
0.0234148
0.0841875
-0.506053
-0.554119
-0.425961
0.434681
0.136966
0.0220934
-0.12761
-1.44111
0.071784
0.621444
-0.260928
0.673713
0.271516
0.949225
0.946366
0.286936
-0.0086905
-0.254856
0.00682379
-0.606399
0.443574
-0.0928706
0.19864
0.0464043
-0.0999603
0.476479
-0.116219
0.0822092
0.552064
0.148971
-0.616476
0.29169
0.0155487
-1.04091
-0.168788
-0.24036
0.580635
0.135818
-0.0862419
-0.0224664
0.0842562
-0.00637891
0.0206348
-1.53889
0.0876157
-0.0953102
0.903966
-0.0454913
-0.00598462
0.740879
-0.184451
0.11835
-0.112304
-1.13056
-0.0302235
-0.0907486
-0.163878
0.197418
0.090486
0.0490282
0.0717561
1.43071
-0.502559
-0.353588
-0.369255
0.300705
-0.0532949
-0.988936
0.374547
-0.000262605
-0.657272
0.108385
-0.306025
0.53953
-0.0223033
-0.416757
0.670508
-1.17132
0.213698
-0.879767
-0.686039
)
;

boundaryField
{
    SideWalls
    {
        type            empty;
        value           nonuniform List<scalar> 0();
    }
    Top
    {
        type            calculated;
        value           uniform 0;
    }
    Inlet
    {
        type            calculated;
        value           nonuniform List<scalar> 
18
(
-1.94444
-1.94444
-1.94444
-1.94444
-1.94444
-1.94444
-1.94444
-1.94444
-1.94444
-1.94444
-1.94444
-1.94444
-1.94444
-1.94444
-1.94444
-1.94444
-1.94444
-1.94444
)
;
    }
    Bottom
    {
        type            calculated;
        value           uniform 0;
    }
    Outlet
    {
        type            calculated;
        value           nonuniform List<scalar> 
18
(
2.05999
1.98756
2.01366
1.97007
1.99861
1.95728
1.94443
2.02312
2.04731
2.07048
2.00551
1.94859
2.00105
1.95084
1.90214
1.61969
1.93587
1.56382
)
;
    }
    Plate
    {
        type            calculated;
        value           uniform 0;
    }
}


// ************************************************************************* //
