/*--------------------------------*- C++ -*----------------------------------*\
| =========                 |                                                 |
| \\      /  F ield         | OpenFOAM: The Open Source CFD Toolbox           |
|  \\    /   O peration     | Version:  2306                                  |
|   \\  /    A nd           | Website:  www.openfoam.com                      |
|    \\/     M anipulation  |                                                 |
\*---------------------------------------------------------------------------*/
FoamFile
{
    version     2.0;
    format      ascii;
    arch        "LSB;label=32;scalar=64";
    class       volScalarField;
    location    "3.4";
    object      p;
}
// * * * * * * * * * * * * * * * * * * * * * * * * * * * * * * * * * * * * * //

dimensions      [0 2 -2 0 0 0 0];

internalField   nonuniform List<scalar> 
5098
(
-0.786779
0.404215
0.249078
1.9148
-0.457745
2.14149
0.0361554
-0.642917
0.246368
0.21802
-0.327433
0.745283
0.353638
2.41114
-0.290973
0.0280746
-0.302254
-0.407169
-5.56769
-0.306789
1.30698
0.0239748
0.900135
2.94329
-0.602035
2.07002
1.29699
1.38976
-5.41577
0.623903
0.602871
2.58244
1.56291
-0.203824
-0.390658
-2.90933
1.54475
1.49311
2.31847
1.07247
1.87775
-1.97368
2.04246
0.0979678
-0.28488
0.489152
-0.31318
2.62117
0.615672
1.95215
0.179088
1.7337
-4.21781
1.39376
2.14398
2.02459
1.46364
1.79613
2.58847
-0.117691
-0.0405377
-0.326657
-0.408167
0.381176
-4.41141
2.43781
0.0211483
0.0845727
1.21597
1.70846
1.42588
-0.268144
1.21947
0.0125328
-0.0187057
1.95378
0.0739323
2.06837
0.188481
1.9625
-0.140683
-3.16088
1.89027
-0.229779
-0.433458
0.564218
3.17875
0.0541239
-0.78237
0.00321431
0.853539
-7.28571
0.73233
1.91606
2.33063
-0.198845
1.6855
2.11652
-0.00874702
1.23301
-0.582605
2.08128
-0.0375639
0.135083
2.07619
-0.543817
1.33505
0.0600318
2.66106
-0.32828
1.8125
-5.41078
1.47586
-7.95503
1.24785
-5.6936
-2.452
-1.61485
0.0610627
2.92053
1.69869
0.168902
0.224763
-3.71214
-7.84835
-0.307257
1.3407
0.941289
2.35986
-8.06749
-1.39321
2.5197
2.48948
-1.36665
-0.377663
-0.99041
-1.60579
1.30215
2.34628
1.39706
1.73733
-0.245703
1.30589
0.264612
0.4694
0.116601
1.26642
-0.383782
-0.793319
1.08508
-1.44998
-4.34703
-0.410805
1.51215
3.20629
2.86626
1.80041
-0.534101
1.88252
-5.19384
1.41047
-0.332848
-4.41165
1.7271
-0.422409
0.466765
-0.479345
0.561698
-0.61926
1.79222
-0.180941
1.95604
0.266056
1.39989
0.53699
0.629048
1.85068
-2.55113
1.81402
3.20121
-2.96136
-2.11027
1.69261
-0.429041
1.69834
-1.03525
2.03884
1.5153
1.92816
-9.22372
-5.24436
0.207526
1.17023
-0.029685
0.499958
-7.46548
-2.85362
-1.09642
0.0220501
1.75778
-1.43062
1.7431
-0.291511
0.423966
1.35263
2.8632
-0.569064
2.37455
0.961027
1.16062
1.55886
1.70328
0.191993
0.449549
-0.520986
-5.4117
-0.0586342
-0.349138
-7.50148
0.681191
0.786962
2.05039
0.0885651
0.773862
-6.99474
1.4546
3.13008
1.38513
1.30458
0.242997
1.40108
2.99789
-2.63386
0.00852562
0.391721
0.401205
0.988978
-5.07014
-1.50874
1.69986
-3.57586
0.230581
0.164087
2.70376
1.27301
0.83512
2.36781
-0.333576
-0.301818
0.788042
0.250219
1.33835
-5.83272
-2.93894
1.55152
-5.93223
-0.384053
0.146322
2.58213
-0.0122657
-1.00017
-5.16345
-0.75201
1.23566
0.033383
-0.329362
-5.19575
-0.34041
-0.101627
1.73355
-8.655
-0.0795901
-5.20065
-0.218056
2.55211
-0.000821681
-1.66575
-1.32386
0.671829
1.54666
-1.24336
-0.586045
-6.83095
-0.61726
-0.185143
-0.197412
1.5424
0.13756
0.475535
0.775329
-3.75248
-7.18992
2.69674
-0.231283
1.29785
0.197624
-0.311092
0.548907
1.19627
1.55803
0.130446
-0.687493
2.01226
1.22814
-0.326015
1.53657
-1.94867
0.650766
1.65625
-0.314695
0.891425
-5.7352
2.09992
-0.0714386
0.312415
3.1906
-1.54845
0.0704998
1.00519
2.79894
0.153336
-6.72209
-1.26092
-6.48512
-0.00168455
2.3507
0.321801
1.32709
2.63328
0.0545702
1.6857
0.958961
2.34871
0.581241
1.66856
0.142395
0.596236
1.9783
1.21452
1.65599
1.26744
1.73918
0.261632
1.44965
-5.05101
-0.0159845
1.28175
-5.42858
-1.58
0.689345
0.401129
2.75688
2.77301
-1.30716
-0.0820376
-0.989147
-0.867291
0.553051
2.3236
-0.214294
1.37063
1.33905
0.986827
0.0394716
0.028304
2.57989
1.46997
0.818603
0.654281
-6.24782
2.49219
0.0606584
-2.88033
0.0454467
-0.249087
-0.325469
1.71496
0.22594
0.618399
0.0567209
1.36925
-0.310737
1.54668
-0.668823
0.190212
-2.39048
-0.357835
-4.59786
1.84545
-0.0670668
1.25128
0.345115
1.44132
1.81878
0.942221
-4.06163
1.98614
-8.08865
0.427026
-0.458827
-3.93698
2.74004
1.98175
1.37222
-5.65339
0.415378
1.41143
-0.340408
0.187068
-0.784038
1.39421
-0.242939
-4.95938
-0.0743782
-1.80213
0.0629155
1.25497
2.72246
-2.24057
0.680579
1.39601
2.06256
-1.22026
0.741022
-0.968466
-7.49734
0.00654296
-0.313929
-0.293963
1.41487
0.0239876
-5.31359
0.0134641
1.54523
-2.12743
-6.44553
0.162169
0.940944
1.12022
-5.44021
1.79589
1.66264
0.945559
-0.30263
1.17321
-1.84017
-1.504
-0.312041
-5.4539
1.33727
-0.309949
0.924277
1.41053
-0.289776
-0.30783
0.179738
-2.03844
0.643134
1.44472
-3.01045
2.01395
0.0464204
2.71387
-2.6873
1.85264
-0.372508
-7.63702
-2.13126
-0.325683
1.83828
-5.36553
0.611323
-0.154713
-1.39863
1.27502
-7.50205
-5.49183
2.08103
-3.12505
0.732784
0.651688
-0.945308
-8.59115
1.17345
-0.209921
1.62177
0.187262
-0.435985
0.079415
1.45369
-2.88976
-0.339745
-0.550115
-4.66447
-6.91421
0.00805435
2.2128
-3.46685
2.134
1.51096
-0.377993
0.913653
-5.38164
-0.42836
-5.2983
-3.83622
0.982742
0.752596
-3.55077
-0.28099
-7.90709
1.38468
1.52499
0.427073
0.609898
1.34042
2.79926
-2.70565
-0.46057
2.2212
-0.345556
-0.410398
2.73838
0.0689107
-3.96194
0.032473
-2.12092
-4.12242
1.39134
0.671033
0.350962
3.10844
-0.566463
-0.142211
-0.414646
-0.376032
0.0745568
-1.76324
-7.54015
-0.293046
1.28197
-0.0419982
-3.09769
1.68685
-0.297697
-0.329781
-0.272088
-0.361182
3.12655
-3.27946
-2.21712
1.65535
0.0447442
-4.69552
-0.752013
-0.304799
-1.28185
2.11768
-0.313425
-0.72797
-0.313146
-0.347123
1.64084
-5.63169
-0.101146
-4.8616
-5.78761
0.067978
-0.555251
-5.60116
0.763184
0.508966
-5.38539
1.28939
1.69562
3.11482
-0.243947
1.65984
2.36716
-0.645198
0.0973876
-1.33136
0.595299
-0.182252
0.291903
-0.124909
0.0631057
0.930229
0.525025
-2.85858
-8.32646
2.71539
-1.32124
-0.454769
-0.330764
1.6412
0.942033
0.821725
-2.70252
-2.40853
0.0515119
1.90199
0.645177
0.274993
2.52272
-0.203066
2.39394
-0.49575
-2.47798
-0.162627
-0.245599
-3.63458
-7.23624
2.45107
-2.71128
-2.45395
2.48592
-0.726524
-0.194237
-0.324112
2.69408
-5.71168
2.21162
0.15096
-0.0211013
0.309126
-8.33868
1.10457
-0.242368
0.0214834
-0.786468
1.31627
1.84483
-0.756177
0.128245
1.80807
2.61627
-2.94753
1.56237
3.10385
-2.37553
0.911958
-0.582127
1.50259
2.19056
1.91583
-4.86086
1.42966
0.461001
-0.348421
1.31038
-0.284491
1.7537
-0.358078
1.49985
0.908324
-0.135579
0.070157
0.437656
1.4805
1.88143
0.0604081
-0.393189
2.60628
1.63679
1.99925
0.190292
-0.274794
0.0775058
0.0919777
2.53871
2.74788
-3.26739
1.59776
-0.33735
-4.15708
0.0128439
1.43586
-5.60391
-5.24342
-0.354602
-0.394523
-0.13207
0.667312
-6.52194
1.56881
1.93155
-5.40464
1.98694
0.0282613
1.50702
-4.88786
-0.447921
0.0419007
2.66446
-0.259113
-0.342386
-1.16011
-5.52019
1.3064
-0.535932
0.793559
2.46137
-0.390262
-0.486791
-3.53241
-1.08141
-5.33804
1.92496
-0.970276
2.67232
2.60241
2.43296
-0.49707
-8.24797
-4.95204
-5.45838
0.0569692
-8.5988
-4.7941
-9.18523
-0.462562
2.02531
-7.74063
1.76235
-0.580836
2.40176
1.34061
-4.45454
0.151647
-5.57211
3.02483
0.0906937
1.35135
-1.29047
-0.555941
-0.430697
-0.49437
-3.84555
1.92462
-0.346472
-0.503161
-4.54785
-8.028
0.899267
-0.326659
-0.1744
0.0479999
0.352047
0.375854
-0.952413
1.90233
2.43186
-4.27801
1.03794
-0.523816
1.80461
-5.10154
-0.0537634
1.00506
-0.359235
0.0262065
-7.3723
-0.28532
-1.71108
-0.432225
1.66914
1.13851
-4.61489
-0.222278
0.960972
1.23562
-0.113706
0.535252
-1.04319
3.07393
1.04086
1.75418
-0.0456657
0.661274
-3.68357
-1.74665
-0.303309
-2.2479
-0.275142
2.51964
2.15068
-0.320366
0.852858
-0.326685
2.24332
0.668349
-7.42876
-5.27872
-9.6261
-5.29309
-0.016476
0.0901074
1.55165
-1.46398
-0.200185
-5.80086
1.2434
-0.313567
-8.41179
2.00318
0.823887
2.56608
-0.39353
1.63058
1.9875
1.84533
-0.291218
1.67621
-0.229203
0.357847
0.256706
-0.144399
0.901099
-7.39213
-3.32573
-0.495556
-1.35217
0.659
1.45497
0.40588
-8.13583
0.424379
3.17175
-0.3239
1.75644
0.0385749
2.45911
-5.70163
1.40747
-0.271731
-0.71158
2.63305
-0.227361
-4.86437
0.587281
2.72326
1.71107
-0.474455
-0.658961
-1.98419
-6.62345
-3.0385
-8.89784
1.80642
-4.84176
-8.3474
-7.4441
1.15208
0.0407173
-5.79566
-0.838751
-4.31779
1.01237
-0.0566501
1.5892
-0.477698
-5.336
2.47653
-7.40751
-2.64882
-5.15031
0.290958
-7.38008
-4.56146
-1.84715
-0.113335
0.0453169
1.26427
-3.30552
-0.883516
-5.66506
0.142482
0.0795823
0.419507
-1.11971
-6.52535
1.36866
-0.228997
2.36252
1.87998
0.578869
1.96541
0.488142
1.28946
2.90122
1.98026
-1.79762
-0.50889
0.0283103
-0.533742
-0.677725
-0.700814
1.68358
-4.2177
2.25522
2.34751
1.53477
1.51167
-1.43986
0.778144
-2.4983
-0.0609136
2.50673
1.80508
-0.314296
-0.131388
-6.88018
-0.770255
-0.206081
-5.53898
-2.19774
-0.575034
-0.150671
-0.363847
0.566252
2.58407
1.59516
1.84696
1.64338
1.88559
0.0604036
-0.222923
-0.379806
-4.64651
0.440178
0.292499
1.28212
0.986491
2.67067
-0.896429
-0.637423
0.00597117
1.47279
-0.293716
-0.19714
-6.71468
2.99001
1.53331
-7.66091
1.49146
-0.590119
-1.55564
1.29031
1.71151
0.874429
0.409448
0.693058
-0.28488
-0.190408
0.104766
2.51715
-1.45671
2.21631
-1.72075
-0.31237
-3.40232
1.22624
1.85526
-1.11045
0.0701904
2.97209
0.398185
1.29188
1.3243
2.75208
0.093289
1.71763
-0.298157
1.74975
0.0864704
-0.179076
2.26423
3.0721
0.393248
-0.426547
0.0713559
-0.76359
-4.20778
1.60264
0.713654
-2.73962
1.46017
1.94246
1.4356
1.53051
0.155871
1.60715
2.27664
-0.761297
2.83241
1.90502
0.828896
0.0100451
-1.24739
0.0929744
1.62627
0.250357
1.66686
1.90345
1.49079
-1.02963
-0.960928
1.95773
1.06887
2.14864
-0.219487
1.40953
1.75051
1.1185
2.00874
1.99678
0.0727825
0.0830711
1.54475
1.95293
-0.918717
-0.474403
-1.31018
1.92912
0.307603
1.71687
2.76115
-0.522358
2.67612
2.93641
-0.0342693
-0.702115
0.0097652
3.14252
-3.87864
1.88125
2.77766
0.578434
-6.44618
0.783849
1.18625
2.90905
1.18299
1.14921
3.02689
2.16245
0.0451089
3.00731
2.45503
-0.134202
-0.320974
-5.80428
0.00673549
0.385745
1.85462
2.4235
-3.78777
-0.0947008
0.888796
0.512065
2.10882
-2.74029
2.58375
-1.16251
-1.7465
1.31463
-2.44426
1.89653
-0.496267
1.24759
-0.342981
2.4303
1.6293
1.51935
1.63829
-1.2697
-0.214928
-0.118113
0.938792
0.996798
2.57372
1.78608
0.0342634
1.05505
0.458782
-0.356363
2.40437
-0.219796
1.99865
-0.046995
0.0430463
-0.416371
0.242631
0.81403
2.71863
-0.162687
1.06756
-0.367391
-0.406241
2.32516
2.24099
-0.457709
2.27267
0.505269
-0.395126
0.253117
0.984319
3.09821
-0.209426
-3.07281
2.06178
-0.234806
1.65861
-7.50263
-2.67509
0.137412
-7.1182
-4.0506
0.508905
1.70919
-0.0878786
-3.59622
0.0160776
-0.37047
-2.27562
0.706689
2.60646
1.20122
1.02847
-0.265869
-0.280239
0.19216
1.20516
-0.452075
0.0153628
0.088801
-0.00150091
0.193624
1.0889
0.47769
0.683119
1.15307
1.0462
-1.74623
-4.89562
0.276431
-0.785011
2.97397
0.948774
0.596351
-0.247372
-0.709233
-0.855456
-0.0693387
-0.370744
-1.60341
-0.307345
-0.640548
1.70817
0.4043
0.0488351
1.84157
-4.44593
-0.797219
2.55361
-2.62667
-2.24941
0.534905
1.47461
-0.419063
0.319531
-0.690513
0.0787927
-0.305185
-0.347777
1.89662
-0.614892
0.944703
0.0736041
-0.528936
-0.461765
-0.249166
1.31691
0.168251
-0.329991
2.5488
-8.02906
1.64208
-0.855969
-3.59654
-2.37963
-0.374408
-10.713
1.56317
1.49941
1.61073
-0.256321
-2.76473
2.25993
-0.52874
-2.72828
0.0153006
-0.73211
0.0523898
0.0722372
2.30717
-9.45832
-5.4793
-0.442629
1.08171
0.932889
-1.66173
1.01762
0.152999
-0.565547
0.488205
0.970318
0.609662
-0.011347
-1.03777
2.37586
-0.219353
0.0128387
0.916402
0.0196795
1.0312
-1.41371
-0.33265
-0.432065
1.13613
-0.0231177
0.081711
0.694236
0.0120516
0.127034
-0.432176
1.59489
-0.0923545
-0.509066
1.43538
1.32801
0.0010312
0.727822
0.752648
1.51473
1.92702
1.70283
0.104207
2.6179
1.28267
-2.12795
1.09148
-1.89892
-0.295336
0.0532538
0.603352
-0.765431
2.63692
0.438077
0.402931
-0.172044
0.63901
-0.232131
0.516816
-4.42444
1.2604
-0.233411
1.45773
0.844524
1.52008
-2.70186
1.98964
-1.87992
1.51088
1.59236
0.483792
-0.25552
-1.19402
-0.319403
1.82607
-0.691506
-5.29849
1.79568
0.999731
0.0155914
1.83932
1.18083
-0.707451
2.43211
-2.01477
0.229842
-0.990831
-1.21511
0.000912594
-0.259673
-0.546507
2.69172
0.00233656
0.441669
-0.270565
-0.383817
1.58923
1.96278
0.0135449
0.0373994
1.43652
-4.81023
1.41843
1.49774
-0.289601
-0.336351
1.06259
-0.192085
2.72844
-8.78948
1.16123
-0.0284468
-1.45146
2.61055
1.69951
0.307245
2.18144
-0.513637
1.99469
1.93868
-0.295644
1.43708
1.42034
1.15635
1.4494
-1.15929
1.59149
0.0402457
0.780224
0.0114296
-5.62561
1.6058
-5.79408
-7.11175
-0.122389
-0.105843
1.15242
-7.31269
1.44534
0.368053
0.7183
1.43577
1.22734
0.371678
0.206499
-0.489294
1.45946
0.846159
-2.93706
-0.835769
-0.268586
1.49937
-2.26481
-1.35917
1.324
-1.75456
1.93342
0.871987
-3.74854
-8.81699
1.74143
1.90845
-0.423892
1.28403
-7.76158
-0.705503
-4.93445
0.363144
-0.62517
-8.53059
2.90206
0.71262
-6.11702
0.0214883
-0.485144
1.44158
0.865452
-0.905366
-7.84181
-0.347165
-0.451202
-9.06744
1.13498
2.41388
-0.382164
-0.788181
0.0106645
-6.00781
1.78417
2.93629
-7.65781
1.04973
1.60455
-7.0564
0.447873
2.63532
-4.01513
-0.808194
1.1874
1.30743
1.14553
-0.652873
0.840665
0.0136426
0.948928
-2.29264
0.0709362
1.48934
-0.296058
0.26473
0.900284
1.37992
0.834185
0.0875175
0.587007
1.48478
1.12007
1.37601
2.74258
-1.23505
2.56718
0.0189528
2.51134
3.06544
-4.67494
0.226593
0.305925
1.40505
-5.01147
0.64062
0.943945
0.0448147
1.66358
2.24033
1.72254
1.77341
0.375683
1.04133
-2.905
2.99738
-2.66497
0.0326884
-0.331235
-0.634345
-4.70229
1.46902
1.76831
0.881268
1.84847
-2.48257
0.0829315
1.92515
1.45106
-0.201837
-0.375924
-0.0462505
0.000738817
0.412615
1.61191
2.87114
1.39174
2.06763
1.99113
1.68373
2.75044
0.982912
1.46424
0.117888
-0.367972
0.739556
1.16606
1.16274
3.03466
0.434877
0.788439
0.00276983
0.0766311
2.90384
0.836653
-0.426165
-1.3055
1.26554
-1.04685
-0.0555348
2.14925
1.49801
1.38845
1.60773
-0.250018
2.19228
-5.1656
1.36407
0.208432
0.0101603
0.0364641
2.40087
0.179118
-0.151557
1.50359
1.46196
-0.538187
1.32198
2.47102
-0.179313
-0.652735
-3.25879
-5.35928
-0.442924
-1.3612
-0.482953
1.32902
0.532274
0.0622733
1.60614
-0.00243867
-0.360286
-0.899399
-4.18292
-1.0321
0.200884
-3.3714
-7.60187
1.43295
1.41212
2.08413
-0.316309
0.568835
-0.0919438
1.36621
2.35552
-1.70057
0.0240245
0.0383136
2.49058
1.14995
-0.299181
-0.662239
-5.42054
0.0446204
0.0304119
2.63039
0.0518415
0.00594604
0.606445
0.53491
0.011646
0.761139
0.249845
0.738955
-1.95754
-1.03698
0.138553
-4.68898
-0.0238811
0.682098
-6.94429
1.66371
0.970102
2.81306
0.546137
2.52121
-0.779088
1.70497
-0.163836
-0.193271
-0.653348
2.33598
-0.355989
0.291535
0.194766
-6.74966
-0.842553
0.0151712
0.0511542
-0.0413669
-0.152399
-0.0500987
0.236215
0.915223
1.84553
-4.72796
0.0680187
0.235356
-0.0975058
-0.0648251
1.63768
0.280071
0.767133
-0.191858
-0.00526176
2.17314
-1.32501
0.701118
0.00373001
0.0540908
-0.315897
2.14003
-1.38014
0.0329611
-0.0133371
-4.45242
-0.454211
-0.039516
2.5184
1.80465
0.000819116
-4.75373
-1.13326
1.54945
0.0846415
-0.17892
0.00602035
0.625631
-0.0051114
0.00345652
-0.513808
0.00499527
0.576336
-0.682539
1.59776
0.345884
-0.67724
0.0693689
0.52171
0.166278
-0.752187
1.60382
0.111476
-0.259217
-0.36224
-0.0762149
-0.33457
0.00279238
1.58144
-7.99851
-1.21332
0.039274
0.00226748
-2.03245
0.0283284
-0.023058
0.0188791
2.27166
1.03306
-5.43794
0.0181761
-0.703315
-0.321179
-0.28815
-0.0423022
1.52452
0.854141
1.17275
1.43945
0.102238
-3.39698
-0.469458
-5.20344
-0.280824
1.70818
-0.0101232
0.574719
-5.49087
1.84585
0.0554147
1.57667
0.105128
0.100915
2.02221
0.0303233
0.0103377
-2.31485
2.2171
0.252744
1.30702
1.51399
-0.808374
0.0344103
1.40848
-4.83863
2.16845
-0.313803
2.11279
-0.834501
-0.00689275
0.0952964
1.59673
2.05533
-2.35028
1.28114
0.58768
-0.0499792
2.34316
0.529669
-0.583333
1.43532
0.0203611
0.11025
-0.606303
-0.50893
0.0210585
-2.04883
0.00303809
1.33738
1.01957
-0.071649
0.0721966
0.621681
0.0880056
1.4273
-0.273171
0.0261841
-0.738578
-0.140213
0.0780517
-0.2969
1.28402
0.273204
0.00617863
-5.92579
1.67765
-0.0536449
-0.315972
-0.0704957
0.437801
2.49448
0.0925998
0.00270944
1.14354
-0.0231085
-0.107691
0.0694423
-2.88588
0.052918
0.0721849
0.0311572
1.57347
0.00511229
-0.000312417
-5.30402
0.0331452
0.0408356
-0.23236
1.50225
-0.208149
0.0232756
0.405801
-0.31799
0.0970283
0.0414432
0.994864
-0.331878
0.176527
-0.00408934
0.0968386
0.0519769
0.0310116
0.0185784
-0.615109
-0.358262
-0.39083
0.357814
0.911969
0.102004
0.596604
0.664162
-0.00299008
0.0185026
0.741932
-0.780548
0.0216599
-0.279421
0.115738
0.275459
-1.10229
-0.377382
0.0201792
0.281506
0.182271
0.898675
0.786571
0.0915295
0.272134
1.50844
0.0803183
-0.341131
0.0218885
-2.36013
2.05955
1.37995
0.128272
0.009107
-0.00248988
0.100267
0.0385933
0.0267854
-0.316668
0.110222
1.35014
0.256091
0.0366784
1.46954
0.104113
2.30818
-0.0127622
0.217781
0.166339
-0.0198646
2.1857
0.0201044
0.054092
-0.615669
0.0511522
0.997492
0.525662
-0.00797691
1.49205
0.0933061
1.20067
2.02526
0.876596
0.800673
0.0471043
0.929982
0.0706355
0.259411
-2.82514
-0.455569
0.0771404
1.93979
0.466909
1.42839
0.651921
0.00975012
0.0538664
0.095115
-0.384803
1.10728
-0.412422
0.045017
0.0133059
0.0522476
-0.0119069
-0.171416
-0.692868
2.54636
-0.513693
-6.04723
2.37169
0.154725
0.0515953
0.0320015
0.0489685
1.38965
0.0635765
0.0325071
-5.32529
-0.593151
-0.0899209
1.51197
0.0842412
0.0699339
-0.956945
0.0236258
0.126126
-0.00932756
0.0397665
0.065386
1.53513
-1.28514
-0.278613
0.596423
-0.058228
-5.54022
0.127333
-0.60086
0.0245679
1.65641
-5.78597
1.9261
-0.0615364
0.0751536
-7.23071
-0.0290912
-0.123461
-0.00833679
-0.451302
-0.260154
2.40907
-0.327899
-2.98049
0.00760791
-2.26457
0.0127287
0.108168
-10.4181
0.00992725
0.0259832
-0.108052
0.0343037
0.0493589
1.8532
0.371395
0.0225919
0.124422
0.0296988
-1.72667
0.103485
-3.40167
0.0150866
-0.115173
1.77667
-0.0723408
1.50396
0.00060384
-0.138726
0.0188759
0.006499
0.0239092
-5.21621
-0.943606
0.0931192
0.85584
1.3288
0.566193
0.0178995
0.0117766
0.0171159
1.78535
-0.0127801
0.276966
0.922185
-0.000709731
0.0346812
0.0516416
0.0334363
0.0026614
0.0946463
1.50065
0.00712655
1.18509
0.00376232
1.60003
0.0528261
1.02448
0.0116532
0.015299
-8.58063
0.0337763
0.00069172
-0.153085
0.0985375
1.1417
0.0329979
0.465012
0.0376746
0.0128491
0.234546
0.0656624
0.00615788
-2.3844
-7.10515
0.0127071
1.93629
1.35121
0.030835
0.0291796
-0.686126
0.0389422
0.346157
0.0677228
0.0195872
2.16944
-0.584223
0.0183364
0.0266587
-3.97381
1.55631
0.0976314
0.0704266
0.0243227
-8.96476
0.160127
0.0450627
-3.28284
0.602591
1.05829
0.0738977
-0.198153
0.138173
1.44078
0.00775106
0.0199381
0.0095483
0.0609268
-0.194404
0.0821064
0.0720338
-0.00128889
-0.023725
0.0336079
-0.193998
0.0215295
0.0489139
-0.147022
0.106222
0.00103455
0.126438
2.81831
-0.00105011
0.106154
0.00576157
0.11297
0.65505
-0.0060347
0.13924
0.183204
0.0520752
0.0369166
0.029812
0.0234344
1.49049
0.0104952
0.00712336
0.133127
0.0171782
0.0211864
0.139911
-0.0037201
1.7617
-0.0160381
-0.846134
1.26085
0.0149576
0.0406081
0.102993
0.0477966
-8.07575
-0.0280454
0.249024
0.0358
0.138812
0.0329353
-1.02517
1.66967
1.74766
0.0221437
0.095994
0.108408
0.0274736
1.48145
0.0175772
0.0399092
1.54147
0.0343485
1.53242
0.052513
0.0408892
0.120579
0.0475511
0.0195694
1.87541
0.0253602
0.00258594
-0.144469
-0.217458
1.50333
2.21424
0.00755125
-0.151317
0.0463851
0.0342111
0.00292673
1.5732
-5.60619
0.00184852
0.0379121
0.114303
0.0241939
0.0288747
0.0659348
-1.84279
0.00355546
0.0567987
-0.894424
1.47435
-3.69404
0.0343663
0.0269519
0.935964
0.944075
0.0360947
0.00319652
-6.46937
-2.86731
0.0126075
0.0381606
0.0398602
0.0368986
0.00533181
-4.71937
0.0172897
0.160949
0.0361985
1.47306
0.0218242
0.0962523
0.0425005
-0.253014
0.0233947
1.44805
0.157028
1.7829
0.101677
-2.43749
0.0318493
0.0771872
0.0474782
0.0619761
0.103166
0.0242841
0.0496129
0.101687
0.00976014
0.0132676
0.0344467
0.0179277
0.0402272
0.0243144
1.55303
0.0756942
-0.28084
1.86336
0.0346124
0.0866911
-0.571843
0.493553
0.0396933
-0.567845
0.0271104
0.0405284
-7.09897
-0.101531
0.0348543
-0.577033
0.0385287
0.114377
-0.0925493
0.0115313
-4.37035
-0.0414305
0.0375365
-0.73932
-0.0807709
0.0289208
0.0257278
0.0416666
-0.0426923
0.0925196
0.107376
0.223152
0.015589
0.022753
0.0414776
-0.480973
0.0367427
0.00853521
0.0245146
0.0163468
0.0369829
0.0362131
-0.00154591
-0.321806
2.48962
0.0520639
0.0222114
0.0470997
-0.28641
1.7391
0.0466192
0.217649
0.00292168
1.74253
0.0140186
0.509792
0.147939
0.0110605
0.0247353
0.116249
-5.18898
0.0874352
0.258043
1.38724
0.0331611
0.0338216
0.00648453
1.77111
0.0541305
0.0519559
0.0105716
0.00118302
1.22891
0.0563149
0.0322082
0.0191532
0.0393367
0.0295815
0.039604
0.620408
-0.47577
1.985
0.00345426
-0.320394
-0.12993
2.26787
1.11828
0.0437784
0.0264937
0.0717572
0.0644368
1.34888
-0.129741
0.0419261
0.0893706
-3.35518
0.0352465
0.0859268
0.0547602
2.96616
0.909644
1.36721
0.0418674
1.52736
-0.000525371
-0.630629
-2.59265
2.03638
-1.55038
-2.00269
0.0252092
1.2067
-0.0563642
0.0317729
-0.238454
-0.0835129
-2.0169
0.207951
-0.286158
0.0220016
1.49811
0.0211772
0.372296
0.0326408
0.0356996
0.0470244
1.54327
0.0312988
-1.11219
0.0617536
-5.20778
-0.000497111
0.0494661
0.0676948
2.53997
-1.202
-0.134428
0.0645516
0.0416528
0.0419646
1.0071
1.47844
-0.000278844
0.0516478
-9.14028
0.0504792
0.82028
2.82164
0.775696
0.247767
0.0866054
0.0751129
0.035984
0.343851
0.0701401
0.0574833
0.0318383
0.52023
1.4373
1.42332
-4.26047
0.997107
0.0522622
0.154192
-4.21428
0.107936
0.0586969
1.69639
0.00398512
-8.95437
0.0237251
2.44309
-0.402861
-0.123252
0.0668077
-0.587512
-0.0658396
-5.5432
2.57952
0.0854145
-0.29527
-8.4262
0.0738464
0.115015
0.112217
-0.24024
-0.0898506
-1.02957
-5.53367
1.51618
0.0182673
0.155837
0.067464
0.920307
0.0341487
-6.64577
0.0274056
-0.141515
2.93231
0.0350312
-7.57654
2.65117
0.00453421
0.102419
0.0798227
0.0124559
1.63612
-2.1754
1.3832
1.52319
0.0866374
0.0648829
1.51179
0.682415
0.118389
-1.07355
-0.628635
-0.266768
1.62108
0.0451086
-0.4723
-8.45311
0.377173
-0.283166
-0.00574335
0.0875343
1.46563
0.0743619
0.0403552
-5.51766
0.024573
0.0301286
0.0446093
-9.95217
-0.977117
0.159782
0.042203
-0.0859972
-0.400254
0.0689172
2.83033
0.0675401
-4.32717
0.393366
0.0263257
1.63547
-0.0134705
1.53845
0.0760893
1.42107
-10.4314
0.1008
2.27256
-0.143854
-0.286596
1.73426
0.066709
0.000896272
0.0156064
1.53294
1.69573
0.0546022
1.75267
2.60006
1.01083
1.79756
-5.4793
0.0273304
2.36564
-5.03653
0.455391
0.0892414
1.42365
-2.11502
1.81113
1.73052
1.88862
-0.203372
0.00233071
-0.870158
0.0242877
0.133232
-0.675884
-0.329837
0.0266003
0.0306672
-0.861026
0.119849
-0.123811
0.283865
1.95857
2.10839
2.02694
0.137415
1.1115
-0.152971
0.374207
0.149518
0.121755
2.7574
0.0352803
0.0744188
0.168112
-10.2124
2.20099
0.0730437
-0.296176
-8.57057
0.19401
0.131711
-0.559412
-1.06578
1.22724
0.0361299
1.23606
1.61678
-1.39181
-0.324968
0.17777
1.64501
-1.11245
0.00974462
0.0350841
0.00648504
1.32407
-0.133097
0.00916132
3.08891
2.21424
-0.0288005
0.0872819
-6.08449
2.5158
1.41763
-0.0382392
2.74215
0.0308006
1.50812
0.46815
2.53337
0.0836964
-1.72682
0.838124
-7.38115
-0.00762152
0.0830872
0.170269
-0.520055
2.64374
0.153994
0.0331718
0.107921
0.380639
0.97724
2.92436
0.0804794
-0.0168532
0.0806573
1.0951
-0.115946
-0.378708
0.111357
1.43699
0.0845742
-0.062258
-0.590054
0.198883
0.421452
1.44208
0.105037
2.58275
0.0335252
-0.0406288
1.55684
0.0235895
0.0081424
0.162216
-0.776334
0.721604
0.0274833
0.676282
-1.15725
-0.0310003
1.32609
-0.730304
0.00120435
0.0606265
0.035208
0.0838769
1.33821
0.0722691
0.107603
-0.00418221
-0.407936
-0.0229694
-0.168573
-10.4573
0.00654046
0.74278
0.0871909
0.00259153
0.235909
0.0818189
-3.03363
0.0756883
1.52713
-0.146459
-0.132577
0.195993
-0.143573
2.29612
0.0229355
0.657599
-0.362938
3.03067
2.82786
0.108362
-0.661059
-5.73983
0.00101144
1.25149
1.51324
1.52099
-0.0497951
0.014038
0.166928
2.44505
0.211225
-1.048
0.403509
-0.25717
0.266352
-0.0445544
1.25225
2.41547
0.0941052
-0.209127
-0.089761
1.15885
2.04848
-0.430997
0.505313
-1.03014
2.87764
0.00864315
0.0621303
1.1493
0.0508283
0.0171142
0.020605
1.46705
0.0132663
0.0209454
-0.549257
-4.81169
-0.00873096
-0.000932366
2.37357
0.65993
1.84517
-0.244311
-0.384055
3.00274
-0.0398344
0.185413
0.543108
-0.203369
1.25552
1.2976
1.596
0.00538851
-0.354848
-0.266622
1.49235
-0.256159
0.0172574
0.0937967
1.53904
0.250951
0.0248802
0.0714879
0.263724
-0.10709
0.0224277
0.193711
-0.0276215
-0.224039
-0.180801
1.06986
2.34065
-0.0192294
1.67532
1.37655
-1.41959
0.0169818
-2.2275
1.60226
-0.175386
-0.549905
-0.132244
-0.113966
-0.0491857
-1.02696
3.01556
0.0072225
1.59192
0.974818
-0.115275
0.0551884
-0.490874
0.0641005
0.439026
-0.136611
0.0760021
1.0464
-0.0852441
-0.166382
1.80687
0.255889
0.305743
0.128929
-1.95899
0.194136
0.701162
-0.648101
1.18474
0.198602
-0.591358
2.22726
1.92403
0.0714035
1.35764
0.0170338
0.61214
1.45415
1.60953
-0.0979323
-0.214133
-4.40172
-0.177875
1.48196
-0.788187
2.12844
0.0240213
0.8163
-0.340591
-5.20101
1.48175
-0.195401
1.46335
0.234013
0.240254
0.191777
0.227049
-0.226018
1.28637
0.48124
1.52828
0.386253
2.06022
2.24241
0.0546556
1.93318
0.145196
0.00865876
0.528701
2.19368
0.796326
-1.33995
1.60739
0.0917459
-0.291833
2.14185
1.44592
2.08425
-0.0570941
-0.0674152
0.177782
-7.48171
0.0356848
-0.35558
1.25886
-0.820733
1.68317
0.0080917
-0.247121
1.3404
1.61403
0.172894
1.52174
0.0749796
-2.31855
-0.237416
0.0570651
-5.44162
0.822038
0.856929
-0.715463
-0.223266
0.306214
-0.189736
1.09862
2.17251
2.31872
0.663059
0.44129
-0.0578911
0.321744
1.39729
0.0116864
1.86603
-0.157848
0.0394558
-0.302722
-0.245304
1.00941
1.54556
1.87966
1.23029
-0.133637
0.0612894
1.47044
1.4415
1.65106
0.0868449
1.91003
0.728752
1.526
1.02007
0.138696
-0.0919271
1.62571
1.43828
-1.07704
1.56519
-0.132125
0.325231
1.17224
-0.229438
-0.377702
2.53659
1.8361
-0.0337455
1.53226
0.458965
0.959619
0.153089
0.201463
-0.0177452
-0.0467534
-0.230857
-2.21543
0.420557
-0.318866
-0.120783
1.51796
2.1468
0.165113
1.49743
0.23049
3.18952
-1.99662
1.80752
0.0550676
-5.57618
-0.907464
3.22572
0.272882
-0.0318508
3.20765
0.00379029
-6.95058
1.51214
3.18097
-0.53791
3.13211
0.819906
0.103114
-0.321517
3.03428
-0.0608718
-0.0629853
-6.1174
0.157799
0.138046
1.78889
2.88592
0.0163437
0.384844
1.8841
0.235315
1.60251
1.26352
0.0889707
-0.308566
-5.43034
2.83466
0.491799
-0.312814
0.274613
0.0259714
2.79062
1.15035
-0.30775
-0.321745
2.74281
-1.50335
-0.325626
2.6959
1.81369
-0.326841
-2.93171
-0.329426
0.672192
1.83119
-0.328901
2.62641
1.49606
-0.39616
-0.324928
2.10889
0.154787
0.309822
-0.371915
-1.1161
1.35929
1.51163
-0.259336
1.57449
-0.174517
-0.962798
-10.6856
2.49583
1.03184
1.30899
-0.176251
-0.354643
-0.370987
-0.394016
-0.425841
-0.467371
-0.516785
-0.217092
-0.590068
-0.912144
1.8775
2.45514
1.00598
0.826315
0.276844
1.1149
-1.07539
2.42569
0.00188678
-1.27935
1.9714
-11.1528
-1.52415
0.0589715
2.33824
1.37393
0.856549
0.386079
1.51023
-2.23912
-1.8128
2.30766
-2.15015
0.017354
0.416248
-4.83657
1.41718
2.26809
-0.0272097
1.95499
0.130124
1.20181
-2.528
-0.246545
-0.231004
2.22922
-0.329068
-5.24998
2.19049
0.0593447
-1.11285
-0.28985
-3.95788
2.15754
1.56482
0.479984
1.51259
0.323199
-0.00471383
0.0208216
-4.51682
-0.77578
2.11305
0.614164
0.0725619
1.56178
0.705916
-0.761418
-0.258921
-5.10771
2.07962
-0.338674
1.5663
0.060758
0.0505086
-5.68449
2.03949
0.612448
-1.86988
1.99256
-6.21059
-0.0351035
-0.234632
-5.19907
-0.0450897
1.96254
-6.65035
1.90411
-6.98943
-0.269883
0.923885
0.0157117
0.829258
0.0259818
1.86136
-7.10819
0.901915
2.40501
1.57104
-7.27482
-0.547346
1.82711
-0.210429
-0.76813
1.28124
-7.24332
1.4914
1.7948
0.0280209
0.0631278
-2.16411
1.49644
1.01083
-0.153726
0.202847
-7.16988
-5.18482
1.74349
0.429653
-4.54256
0.441394
-6.82157
-8.4106
0.212319
0.678646
1.70567
2.12529
1.55508
2.30062
1.60118
-6.76918
0.999318
-0.0415793
-0.333123
0.700133
0.0358973
0.159574
0.839267
1.25387
-0.0487327
-6.59703
-0.339751
1.62329
-0.759793
-0.485798
1.88781
1.21436
-0.162742
2.69568
-1.2544
0.389054
0.310561
-6.39317
0.305273
-2.18966
1.571
1.85166
1.65446
0.991502
-6.19781
1.51969
1.45652
1.42221
1.35863
1.31359
1.2422
-4.88407
1.47646
1.18814
1.72473
1.07053
-4.2068
2.13033
-6.03661
-0.754877
-3.45103
1.15376
-5.77844
2.10113
-5.92783
0.361261
-5.85033
-1.0358
-5.77359
1.4764
-0.949027
-0.0386086
-5.69095
-11.1979
-0.382468
1.56109
-4.81368
-5.45651
1.62714
1.56895
-0.544909
-0.985519
1.72514
0.257897
-2.32597
-0.77485
0.514945
1.34694
-3.26198
-0.874565
-0.394608
1.67911
-0.304175
-2.0411
-0.364029
0.744672
1.57063
-0.185281
-7.82365
0.627459
1.76503
1.22376
-9.621
1.50646
0.656103
1.28755
-0.142166
1.57458
-0.316596
0.00261988
0.0152971
0.649927
-3.34416
2.32435
0.232329
0.0983336
0.212198
-5.23192
2.02839
1.621
1.3539
1.51414
0.302166
-0.804482
0.335711
-1.81709
0.7257
-0.93583
-0.826459
1.07541
-4.36409
0.384638
2.86353
-0.0114498
0.789279
0.823352
-0.751963
0.153646
1.14892
-0.0734376
0.640033
1.33035
1.51892
1.60067
1.59285
-1.08884
1.79198
-5.23551
0.14995
0.496077
-0.203848
-0.514022
0.118197
1.80245
-0.596572
1.50211
-1.55264
-2.5036
0.342194
-3.62009
0.406698
-0.257087
0.298806
1.68302
0.204217
-0.281109
0.147666
0.320531
-0.495902
-0.311563
-0.0136447
1.58179
-0.356414
-0.640139
1.1083
0.0174581
1.12541
-0.28641
-0.278236
0.1425
0.0605624
0.254492
-0.449147
0.164211
0.0177042
0.0457452
0.814365
2.35338
1.03035
-5.94849
1.48699
-0.12987
1.14314
0.013479
0.0446821
1.29493
-5.27991
0.0151944
-1.33265
-0.627753
-3.87113
1.53673
-0.132589
1.89404
0.35511
0.015324
2.44054
2.31299
-0.269577
0.470071
-0.334317
-0.544331
1.73215
-1.42504
-0.0476601
-5.58378
-0.0406214
-3.21723
0.517701
0.929622
-0.0558261
-0.00290278
0.0872433
1.46631
-0.954596
-4.16497
0.932625
0.712079
2.29099
0.216534
0.534906
2.36147
2.39854
-0.00173891
2.06626
1.16969
1.52672
0.315742
2.1318
1.61031
0.348512
-0.229464
0.1291
1.18373
1.14827
-0.0078612
-0.00642951
-0.283796
2.94874
1.19183
0.778603
1.56882
0.875451
-0.11299
1.01468
0.294199
2.05016
-0.181331
-0.0631443
0.234531
2.63677
0.351854
1.68642
3.09758
1.54419
1.55703
0.00544893
0.739111
-0.00341361
1.80973
2.78976
-5.9163
0.495477
2.68668
-0.111444
-0.0381733
2.93272
0.656199
-2.35944
0.500202
0.153494
-5.41137
0.382937
0.0369978
0.153803
-0.26462
0.297379
-1.36168
-0.0758705
2.6123
1.62755
0.760059
1.26608
1.28094
-0.646819
1.46602
-0.31911
3.12707
-0.319627
-3.23509
0.086378
2.26616
1.46508
1.33208
0.0870143
-0.348881
-1.71279
-0.345246
-0.166026
-0.198843
1.28132
0.0487512
-0.224267
-0.218689
1.59028
0.209968
1.36263
0.0365311
0.553571
0.728669
2.68217
1.33397
-0.221094
1.21799
-6.86438
1.7773
-0.161926
1.38179
2.45362
-0.09097
0.177747
-0.730401
-1.36582
1.47938
-0.233921
0.579278
-0.16881
1.29984
-10.4281
0.110911
2.19238
0.689082
-0.904397
-0.503113
1.64972
1.86192
-0.0801245
3.01906
1.49551
0.498674
1.16162
0.145133
1.71824
-0.71217
-0.248608
-0.825421
-1.37301
1.49747
0.0165465
0.513807
-0.254928
2.57791
1.12821
-0.279083
0.06595
-0.01072
-2.92194
1.07507
1.20405
1.15879
-8.98136
0.539349
-0.188174
0.801607
-0.224247
0.899362
0.122949
0.354132
0.162281
0.809612
0.449831
1.56729
-1.51882
0.0845329
0.15077
1.50041
1.9326
0.201674
-1.04111
-0.104207
0.0867092
0.698199
2.9414
1.6365
-0.301639
1.21147
-1.39724
1.51686
-0.922293
0.977885
2.327
-0.943796
0.266753
-1.19464
1.47283
0.577373
0.0206233
-0.704669
-10.3112
-0.656952
-0.435552
-1.56886
1.64341
1.1115
-0.349211
1.62911
-0.751301
1.62786
0.285624
1.50503
0.198418
0.130215
1.56681
-5.35611
1.55208
-3.48463
-0.333491
2.45762
-0.318601
0.315235
-0.48733
0.444914
1.03393
2.18963
-0.992077
3.0547
2.71823
-9.61024
2.26303
0.255382
1.56513
2.86094
-2.54085
0.0335451
0.768305
1.51858
0.357925
-5.87304
-0.264489
0.178822
-1.41422
-0.167207
-0.21068
1.54826
-0.279177
0.0282772
1.48478
2.01925
-4.23744
2.08052
-0.641421
-3.92257
0.209578
0.966403
1.45363
0.712136
1.95214
1.11951
3.21763
1.44862
-5.33161
3.22292
2.22421
2.29472
1.67527
3.20501
2.35321
0.122014
1.27288
3.15826
0.655924
0.125011
-0.471753
1.40851
-4.42924
0.837616
1.20368
-0.444265
2.25088
1.52017
-5.51128
-0.652869
0.502997
2.18958
2.14863
-0.132785
-0.918421
-2.03361
-5.82871
1.94527
-0.169096
-1.40081
-3.22899
2.99448
2.36029
-0.0760911
0.856246
-4.35052
-1.22902
2.01021
-0.201137
2.86001
1.52238
-5.85016
-0.0814701
-1.25795
1.06058
-1.12684
-3.96309
-3.02313
2.80082
-0.31452
-4.32338
0.0447429
0.00627336
2.8137
-0.171521
-0.280819
-10.0073
0.369727
-10.5675
2.41788
0.611269
0.709954
-1.921
-0.00454684
0.495269
-0.315161
2.76645
-1.15022
0.233767
1.52295
1.11518
-6.04636
-5.71321
1.45384
-0.323052
-0.961174
2.35615
2.72022
2.15567
0.175916
2.66088
2.27523
1.64114
0.785404
-0.327505
1.84074
1.04849
1.75973
1.7383
2.26331
1.86338
-1.59542
-6.40393
1.48163
-0.324306
1.24814
-9.26255
-1.42121
-10.0328
2.10038
-0.316085
0.553984
-1.25376
1.95689
-0.186732
-0.332059
-0.412202
1.23557
-4.67516
-8.87974
-0.00198767
1.55879
0.515436
-4.77624
-0.472229
-0.843965
-0.347816
0.0348564
-0.000354152
0.105631
0.533041
-10.1581
1.50551
1.54166
-6.79428
-0.523298
-0.601794
-9.7494
0.627267
1.51184
-7.39487
1.25127
1.24733
0.446826
1.69876
1.17253
2.47751
1.77672
2.3897
-1.05817
-0.360019
0.969682
-0.380192
-0.40669
-0.442461
0.747841
-0.489436
-0.549431
0.0133539
0.384413
-0.983285
-1.25236
0.681979
-0.778278
2.44103
1.32058
3.09789
-1.16466
-0.776078
-5.58738
2.65171
-0.0691282
0.999336
-0.275088
0.597783
-1.39255
-1.38255
-0.241015
0.961732
-1.68023
-1.65443
1.09195
-1.27687
1.47504
-0.132601
0.659836
-2.46678
2.32594
0.113332
2.48834
0.326284
-1.97311
1.58994
-1.06455
0.68015
-0.522465
-2.12647
-4.69146
-0.185392
2.28803
1.61517
-0.831318
2.27604
2.29143
-7.65498
0.0273375
-2.31198
0.396032
1.41477
-0.207896
-0.718954
2.24911
0.29796
-0.0644338
0.243868
-4.02355
-6.23038
2.56112
-0.39836
1.03398
0.159675
1.27157
0.114781
1.97428
2.20962
-0.770045
-0.54374
1.52232
-1.97589
1.04272
1.79209
-1.42836
2.17486
-5.39126
-4.33072
-0.0404393
2.03593
0.0415721
2.07741
-1.28092
1.6443
1.64256
1.34956
-0.144947
-4.22429
2.13359
2.19593
1.57201
-1.46171
-0.2201
0.20067
-0.536672
-0.827238
2.5897
-0.989876
0.550452
-4.81885
2.09966
-5.22151
-0.239627
0.145074
0.268801
1.57567
-0.372722
-1.06299
2.89235
1.60627
-5.41432
2.06049
1.05475
1.08466
0.122839
-0.0361847
-0.638298
1.34968
-0.451782
1.76883
2.01658
-5.97563
-0.212677
1.25139
0.746889
-4.19209
1.11674
0.323322
0.0475682
1.07824
-0.198191
1.10996
1.9798
-6.46419
1.12485
2.0248
1.26301
0.148606
1.93196
-6.86111
1.49356
0.019319
-0.500634
0.1446
2.27176
-0.229376
1.53725
-5.42493
1.88215
-7.10607
-0.144463
1.1002
2.35819
-1.76742
1.13603
0.59004
-5.19106
1.56258
-7.2289
1.84502
2.12033
1.37782
0.256072
2.41193
-0.167947
1.51449
-0.0962392
-7.29436
-0.261969
1.81251
-3.25418
0.706269
0.93528
-7.24636
1.50039
1.76679
-0.153899
1.50077
0.949562
-5.67976
2.50483
-9.80723
-4.14753
-4.44976
1.72379
-5.66235
-0.271567
1.60255
1.00207
0.210716
0.954899
-8.37808
0.550352
-0.270805
0.166253
0.707221
2.68939
-3.39864
1.55116
2.91058
1.10204
1.08872
-6.71986
1.51231
-0.264039
0.658738
-1.21252
0.761928
2.00749
-3.24243
-6.5114
1.59771
1.46348
1.0679
0.972162
-0.472434
0.849989
0.493723
1.03528
1.47104
1.53126
-2.89681
0.791339
-6.31738
-0.326969
1.48785
-0.351892
1.54561
1.49979
0.500602
0.447247
2.39179
0.295669
0.183074
1.49679
1.48843
1.22952
1.44254
-0.833674
1.3904
1.33759
0.254892
2.06865
-6.13475
0.798402
1.27652
2.14297
1.21406
0.81536
-0.121305
2.19894
2.15087
-0.186423
0.906982
0.497606
-5.98776
0.608393
1.29197
0.778865
-5.88945
2.9657
2.2926
-0.365291
0.748418
-0.00930788
0.0201952
-5.80987
0.886567
0.779394
1.89382
-0.131451
-5.73533
2.18991
-0.319237
-1.53233
0.0866186
1.46989
0.761561
1.69367
-1.22728
0.273947
2.65135
2.78276
1.03537
-0.001592
-0.342867
3.16504
0.628511
2.24066
1.34592
-0.0812786
0.189962
-1.45081
-0.0116615
1.99767
-0.0322725
-2.76211
0.526658
0.448878
-0.598803
-3.69453
2.33367
-4.23861
-2.98955
0.0827659
0.390709
0.806932
-0.0731384
0.211062
0.738278
0.518497
0.470417
0.0788088
2.6818
1.56406
1.75028
1.88249
1.06461
-1.66359
2.64141
-0.385886
0.0671687
0.0930028
1.36861
-10.8829
0.361777
2.04684
0.155064
-0.157283
-0.108616
1.58465
0.689881
-3.50088
-7.81105
1.44118
1.57641
2.44349
1.51628
1.7846
2.04204
2.00115
-0.667599
1.90105
-0.000166164
0.747201
-6.00425
-1.30443
-0.425489
0.81505
0.145764
1.80687
0.659515
0.365751
-5.34411
-0.708456
1.00512
-0.281511
0.0693074
-5.11639
1.47548
2.33658
-0.392401
0.0959432
-1.96409
-1.2421
-0.131798
-0.722705
0.546987
1.44225
0.502503
-0.269519
-1.00089
-0.565682
1.56682
-0.343697
-1.67384
-0.272192
-0.684189
0.801931
-1.06747
0.864272
1.0448
2.76344
-0.256586
0.37634
2.20679
0.139753
0.297972
-3.85814
0.829457
-0.667303
-5.39513
-0.380516
0.0707826
-0.500281
0.598374
0.248594
-2.68221
0.45972
-8.57717
-0.0880703
0.153438
0.306175
-4.9495
2.15972
-0.015881
1.51745
3.04913
2.21531
2.85848
-0.353006
2.1614
0.160252
-0.069044
-0.870101
-0.0249084
0.231495
0.385659
0.119722
0.173755
0.684655
-0.554363
0.895583
-3.20332
-0.617924
-0.520512
-0.609578
1.74197
1.05081
-5.64213
1.11561
-7.09966
-0.118132
-5.51844
0.410411
-0.0118446
-5.95677
-0.311222
-0.589518
1.61398
0.00281154
-4.63872
-1.0101
1.59684
-1.24768
0.536758
0.375574
-7.56292
-0.175165
-0.291122
-0.270028
0.166137
-2.61591
-0.718411
-0.289929
-1.57045
0.204868
0.23803
1.65483
-0.926747
-0.207821
1.16637
-0.635594
-0.320205
0.638658
3.06438
-0.156556
0.28036
-0.411836
0.231635
-3.54445
1.70124
-0.299452
-1.79168
1.55302
0.108509
-6.80543
2.02624
-6.69657
-3.07883
2.23316
1.03495
-0.505912
-0.620061
-0.238448
-1.77218
-0.309856
1.53193
1.88344
-10.7148
-0.0380382
0.236089
-0.277721
0.587594
1.42272
0.13722
2.18979
2.34332
-5.1208
0.76141
-0.305869
-0.216418
-3.97207
-0.0874868
1.33098
0.311376
2.88154
-6.02174
-6.20142
2.60878
-4.58178
-5.24107
-1.72303
-1.79781
1.46991
1.41139
-9.48515
-2.06521
1.14228
2.47403
-0.000190141
2.51793
-0.892049
-5.34431
0.231235
-5.80406
-0.376557
-0.887438
0.526483
-0.640844
-1.02973
2.05159
0.586201
0.140348
0.751722
3.10919
-5.43642
-6.32824
-7.16881
-0.539864
3.05854
-6.93161
0.545608
-0.118991
0.158459
-5.61391
-5.83574
-0.186864
0.137549
-0.037305
-0.177227
-0.120392
-6.07899
2.61846
-1.31354
-3.76571
2.66098
0.944253
2.19982
-3.87184
1.45521
-0.0848612
0.134477
1.27411
0.979437
2.33858
0.87381
0.00377172
0.637479
-0.144408
-1.24413
-7.25573
0.123312
-0.36708
-5.27155
1.05763
0.673374
0.0917762
0.55653
0.0436313
2.51983
1.53702
1.43862
0.270281
-3.93741
1.37342
-3.16886
-1.10975
1.52112
0.131078
-3.35787
0.020101
2.38489
-1.60066
2.29498
0.00340257
2.14573
-0.187004
2.357
1.09664
1.13799
-6.5783
-0.426649
1.61405
1.09406
-0.787539
-0.194803
-5.17354
0.0211509
-1.84007
2.53585
-0.33912
0.551187
-4.90551
0.520412
2.14709
-2.24999
-3.86047
0.636109
2.53523
-0.354187
-0.627223
0.166463
0.274575
-8.93987
-0.193744
1.15566
-1.25961
0.609171
1.60082
2.15201
0.88444
2.11251
1.82582
0.280049
0.152341
-0.449574
2.47831
2.97205
-2.42746
0.446141
-0.944086
-0.370716
-9.37897
0.279818
2.66217
-4.84434
1.6675
-0.584063
0.855768
2.24305
1.64219
-1.05544
0.127823
1.17926
2.37691
0.121955
0.398216
0.367843
1.65718
0.874142
-5.36288
-0.384963
-0.922157
-5.18776
1.74759
-0.865077
-3.47107
-0.623582
-5.21667
1.40143
-0.671583
-0.0547213
-0.0465871
1.14513
2.58525
-0.216942
-0.844033
-0.0389405
-1.59188
1.78453
3.07838
0.19722
-1.93779
-8.47515
0.353649
0.376806
-0.0899756
-0.719986
3.00125
0.483063
2.46278
-1.81184
0.56128
0.77876
-3.44952
-0.261336
-0.786849
-3.76225
0.813697
-0.213119
0.26432
-5.24808
0.848299
0.441605
-0.980011
-6.59964
0.596617
0.667092
2.38504
-0.522863
-0.114313
0.444668
0.274749
0.134806
-2.35126
2.35762
-1.40505
1.53423
2.07671
1.70454
-0.81379
0.324437
1.67112
-0.379531
-0.246531
-0.231787
1.1895
2.26904
2.36699
1.98932
1.60842
-4.67279
-3.94055
0.743619
0.22721
-6.36038
2.58734
1.73398
0.919814
1.11622
1.01711
-5.51841
-2.14751
2.06005
0.615237
1.04251
-0.14838
2.21834
1.46338
-0.166221
2.43392
-0.0816072
-1.82516
-1.54491
0.0758415
-6.57986
-0.198529
-1.62439
-0.327653
1.46848
-0.406873
0.71887
-1.83956
0.497716
-9.91381
0.141117
-0.157163
2.46178
-0.818645
-0.135761
-9.46393
0.489275
2.00589
1.04268
-3.00196
-0.214532
-8.7106
1.2085
-0.852108
0.0444189
-2.61673
0.0720571
0.111891
1.64301
3.18673
3.0784
0.178164
-0.329266
-5.16242
2.44013
1.656
1.3028
1.84549
0.266
2.40793
0.128611
-0.472122
0.00529159
-0.0803383
2.11673
-1.60811
-3.19521
1.2315
1.30195
-0.239257
1.35668
2.19087
1.33986
2.17197
0.68713
1.60139
1.52643
0.940243
-0.257119
2.53562
-0.596224
0.381942
-4.95063
-0.953321
-0.00111099
0.548915
-0.0611539
1.8722
2.21828
0.607578
-7.78428
2.12485
0.747095
-3.88878
1.1289
0.634558
-7.48163
0.338793
1.9765
0.0227802
-0.288768
0.842915
-11.2627
-0.995973
-0.587176
-0.185952
0.792195
1.55501
2.63984
2.95787
0.298391
0.345063
1.30667
-0.860445
-3.28291
2.26507
-3.34223
-5.77851
0.83559
-9.5613
-4.29301
-0.114487
1.0503
-1.12693
1.00029
2.2564
0.480504
-0.155906
0.149125
2.48474
0.202257
-3.0669
-1.64082
1.11539
-2.27403
1.63704
-0.805247
2.26794
1.52598
1.08448
-0.17938
-0.804616
2.42485
1.10343
-0.0326776
-3.09118
-0.825936
-0.230019
1.52392
1.32478
0.64588
-0.251403
-1.00234
1.32779
-0.663262
0.12492
-0.301613
1.28784
2.81023
-0.127665
0.00456467
0.20298
0.0342758
-0.413692
1.21465
0.65702
-3.04751
-0.160073
0.153461
2.13057
-1.40571
-0.399073
1.56612
1.89539
2.3079
-0.20108
-1.12967
1.29049
0.90006
0.188671
-6.70344
-0.9444
-0.840075
1.37244
-0.408078
1.14407
-1.78176
-0.404908
-0.293851
-0.144505
-1.9141
-0.114265
-0.229255
2.20033
2.18012
1.00188
-3.84916
2.47775
1.27703
-0.768219
-0.0648539
-1.6067
-0.0964782
-0.165463
-0.32709
-4.65186
1.19401
-7.30419
0.794292
0.0149249
-0.362922
2.38133
1.26646
2.24779
2.11686
-0.763743
-5.21816
0.203959
2.84311
-0.117604
0.950617
1.49463
0.00867986
1.83684
0.621837
-0.0928008
1.05853
-0.151352
1.83622
2.16624
1.3826
1.5147
0.0226315
1.39432
0.201242
-1.53419
1.77006
2.36252
0.46533
-0.859575
-0.911117
2.59417
-0.37176
-5.30886
-3.72702
-0.102862
0.00755814
2.84556
0.564086
0.138651
2.01604
-1.05357
-0.178114
-0.124244
1.69948
1.00515
0.730043
-0.808263
1.56925
0.0278698
2.81749
2.78506
-1.02691
1.75671
-0.933159
0.530061
-0.239352
1.54798
-0.391193
2.22971
-6.46651
1.92211
0.57337
1.13519
2.10352
-0.486606
0.0884922
0.169698
-0.326399
0.328602
-2.12194
-1.0735
-2.92986
-0.776214
2.32706
-0.755066
2.5619
-0.0698547
-2.55502
0.266108
-0.370036
-1.86234
-0.649897
-0.314534
-2.34713
-0.535645
2.19669
-6.21785
2.28652
0.170418
-5.97306
-0.286243
-2.63213
0.554111
-0.114176
2.48944
0.731346
0.244916
0.127043
-6.22609
1.31781
-0.112746
0.950414
0.165414
-5.1848
-0.72013
-1.11907
0.382371
-0.552367
0.62492
2.15267
1.85312
-0.272178
-0.161467
1.50294
1.50721
2.55535
2.80986
1.18048
-0.213024
1.48699
0.889836
0.257243
0.156921
2.49964
-6.62711
0.564384
-0.446093
0.672812
0.0545638
-0.299494
0.145905
0.456848
0.856225
2.97499
0.141773
1.48562
1.54668
-5.01747
0.455571
-7.13881
1.32551
-6.13991
-1.78721
-0.498875
-0.0184836
1.48741
0.773631
2.46443
-0.177156
2.28676
-0.302913
2.85637
1.6296
1.47231
-1.08333
-1.12634
-0.110727
0.162165
-1.91569
2.0194
2.07796
1.20802
0.129595
2.85744
0.595571
1.49993
-0.294673
-5.1478
0.220506
0.479931
1.73721
-0.541376
-0.155167
-0.325672
0.00213524
2.40135
0.799968
-5.14707
0.37987
-0.106931
0.0865285
0.421582
0.10587
0.866774
-0.924141
0.020232
-0.350113
-0.0743412
-11.2002
-0.318193
-6.1501
-6.23496
-0.141704
1.64932
-0.0727635
0.681366
-0.209986
2.0299
-4.0432
0.282419
0.216278
-0.621573
-5.88029
2.1989
1.4807
0.0857278
0.213213
2.1677
-1.23817
-1.9693
-1.18109
0.0339897
-0.36014
1.18121
0.956502
-0.0797935
0.282712
2.2552
-0.0680868
-0.0872505
1.20889
0.83747
-0.426602
2.05917
-5.25566
2.36108
0.880633
1.9776
-0.389355
-0.439579
-3.51606
0.476722
2.30234
-0.616571
1.45124
0.84895
-1.2518
0.291861
-0.854374
2.7389
1.29067
0.0616262
0.837262
0.132372
-0.229342
2.15151
-9.92294
1.11962
1.8497
2.90827
1.77673
-6.01086
-6.04015
-0.423503
0.108015
2.15043
-0.509533
0.158957
-2.71111
-4.72307
2.16192
0.235888
-2.72573
0.152797
2.09494
2.83369
-0.119942
0.131938
2.07463
1.94304
1.09255
2.26706
-0.743405
-1.17333
1.4324
-1.87889
0.762682
-0.0313818
-2.37803
2.22038
1.05456
-0.840468
-6.36998
2.08717
-5.83341
-1.94122
-0.0706734
0.548233
1.47606
2.30591
-2.54947
0.0380047
-1.28504
2.95733
3.01031
1.51317
1.88842
0.0179243
-10.4339
2.69162
0.414809
-0.342981
-0.036869
0.0150297
-3.74478
-0.321915
-9.81585
1.1907
-0.71593
-0.228614
1.85965
1.73349
-0.848362
-0.309621
-0.605085
0.622826
1.14061
2.21138
-2.81166
0.128507
-0.392188
0.972281
-5.1704
-0.220502
2.00199
1.81343
0.0271365
2.1048
1.90249
1.41038
0.985547
0.966557
-3.36733
1.72145
1.08841
-0.73683
0.126357
-0.329234
2.06663
-0.89141
1.1311
0.783085
1.51564
-0.331661
1.62906
3.14561
-5.832
0.750622
0.605574
-11.2601
2.7309
-0.0435238
1.03732
-5.94498
0.0516587
-0.129354
0.420249
0.515032
0.961994
0.980153
-3.15683
-0.123155
-7.20549
2.11408
0.632458
-5.37111
1.82263
1.60111
2.65931
3.04465
0.15028
1.51392
-0.88326
1.26305
0.0059608
0.953261
2.55587
2.19652
-0.567616
0.0294076
1.40681
-0.324184
-3.41965
-0.571516
0.456399
-7.27293
2.98288
-0.4132
-0.372095
2.07024
0.721355
0.8878
-0.264809
-1.64352
-0.0514926
2.05174
-0.130339
0.156501
0.630256
-5.29005
-0.298855
-0.466714
1.8497
1.184
1.76413
-1.39148
1.35198
-0.251799
1.78864
-0.872644
1.49555
1.4217
2.1941
-10.6409
-5.15672
0.462242
0.035308
-11.2322
-0.590391
0.759844
-2.41753
2.61729
-1.81087
-0.284255
1.24005
-10.5502
-1.53182
-0.49253
0.162868
1.0113
1.30248
-0.282215
0.591071
1.12638
1.45462
0.880843
0.0612128
0.0621774
2.83098
-0.209232
0.648573
0.535756
-0.528965
0.464562
-0.326968
1.7402
1.77009
-0.673838
-6.60081
-0.791515
-0.0544345
-6.30051
1.27203
-6.45066
-6.9904
0.46412
0.177777
-0.335277
-0.722223
2.26324
2.9215
-0.846458
2.03191
2.85672
0.873792
-0.24629
-0.405613
-0.0380465
-0.891936
-2.03497
-3.40255
-0.571609
0.773544
-0.230969
1.0217
0.751845
1.88198
0.670466
1.91725
-0.297258
0.445458
0.847379
2.71856
0.892878
-5.20183
1.21176
-0.316189
-0.272109
2.21359
1.48236
-0.68877
1.621
-0.218564
-0.24532
1.84386
-0.280163
-0.472596
-3.425
1.46541
2.01289
2.80846
0.446883
1.47588
-9.39921
1.3635
-0.125688
-0.51053
1.24347
-0.643346
0.813974
1.98433
1.73931
0.601883
2.08731
-2.16516
1.54152
0.462981
1.36611
-0.294913
1.4349
1.425
-0.316267
2.00408
-0.698039
-0.610635
0.571035
2.70237
-0.25532
0.923064
0.724413
0.812104
2.60398
0.720504
2.76787
-0.980764
-0.562119
1.87904
0.695123
-0.247715
0.643006
0.569171
-0.54887
1.34351
0.72018
2.70774
1.37132
0.775525
)
;

boundaryField
{
    SideWalls
    {
        type            empty;
    }
    Top
    {
        type            zeroGradient;
    }
    Inlet
    {
        type            zeroGradient;
    }
    Bottom
    {
        type            zeroGradient;
    }
    Outlet
    {
        type            fixedValue;
        value           uniform 0;
    }
    Plate
    {
        type            zeroGradient;
    }
}


// ************************************************************************* //
