/*--------------------------------*- C++ -*----------------------------------*\
| =========                 |                                                 |
| \\      /  F ield         | OpenFOAM: The Open Source CFD Toolbox           |
|  \\    /   O peration     | Version:  2306                                  |
|   \\  /    A nd           | Website:  www.openfoam.com                      |
|    \\/     M anipulation  |                                                 |
\*---------------------------------------------------------------------------*/
FoamFile
{
    version     2.0;
    format      ascii;
    arch        "LSB;label=32;scalar=64";
    class       surfaceScalarField;
    location    "3.1";
    object      phi;
}
// * * * * * * * * * * * * * * * * * * * * * * * * * * * * * * * * * * * * * //

dimensions      [0 3 -1 0 0 0 0];

oriented        oriented;

internalField   nonuniform List<scalar> 
7520
(
-1.01422
0.763365
0.250854
-1.32567
-0.250039
1.57571
0.0377567
-1.71048
1.67272
0.243489
-0.0322895
-0.2112
-0.0787703
1.38068
-1.30191
-0.0929914
0.100058
-0.00706676
-0.275537
2.06224
-1.78671
-0.106577
-1.6191
1.72568
-1.29229
1.33005
0.941311
-0.152391
-0.78892
-0.216153
-0.120314
0.336466
-0.266129
-1.73197
1.9981
0.721646
-0.103525
-0.618121
-0.103868
0.144017
-0.0401493
-1.76503
0.933379
0.831647
0.134223
1.56652
-1.70075
-0.152808
-0.0255616
0.17837
-0.0642287
0.269162
-0.204934
0.0421348
0.0149705
-0.0571053
0.050846
-0.203654
-0.435933
-0.252258
0.688191
-1.08383
1.21805
-0.0300408
-0.323793
0.353834
0.154533
-0.14879
-0.00574314
-0.0293348
0.0737653
-0.0444304
0.262489
-0.258497
-0.00399265
0.869229
1.10582
-1.97505
-0.0356856
0.327249
-0.291564
-0.0372812
0.0794161
0.204779
-0.0324487
-0.17233
-1.14803
1.78011
-0.632076
-0.0502728
-0.0189318
0.0692046
-1.74407
1.91361
-0.16954
-0.327429
0.413516
-0.0860874
-0.236948
-1.24329
1.48024
-0.669525
0.996719
-0.327194
0.294472
-0.566797
0.272325
0.815695
-1.53755
0.721853
0.0940064
-0.330322
0.236315
-0.0462455
-0.105035
0.151281
-0.029414
0.272903
0.473887
0.208169
-0.682056
0.300542
-0.0380529
2.19928
-1.44682
-0.752463
-0.499174
-0.64706
1.14623
-1.51118
1.59611
-0.0849283
0.0402553
0.107586
-0.147841
0.281144
-0.0855572
-0.195587
-1.36659
0.218562
0.285064
-0.0769613
-0.208102
1.78407
0.218651
-2.00272
-0.727585
0.247634
0.479951
0.0772643
-0.0985596
0.0212953
1.06078
0.510192
-1.57097
0.0154351
-0.108427
-0.775803
0.126051
0.649752
0.394472
-1.29157
0.897101
-0.0428086
-0.128309
0.171118
-0.123158
0.0728855
-2.27452
1.1133
1.16123
1.54996
-1.11217
-0.437793
-0.0120373
-0.0394915
0.0515288
-1.22608
0.989135
0.852413
-0.130767
-0.0692008
0.146465
0.00423223
-0.1081
1.09265
-2.22176
1.12912
0.153466
1.6306
-1.25667
0.997335
0.259335
0.327389
-0.247028
-0.0803606
-0.508495
0.902968
0.190523
-0.825529
0.635007
0.351561
-0.0974358
-0.254125
0.468688
-0.510996
0.0423084
0.705829
-1.51368
0.807847
0.132165
-0.115715
-0.0164502
2.24235
-0.943627
-1.29872
0.416784
-0.766191
0.349407
1.7823
-1.31585
-0.466445
-0.853811
0.0780084
-1.51758
-0.756938
0.789212
0.302127
-1.09134
0.252742
-0.648849
0.396107
0.0125889
-0.340018
0.24281
-0.307039
0.222358
-0.0175787
0.0234728
-0.0441628
0.02069
1.20055
1.0418
-1.69075
1.89916
-0.208417
1.18342
0.366533
-0.979269
1.1369
-0.157632
0.0670925
0.172797
-0.239889
1.37735
-1.64348
0.252774
0.205057
-0.11105
0.28175
0.430958
-0.712708
0.00769333
0.0865889
-0.0942822
-0.54347
0.378713
0.164758
1.45333
-0.747498
-0.737162
0.641469
0.0956928
0.852323
-0.878761
0.0264383
-0.0913118
0.114807
-0.0234955
0.0097308
-0.0154523
0.00572154
2.20218
-1.35542
-0.846759
0.542835
-0.481286
-0.532933
-1.33567
0.827172
-1.86837
1.59283
0.178009
-0.0822012
-0.095808
-0.298043
0.0818901
-0.164062
0.162776
0.00128589
-0.273409
0.360121
-0.0867122
1.94939
-1.13369
0.38944
-0.114966
-0.274474
-0.780968
0.345035
-0.0502619
-0.000136334
0.0503982
-0.13384
0.923051
-0.774292
0.432076
0.342216
1.22336
-2.06643
0.843064
0.0477068
0.106826
-0.181965
-0.54562
-0.352026
0.061827
0.290199
1.13525
-0.193943
-0.510083
0.581382
-0.0712992
-0.0151633
0.322756
-0.307592
0.0797341
-0.0758419
-0.00389216
0.707854
-1.80987
1.10202
0.397124
-0.427165
-0.355612
-0.0650135
0.420625
0.164706
0.224733
0.204807
0.0586505
-0.263457
0.152097
0.0337029
-0.1858
-0.0670898
0.219187
-0.625461
-0.148831
0.161021
-0.687645
0.526624
-0.682474
1.52343
-0.840955
0.370102
-0.400735
0.0306328
-1.14286
-0.192803
-0.03524
-0.0522948
0.0875348
1.44094
-0.380168
-0.654017
0.451434
0.202583
-0.00145207
0.122709
-0.121257
0.299805
-0.0776648
-0.22214
0.187485
-1.89796
0.256999
-1.76818
-2.08253
0.85863
1.2239
-0.852142
-0.404528
-1.20823
0.900487
0.307744
1.79741
0.257697
-2.0551
0.187499
-0.233745
0.0558948
0.687796
-0.74369
-0.366496
-0.473551
0.840047
-0.0504766
-1.15775
-1.76031
0.0162447
0.0139559
0.0095169
0.0676996
-0.133084
0.0653846
0.295236
-0.338045
0.765678
0.0866447
-0.161159
0.131745
-0.00789182
-0.0210603
0.0289521
0.77545
-0.448645
-0.326805
-0.492173
-1.27285
0.0762337
-0.44273
0.0668923
-0.605217
0.538324
-0.113694
-0.0961863
0.20988
-1.60781
0.909498
0.698308
0.498696
-0.577466
-0.0552417
0.456499
-0.401257
0.0828862
-0.112221
0.534681
-0.248309
-0.286372
0.857434
-0.575684
0.247404
-0.324365
0.970656
0.239702
-1.21036
0.310391
-0.346077
-0.445953
-1.35891
1.80486
1.26965
0.674792
0.710647
-0.457904
-1.23319
0.56366
-0.698505
0.93619
-0.237684
-0.00569336
-0.0289829
0.0346762
0.275515
-0.328961
0.0534457
-1.05678
0.922938
-0.281906
-0.154349
0.436255
-0.172157
0.0584633
-0.850998
0.91789
0.481648
-1.02022
0.538573
-0.504766
-0.0387039
0.698807
-0.404335
0.143289
-0.0111238
0.0976107
-0.22984
0.132229
0.0366669
-0.310076
-0.377309
-0.139066
0.516375
0.136767
0.214794
-0.695081
-0.818595
-0.808464
-0.799342
0.0329837
-0.254728
0.221744
1.28442
-0.665395
-0.619022
-0.994515
0.312041
-1.15474
2.16987
-1.01513
0.371779
0.162901
0.10321
-0.17918
0.0759699
-0.755065
0.5731
0.598126
-1.0973
1.73832
-0.0475667
-1.69075
-1.57163
2.00945
-0.437818
-0.0263193
0.0940189
0.409764
1.29999
-1.70975
0.0355427
-0.175236
0.139693
-0.173166
1.80415
-1.63098
0.00163557
0.112971
-0.114607
-0.888377
1.26162
-0.373238
-0.100726
-0.654339
0.0810603
-0.458369
0.27044
-0.158194
-1.65495
1.81314
-0.0837151
0.0986856
-1.62909
0.934013
0.315527
-0.0355116
-0.280015
-0.295708
0.280545
0.142909
1.58261
-1.72552
-0.576804
-0.569092
1.1459
-0.525675
0.418871
0.106804
2.38338
-1.52656
-0.856819
0.460735
-1.03754
-0.264498
0.281061
-0.0165638
0.133509
0.739258
-0.872766
0.057095
-0.0598009
0.0027059
0.836714
0.819526
-1.65624
-0.223054
-0.514108
-0.0609783
0.172676
-0.111697
-0.931183
0.687634
0.243549
-0.0826852
0.0425755
0.0401097
0.955343
0.329074
1.07438
-2.08933
1.01495
-2.69287
1.19638
1.49649
-1.14915
-1.54372
-0.380265
0.464049
-0.0837833
-0.217994
0.00411286
0.213882
0.464691
-1.3146
0.849904
0.0412761
1.07486
-1.11613
-0.627634
0.929761
1.13063
-0.159978
1.00689
1.03799
-2.04488
-0.193453
0.0954191
0.0980339
0.0232868
-0.95447
1.85542
-0.474928
-1.38049
0.141759
-0.106216
0.0174841
-0.246722
0.22116
1.06981
0.785603
0.238119
0.637208
-0.875327
0.371431
-0.0441815
0.0787797
-0.100838
0.0220579
-0.2267
0.0888668
0.137833
-1.85318
0.900766
0.952413
-0.351509
0.133514
0.87587
-0.714849
0.578101
-0.0347905
-0.543311
0.141025
0.140119
-1.90433
1.8644
0.0399369
1.13103
-0.649382
-0.0399575
0.164816
-0.124859
-0.00802405
0.0505246
-0.0425005
0.122183
-0.219618
1.62588
-0.533238
0.0427526
-0.159424
0.116671
0.00600114
-0.013893
-0.40932
0.289006
1.11779
-0.686832
-0.656975
0.698251
-0.0629093
0.16052
2.06224
0.011124
-0.014683
0.003559
0.285174
0.832615
-0.214901
0.140067
0.074834
0.0514503
-0.0417195
-0.138794
0.612682
0.907419
-0.851525
0.423797
-0.376937
-0.0468604
0.31708
-1.20546
0.034496
0.170311
-1.61587
1.45768
-0.21344
-0.0510572
-1.72245
0.229253
-0.230705
-0.0888417
-0.0711126
0.159954
-0.621838
-1.23134
1.23483
0.967351
1.72988
-0.820377
-1.73197
0.202992
-0.713075
-0.0511664
0.30714
-0.255973
0.177188
-0.253719
0.0765308
-1.23628
0.589222
-0.192109
-0.270893
0.463003
0.412886
-0.565278
-0.148309
-1.93897
2.08728
0.971644
0.232178
-1.54382
1.31164
0.858791
1.05482
-0.847695
1.46823
-1.05847
-0.052402
0.398529
-0.346127
-0.855239
0.757527
0.0977117
0.0826453
-0.0398926
-0.085219
0.337157
-0.251938
-0.284882
-0.226024
0.510905
-0.51081
1.78046
-0.274227
-0.383826
0.658053
0.230691
-0.190435
0.26799
-1.24726
-0.125921
0.2047
0.00874637
-1.91244
1.04778
0.864659
0.371789
-0.475314
0.00826252
-0.043148
0.41325
1.02569
1.3577
1.63561
-0.516405
-1.1192
0.12753
-0.0455919
-0.0819381
0.91842
0.863876
0.177455
-0.228622
0.697163
-1.82678
1.12962
0.31841
-0.275727
-0.0426823
0.529844
0.923483
-0.227631
-0.102691
0.753727
-0.515609
-0.573144
1.44237
0.167301
0.010708
1.89406
-0.670693
0.148916
-0.141222
1.77219
-0.136583
0.106519
0.408145
0.0156524
0.017947
0.309442
-1.64972
-0.862394
0.998262
-0.135868
0.00593283
-0.121648
1.74869
0.0582833
-1.80697
-0.734136
0.459909
0.23012
0.0696851
-0.318094
0.0710656
-0.0441181
-1.27173
1.52686
-1.5751
0.0482349
0.038502
-0.348102
0.3096
-0.922677
1.45252
-0.833646
1.5415
0.0862069
-0.0477049
0.780055
-0.347979
1.99776
-0.620406
0.00510652
0.123676
-0.128782
-0.0883228
-0.078357
0.16668
0.124954
0.00257583
0.137706
-0.799149
-0.0174164
0.121508
-0.104091
0.525109
0.99832
-1.80798
1.36203
0.126671
-0.482283
-0.635602
0.826124
-1.16077
1.37009
-0.209321
0.552396
-1.91761
1.74445
2.13122
-0.930672
1.0217
1.17758
-0.0738756
0.230404
1.29646
-1.32131
0.289849
1.03146
0.257311
-0.289759
-0.278659
-0.0728496
-0.225645
0.158555
0.163533
-1.61035
0.661618
-1.21069
0.54907
-1.61489
0.688121
0.926768
-0.105497
-0.720033
0.082372
-0.0944093
0.0898734
-0.0418267
0.285604
-0.243777
-0.54957
0.494329
1.16694
0.964282
-1.57163
0.0390459
0.0406882
1.64825
-1.46334
-0.184912
-0.382803
1.68279
-1.35093
2.31072
-0.95979
-0.792639
1.01256
-0.219919
0.128407
-1.35449
-0.187057
0.19117
-0.275355
0.439369
-0.164014
-0.0292316
0.0137792
1.338
0.692464
-1.31778
0.625317
-0.0264562
-1.56448
1.59094
-0.0542929
-0.109769
0.0282914
-0.481693
0.453402
-0.938534
1.49604
-0.557508
0.20617
-0.1437
-0.0624695
-0.39817
1.04596
-0.647787
-1.94569
1.69565
1.93786
-0.500944
-1.43691
0.212291
-0.13856
-0.0737309
-0.000441274
0.17763
0.110999
-0.615766
-0.806792
1.64351
-0.0575852
0.00732339
1.73832
-0.962357
1.09587
-0.0236051
0.0236051
-0.180893
0.180186
-1.87093
2.24141
-0.934201
-1.30721
-0.660587
0.842911
-0.182323
0.0955395
-0.161123
0.0655835
1.0468
-1.16417
0.117372
-0.525349
-0.287488
0.812837
0.92227
-1.99468
1.07241
-0.0587182
-0.796521
-0.219975
0.131653
-0.254706
-0.536167
0.790874
0.761766
0.437652
-1.19942
-1.29968
-0.423671
0.694063
-0.270392
-0.040309
1.28192
-1.24161
1.43794
-1.29503
-0.158044
0.140627
-0.228615
-0.0146119
0.4833
-1.1218
0.842795
0.279004
-1.82721
2.18843
-0.361217
-0.0173945
0.135182
-0.117787
-1.463
-0.758763
-0.043551
0.00626975
-1.63513
0.480394
-0.379692
0.294473
-0.295894
-0.496746
0.108249
0.21016
-0.632858
1.63975
0.0438965
-0.36769
-1.53325
0.148636
1.38461
0.72176
-1.17806
0.456301
-0.895406
0.196901
0.214836
-0.578865
0.364029
1.58958
-0.16146
-1.42812
-0.0040939
-0.086912
0.0910059
-0.351974
0.673169
0.48586
-1.15903
-0.406062
1.33944
0.276406
0.670078
0.770866
-0.0160311
1.58524
0.18695
-1.43462
1.40816
-0.174276
-0.0235478
0.197823
-0.255321
-0.0444601
0.299781
-1.93982
0.588888
-0.236962
0.445131
-0.62377
-0.238624
0.250162
0.882039
-0.366514
-0.515525
0.200522
0.10002
-1.08385
1.88304
-0.799193
0.163045
-0.241402
-0.0806591
0.356174
0.26395
-0.539305
-0.0906792
-0.197229
0.287909
0.238714
0.0778467
-0.316561
0.580057
-0.918375
0.338317
0.00965624
0.039265
-0.0489213
-0.298425
0.332385
-0.0339599
0.228709
-0.586158
0.357448
0.313152
-0.0558413
-0.00813025
0.459904
-0.451774
1.16185
-1.0132
-0.96185
-0.668163
-0.214466
0.882628
0.104519
-0.00583292
-0.290306
-0.235369
1.06849
-0.186456
-0.0699725
-1.23452
1.30449
-0.343024
-0.00900238
-0.0678996
-0.557562
-0.486818
0.0886477
0.174053
-0.172417
-1.66368
-0.0360752
-0.0819288
0.118004
1.24915
-1.00944
1.0847
0.853157
0.539495
0.038606
-0.137369
-1.60013
1.7375
0.571004
0.577937
-1.14894
-0.221312
-1.01706
0.613385
0.403679
1.24108
-0.519324
0.0237802
-0.210079
0.186299
2.22035
-1.20252
-1.01783
0.13956
-0.315491
0.17593
0.584084
0.51958
-1.10366
0.0754231
0.104167
-0.17959
1.62017
0.050328
-1.6705
0.240842
0.0283203
-0.260212
0.304108
0.10176
-0.0860392
-0.0157205
0.348316
-0.105505
0.0646113
-0.0446544
-0.0199569
-0.607152
-0.637332
1.24448
1.15325
0.436331
0.989467
-1.05944
0.323688
-1.26222
-1.85123
1.70292
0.0610027
0.261753
0.281797
-0.607135
0.325339
0.796521
0.933354
1.14688
-1.29818
0.1513
1.22134
-0.551266
-0.144469
0.0988772
0.0535019
-0.0335995
-0.0199025
-1.46154
-0.290309
1.75185
-0.390126
0.461656
-0.0715304
-0.00104624
-0.0225589
0.397517
0.983161
-0.142108
-0.0513452
1.11616
-2.12366
1.00749
-0.962877
-0.116134
1.07901
1.59914
-0.52476
-0.101435
0.554094
-1.02765
-0.270831
0.00450908
0.266322
0.0200164
-0.192347
-0.537739
1.2302
0.0170807
0.0400143
0.145606
0.114977
-0.260583
0.0598428
0.986954
-0.0376584
-0.649986
-0.418939
-0.419543
0.48137
0.647613
-0.943506
-0.310903
0.195938
-0.0328035
0.253963
-1.94708
0.933882
0.0507663
0.141541
-0.192307
-0.0841616
0.0352379
0.0489237
0.226519
0.848339
-0.0447191
0.00522759
0.0252675
-1.60521
1.57994
-0.0984177
-0.533496
0.631914
-0.0395958
0.070637
-0.0310412
-0.554869
1.21649
-0.177204
-0.33148
0.508683
-0.287606
0.502442
-0.591838
1.67104
-1.0792
-0.749917
0.539832
0.210085
1.92704
-0.129633
-0.292006
-0.0602169
0.352223
0.28188
-0.22323
-0.183074
-0.271352
1.03339
0.865774
0.353494
-1.2909
0.937411
-0.804407
-0.193042
0.997449
0.347876
-0.0122747
-0.335601
0.0834667
0.305418
-0.388885
-0.1051
0.355843
-0.250743
0.173071
-0.298991
-0.950264
0.0734972
0.000268075
0.144136
0.0605642
-0.125463
0.398154
-0.27269
-0.234866
0.270619
-0.0357532
-0.3083
0.0716045
0.236696
0.780814
-0.406383
-0.045897
0.00173421
-0.260713
-0.54144
0.802153
1.18817
-0.961656
-0.0173399
-0.35124
0.36858
-0.403435
-0.475326
-1.34771
1.50118
0.752355
-0.0645597
-1.2621
0.849688
0.412413
0.228817
-0.0980922
-0.130725
1.74374
-1.74374
-1.63689
0.119306
-0.956719
-0.188971
-0.655707
0.844678
0.570534
-0.56059
-0.00994427
-0.0306596
-0.334745
0.114895
0.21985
-0.0134267
0.210712
-0.197285
-0.577801
1.2495
-0.671695
-0.17547
-0.0950189
0.270489
0.783417
-0.65501
-1.07049
0.266082
-0.0403264
-0.220316
0.260642
-0.0583501
-1.26296
-0.639684
-1.19339
0.553707
0.810207
-0.018096
0.239607
-0.221511
-0.278125
0.337266
-0.0591411
-0.234018
0.173039
-0.0855781
-0.185673
0.096831
0.0378016
-0.0474723
-0.0843116
0.131784
-0.0510401
0.0174406
-0.385822
0.377692
0.154781
-0.181925
0.0271435
-0.0702356
-0.0421959
0.112431
-0.400048
0.263585
0.136463
-0.0679962
0.176853
-0.108857
-0.743664
1.29273
0.64416
-1.09009
0.44593
-0.160469
-0.0817555
0.242224
-0.000414288
-2.10722
2.10764
0.898122
-0.619756
-0.278366
0.416836
-0.0570709
-0.196648
-0.00794793
0.00781159
-0.0579299
0.19749
0.348266
-0.955674
0.607409
-0.433743
-1.47059
-0.208956
0.847751
-0.638795
0.272518
-0.107811
0.414802
-0.27761
-0.137192
0.299109
-0.559822
-0.431465
-0.287115
0.256298
0.0308176
-0.529265
0.337156
-0.12989
0.581325
0.0710493
-0.0790734
-1.44531
0.0898809
-0.293201
0.557151
0.0120911
-0.232066
0.0853234
-0.105226
0.293902
-0.311998
-0.0854928
-1.2436
0.499933
2.0089
-0.204756
-1.65495
2.25401
-1.093
-1.16101
-0.122949
0.501661
-0.104459
-0.749353
0.530976
-0.494309
-0.252678
-0.0181529
-0.599201
-0.420405
1.01961
-0.0478931
-0.0950947
0.142988
0.0153411
-0.867483
-1.9137
-0.326581
-0.329854
0.656435
0.339736
-0.438154
-0.251552
-0.0387001
0.290252
0.476008
-0.0788843
0.170537
0.0582806
1.97419
-1.05192
-0.92725
0.328049
-0.258849
-0.0508676
0.309716
-0.0456513
-0.0598518
-1.10432
-0.257636
-0.098173
0.35581
-0.0873057
-0.0358526
0.908163
-1.18307
0.274907
-0.655192
-0.0429625
1.78671
0.186157
-0.727597
1.18453
-2.04364
0.859106
-1.99752
1.26093
0.736588
0.159541
0.105928
-0.265469
0.149618
1.16202
0.0235198
0.837385
-0.860905
-0.0255228
-0.133901
0.241425
-0.0291338
-0.0284128
-0.286482
0.314895
1.28658
-1.42395
0.333228
-0.153655
0.194478
-0.0408236
-1.47157
-0.165319
-0.604828
-1.21199
0.543828
0.111416
0.00357474
-0.114991
-0.62623
0.314942
0.311288
-0.402702
0.3503
-1.07039
-0.591185
1.66157
-0.140147
0.177678
-0.0821386
0.447271
-0.545764
0.0984929
-0.923497
1.61162
-0.167758
-0.898672
0.238085
0.710992
0.164878
0.773814
-1.35161
-0.0135265
0.0495612
-0.0360347
1.1758
-0.270172
-1.03174
-0.350545
-0.0740043
0.424549
-0.0558473
0.214402
-0.0655549
0.228164
-0.162609
-0.190334
-0.116705
0.0492968
0.858123
-0.309751
0.313656
-0.0662526
-0.422413
0.379265
-0.178958
0.054551
0.124407
0.255213
-0.106263
-0.14895
-0.15119
-0.0429859
0.194176
-0.123269
-0.0579246
0.181194
-0.301619
-0.005973
-0.244078
-0.104024
-0.0918722
1.1893
-0.264723
0.0647557
0.199967
0.0623266
0.0158195
-0.078146
0.146062
0.174537
-0.320599
-0.271656
0.254157
-0.677828
0.257717
0.371055
-0.0758192
0.13905
-0.0561634
-0.136704
-0.038532
1.79684
-0.977316
0.143281
-0.582078
0.438796
-1.58844
0.240729
-0.0571374
0.00362239
0.053515
-0.0436579
-0.0390273
-0.782482
-1.21503
0.368761
-0.0583703
-0.867331
-0.95945
0.285353
-0.139747
-0.0405887
0.48786
1.07367
-0.75965
-0.936874
1.29037
-1.65097
0.189428
0.0554564
-0.150626
0.0951698
-0.0357603
-0.181702
-0.401669
0.583371
0.138879
-0.022208
-0.576319
-0.681985
1.2583
-0.908241
-0.997829
1.90607
0.617765
0.353741
-0.971506
-0.00542632
-0.115314
-0.171801
-0.265531
-0.273774
-0.180412
-0.105496
0.285908
0.340653
0.499395
0.283255
0.131547
-0.170741
-0.619782
0.00729614
0.00382788
-1.10889
1.27404
-0.16515
-0.14391
-0.201548
-1.51534
-0.27833
0.0236015
-0.712515
-0.274556
0.011099
-0.835034
0.120185
-0.162326
-0.913324
-0.334448
1.24777
-0.226125
0.757101
0.280309
0.562601
-0.300538
-1.01636
-0.930715
-1.25115
1.36852
0.0782857
0.166566
0.0262292
-0.0815604
0.0553312
-0.640253
0.584971
0.0552817
0.692372
-0.793098
0.307912
-0.257145
-1.18016
-0.0819376
-0.00430818
0.128822
-0.124514
0.808046
-0.227989
-1.39823
-0.103455
1.50169
-0.0777482
0.0267081
0.0437974
0.338319
-0.382117
-0.246047
0.409432
0.133403
0.0775418
0.0229952
-0.100537
-1.31587
0.840941
0.136771
0.00210778
-0.181503
-0.133988
-0.333966
-0.183295
-0.127608
0.137721
-0.0837783
0.0802748
-0.0959953
0.375973
1.48842
-0.854126
1.87583
1.02642
0.560972
-0.848459
0.0181083
-1.41634
0.242776
-0.336133
0.392057
-0.055924
-0.0624148
-0.0134271
-0.273742
0.016169
-0.0579043
0.13079
-0.0728515
1.51126
-1.43841
0.193682
-0.848021
-0.123843
-0.268005
-0.0700395
-0.0166049
-0.290695
0.367576
-0.076881
0.0108885
-1.46928
1.45839
0.643457
0.246299
0.324235
-0.823719
-0.585342
0.962656
-0.377314
-0.138295
-0.0810153
0.116253
-0.581532
0.593494
-0.011962
0.226668
-0.504007
0.277339
-0.128895
-0.651957
0.780852
-0.28629
-0.059787
-1.99326
-0.0291015
0.187219
-0.182112
0.0416542
0.156762
-0.0199911
0.354155
-0.684009
2.16634
-0.947766
-1.21858
-0.135229
0.435376
0.345258
-0.301461
0.104549
0.151749
-0.184451
-0.0111354
-0.403085
0.415674
-0.392469
0.866942
-0.995837
0.148017
-0.0986388
-0.0493785
-0.379981
-1.78197
0.877421
0.904552
-1.68164
1.68123
-1.13429
0.444046
0.690242
-0.0918735
-0.3738
0.465673
0.504781
0.563713
-0.149828
0.204076
0.499125
0.831491
-0.105449
-0.268113
-0.00949606
1.0372
1.12914
-0.0797342
-0.0211035
1.4025
-1.14481
-0.0509543
-1.37181
1.42276
1.17644
0.0128561
-0.300654
-0.0790375
-0.0693559
0.215741
-0.262167
0.137123
-0.415783
0.22863
-1.33506
1.10643
0.224421
2.32139
-1.44345
-0.877937
-0.0823916
-0.0234999
-0.137623
0.930364
-0.00742531
1.4748
-1.3555
1.01704
-1.92528
-1.2201
-0.0152489
1.23535
-0.877182
0.147595
0.729587
0.109286
-0.0487221
2.08939
0.0136915
-2.10308
-1.28137
1.65858
-0.377219
0.0467993
0.22382
-0.854447
0.814138
0.0331745
-0.246615
-1.38687
0.226095
-0.00122385
-0.0160574
0.0172813
-0.117022
0.223866
-0.106844
0.114495
-0.466565
0.35207
0.542988
0.455274
-0.509434
-0.116796
0.0445055
0.861199
-0.919917
-0.0701856
-0.0628986
-0.262108
0.0540054
-0.0798953
0.971679
-0.891784
-0.0208467
0.583445
-0.562599
0.0590434
-0.429721
0.370678
-0.602379
-1.48743
0.648943
0.838489
-0.0411717
0.853163
0.253248
-1.10641
-0.487813
0.231574
-0.255798
0.0242243
0.176829
-0.0371356
-0.255564
0.00401176
-0.297549
-0.850468
-0.0010563
-0.39875
0.805661
-0.40691
-0.823708
-0.409477
1.80969
-0.761906
-0.102626
0.19106
-1.34675
0.0123062
-1.34502
1.33272
-0.117675
-0.147652
0.265327
0.802156
-0.616338
-0.185818
0.143792
-0.0210831
0.0521488
-1.33667
0.51296
-0.631773
1.24516
-0.0890221
-0.320298
0.301512
0.227948
0.0272654
0.832561
-0.372652
0.0131198
0.679252
-0.966829
0.421209
-1.89471
0.89688
1.37161
-1.36072
-1.52283
1.44998
0.279877
-1.46504
0.222744
1.24229
0.605544
0.242207
0.032628
-0.90791
0.71894
-0.122992
-0.127457
0.250449
-1.22555
0.286036
0.939513
0.281055
0.729365
-1.01042
0.0204453
-1.27159
0.773147
0.0932703
-0.866417
0.266977
0.291374
-0.926976
0.371834
-0.0132948
0.0558703
1.54517
-1.49484
0.356313
-1.01242
-0.475013
0.669252
0.0232254
-1.24333
1.11443
-0.261267
-1.74445
0.0124744
-0.283578
-0.92678
0.339013
0.230416
1.85123
0.211015
0.112776
-1.21709
0.142549
-0.108846
0.169924
-0.454805
0.328041
-0.569071
0.24103
0.0202058
-0.057172
0.0369662
0.305885
-0.366102
-0.209422
-0.0172779
-1.1254
1.14562
-0.0202195
-0.74653
0.979918
-1.56009
0.580169
-0.810146
-0.0612509
0.101361
-1.44953
0.132727
1.3168
-0.364186
0.916582
-0.669141
0.684482
0.153641
0.985474
0.600379
-1.01932
-0.819694
-0.189771
1.00947
-0.782713
-1.17389
0.597572
-0.127665
0.131226
-0.00356072
0.0645225
-0.0955637
0.95356
-1.4913
-0.0223401
-0.542857
0.565197
-0.229522
0.187385
0.0421372
-1.119
0.467043
0.0375742
0.0254402
-0.23664
0.428226
1.91097
0.178425
-0.806551
0.830071
-0.274617
0.093114
-0.938616
1.55707
-0.61845
-0.0790845
0.0653562
0.0779328
0.375992
-0.0221581
0.95811
1.21176
0.5934
-0.941379
0.287849
-1.81441
-0.170283
0.134208
0.112708
-1.12215
-0.227193
-0.955877
-0.21516
0.0540013
0.801673
-0.373447
-0.827886
0.0865323
0.77159
0.18972
-1.68836
0.325416
1.36294
-0.0795129
0.488945
0.619829
-1.22237
-0.349258
0.757955
-0.339011
-0.418944
0.873657
-0.287079
-0.586577
-0.182705
0.0390048
0.653168
-0.664552
0.011384
-1.68755
0.662593
1.02496
1.05801
0.61303
0.000632695
0.110784
0.762199
-0.508042
-1.54683
0.554367
0.99246
-1.81314
1.52283
0.671389
0.812857
-1.48425
0.822992
-0.744984
1.87821
-0.692125
-1.18609
-1.04689
0.183954
-0.0850772
0.0547379
-0.101499
0.196918
-0.0451536
0.128078
-0.0829248
-0.248597
-0.262399
-1.44486
-0.174246
0.0690131
-0.0974259
-0.0344057
-0.0253952
1.02776
-0.430865
-0.596898
0.789842
-0.4749
-0.127594
0.127153
-0.124327
1.27121
-0.211516
0.093841
-0.320285
-0.798715
-1.49435
0.581026
-0.0612907
-0.0874993
0.123944
0.060329
0.1148
-0.0885708
-0.513074
-1.1488
0.106404
-0.0835926
-0.0228119
0.186377
-0.272475
-1.20563
1.4781
0.148284
0.00847826
0.407251
1.02131
0.98321
-2.00452
-0.397793
1.01556
0.218832
-0.0870871
0.53995
-0.986341
-0.623803
1.61014
-0.975992
-1.00121
0.580803
0.295472
-0.163915
-0.131557
0.305539
-0.970934
-0.166867
1.34728
-0.367362
-0.182729
0.105064
-0.345036
-0.745055
0.0634861
1.91302
-1.70292
-0.210104
-0.890468
-0.603882
0.168956
0.171417
0.0669213
-1.02003
-0.205157
1.22519
0.232298
0.492799
-0.26613
-1.5871
-1.87412
0.762645
1.11148
-0.162639
-0.00496969
0.167609
0.957065
-0.556442
-0.400623
0.110966
-0.16887
0.0787962
0.0839799
0.930481
-2.00087
0.77478
0.0988766
-0.32996
-0.59729
-0.118453
0.0233581
0.155644
0.960983
-1.23346
0.0237316
0.374797
-0.583779
0.569167
-0.0869402
-0.0101933
0.0971335
0.919654
0.958556
0.567809
0.054638
0.717482
-0.550705
-0.166777
1.91761
-1.5922
0.18734
-0.571154
0.150391
0.0264378
0.178451
0.0232862
0.108498
0.00420538
-0.131871
0.583364
0.0472712
-1.69268
-0.0201141
-0.142525
-0.074312
-0.00724843
0.975879
-0.69557
0.886126
-0.521248
-0.364878
0.00394326
0.110864
-0.00603866
0.00481481
0.396291
-0.10229
-0.21427
-0.662956
-0.255419
-2.0617
0.886762
1.17494
0.223706
-0.0509096
0.105322
0.103826
0.118532
-0.272609
-0.306256
0.417505
-1.40385
0.0460175
-0.966843
1.98815
0.628197
-0.109019
-0.519177
-0.747461
-0.47253
-0.0880603
0.0934256
-1.14065
0.459801
-0.718786
0.258985
-0.317739
0.289976
0.0277638
-0.0507623
1.27834
1.03238
-1.53391
1.5922
-1.52768
0.99588
0.531801
1.03789
-2.00474
2.08196
-1.05627
-0.995369
-0.991313
-0.0240754
0.309679
-0.0917036
-0.389989
-1.52253
0.0574946
0.013102
-1.31128
1.21696
-1.97062
0.753661
-0.0529304
0.24043
-0.486675
0.425917
-0.215832
0.937163
1.38423
-1.60372
0.665107
-0.149567
-0.826425
-1.37123
0.295216
-0.00524043
1.68164
-1.81127
-0.110536
-1.21159
0.0436126
0.933786
-0.260617
-1.45879
1.63408
-0.175294
0.41147
1.69617
0.442169
-0.0684146
-0.373754
1.87849
-0.861453
0.238943
-0.151339
0.690525
-0.758425
0.0946718
0.133276
0.17712
1.01137
-1.18849
-0.689889
-0.45822
1.04486
-1.06112
0.0162664
-0.362813
0.26464
-1.75626
0.852672
0.903592
0.735921
0.0662347
-0.629546
0.0898919
0.883857
-0.718979
0.29371
-0.559241
0.0874446
-0.143608
-0.641019
0.459318
-1.04743
-0.890968
1.93839
0.156679
-0.214603
0.239273
-0.344778
0.993296
-0.755211
0.092485
1.11206
-1.96619
0.0923015
0.311661
0.232964
-1.19462
0.0517754
0.71159
0.253609
0.0764159
-0.612583
-1.3934
0.456522
-0.0339439
-0.188157
0.222101
0.0699536
-0.321892
1.15145
1.10256
1.23048
-0.955569
0.0140296
-0.0521455
0.141012
0.454712
0.221748
-0.338454
-0.711549
-0.955494
1.99339
0.0649738
-0.106145
-0.756405
-1.10581
1.86221
-1.64994
0.368575
-0.0695603
-0.317658
-0.00294113
-1.47454
-0.0587095
-0.183734
0.643535
-1.0414
-1.0203
1.91302
0.60294
-1.40228
1.03791
-0.582638
-0.227439
-0.361175
0.189374
-0.265382
0.248042
-1.67501
0.213279
-0.79862
1.04163
-1.99713
-0.810199
0.113907
-0.337136
-0.0498438
-1.40894
0.877606
-0.757421
1.3656
0.903241
-1.63546
0.732219
1.71619
-1.0536
1.9981
-0.950169
-0.999152
1.94932
0.514461
1.24412
-1.01182
-0.712582
-1.16154
-0.865377
-0.662303
0.474868
-0.724164
1.68361
-0.959448
-0.1388
1.3593
-1.2205
-0.986909
-0.985789
1.9727
0.932391
0.112468
0.252766
0.377974
-0.555597
0.394677
0.160921
0.0147971
-0.256199
0.492607
-1.38308
-0.836735
-0.392347
-0.247906
0.0577955
-0.332351
-0.0168744
0.651881
-1.96801
0.934544
1.03347
-0.0251146
-1.64234
1.66746
0.0706352
-0.252466
0.0551805
0.621813
-1.85575
1.85575
-0.0456995
-0.012004
0.0577035
-0.646979
1.08463
0.30713
-0.0119137
-0.788179
-0.436342
0.935737
-1.53391
-0.0308915
-1.25315
0.290795
1.22142
-1.27977
-1.20808
0.188053
0.0270216
-0.297437
0.270415
0.136695
0.516473
0.00123802
0.0189678
-0.936071
-1.21638
0.177779
1.0386
-1.39203
-0.0647659
-0.482315
-1.07777
-0.0319533
0.109495
0.164539
-0.229029
0.333577
0.0249324
0.0553425
0.371635
-0.278802
-0.362217
-0.712253
1.52746
-0.81521
0.331938
0.210119
-0.227701
0.415073
-0.187372
-0.411432
0.185408
0.426464
-0.54322
0.116757
-0.966658
1.64817
-0.976782
-1.45975
-1.6735
0.20422
-1.13555
0.0522093
1.03488
1.18548
0.155499
-1.08228
1.08485
-0.242051
-0.38123
0.292208
0.664758
0.624202
0.19879
1.98356
-0.941928
-1.00145
-0.885396
1.88684
1.14663
-0.0386358
-1.108
0.0758025
-0.059983
-0.196634
0.179239
0.14473
1.36421
-1.50894
-1.40014
1.36072
0.0394137
1.40014
-1.44998
0.217337
-0.270267
-0.648578
0.939953
0.0853156
0.294708
-0.300681
-1.68754
0.143722
1.67066
-0.767424
-0.382535
-0.0837295
0.138281
-0.441955
0.959285
0.261827
-0.0858966
0.719342
-0.731304
0.182634
-0.245104
-0.582634
-0.0662147
0.840559
-2.07595
0.511472
-0.0660676
0.433123
-0.367056
-1.04254
-0.92808
0.0855071
0.561313
0.569718
-0.899886
0.0933348
-0.100238
-0.329483
0.103302
-1.99701
1.00165
-0.00432553
-0.0533387
-0.258659
-0.0782452
0.215966
0.304325
-1.40403
0.810301
-1.48342
0.673117
0.0596924
0.251298
-0.310991
0.131024
0.176116
-0.98302
1.27381
0.640358
0.375199
1.29914
-1.22237
0.188808
0.0413121
1.62884
-1.89502
0.266183
-0.295672
-0.250092
-0.797897
-0.0685206
0.377095
-0.451099
-0.053684
-0.0515419
-1.04936
-0.164674
-0.00131143
0.165985
-1.51043
0.193088
1.31734
-0.0598673
-0.0178808
0.0360631
-0.0757385
0.0396753
1.22146
-1.19823
0.010755
-0.067927
0.621833
0.222845
-0.0854125
-0.0391011
0.245254
-0.353065
0.198548
0.648463
-0.847011
-0.433863
-0.0327016
-0.925437
-1.01373
1.93917
-0.191218
-0.395732
0.834528
-0.959743
1.68123
0.249188
-0.284948
0.0578927
0.0476126
-0.158145
2.04955
-1.01235
-1.27531
0.777364
-0.564085
-0.506325
1.49879
0.169106
-0.271396
0.0739951
-0.0750414
0.112876
0.0870913
-0.299559
0.194063
-0.202028
-0.420998
0.191969
1.03442
-0.201553
0.123307
0.289573
-0.0499663
0.038462
-0.423264
0.00748115
0.49455
-0.773352
0.213121
-0.243783
0.0306619
-0.267121
0.119469
0.215232
0.888359
-1.10359
-0.25014
0.122682
0.417039
-0.643164
1.40544
-0.880335
1.01901
0.901903
0.0262798
0.563906
-1.0138
0.355226
-0.43411
-0.301009
1.05723
0.916964
-1.56141
1.56141
1.77233
-0.829428
1.09742
0.0145696
1.46623
-1.4808
0.93822
1.00622
0.913511
-1.96094
0.186302
-1.18214
-1.3657
-0.184934
-1.42896
1.6139
-0.411134
-0.118131
0.0755757
0.780839
0.170165
-0.276428
-0.974418
1.72317
-0.748757
-0.180574
0.275246
-0.00978949
0.51051
0.730575
2.23321
-0.883805
-1.34941
1.62896
-1.49624
1.13958
0.230516
0.0871523
-0.000945459
0.0291215
1.55349
0.579751
1.05033
0.832713
0.0213675
0.200182
-0.22155
-0.353978
0.21999
0.184335
-0.196681
0.0123464
0.164209
-0.220739
0.0565308
0.487963
-0.443457
0.339653
-0.483564
-0.44204
0.645032
0.0312074
-0.0514315
0.0207719
-0.632586
0.611315
0.0212703
0.0886532
-0.083082
-0.00557118
1.81127
-1.53022
-0.357781
0.382153
-0.0243724
-1.54517
-0.345098
0.269279
-0.958655
1.89688
0.26228
-0.332319
1.96652
-1.05301
0.250976
-0.317229
-0.159059
-0.364374
-1.32458
-0.0879814
1.65187
1.29728
-1.06432
-0.103121
0.150828
-0.0568659
-1.51823
-0.298048
0.294056
0.249327
-0.37317
-0.36986
0.292979
-0.0874698
-1.33333
1.28238
-1.44885
1.49708
-1.15882
-0.478203
0.431343
0.662887
0.390379
-0.399875
-0.0664698
0.0605564
0.351731
-0.412288
-0.377896
1.44771
-0.986415
-0.981578
-1.94289
-0.0842984
0.0806267
0.00367172
-0.0264879
1.47045
-1.44396
0.883729
-0.884785
0.327515
-0.383439
1.7412
-0.960363
0.827613
0.842491
-1.6701
0.233872
0.0279554
0.693751
-0.258375
0.183748
-0.799841
-0.0481797
-1.53751
0.331884
-0.38874
0.224824
-0.0651146
0.117263
0.310803
-0.369174
-1.10438
1.76119
-0.842771
-0.149286
0.0582769
0.311696
0.823558
0.0363022
0.68118
1.70491
-1.51183
0.306545
-0.366332
0.907302
-0.820657
-0.112099
-0.807818
-0.149153
0.0402958
1.37161
-0.0527596
0.00832912
0.0961734
-0.0472498
0.0157371
-0.259815
0.0511427
-0.0150796
-0.65678
1.5342
-1.2237
1.23827
-0.441176
1.02198
-0.910781
0.0912561
0.341373
-0.0334609
0.102313
0.747026
0.731006
-1.47803
-0.884082
0.767948
-0.0690007
-1.15655
-0.827756
0.0539776
0.212534
-0.258791
0.0462564
1.40936
0.166621
-0.190117
-0.096068
-1.7831
1.75798
-0.588074
0.0042946
1.18282
-0.209422
-0.0744396
0.283862
0.936209
-0.943634
-0.949036
1.97337
-1.02433
-1.02036
1.81316
-0.792796
-0.341102
0.160528
-0.0762316
0.0426062
-0.0738046
0.0311984
0.877046
-0.448698
1.53193
-1.08323
-0.284382
0.087734
-1.77677
-1.95072
1.00024
0.950475
-1.61322
-0.369011
-0.419168
0.99438
-1.94455
0.264017
-1.06273
1.07691
-1.90467
0.311994
0.493666
1.03254
-1.13398
-0.0461559
-0.020417
0.0665729
-0.0161019
-0.126541
-0.0110825
-0.0421715
-1.49225
1.53442
-0.131396
-0.418174
0.480446
0.293303
-0.77375
1.25467
-1.00142
0.54133
-1.33842
0.797088
0.230715
-0.0770737
1.78536
-0.813711
-0.000664533
-0.231402
0.595776
-0.789205
-0.00389234
0.117589
0.295928
0.631355
0.0624842
-0.693839
0.956592
-0.884279
-0.0723134
-0.319469
0.216778
0.058957
0.316159
0.643126
1.82243
-0.605669
1.08612
1.01726
-0.869669
-1.92297
0.923821
0.927919
-1.96477
1.03685
-0.738601
-0.645538
1.38414
1.01248
0.797209
-1.57171
1.89502
-0.323311
-1.46713
1.30567
0.233351
0.577332
-0.810683
-0.0168127
-0.452732
1.62398
-1.17125
-1.57171
1.4748
0.556694
0.0124729
-0.138534
-1.05609
0.203195
-0.84199
0.327301
-1.81053
0.924438
0.886088
-0.318008
0.232111
-1.00241
0.196478
0.805936
0.782007
-0.470012
-1.02853
-0.946566
1.95495
-1.02703
1.21641
-0.149253
0.164688
1.1654
-0.679539
-0.709195
1.75099
1.38233
-1.42451
1.45281
-0.92101
1.51116
-1.57117
0.0600017
-0.0829025
0.00466567
0.0782368
-0.790219
0.0436885
-0.9987
1.95681
0.481381
-0.171781
0.514246
0.238109
-0.566056
1.42485
0.700354
1.01584
0.672485
-1.41109
-0.96281
-0.987909
-1.80798
-1.5975
-0.854652
-0.955874
1.44223
-0.9116
-0.530626
0.955029
0.0381293
-1.82123
1.53022
-0.38415
0.305112
0.317143
-0.256587
1.06202
0.495051
0.391373
0.0965901
1.73626
0.0217218
-0.0766961
1.98766
0.200622
1.0813
0.291101
0.939375
0.733771
0.396864
0.821324
0.871135
-1.69246
-0.0770958
-1.6557
0.931538
0.288547
0.687017
-0.393714
-0.255059
0.396617
-0.447571
0.270368
0.401755
-0.359446
0.766059
0.904605
1.66268
-1.50288
-0.159798
-0.173236
0.177442
0.572636
0.017852
0.0247542
-0.00223501
-0.189462
0.508754
-0.617774
-1.66381
0.896391
-0.378859
-0.228276
0.27726
0.0268477
0.320852
-1.45455
-0.051889
0.239274
-0.0909802
-0.219096
0.0647912
0.000935055
-0.0657263
0.0189121
0.596736
0.00710006
0.157716
-0.326072
-1.03022
-1.04529
0.256041
0.789253
1.74023
-1.09598
-0.644256
-0.539152
1.66543
-1.12628
0.743571
-0.119369
-1.96391
1.01487
-0.190928
1.75745
1.24316
-0.937622
0.0365048
-0.197571
0.161066
0.937815
-0.695609
0.0347232
-1.23296
1.53537
0.88484
-0.155252
-1.89237
1.00698
-1.19894
0.0909481
-0.0949587
0.0138574
-0.188972
0.175114
0.171342
-0.200627
0.175198
0.0254282
1.28436
1.08483
0.285465
-0.0103373
-0.197534
0.207871
1.18343
-0.954795
-1.6309
1.66903
-0.229754
0.192619
-0.0832968
-1.01024
-1.06571
-0.915794
1.75618
-0.840385
-0.684809
-1.10673
1.79154
1.43849
-1.23376
-0.204729
0.807381
0.0279461
-0.964478
-0.959766
-1.5221
-0.0490648
0.917817
-1.96179
1.04397
0.238029
-1.85125
-1.05542
1.75578
0.376801
-0.479557
0.102756
-1.05922
-0.945295
-1.32574
0.467511
-0.00760756
-1.08378
-0.0983254
-0.0211188
0.119444
-0.585101
0.436642
0.14846
0.33929
-0.0221467
0.950654
0.805525
-0.154547
-0.144445
0.0976989
-0.01111
-1.3645
1.42451
0.00295746
-0.0653723
-1.3645
1.81395
-0.880596
-0.00660364
0.464601
-0.0939236
-0.995064
1.96178
-0.966716
0.126278
-0.0133072
0.876533
0.884658
-0.313262
1.47449
-0.0179271
0.883256
0.647698
-0.807563
0.159865
1.96778
-1.04996
0.746627
-1.275
0.0586207
-1.95089
0.94884
-1.6976
-1.08651
0.609441
0.477073
1.84101
-0.851404
-0.98961
-0.915866
-1.02915
1.94502
0.297726
1.52003
-1.54437
0.0243403
0.612966
-1.29495
-0.978089
2.0125
-0.150354
-0.419565
0.569919
-0.179794
0.977003
0.864011
-0.201733
0.179525
1.62884
0.394868
2.05332
-1.19469
-1.7765
-2.03731
-1.98001
1.03808
0.193831
-0.943915
1.40044
0.158627
-0.966654
0.138614
-0.540283
2.05026
-0.82636
-1.5832
-1.82335
0.0978292
-1.76606
0.911411
1.01425
0.959116
0.957536
0.377894
0.861889
-1.23978
0.986125
0.965757
-1.95188
-0.567499
0.550894
-0.569455
1.59303
-1.02358
0.362714
1.26625
0.416156
-0.0368906
-0.154277
-0.936848
-0.511006
-0.444668
-1.64253
1.56583
0.831179
0.896757
1.15656
0.372896
0.143479
1.04221
0.924315
0.00908691
1.91012
-0.933117
1.26143
-1.08431
0.156284
0.0526416
-1.57087
-0.0549862
1.9033
-1.84831
-0.0167561
1.67944
1.77582
-0.826976
-1.98191
0.90307
1.07884
-1.93416
1.0183
0.932876
0.818118
-0.00545409
0.16271
-1.38423
0.991666
0.821494
-1.53039
0.0815414
-1.08515
0.252234
1.64253
1.72283
-0.818226
0.108965
-0.0116816
-0.0972834
1.0078
0.902325
0.924763
1.03018
0.031055
0.704866
-1.03098
1.95574
-1.47247
0.04435
1.69075
-1.66903
1.82253
-0.871875
-1.8836
0.790602
0.79292
1.25734
-0.374243
0.863359
-0.489116
-0.285496
0.309227
0.0574769
0.203165
0.0506603
-1.33043
1.06302
-1.29719
0.467765
0.919582
1.01881
0.946616
-0.630457
-0.12354
-0.208941
-0.477202
-1.34718
0.0359015
-0.989455
-0.960316
1.94977
-1.94953
0.922499
1.99933
-0.924511
-1.07482
1.01721
-0.123519
0.319344
-0.195825
-0.116589
-1.94952
0.920372
-1.93342
0.938357
0.912676
-1.95799
1.04531
1.38233
1.48715
-0.814668
-0.0786342
-0.12303
0.00444987
0.205941
-0.433642
0.671381
-1.77681
1.10543
-1.01141
-0.880958
-0.924524
0.422211
-0.540342
-0.905554
-1.87287
-0.000856252
0.0257886
-0.571324
0.365717
-1.8535
1.54437
0.309127
1.06562
0.933713
1.04098
0.926798
0.486303
-1.44732
1.48726
1.85568
-1.98993
0.939977
1.52003
-0.247269
0.0331496
-1.6309
1.70904
-0.812649
0.947599
-2.14229
-0.144623
0.04466
-1.71967
-0.0409105
-0.725568
0.217526
1.74161
-0.870475
0.175613
-0.626706
-0.411665
1.03837
1.44732
-0.0649873
0.00903666
-0.25818
0.256868
-0.287348
0.222334
-0.202158
0.182167
-0.300443
-0.0285181
-1.92096
0.931509
1.45737
-0.893709
-1.6512
-0.0495524
2.00176
-1.09869
-0.351602
1.9603
-0.965923
1.87386
-0.949419
-0.593545
1.88451
-1.96348
0.932497
-0.818417
0.0690644
-1.31993
-0.769394
2.00369
-1.05609
1.01374
-1.8947
-0.279341
1.94948
-0.809671
1.03341
-0.223734
1.74026
1.66962
-0.814266
-0.855357
-0.736816
-0.1747
0.911516
-0.636518
-1.8535
1.6812
-1.50898
-0.172213
-0.605237
1.02208
-0.416844
-1.60654
0.978725
0.0258436
-0.0195739
-0.231624
1.99393
2.02138
-0.837092
0.472906
-1.5174
1.50064
0.0397459
-1.54263
-1.64604
-0.0370317
1.68307
0.654154
-0.843925
1.25407
-1.68781
2.03754
-0.960626
-1.55305
1.55305
0.863306
0.99237
-0.0729518
0.387847
-0.894911
1.90271
-1.57135
1.57135
-1.97752
-1.9619
1.01534
0.466813
0.174656
-1.69559
-0.786653
0.414001
-0.0832013
-1.74097
0.0453765
-0.426205
-1.00956
2.14015
-0.743092
1.50327
-0.760177
-1.69786
-1.50932
1.32438
-0.0615331
0.450988
-0.601342
1.7824
0.93543
0.860082
0.912244
1.97661
-1.04982
0.971125
-0.30533
-0.918819
1.93256
-0.8506
0.186048
-0.909996
1.6812
-1.78241
1.94374
-1.27864
0.954196
-1.97853
-0.879306
1.7829
0.041257
1.50898
-1.54602
-0.135396
0.650899
0.0333135
-0.684213
-1.59695
1.59695
1.92684
-1.004
-0.922838
-1.49484
0.730699
1.02508
-1.72288
1.72288
1.00616
0.920677
0.0209657
1.95055
-0.311762
0.0143258
-1.39458
0.0233449
1.76756
-0.404622
1.93577
-1.70269
1.91723
-0.879243
0.878734
-1.03801
-1.54602
-1.6543
1.6543
-1.07176
2.00547
1.98827
-1.0483
-1.97927
0.961432
1.99036
-1.03616
-0.779993
0.174756
-1.94386
0.997544
0.946315
0.303445
-1.76645
0.744062
1.05079
0.898686
-1.5174
-1.45966
1.45966
0.0112541
0.138364
1.47765
-1.48726
0.00960761
1.51465
-1.56583
0.0511891
-1.94655
0.959186
0.987366
1.06253
0.729013
0.158237
-1.47765
-1.51465
-1.08862
1.9487
-1.04122
1.97372
1.89707
-0.89009
1.50064
-0.937695
0.935227
1.00922
-0.949008
-0.952348
-1.05239
0.250895
0.895856
-1.25554
1.04712
-1.18339
-0.623582
0.924144
1.02087
0.867083
1.21488
0.982073
0.149625
-0.129701
-1.07775
-1.01321
2.09096
1.00058
0.886266
-1.03034
-0.857816
1.88816
-1.99768
-0.780729
0.361785
-1.91163
0.907623
-0.910143
0.926942
-1.66807
1.81396
1.01464
-1.96365
-0.874951
0.0325054
-0.898281
1.89886
-0.932826
0.935389
-1.02128
1.91523
-0.893952
1.56588
-1.07957
2.04272
-0.913597
-0.944159
1.9588
-0.842819
0.0978354
0.763376
0.976881
-0.992164
-0.0161159
-1.45545
-0.79812
-0.816802
0.443355
0.147078
-0.110573
-1.94025
0.977441
0.612767
-0.888849
0.954377
-1.99054
-1.01114
-0.042443
-0.43063
-0.945247
-1.0032
-1.02209
1.94623
0.91854
0.978946
0.983888
0.938459
1.28925
-0.599007
-1.02118
-1.09495
-0.987161
2.08211
-0.861879
1.60891
1.13798
-1.05248
0.788737
-0.371698
0.951433
-1.97802
1.02659
0.166563
-0.992988
-0.564233
-1.04331
-0.972206
-1.00776
-0.785779
0.343739
-1.00665
-0.933597
0.928466
1.9189
-0.930843
-0.988058
-0.907915
1.92621
-0.98039
0.540005
0.946125
-1.95278
1.87088
-0.738843
-1.13204
1.93614
-0.915265
-0.405313
0.933029
-1.90924
0.976209
-2.03261
0.960851
-1.91013
-1.03062
-0.901519
1.83455
-1.16317
0.330973
-0.0481721
-0.00325941
-1.03911
0.957174
-0.890954
-1.01918
-1.062
-0.930797
1.94172
-1.01092
0.94329
-1.9824
-1.10567
1.01728
-1.96144
-1.96831
0.998785
0.967547
-2.01085
1.04247
-1.28099
-0.119972
1.40096
1.08973
-2.00332
-0.807838
0.332938
1.00164
-1.92447
0.947038
-2.05271
0.564529
1.16115
-1.43898
0.0469417
1.00732
1.01153
0.924605
-1.95253
1.01002
0.942502
0.16603
0.727446
0.294635
1.01095
0.727079
-1.76748
1.0404
-1.02406
1.79323
-0.173679
-0.954585
1.97186
0.195096
0.890813
-0.931682
-1.04166
1.97335
0.836018
0.569425
0.354814
-0.049396
-1.06976
1.93601
-0.92448
1.22195
0.702419
-1.92437
1.16474
-2.02155
2.11177
-1.64
-0.99325
1.93937
-1.00522
-0.947563
1.06757
-2.05473
0.149881
-0.945685
-0.963552
1.00542
-1.91488
0.909461
-1.88254
1.00674
-1.90069
-0.964316
0.0173888
-0.20685
0.172619
0.932056
0.966678
-1.91236
-1.04596
0.457455
-1.01339
1.29628
0.936928
-0.957158
-0.998083
0.964979
0.957657
-2.01375
0.994902
0.570976
0.0111606
-1.00133
-0.903345
0.139746
-0.00456383
1.01367
0.932567
-0.860006
1.79544
-0.146976
1.00458
-1.89553
0.985229
-1.91607
-0.923561
-0.842503
-0.000153867
-0.769008
0.948471
0.908866
0.989753
-1.89862
-0.919058
-0.951942
-0.249671
0.220513
1.00549
-1.95074
-0.0315103
0.739357
0.644783
-0.154168
0.0958291
0.0583386
-0.018969
0.925123
0.973736
1.93827
1.97936
-1.0409
-0.897006
1.96942
-1.16422
0.874652
1.03142
1.0555
-0.139096
1.91561
2.01635
-0.947262
-1.03514
0.0293592
-0.0820685
0.0527093
-1.34734
-0.119795
-0.182703
0.508042
-0.896112
1.5024
-0.138188
-0.138507
0.440737
-0.30223
-0.111409
-0.0264214
-0.0649835
-0.0858078
0.927347
0.928961
0.324132
0.760714
1.42813
-0.915171
0.418367
-0.453158
-0.0113158
-0.000688258
-0.78719
1.82966
0.995354
0.0988777
-0.518443
1.94259
1.0214
1.99323
-1.05784
-0.868362
-0.91344
1.92076
0.0558429
1.10091
-1.85968
-0.949664
1.02088
-1.90595
0.885065
0.0219438
0.0940045
-0.0543291
0.909724
1.90607
-1.06738
-0.838694
-0.10842
-1.36405
-0.142906
-1.06518
0.800506
1.33965
-0.0554272
-1.9437
-0.101108
-0.0396829
-0.0864828
0.126166
0.677666
-0.992157
1.78244
-0.790285
1.87753
-0.809056
-1.06847
1.00217
-0.0378569
1.35466
0.921525
1.00907
-0.895977
-1.47774
-0.490636
-0.509648
1.00028
-0.165642
0.840537
0.473294
0.309472
-0.782765
2.00638
-1.08784
-1.05863
-1.04404
-0.562234
-0.853164
1.4154
-0.103877
-0.981882
-0.126939
0.508896
-1.5712
1.89954
-1.05648
-0.487788
1.21523
-0.0694352
-0.022437
-0.237669
-1.75274
0.760583
-0.676815
0.109315
-0.115843
1.9454
-0.899291
-1.04611
0.959394
-1.02917
1.23339
0.517487
-1.07517
0.557686
0.693259
1.04794
-0.135969
1.77945
-1.10389
-0.672927
-0.0958737
-0.143814
-1.90094
-0.271297
-0.0458364
-0.927205
-0.151927
1.14502
0.800377
-0.832179
1.85129
-1.01911
0.973452
0.0312676
0.160014
-1.52571
0.727663
-1.73652
1.00886
1.09048
-1.65197
-0.918123
1.72391
-0.919915
1.69373
-0.201537
0.118241
0.0195424
-0.0195424
0.158079
-1.1595
-1.01235
0.521215
0.288992
-0.997262
-1.19538
0.794814
1.90846
0.366499
0.468029
-1.01066
1.91829
0.996561
-1.92104
-2.00014
0.965
-0.0944872
0.181579
0.600778
1.09571
-0.328283
-0.783882
0.313442
-1.0087
1.96588
-0.144917
0.0658327
1.00765
-0.239782
-0.493721
-1.36203
-0.924209
1.92077
-0.0436003
-1.70011
0.840104
0.0251919
0.924975
0.616222
-0.515934
-0.100288
0.907684
-0.117662
-0.0910098
0.386937
0.0157151
-0.0157151
-0.794111
0.649921
-1.847
1.0045
0.039053
-0.0372154
-1.07861
-0.0324722
-0.229202
-0.0944564
-0.0562007
-0.576004
1.76744
-0.783553
-0.125406
-0.429048
1.05086
-1.10443
-0.332591
-0.00472363
0.337315
-0.082818
-0.100581
-0.0813435
-0.0611574
0.476832
1.71562
-0.802582
-0.217639
0.910095
1.02947
0.887758
-0.486743
0.348236
0.0487606
0.980251
-0.135367
1.07488
-0.695116
-1.46933
2.16444
-1.3555
0.525341
-0.0679017
-0.0641768
-0.0791142
-1.98713
-0.093185
1.00541
-0.388221
-0.617186
-1.56298
0.066746
1.0288
-0.173083
0.0880054
0.407309
-0.720681
-0.540616
-1.56247
-0.0753365
-0.0191507
-0.0980175
-1.68552
0.964843
-1.20577
1.03047
0.200199
0.838984
1.08997
-1.92896
-0.276675
-0.266636
0.526886
0.0478486
-0.07236
-0.862976
0.488733
-1.23478
0.178697
0.0514241
0.595044
-0.255307
0.721533
1.19651
-1.91804
-0.091171
-0.626939
1.18825
0.995899
-1.04058
-0.910155
-0.0726355
-0.495562
-0.0236154
0.604786
0.0724119
-0.224269
-0.344802
-0.804254
-0.170937
-0.0626283
0.577964
0.135318
-0.0109108
0.994078
-0.0718594
-0.74903
0.971774
-0.256864
1.06362
0.812207
0.0889081
-0.896168
0.165096
0.965498
-1.85118
-0.66092
1.93926
0.0303293
0.0431679
-0.173609
1.28141
-1.94233
1.52696
-0.600188
0.532305
-0.0834551
0.307275
-0.711226
-0.585966
-0.138034
0.0551089
-0.57693
1.559
0.807822
-1.37006
-1.79809
0.77898
1.67376
-0.942027
-0.731735
0.494835
0.157046
0.249263
0.434211
-0.683474
-1.00905
0.518415
-1.03751
1.79362
0.135935
1.22199
-2.09269
0.870708
0.923747
-0.708515
0.0064442
-0.124231
0.755718
-0.153746
-0.898439
1.6476
-0.749163
0.623774
-1.30372
0.679949
-1.08695
-0.937012
1.92942
-0.97023
0.856462
-1.9885
1.1894
-0.593625
-1.29652
1.91476
0.190117
0.0274367
1.10218
0.746282
0.507187
-1.25347
-0.425125
0.154231
0.132985
-1.00689
-1.16888
-0.410381
1.57926
0.950026
-0.660563
-0.140765
0.00172196
0.139043
-0.341632
1.69933
-1.22118
-2.0009
1.29966
1.53558
-0.00115456
0.706321
-1.4665
0.436954
0.179268
0.0097533
-1.67782
0.461345
-0.592742
-0.733817
-1.28463
-1.77128
0.769953
-1.05637
0.32239
0.258992
0.874381
1.07006
0.452058
0.553349
-1.26702
2.106
0.913682
-1.079
-0.0228455
0.386625
-0.303042
-1.36035
1.6634
-0.027182
-0.0583108
1.78452
-0.398903
0.0502896
0.000108626
0.950636
-1.21047
-0.032861
-1.41918
-1.24721
0.311134
0.666591
-1.15438
-0.97614
1.92246
1.94644
0.127725
-2.11155
1.22774
1.02879
0.934643
-0.120689
0.497489
-2.21668
0.924389
0.777441
0.952815
0.244654
-1.05987
1.83885
0.00384517
0.00188806
-0.00573322
1.15867
-0.64118
-1.13113
-0.00951865
0.42962
0.313951
1.4305
0.592932
-0.620608
0.0543075
1.01926
-1.747
-0.928286
0.641207
-1.54846
0.938615
0.973207
-1.46057
1.54211
-0.946055
-0.959532
1.63163
0.44735
-0.651928
-1.95762
1.00795
-0.0741101
-0.638445
0.312373
0.314913
0.511211
-0.101673
0.00334813
-0.0943139
0.776482
-1.93965
1.00121
-0.417842
0.676285
-1.49095
-0.910792
1.4034
-0.0422884
-1.19067
-1.27763
0.213311
0.00789347
0.815248
0.401167
-1.37687
1.47897
-0.102101
0.631191
0.8852
-1.51639
-0.996079
0.724646
-1.04199
-0.361411
1.4034
0.823011
-1.01695
1.00558
1.66882
-0.703975
-1.64246
0.00245162
1.16154
-1.93293
-1.21201
0.790213
-1.41452
0.624303
0.551731
-0.972133
-0.0748486
1.04698
-0.339821
0.27765
0.0152416
-0.292891
-0.580144
0.201285
0.00799818
1.46607
-0.65321
1.91182
-0.408071
0.0142269
0.393844
0.16487
-0.163809
0.26064
-1.33689
-1.25209
1.58398
0.596693
-1.01354
-0.586879
1.63993
-1.41156
-0.228376
-0.0534558
-0.0421079
-1.95463
-0.553824
0.809866
-1.18974
-0.148676
-0.623115
-1.41943
1.16628
-0.65182
-1.90069
-0.728057
-0.00186008
0.231113
-0.738146
-1.11614
0.559699
1.62915
-0.922832
-0.774728
0.271678
0.674938
0.859035
0.923863
1.65251
0.109184
-0.706972
-0.928299
0.689674
-0.771283
1.35231
1.91899
-1.19745
0.709988
0.173644
0.34425
-0.356909
0.0126589
0.289484
-0.00101893
0.978225
-1.35868
-0.836005
1.06641
-0.671363
0.849143
-0.120562
-0.0273732
-0.823334
-0.866644
0.460188
0.406457
1.47204
-1.64468
0.172643
-1.63647
0.587109
0.183374
-0.47368
1.19854
-0.630734
-0.0327775
0.00937822
1.35097
-1.22933
-0.121642
-1.16878
0.103603
-0.322187
-0.743147
-0.0351878
-0.435013
0.470201
-0.244954
0.214063
0.221497
0.149933
-0.181222
0.63221
-1.49196
-0.451414
1.09177
0.493479
0.200584
-0.0201294
-0.588873
1.22504
0.714222
0.946574
-1.41563
-0.0279056
0.0556059
-0.0556059
0.596402
-0.426478
-1.0767
0.487737
-1.84809
-0.0255122
-0.312778
1.05204
-0.0223355
-0.571789
-0.731935
1.77513
-1.84703
0.0528698
1.00427
-0.156347
0.988962
1.1758
0.174379
-0.178833
0.00445363
0.906919
0.00207044
-0.90899
-1.01658
0.537162
-1.33224
0.795079
-0.16289
-1.07442
1.1395
-0.0650789
0.519528
-1.56152
-0.902409
-0.0307315
-0.783324
-0.0202896
-1.22501
1.19852
-1.39879
1.28879
0.109999
-0.0564564
-0.145081
0.605753
-1.40387
1.21432
-2.17512
0.960798
0.0212433
0.000538502
-0.276341
-1.15041
0.567772
-1.4704
0.0663605
0.993856
0.977266
-1.97112
-0.362224
0.9764
0.111957
-0.0322704
-0.079687
0.0856017
-0.0856017
1.55481
0.455552
0.834816
1.13938
0.374157
-0.929607
0.068702
0.180236
0.532335
-1.05605
1.98102
-0.123973
1.59601
-1.58455
-0.408679
-0.0853532
0.182487
-0.65181
-0.718129
0.285515
0.432614
-1.22234
1.22638
-0.00404588
0.634233
-1.34546
0.621993
-1.82839
1.20639
1.70969
-0.118926
0.185847
-1.36319
0.267002
0.225797
-1.10641
1.16503
-1.03295
0.40624
1.01833
0.132926
-0.929447
0.380261
-0.0880536
-0.0609587
0.329544
-0.109031
0.491048
1.21864
-0.168445
0.172456
-1.51604
-1.45576
1.64034
-1.62143
-1.00407
1.80128
1.05844
0.245803
-0.0762739
0.876689
0.523748
0.818405
0.165246
-0.0433971
-0.345343
-1.20382
-0.128639
-1.29054
-0.781498
-0.00588268
0.00588268
0.541788
-0.241253
0.546979
-1.71585
-0.00802404
-1.00504
-0.00363423
0.00363423
-1.00236
1.47052
-0.790574
-0.0118967
0.0118967
0.367902
1.2627
0.0136273
0.388849
-0.0211778
0.0211778
0.528148
-0.0238837
0.0238837
0.0481385
1.27941
-1.32755
0.0908502
-0.0308128
0.0308128
0.253027
0.129511
0.133013
-0.262524
-0.0125123
-1.1463
0.483901
-1.56348
-0.448791
0.0312236
-0.0312236
-1.64287
-0.555072
-0.517242
-0.361462
0.985673
-0.624211
-1.25275
-0.0161771
0.0161771
0.0647969
-0.134232
-0.0299551
0.0299551
-0.488424
-0.615168
0.0200692
-0.0200692
-2.01556
-1.22481
-0.031288
0.031288
0.276782
0.668257
0.0171118
-0.0171118
-0.0292063
0.0292063
-0.0686276
0.0165004
-0.0165004
-0.029209
0.029209
-0.604087
0.837438
0.0176468
-0.0176468
-0.191774
0.128515
1.42498
-0.773755
0.0124192
-0.0124192
-0.0400779
0.0400779
-1.33737
-0.171568
-0.406449
-1.44164
0.0178733
-0.0178733
0.637142
0.116585
-1.44345
1.51988
-1.01098
-0.0672994
0.100914
-0.0336146
-0.1416
-1.38411
-0.0159394
-1.01723
1.30269
1.02322
0.250821
-1.67696
0.716601
-0.182525
0.513545
-0.33102
0.0340577
-0.0340577
0.00875567
0.026332
-1.217
0.496776
-0.504383
-0.0225589
0.0207564
-0.0207564
0.0202791
-0.0202791
0.0191002
-0.0191002
0.0175996
-0.0175996
0.0194526
-0.0194526
0.701599
0.43778
0.0191845
-0.0191845
-0.00975654
0.00975654
0.0708847
-0.0378862
0.0378862
0.222754
0.00177037
-1.26473
0.986187
-1.94681
0.697055
0.916841
0.00522326
-0.00522326
-0.0421184
0.0421184
-0.000657013
0.000657013
0.45128
-0.435111
-0.18902
0.000863476
-0.00784589
0.00784589
-1.36645
0.0276252
-0.0276252
0.637233
1.35065
-0.497444
-0.377882
0.306638
-0.0154645
0.0154645
-0.0334488
0.0334488
-0.0297373
0.0297373
-1.62994
1.21956
0.34092
-0.282467
-0.0584531
0.0216064
-1.28587
0.18144
-0.0351854
0.0351854
-0.271347
1.36645
0.093212
-1.16399
-0.0264779
0.0264779
-0.866711
-0.0366282
0.0366282
1.61183
-1.50951
-0.0205786
0.0205786
-0.036055
0.036055
0.0759684
-0.0759684
0.666158
-1.64294
0.0678495
-0.0678495
-0.0365935
0.0365935
-0.498775
0.915029
-0.416253
0.935066
-1.81566
-0.67631
-0.445903
1.12221
-1.49803
-0.0445994
0.81832
1.01134
-0.0891448
0.0891448
-0.0130904
0.0130904
-0.0295267
0.0295267
0.817633
-1.63134
0.818684
-1.87473
-1.43756
1.43756
0.732161
-1.33699
0.380768
-0.188799
1.23598
-0.110751
0.110751
-0.0382731
0.0382731
-0.956104
-0.50599
-0.117851
0.117851
-0.0422164
0.0422164
0.524829
-0.612889
0.144723
-0.133624
-0.0440159
0.0440159
-0.127243
0.127243
-1.68037
0.876111
-1.58659
0.557418
0.0181936
-0.0181936
-0.104584
0.00715823
-0.0499488
0.0499488
-0.160418
0.160418
-0.038825
0.038825
-0.143854
0.143854
-1.18797
0.988568
-1.27805
-0.0523746
0.8899
-1.8171
-0.0370708
0.0370708
-0.191859
0.191859
-0.0586687
0.0586687
0.0488871
-0.280289
0.506888
-0.109467
0.109467
-0.0587901
-0.503808
-0.0392592
0.0392592
0.221042
0.20179
0.87309
0.102757
-0.910575
-0.133068
0.133068
-0.0405451
0.0405451
-1.3911
1.40085
-0.793976
-0.883924
1.6779
-1.46211
-1.12081
0.411305
0.0560345
-0.34069
0.284656
-0.114924
0.114924
0.00881535
-0.00881535
-0.0369769
0.0369769
0.599447
-0.461502
1.07094
0.111863
-0.634591
0.522728
0.481077
-0.473596
-0.567201
-0.358934
0.926136
0.0602646
-0.0602646
-1.43363
1.43363
-0.0366939
0.0366939
0.514165
-0.402801
-0.439341
0.0881014
-1.09893
0.0776413
-0.0776413
0.0636384
-0.0636384
-0.183562
-0.0226332
-1.11097
1.35481
-0.0428527
-1.2099
0.789552
-0.0471712
0.0471712
0.018034
0.041354
-0.041354
0.910782
0.373575
-0.467821
-0.242339
-0.574549
0.391846
0.397209
-0.420825
-0.0824428
-0.346551
0.584172
-0.237621
-1.8563
0.952957
-0.0174495
0.0174495
0.342016
0.373055
-0.0443669
0.0443669
-0.748534
0.846369
-1.02513
-0.0812805
0.0638464
-1.25182
0.00686312
-0.00686312
-0.0449996
0.0449996
-0.0449487
0.0449487
-0.0513929
0.0513929
-0.0468291
0.0468291
-0.0485511
0.0485511
-0.0463955
0.0463955
0.262285
-0.20697
0.0479104
-0.0469466
0.0469466
0.847139
0.0548827
-0.0548827
0.381449
-0.405821
0.249335
0.0233319
-0.0233319
0.827465
-1.68934
-0.476308
0.031437
0.0188525
-0.115265
-0.340006
0.455271
0.0291683
-0.0291683
0.645869
0.0294403
-0.0294403
0.0122667
0.0317382
-0.0317382
1.39498
0.68899
0.321354
0.0316296
-0.0316296
-0.371545
0.127043
-0.443309
-0.44934
0.892649
-0.0323303
0.0323303
-0.114365
-1.04513
0.0906123
-0.193289
-0.234509
0.501511
-0.931539
-0.0665438
1.59297
-0.731085
0.522176
0.118052
-1.13687
-1.818
0.4586
0.0292601
0.0359594
0.00297986
0.534422
-0.109174
-0.00927918
-0.099707
1.08917
1.16533
0.0682919
-1.23362
1.54501
-0.521785
0.197266
0.923234
-0.840375
-0.0828581
0.427466
0.225165
-0.204199
-1.3579
0.953884
0.404014
-1.47662
0.844544
-1.00841
-1.49228
-0.00293209
1.49521
1.37864
-0.82592
-1.01233
-0.938201
-1.01696
-1.35745
-0.00122085
0.0847181
-0.0847181
0.132956
-0.307358
0.680254
0.391649
-0.163012
0.58138
0.0173978
-0.0173978
-0.161355
-0.806688
-0.103308
-1.02938
0.20556
0.322588
0.278623
-0.347038
0.438695
-1.35387
-0.265321
-0.0244382
0.562463
-0.50289
-1.31511
-0.82684
-0.375985
-0.506258
-0.0870245
1.96639
1.28883
-0.00941928
0.0107383
0.205197
-1.12698
0.614353
-0.14754
-1.07863
1.75342
1.35124
-0.129897
-0.104605
-1.56589
-1.28794
0.21124
1.09008
0.0353856
2.08519
-1.19743
-0.0129214
-0.0144518
1.2204
0.388651
-0.488889
-0.0963625
-1.01802
-1.14806
0.549052
0.218269
-0.932438
-0.841632
-0.42059
-0.0482864
0.0482864
0.00877008
-0.00877008
-1.01282
0.411353
-0.64098
0.229626
-0.684744
1.03908
-0.670985
-0.152156
-0.330605
-0.148952
-1.15644
0.227595
-0.270038
0.813921
-1.11257
0.883715
0.228857
-1.12429
1.04945
1.32809
-0.533844
-0.794245
-1.13381
0.0953612
-0.0043553
0.74679
-1
1.4839
1.31266
-0.444128
1.26714
0.096951
-0.0736649
1.32782
-0.504262
-1.18964
1.18964
-1.31711
0.23091
-0.123256
-0.107654
0.67894
-0.18439
-1.04465
0.438978
-1.49265
1.51699
-0.532946
0.53724
0.82669
-0.959507
0.132817
-1.83762
-0.39007
0.15547
-0.166553
1.15644
0.566027
-1.26564
0.699616
-0.108834
0.0138719
0.268132
1.08922
-1.35735
1.11148
0.119358
-0.588966
0.082708
0.320759
-0.160231
0.191284
0.00133479
0.368296
-0.433062
-1.2456
-0.150191
1.52178
-0.994897
0.506617
-0.0419481
-0.589654
0.631602
0.773661
-1.16521
0.391544
0.370601
0.0585369
-0.0585369
-0.175574
0.634892
0.806304
1.26937
-1.26937
0.302494
0.0671273
0.360402
-0.486147
1.0659
-0.111371
0.542714
0.339919
-0.123142
2.06309
-1.03072
-1.03563
0.139652
-0.103223
-0.292489
0.395712
0.265357
-0.497168
-0.478951
-0.0341236
-1.16631
0.00231927
1.1689
-0.678085
1.23391
-0.555825
0.322617
-0.0905058
0.973525
-0.158645
-0.0021935
0.995677
-1.6686
1.02923
0.896783
0.132443
1.02819
-1.09096
0.474355
-0.0353082
-0.230013
0.992996
-0.91162
-0.0813761
-0.564612
0.577085
-0.132905
-1.69023
0.530383
-0.25889
0.378037
-0.100388
-1.06024
1.98463
0.00421695
-0.0915227
0.0843335
0.820297
-0.818227
-0.0230233
0.0230233
-1.49323
0.391185
-0.0860725
1.96073
-0.434632
0.663911
-0.10725
-0.197156
0.0426089
0.467839
-0.0113403
0.121846
-0.0696369
0.258044
0.10504
-0.768894
0.663854
0.0275519
-0.0275519
0.0761156
-0.0761156
-0.808509
1.74357
0.769872
-1.62769
-0.0319677
0.0319677
1.09096
-0.49548
0.401557
-0.750793
-0.214008
0.9648
-0.581791
-0.124808
-0.377562
-0.667395
0.260484
0.293665
0.394526
0.572655
-0.403221
0.846577
-0.0100706
0.0100706
-1.02771
1.55145
-0.138164
0.138164
0.0833942
-0.165679
0.461388
-0.295709
-1.05205
-0.148599
0.303165
-1.01714
0.399954
0.538625
0.0927304
0.440449
0.805648
-0.373536
-0.471052
0.409895
-0.308828
0.459055
-0.150227
0.762876
-1.31052
0.146297
1.80955
-0.8293
-0.275272
-0.166723
0.441994
-0.155003
0.616349
0.00665193
0.0702656
-0.0769175
-1.28419
-0.21677
0.195651
0.632116
-0.176868
0.341964
-0.856613
0.00305203
0.0546515
0.381579
-0.609855
0.140137
0.00834792
-0.112932
-1.80764
-1.46999
1.37473
0.221283
0.0029543
-0.0029543
-0.100724
-0.890091
-0.0204844
0.138322
0.465665
-1.48924
-0.0423719
0.191903
-0.149531
-0.0560992
0.0560992
1.55601
-0.456215
-1.09979
-0.45785
0.162178
-0.800373
0.391694
0.194559
-0.0485543
0.219091
-0.104103
0.284392
-1.33645
-0.850683
-0.0627243
-0.675434
-0.128876
1.20959
-0.0230202
0.0226872
0.000332994
0.604692
0.316189
0.607973
0.934853
-1.74336
0.299513
-0.211779
-0.260711
-1.41943
0.430378
1.1536
0.113236
-0.113236
0.808183
0.238799
-0.439553
0.26429
0.132873
-0.368601
1.0702
-0.22027
-0.497859
-0.499872
1.41567
-0.528683
1.52436
2.17364
-0.30075
0.0968275
0.330222
1.00534
-0.916434
-1.04099
1.19623
-1.59656
-0.949193
0.337541
-0.334262
0.0469496
0.287312
1.42766
-0.109251
0.0392947
-0.948284
-0.0160718
-0.131105
-0.415592
0.168323
-1.53998
0.155862
0.589347
-0.120974
-0.872014
0.16135
1.71175
-1.01849
0.526444
-0.908979
0.322216
0.0644095
1.00608
0.161943
0.236145
0.31565
-0.43224
0.556428
-0.474933
0.127427
-0.135091
0.882587
-0.129064
-0.241246
0.37031
0.859276
0.550152
1.35315
0.486897
0.0696866
0.018034
-0.124334
-0.238707
0.363042
-0.173046
-1.14427
-1.03086
0.00334813
-0.0996219
0.451353
1.10751
-0.547816
-1.01081
0.00781499
-0.0468423
0.186039
-0.500611
1.21605
-0.104489
0.115743
0.365798
0.425075
-0.698022
0.651191
-0.365676
-0.33235
-0.0944997
0.42685
-0.827435
-1.14369
0.0504467
-0.00347787
-0.0162839
0.0996781
1.00819
-1.41825
0.41006
0.0273714
0.549421
-0.576793
0.348185
-0.71256
-0.963647
1.25219
0.0623194
0.00247185
0.0307799
-0.364556
-0.112646
0.376683
0.350645
-0.45467
-0.251936
-0.0709097
0.322846
0.857286
0.198289
-0.198289
0.611113
-0.113193
-1.47135
-0.101023
-0.255886
0.719904
-0.443122
-0.139685
-0.400657
0.0275034
-0.0275034
-0.228227
-0.136347
0.364574
-0.458168
0.28726
-0.00928105
-0.157004
-0.276638
0.485615
-0.865815
-0.289819
0.939082
-0.789201
0.0214388
-1.01133
-1.20916
1.54205
-1.02084
-0.18475
-0.31586
-0.30308
-0.576619
-0.715206
1.28786
-0.209777
-0.391565
-0.232173
-0.25515
0.487323
-0.265983
0.449357
-1.03478
0.695021
-1.70583
0.0162711
-0.102079
0.0157371
-0.0361698
0.648887
0.379906
-0.762265
-0.111767
-0.16672
-0.195734
0.362454
-0.0116896
0.67187
-0.109671
-0.0559704
-0.121628
-0.162088
0.689839
0.00126855
-0.443924
0.91287
-0.468946
-0.165379
-0.501076
0.666455
0.0498106
0.0402845
0.0108582
0.729008
-1.34962
-1.22377
-0.370778
0.736576
0.26631
-0.232224
-0.0340867
1.17999
-1.17999
-0.00133296
0.0166502
0.370223
-0.701243
1.20444
0.02297
0.103512
-0.126482
0.193819
1.65528
-0.837648
-0.74446
0.0806253
-0.359966
1.49215
-0.67222
1.60707
0.00208175
1.07419
0.619543
-1.5407
-0.158999
0.0641431
0.0183854
-0.0825284
0.0195013
-0.000611397
-0.355843
0.273711
-2.71478e-06
-0.155118
-0.106829
-0.0358609
0.0358609
-0.199562
-0.224891
0.424453
0.215567
-0.259167
1.29957
0.00114642
0.00218835
-0.947814
-0.239842
0.20737
0.292293
-0.392874
0.222257
-0.792756
1.44689
-0.438329
-0.446083
-0.562968
-0.375988
0.746211
-0.168758
-0.176638
-0.0275608
0.25844
-2.03113
0.635452
0.552799
-0.30966
0.241758
0.0352139
-0.199023
0.53107
-0.19297
0.726227
0.36551
-1.09174
-0.204203
0.0883607
-0.454567
1.45906
-0.846725
-0.435294
1.02823
-0.458996
-0.32377
0.251037
-0.439835
0.294721
-0.541586
-1.11705
1.48562
0.430295
-0.611517
-0.133865
0.315443
-0.0345134
0.339044
-0.638975
-0.337556
1.32669
0.905097
0.726533
-0.232065
0.778399
-0.45416
-0.324239
0.319325
0.523694
1.68975
-1.2493
0.333725
-0.406085
0.825229
0.918345
-0.438588
-1.34739
0.138229
-0.00382853
0.21512
0.234306
0.0103475
0.349664
-0.00180251
0.621368
-0.000477346
-0.0011788
-0.00150061
0.00304634
0.00185294
-1.2938
1.90879
-0.412299
-0.00453328
-0.505278
1.07305
1.2201
-1.87347
0.653366
-0.000885883
0.0409002
-0.00588027
-0.188919
0.439956
0.0243062
-0.0243062
0.116462
-0.0206324
-0.95456
1.58879
0.0166502
-0.280954
0.713568
-0.00718888
-0.578341
-0.453599
0.357725
-0.0344565
-0.0076186
-0.786801
-0.26981
-0.00582365
-1.30631
0.0519168
-0.289586
-0.0142728
-1.30666
0.261528
0.226068
-0.336604
0.79236
-1.57916
-1.05276
0.316091
-0.156978
0.156978
-0.00173658
-0.0544713
-0.00333385
-0.162684
0.168438
0.0719594
1.75987
0.484353
-0.736111
1.73256
-0.00144281
0.358777
-0.00485739
-1.14145
0.324477
-0.194966
-0.132193
-0.414143
0.32609
-0.172387
0.0156455
0.223629
-0.0787353
-1.13826
0.46221
0.000573222
-0.312592
-0.174152
0.61731
1.19982
-0.893177
1.14045
-1.0766
0.616124
0.295392
-0.47712
0.441004
0.418455
-0.259709
0.237373
1.29504
0.0157701
-0.676998
-0.662897
0.168741
-0.196647
1.1845
0.45561
0.0418789
0.405148
-0.440335
-0.297975
-0.159874
1.91512
0.125904
0.075505
0.0254089
-0.00238502
0.0487729
-0.533628
0.484855
-1.10924
-0.782604
-1.0234
0.117967
-0.0621905
-0.0557767
0.455031
-0.871285
0.0196397
-0.814996
-1.37945
-0.00963337
0.0947261
-0.66605
0.135327
-0.00179954
-0.00939194
-1.28864
-0.000493296
0.340782
-0.512563
-1.11417
-0.64945
0.490805
1.51463
0.569828
-1.11764
0.612593
0.739716
-0.507158
0.114811
-0.0372328
-0.0157037
1.38422
-0.430332
-1.13232
0.172872
0.0850672
-1.35037
-0.351369
0.29609
-0.10421
-0.0623426
0.00175413
-0.0480047
0.973046
0.656107
0.605743
0.642029
-0.910665
-0.443201
-1.11185
-0.768015
0.986577
-0.418423
-0.342442
-0.264597
-0.32695
0.611905
-1.091
-1.56583
-0.00181235
-0.296049
0.375049
-0.0789997
-1.35441
-0.953391
0.0181448
1.46058
0.00356814
-0.350673
-1.4407
0.515564
-0.964904
-0.336114
0.353165
-0.585189
0.232024
0.433654
0.000283019
-0.824846
0.45033
-0.0985642
1.48838
-1.30995
-0.625891
0.550148
-1.39405
-0.0215785
-0.105031
0.0890917
0.166203
1.00724
0.103597
-0.117922
-0.021175
-0.0647204
1.47097
-0.858372
0.0304702
-0.79966
-0.0594272
-0.00418665
0.0636139
1.61966
-0.827301
-0.712844
-0.407258
-0.129594
0.536852
-0.517655
0.289998
-0.660777
0.0297217
-0.00301289
0.426836
-0.566521
1.21186
0.503366
0.00306281
-0.19796
-0.45149
1.69719
-0.906585
0.135497
0.109969
0.0243126
0.481723
-0.0320751
-0.215661
0.182883
1.35083
-0.62898
-0.342372
0.435784
-0.0934118
0.13673
0.49548
-0.5565
-0.513303
5.08469e-05
-1.10991
0.670355
0.418512
-0.356405
0.0164687
0.697246
0.697076
-1.39432
0.0021556
-0.369657
0.254392
-0.000551185
-0.138966
-0.453776
-0.626595
-0.40233
-0.547681
0.315509
-0.0110334
0.00583647
-1.39527
0.358112
0.639743
0.558801
0.000271966
0.0758593
-0.674429
0.835129
0.00229794
-1.10267
-0.213195
-0.518629
0.468992
-0.598882
-0.0113997
-0.490286
0.174425
-0.522866
1.22248
2.04139
-1.31675
0.0525046
0.811044
-0.775085
0.798037
0.0808548
0.116063
-0.158595
1.13339
-0.226496
0.203862
-0.0171407
0.375991
0.73609
0.874054
-0.864954
-1.06502
1.18577
0.434868
-0.631688
-1.26718
-0.365922
-0.220409
1.10412
1.22079
-0.855277
-0.0472498
0.372132
-0.356891
-0.452235
-0.115324
-0.065569
0.640618
0.139111
-0.610294
0.471183
-0.106765
-1.31266
-1.35639
0.125054
0.0363157
-0.575231
0.535514
-1.18238
-0.13222
1.04723
-0.888605
-0.415922
0.911188
-0.605746
-0.305442
-0.0620749
0.0850449
0.40557
0.0292977
-0.110133
0.501783
-0.179036
-0.0377346
1.64143
1.16365
0.185941
-1.10406
0.0539776
0.0436835
-0.195611
-0.98734
-1.04036
-0.195462
0.0844427
-0.0826431
0.76338
-0.0542796
-0.228576
0.282855
0.255102
-0.0620753
-0.272187
0.182743
1.31375
0.684011
0.117683
-0.0113891
-1.45288
0.102559
-0.0694096
-0.014167
-0.426674
-0.987394
-0.290643
0.0103539
0.106441
-0.107697
0.00125555
-1.20343
0.513537
-0.96677
1.01819
0.00504731
-0.0164471
0.475748
0.409091
0.804599
-0.00289216
0.0293009
-0.0338342
0.142762
-0.00570897
-0.00190963
-0.0592729
-0.648967
-0.388572
0.214039
-0.445662
0.495926
0.340224
-0.43468
-0.0688997
0.0709814
-0.556116
0.322289
-0.0967102
0.536196
0.412752
0.0108554
-0.0108554
-0.00482688
-0.0632423
0.062765
-1.67633
0.0980438
-0.741167
0.0102505
0.165801
-0.592005
0.984036
-0.310919
0.196159
-0.223958
0.0277993
0.510993
-0.428285
0.33404
0.0544435
0.064345
-0.0516833
-0.306651
-0.0201482
0.405028
-0.0836743
-0.614548
-0.0506896
0.372979
-0.442319
-1.40599
-1.02664
1.86718
-0.37387
0.25084
1.61734
0.477783
-0.0805736
-0.802878
0.236142
-1.14196
1.52383
-0.381864
-0.064014
0.064014
0.113712
-0.001863
-0.111849
0.273451
-0.0966055
-0.176845
-0.247802
0.294751
0.0242218
0.327149
-0.40338
-0.785666
0.921601
0.455285
0.638682
-1.46798
-0.0615262
0.337868
-0.394034
-0.473174
-0.195107
-0.00130048
0.294312
-0.128109
0.00524875
-0.116658
-0.00158795
-0.0141272
-0.110642
0.0456586
-0.587493
0.290996
-0.382167
-0.738885
1.30135
-1.18172
-0.136889
-0.370269
-0.12052
0.468757
0.105913
-0.436518
0.782013
0.00594209
-0.435375
0.646416
1.39814
0.308235
-0.783353
0.24122
-0.278436
0.985061
-0.875878
-0.326466
-0.189799
0.0459854
0.238162
-0.317276
0.216769
0.0206532
0.125629
-0.940626
-0.902948
1.77138
-1.04484
-0.00581578
-0.334967
0.0133918
0.00278521
-0.0938348
1.08835
-0.994516
0.232578
0.348746
0.0383334
-0.0574842
-0.37912
0.316491
1.58923
0.241119
-0.339136
0.215535
-0.340941
-0.413188
-0.1997
0.0133918
0.0278843
-0.0336175
0.976717
0.0122055
-0.0972223
0.119454
-0.0660597
-0.0523638
0.0603837
-0.0603837
-0.323789
-0.0584296
-0.0588768
-0.793678
1.3281
0.0597942
0.128554
-0.232431
-0.0437416
-0.41901
0.325825
0.17567
-0.029392
1.68848
-0.99949
-0.117396
-0.0356789
-0.399334
0.033735
-0.00273217
-0.665084
-1.04074
0.406715
-0.588504
-0.761113
0.0588359
0.26401
-0.42607
1.02281
0.0229978
-0.0408616
-0.152774
-1.19293
-0.0229978
-0.938763
-0.638285
0.156972
-0.634233
-0.0371253
0.411567
-1.41846
-0.6536
-0.0612002
0.180033
-0.111297
0.0754444
0.038572
-0.0212571
-0.585576
0.116879
0.247695
-0.244407
-0.0731131
-0.36916
-0.0695785
-0.827761
0.147121
0.215333
0.380014
-0.481123
1.18462
-0.779023
-0.782456
0.309282
0.956938
-0.277217
0.40426
-0.0101056
-1.37711
1.27035
0.904129
-0.316616
-0.587512
-0.252193
0.0199694
0.0707568
-0.299959
-0.161918
0.331144
0.0601247
0.774425
-1.09781
-0.482003
0.320085
0.0611597
-0.0233582
-0.135834
-1.19894
0.155542
-0.181054
0.0169115
0.0732302
-0.0901417
0.00886494
-0.0336394
0.0336394
0.548977
-0.703255
0.489248
0.00567908
-0.00567908
-0.661638
-0.301574
0.147829
-0.100215
-0.179999
1.19174
-0.800197
0.415705
-0.101323
0.116473
-0.173892
-0.029392
0.919797
0.430062
0.316149
-0.486034
-0.0907583
-0.192372
0.586898
-1.50386
-0.527261
0.352215
-0.110733
0.169071
0.17338
-0.577044
-0.1355
0.0238029
-2.00623
-0.659058
-0.0282441
0.336617
-0.413058
1.0125
0.0134187
0.100589
0.0255839
0.618311
0.172533
-0.192663
-0.0255839
-0.0230073
-0.181764
-0.314917
-0.949859
-0.107503
-0.710724
0.8066
0.259298
0.023898
-0.157009
0.468428
-1.48692
-0.0117187
-0.14876
-0.0135831
-0.137726
-0.0787192
1.63546
-1.20986
-0.395445
0.0211461
-0.394731
1.32906
-0.0570999
0.796054
-0.890691
1.13649
-0.0118247
-0.82255
0.670087
0.017518
0.279415
-0.0678046
-0.094371
-0.651845
0.442069
-0.645134
0.490131
0.298073
0.0849051
0.733072
-0.313523
-0.141146
-0.0279776
-0.371847
-0.256357
-0.0123346
0.385094
0.189613
-0.60518
0.415567
0.113342
0.0187603
0.1324
0.999577
-0.859926
1.03247
-0.0968301
-0.0187603
1.66043
-0.516092
0.176086
-0.032923
-1.07632
-1.38423
0.111374
0.112049
0.522204
-0.0373492
-1.08163
0.16184
-0.0714982
0.900407
-0.793557
1.20313
-0.170298
-0.00726216
-0.117546
-0.915725
1.05507
-0.113375
0.0846454
-0.157517
-1.10904
-0.0350534
-0.104616
0.0159891
-0.208296
-0.766399
1.27994
0.0218865
0.186384
-0.675758
0.000160685
-0.088708
-0.018989
-0.0972862
-0.0950606
0.309125
1.44636
0.86241
-0.539277
0.365125
1.38926
-0.41621
-0.14407
1.09788
0.509196
-0.378044
-0.49902
0.385645
0.0424797
-0.113592
0.360951
-0.0852847
0.335065
-0.0455817
0.228743
-0.0028142
0.00572374
-0.262588
0.156668
0.636586
-0.0364617
-0.160699
-0.270062
-0.60739
0.423827
0.377718
1.87289
0.0114655
0.251854
-0.324489
-0.0123125
0.118678
-0.294196
-0.123397
0.060136
-0.0241136
-1.42313
0.0278569
-0.466307
0.132445
0.316912
-1.53802
-0.454757
0.816567
-0.36301
-0.453557
0.0298803
1.17456
0.3202
0.42245
-0.149208
-0.0612115
-0.456531
-0.452448
1.27452
0.0447958
-0.161089
-0.017518
-0.0100339
0.0509184
0.0364617
0.770319
-0.466683
-0.927638
0.227087
-0.0310946
0.0198675
0.167118
0.257335
-0.0386187
-0.262509
0.228422
-0.275553
0.302577
-0.443724
0.456083
0.604019
-0.023349
0.190516
0.326164
-0.511982
-0.382451
0.246617
0.875746
-0.639543
-0.108855
-0.458413
-0.202364
-0.0619219
-0.0442235
-0.0109303
-0.995354
0.901519
0.425427
-0.815497
-0.00186051
0.00186051
-0.656839
-0.726236
-0.529603
0.409082
-0.5285
-0.199733
1.49351
-1.29377
0.0663238
-0.0676568
-0.657522
-1.24354
0.509467
-0.107911
0.60812
0.0045249
0.328679
0.121336
-0.38014
0.278817
-0.0161776
0.0089887
-0.220131
0.118931
0.236083
-0.0150403
-0.844508
0.191648
-0.557324
-0.109697
0.332866
-0.369756
-0.0458344
0.0619868
-0.0631656
-0.92969
-0.269345
0.0397746
-0.0413626
0.008532
-0.236664
0.370067
0.117665
-0.393928
-0.0716332
1.40066
-0.851678
-1.25893
-1.07942
-0.397191
-0.660007
1.0572
0.00266783
-0.0137012
0.0526753
-0.823204
-0.0534858
0.167961
-0.0278243
0.0760569
-0.0774997
-0.192307
-0.384737
-0.405237
-0.0129993
0.00128059
0.713293
-0.209927
0.373068
0.411648
-0.634826
-0.193236
-0.297049
-0.41594
0.722549
-2.06241
-0.229973
-0.20533
-0.0165335
0.181383
0.731727
0.301984
-0.494669
1.53198
-0.426548
-0.12194
-0.0869609
-0.753445
0.314856
1.03589
1.34988
-1.44598
0.0724656
-0.318822
-0.0324295
-1.07538
-0.0244092
1.57695
-0.107071
0.136793
0.289557
-0.0477984
-0.169448
-1.24024
0.45087
-0.393602
-0.322213
1.53709
0.204557
-0.0223896
0.0259409
-0.00278537
-0.179426
-0.712908
0.0817111
-0.164478
0.0211461
-1.0254
0.0116063
0.118423
-0.0941109
-0.235832
-0.293375
0.0259516
0.258315
-1.35211
-0.230664
0.846876
0.0223862
-0.0888101
-0.367071
-0.30399
-0.489356
0.366196
-0.00824592
-0.0207342
-0.0885163
0.602122
0.0237069
-1.46441
0.334176
-0.363941
0.492328
0.0549226
-0.0564232
0.458832
-1.12585
0.0141272
-0.00073535
0.531979
-0.161992
1.25987
-0.0752733
0.13275
0.808469
1.24313
-1.2752
0.0385442
0.652342
-0.184771
0.175138
-0.132594
0.0810605
-0.082797
-0.0434734
0.0464533
0.055576
0.0991417
0.907376
-0.0139666
0.359
-1.01901
0.0614473
0.501326
-0.281423
-0.219903
0.423715
-1.32425
-0.0028142
-0.308883
0.0423771
-0.0429885
0.503188
-0.129032
-0.00849328
-1.04644
1.00378
0.438099
0.0500394
-1.51374
-0.255135
-0.227553
-0.022878
0.124042
-0.692864
-0.325263
1.01813
-0.047662
-0.19932
-0.493192
-0.0126315
0.0129034
-0.0170582
1.42979
-0.35535
-0.145676
0.0331095
-0.277501
0.346073
-0.115158
0.008243
0.0775887
0.0270692
-0.208126
-0.803201
0.117534
0.0010859
-1.41885
0.0178259
0.0531556
-0.0497505
0.154815
-0.00213834
0.00145008
-0.219288
-0.427286
-0.816483
-0.064965
-0.0468015
-0.752847
-0.487831
-0.162166
0.537109
-0.362684
-1.24748
1.71585
0.381997
0.126687
1.06558
-0.0120808
-0.368053
-0.546091
0.258512
-0.245853
-0.056783
-0.0198469
0.799451
-0.128828
-0.54235
0.0441821
-0.155713
0.93459
-0.472083
-0.0579928
0.0373604
0.208213
1.55854
0.0118407
0.283854
-1.42754
0.211756
-0.00154374
-0.174507
-0.641976
-0.0290339
-0.728834
0.375001
-0.921165
-0.424464
-0.0087756
-0.552769
-0.312791
0.105087
-0.467771
0.44629
-0.634391
-0.31753
-0.0939992
-0.384209
-0.339886
-0.189366
-0.236331
1.11347
0.00354932
-1.34954
-0.499957
0.658194
-0.192277
0.0934015
-0.496098
-0.574341
-0.440927
0.446771
0.15382
-0.0169636
-0.136045
-1.15935
0.0762703
0.504363
-0.0887963
0.673068
0.27962
0.964705
1.11221
-0.403991
0.954138
0.0985454
0.00932716
-0.62747
0.458022
0.0457179
-0.0450209
-0.0114023
-0.104578
0.493064
-0.115346
0.087548
0.62334
0.494416
-0.531765
-0.0732575
0.0426262
-1.02997
0.215155
-0.229134
0.6001
0.143328
-0.0914477
-0.0237101
0.0892921
-0.00802668
0.019633
-1.46602
0.0923354
-0.103158
0.526658
0.00968679
-0.0064512
0.672372
-0.979995
0.0746643
-0.120742
-1.14083
0.0585922
-0.0955539
-0.168638
0.210714
0.0953982
0.0531528
0.0763211
1.06448
-0.485489
0.00892738
-0.39095
0.317352
-0.0533416
-0.962281
0.335642
-0.000155725
-0.679956
0.133585
-0.331943
0.555036
-0.0237647
-0.431462
0.691946
-0.967864
0.221934
-0.856134
-0.689888
)
;

boundaryField
{
    SideWalls
    {
        type            empty;
        value           nonuniform List<scalar> 0();
    }
    Top
    {
        type            calculated;
        value           uniform 0;
    }
    Inlet
    {
        type            calculated;
        value           nonuniform List<scalar> 
18
(
-1.94444
-1.94444
-1.94444
-1.94444
-1.94444
-1.94444
-1.94444
-1.94444
-1.94444
-1.94444
-1.94444
-1.94444
-1.94444
-1.94444
-1.94444
-1.94444
-1.94444
-1.94444
)
;
    }
    Bottom
    {
        type            calculated;
        value           uniform 0;
    }
    Outlet
    {
        type            calculated;
        value           nonuniform List<scalar> 
18
(
1.98668
1.96799
1.9751
1.96472
1.97089
1.96162
1.94844
1.97621
1.97996
1.98204
1.97249
1.95516
1.98207
1.95859
1.95516
1.76653
1.97476
1.72157
)
;
    }
    Plate
    {
        type            calculated;
        value           uniform 0;
    }
}


// ************************************************************************* //
