/*--------------------------------*- C++ -*----------------------------------*\
| =========                 |                                                 |
| \\      /  F ield         | OpenFOAM: The Open Source CFD Toolbox           |
|  \\    /   O peration     | Version:  2306                                  |
|   \\  /    A nd           | Website:  www.openfoam.com                      |
|    \\/     M anipulation  |                                                 |
\*---------------------------------------------------------------------------*/
FoamFile
{
    version     2.0;
    format      ascii;
    arch        "LSB;label=32;scalar=64";
    class       surfaceScalarField;
    location    "6.8";
    object      phi;
}
// * * * * * * * * * * * * * * * * * * * * * * * * * * * * * * * * * * * * * //

dimensions      [0 3 -1 0 0 0 0];

oriented        oriented;

internalField   nonuniform List<scalar> 
7520
(
-0.985221
0.795086
0.190135
-1.3389
-0.203035
1.54194
-0.0550513
-1.91164
1.96669
0.227942
-0.0303646
-0.197577
0.202936
1.73132
-1.93426
-0.0877916
0.0945203
-0.00672865
-0.310077
2.1282
-1.81812
-0.173807
-1.97157
2.14538
-1.54434
1.48929
0.832332
-0.0910348
-0.741297
0.400762
-0.224346
-0.176415
-0.259964
-1.60971
1.86968
0.696913
-0.103261
-0.593652
-0.0976511
0.135311
-0.0376602
-2.07187
0.949493
1.12238
0.0863843
1.54646
-1.63285
0.234928
-0.0761882
-0.15874
-0.131986
-0.31776
0.449746
0.0342834
0.0209012
-0.0551846
-0.0329657
0.267894
-0.38992
-0.286892
0.676813
-1.06947
1.15586
-0.0320823
-0.307126
0.339208
0.135879
-0.139677
0.00379852
0.111017
-0.310899
0.199882
0.246264
-0.241045
-0.00521887
0.859067
1.13226
-1.99133
-0.0351993
0.309064
-0.273865
-0.0245011
0.0587846
0.195548
-0.0315652
-0.163983
-1.14507
1.74096
-0.595892
-0.0472303
-0.0179127
0.065143
-1.84773
2.02814
-0.180417
-0.185527
-0.0153233
0.200851
-0.312437
-1.25268
1.56512
-0.396798
0.973328
-0.57653
0.256392
-0.527698
0.271306
0.810569
-1.59098
0.780413
0.0895283
-0.309992
0.220464
-0.0439983
-0.0993255
0.143324
-0.0276098
0.255551
0.323088
-0.381955
0.0588666
0.281029
-0.034765
2.08605
-1.57245
-0.513602
-0.552571
-0.603931
1.1565
-1.48083
1.62152
-0.140694
-0.147992
-0.0817501
0.229742
0.257548
-0.0733083
-0.18424
-1.33877
0.193705
0.267266
-0.0728316
-0.194434
1.80038
0.181737
-1.98212
-0.723014
0.270384
0.45263
-0.0114481
0.0155102
-0.00406216
1.06412
0.478304
-1.54242
0.0145652
-0.102357
-0.767965
0.122367
0.645598
0.385033
-1.2595
0.874471
-0.0400983
-0.120497
0.160595
-0.114399
0.0671689
-2.19658
1.11973
1.07686
1.56392
-0.736856
-0.827067
0.0166737
0.159454
-0.176128
-1.30398
0.991544
0.819113
-0.1222
0.0179656
-0.0294137
0.00404043
-0.101692
1.13998
-2.35919
1.21921
0.134013
1.66637
-1.25141
0.978605
0.272806
0.307519
-0.23209
-0.0754285
-0.508427
0.893461
0.0150912
-0.627392
0.612301
0.331731
-0.090928
-0.240803
0.118996
-0.280492
0.161496
0.961728
-1.5521
0.590374
0.12438
-0.109013
-0.0153667
1.68872
-0.495598
-1.19313
0.40152
-0.747692
0.346172
1.68766
-1.19134
-0.496328
-0.824354
0.056389
-1.48483
-0.711758
1.15174
-0.671043
-0.480694
0.235496
-0.606575
0.371079
-0.35854
0.173013
-0.516811
0.384825
0.212162
-0.0166137
0.0115599
-0.0472365
0.0356766
1.01258
0.676148
-1.96115
2.29501
-0.333859
0.722701
0.841222
-0.956319
1.11082
-0.154503
0.0154078
-0.063156
0.0477483
1.36786
-1.62783
0.236901
0.191811
-0.102283
0.290556
0.261822
-0.552378
0.00733089
0.0814297
-0.0887606
-0.517828
0.380557
0.13727
1.40565
-0.443922
-0.712781
0.611654
0.101127
1.068
-1.66401
0.59601
-0.0862445
0.108263
-0.022019
-0.0309571
0.0438464
-0.0128893
3.02844
-1.85729
-1.17114
0.523887
-0.409534
-0.575687
-1.33707
0.828642
-1.92896
1.61888
0.160678
-0.077578
-0.0830998
0.318238
0.0825232
-0.154143
0.152997
0.00114607
-0.117354
0.153001
-0.0356473
1.95248
-1.14192
-0.0956199
0.0193072
0.0763127
-0.760944
0.371024
0.0259755
-0.0417468
0.0157713
0.560387
0.59135
-0.793755
0.499099
0.294656
1.25423
-1.56941
0.315177
0.0363808
0.0994978
-0.196169
-0.526845
-0.379952
0.0990225
0.280929
1.02681
-0.194478
0.591572
-0.496691
-0.0948809
-0.0535729
-0.0690814
0.122654
-0.194527
0.171166
0.0233609
0.701506
-1.84079
1.13928
0.37711
-0.409193
-0.341419
-0.0458504
0.387269
-0.0236431
-0.0719769
-0.314609
-0.24748
0.562089
0.138143
0.0319698
-0.170113
-0.0636368
0.20178
-0.600818
-0.192937
-0.608661
-0.529754
1.13841
-1.15948
2.24837
-1.08889
0.399998
-0.413009
0.0130115
-1.15329
-0.183778
-0.0331352
-0.0496031
0.0827382
1.40343
-0.33931
-0.639834
0.410898
0.228936
-0.00789769
0.126368
-0.11847
0.281512
-0.0724985
-0.209014
0.227576
-2.13922
0.323834
-1.80466
-2.70103
0.832483
1.86854
-0.836489
-0.414923
-1.435
1.40162
0.0333841
2.09031
0.248202
-2.33851
0.176791
-0.220789
0.507373
0.585722
-1.09309
-0.266888
-0.252862
0.51975
0.297076
-1.73208
-1.84443
-0.00329064
-0.00215615
0.0137161
0.0606145
-0.113331
0.0527166
0.278297
-0.318395
1.54272
-0.474725
-0.150812
0.123202
-0.0208324
0.00281245
0.01802
0.745529
-0.407436
-0.338092
-0.43514
-1.63673
-0.0553969
-0.211491
0.047404
-0.572666
0.525262
0.313612
0.117851
-0.431463
-1.57231
0.939148
0.633158
0.906876
-0.703939
-0.0611353
0.445788
-0.384653
-0.299859
0.410876
0.502356
-0.232426
-0.26993
0.812145
-0.521589
0.231954
-0.304786
0.874566
0.353358
-1.22792
0.291853
-0.327052
-0.335037
-1.4624
1.79743
1.29361
0.650836
0.678764
-0.443269
-1.33707
0.940272
-0.670323
0.895753
-0.22543
0.0103311
-0.0337112
0.0233801
0.270323
-0.311962
0.0416398
-1.01021
1.57059
-0.265622
-0.146358
0.41198
0.419508
-0.105897
-0.837069
0.884473
0.579127
-1.07116
0.492035
-0.501693
-0.0161346
0.660194
-0.403802
0.134904
-0.0105243
-0.298279
0.246665
0.0516143
0.0764773
-0.193831
-0.331627
-0.107333
0.43896
0.12798
0.203751
-0.987545
-0.564557
-0.751359
-0.820948
0.0117322
0.0415722
-0.0533044
1.23543
-0.194532
-1.0409
-1.48969
0.330216
-1.17905
2.16862
-0.989566
0.349723
0.152633
-0.431024
0.490803
-0.0597791
-0.769792
0.573623
0.577467
-1.13004
1.75232
-0.0610907
-1.69123
-1.43399
1.87628
-0.442289
-0.0210798
0.0816943
0.39648
1.52085
-1.91733
0.0332998
-0.162774
0.129475
-0.108738
1.79197
-1.68323
0.00134441
0.106938
-0.108283
-0.891637
1.24977
-0.358135
-0.125242
-0.64455
0.0776327
-0.409259
0.28262
-0.16967
-1.79101
1.96068
0.0266774
-0.00577629
-1.70103
0.713485
-0.197783
-0.237563
0.435347
0.0722633
-0.125836
0.12972
1.58517
-1.71489
-0.565701
-0.551132
1.11683
-0.492518
0.389928
0.10259
2.69319
-1.77327
-0.919923
0.444131
-1.00983
0.0467542
-0.0522346
0.0054804
0.109832
0.737177
-0.847009
0.0397311
-0.043104
0.00337292
0.840447
0.807801
-1.64825
-0.232768
-0.480013
-0.0594358
0.166424
-0.106988
-0.911592
0.693967
0.217625
-0.0672858
0.0368521
0.0304337
1.63362
-0.398185
1.05277
-1.97633
0.92356
-2.80085
1.21051
1.59034
-1.17466
-1.62619
-0.374502
0.49076
-0.116258
0.513134
-0.325891
-0.187242
0.909798
-1.68941
0.779611
0.0531332
1.06098
-1.11411
-0.704993
0.0339503
1.13533
-0.260764
1.20784
1.31887
-2.52671
-0.179742
0.0845437
0.0951987
0.0493812
-0.960974
1.86513
-0.479822
-1.3853
0.132941
-0.0996415
0.120455
0.179339
-0.255527
1.0639
0.801227
0.171458
0.68195
-0.853408
0.349891
-0.0408273
-0.0672773
0.042914
0.0243632
0.542716
-0.435774
-0.106943
-1.80203
0.855663
0.946368
0.434117
0.0790163
0.785691
-1.39435
0.316476
-0.00238185
-0.314094
0.13224
0.125308
-1.6985
1.64787
0.0506387
1.18689
-0.607764
0.0093475
-0.0365111
0.0271636
0.0257902
-0.232233
0.206443
0.116033
-0.206961
1.71193
-0.571953
-0.0763919
0.326604
-0.250212
0.00123029
-0.0220627
0.177652
-0.401998
0.788468
-0.526646
-0.647411
0.700544
-0.221037
-0.0772414
2.1282
0.0139518
-0.0171911
0.00323933
0.0347129
0.753755
-0.19567
0.125281
0.0703897
-0.0178119
-0.0131452
0.272806
0.0502825
1.61188
-1.1045
0.410712
-0.360109
-0.0506027
0.310766
-1.2024
0.066085
-0.380694
-1.9705
1.80083
0.0480842
-0.00133005
-2.14431
0.217226
-0.225123
-0.0286777
0.0623458
-0.0336681
-0.591753
-1.21028
1.87312
1.15532
1.72525
-0.786106
-1.60971
0.198747
0.392825
0.208871
-0.200154
-0.0087178
0.174912
-0.238435
0.0635226
-1.24875
0.644821
-0.193312
-0.254733
0.448045
0.290904
-0.381938
-0.112675
-2.02208
2.13475
0.9896
0.199501
-1.50101
1.30151
0.937643
1.0905
-0.827906
1.56372
-1.16724
-0.0497623
0.375355
-0.325592
-0.894538
0.75451
0.140028
-0.20556
0.129168
-0.08134
0.317635
-0.236295
-0.250097
-0.263713
0.51381
-0.531152
1.82476
-0.270524
-0.3546
0.625124
-0.310333
0.162341
0.255796
-1.21212
-0.0695816
0.0023043
0.00827576
-1.84789
0.966387
0.881506
0.354213
-0.457474
0.00817497
-0.0162901
0.416288
1.17044
1.52275
1.65279
-0.532874
-1.11992
0.113121
-0.0432224
-0.0698989
0.739282
0.948383
0.1032
0.105672
0.612784
-2.17228
1.5595
-0.0906209
0.103755
-0.0131341
0.775923
0.629727
-0.211439
-0.0985525
0.730221
-0.558763
-0.564156
1.42322
0.149222
0.0114553
1.54524
-0.291013
0.139646
-0.132315
1.77536
-0.122568
0.0998061
0.392633
0.0180789
0.0168828
0.290636
-1.74722
-0.829646
0.96613
-0.136484
0.00560547
-0.114619
1.75947
0.0381122
-1.79758
-0.698662
0.428137
0.21654
0.0649717
-0.298638
0.0665483
0.0181128
-1.20945
1.54536
-1.56154
0.0161736
0.00553211
-0.264433
0.258901
-0.587557
1.36348
-0.821915
1.52342
0.0265448
-0.0210127
0.775542
-0.276443
1.96352
-0.595657
0.00439166
0.118791
-0.123183
-0.0719768
-0.0894236
0.1614
0.109578
0.00354289
-0.364939
-0.728168
-0.132948
-0.2771
0.410048
0.751141
1.49722
-1.65937
1.32433
0.10236
-0.443779
-0.863167
0.878258
-1.13849
1.32824
-0.189743
0.512761
-1.70007
1.59133
1.46568
-0.453102
1.30371
0.782343
-0.0634303
0.273278
1.27209
-1.30092
0.287545
1.01338
0.244567
-0.276132
0.426916
0.00720181
-0.207584
0.143947
-0.0753903
-1.49706
0.464982
-1.24006
0.775078
-1.48677
1.01269
0.47408
0.0214581
-0.64885
-0.202195
0.218869
0.0841009
-0.00712731
0.118327
-0.1112
-0.534338
0.473203
0.824038
0.64164
-1.43399
-0.0980543
-0.096473
1.60409
-1.42317
-0.180917
-0.407918
1.92877
-1.64791
2.49432
-0.846411
-0.734965
1.04385
-0.308887
0.0744844
-1.37846
0.117833
-0.443724
-0.258355
0.410157
-0.151802
0.0132707
0.0305757
1.33177
0.708587
-1.2756
0.567016
-0.0167176
-1.54584
1.56256
-0.050788
-0.103355
-0.00618003
-0.474206
0.480386
-0.431031
1.20581
-0.774777
0.192988
-0.134588
-0.0583997
0.118379
-0.0851387
-0.0332399
-1.98318
1.78014
2.30745
-0.47748
-1.82997
0.014701
0.00932635
-0.0240273
0.00617147
0.168741
0.0992323
-0.600925
-0.850811
1.69126
0.0141188
0.0118567
1.75232
-0.983657
1.09349
0.160083
-0.160083
-0.114461
0.298403
-2.25955
2.25347
-0.937918
-1.31555
-0.975777
0.808097
0.16768
-0.0502212
-0.0705087
0.12073
1.01153
-1.21426
0.202731
-0.590331
-0.201115
0.791446
0.6191
-1.97912
1.36002
-0.0864951
-0.808043
-0.20783
0.135853
-0.18521
-0.59147
0.77668
0.753635
0.421319
-1.17495
-1.36248
-0.411763
0.667715
-0.255952
-0.653743
1.00501
-0.351267
1.46024
-1.33052
0.249969
-0.382917
0.087671
-0.246662
0.365658
-1.27253
1.28663
-0.0140939
-1.29541
1.77645
-0.481048
-0.0164652
0.127257
-0.110791
-1.58105
-0.778137
-0.033871
0.0093699
-1.63817
0.459121
-0.358084
0.276744
-0.181084
-0.553882
-0.0102485
-0.0803724
-0.826587
2.03442
0.0434129
-0.350539
-1.52159
0.127453
1.39414
0.569913
-0.428598
-0.141316
-0.8639
0.193577
0.209319
-0.545407
0.336088
1.59458
-0.141116
-1.45346
-0.0460846
0.145256
-0.0991711
-0.380682
0.596924
0.955615
-1.55254
-0.599943
1.54944
0.179678
0.68272
0.720707
-0.130994
1.58413
0.191226
-1.40266
1.38594
0.204824
-0.0756365
-0.129188
0.324819
-0.186322
-0.138498
-2.00584
0.357927
-0.130385
-0.25157
-0.60513
-0.224516
0.252758
0.825186
-0.228804
-0.596382
0.18692
0.0941092
-1.17624
1.6344
-0.458159
0.150587
-0.24001
-0.063007
0.33333
0.243865
-0.502219
-0.122402
0.442343
-0.31994
-0.0620697
-0.0102326
0.0723024
0.809229
-0.379268
-0.429961
-0.0427791
-0.149445
0.192224
-0.280046
0.31196
-0.031914
0.0210564
-0.323914
0.302857
0.299279
-0.0547121
0.425286
-0.0905076
-0.334778
1.52258
-1.03197
-0.95936
0.01177
-0.114545
0.102775
0.0724037
-0.07818
-0.265709
-0.226809
1.13316
-0.307971
-0.0242797
-1.22594
1.25022
-0.352368
-0.0275839
-0.00924817
-0.591569
0.141038
-0.0226593
0.163883
-0.162538
-1.3708
-0.0338302
-0.0771044
0.110935
1.32975
-0.976395
1.16853
1.13891
0.336671
-0.0201956
-0.141846
-1.66292
1.80477
0.76773
0.430599
-1.19833
0.129086
-1.03196
0.668654
0.363308
0.504711
0.065202
0.0397927
0.0511268
-0.0909195
2.15375
-1.15951
-0.99424
0.130985
-0.29514
0.164155
0.730869
0.379523
-1.11039
0.0693432
0.0976403
-0.166984
1.71586
0.0245029
-1.74036
-0.391754
0.0739943
-0.24599
0.289403
0.0368304
0.0363424
-0.0731728
-0.368733
-0.148078
0.0310585
0.0183542
-0.0494127
-0.431888
-0.668633
1.10052
1.12412
0.470456
0.997937
-1.02222
0.762616
-1.19365
-1.90003
1.78735
0.0284677
-0.0975491
0.252655
-0.606602
0.353947
0.723194
1.00206
1.15996
-1.35698
0.19702
1.22988
-0.547163
-0.125733
0.0825104
0.0113432
-0.217922
0.206579
-1.66606
-0.44002
2.10608
-0.406866
0.432743
-0.0258769
0.00663342
0.15345
0.201077
1.53025
-0.136729
-0.043013
0.633235
-1.44392
0.810689
-0.727853
-0.34041
1.06826
1.54849
-0.495713
0.623408
0.570281
-0.823143
-0.254482
0.00464102
0.249841
0.0192426
-0.183226
-0.468551
1.17714
0.00921252
0.0305186
-0.374428
-0.125371
0.499799
-0.00416825
1.0157
0.71217
-1.24192
-0.454495
-0.412526
0.511549
0.754789
-0.935872
0.0580799
-0.0387727
-0.126092
-0.129436
-1.94488
0.91291
-0.076026
0.0466142
0.0294117
-0.0491733
0.0504389
-0.00126561
0.201888
0.859093
0.186342
-0.026888
0.0300846
-1.68696
1.65687
0.634741
-0.95806
0.323319
-0.0161192
0.0574206
-0.0413014
-0.72958
1.19456
-0.120301
-0.368767
0.489068
-0.267635
0.476954
-0.939787
1.4616
-0.521812
-0.505842
0.504026
0.00181614
2.15415
-0.0638388
0.362737
-0.283024
-0.0797132
-0.517426
0.269946
-0.171702
0.193825
1.29977
0.995242
0.162742
-1.56363
1.40089
-0.804687
-0.195236
0.999923
-0.287252
0.258699
0.0285539
0.129611
-0.0729513
-0.0566601
-0.00255018
-0.167305
0.169856
-0.0979429
0.0283614
-0.936172
-0.303199
-0.00769938
-0.124983
0.127288
-0.123955
0.382438
-0.258484
-0.22362
0.259606
-0.0359863
-0.0221968
0.20413
-0.181933
0.803891
-0.36945
-0.0641499
0.0169133
0.199452
-0.844649
0.645197
1.16665
-0.964765
0.0210557
-0.340754
0.319698
-0.982022
-0.681987
-1.39071
1.52472
0.881317
-0.295595
-1.34482
0.842454
0.502368
0.223691
-0.0910389
-0.132652
1.76066
-1.76066
-1.59081
0.105978
-0.619886
-0.241917
-0.621247
0.863164
0.584377
-0.540667
-0.0437104
-0.0378301
0.0470943
-0.022187
-0.0249073
-0.00130687
0.200167
-0.19886
-0.420735
1.26368
-0.842947
0.448432
0.00635968
-0.454791
0.793412
-0.718928
-1.05796
0.253268
-0.0391398
-0.208062
0.247202
0.0342154
-1.33514
-0.47233
-1.22924
0.756908
0.369005
0.0135886
0.22927
-0.242859
-0.264496
0.323652
-0.0591565
-0.2248
0.165364
-0.0823029
0.0532496
-0.0819273
0.0356698
0.0973895
0.266486
-0.363875
-0.154256
-0.0636664
0.111156
0.31413
-0.127829
0.101738
0.0260909
0.0122077
0.00448332
-0.016691
0.0927182
-0.0697438
-0.0229744
-0.063581
0.164103
-0.100523
-0.561002
1.33608
0.514344
-1.1404
0.626058
-0.146158
-0.0799999
0.226158
-0.0616833
-2.45255
2.51423
0.874079
-0.549662
-0.324417
0.464545
-0.0442493
-0.194186
0.0257099
-0.0674567
-0.0534019
0.184386
0.276212
-0.944503
0.668291
-0.429462
-1.26904
-0.196325
0.81147
-0.615145
-0.0923181
0.068675
0.394716
-0.266228
-0.128488
0.569374
-0.369922
-0.764064
0.45748
-0.490545
0.0330643
-0.514152
0.32084
-0.165194
0.576092
-0.296937
0.322728
-1.98004
0.122745
-0.275465
0.519329
0.0266961
-0.234526
0.186809
0.01977
0.315429
-0.301841
-0.080269
-1.29909
0.738089
1.9908
-0.198831
-1.79101
2.24386
-1.09005
-1.15381
-0.0746614
0.455219
-0.0811617
-0.743192
0.476257
-0.39978
-0.236774
-0.0177079
-0.58018
-0.398509
0.978688
0.0763161
0.255137
-0.331453
0.0375437
-0.874033
-1.99199
-0.30353
-0.313409
0.616939
0.730521
-0.0957792
-0.235581
-0.0367275
0.272309
0.45748
-0.0803694
0.158778
0.0649126
2.02475
-1.40565
-0.8928
0.31262
-0.242765
-0.0488079
0.291572
-0.0431448
-0.157962
-1.0563
0.491136
-0.232917
-0.258219
-0.0807088
-0.0336903
0.898183
-1.15772
0.259536
-0.648459
-0.057466
1.81812
-0.28367
-0.560979
1.5504
-2.06603
0.515634
-2.14081
1.75057
0.390236
0.146598
0.103152
-0.24975
0.14928
1.16147
-0.00625749
0.842161
-0.835903
0.00888259
0.317721
0.0566996
-0.0419987
-0.0143468
-0.276658
0.291005
1.27561
-1.41745
0.09346
0.337316
-0.337879
0.00056296
-1.49686
-0.0939432
-0.585136
-0.335306
0.347076
0.104827
0.00327373
-0.108101
-0.606232
0.300127
0.306105
-0.376879
0.327117
-1.09199
-0.489755
1.58174
-0.128577
-0.0198256
-0.0303956
-0.21991
-0.231891
0.4518
-0.371275
1.38396
-0.150886
-0.858125
-0.117652
1.19936
-0.41367
1.02314
-1.44387
-0.0214879
-0.00846844
0.0299563
1.05437
-0.581659
-1.3526
-0.333525
-0.0759297
0.409455
-0.0545259
0.198473
0.00504549
-0.391469
0.386424
0.440663
-0.0558375
0.169183
1.44269
-0.144235
0.295346
-0.063391
-0.42204
0.405749
-0.175408
0.0684027
0.107005
0.243206
-0.105707
-0.137499
-0.138199
-0.041244
0.179443
0.359473
0.0518299
-0.411303
0.0648917
0.0577626
-0.196394
-0.068039
-0.0418375
1.17179
0.0115115
0.0949288
-0.10644
0.0460705
-0.0929581
0.0468876
-0.0100249
-0.413023
0.423048
0.566283
0.247352
-0.659114
-0.0602446
0.349382
-0.0710853
-0.446039
0.14618
-0.126443
-0.036331
1.78673
-0.97893
0.0999786
-0.225076
0.125098
-1.59133
0.200621
-0.104827
0.040252
0.0645748
-0.0373885
-0.0298972
-0.268526
-1.87228
0.34956
-0.0577073
-0.797108
-1.37517
-0.447022
0.0725945
-0.762845
0.542935
0.949804
-0.729621
-1.36355
1.52629
-2.03809
0.372031
-0.204623
0.070425
0.134198
0.014243
-0.184012
-0.381739
0.565751
-0.234186
-0.0160264
-0.35246
-1.03488
1.38734
-0.626157
-1.14743
1.77359
0.59793
0.337478
-0.935408
-0.00833403
0.310488
0.146992
-0.24895
-0.253269
-0.16655
-0.102081
0.268631
0.168376
0.351373
0.267284
0.127431
0.456863
-0.578995
-0.0231373
0.0370891
-0.593778
0.779801
-0.186023
-0.141908
0.413632
-1.31106
0.0471679
-0.0055957
-1.1418
0.381304
0.180785
-0.933807
-0.460545
-0.159773
-0.913142
-0.315467
1.22861
-0.1267
0.602958
-0.0305447
0.838642
-0.28513
-1.01364
-0.931242
-1.25461
1.45734
0.0756588
-0.206938
0.0126626
-0.0605141
0.0478515
-0.62228
0.564509
0.0577704
0.674604
-0.799846
-0.0239708
-0.0520551
-1.13748
-0.20734
-0.197417
0.118729
0.0786881
0.375074
0.434155
-1.45861
-0.168165
1.62677
0.0528964
-0.207153
0.301259
-0.256241
-0.0450175
-0.228461
0.383008
0.140879
-0.179101
-0.0341082
0.21321
-1.30874
0.828918
-0.263656
0.02947
-0.16863
-0.12651
-0.319208
0.0357542
0.0223257
-0.0104781
0.23664
-0.00721791
-0.0659549
0.314939
1.33293
-0.641869
1.94558
1.01234
0.63097
-0.832084
0.0338137
-1.49242
-0.289803
-0.316659
0.372851
-0.0561919
0.173544
-0.0023774
0.075562
0.0130483
-0.0539076
0.121076
-0.193583
1.77841
-1.58482
0.205411
-0.849962
-0.117867
-0.252201
-0.0661944
0.638383
-0.273954
0.346129
-0.0721749
-0.00246571
-1.52058
1.52304
0.622788
0.277814
0.306563
-0.559065
-0.557139
0.94094
-0.383801
-0.00483082
0.0106073
0.0398316
-0.297066
1.03371
-0.736639
0.0505862
0.157701
-0.208288
-0.142257
-0.644376
0.786633
-0.268828
-0.0582248
-2.04427
-0.0274264
0.178798
-0.174406
0.0237094
-0.233077
-0.0305782
0.334281
-0.64769
2.24765
-0.946029
-1.30163
-0.12014
0.407075
0.0339409
0.267318
-0.2923
-0.198244
-0.16987
-0.0143705
-0.167107
-0.191433
-0.202985
0.851535
-0.993793
0.131622
-0.0905684
-0.0410533
-0.364381
-1.97768
1.09699
0.880691
-1.94293
1.88125
-1.15468
0.325354
0.829329
-0.0617001
0.28349
-0.22179
0.683985
0.449173
-0.0106755
0.191463
-0.0673268
-0.199684
0.0255216
-0.25344
-0.0127881
1.09577
1.15189
0.027981
0.014933
1.6337
-1.3855
-0.0358108
-1.39636
1.43217
1.25292
-0.0811295
-0.283007
-0.0750771
0.608917
0.0791464
-0.24655
-0.0569518
0.483867
0.750086
-1.59456
0.844471
0.0767657
2.38716
-1.44204
-0.945122
0.00839522
-0.158338
0.0878291
0.954492
0.616103
1.15829
-1.05232
1.10918
-1.73534
-1.24727
0.0302677
1.217
-1.68813
0.166051
1.52208
0.0528626
0.074425
2.47296
0.00478722
-2.47775
-0.791794
1.41695
-0.625153
0.046002
0.213604
-0.901977
0.248234
-0.00146862
0.0495529
-1.33696
0.198465
0.00308948
-0.0169067
0.0138172
-0.0932192
0.220012
-0.126793
0.145732
-0.492101
0.346369
0.517915
0.448216
-0.498337
-0.107895
0.0782341
0.847318
-0.933813
-0.0635866
-0.0497444
-0.245186
0.0507516
0.568759
0.65894
-1.2277
-0.668335
0.787092
-0.118757
0.0650113
-0.411203
0.346192
-0.965402
-1.58644
0.773993
0.812449
0.113939
0.847683
0.250392
-1.09808
-0.319117
0.214984
-0.237898
0.0229143
0.164315
-0.0348401
-0.239497
0.00391564
-0.279492
-1.52325
0.418747
-0.396371
0.783786
-0.387415
-0.666329
-0.67074
1.70408
-0.737688
-0.099952
0.177731
-1.42084
0.062941
-1.40491
1.34197
0.0344551
0.0219225
-0.0563776
1.15375
-1.1586
0.00485321
0.143999
-0.0176308
-0.0519643
-1.45278
0.786454
-0.604386
1.27304
-0.31813
0.495782
0.287666
0.213781
0.0294246
0.799662
-0.371524
-0.00652367
0.681128
-0.954401
0.427556
-1.75163
0.604206
1.10068
-1.10315
-1.52066
1.32708
-0.127857
-1.46747
0.200389
1.26709
0.585674
0.225796
0.0329011
-0.940826
0.698909
-0.111636
-0.127418
0.239054
-2.07316
0.468335
1.60482
0.36571
0.826795
-1.19251
0.0645805
-1.31919
0.74899
0.113656
-0.862646
-0.264589
0.0525326
-0.915699
-0.0799923
-0.0106194
0.0474714
1.49015
-1.46565
-0.0478817
-0.995946
-0.590496
0.64788
-0.0323183
-1.21495
1.10635
-0.258667
-1.59133
-0.0183796
-0.31266
-0.915264
0.323282
-0.205072
1.90003
0.22817
0.163111
-1.21941
0.132328
-0.100358
0.21005
-0.460147
0.322902
-0.541779
0.218877
0.17814
0.0931781
-0.271319
-0.32835
0.0453263
0.262463
0.280254
-1.14127
1.1554
-0.0141336
-0.736145
1.13092
-2.06887
0.937953
-0.428717
-0.0543039
0.0847376
-1.47765
0.143949
1.3337
-0.371145
0.883905
-0.654318
0.691862
0.155918
0.958162
0.546457
-1.00095
-0.809807
-0.188693
0.9985
-0.315461
-1.3236
0.971138
-0.119589
0.122928
-0.00333859
0.0461536
-0.087455
0.974449
-1.443
-0.787816
-0.0242473
0.812063
-0.0230841
0.00143284
0.0216513
-1.08206
0.437687
0.0355349
0.0237439
-0.221321
0.39586
2.23336
0.239607
-0.805917
0.799659
-0.255733
0.0871026
-1.24229
2.07779
-0.835497
-0.0730162
0.0614269
0.0734775
0.35873
-0.0195216
0.975568
1.19305
0.650173
-0.926616
0.275082
-2.04835
-0.159642
0.125812
0.15378
-1.13017
-0.217694
-0.940025
-0.201365
0.0505531
0.778385
-0.382525
-1.51895
0.186712
1.25598
0.177621
-1.67169
0.294816
1.37687
-0.0862048
0.469213
0.812877
-1.14443
-0.28956
0.730535
-0.32464
-0.405895
0.850364
-0.293712
-0.556653
-0.171183
0.0365941
0.633558
-0.661824
0.0282661
-1.37661
1.0587
0.317912
0.446456
1.01514
0.000617626
0.104209
0.744406
-0.497054
-2.11118
0.829921
1.28125
-1.96068
1.52066
0.950273
0.753156
-1.70343
0.791614
-0.735225
1.79231
-0.597059
-1.19525
-1.0275
0.162478
-0.0799674
-0.179553
-0.101556
0.186099
-0.03242
0.108538
-0.0761181
-0.293697
0.0132051
-1.75993
-0.211645
0.0786722
-0.093019
-0.0292275
-0.0138766
0.980336
-0.507616
-0.47272
0.763146
-0.46302
-0.116846
0.123018
-0.112741
1.2727
0.0485687
-0.0141136
-0.321748
-0.760315
-1.4788
0.565655
-0.064955
-0.0747221
0.119412
0.0877804
0.0937616
-0.081099
-0.481527
-0.46984
0.0867239
-0.0739832
-0.0127407
0.171632
-0.805948
-0.439403
1.24535
-0.267033
0.0339558
-0.129027
1.11485
0.994371
-2.10922
-0.376751
0.974681
0.204926
-0.0817234
0.661219
-0.816523
-0.769928
1.58645
-0.942995
-0.964883
0.566374
0.297327
-0.196057
-0.10127
1.01908
-1.21362
-0.148712
1.87417
-0.743253
-0.171581
0.0990826
-0.427067
-0.713335
0.0802022
2.04898
-1.78735
-0.261624
-0.896804
-0.581992
-0.328996
0.157229
0.0631218
-1.03139
-0.203172
1.23456
0.226628
-0.118284
0.16887
-1.65314
-1.49747
0.652589
0.844877
-0.154448
-0.00459657
0.159045
0.937055
-0.565376
-0.371679
0.0997234
-0.153631
0.0739477
0.0790496
0.806668
-1.89866
0.745483
0.104882
-0.313945
-0.578855
0.326733
-0.0715962
0.143112
0.29999
-1.10594
0.0247477
0.350607
-0.453622
0.20696
-0.0862207
0.0068623
0.0793584
0.979846
0.812464
0.55969
0.0571051
0.631707
-0.276055
-0.355652
1.70007
-1.40525
-0.390906
-0.24589
0.139593
0.0247218
0.204107
-0.0605228
-0.303352
0.00388253
-0.123472
0.538875
-0.0450392
-1.80468
-0.0194854
-0.134963
-0.0660322
0.0055181
1.0558
-1.08634
0.870449
-0.422099
-0.44835
0.00369663
0.104567
-0.00548213
0.00857161
0.398387
0.0145947
0.0577077
0.107004
-0.486272
-2.6162
1.03548
1.58072
-0.0669494
0.00379338
-0.0396093
0.0987473
0.113415
-0.262339
-0.283068
0.621007
-1.43753
0.0520393
-0.974144
2.08899
0.616545
-0.0670645
-0.54948
-0.603181
-0.492677
-0.0479898
0.0857922
-1.111
0.509366
-0.741856
0.232491
0.076985
-0.207322
0.130337
-0.187604
1.16134
1.33299
-1.36714
1.40525
-1.96498
1.48264
0.482338
1.11628
-2.09042
2.3171
-1.14666
-1.03753
-1.02559
-0.0486836
0.16701
-0.0539571
-0.420249
-1.55923
0.0917541
-0.0460784
-1.3109
1.20831
-1.96942
0.761118
-0.0507568
0.227548
-0.399893
0.139926
-0.13811
1.01614
1.37102
-2.09387
0.851581
-0.159537
-0.783458
-1.36221
-0.000368913
-0.206954
1.94293
-2.00677
-0.13208
-1.08002
0.0505882
1.28701
-0.690088
-1.70306
1.76857
-0.0655139
0.460162
2.05407
0.424648
-0.061488
-0.36316
1.74075
-0.631567
0.223637
-0.01243
0.736481
-0.745729
0.0859646
0.127817
0.646785
0.831941
-1.47873
-0.542183
-0.446968
1.03039
-1.0728
0.0424069
0.208029
-0.440946
-1.73374
0.734786
0.998957
1.40208
-0.248333
-0.930154
-0.13102
0.905593
-1.31926
0.274615
-0.523565
-0.306879
0.453059
-0.623026
0.439014
-1.40406
-0.661479
2.06554
-0.440912
0.492742
-0.439036
0.290958
1.08945
-1.2071
0.0637071
1.36172
-2.00359
-0.248339
-0.469974
0.211322
-1.17609
0.102869
0.692217
0.466709
0.0131183
-0.604588
-1.68371
0.320166
0.0656402
0.258064
-0.323704
0.0661493
-0.302445
1.14408
1.09978
1.23102
-0.971481
0.0788784
-0.0758611
-0.359913
0.425263
-0.423673
0.367836
-0.655871
-0.944774
2.06105
-0.274855
0.388794
-0.497698
-1.0221
1.5198
-1.4281
0.636301
-0.0639219
0.339743
0.0833045
-1.45391
-0.0676854
-0.141552
0.650918
-1.29916
-1.31704
2.04898
0.553774
-1.37472
1.0042
-0.55598
-0.211647
0.442282
-0.295289
-0.219785
0.240841
-1.55923
0.220251
-0.77739
1.1203
-2.06507
-0.800798
-0.206362
0.476307
-0.149338
-1.55372
1.03396
-1.4945
1.33576
0.66442
-1.50876
0.844338
1.28651
-0.227808
1.86968
-0.899923
-1.07949
1.97942
0.552117
1.24114
-1.01451
-0.636717
-0.860749
-0.983969
-0.981007
0.440292
-0.790123
1.40515
-0.615025
-0.12628
1.36145
-1.23517
-1.01043
-0.959992
1.97043
0.919438
0.110953
0.246069
0.366155
-0.35993
0.265994
0.0939367
-0.00135747
-0.238653
0.495971
-1.39278
-0.714694
-0.377533
-0.244747
-0.141381
0.522685
-0.193663
0.805964
-1.98983
0.746783
1.24304
-0.0491301
-1.61338
1.66251
0.024975
-0.237866
0.0390061
0.601937
-1.84054
1.84054
-0.05296
-0.0127352
0.0656952
-0.635839
1.05716
-0.123781
0.123412
-0.760913
-0.281172
0.632545
-1.36714
-0.0745793
-1.2719
0.288241
1.27202
-1.23781
-1.20019
0.168799
-0.152271
0.517075
-0.364803
0.120159
0.513398
0.231361
-0.0532204
-0.961132
-1.19255
0.18606
1.00649
-1.3859
-0.423348
-0.848019
-1.22085
0.00466479
-0.183766
0.154138
0.168689
-0.460989
-0.0460518
0.0388339
0.354124
-0.278788
-0.344238
-0.929579
1.38394
-0.454356
0.319878
0.199171
-0.226744
0.382647
-0.155903
-0.426009
0.162296
0.407494
-0.524328
0.116834
-1.17322
1.90838
-0.958108
-1.3735
-1.84316
0.322584
-1.56563
0.0485219
0.992836
1.16092
0.14144
-1.0567
1.20413
0.0824975
0.0906826
-0.408813
0.645181
0.622456
0.169158
2.03245
-0.912154
-1.0738
-0.705181
1.77899
1.13401
-0.00556216
-1.12845
0.0145932
-0.107551
-0.184557
0.168091
0.130057
1.33565
-1.46571
-1.17774
1.10315
0.0745898
1.17774
-1.32708
0.204858
-0.255614
-0.982025
1.03456
0.0719094
-0.0381829
0.0959454
-1.67403
0.173015
1.51293
-0.848506
-0.304903
-0.0651992
0.133602
-0.413993
0.923152
0.246021
-0.0818662
0.633007
-1.36965
0.170569
-0.228969
-0.551012
-0.055563
0.618482
-2.05278
0.506934
-0.070252
0.418377
-0.348125
-1.03862
-0.930804
0.0612149
0.688938
0.497954
-0.885404
0.079487
-0.102273
-0.30893
0.100246
-2.11042
1.07289
0.0659619
-0.0197859
-0.282055
0.0341282
-0.0446063
-0.0860434
-1.42948
0.641016
-1.5487
0.907681
0.0569064
0.23634
-0.293246
0.00631228
-0.206466
-1.03008
1.31832
0.619204
0.355477
1.33396
-1.14443
0.177213
0.0393273
1.73839
-2.01044
0.272053
0.171815
-0.403706
-0.785201
-0.077445
0.358492
-0.434422
0.351047
-0.331277
-1.26395
0.145602
-0.0959401
-0.0496618
-1.48522
0.192936
1.29229
0.406248
-0.353352
-0.0222155
0.368078
-0.345862
1.15895
-1.19127
-0.318594
0.411772
0.613502
0.249662
-0.248499
0.327187
-0.0354294
0.104104
0.168408
0.651365
-0.819772
-0.42385
-0.0682509
-0.925087
-1.0132
1.93829
0.086211
-0.228965
0.354062
-1.01055
1.88125
-0.0516862
0.0659292
0.0449515
0.0493457
0.131754
2.11967
-1.0239
-1.2171
0.759102
-0.538851
-0.78528
2.06653
-0.0195321
0.0341268
-0.270923
0.277557
0.0143801
-0.12082
-0.280524
0.178443
-0.320809
0.453518
-0.284829
1.1301
-0.0370839
0.071212
0.298421
-0.0691507
0.0349932
0.390762
0.0931058
0.473527
-0.752315
0.199487
-0.228246
0.028759
-0.000388371
0.0223109
0.173684
0.889227
-1.06291
-0.235016
0.107597
0.480224
-0.606924
1.98218
-1.23104
1.01936
0.905823
0.0902375
0.544569
-1.11605
0.337162
-0.417531
-0.387981
1.31768
0.707064
-1.48686
1.48686
1.71463
-0.830409
1.08621
-0.0202213
1.53242
-1.5122
0.918561
1.02588
0.764742
-2.1688
0.14067
-1.13446
-1.35516
-0.212716
-1.43026
1.64298
-0.39084
-0.123312
0.0685252
1.11127
0.153326
-0.259033
-0.720511
1.47487
-0.754363
-0.172271
0.258236
-0.0198786
-0.202998
0.70771
2.64566
-1.09081
-1.55485
1.61475
-1.4708
1.12706
0.201178
0.0275988
-0.00105404
0.0217181
1.56345
0.553254
1.13222
0.50218
0.0199965
0.187338
-0.207334
-0.332455
0.205946
0.17252
-0.184048
0.0115278
0.153745
-0.20656
0.0528155
0.51491
-0.436676
0.321991
-0.463899
0.473141
-0.274394
0.0197784
-0.035008
-0.00282209
-0.338024
0.444777
-0.106753
-0.31451
0.284655
0.0298546
2.00677
-1.64106
0.495749
-0.501322
0.00557285
-1.49015
-0.32622
0.255134
-0.984452
1.90301
0.248314
-0.314508
2.16816
-1.40342
0.236821
-0.300212
-0.149022
-0.0770572
-1.34033
0.0235301
1.60761
1.27938
-1.06806
-0.102541
0.138922
-0.0777822
-1.48376
-0.280765
0.275546
0.234299
-0.352165
-0.349109
0.276934
-0.0796243
-1.33495
1.29914
-1.45432
1.47049
-1.15608
-0.461553
0.410951
0.663138
0.369953
-0.382741
-0.0501292
0.0618889
0.33688
-0.398769
-0.344592
1.40849
-0.94498
-1.04211
-2.06712
-0.0733097
0.0695128
0.0037969
-0.000467618
1.43426
-1.4338
1.76497
-1.34623
0.309305
-0.365497
2.12802
-1.01674
0.918384
0.655579
-1.57396
0.21857
0.0274512
0.682806
-0.275731
0.172733
-0.776991
-0.0729705
-1.15173
0.712331
-0.399326
0.203269
-0.149571
0.0976072
0.292809
-0.350516
-1.06563
1.57104
-0.831757
0.0276336
0.0571917
0.319993
0.706817
0.131575
0.500131
1.71131
-1.51837
0.288279
-0.346504
1.24649
-1.72122
-0.120002
-0.81381
-0.138321
0.0377983
1.10068
0.24851
-0.0486285
-0.0174095
0.0161439
0.00211435
-0.198508
-0.259379
0.237163
-0.560677
1.65767
-1.22257
1.20235
-0.418432
0.984806
-0.672143
0.0974259
0.107276
-0.131247
0.224684
0.89418
0.675556
-1.56974
-0.874516
0.534106
-0.294742
-1.77842
-0.644118
-0.0129262
0.0991644
0.160489
-0.259654
1.45464
0.155971
-0.17799
0.186144
-1.79433
1.7452
-0.12335
-0.330271
1.15339
-0.170223
-0.111327
0.281551
1.79237
-1.17626
-0.904505
2.03851
-1.13401
-0.921331
1.53298
-0.611654
-0.317362
0.145091
-0.373368
0.00227431
-0.0894318
0.0871575
0.666947
-0.885003
1.34532
-0.460318
-0.262249
0.0680631
-1.41903
-1.95032
0.958784
0.991531
-1.59166
-0.359056
-0.401857
1.06342
-1.96335
0.236318
-0.996633
1.28665
-1.93076
0.303124
0.480662
1.78143
-1.15803
0.120529
0.181657
-0.302186
-0.023259
-0.200007
0.287837
-0.00435008
-1.31022
1.31457
-0.135786
-0.398553
-0.0474653
0.0886191
-0.0411538
1.24879
-0.998401
0.548162
-1.33682
0.788657
0.219387
-0.0634696
1.77972
-0.790122
-0.0206768
-0.213849
0.665275
-0.76919
-0.0306553
0.167949
-0.183272
0.268682
0.361449
-0.630131
1.54726
-1.84014
0.292877
-0.299575
0.201022
0.0895092
0.300239
0.622914
1.76085
-0.188901
0.141435
1.82663
-1.66058
-1.96455
0.885057
0.783587
-1.99743
1.21385
-1.01687
-0.447382
1.46425
0.930915
0.77316
-1.5986
2.01044
-0.411844
-1.46936
1.32825
0.180218
0.593459
-0.773676
-0.0715653
-0.82351
1.49822
-0.67471
-1.5986
1.15829
0.442487
-0.235527
-0.134679
-1.04141
0.187315
-0.80246
0.0737702
-1.64053
0.820126
0.820406
-0.299421
0.217555
-1.70091
0.602766
1.09815
0.756541
-0.453417
-1.09656
-0.920637
2.01919
-1.2356
1.38679
-0.139629
0.154194
1.63018
-0.674564
-0.684636
1.36078
1.09527
-1.09962
1.75677
-1.27444
1.33609
-1.37435
0.0382588
-0.078041
0.00444729
0.0735937
-0.7541
0.0179554
-1.01288
1.98844
0.375322
-0.116422
0.69216
0.189157
-0.625042
1.56269
1.12656
0.159947
0.51376
-1.53063
-1.01068
-0.939632
-1.65937
-1.35484
-0.781195
-0.859337
1.79414
-1.21265
-0.581483
0.935895
0.0295398
-1.82387
1.64106
-0.362815
0.287738
0.307701
-0.245812
1.36075
0.717045
0.383066
0.131844
1.72043
0.0247643
-0.15901
2.39237
0.703631
0.301378
0.281882
0.949135
0.81353
0.3218
0.889151
0.727267
-1.61642
-0.356672
-1.47407
0.683943
0.269656
-0.151755
0.240374
-0.181912
0.388974
-0.430233
0.309932
0.23413
-0.0726341
0.809464
0.703463
1.55344
-1.34822
-0.205215
-0.161033
0.164915
0.548083
-0.044474
0.0467483
0.0162772
0.276348
0.5437
-0.610764
-1.54473
0.696224
-0.406755
-0.199847
0.262856
0.0265467
0.346118
-1.48803
-0.075637
0.0770698
-0.0646879
-0.129143
-0.108968
0.00617897
0.102789
0.0258754
0.585763
0.00134928
-0.0378604
-0.30438
-1.25065
-1.04738
0.24925
0.798125
1.64146
-0.356451
-1.28501
-1.00054
1.62443
-0.623888
0.738585
-0.116129
-2.02116
1.11666
-0.151309
1.69777
1.8367
-0.817612
0.0340929
-0.183819
0.149726
0.877151
-0.651356
0.0301355
-1.22141
1.53089
1.61947
-0.0973817
-1.72686
1.02168
-1.20133
0.0728752
-0.0246778
0.0130058
-0.175898
0.162892
-0.236203
-0.186945
0.163149
0.0237957
1.96556
0.497678
0.264872
-0.00961596
-0.184323
0.193939
1.58709
-0.837009
-1.63693
1.66647
-0.212713
0.177873
0.149984
-1.00653
-1.04625
-0.74997
1.49353
-0.74356
-1.38391
-0.631014
2.01492
1.77283
-1.60877
-0.164058
0.724904
0.0242084
-1.01138
-0.960335
-1.36702
-0.00733513
0.82027
-2.11292
1.29265
0.222741
-1.8144
-0.257556
1.38412
-0.189418
-0.323807
0.513225
-1.1539
-0.955316
-1.51171
0.331588
-0.422095
-1.55149
-0.0962312
-0.024086
0.120317
-0.56585
0.415951
0.149899
0.326852
-0.0191511
0.812178
0.681353
0.0617161
-0.0333548
0.0919192
-0.0104896
-1.06137
1.09962
-0.00259732
0.176141
-1.06137
1.80722
-0.805159
-0.00599292
0.440116
-0.0939248
-0.950327
1.95347
-1.00314
0.119486
-0.0125479
0.946575
0.624464
-0.297545
1.3744
-0.0075485
0.66534
0.444339
-0.556897
0.112558
2.12454
-1.30427
0.732401
-1.23886
0.046313
-1.95636
0.739043
-1.49341
-0.221253
0.550156
-0.328903
1.58616
-0.710587
-0.875573
-0.785131
-1.18164
1.96677
0.00310679
1.49469
-1.53521
0.0405185
0.421828
-1.4567
-0.998819
2.12892
-0.148301
-0.402659
0.55096
0.234407
0.913162
0.672998
0.305489
-0.321515
1.73839
0.785033
2.53273
-1.70025
-1.31311
-2.15272
-2.03669
1.12454
-0.388395
-1.32363
1.6438
-0.285304
-0.988735
0.140585
-0.522324
2.42618
-0.557639
-1.60113
-1.80976
0.0948718
-1.54462
0.763423
1.11496
0.923555
0.934009
0.278405
0.516678
-0.795084
1.07817
0.921733
-1.99991
-0.134895
0.773278
-1.26798
1.82263
-0.554656
0.372311
1.24243
0.409696
-0.00394613
0.368593
-0.886376
-0.44705
-0.497452
-1.74318
1.58417
0.835708
0.844884
1.68785
0.335423
0.103537
1.3557
0.812461
-0.0137319
1.6463
-0.733136
1.60533
-0.95855
0.146355
0.0812483
-1.565
-0.0556483
2.22105
-2.1654
0.00409241
1.54934
1.51613
-0.777085
-2.35098
0.878614
1.47236
-1.92158
1.13645
0.705565
0.655219
0.0368978
0.17906
-1.37102
0.962771
0.570214
-1.54622
0.0919014
-1.50609
0.262519
1.74318
1.51413
-0.810662
0.102823
-0.0109565
-0.0918662
0.942315
0.703983
0.827652
1.19154
0.628445
0.773636
-1.20091
2.02857
-1.48958
0.0361227
1.69123
-1.66647
1.56832
-0.756139
-1.88981
0.79976
0.60384
1.82234
-0.373518
0.834018
-0.4605
-0.268024
0.292771
0.0549436
0.192259
0.0748676
-1.31267
1.06164
-1.28598
0.455569
0.757223
1.30832
0.899484
-0.599246
-0.231007
-0.196448
-0.461092
-1.37124
0.0603359
-0.986939
-0.958254
1.94519
-2.05738
0.821783
2.26568
-0.852912
-1.41277
1.011
-0.118903
0.30338
-0.184477
-0.350263
-1.97848
0.796843
-1.92181
0.97148
0.764637
-1.96015
1.19551
1.09527
1.57902
-1.06526
0.178204
-0.132715
0.00396247
0.166593
-0.393337
1.05754
-2.18006
1.12252
-1.04824
-0.678615
-0.717103
0.398097
-0.521409
-0.764731
-1.67981
-0.0493596
0.00330779
-0.336957
0.4085
-1.85042
1.53521
0.315217
1.36954
0.896141
1.25059
0.87395
1.19162
-1.14814
1.19878
1.63577
-2.182
0.877738
1.49469
0.23592
0.0164139
-1.63693
1.55093
-0.854708
1.03579
-2.73604
-0.0205588
0.120259
-1.67949
0.00696829
-0.705084
0.208029
1.66747
-0.940204
-0.026713
-0.993003
-0.154987
1.14799
1.14814
-0.0528679
0.00820505
0.0747347
-0.170675
-0.255709
0.209859
0.264568
-0.295146
-0.28172
-0.0302419
-1.89879
0.911855
1.70148
-0.761203
-1.6136
-0.0192507
2.32951
-1.4509
0.405383
1.98232
-0.9189
1.70814
-0.888016
-0.796514
1.63185
-2.07237
0.871454
-0.777454
0.0342611
-1.23672
-0.739613
2.45291
-1.41713
1.01006
-1.68867
0.334927
2.29169
-0.555519
1.03676
-0.481245
1.43047
1.66837
-0.91463
-0.753742
-0.733532
-0.163587
0.897119
-1.05485
-1.85042
1.47967
-1.2874
-0.192264
-0.295399
1.11828
-0.822878
-1.49334
0.940209
0.0254162
-0.0160463
0.158229
2.21258
1.97242
-0.81512
0.443975
-1.24574
1.24983
0.0709959
-1.41922
-1.58133
0.00103367
1.58029
0.633436
-0.82213
1.13895
-1.56841
2.15423
-0.867585
-1.37293
1.37293
0.651078
0.98469
-0.0747231
0.365728
-0.775005
1.71732
-1.46307
1.46307
-2.25633
-2.00959
1.08896
0.454739
0.156915
-1.60058
-0.770263
0.398738
-0.0802724
-1.63712
0.0365387
0.474066
-1.02873
1.95935
-0.586503
1.56941
-0.982911
-1.51282
-1.50877
1.29606
-0.0877711
0.434149
-0.58245
1.29686
0.772568
0.695185
1.01945
2.13142
-1.25747
0.85773
0.370413
-0.757417
1.76747
-0.806838
0.145014
-0.905203
1.47967
-1.48723
2.45971
-1.60813
0.933488
-2.06749
-0.784339
1.7833
-0.0109496
1.2874
-1.28637
-0.126623
0.56705
0.261826
-0.828876
-1.49023
1.49023
1.89623
-1.07196
-0.824269
-1.46565
0.901607
0.482509
-1.65188
1.65188
1.06376
0.832468
0.0373791
1.98838
0.396049
0.121026
-1.41185
0.0496371
1.8058
-0.428925
2.01538
-1.76382
2.3253
-1.00643
0.898194
-1.14152
-1.28637
-1.56618
1.56618
-1.33437
2.23051
2.16141
-1.28367
-1.91936
0.925118
2.08753
-1.15404
-0.965477
0.670078
-1.9098
1.03912
0.870688
0.354988
-1.93604
0.99252
1.50772
0.78397
-1.24574
-1.43604
1.43604
0.0208552
0.128425
1.17474
-1.19878
0.0240396
1.49169
-1.58417
0.0924748
-1.91016
0.973579
0.936577
0.830078
1.18484
0.151411
-1.17474
-1.49169
-1.21036
1.90555
-1.24084
2.1123
1.77003
-0.748359
1.24983
-0.846041
0.93929
1.00515
-0.871041
-0.946007
-1.14442
0.236262
0.73704
-1.61971
1.28585
-1.21065
-0.586934
0.826047
1.14073
1.0097
1.3074
0.453806
-0.121873
0.010385
-1.30782
-0.962098
2.26992
1.04237
0.736615
-1.28192
-1.18838
2.4703
-2.09973
-0.756172
0.350277
-1.86239
0.790429
-0.661088
0.916742
-1.58111
1.83748
1.0306
-1.90164
-0.603124
0.0340346
-0.750768
1.79314
-0.936422
0.890575
-1.15231
1.88644
-0.734131
2.04317
-0.851552
2.15805
-0.938839
-0.895428
1.92603
-0.799238
0.0640134
0.624595
0.805874
-1.05959
-0.048366
-1.4485
-1.1088
-0.805244
0.422719
0.13758
-0.103487
-1.93386
0.923178
0.939955
-0.726072
0.948534
-2.10257
-0.966123
-0.0400098
0.502951
-0.946451
-0.995791
-1.15614
1.98218
0.946823
0.933137
0.959903
0.903942
1.32572
-0.496391
-1.09122
-1.21202
-0.992571
2.20459
-0.844734
1.73891
1.13959
-1.07838
0.758503
-0.278279
0.92838
-2.07926
1.15088
0.155997
-0.939455
-0.546634
-1.1512
-0.969834
-1.08529
0.102046
0.371095
-1.06335
-0.870516
0.832244
1.89697
-0.93881
-0.958161
-0.779012
1.91546
-1.0037
0.40358
0.88909
-1.95244
2.39037
-1.05903
-1.33135
1.94396
-0.803239
-0.400468
0.861012
-1.84072
0.979708
-2.30175
0.967377
-1.87838
-1.04063
-0.798317
2.32947
-1.27193
0.323087
-0.0304057
-0.00460236
-1.17419
0.946842
-0.684809
-1.19357
-1.24945
-0.854001
1.95157
-1.09757
0.951681
-2.12587
-1.38501
1.00699
-1.90242
-1.88667
1.01927
0.972031
-2.12323
1.01912
-1.25555
-0.146337
1.40189
1.20317
-2.14201
-0.780765
0.317745
1.05397
-1.87824
0.994155
-2.37916
0.720645
1.42474
-1.4324
0.0465052
1.10742
1.11171
0.832253
-2.00625
1.12752
0.878729
-0.0908743
0.375789
0.742489
1.11222
0.861679
-1.87514
1.01346
-1.17401
1.73168
0.0775562
-0.901173
1.90816
-0.383489
0.74027
-0.854559
-1.20449
2.05905
1.24708
0.735103
0.126398
-0.19935
-1.18069
1.9361
-0.824385
0.783313
0.980368
-1.76368
1.44909
-2.36902
2.44325
-1.60981
-1.06299
1.95208
-1.0821
-0.87034
1.17155
-2.16412
-0.248013
-0.964638
-0.876082
1.06919
-1.83896
0.769771
-1.62115
1.10226
-1.83639
-0.995798
0.0951085
0.18124
0.158284
0.907805
0.832707
-1.79735
-1.17145
0.45894
-0.794434
1.56118
1.08448
-0.919825
-0.992198
0.993616
1.08203
-2.49916
1.04202
1.00115
0.00822511
-1.1477
-0.783069
0.131506
-0.00424933
1.13003
0.852157
-0.773137
1.5457
-0.138044
1.12975
-1.81456
0.922711
-1.86152
-0.789566
-0.755052
0.0429471
-0.502425
0.888584
0.770373
1.06655
-1.83692
-0.80905
-0.916616
-0.202029
0.245099
0.969597
-1.91605
-0.0326264
0.556177
0.908073
-0.172388
0.0927731
0.0796151
-0.0192747
0.772407
1.02073
1.96228
2.1663
-1.26236
-0.586791
1.94681
-1.17119
0.633588
1.14
1.29659
0.102548
1.87263
2.26396
-0.949171
-1.1767
0.0520234
-0.0887821
0.0367587
-1.37562
-0.0937389
-0.149271
0.503218
-0.706637
1.45427
-0.118616
-0.274396
0.0501836
0.224213
0.0749714
-0.0248275
0.0494839
0.0584204
0.864708
0.812762
0.0714001
1.13273
1.58018
-0.793729
0.268165
-0.270547
-0.00491484
-0.00782038
-0.634323
1.65344
0.861822
0.0997045
-0.502364
1.97968
1.14243
2.12063
-1.23005
-0.854436
-0.780013
1.88744
0.246021
1.24138
-2.01951
-0.971154
1.18097
-1.81698
0.636006
0.0207184
-0.411539
0.0656767
0.7729
1.79957
-1.33692
-0.462642
-0.125096
-1.36449
-0.107434
-1.09275
0.678968
1.28039
0.0605161
-1.91067
-0.103062
-0.0433936
-0.076023
0.119417
0.639911
-0.799359
1.18539
-0.386032
1.76564
-0.331325
-1.43431
1.09262
-0.0539149
1.38762
0.936252
1.21278
-0.916034
-1.46497
-0.494968
-0.496692
0.99166
0.127179
1.10845
-0.550803
0.38993
0.160872
2.39579
-1.44897
-1.27466
-1.0323
-0.840617
-0.491771
1.33239
0.0524182
-0.990677
-0.12224
0.433144
-1.62639
1.67442
-1.35924
-0.863526
1.23931
-0.111165
0.0693274
-0.239224
-1.16337
0.364015
-0.74051
0.605614
0.0463971
2.29999
-0.981426
-1.31856
0.764332
-1.07327
1.39585
0.24892
-1.16063
0.911708
0.977349
1.15067
0.0836461
1.61211
-1.10784
-1.07223
-0.0972595
0.0708237
-1.79973
0.111289
-0.0383166
-0.778995
0.0564377
1.43427
0.865715
-0.249219
1.54474
-1.29552
1.03318
-0.63635
0.182399
-1.53756
0.680865
-1.05829
0.377426
1.34309
-1.64695
-0.898144
2.22686
-0.868206
1.89134
0.535945
-0.385961
-0.0490763
0.0490763
0.165196
-1.1636
-1.10031
0.519701
-0.192086
-1.1246
-1.18581
0.185499
1.80695
0.170181
0.183882
-1.09763
1.88806
1.07764
-1.90203
-2.13765
0.960951
-0.0473016
-0.0735188
0.878872
1.27044
0.155964
-0.89282
0.52126
-1.23093
2.17777
-0.126243
0.053227
1.03304
-0.157978
-0.516213
-1.32433
-0.826588
1.90423
-0.0409088
-1.49713
0.723989
0.0290367
0.915407
-0.138348
0.144369
-0.00602059
0.944889
-0.111992
-0.339653
0.156381
-0.0550653
0.0550653
-0.784756
0.424582
-1.684
0.928947
0.0310953
-0.0348137
-1.2014
-0.0303036
-0.223243
-0.0955402
-0.0524222
-0.424251
1.60148
-0.641574
-0.121131
-0.406698
1.00864
-1.11294
-0.353281
0.016313
0.336968
-0.077906
-0.0939743
-0.0776871
-0.41993
0.228497
1.59533
-0.799913
-0.271249
0.789806
1.34836
0.976938
-0.15945
-0.114947
-0.185342
0.967154
-0.198982
1.80381
-0.788724
-2.06359
2.85231
-1.05232
0.507199
-0.0659134
-0.0621947
-0.0766191
-2.43039
-0.0939465
1.08703
-0.165358
-0.921671
-1.57154
0.100748
1.43814
-0.154396
0.0744282
0.410304
-0.898345
-0.644516
-1.83323
0.00929279
-0.0565944
-0.093475
-1.22173
0.323385
-1.34634
1.28083
-0.010717
1.095
1.25927
-2.35426
-0.117113
-0.196981
0.560179
-0.291011
-0.0734361
-0.838384
0.464866
-1.22934
0.187933
0.44614
0.458796
0.271725
1.02389
1.26186
-2.28574
-0.0858816
-0.555872
1.24481
0.970532
-0.97992
-0.936127
-0.0726879
-0.490736
-0.0587445
0.796379
0.057064
-0.192593
-0.349186
-0.760085
-0.164036
-0.0622374
0.335734
0.130244
-0.0232387
1.06147
-0.0697597
-0.779641
0.98003
-0.259329
1.35457
0.591012
0.60517
-0.840635
0.0383293
0.962854
-1.74978
-1.12955
2.29088
-0.109205
-0.193994
-0.171493
1.19602
-2.32556
1.35211
-0.878031
0.793059
-0.0818302
0.295434
-0.703419
-0.582558
-0.119276
0.0431581
-0.876608
1.33041
0.469069
-1.30969
-1.50287
0.207351
1.64419
-0.831737
-0.81245
0.61998
0.185984
0.212922
0.462149
-0.675071
-0.988736
0.493768
-1.13886
1.69427
-0.173957
1.36711
-2.40921
1.0421
0.874954
-0.70127
0.00613214
-0.116924
0.592827
-0.151435
-0.426596
1.25381
-0.82721
0.88082
-1.31496
0.434138
-1.07006
-0.883248
1.89592
-0.922345
1.12947
-2.46082
1.22044
-0.555167
-1.29637
1.89394
0.210308
0.18163
1.37787
0.428866
0.843587
-1.27245
-0.406746
0.152013
-0.0135019
-0.96001
-0.896737
-0.7798
1.67654
0.475503
-0.903818
-0.132657
0.00166631
0.130991
-0.381028
1.90378
-1.5033
-1.93817
1.30596
1.32191
-0.00734349
0.596849
-1.57976
0.0568157
-0.195164
-0.0469051
-1.5342
0.440877
-0.576663
-0.550485
-1.25583
-1.75934
0.611647
-1.56428
-0.175704
-0.320988
0.884652
1.05979
0.188554
0.898475
-1.48206
2.57706
0.999042
-1.09299
-0.0214397
0.372627
-0.649034
-0.630987
1.28002
-0.0115707
-0.0686984
2.03097
-0.436605
0.00439938
0.0113719
0.987347
-1.20398
-0.0109711
-1.37417
-1.245
0.283866
0.359532
-1.22306
-1.02862
1.89931
2.38874
0.126938
-2.44117
1.35037
0.845455
1.02288
-0.590394
0.400976
-2.46536
0.921021
0.412248
0.971624
0.228824
-1.62545
1.8328
0.0312277
-0.0329394
0.0017117
1.22876
-0.979838
-1.13801
0.0270089
0.415754
0.322832
1.57408
0.578108
-0.768316
0.048433
0.959796
-1.00592
-0.907502
0.61379
-1.29986
0.865323
1.03389
-1.46668
1.55858
-0.985229
-0.973676
1.74237
0.458722
-0.904432
-1.93128
0.960122
-0.0696007
-0.597946
0.293566
0.136762
0.741496
-0.10169
0.00545889
-0.0773004
1.1283
-2.40023
0.987024
-0.448149
0.562389
-1.62765
-0.918874
1.41484
-0.0260458
-1.19536
-1.29187
0.223809
0.115406
1.18953
0.197269
-1.38394
1.48641
-0.102471
0.554673
1.14807
-1.70274
-1.07476
0.405513
-1.03858
-0.376103
1.41468
0.764743
-0.959221
1.09643
1.08159
-0.758208
-1.64268
0.032877
0.860749
-1.96114
-1.33252
1.01737
-1.58458
0.567209
0.8692
-0.957895
-0.105543
1.06344
-0.331112
0.270886
0.00859317
-0.279479
-0.571017
0.164262
0.0116311
1.69418
-0.941023
1.89921
0.404779
-0.177568
-0.227211
0.154571
-0.0665164
-0.0154108
-0.448102
-0.511637
1.22397
0.31135
-1.13423
-0.912921
1.09714
-0.47665
-0.620486
-0.035782
-0.051673
-1.94278
-0.571749
0.820999
-1.14443
-0.192392
-0.972075
-1.29689
1.18778
-0.635659
-1.7121
-0.701055
-0.00630756
0.223533
-0.628492
-1.09966
0.53428
1.72012
-1.12328
-0.759498
0.265
0.634484
0.739895
1.0434
1.71249
0.678672
-0.987156
-0.899364
0.674848
-0.792402
1.35806
2.31968
-1.29579
0.850931
0.161582
0.32273
-0.336836
0.0141064
0.0316391
-0.00115143
1.0287
-1.35151
-0.812032
1.08531
-0.662809
0.848869
0.208237
-0.0218215
-0.710601
-1.00596
0.235753
0.770209
1.47664
-1.6573
0.180661
-2.08848
0.824528
0.176864
-0.442573
1.19042
-0.630734
-0.0235076
0.00197366
1.341
-1.23914
-0.101858
-1.1864
0.093644
-0.348892
-1.13837
-0.0349119
-0.413335
0.448247
0.0472628
-0.121842
0.207902
0.141989
-0.176816
0.610965
-1.46455
-0.421678
1.04088
0.470922
0.196793
-0.0189043
-0.584924
1.22255
1.06834
0.949402
-1.38276
-0.0261718
0.0533936
-0.0533936
0.62317
-0.41312
-1.06414
0.80081
-1.4318
-0.0240524
-0.298972
1.03615
-0.0211741
-0.315838
-0.99912
1.5835
-2.24621
-0.309485
0.990091
0.210394
0.543361
1.05437
-0.4414
0.337662
0.103738
0.910553
-0.013995
-0.896558
-1.04308
0.396128
-1.55558
1.15945
-0.167753
-1.0499
1.10351
-0.0536106
0.511342
-1.54992
-0.900629
-0.094072
-1.02991
-0.024857
-1.2169
1.21643
-1.37037
1.30603
0.0643435
0.256765
0.279179
0.479585
-1.58838
1.22787
-2.35095
1.12308
0.0201609
0.000465889
-0.277186
-1.11898
0.562999
-1.5612
0.131719
0.926562
1.11288
-2.03944
-0.374828
0.914077
0.105416
-0.0302566
-0.075159
0.0843317
-0.0843317
1.27188
0.312512
1.21378
1.26093
0.373804
-0.908505
0.072602
0.170928
0.517078
-1.18662
2.10203
-0.11778
1.59442
-1.58446
-0.404108
-0.0898189
0.169177
-0.63768
-0.724879
0.246388
0.478491
-1.22438
1.24838
-0.0240007
0.622009
-1.32543
1.02366
-2.11134
1.08767
1.58412
-0.111662
0.174784
-1.36939
-0.0599581
-0.0583257
-1.10205
1.14836
-1.18314
0.190134
0.978391
0.148548
-0.95659
0.0114189
-0.420232
-0.0573226
0.325986
-0.0808869
0.853749
0.730373
-0.157845
0.16176
-1.52504
-1.50072
1.50614
-1.48027
-0.912882
1.68604
1.13584
0.769482
-0.0777157
1.24307
0.400724
0.890446
0.174648
-0.0772143
-0.322112
-1.2174
-0.116613
-1.25755
-0.951883
-0.0162706
0.0162706
0.72254
-0.230464
0.915321
-1.81206
0.00565038
-1.85957
0.00255451
-0.00255451
-1.23749
1.46899
-1.03485
-0.00562045
0.00562045
0.40234
1.26403
-0.0158226
0.402763
-0.015124
0.015124
0.881806
-0.0184969
0.0184969
0.0298479
1.27744
-1.30728
-0.16824
-0.0260531
0.0260531
0.216488
-0.0422678
-0.0406354
0.0829033
0.0502383
-1.20632
0.95062
-1.80217
-0.436295
0.0283855
-0.0283855
-1.69087
-0.534696
-0.476297
-0.334621
0.976409
-0.641788
-1.23002
0.0816981
-0.0816981
-0.0212025
-0.0899624
-0.0277333
0.0277333
-0.453464
-0.609447
-0.105059
0.105059
-2.19959
-0.95831
-0.0292995
0.0292995
0.277365
0.92748
-0.102462
0.102462
-0.0276672
0.0276672
-0.413901
-0.104397
0.104397
-0.0278715
0.0278715
-0.619559
0.799777
-0.113337
0.113337
-0.505398
0.0976136
1.46584
-0.764977
-0.0864486
0.0864486
-0.0384212
0.0384212
-1.3223
-0.143415
-0.636681
-0.795115
-0.123346
0.123346
0.646748
0.0834732
-1.44204
1.80703
-1.37389
0.37187
-0.326761
-0.045109
-0.164112
-1.37345
0.0520762
-1.00328
1.26815
0.528078
0.251723
-1.94246
0.92572
-0.0373674
-0.303642
0.341009
0.0327761
-0.0327761
0.00836101
0.0440573
-1.23942
0.00930677
-0.431402
0.15345
-0.140099
0.140099
-0.133614
0.133614
-0.122325
0.122325
-0.108876
0.108876
-0.110417
0.110417
1.05113
0.209801
-0.102717
0.102717
0.0569997
-0.0569997
0.0439313
-0.0364837
0.0364837
0.220271
-0.0786774
-1.25646
1.18343
-2.05101
0.70885
0.934127
-0.0385704
0.0385704
-0.0405241
0.0405241
-0.0235107
0.0235107
0.423315
-0.410266
0.269586
-0.0115213
-0.0128092
0.0128092
-1.2911
0.0265908
-0.0265908
0.628891
1.34053
-0.541018
-0.31239
0.768326
-0.000648512
0.000648512
-0.0321239
0.0321239
0.00871941
-0.00871941
-1.49876
0.718956
0.328841
-0.270138
-0.058703
-0.0022501
-1.27405
0.16111
-0.033784
0.033784
-0.244907
1.2911
0.144949
-1.14898
0.0133218
-0.0133218
-1.19226
-0.0351684
0.0351684
1.94629
-1.7216
-0.00843049
0.00843049
-0.0346214
0.0346214
0.0742136
-0.0742136
0.918593
-1.8767
-0.0141069
0.0141069
-0.0350873
0.0350873
-0.513883
0.906668
-0.392785
0.98734
-1.7925
-0.653654
-0.409241
1.06289
-1.35697
-0.0622517
0.657067
0.996371
0.0181691
-0.0181691
0.0703659
-0.0703659
-0.0283586
0.0283586
0.864605
-1.65473
0.856115
-2.04274
-1.41973
1.41973
0.747255
-1.33239
-0.300903
0.0160735
1.41105
0.0204192
-0.0204192
-0.0366344
0.0366344
-0.963116
-0.486287
0.0190699
-0.0190699
-0.040331
0.040331
0.551194
-0.599183
-0.212793
0.393578
-0.0420456
0.0420456
0.0175285
-0.0175285
-1.52166
0.761572
-1.80036
0.727091
0.0084879
-0.0084879
-0.113775
0.0207563
-0.047651
0.047651
0.0189972
-0.0189972
-0.0371268
0.0371268
0.0135168
-0.0135168
-1.2231
1.00369
-1.28642
-0.026259
0.897339
-1.67633
-0.0354453
0.0354453
0.0179041
-0.0179041
-0.0562242
0.0562242
0.0722355
-0.286085
0.52471
0.00950891
-0.00950891
0.471077
-0.589834
-0.0375055
0.0375055
0.0770698
0.167949
1.63586
0.108608
-0.922418
0.0151046
-0.0151046
-0.0386516
0.0386516
-1.37
1.32309
-0.706735
-0.733389
1.44012
-1.40097
-1.15029
0.768383
0.0555934
-0.328283
0.27269
0.0206608
-0.0206608
0.00651423
-0.00651423
-0.0352312
0.0352312
0.586957
0.310204
0.239952
0.105522
-0.611945
0.506422
-0.402617
0.495722
-0.0846586
0.187885
-0.103226
0.0586976
-0.0586976
-1.41329
1.41329
-0.0349169
0.0349169
0.483442
-0.406506
-0.398863
0.0581089
-1.10394
-0.03269
0.03269
0.0608208
-0.0608208
-0.148615
-0.056947
-1.00132
1.56578
-0.0292543
-1.20077
0.781387
0.0410643
-0.0410643
-0.130228
0.0392422
-0.0392422
1.49335
0.472209
-0.569171
-0.226866
-0.562415
0.413144
0.379663
-0.438407
-0.0789769
-0.219152
0.205851
0.0133017
-1.90752
1.12445
0.044844
-0.044844
0.324737
0.742925
-0.042076
0.042076
-0.730072
0.794086
-0.99315
-0.104926
0.010885
-1.23399
0.0467253
-0.0467253
-0.0426936
0.0426936
-0.0427181
0.0427181
-0.0488502
0.0488502
-0.0446009
0.0446009
-0.0462672
0.0462672
-0.044282
0.044282
0.246179
-0.194051
0.0450294
-0.0448468
0.0448468
0.838727
0.0524598
-0.0524598
-0.462835
0.468408
0.248039
0.0426497
-0.0426497
0.942716
-1.78745
0.491977
0.0357309
-0.0313315
-0.0916801
-0.328659
0.420339
0.0375484
-0.0375484
0.631641
0.0297895
-0.0297895
-0.130724
0.0216064
-0.0216064
1.36802
0.870709
-0.00484865
0.0102345
-0.0102345
0.232218
0.716284
0.465041
-0.459417
-0.00562411
0.0072726
-0.0072726
-0.110359
-1.05324
0.0984616
-0.237262
-0.0716289
0.0116708
-0.912695
-0.079503
0.874277
-0.357599
0.49306
0.0829682
-1.13205
-1.11333
0.0652568
0.477678
0.0149038
0.0142358
0.818979
0.293801
0.0329319
-0.171649
1.16959
1.15557
0.0630966
-1.21867
0.910387
-0.382308
0.223634
0.893659
-0.83105
-0.0626097
0.423405
0.00138271
0.0359964
-1.35237
0.941483
0.410892
-1.46315
0.867254
-0.996915
-1.56687
-0.0745474
1.64142
1.37938
-1.3608
-0.934487
-0.917078
-0.978959
-1.37182
0.0203095
0.0654031
-0.0654031
0.124528
-0.277906
0.613329
0.365393
-0.137032
0.405197
-0.011018
0.011018
-0.145716
-0.793576
-0.111627
-1.01616
0.678549
0.203257
0.272255
-0.333743
0.686641
-1.48037
-0.251758
-0.0243734
0.66457
-0.524552
-0.58878
-0.811788
-0.251878
-0.488129
-0.0812918
1.90469
1.3024
-0.0249592
0.0196154
-0.408336
-1.46368
0.590168
-0.135429
-1.06869
1.71953
1.36072
-0.130835
-0.119083
-1.62128
-1.27853
0.214389
0.349725
-0.0105788
2.50422
-1.52728
-0.00374835
-0.0180732
1.31245
0.368411
-0.470684
0.106781
-1.07964
-1.20152
0.705124
-0.440664
-0.864122
-0.531366
-0.66228
-0.0468942
0.0468942
0.00848238
-0.00848238
-1.01762
0.386408
-0.59268
0.206271
-0.580362
1.18566
-0.707814
-0.80456
0.275889
-0.599695
-0.983952
0.213343
-0.253353
0.552788
-1.6613
1.5487
0.112598
-1.13671
1.03116
1.03731
-0.459002
-0.57831
-1.1097
-0.124685
0.0255136
0.981338
-1.04701
1.99763
1.18515
-0.406599
1.17134
-0.301489
0.240966
1.16574
-0.458921
-1.07993
1.07993
-1.28272
0.214169
-0.115358
-0.0988113
0.659979
-0.186451
-0.491569
0.302668
-1.49207
1.53259
-0.468345
0.138074
0.847983
-0.948941
0.100959
-1.73942
-0.394409
0.140809
0.147027
0.983952
0.726059
-1.32476
0.5987
0.301555
-0.00118076
0.306184
1.07593
-1.38212
0.844877
0.11198
-0.567533
0.0794033
0.298351
-0.15326
0.177325
0.000548308
-0.255128
-0.16822
-1.24242
0.397905
1.86129
-1.30111
0.319007
0.0167806
-0.467833
0.451053
0.22711
-0.67372
0.446609
0.274067
0.0566624
-0.0566624
-0.17923
0.618244
0.655004
1.15185
-1.15185
0.275909
0.0329477
0.226005
-0.485214
1.03847
-0.113792
0.524743
0.319729
-0.118707
2.31991
-0.986923
-1.07531
0.159279
-0.0628057
-0.289805
0.35261
0.256893
-0.461193
-0.491572
0.010045
-1.16006
0.0110789
1.16185
-0.656296
1.15973
-0.503433
0.304675
-0.0871204
0.952875
-0.123877
0.0257455
0.83452
-1.90675
1.01703
0.86467
0.152361
0.987614
-1.00395
-0.131598
-0.0329531
-0.218805
1.00939
-0.881925
-0.127468
-0.49371
0.258184
-0.153196
-1.77181
0.529469
-0.171024
0.361767
-0.0908811
-1.283
2.20402
0.0041516
-0.0848604
0.0830291
0.808552
-0.822547
-0.0358205
0.0358205
-1.48682
0.370801
-0.0830629
2.02122
-0.418702
0.640833
-0.101169
0.0620603
-0.000344195
0.452254
-0.0064654
0.110268
-0.0617458
0.257397
0.0887911
-0.535299
0.446508
0.0245886
-0.0245886
0.0732761
-0.0732761
-0.798847
1.78619
0.922095
-2.11047
-0.0188983
0.0188983
1.00395
-0.474695
0.38077
-0.175776
-0.723113
0.898889
-0.437854
-0.120365
-0.342081
-0.645186
0.257771
0.260753
0.416059
0.632609
-0.414088
0.836807
-0.00879362
0.00879362
-1.37189
1.77262
-0.107043
0.107043
0.0107017
-0.117869
0.422209
-0.30434
-1.08552
-0.134606
-0.345253
-1.07625
0.154581
0.505736
-0.237054
0.441845
0.444672
-0.195268
-0.258097
-0.161833
-0.29013
0.438701
-0.148571
0.712421
-1.31818
0.146989
1.73134
-0.764187
-0.261564
-0.166341
0.427906
-0.157736
0.598614
0.00639809
0.0646666
-0.0710647
-1.27412
-0.211372
0.187286
0.622443
0.0670325
-0.0287033
-0.827587
0.0168011
0.0488941
0.401632
-0.601479
0.154813
3.13789e-05
-0.113807
-2.12658
-0.971753
1.36579
0.22863
0.00432836
-0.00432836
-0.142154
-0.887352
-0.0350659
-0.0870649
0.903501
-1.45816
-0.040136
0.17894
-0.138804
-0.0540335
0.0540335
1.97585
-0.486544
-1.48931
-0.163272
0.335087
-0.781274
0.377166
0.156406
-0.0528371
0.211615
-0.097179
0.266814
-1.35233
-0.798883
-0.0842713
-1.05794
-0.120787
1.71928
0.0603611
-0.0303724
-0.0299888
0.352285
0.340725
0.441362
0.998926
-1.79777
0.275553
-0.20749
-0.247391
-1.29689
0.709139
0.514829
0.0956449
-0.0956449
0.781038
0.282401
-0.442636
-0.284342
0.131068
-0.133355
1.18448
-0.185289
-0.53959
-0.29725
1.39259
-0.828669
1.66319
2.32339
-0.165797
0.168757
0.27921
1.8122
-1.20703
-1.1634
1.39194
-1.58363
-1.61354
-0.0429686
-0.323574
0.0495966
0.273977
1.43157
-0.100353
0.0647462
-0.961304
-0.0173583
-0.123211
0.356785
-0.120865
-1.54044
0.166987
0.802631
-0.112396
-0.827059
0.150247
2.10625
-1.1289
0.61142
-0.916322
0.308325
0.0643026
1.62236
0.101742
-0.321461
-0.351866
0.00160286
0.549852
-0.485866
0.12185
0.434969
0.877612
-0.128826
-0.229673
0.358499
1.10251
0.682193
1.53885
0.462526
-0.0667864
-0.130228
-0.0930814
-0.23755
0.330632
0.25745
-1.30723
-1.04372
0.00545889
-0.100564
0.437445
1.08607
-0.55179
-1.02387
0.00734484
-0.0372421
0.169627
-0.469779
1.22097
-0.0906941
0.111549
0.283258
0.493422
-0.705662
0.644934
-0.398545
-0.313899
-0.0943939
0.408293
-0.940837
-1.0986
0.100334
0.0112849
-0.0273724
0.038074
0.930348
-1.62793
0.697579
0.355637
0.196126
-0.551762
0.498765
-0.575823
-0.963544
1.2332
-0.085092
-0.0238763
-0.0364809
-0.344307
-0.116785
0.363028
0.348651
-0.41669
-0.236322
-0.0691803
0.305502
1.19669
0.155444
-0.155444
0.609497
-0.0975875
-1.48688
-0.097338
-0.239498
0.695538
-0.418173
-0.145466
-0.375943
-0.0115877
0.0115877
-0.212223
-0.132465
0.344688
-0.407674
0.3175
-0.00950352
-0.11506
-0.278277
0.470739
-0.875752
-0.613071
1.21995
-1.46796
0.11017
-1.05357
-1.18931
1.90351
-1.38381
-0.143932
-0.325847
-0.261876
-0.307687
-0.685974
1.31858
-0.207912
-0.374538
-0.231117
-0.226608
0.457726
-0.247834
0.424698
-1.12706
0.933723
-1.95759
-0.335065
0.393485
0.00211435
-0.459039
0.223428
0.622027
-0.87888
-0.10448
-0.146854
-0.189689
0.336543
-0.132099
0.686113
0.390969
-0.263789
0.437547
-0.151076
1.00248
0.00065214
-0.42653
0.910779
-0.484249
-0.179771
0.495654
-0.315883
0.0131982
-0.262075
0.00269598
0.65465
-1.42297
-0.568675
-0.443371
0.726629
0.257596
-0.222465
-0.0351315
1.04476
-1.04476
-0.00156614
-0.0488863
0.113482
0.227527
1.21317
0.125309
-0.0752695
-0.0500396
0.17611
1.65782
-0.793219
-0.715892
-0.035705
0.370632
1.42898
-0.6152
1.61413
0.0016323
1.00585
0.885493
-1.59224
-0.162147
-0.0214249
-0.0572574
0.0786823
0.224455
-0.00193565
-0.388145
0.275505
-0.000204308
-0.14425
-0.106284
-0.0342696
0.0342696
-0.198654
-0.19758
0.396234
0.20204
-0.242949
1.32201
-0.00893924
0.00206019
-0.924184
-0.224635
0.194331
0.276893
-0.370867
0.207737
-0.760126
1.61699
-0.108195
-0.422419
-0.566317
0.347126
-0.233644
-0.364246
-0.0118048
0.0478012
0.24248
-2.0776
0.537368
0.707442
-0.293858
0.227945
-0.0870497
0.0205333
0.529624
-0.160783
0.371051
0.484953
-0.856004
-0.0132332
0.0596303
-0.397348
1.32629
-0.833036
-0.418093
0.996201
0.495314
-0.334442
-0.213176
0.229249
0.732212
-0.510122
-0.857466
1.49377
0.415187
-0.592003
0.0625095
-0.136028
-0.0322909
0.304607
0.315952
-0.413369
1.40491
0.917688
0.824682
0.0487112
0.781861
-0.496004
-0.285857
0.301041
0.29066
1.7149
-1.27305
0.316492
-0.389928
0.782079
1.00411
-0.430996
-1.3139
0.124589
-0.00370755
0.204538
0.21764
0.0111834
0.134222
0.0133509
0.600855
0.00648478
0.0112889
0.0134491
0.0256407
-0.00154068
-1.37681
1.98885
-0.398504
0.0184293
-0.482492
1.04549
1.28081
-2.05626
0.775452
0.000211343
0.0303073
0.0150597
-0.098457
-0.114719
-0.00162222
0.00162222
0.129749
-0.0369756
-0.963249
1.58526
-0.0488863
-0.240842
0.719333
0.0107015
-0.703562
-0.436887
0.339628
0.27801
0.0121606
-0.787472
-0.268709
-0.00553308
-1.32657
0.0260811
-0.265305
0.00936793
-1.31943
0.266195
0.216511
-0.348591
0.822985
-1.61046
-1.09934
0.237564
-0.147843
0.147843
-0.00166012
-0.0513128
0.0133662
-0.150796
0.155885
0.0185838
1.80496
0.46198
-1.1138
1.8604
-0.00138438
0.322331
-0.0612698
-1.14505
-0.0552276
0.0129598
-0.121934
-0.0999346
-0.320297
-0.13349
0.0179197
0.0591502
-0.0829
-1.15652
0.819072
0.000547057
0.0867861
-0.246236
0.935469
1.63579
-0.867468
1.12677
-1.11588
0.61727
0.279848
0.373527
0.44402
0.361344
-0.242045
0.220871
1.38071
0.0148148
-0.647766
-0.53918
0.156501
-0.182673
1.24249
-0.0956361
0.496612
0.376507
-0.411419
0.188817
-0.352088
2.21454
0.10406
-0.321072
-0.0056891
5.74015e-05
0.527038
-0.559203
0.0321649
-1.1269
-0.777716
-0.991208
0.112025
-0.0707064
-0.0413186
0.45587
-0.848655
-0.0235202
-0.823225
-1.94085
-0.0101181
0.524124
-0.861082
0.126763
-0.00171458
-0.00154133
-1.28367
-0.000639879
0.3556
-0.472022
-1.13322
-0.644404
0.520527
1.57138
0.552427
-1.10422
0.619846
0.73821
-0.491914
0.114381
-0.0350296
-0.015516
1.4319
-0.490417
-0.939403
0.324378
-0.288759
-1.22972
-0.33093
0.270084
-0.203726
0.350753
0.00168148
0.00438736
0.89136
0.828765
0.587218
0.641391
-0.819115
-0.661255
-1.12214
-0.755723
0.949428
-0.396962
-0.323443
-0.252073
-0.300114
0.557575
-1.09406
-1.60167
0.0018467
-0.284929
0.345662
-0.0607333
-1.34618
-0.954527
0.00555617
1.4593
0.00342037
-0.397637
-1.41665
-0.418697
-0.0407202
-0.300572
0.390778
-0.544378
0.153601
0.48969
0.000314308
0.161212
0.472575
-0.10987
1.86511
-1.6255
-0.61126
0.2439
-1.37325
-0.00951471
0.112714
-0.060638
0.141805
0.962246
0.09065
0.42726
-0.324712
-0.0568218
1.49612
-0.876278
0.00837431
-0.781834
0.0849021
-0.012523
-0.072379
1.63582
-0.812834
-0.617317
-0.387348
-0.133405
0.520753
-0.507707
0.216147
-0.659518
0.00377967
-0.00283378
0.395009
-0.540475
1.19382
0.480749
0.00283064
-0.16057
-0.483834
1.71366
-0.913901
-0.369146
0.113916
0.00188137
0.721224
-0.0327773
0.316912
-0.34042
1.3923
-0.611888
-0.327341
0.42329
-0.0959493
0.132232
0.478733
-0.661604
-0.492728
-2.45096e-05
-1.09677
0.654139
0.400915
-0.337204
-0.00407564
0.68258
0.696204
-1.37878
0.00198517
-0.336103
0.244423
-0.000564758
-0.144317
-0.432346
-0.407604
-0.380299
-0.517163
0.286045
-0.0366877
-0.00510134
-1.35294
0.312774
0.649811
0.540613
-0.00775886
0.0603519
-0.681294
0.608367
-0.00818313
-1.10254
-0.206205
-0.501141
0.433555
-0.598748
-0.00127204
-0.469936
0.144089
-0.704851
1.30355
2.42992
-2.02441
0.0563588
0.778533
-0.763629
0.886926
0.0792197
0.10688
-0.144182
1.17931
0.289831
-0.346778
-0.0195499
0.358402
0.860478
0.725973
-1.05885
-1.10346
1.1088
0.4436
-0.529345
-1.25193
-0.351968
-0.0894756
1.63818
1.07197
-0.587018
0.0161439
0.35385
-0.345257
-0.435301
-0.0559937
-0.0584668
0.634342
0.133212
-0.589772
0.456561
-0.111746
-1.18515
-1.32338
0.113103
0.019035
-0.552097
0.509087
-1.26296
-0.426454
1.23172
-1.51702
-0.169347
0.920999
-0.579968
-0.341031
0.116537
0.00877254
0.369741
0.0738593
-0.105939
0.471332
-0.172104
-0.039268
1.26337
1.16076
0.232859
-1.131
-0.0129262
0.0904747
-0.0340369
-1.02529
-1.08225
-0.170765
0.0797394
-0.0780248
0.738473
-0.055699
-0.218328
0.274027
0.243335
-0.0636871
-0.259887
0.171215
1.27293
0.690592
0.115659
-0.0104678
-1.81977
-0.0888379
0.105252
0.0647832
0.473861
-1.00042
-0.266649
-0.0194356
-0.301932
0.308496
-0.00656446
-1.26018
0.717997
-1.46215
1.90829
-0.000318563
-0.000953474
0.689145
0.93032
0.858941
0.000189947
-0.169242
0.187671
0.239
-0.101556
0.113716
-0.690801
-0.630081
-0.379751
-0.170924
0.329152
0.473927
0.323279
-0.418819
-0.0628573
0.0644896
-0.519528
0.308619
-0.0913191
0.516574
0.506625
-0.0540887
0.0540887
-0.00431511
0.258728
-0.252243
-1.06983
0.0971788
-0.730986
0.00976822
0.143001
0.331065
1.04518
-0.137496
0.187743
-0.215544
0.0278018
0.49093
-0.411526
0.343864
0.053672
0.0628987
0.20596
-0.298286
-0.0520494
0.194058
-0.198907
-0.573723
-0.0536648
0.362284
-0.507143
-1.65825
-1.23907
2.34752
0.211968
-0.344683
1.63538
0.485901
-0.106238
-1.24
0.223107
-1.16858
1.54884
-0.380265
0.0168674
-0.0168674
-0.0441571
0.0253804
0.0187767
0.284825
-0.0864322
-0.198392
-0.23619
0.285787
-0.0623588
-0.295714
-0.0776541
-1.53288
1.35892
0.433513
0.630857
-1.39504
-0.0430642
0.326404
-0.400649
0.458953
-0.189463
-0.000311236
0.261455
-0.11965
-0.356683
0.431654
-0.00291144
0.0579767
0.427252
-0.377768
-0.517295
0.275112
-0.360994
-0.671448
1.33602
-1.2943
-0.136902
-0.355012
-0.399664
0.284717
0.463933
-0.188045
0.8426
0.0069348
-0.211999
0.642434
1.68979
0.294812
-0.780692
0.226066
-0.260879
1.62093
-0.942262
-0.315586
-0.0850862
0.15591
0.223836
-0.300455
-0.0825452
0.019441
0.110174
-0.933399
-0.980336
1.87747
-1.05279
-0.00415403
0.32108
-0.0642532
-0.0174449
-0.0635053
1.13577
-1.07227
0.259588
0.316504
-2.06222e-05
-0.0565738
-0.361209
0.298972
1.86785
0.22629
-0.319765
0.197787
-0.318918
-0.438084
-0.161099
-0.0642532
-0.0382582
0.0399699
1.27101
0.0204378
-0.0759158
0.106057
0.0746067
0.00253085
0.0686436
-0.0686436
-0.321898
-0.0753692
-0.0938684
-0.675967
1.49495
0.0601681
0.0265582
0.02586
-0.0521978
-0.403566
0.30962
0.174729
-0.0283288
1.88506
-1.01436
0.0446496
-0.0334555
-0.379879
0.0275478
-0.00813021
-0.893856
-1.06374
0.479283
-0.718702
-0.704264
0.0579744
0.247528
-0.409652
0.995415
0.0187082
0.0256412
0.0354392
-1.56249
-0.0187082
-0.938833
-0.539704
0.150908
-0.0815221
0.0276368
0.35085
-1.31086
-0.592453
-0.28152
-0.0885824
-0.101529
0.0678389
0.350056
-0.0201938
-0.571574
0.112028
0.23266
-0.188779
-0.0251513
-0.0854601
-0.0712793
-0.844353
0.142808
0.193735
0.360556
-0.463617
1.10145
-0.746332
0.201467
0.257485
0.665099
0.388313
0.327971
0.000569756
-1.53371
1.42197
0.878757
-0.301435
-0.577322
-0.243336
0.0208711
0.043679
-0.266922
-0.123371
0.337342
0.0484009
0.802793
-0.898671
-0.469481
0.346111
0.0579917
-0.0223219
-0.133143
-1.10856
0.144405
-0.168457
0.00667265
-0.0428935
0.0362209
0.00838862
-0.0322989
0.0322989
0.647135
-0.873445
0.150332
-0.00915501
0.00915501
-0.53764
-0.278789
0.127353
-0.422907
-0.174585
0.856299
-0.40969
0.425293
-0.0971528
0.136982
0.16347
-0.0283288
1.14967
-0.432807
0.199163
-0.0890719
-0.46269
-0.162247
0.578306
-1.48324
-0.594359
0.328383
-0.100786
0.180401
0.201583
-0.554239
-0.130062
0.0230741
-2.4701
-0.825203
-0.0368271
-0.353271
-0.386754
0.973712
0.0142525
0.0900738
0.0244273
0.574397
0.159895
-0.178799
-0.0244273
-0.0178435
-0.168412
-0.101014
-0.904082
-0.113983
-0.708564
0.784584
0.253885
-0.00261126
0.360463
0.625853
-1.75476
0.00186295
-0.119229
0.157869
-0.109494
-0.100226
1.6531
-1.12942
-0.380176
0.0205084
-0.0607566
1.39575
-0.0534197
0.95156
-0.862867
1.63235
-0.0112707
-0.809842
0.677266
0.0154337
0.267701
-0.0638933
0.0921872
-0.632241
0.424329
-0.626208
0.468471
-0.495395
-0.073161
0.846049
-0.302598
-0.114092
-0.00883863
-0.150085
-0.245254
-0.0115218
0.369626
0.198331
-0.554744
0.356413
0.0769684
0.0182022
-0.109035
1.03139
-0.872115
1.03872
0.0368021
-0.0182022
1.64399
-0.482838
0.154179
-0.0426592
-1.08424
-1.66854
0.0318061
-0.0470701
0.54811
-0.515945
-1.0808
0.124107
-0.0700225
0.629585
-0.80923
1.25213
0.139369
0.0099438
-0.130309
-0.91131
1.05872
-0.113608
-0.0470867
-0.159038
-1.10227
-0.037837
-0.0902554
0.0337722
-0.00436045
-0.657952
1.37595
-0.0341553
-0.230469
-0.943949
-0.00688206
0.267915
0.0405813
-0.0927871
-0.0904388
0.772927
1.6838
0.517039
-0.332553
0.0863169
1.4398
-0.548437
0.0854902
1.14415
0.469978
-0.390363
-0.48188
0.368272
0.00104762
0.0612982
-0.173502
-0.0870739
0.153063
-0.121424
0.202988
-0.00528394
-0.0162457
-0.243084
0.145224
0.653826
-0.0356235
-0.169937
0.336689
-0.604
0.455385
0.360971
1.85999
0.00966318
0.237915
-0.310603
-0.0119562
0.1222
-0.269168
-0.12399
-0.0610942
-0.0227782
-1.42188
0.0689445
0.40063
0.127009
0.29769
-1.52512
-0.441079
0.816488
-0.338484
-0.478005
-0.0191046
1.23228
0.424077
0.0304224
-0.15228
0.105015
-0.510305
-0.406017
1.57158
-0.0315856
-0.164345
-0.0154337
-0.00915485
0.0501804
0.0356235
0.829037
-0.455471
-0.923313
-0.110993
0.0386511
-0.0804174
0.16562
0.230614
-0.0241168
-0.253539
0.218407
-0.254292
0.324438
-0.43853
0.645599
0.603515
0.0173607
0.178974
0.670559
-0.665706
-0.359355
0.226212
0.865289
-0.757288
-0.109199
-0.414764
-0.244754
0.163203
0.225591
0.00959757
-0.861822
0.798317
0.404913
-0.799322
-0.00424325
0.00424325
-0.644537
-0.748239
-0.465374
0.0657098
-0.203367
-0.175248
1.46387
-1.28862
0.0593144
-0.0608806
-0.627346
-1.17081
0.485818
-0.105048
0.6341
0.00968538
-0.387774
-0.0577849
-0.359669
0.262516
0.135711
-0.125009
-0.211609
0.146119
-0.024239
0.101309
-1.4482
0.154051
-0.552596
0.0128807
0.362391
-0.366337
0.219809
-0.252164
0.263452
-0.926945
-0.305931
-0.0833564
0.080445
0.22867
-0.208686
0.349565
0.121623
-0.417523
-0.0676008
1.46155
-0.814417
-1.13675
-1.18336
-0.168151
-0.96556
1.13371
-0.0296222
-0.00706549
-0.185067
-0.798453
0.219311
0.159993
-0.00517986
0.0718781
-0.0732625
-0.169807
-0.384431
-0.492541
0.0287705
-0.0269075
0.691132
-0.210383
0.328165
0.441268
-0.972481
-0.164873
-0.305064
-0.430689
0.771153
-2.35464
-0.218234
-0.194633
0.0505671
0.45357
-0.00570486
0.311218
-0.480602
1.88704
-0.764518
-0.0977554
-0.0621454
-0.7298
0.298803
1.07106
1.33649
-1.55628
0.093969
-0.356396
-0.024765
-1.3323
-0.157014
1.5845
0.0696645
-0.0658848
0.274785
-0.04684
-0.167674
-1.25654
0.443264
0.105683
-0.370066
1.67747
-0.224823
-0.0703229
0.0285406
-0.0698637
-0.145043
-0.710229
0.0772052
-0.379057
0.0205084
-1.29392
0.0160992
-0.0771375
0.0790189
-0.216173
0.011614
-0.0194329
0.276235
-1.39263
-0.218961
1.03048
0.0181916
-0.732102
-0.365587
-0.272441
-0.604878
0.35226
-0.00782038
-0.00329317
-0.0970596
0.58032
0.0596502
-1.4763
0.323353
-0.335823
0.530632
-0.229878
0.243327
0.439576
-0.868749
-0.0579767
-0.00627649
0.840028
-0.10656
1.25071
-0.0711633
0.126107
0.939692
1.24767
-1.28044
-0.00261899
0.550997
-0.17871
0.168591
-0.12574
0.0766011
-0.0782612
0.113918
-0.0996821
0.0490852
0.112435
0.923583
0.107254
0.164529
-1.13009
0.0599137
0.46583
-0.2723
-0.19353
0.40028
-1.32368
-0.00528394
0.0673712
-0.142033
0.140097
0.466958
-0.0908511
0.00387107
-1.10334
1.0726
0.471949
-0.251619
-1.50427
0.265525
-0.0348459
0.104995
0.120285
-0.935106
-0.134591
1.0697
0.0372685
-0.186106
0.139034
-0.0424808
0.0347219
-0.0604958
1.35772
-0.157381
-0.111328
0.0872247
-0.274756
0.185701
-0.108848
-0.0335744
0.0746877
-0.0235997
-0.226705
-0.826869
-0.295147
0.00105606
-1.43052
0.0154297
0.0490599
-0.0466254
0.145708
-0.00356324
-0.00425714
-0.19815
0.12171
-0.782561
-0.071296
-0.0331844
-0.738788
-0.369623
0.0338979
0.518993
-0.374904
-1.45794
2.10123
0.401646
0.087422
1.12595
-0.0117954
-0.364547
-0.530147
0.244885
-0.230779
-0.063423
0.122313
0.84107
0.370197
-0.549289
-0.32311
-0.154087
0.995429
-0.424512
-0.0697988
0.0328231
0.197098
1.48908
-0.137105
0.375482
-1.47409
-0.231372
0.0142281
-0.153548
-0.629012
0.0711088
-1.08635
0.352238
-0.94159
-0.403586
-0.00828252
-0.517206
-0.29614
0.0861276
-0.461032
0.456181
-0.613969
-0.302053
-0.0884463
-0.367499
-0.190523
0.301695
-0.209344
1.1074
0.0161267
-1.32602
-0.484058
0.635469
0.0370543
0.0839548
-0.514067
-0.553689
-0.426042
0.433533
0.1382
0.02303
-0.127661
-1.43962
0.0719186
0.569579
-0.213167
0.673948
0.270463
0.949949
0.901864
0.274907
-0.0310073
-0.254566
0.00609993
-0.608069
0.440395
-0.105959
0.195535
0.0477923
-0.0990428
0.476699
-0.115728
0.08247
0.537762
0.120091
-0.636037
0.2967
0.0169632
-1.04225
-0.142049
-0.239193
0.582387
0.136304
-0.0863508
-0.0224969
0.0843656
-0.00578869
0.0218879
-1.53319
0.0878814
-0.0971279
0.934238
-0.0449701
-0.00597624
0.736262
-0.149344
0.123314
-0.112615
-1.12952
-0.0468661
-0.0910787
-0.168493
0.198045
0.090712
0.0488556
0.0718941
1.45215
-0.523447
-0.403356
-0.368973
0.300801
-0.0532732
-0.985567
0.365802
-0.000366709
-0.658643
0.107921
-0.296769
0.538341
-0.022209
-0.413894
0.671665
-1.18747
0.218248
-0.879074
-0.687349
)
;

boundaryField
{
    SideWalls
    {
        type            empty;
        value           nonuniform List<scalar> 0();
    }
    Top
    {
        type            calculated;
        value           uniform 0;
    }
    Inlet
    {
        type            calculated;
        value           nonuniform List<scalar> 
18
(
-1.94444
-1.94444
-1.94444
-1.94444
-1.94444
-1.94444
-1.94444
-1.94444
-1.94444
-1.94444
-1.94444
-1.94444
-1.94444
-1.94444
-1.94444
-1.94444
-1.94444
-1.94444
)
;
    }
    Bottom
    {
        type            calculated;
        value           uniform 0;
    }
    Outlet
    {
        type            calculated;
        value           nonuniform List<scalar> 
18
(
2.06311
1.98709
2.0172
1.97016
1.9998
1.95765
1.94224
2.02711
2.05512
2.0766
2.00878
1.94075
2.00593
1.94747
1.89604
1.61304
1.93702
1.55488
)
;
    }
    Plate
    {
        type            calculated;
        value           uniform 0;
    }
}


// ************************************************************************* //
