/*--------------------------------*- C++ -*----------------------------------*\
| =========                 |                                                 |
| \\      /  F ield         | OpenFOAM: The Open Source CFD Toolbox           |
|  \\    /   O peration     | Version:  2306                                  |
|   \\  /    A nd           | Website:  www.openfoam.com                      |
|    \\/     M anipulation  |                                                 |
\*---------------------------------------------------------------------------*/
FoamFile
{
    version     2.0;
    format      ascii;
    arch        "LSB;label=32;scalar=64";
    class       surfaceScalarField;
    location    "9.4";
    object      phi;
}
// * * * * * * * * * * * * * * * * * * * * * * * * * * * * * * * * * * * * * //

dimensions      [0 3 -1 0 0 0 0];

oriented        oriented;

internalField   nonuniform List<scalar> 
7520
(
-0.892932
0.713745
0.179186
-1.29803
-0.199692
1.49772
-0.105441
-1.80187
1.90731
0.266927
-0.0378075
-0.229119
0.000586942
2.66365
-2.66424
-0.108566
0.117188
-0.00862274
-0.310672
2.08028
-1.76961
-0.0943418
-2.29132
2.38566
-1.52172
1.41628
0.61341
-0.0409588
-0.572451
0.491021
0.169286
-0.660307
-0.230938
-1.4502
1.68114
0.423184
0.196195
-0.619379
-0.120549
0.165458
-0.0449093
-2.51224
1.02856
1.48368
0.0632715
1.4406
-1.50387
0.207424
-0.057701
-0.149723
0.134888
-0.49267
0.357781
0.0289094
0.0211179
-0.0500274
0.00892833
0.198496
-0.443043
-0.209227
0.65227
-0.978574
1.04185
-0.0765331
-0.363447
0.43998
0.186582
-0.163442
-0.0231403
0.0184953
0.0107926
-0.0292879
0.285149
-0.279079
-0.00606994
0.903829
1.09794
-2.00177
-0.0570465
0.376516
-0.319469
-0.00595016
0.0348596
0.304046
-0.0624987
-0.241547
-0.979979
1.62215
-0.64217
-0.0591331
-0.0235656
0.0826987
-1.86651
2.06843
-0.201929
0.799481
-0.86497
0.065489
-0.318498
-1.1815
1.49999
-0.263219
0.886436
-0.623217
0.263806
-0.591045
0.327239
0.843308
-1.63638
0.793068
0.097058
-0.357534
0.260477
-0.0666599
-0.138599
0.205259
-0.03005
0.296977
0.0586231
-0.59298
0.534356
0.32461
-0.0394614
1.86049
-1.51337
-0.347116
-0.521928
-0.566542
1.08847
-1.48084
1.58685
-0.106006
-0.132774
-0.0716253
0.204399
0.313279
-0.0965989
-0.21668
-1.26706
0.287079
0.310463
-0.0860943
-0.224369
1.73855
0.164988
-1.90354
-0.701896
0.202242
0.499654
-0.0185326
0.0198711
-0.00133854
1.11071
0.502094
-1.6128
0.0168744
-0.12544
-0.775934
0.0826541
0.69328
0.327233
-1.24857
0.921335
-0.0524932
-0.135845
0.188338
-0.143783
0.0846498
-2.39243
1.25829
1.13414
1.58936
-0.595027
-0.994335
-0.00143342
0.0341257
-0.0326923
-1.2399
0.9214
0.73864
-0.315456
0.0140697
-0.0326022
0.00514569
-0.125694
1.23246
-2.6709
1.43844
0.145155
1.5934
-1.33704
0.993348
0.343691
0.358867
-0.26489
-0.0939764
-0.555406
0.882639
-0.638938
-0.274272
0.91321
0.395724
-0.0992586
-0.296465
-0.28353
0.566843
-0.283314
1.18387
-1.74533
0.561459
0.153532
-0.133953
-0.019579
1.97484
-0.555249
-1.41959
0.471936
-0.795646
0.32371
1.35951
-0.936758
-0.422756
-0.892704
0.11677
-1.66246
-0.729967
0.503444
-0.640312
0.136868
0.262254
-0.687513
0.425259
0.0704114
0.72907
-0.441038
0.575926
0.326919
-0.0228734
0.041818
-0.0409502
-0.000867782
1.27878
0.696057
-1.96966
2.50281
-0.533152
0.65571
0.933651
-1.06523
1.10977
-0.0445412
-0.0285381
-0.0700694
0.0986075
1.36764
-1.59858
0.272655
0.221152
-0.124094
-0.280339
0.369355
-0.0890163
0.00711717
0.106461
-0.113578
-0.57039
0.364245
0.206145
1.57292
-0.389047
-0.826851
0.663992
0.162859
0.978736
-0.73161
-0.247126
-0.106112
0.133335
-0.0272231
0.536306
-0.0624797
-0.473826
2.67514
-1.80176
-0.873384
0.554591
-0.391298
-0.501634
-1.352
0.796591
-1.89024
1.57957
0.198727
-0.0911072
-0.10762
0.582845
-0.0918239
-0.192266
0.190774
0.00149143
-0.074772
0.0870235
-0.0122515
2.04526
-1.20195
-0.165606
0.0419533
0.123652
-0.752605
0.309562
0.0439075
0.0111283
-0.0550359
0.673384
-0.16994
-0.683605
0.4329
0.250705
0.706026
-1.70194
0.995913
0.070326
0.116256
-0.124454
-0.577442
-0.2762
0.0387729
0.237427
0.796095
-0.182685
0.623982
-0.586283
-0.0376987
0.0423307
-0.0926708
0.0503402
-0.00991197
0.00104633
0.00886564
0.718449
-1.93092
1.21247
0.429054
-0.505587
-0.359475
-0.0852523
0.444728
-0.0726762
-0.0929295
-0.330881
-0.0909874
0.421868
0.170249
0.0369992
-0.207248
-0.0725259
0.242775
-0.52442
-0.159186
-0.28202
-0.0186145
0.300635
-1.87189
2.67044
-0.798545
0.295371
-0.316624
0.0212527
-1.10991
-0.242092
-0.040155
-0.0618837
0.102039
1.46441
-0.353701
-0.619235
0.45392
0.165315
-0.214712
0.525169
-0.310457
0.342834
-0.084249
-0.258585
0.255547
-2.05742
0.289516
-1.77036
-2.39207
1.15926
1.23281
-0.85856
-0.478479
-2.27979
2.17619
0.103596
2.21491
0.113321
-2.32823
0.225621
-0.292281
1.02862
-0.634347
-0.394272
-0.266208
-0.0715514
0.33776
0.227526
-2.50732
-1.86816
0.00164944
0.0374513
0.00436669
0.0773568
-0.152584
0.0752269
0.316627
-0.36912
0.726111
0.252625
-0.177867
0.147817
-0.010536
0.000425825
0.0101102
0.832065
-0.426969
-0.405096
-0.510961
-2.00128
-0.1118
-0.154408
0.0449615
-0.625851
0.58089
0.137902
0.205061
-0.342963
-1.41841
0.812481
0.605933
1.20916
-1.20858
-0.217909
0.596629
-0.37872
-0.0231554
0.0416507
0.583949
-0.275634
-0.308315
0.353599
-0.633938
0.265516
-0.351611
0.880376
0.251578
-1.13195
0.332648
-0.389695
-0.325031
-1.3845
1.70953
1.28261
0.661837
0.762473
-0.500219
-1.22225
0.959028
-0.734755
0.981753
-0.246999
-0.0281565
-0.020143
0.0482996
0.227752
-0.263227
0.0354756
-0.114588
0.787972
-0.295488
-0.184155
0.479643
0.253084
-0.115182
-0.909054
0.954016
0.549858
-0.981616
0.431758
-0.48663
-0.0837607
0.740485
-0.476679
0.166628
-0.0130954
-0.0111612
0.0378605
-0.0266993
0.072408
-0.14718
-0.618428
0.117832
0.500596
0.139867
0.255856
-1.2422
-0.503135
-0.757511
-0.660902
-0.00766857
0.105473
-0.0978041
0.48966
0.0535253
-0.543185
-1.70497
-0.166922
-1.23131
2.27866
-1.04735
0.402123
0.181826
-0.168682
0.241116
-0.0724344
-0.745196
0.620742
0.54161
-1.06354
1.72425
-0.0539546
-1.67029
-1.47233
1.9361
-0.463775
-0.0315178
0.108875
0.351754
1.53304
-1.8848
0.0392928
-0.19484
0.155548
-0.170197
1.84691
-1.67671
-0.00352659
0.15314
-0.149613
-0.954755
1.31014
-0.35538
-0.0499868
-0.69521
-0.231532
-0.386896
0.288823
-0.242161
-2.09429
2.33645
0.0354189
-0.0143009
-1.95285
0.710654
-0.564115
0.0173045
0.546811
0.100764
-0.0584337
0.146712
1.57244
-1.71916
-0.430168
-0.656284
1.08645
-0.561154
0.448915
0.11224
3.05847
-1.97892
-1.07955
0.548582
-0.97875
0.116231
-0.11341
-0.00282049
0.0813985
0.789358
-0.870756
0.0776807
-0.079096
0.0014153
0.866859
0.781171
-1.64803
-0.310725
-0.516126
-0.131223
0.310052
-0.178828
-0.925044
0.65087
0.274174
-0.101322
0.0516257
0.0496967
0.833855
-0.344195
1.00009
-1.82623
0.826138
-2.65473
1.1415
1.51324
-1.1032
-1.55154
-0.341609
0.384679
-0.0430703
0.0267095
0.0273481
-0.0540576
1.13099
-1.69403
0.563042
0.00364608
1.12952
-1.13317
-0.191742
-0.44857
1.07616
-0.195788
1.33919
1.27105
-2.61024
-0.222553
0.113575
0.108978
-0.0260788
-0.898965
1.82879
-0.393931
-1.43486
0.160767
-0.121475
0.0187299
0.305729
-0.36343
0.982141
0.84665
0.198092
0.605034
-0.803127
0.416904
-0.0403884
-0.056932
-0.0318691
0.0888011
0.140122
-0.0976412
-0.042481
-1.86751
0.903611
0.963901
0.103906
-0.0771963
0.623893
-0.905913
0.292166
-0.211242
-0.0809241
0.155734
0.157545
-1.60033
1.55897
0.0413585
1.08342
-0.533558
0.0153045
-0.0446014
0.0292969
0.00494258
0.0289532
-0.0338958
0.151469
-0.250727
1.83656
-0.604101
-0.0526423
0.200598
-0.147956
0.000537476
-0.0110735
0.812339
-0.643053
0.487578
-0.118223
-0.716054
0.7197
0.0475358
-0.058697
2.08028
0.00442999
-0.011563
0.00713302
0.181022
0.306556
-0.238573
0.156331
0.0822418
-0.0996324
0.635938
0.600523
-0.5419
0.823265
0.205355
0.549159
-0.406562
-0.142596
0.30561
-1.26036
-0.0418903
-0.28899
-2.26288
2.02071
0.0774768
0.0387541
-2.35722
0.256534
-0.471246
0.261426
-0.0710766
-0.190349
-0.64131
-1.2262
1.32412
1.35102
1.57474
-0.762259
-1.4502
0.0775969
0.546385
0.2744
-0.225425
-0.0489747
0.183702
-0.289283
0.105582
-1.17815
0.611612
-0.268349
-0.265937
0.534286
0.331716
-0.372675
-0.0962732
-1.98387
2.08014
0.864638
0.257822
-1.53429
1.27647
0.971805
1.09663
-1.06795
1.53774
-1.18598
-0.0572141
0.430857
-0.373643
-0.838053
0.768966
0.0690872
-0.0951553
0.042513
-0.108155
0.374627
-0.266472
-0.217135
-0.211822
0.428957
-0.537378
1.81999
-0.325455
-0.392184
0.717639
-0.367449
0.234675
0.159312
-1.22454
-0.143936
0.0870045
0.0110767
-2.03649
1.02387
1.01263
0.485985
-0.28979
0.00929474
-0.0343047
0.329676
1.33472
1.72375
1.64772
-0.467776
-1.17994
0.14609
-0.0512348
-0.0948549
0.508846
0.850668
0.172183
0.102217
0.398844
-2.09403
1.69519
-0.0610039
0.0363959
0.024608
0.974692
0.598228
-0.251408
-0.106127
0.693026
-0.494933
-0.54264
1.44647
0.186913
0.0118133
1.52918
-0.823152
0.171158
-0.164041
1.82433
-0.176614
0.120612
0.473524
0.0756347
0.0249818
0.333885
-1.72525
-0.880497
0.858272
0.0222248
0.00737864
-0.141332
1.86009
0.0155829
-1.87568
-0.785495
0.46004
0.271555
0.0712791
-0.346432
0.0815417
0.0190208
-0.955779
1.54043
-1.60643
0.0659988
0.000228048
-0.22214
0.221912
-0.5975
1.57219
-0.871917
1.59037
0.0173782
-0.0171502
0.675585
-0.242685
1.90442
-0.536783
-0.00927805
0.214938
-0.20566
-0.134864
-0.0364028
0.171267
0.14327
0.0028193
-0.210572
-0.778205
0.0311891
-0.201103
0.169914
1.41162
1.25882
-1.48
1.15497
0.149979
-0.509455
-1.39538
0.75644
-1.1147
1.3517
-0.237003
0.52134
-1.65678
1.48658
1.79045
-0.511675
1.32084
0.539646
-0.082839
0.225843
1.31459
-1.32531
0.323562
1.00175
0.319706
-0.382205
0.0592726
0.0446331
-0.24892
0.176394
-0.233474
-1.2799
0.339743
-1.15261
0.812865
-1.57199
1.12967
0.442322
0.489172
-0.763444
-0.0975583
0.0961249
0.106635
-0.455058
0.341428
0.113631
-0.649595
0.431686
1.2075
0.582955
-1.47233
-0.0356162
0.0257042
1.67077
-1.44634
-0.224439
-0.367159
1.9002
-1.63755
2.37097
-0.733422
-0.629517
0.926729
-0.297212
0.0505508
-1.29045
0.0771146
-0.0497665
-0.304496
0.47555
-0.171054
0.354072
-0.416551
1.35576
0.536643
-1.0155
0.47886
-0.0399186
-1.54579
1.58571
-0.0629792
-0.129286
0.0455812
-0.432887
0.387305
-0.282426
0.777261
-0.494836
0.229419
-0.159313
-0.0701062
0.39431
-0.258776
-0.135534
-1.95168
1.75199
2.75221
-0.608358
-2.14385
0.0883629
0.0236922
-0.112055
-0.0178817
0.201583
0.163465
-0.650094
-0.813691
1.68055
0.0519935
-0.00808593
1.72425
-1.03534
1.11673
0.000573395
-0.000573395
-0.337227
0.462981
-2.43264
2.24037
-0.920427
-1.31994
-1.50031
0.732835
0.767471
-0.0342022
0.0875058
-0.0533036
0.962529
-1.13197
0.169445
-0.525366
-0.163425
0.68879
1.3113
-1.94571
0.634407
-0.0235508
-0.814502
-0.240073
0.105209
-0.15022
-0.516571
0.666791
0.628171
0.504363
-1.13253
-1.42883
-0.433929
0.734597
-0.300668
-0.779585
0.815231
-0.0356465
1.45566
-1.30894
0.276566
-0.245377
0.0722262
0.0898934
-0.373423
-1.93422
2.1422
-0.20798
-0.933572
1.54064
-0.607067
-0.0237845
0.169392
-0.145607
-1.82895
-0.841954
-0.0211392
0.0151891
-1.70812
0.476807
-0.420388
0.312233
-0.129416
-0.500101
-0.0730119
0.012008
-0.778996
2.11819
0.075016
-0.438463
-1.53867
0.158987
1.37969
0.00262969
-0.12466
0.12203
-0.93124
0.196485
0.257038
-0.634808
0.377771
1.61509
-0.181172
-1.43392
-0.0553611
0.0515396
0.00382157
-0.296027
0.230586
1.32976
-1.56035
-0.840925
1.86948
0.122442
0.724328
0.740084
-0.06172
1.55349
0.270836
-1.42668
1.38676
0.205084
-0.0308495
-0.174235
0.533118
0.00303834
-0.536156
-1.86853
0.230985
-0.00211643
-0.590863
-0.508852
-0.371645
0.313516
0.687501
-0.142483
-0.545018
0.214647
0.109963
-0.533646
1.44068
-0.907032
0.20207
-0.238472
-0.0539393
0.281691
0.275928
-0.580424
0.153092
0.376666
-0.529757
-0.112074
-0.0519903
0.164064
0.341204
0.338378
-0.679582
-0.0157768
-0.0310628
0.0468397
-0.325294
0.35895
-0.0336559
-0.017398
-0.202216
0.219614
0.420695
-0.100989
-0.041353
-0.654303
0.695656
1.52983
-1.06657
-0.935194
-0.16792
0.259984
-0.0920639
0.0567484
-0.0710493
-0.310608
-0.250546
1.00007
-0.312572
0.0204546
-1.23375
1.2133
-0.283742
0.0075421
-0.0211002
-0.503319
0.21455
0.17976
0.210934
-0.214461
-1.16705
-0.0451176
-0.0993868
0.144504
1.22047
-0.968891
1.39384
1.35837
0.116507
0.175659
-0.157349
-1.73525
1.8926
0.789547
0.291101
-1.08065
0.241971
-0.957404
0.632315
0.325089
0.000695413
0.00193428
-0.0193532
0.0778493
-0.058496
2.01384
-1.05507
-0.958769
0.149139
-0.341131
0.191992
0.714047
0.212168
-0.926215
0.0805644
0.113768
-0.194333
1.72092
0.0311253
-1.75205
-0.440977
-0.0516927
-0.300275
0.375291
0.0303506
0.0481065
-0.0784571
-0.660083
0.219045
0.0207134
0.0196768
-0.0403902
-0.244454
-0.6046
0.849053
1.08605
0.529047
0.993637
-0.973182
0.67593
-0.958355
-1.86241
1.76613
-0.104269
0.0115978
0.289541
-0.570098
0.280558
0.675213
0.899526
1.13508
-1.30613
0.171054
1.27344
-0.54911
-0.162931
0.111696
-0.00883453
0.0656222
-0.0567877
-1.94713
-0.496088
2.44321
-0.380333
0.471676
-0.0913431
0.00466769
-0.00409429
0.426673
2.23698
-0.15972
-0.0628334
1.14179
-1.71526
0.573467
-0.582168
-0.358285
0.940453
1.42883
-0.428738
0.719266
0.503691
-0.575242
-0.310718
0.0117452
0.298973
0.0358941
-0.277441
-0.455335
0.991978
0.0257896
0.0518911
-0.228083
-0.251067
0.47915
0.00907329
0.953456
0.110161
-0.128775
-0.415794
-0.362259
0.401032
0.705869
-0.835285
0.139338
-0.0973848
-0.0178878
-0.345542
-1.94465
0.878074
0.639681
-0.589242
-0.0504388
0.0414498
-0.0346685
-0.00678126
0.249063
0.880457
0.0333974
0.000728328
0.0443959
-1.63989
1.59549
0.182354
0.163713
-0.346067
-0.0710847
0.0820098
-0.0109251
-0.760695
1.10044
-0.0997456
-0.310867
0.410612
-0.301143
0.558181
-0.997753
1.38448
-0.386723
-0.335248
0.38758
-0.0523322
2.21227
0.00263095
0.657268
0.0720627
-0.729331
-0.479156
0.388168
-0.198514
0.471398
1.5225
0.980308
0.164406
-2.34057
2.17616
-0.854225
-0.188871
1.0431
-0.166017
0.209666
-0.0436496
-0.598332
-0.222994
0.821326
-0.0937681
0.00885284
0.0849152
-0.0813311
-0.0626054
-0.560148
0.0127652
-0.00197262
-0.0308467
0.117851
-0.200095
0.492207
-0.292112
-0.287272
0.374194
-0.0869223
-0.0994174
0.170509
-0.0710913
0.742887
-0.416992
-0.015815
-0.0251352
0.60912
-0.973717
0.364598
1.24945
-1.00039
-0.0470916
-0.338743
0.385835
-0.188004
-0.543606
-1.32907
1.47422
-0.0490163
-0.585331
-1.26466
0.816518
0.448139
0.483007
-0.0336889
-0.449318
1.71532
-1.71532
-1.71988
0.0574205
-0.50776
-0.172593
-0.626052
0.798646
0.495895
-0.499155
0.00326048
0.0326152
0.0734538
-0.174103
0.100649
-0.0539709
0.246132
-0.192161
-0.3344
1.16509
-0.830693
0.289953
0.207744
-0.497697
0.733569
-0.683018
-1.11319
0.258962
-0.0642749
-0.266641
0.330915
-0.0407061
-1.28461
-0.363061
-1.12896
0.765901
0.995532
-0.0512568
0.218235
-0.166978
-0.319016
0.43435
-0.115334
-0.361856
0.230632
-0.0925891
0.253064
0.00836218
0.0439833
0.103509
0.0559815
-0.159491
0.0455147
0.0201076
0.620786
-0.662139
-0.121617
0.170501
-0.0488841
0.00891203
0.0112276
-0.0201396
0.0653897
0.0525239
-0.117914
-0.0746444
0.198217
-0.123573
-0.446863
1.25973
0.394297
-1.02913
0.634833
-0.179594
-0.0861672
0.265762
0.0132055
-2.67525
2.66205
0.805968
-0.531872
-0.274096
0.41467
-0.0974682
-0.191815
0.0837328
-0.0726045
-0.0638226
0.212962
0.288316
-0.888471
0.600154
-0.402139
-1.19819
-0.417634
0.626231
-0.208597
-0.0832809
0.0106047
0.47509
-0.336392
-0.138698
0.64438
-0.0352605
-0.91628
0.513578
-0.424802
-0.0887764
-0.611341
0.342991
-0.103444
0.557364
0.00439565
0.000546923
-1.66857
-0.133195
-0.328332
0.604261
-0.034215
-0.205858
-0.0647016
0.00791389
0.235888
-0.287145
-0.0868997
-1.20209
0.755231
1.96554
-0.118634
-2.09429
2.25506
-1.09934
-1.15571
-0.148422
0.512667
-0.153488
-0.739216
0.394909
-0.322501
-0.280894
-0.029824
-0.340198
-0.493551
0.833749
0.0848942
0.0970172
-0.181911
0.0956099
-0.95417
-1.93947
-0.337135
-0.370978
0.708114
-0.204471
0.386825
-0.279129
-0.0505463
0.329675
0.572121
-0.143067
0.102191
0.380817
2.2444
-0.933095
-0.780325
0.440128
-0.28073
-0.0685632
0.349293
-0.0526383
-0.092
-1.03997
0.506991
0.182676
-0.689667
-0.103027
-0.0407563
0.954566
-1.24316
0.288591
-0.632182
-0.0542883
1.76961
-0.723477
-0.250241
0.680165
-2.17218
1.49201
-1.98091
0.841128
1.13978
0.1803
0.114639
-0.294939
0.148099
1.00515
0.0809817
0.810026
-0.891008
0.0391105
0.161487
0.194967
-0.106604
0.369545
-0.560412
0.190867
1.31295
-1.4703
0.0393504
0.200432
-0.277378
0.0769462
-1.68652
-0.0333573
-0.638887
-0.186741
0.0188214
0.137771
0.00208166
-0.139852
-0.682484
0.342565
0.339918
-0.430702
0.373488
-1.0043
-0.41851
1.42281
-0.147231
-0.0732756
0.0390733
-0.610059
0.820752
-0.210693
-0.323605
1.45327
-0.187706
-0.857639
-0.642668
1.10917
-0.485276
1.02239
-1.35679
0.0141143
-0.049363
0.0352487
1.06419
-0.544641
-2.11959
-0.372026
-0.150172
0.522198
-0.0588689
0.235263
0.139916
-0.382759
0.242844
0.320528
0.255399
1.04263
-0.219367
-0.0797739
0.341172
-0.0756554
-0.355984
0.32168
-0.166455
0.0145315
0.151923
0.28132
-0.10857
-0.17275
-0.168131
-0.0456822
0.213813
0.155606
0.144594
-0.3002
0.111653
-0.0613126
-0.172459
-0.0496813
-0.0229427
1.12847
0.0353836
0.220715
-0.256099
0.0881081
-0.159544
0.0714355
-0.0290598
-0.0285269
0.0575867
0.495014
0.29012
-0.72405
-0.100598
0.405041
-0.0884141
-0.114085
0.0909298
-0.153308
-0.0415326
1.78627
-1.0051
-0.0222838
-0.18116
0.203444
-1.54986
0.220789
-0.0856668
-0.0220646
0.107731
-0.05105
-0.0502725
-1.08006
-0.900848
0.41979
-0.0871417
-0.594307
-1.49973
-0.528271
0.300188
0.0683053
-0.678364
0.715859
-0.785669
-1.92589
2.0903
-2.35072
0.403598
-0.116886
-0.0318565
0.148743
0.0115782
-0.285836
-0.375175
0.661011
-0.164502
0.0165466
-0.190873
-1.49504
1.68591
-0.783411
-0.462532
1.24594
0.307323
0.453812
-0.761135
0.00892888
0.167918
0.345661
-0.293182
-0.287242
-0.201144
-0.109268
0.310412
-0.0138066
0.351566
0.297936
0.177155
0.259115
-0.665468
-0.0226081
0.027038
-0.496986
0.539362
-0.0423765
-0.207652
0.285326
-1.32136
0.121651
-0.0161786
-1.58112
0.402431
0.0194367
-0.777486
-0.128426
-0.158621
-0.991301
-0.258669
1.24997
-0.0792151
0.474124
-0.653811
1.38665
-0.36455
-1.01958
-0.925068
-1.2033
1.37274
0.133422
-0.311238
0.0422038
-0.104363
0.0621589
-0.733377
0.618806
0.114571
0.725689
-0.775676
0.0910775
0.548603
-1.12787
-0.136783
0.0562532
-0.0655145
0.00926129
-0.52324
0.864444
-1.3859
-0.171495
1.5574
0.000105766
0.0454089
-0.0875386
-0.730377
0.817915
-0.272184
0.453204
0.101387
-0.102746
0.00461579
0.0981305
-1.26052
0.866591
-0.179309
0.0148072
-0.199406
-0.141725
-0.420004
0.0937844
0.0455538
-0.057971
0.00880073
-0.0285884
-0.0498687
0.323077
1.23589
-0.499012
1.81986
1.02946
0.574848
-0.738273
0.0512744
-1.43718
-0.259785
-0.360781
0.451036
-0.0902549
0.031297
-0.0302507
-0.0308148
0.018213
-0.0650422
0.149692
-0.236354
2.07235
-1.836
0.130076
-0.825286
-0.136963
-0.288533
-0.0805869
0.858928
-0.311065
0.403753
-0.0926886
-0.154701
-1.56871
1.72341
0.321007
0.210862
0.285032
-0.315964
-0.48979
0.979763
-0.489973
0.0769875
0.00844841
-0.0431169
0.195218
-0.279688
0.0844702
0.075413
0.433382
-0.508795
-0.169003
-0.573573
0.742576
-0.306064
-0.0836307
-2.00564
0.0283719
0.259306
-0.268584
0.0618667
-0.17714
-0.00216895
0.363036
-0.734014
2.42191
-1.01025
-1.41166
-0.180748
0.441643
-0.758469
0.67093
-0.117439
-0.307364
-0.20689
-0.00978959
0.871961
-0.80155
-0.115634
0.78469
-0.953693
0.166497
-0.11019
-0.0563073
-0.422459
-1.90618
1.08016
0.826012
-2.12423
2.13744
-1.03939
0.244884
0.794503
-0.0135018
0.210024
-0.196523
0.686351
0.313722
-0.138719
0.223105
-0.0134309
0.00120773
0.0417941
-0.290772
-0.0456206
1.20348
1.21843
-0.0557719
0.0239028
1.60996
-1.49664
-0.0485541
-1.38594
1.4345
1.16908
-0.0406115
-0.320851
-0.0995366
-0.0513756
0.139662
-0.287311
-0.0639098
0.123182
0.776022
-1.34869
0.572667
0.138575
2.20974
-1.3151
-0.894645
0.0242664
0.0465764
0.0409295
-0.100486
0.888459
0.931016
-0.873595
0.60964
-1.39305
-1.20941
-0.0362365
1.24565
-1.2401
1.11747
0.122623
0.116087
0.00176398
2.39915
0.059778
-2.45892
-0.549738
1.26018
-0.71044
0.10255
0.271644
-0.738526
-0.0410585
-0.0147254
0.0922022
-1.35765
0.242955
-0.000742697
0.0230693
-0.0223266
-0.154896
0.209629
-0.0547329
0.0847342
-0.435289
0.350555
0.59785
0.260422
-0.551527
-0.130957
0.0224196
0.868528
-0.892079
-0.0782956
-0.074288
-0.285073
0.0607046
0.93859
-0.470172
-0.468418
0.170705
-0.60855
0.437845
0.414036
-0.596444
0.182408
0.365923
-1.53693
0.794614
0.742319
0.0460464
0.85553
0.28648
-1.14201
-0.187662
0.251892
-0.27709
0.0251978
0.195282
-0.039734
-0.288093
0.00896459
-0.331276
-0.838103
1.04346
-0.518967
0.805854
-0.286887
-0.519219
-0.703028
1.78793
-0.76406
-0.107011
0.199917
-1.35299
0.0738489
-1.34455
1.2707
0.0524608
0.0926475
-0.145108
0.511359
0.0773373
-0.588696
0.475973
0.0491954
0.0304205
-1.33643
0.817206
-0.542144
1.17446
0.139976
0.672363
0.347428
0.254402
0.0269175
0.888065
-0.428025
0.0604592
0.66523
-0.93458
0.357138
-1.27725
0.814721
1.00826
-1.16297
-1.84036
1.60401
0.0216886
-1.43055
0.221874
1.20868
0.229392
0.396839
0.0590091
-0.878135
0.705541
-0.15041
-0.130229
0.280639
-2.42448
1.27793
1.14655
0.439297
0.791075
-1.23037
0.0563389
-1.25964
0.804503
0.0304366
-0.83494
-0.554044
-0.561547
-0.833831
-0.020488
-0.0178107
0.0694364
1.53385
-1.50272
-0.0172649
-0.927069
-0.609863
0.0772824
0.0382472
-1.24766
1.17019
-0.314655
-1.48658
0.0363807
-0.235591
-0.896363
0.376873
-0.376391
1.86241
0.21787
0.123186
-1.16316
0.161605
-0.124606
0.168119
-0.385254
0.334406
-0.602197
0.267791
-0.0482118
0.00251694
0.0456949
-0.685285
0.757347
0.12264
0.0174821
-1.08396
1.16654
-0.0825792
-0.72521
0.868168
-2.13399
1.26582
-1.26555
-0.069145
0.118842
-1.44139
0.116556
1.32484
-0.451771
0.97311
-0.681757
0.777367
0.148664
0.893351
0.517854
-0.933647
-0.854034
-0.206028
1.06006
-1.33105
-1.66724
1.47637
-0.143432
0.14755
-0.00411867
0.0898243
-0.100749
0.801774
-1.25711
0.00581462
0.540245
-0.546059
0.146665
0.43508
-0.581745
-1.01871
0.445134
0.0487807
0.0297319
-0.258851
0.411386
2.27235
0.126794
-0.776677
0.857659
-0.298545
0.0991388
-1.10259
2.36396
-1.26137
-0.0877037
0.0743427
0.0922849
0.443625
-0.00364546
1.04817
1.2305
0.578097
-0.820782
0.29492
-2.27384
-0.198625
0.153507
0.1005
-1.06939
-0.25131
-0.991846
-0.239572
0.0617043
0.850177
-0.438791
-0.197467
-0.950916
0.73155
0.20984
-1.7266
0.275876
1.45072
-0.0511238
0.504327
1.13207
-1.16233
-0.310001
0.814021
-0.351893
-0.462128
0.950257
-0.398398
-0.551859
-0.204295
0.0449826
0.698423
-0.688837
-0.009586
-1.48444
0.943978
0.540458
0.484599
0.899876
0.00169037
0.13608
0.83354
-0.543419
-2.24501
1.15764
1.08738
-2.33645
1.84036
1.05251
0.601926
-1.65444
0.853849
-0.737079
1.53823
-0.527235
-1.011
-1.10534
0.206121
-0.0944257
-0.0581037
-0.107889
0.221465
-0.055731
0.146836
-0.0911053
0.388495
0.178348
-1.87048
-0.420835
0.601423
-0.231878
-0.038741
-0.040355
0.800155
-0.451008
-0.349147
0.856025
-0.51346
-0.159725
0.141843
-0.0854247
1.2205
0.0998519
-0.0473911
-0.262352
-0.756355
-1.51687
0.525574
-0.0493648
-0.114077
0.160264
0.133492
0.138087
-0.095883
-0.528755
-0.387707
0.124876
-0.0931827
-0.0316934
0.206893
-0.837799
-0.233284
1.07108
-0.202597
0.025457
-0.0269327
1.28824
1.02247
-2.31071
-0.465061
0.772384
0.24577
-0.0979523
0.612494
-0.829303
-0.987901
1.8172
-0.888405
-0.855709
0.362158
0.285244
-0.116444
-0.168801
0.936318
-0.882792
-0.20067
2.05623
-1.18806
-0.215809
0.13156
-0.414252
-0.614878
0.0151355
2.04946
-1.76613
-0.283329
-0.960233
-0.556641
-0.238267
0.189581
0.0829019
-1.00234
-0.26898
1.27132
0.257605
-0.560853
0.636266
-1.58861
-1.30109
0.611677
0.689418
-0.224983
-0.00403129
0.229014
0.980746
-0.677497
-0.30325
0.125006
-0.190049
0.0901982
0.100576
0.679445
-1.68374
0.769134
0.181123
-0.431422
-0.348903
0.132772
-0.0357552
0.17228
0.110266
-0.948065
0.0288747
0.401982
0.454871
-0.364978
-0.550177
0.601372
-0.0511951
0.886269
0.651965
0.453487
0.0511733
0.569607
0.164168
-0.733776
1.65678
-1.3809
-0.305813
0.273874
0.166375
0.028907
0.130348
-0.0523307
-0.10716
0.00486238
-0.148294
0.549099
-0.100119
-1.77954
-0.0349482
-0.190035
-0.081237
-0.0231258
1.11737
-1.77118
0.744316
-0.335479
-0.408837
0.00498554
0.128349
-0.00835289
0.00761019
0.374275
0.0577103
0.106354
0.601558
-0.26318
-2.63749
1.26427
1.37321
-0.0871599
0.0170906
-0.0189381
0.135161
0.191758
-0.315929
-0.318879
0.814568
-1.64387
-0.0342049
-0.944928
2.23317
0.542977
-0.0855238
-0.457453
-0.49413
-0.407982
-0.0911728
0.104074
-1.1202
0.437379
-0.695824
0.258445
0.612445
-0.595593
-0.0168515
0.0584011
1.02716
1.34381
-1.36532
1.3809
-2.67655
1.92781
0.748741
1.31871
-2.26364
2.64678
-1.31206
-1.07113
-1.12039
0.320164
0.0212633
-0.0979116
-0.334975
-1.5022
0.07165
-0.00676591
-1.29936
1.19682
-1.98151
0.784693
-0.0759675
0.301589
-0.333517
0.0542835
-0.106616
0.944946
1.2648
-2.33721
1.23462
-0.101347
-0.787057
-1.33115
-0.624992
0.0293986
2.12423
-2.1216
-0.0791972
-1.13828
-0.0643112
1.17957
-0.948988
-1.96535
1.87599
0.0893608
0.34798
2.31407
0.384466
0.0892307
-0.473697
1.36313
-0.753494
0.263321
0.053143
0.641596
-0.662696
0.109245
0.145157
0.730957
0.672759
-1.40372
-0.436193
-0.257859
1.06662
-1.0485
-0.0181151
0.669678
-0.487002
-1.55568
0.638882
0.916802
-0.00470744
0.516066
-0.999838
-0.0266878
1.05074
-1.53602
0.308273
-0.601455
-0.0894646
0.180394
-0.707798
0.421962
-1.1586
-1.42653
2.58513
-0.243947
0.388541
-0.407748
0.626793
1.29174
-1.93441
0.135743
1.3382
-1.83721
-0.110932
-0.0924367
0.232569
-1.23296
0.0883227
0.625423
0.51827
-0.00186049
-0.51471
-2.35448
0.428587
-0.050302
0.0350439
0.0152581
0.0847921
-0.351264
1.1549
1.10016
1.30416
-1.01557
0.0822933
0.0130827
-0.110724
0.484385
-0.347906
0.603304
-0.556735
-0.881204
2.19992
-0.0457126
0.091759
-0.876371
-0.674925
1.5513
-1.27913
0.729388
-0.077393
0.0545316
0.0030551
-1.4463
-0.0923699
-0.178484
0.615863
-1.46457
-1.17292
2.04946
0.554946
-1.21585
0.924607
-0.664185
-0.146376
0.547244
-0.201583
-0.279884
0.232793
-1.39708
0.350452
-0.840242
1.33142
-2.21263
-0.809047
-0.100579
0.488748
-0.233779
-1.73157
1.29755
-1.42597
1.3558
0.665105
-1.68517
1.02007
1.50992
-0.565942
1.68114
-0.745803
-1.26017
2.00598
0.546327
1.31334
-1.05574
-0.641323
-0.659772
-1.56232
-1.11423
0.445081
-0.966152
1.55828
-0.592125
-0.15063
1.36509
-1.21446
-1.01724
-0.949813
1.96706
0.894925
0.171693
0.282013
0.391562
-0.233495
0.164495
0.0690002
0.060933
-0.299405
0.465979
-1.42621
-0.581195
-0.40777
-0.325606
-0.0533908
0.455822
0.351342
0.561867
-1.93076
0.563278
1.36748
-0.043211
-1.62202
1.66523
0.0396574
-0.289357
0.0971957
0.368687
-1.66621
1.66621
-0.442284
-0.0400721
0.482356
-0.493744
0.998107
-0.620845
-0.00414685
-0.689282
-0.111259
0.462825
-1.36532
0.131446
-1.31945
0.284119
1.24052
-1.28123
-1.245
0.242656
-0.0552861
0.325468
-0.270182
0.157455
0.540968
-0.0578753
0.00966348
-1.01384
-1.21229
0.137494
1.0748
-1.36974
0.141585
-1.09799
-1.036
-0.00612641
-0.0966199
0.182791
0.463722
-0.581161
-0.0565224
0.027934
0.410581
-0.393539
-0.314259
-1.12943
1.53899
-0.409564
0.355806
0.192818
-0.222271
0.436843
-0.214572
-0.346855
0.135034
0.294483
-0.623362
0.328879
-0.979192
1.86403
-0.811517
-1.51847
-2.08326
0.514547
-2.10696
0.058878
0.916366
1.09747
0.104912
-1.00128
1.68215
0.460055
0.71051
-0.570534
0.631312
0.617225
0.236624
2.15414
-0.822717
-0.746324
-0.67234
1.41866
1.18011
-0.0711658
-1.10894
-0.0528256
-0.106718
-0.232255
0.20847
0.160689
1.35922
-1.51991
-1.37023
1.16297
0.207265
1.37023
-1.60401
0.248599
-0.324567
-1.58354
1.02199
0.0959313
-0.0931475
0.031835
-1.66277
0.12848
1.69128
-1.02618
-0.260437
-0.117972
0.132504
-0.485298
0.683204
0.283494
-0.0915015
0.180151
-0.0956809
0.198147
-0.268253
-0.621544
-0.0659691
0.704941
-2.07723
0.531442
-0.111686
0.503491
-0.391805
-1.05664
-0.924866
0.131603
0.658155
0.425261
-0.917409
0.140732
-0.389852
-0.206591
0.151513
-2.26114
1.19001
0.0616681
-0.0811221
-0.206023
0.0488751
-0.106846
-0.0777869
-1.36333
0.613357
-1.80691
1.19355
0.0813466
0.284536
-0.365883
0.0497604
-0.275185
-1.07402
1.35814
0.351771
0.420613
1.30503
-1.16233
0.214414
0.0571403
1.69036
-1.93489
0.244527
0.380612
0.44014
-0.834821
-0.000118468
0.391712
-0.541883
-0.0631555
0.0710693
-1.17958
0.179341
-0.0125996
-0.166741
-1.51826
0.219079
1.29918
-0.058418
0.0585238
-0.0149612
-0.00488714
0.0198483
1.20211
-1.16386
0.0368701
-0.0343532
0.597949
0.200696
0.0701158
-0.0608545
-0.095166
0.105771
0.224887
0.674026
-0.898913
-0.429224
-0.00606468
-0.920918
-1.01938
1.94029
0.171741
-0.0809311
0.284375
-0.880471
2.13744
-0.109428
0.121006
0.0685407
0.115636
0.128534
2.29937
-1.0959
-1.26668
0.858386
-0.507934
-1.25768
2.34506
-0.0837705
0.141481
-0.0657747
0.0704423
-0.0232761
-0.232823
-0.322997
0.213729
-0.310685
0.667151
-0.203429
1.25202
0.124393
-0.0755177
0.229512
-0.0112767
0.0445537
0.100409
0.0227739
0.465151
-0.85869
0.23537
-0.273902
0.0385315
0.161967
-0.0693197
0.237496
0.702163
-0.939658
-0.277666
0.147437
0.427427
-0.506642
2.49531
-1.08369
1.02353
0.887801
0.0431478
0.460795
-1.23868
0.372493
-0.51556
-0.369994
1.18179
1.06261
-1.5355
1.5355
1.52515
-0.905002
1.06431
-0.0594079
1.54259
-1.48318
0.912185
1.03226
1.3434
-2.502
0.11908
-1.07277
-1.35757
-0.169383
-1.45438
1.62376
-0.434224
-0.177117
0.0869631
1.26972
0.194188
-0.302758
-0.667608
1.61993
-0.952327
-0.189435
0.29868
0.00858729
-0.048326
0.0490214
2.57798
-1.08521
-1.49277
1.57188
-1.45532
1.10393
0.247769
0.0231589
-0.00578066
0.0102643
1.56218
0.490774
0.522985
0.917693
0.027467
0.221154
-0.248621
-0.382759
0.241033
0.203728
-0.220383
0.0166548
0.181439
-0.247377
0.0659382
0.412985
-0.390566
0.35821
-0.565862
0.644671
-0.567074
0.0449042
0.0341832
-0.00156798
0.232307
-0.177602
-0.0547044
-0.0897058
0.0861988
0.00350696
2.1216
-1.6823
0.194653
-0.216718
0.0220656
-1.53385
-0.377691
0.289277
-0.994632
1.90682
0.282576
-0.363163
2.69827
-1.35487
0.270537
-0.346192
-0.183474
0.552816
-1.28821
-0.442577
1.40771
1.3411
-1.10854
-0.103621
0.173947
-0.124365
-1.48207
-0.323188
0.317118
0.268423
-0.405386
-0.405595
0.312906
-0.108546
-1.34112
1.29256
-1.44376
1.50976
-1.13645
-0.58147
0.438874
0.734678
0.418873
-0.464494
-0.0827433
0.16992
0.365297
-0.535217
-0.403343
1.38548
-0.810712
-1.16298
-2.35962
-0.101404
0.0970628
0.00434079
-0.0383591
1.45546
-1.4171
1.23134
-0.187885
0.348718
-0.438973
2.13866
-0.86894
1.12371
0.656077
-1.77979
0.25287
0.030624
0.655962
-0.214319
0.220216
-0.836529
0.0112427
-0.9918
0.758516
-0.367941
0.251497
-0.107806
0.138226
0.330444
-0.417585
-1.06266
1.29897
-0.790122
-0.141116
0.0590045
0.192568
0.603527
0.424842
0.144766
1.77416
-1.55508
0.3258
-0.409431
1.55483
-1.3022
-0.0478236
-0.844256
-0.169557
0.0459839
1.00826
-0.0342525
0.00496455
-0.0170221
0.0102408
-6.28112e-05
-0.172396
0.0326945
-0.0476557
-0.537865
1.61803
-1.24363
1.18422
-0.506339
0.868497
-0.748971
0.126595
-0.443434
0.534512
0.340779
0.898817
0.603671
-1.50249
-0.748752
0.390466
-0.946659
-1.47782
-0.530329
-0.0057945
-0.108189
0.105837
0.00235216
1.41822
0.18496
-0.212183
0.126871
-1.76849
1.72528
0.628933
-0.174062
1.13094
-0.231008
-0.0482542
0.279262
1.1465
-0.25804
-0.767891
2.17658
-1.40868
-0.670452
1.54322
-0.872768
-0.368713
0.179278
0.132631
-0.0456641
-0.0668245
0.112489
0.616809
-0.949131
1.22593
-0.276801
-0.314663
0.122848
-1.54682
-1.88998
0.822207
1.06778
-1.61175
-0.21316
-0.476122
1.21532
-1.96112
0.197394
-0.953749
1.26507
-1.7954
0.429759
0.376095
1.17839
-0.459126
0.0147876
-0.0343235
0.0195359
-0.116988
0.0882981
-0.0473686
-0.00590331
-1.24822
1.25413
-0.264432
-0.385163
-0.0576183
0.123728
-0.0661094
1.29321
-1.00673
0.484873
-1.30178
0.816909
0.263346
-0.114682
1.66054
-0.795902
0.0525489
-0.258407
0.640901
-0.821269
0.0455927
-0.470332
-0.394639
-0.187666
0.558244
-0.370578
1.79692
-1.08095
-0.715966
-0.343942
0.237815
0.045048
0.398391
0.284813
1.50263
-0.160747
0.103129
1.89187
-0.774394
-2.02677
0.766595
0.500841
-2.16805
1.66721
-1.42249
-0.32379
1.74628
0.912298
0.875628
-1.52034
1.93489
-0.414545
-1.48159
1.30042
0.249552
0.611481
-0.861033
-0.100124
-0.839209
1.23817
-0.39896
-1.52034
0.931016
-0.139556
-0.225421
-0.16004
-1.07292
0.438387
-0.646984
-0.46617
-1.61555
0.881377
0.734176
-0.34412
0.252618
-1.92209
1.13142
0.790667
0.798482
-0.368723
-1.27068
-0.832054
2.28
-1.77916
1.96818
-0.166602
0.183477
1.76161
-0.431841
-0.890668
1.58672
0.928199
-0.934102
2.30065
-1.55191
1.26779
-1.30519
0.0374044
-0.0977933
0.00556376
0.0922295
-0.816488
0.0912776
-1.06052
2.10869
0.308638
-0.0867267
0.555921
-0.604937
-0.644419
1.61622
0.957936
0.551984
0.437267
-1.85976
-1.11183
-0.778153
-1.48
-1.33684
-0.69992
-0.915633
2.28147
-1.38315
-0.898316
0.88346
0.0315558
-1.80005
1.6823
-0.423843
0.324307
0.459063
-0.289143
1.77361
0.590348
0.336761
0.0762241
1.71612
0.00915829
-0.134615
2.40697
0.80379
0.0114419
0.302761
1.0014
0.742528
0.333637
1.08743
0.764927
-1.85236
0.114294
-1.61829
0.652142
0.297768
-0.121215
0.244942
-0.160176
0.373761
-0.363751
0.264005
-0.293875
0.0105611
0.987146
0.704137
1.40045
-1.22617
-0.174281
-0.190538
0.195401
0.558502
-0.0757824
0.0301183
-0.00529922
0.379574
0.461163
-0.546687
-1.74351
0.717331
-0.329149
-0.240949
0.32427
0.0510213
0.332069
-1.53402
0.62564
-0.19056
-0.0501969
-0.0969831
0.0602861
0.000672557
-0.0609587
0.0195658
0.418268
-0.00236221
-0.0422392
-0.357195
-1.60477
-1.08549
0.305536
0.779952
1.372
-0.544267
-0.82773
-0.744373
1.27012
-0.525742
0.782824
-0.165599
-2.18842
1.42053
-0.115751
1.55635
1.36448
-0.428164
0.0404973
-0.216886
0.176389
0.665939
-0.2691
0.0927977
-1.25666
1.57223
0.931511
-0.808887
-1.46074
0.788403
-1.24378
0.134841
-0.0286888
0.0157474
-0.206757
0.19101
-0.530375
-0.219404
0.190699
0.0287059
2.53675
0.493795
0.285369
-0.0101779
-0.21624
0.226418
1.34469
-0.568673
-1.62958
1.66113
-0.251428
0.211694
0.16965
-1.02402
-1.05322
-0.657324
1.60604
-0.948715
-0.817385
-0.635809
1.45319
2.17836
-1.71721
-0.461155
0.96261
-0.0124664
-1.11447
-0.910395
-1.3167
0.0115026
1.01901
-2.71446
1.69545
0.202574
-1.81433
-0.554612
1.51255
-0.543105
0.698915
-0.155809
-1.34614
-0.96457
-1.53715
-0.533765
-0.120538
-0.867608
-0.251746
-0.15918
0.410926
-0.660147
0.447946
0.2122
0.422692
0.0363715
0.695456
0.910584
0.0519483
-0.114554
0.120362
-0.0139012
-0.896697
0.934102
0.0129137
0.0183833
-0.896697
1.66999
-0.770463
-0.00795106
0.563166
-0.380758
-0.798879
1.87796
-1.07908
0.17143
-0.01829
0.909173
0.389794
-0.271244
1.40538
0.0512457
0.556701
0.436585
-0.496211
0.0596256
2.68297
-1.66396
0.701916
-1.31531
0.103016
-1.92518
0.686961
-1.63929
0.152913
0.0389632
-0.191877
1.59542
-0.89675
-0.698673
-0.308871
-1.57289
1.88176
-0.479433
1.52392
-1.54068
0.0167581
0.326138
-1.82117
-1.04717
2.2992
-0.342528
-0.286313
0.62884
0.198273
0.72744
0.867982
0.282269
-0.265722
1.69036
0.794282
2.53964
-1.38038
-1.49808
-2.39331
-2.13817
1.31545
-0.280973
-1.73256
2.16114
-0.238469
-0.964479
0.235895
-0.61107
2.19096
-0.958147
-1.59747
-1.80315
0.0839888
-1.57602
0.876104
1.3417
0.834879
0.927201
-0.0648474
0.583797
-0.51895
1.30341
0.79647
-2.09988
0.286976
0.571951
-0.725849
1.33266
-0.606812
0.336089
1.23579
0.34135
-0.0196703
0.185207
-0.723364
-0.448399
-0.440071
-1.75014
1.61553
0.808436
1.24149
1.29815
0.0934808
0.407116
1.48655
1.21172
-0.0204242
1.58183
-0.854385
1.44942
-0.718462
0.174782
0.102062
-1.58413
-0.0346617
2.31693
-2.28227
0.0161441
1.38431
1.66276
-0.975803
-2.59589
1.24537
1.35052
-1.66519
1.35632
0.622942
0.963783
0.00233457
0.197373
-1.2648
0.680194
0.863026
-1.57194
0.128176
-1.35439
0.240668
1.75014
1.69902
-0.994887
0.126026
-0.0134765
-0.112549
0.773267
0.808559
0.564736
1.71526
-0.347514
0.342807
-1.71911
2.28384
-1.50862
0.0746948
1.67029
-1.66113
1.62847
-0.933019
-1.88761
0.788264
1.06656
1.1244
-0.465582
0.923117
-0.457535
-0.307382
0.336257
0.0853512
0.245564
0.00481808
-1.28604
0.644264
-1.28067
0.375665
1.22791
1.35722
0.636179
-0.237788
0.26193
-0.227967
-0.54591
-1.31269
0.0133234
-0.890128
-0.951188
1.84132
-2.51051
0.731356
2.74406
-1.25493
-1.48913
0.932523
-0.161433
0.377259
-0.215826
0.223508
-1.96169
0.388803
-1.80603
1.00715
0.294485
-1.71974
1.42526
0.928199
1.88428
-1.44701
0.134682
0.278887
-0.00699425
0.23313
-0.455401
1.06619
-2.08223
1.01604
-0.711204
-0.74954
-0.352264
0.432548
-0.609665
-0.815062
-1.4647
-0.0498754
-0.00664698
0.0184089
0.361478
-1.85802
1.54068
0.317344
1.55608
1.18798
1.75735
0.925621
0.696852
-0.967723
1.00908
1.54818
-2.7678
1.10383
1.52392
0.446665
0.00510619
-1.62958
1.73457
-1.01723
1.34385
-2.72424
0.322332
0.116849
-1.51393
-0.0708405
-0.778731
0.235312
1.87807
-1.11315
-0.0716163
-1.43641
0.15187
1.28454
0.967723
-0.0395242
-0.0471162
0.393243
-0.405843
-0.313494
0.228242
0.276571
-0.27874
-0.237386
-0.0258416
-1.78273
0.892604
1.53826
-0.579237
-1.49407
-0.00980341
2.71693
-1.47157
0.00422963
1.97708
-0.761759
1.63482
-0.753444
-1.03051
1.50729
-2.48871
0.769602
-0.842118
0.102902
-1.12037
-0.705859
2.62043
-1.27658
0.779723
-1.52926
0.435357
2.36471
-0.451755
0.930043
-0.478289
1.58555
1.89135
-1.11642
-0.774933
-0.75969
-0.228831
0.988521
-1.22657
-1.85802
1.28072
-1.10736
-0.173355
0.00182649
1.10214
-1.10397
-1.37722
0.814096
0.0217197
-0.00653063
0.465568
2.26418
2.00192
-0.885445
0.433674
-1.05444
1.07059
0.0654716
-1.29164
-1.41403
0.00455443
1.40947
0.681607
-0.887634
1.14671
-1.54885
2.03207
-0.766993
-1.22574
1.22574
0.827472
0.720704
-0.409806
0.600673
-0.827132
1.6004
-1.41902
1.41902
-2.6098
-2.08205
1.24999
0.535456
0.128536
-1.42383
-0.848517
0.420492
-0.115951
-1.45605
0.0322193
0.103464
-0.637225
1.88088
-0.544345
1.81924
-1.2749
-1.39367
-1.48428
1.3149
-0.0717447
0.319643
-0.66217
1.54674
0.714049
0.557215
0.967935
2.58457
-1.65895
0.731725
0.400536
-0.783618
1.56334
-0.888882
0.200044
-0.882645
1.28072
-1.57144
2.867
-1.63238
0.868903
-2.27759
-0.716965
1.63377
0.50174
1.10736
-1.10281
-0.150855
0.676922
-0.178473
-0.498449
-1.4319
1.4319
1.67593
-1.06975
-0.606187
-1.50272
0.921513
0.591035
-1.61111
1.61111
1.05953
0.616406
-0.123962
2.10406
0.308505
0.0169634
-1.35846
0.0273052
1.85332
-0.402598
2.41984
-1.7216
2.46426
-1.19321
0.891229
-1.37775
-1.10281
-1.65088
1.65088
-1.52808
2.71605
2.69164
-1.5878
-1.78813
0.829359
2.27067
-1.40176
-0.977611
0.979438
-1.74326
1.0458
0.697464
0.360222
-2.18917
1.33993
1.10543
1.25928
-1.05444
-1.51052
1.51052
-0.015948
0.164047
0.988972
-1.00908
0.0201095
1.54518
-1.61553
0.0703454
-1.76274
0.986241
0.776501
0.589463
0.863731
0.28963
-0.988972
-1.54518
-1.13191
1.68912
-1.66168
2.43128
1.50835
-0.719948
1.07059
-0.683736
0.931991
1.01245
-0.716943
-0.892919
-1.37072
0.285382
0.72322
-1.77896
1.24581
-1.28923
-0.586445
0.439947
1.44182
1.17627
1.47051
0.453436
-0.0606537
0.193362
-1.29864
-0.878493
2.17714
0.835595
0.583069
-1.08931
-1.24864
2.33795
-2.33529
-0.843586
0.381457
-1.59081
0.521066
-1.39657
1.22781
-1.44897
1.82322
1.0204
-1.73734
-0.870066
-0.0224844
-0.661816
1.49741
-0.913795
0.922892
-1.15102
1.49393
-0.342906
1.46311
-0.766256
2.44365
-1.0052
-0.762218
1.78262
-0.867381
0.130302
0.924695
0.660857
-1.20103
-0.134669
-1.55185
-1.53362
-0.875068
0.436277
0.164331
-0.123834
-1.87913
0.767301
1.36212
-0.239929
0.942473
-2.34424
-0.84323
-0.0527228
0.239286
-0.958877
-0.896718
-1.55872
1.99867
1.26604
0.80769
0.81678
1.03269
1.20699
-0.412488
-1.25857
-1.4334
-1.04743
2.48083
-0.783214
1.68203
1.18277
-1.05117
0.634713
-0.207286
0.886089
-2.38957
1.50348
0.115561
-0.902618
-0.505894
-1.39282
-0.941349
-1.22776
0.499445
0.145226
-1.1959
-0.683236
0.54534
1.76249
-0.911998
-0.850494
-0.334871
1.69119
-1.00541
0.381894
0.682793
-1.87869
2.3014
-1.10345
-1.19796
1.85513
-0.413313
-0.377149
0.717536
-1.67598
0.958444
-2.72306
1.19498
-1.39095
-1.01981
-0.830258
2.21851
-1.15232
0.355902
0.0243773
0.00980588
-1.45815
1.12825
-0.336237
-1.05472
-0.35956
-0.601988
1.91934
-1.31735
0.981324
-2.43947
-1.49525
0.989762
-1.75198
-1.70354
0.846536
1.00838
-2.4012
0.843393
-1.24714
-0.193541
1.44068
1.46063
-2.46583
-0.871888
0.358428
1.01444
-1.62063
1.20141
-2.69666
0.705868
1.67979
-1.40664
0.0369008
1.15906
1.32849
0.526641
-2.13735
1.47337
0.663984
-0.000799401
0.14125
0.960891
1.27787
0.866451
-1.81964
0.953187
-1.59201
1.51098
-0.0497291
-0.800503
1.79026
-0.139604
0.739679
-0.691827
-1.60672
2.29855
1.22941
1.2659
-0.597419
0.374425
-1.38493
1.84886
-0.520368
0.572332
0.99485
-1.56718
1.56943
-2.64897
2.77083
-1.56745
-1.23684
1.91964
-1.24687
-0.631822
1.41987
-2.4673
0.128853
-0.916859
-0.759122
0.990697
-1.53314
0.542443
-1.60783
0.991863
-1.33477
-0.96199
0.040313
0.339261
0.191669
0.824559
0.689098
-1.60596
-1.56501
0.454132
-0.622128
1.52689
1.05109
-0.804951
-1.07435
0.898281
1.35502
-2.63159
0.664003
0.799105
0.0101567
-1.11237
-0.683031
0.174437
-0.00504522
1.40485
0.593823
-0.934364
1.64841
-0.158094
0.876627
-1.21286
0.793536
-1.70553
-0.715394
-0.86063
-0.00971759
-0.92461
0.682498
0.506828
0.930382
-1.43721
-0.629935
-0.77411
-0.201532
0.181754
0.860603
-1.81948
-0.00432453
0.466975
1.27931
-0.0987234
0.0827503
0.015973
-0.0400307
0.602758
0.894652
1.93149
2.56913
-1.53644
-0.973867
1.60827
-1.15098
0.55047
0.695473
1.45878
0.00696037
1.49869
2.65376
-0.936084
-1.50339
-0.0153931
-0.0545074
0.0699005
-1.34456
-0.137027
-0.187525
0.468083
-0.458142
1.5081
-0.148884
0.370408
-0.699507
0.329099
0.0126513
-0.0295134
0.031983
0.0241706
0.614136
0.860839
-0.249744
1.93189
1.45648
-0.639279
0.217137
-0.428379
0.172868
-0.21294
-0.62921
1.4726
0.891077
0.315403
-0.601716
2.06719
1.52444
2.50109
-1.5782
-0.836647
-0.450322
1.60938
1.03388
1.50915
-2.35111
-0.994676
0.662393
-1.21007
0.547675
0.0250858
-0.0219301
0.0417784
0.788729
1.36921
-0.326561
-1.04265
-0.16649
-1.34213
-0.1772
-1.0678
0.705252
1.17563
-0.063331
-1.40698
-0.189758
-0.0332968
-0.106673
0.139969
0.658113
-0.612145
1.57174
-0.959597
1.59211
-1.1782
-0.41391
1.04837
-0.0162198
1.34106
0.990927
0.395347
-0.882196
-1.46988
-0.560921
-0.518888
1.07981
0.0274436
1.2121
-0.538576
0.123941
0.414635
2.69007
-1.42403
-0.859304
-1.09793
-1.02835
-0.389514
1.41786
-0.00365725
-0.926511
-0.131328
0.568098
-1.84639
1.58488
-0.588965
-1.09962
1.24087
-0.118897
0.0959542
-0.228424
-1.55522
0.943076
-0.101655
0.388631
0.0372356
2.55032
-1.22918
-1.32114
0.629153
-1.15187
1.66642
-0.0238259
-1.23109
1.25492
1.13995
0.998706
0.0710892
1.51294
-1.00929
-1.07294
-0.16939
0.0864495
-1.55645
0.350994
-0.0568499
-0.661794
0.0721611
1.47816
1.07216
-1.01159
1.7017
-0.690102
1.15788
-0.638358
0.213733
-1.5713
0.964186
-1.50275
0.538566
0.406682
-1.70231
-0.875378
1.52773
-0.790036
1.81243
0.346026
-0.176376
0.0633954
-0.0633954
0.191704
-1.19843
-0.854141
0.729554
-0.298461
-1.47436
-1.22837
1.11273
1.31228
0.0930421
0.191333
-1.14799
1.66905
1.2189
-1.73927
-2.51006
1.00667
0.0897518
-0.322575
-0.394995
1.11506
0.330283
-0.92531
0.607216
-1.44368
2.57192
-0.164158
0.0764541
1.21008
0.00780889
-0.51124
-1.15497
-0.55276
1.77166
-0.052748
-1.63267
0.698302
0.0211989
1.03548
-0.263656
0.0221102
0.241546
1.2185
-0.122282
0.349579
-0.744217
0.0607318
-0.0607318
-0.770895
-0.00194319
-1.75444
0.89381
0.0617656
-0.0448931
-1.51913
-0.0389437
-0.217468
-0.15735
-0.0645865
0.104587
1.46875
-0.651971
-0.130213
-0.476948
0.845636
-1.09353
-0.275737
0.00550538
0.270231
-0.0951156
-0.116318
-0.092626
0.168815
-0.970365
1.49871
-0.727178
-0.254437
0.461394
1.2982
1.16607
0.665159
-0.294751
-0.0471928
0.839541
-1.00364
2.15019
-0.813053
-1.34755
2.16061
-0.873595
0.609886
-0.0777693
-0.0703186
-0.0882678
-2.65321
-0.146989
1.09986
0.355145
-1.455
-1.54367
0.0883512
0.714681
-0.195302
0.100876
0.424896
-0.950768
-0.687508
-1.77142
0.209879
-0.120127
-0.103087
-1.49048
0.539713
-1.52754
1.6169
0.0933348
1.15689
1.19344
-2.35034
-0.249857
0.168932
0.79521
-0.00714248
-0.115776
-0.908824
0.443242
-1.28415
0.211234
0.958613
-0.559924
0.355453
1.07283
1.15308
-2.22591
-0.110937
-0.485496
1.14365
0.86097
-0.878832
-0.940648
-0.108529
-0.434472
-0.022981
0.94149
0.0879485
-0.248623
-0.353574
-0.909446
-0.174525
-0.0917854
-0.194261
0.127485
0.0244381
1.11629
-0.0971982
-0.72632
0.948194
-0.246856
1.37903
0.440827
0.920352
-0.838188
0.154476
0.988301
-1.74496
-1.20523
2.23239
0.00993436
0.00283086
-0.172084
1.06773
-2.27297
1.45062
-1.00829
0.734436
-0.152496
0.42414
-0.771858
-0.508809
-0.16116
0.0700549
-0.981843
1.43528
0.397423
-1.42577
-1.62961
0.939511
1.87922
-0.847084
-1.03214
0.88522
-0.323352
0.22361
0.384126
-0.607735
-1.0692
0.508283
-0.686537
1.87347
0.494716
1.30409
-2.37959
1.0755
0.75544
-0.517945
0.00916792
-0.154775
0.824438
-0.155321
-0.485256
1.456
-0.970745
1.1337
-1.44693
0.313227
-1.07265
-0.679343
1.77573
-0.78949
1.21539
-2.41334
1.12717
-0.486267
-1.30787
1.7327
0.201142
0.339024
1.35617
0.292069
1.05925
-1.35132
-0.468345
0.202408
0.810918
-1.05614
-0.705039
-0.796771
1.50181
0.468774
-0.950022
-0.178843
0.00306381
0.17578
-0.481747
2.20549
-1.57681
-1.83002
1.24671
1.23771
0.0164117
0.600808
-1.87571
-0.405212
0.141556
-0.0329985
-1.41597
0.412053
-0.676485
-0.370727
-1.30579
-1.60758
0.495207
-0.632229
-0.252144
-0.334139
0.875152
1.06929
-0.192356
1.29222
-1.43908
2.59597
1.21598
-1.24933
-0.0241637
0.492508
-0.728684
-0.382883
1.11157
-0.0551192
-0.0317805
1.53912
-0.40209
-0.0559814
0.000945502
1.03473
-1.17425
-0.0734135
-1.39602
-1.31832
0.304478
0.158969
-1.25859
-1.07845
1.77592
2.40883
0.123349
-2.37
1.28479
0.612074
0.953024
0.0846614
-0.627767
-2.36255
0.840828
0.24654
0.924449
0.265897
-0.772778
1.71229
-0.00942224
-0.0355101
0.0449324
1.31439
-1.33822
-1.09711
-0.0230854
0.469909
0.312915
1.54228
0.391549
-0.753118
0.065545
0.835082
-1.46736
-0.978495
0.580097
-1.1094
0.654246
1.13984
-1.45578
1.58396
-1.02953
-0.953373
1.69246
0.39435
-1.12105
-1.84223
0.847555
-0.0791479
-0.680629
0.323434
-0.389418
1.14586
-0.326963
0.075217
-0.119023
1.18361
-2.33593
0.939522
-0.390423
0.534921
-1.98193
-0.966102
1.43208
-0.086388
-1.17027
-1.35342
0.244883
0.0170532
1.92258
0.0456034
-1.38232
1.53097
-0.148659
0.525628
1.5449
-2.07053
-1.27862
0.766341
-1.09245
-0.388845
1.4813
0.47161
-0.654295
1.38785
1.44047
-0.900753
-1.58607
0.0186188
0.659772
-2.00199
-1.22973
1.34078
-1.88794
0.547158
1.37713
-0.983353
-0.0430554
1.02641
-0.328138
0.538162
-0.202115
-0.336048
-0.551994
0.222844
0.0351456
1.63677
-1.03484
1.79408
0.569191
-0.189165
-0.380026
0.192039
0.482905
-0.474543
-0.18801
-0.317036
1.07555
0.00367563
-1.10764
-1.19235
0.916694
-0.184522
-0.732172
-0.0823485
-0.0184008
-1.85724
-0.549796
0.855332
-1.15809
-0.143693
-1.42345
-1.25088
1.11623
-0.569904
-1.40221
-0.664359
-0.159011
0.415545
-0.928791
-1.15575
0.478252
2.00741
-1.4066
-0.750841
0.323346
0.312833
0.639643
0.994124
1.61001
0.905356
-1.04625
-0.898995
0.527351
-0.847249
1.37282
2.27598
-1.20315
1.1498
0.18807
0.371338
-0.38966
0.0183212
0.182206
-0.00440624
1.11085
-1.34513
-0.852565
1.07841
-0.721527
0.859021
0.0951689
0.195937
-0.566642
-0.987715
-0.184572
1.17229
1.47304
-1.66648
0.193446
-2.25248
1.07291
0.194527
-0.505135
1.15807
-0.704588
0.0440014
0.00357953
1.37278
-1.23721
-0.135568
-1.21292
0.145123
-0.314069
-1.18284
0.295047
-0.456046
0.160999
0.409989
-0.278543
0.237456
0.179448
-0.34722
0.666863
-1.48857
-0.461656
0.813427
0.530046
0.204552
-0.0214856
-0.621276
1.11658
1.11581
0.944598
-1.37934
-0.0303681
0.0935043
-0.0935043
0.522937
-0.354818
-1.09245
0.83686
-1.21974
-0.0283949
-0.301748
1.09111
-0.0255417
-0.122039
-1.32489
1.52397
-2.19213
0.0134006
0.933791
-0.206492
0.513048
1.06419
-0.295176
0.323663
-0.0284873
0.974098
-0.0668812
-0.907217
-1.09426
0.345254
-1.99455
1.6493
-0.227598
-1.05576
1.15726
-0.101495
0.529499
-1.62195
-0.956677
0.0444849
-1.36232
0.040907
-1.23931
1.20095
-1.3847
1.28847
0.0962248
0.0721622
0.273864
0.43703
-1.97065
1.13429
-2.24677
1.11247
0.0328307
0.000585886
-0.276324
-1.07593
0.411748
-1.50058
0.137249
0.846049
1.07529
-1.92134
-0.440364
0.746389
0.132313
-0.0380947
-0.0942187
0.236224
-0.236224
1.41026
0.276461
1.81384
1.67284
0.465884
-0.898851
0.00784311
0.200284
0.610805
-1.44033
2.47581
-0.136496
1.60953
-1.59228
-0.456955
-0.517033
0.465838
-0.652258
-0.682554
0.264667
0.417887
-1.22936
1.29644
-0.0670868
0.56404
-1.3359
1.07555
-2.02368
0.948132
1.40919
-0.12383
0.206732
-1.42772
-0.0559403
-0.504913
-1.1029
1.20592
-1.42924
-0.00717465
0.705426
0.0868811
-0.901383
-0.727321
0.156787
-0.0727075
0.311987
-0.130233
0.88826
0.520932
-0.19412
0.203085
-1.50677
-1.51105
1.55426
-1.53469
-0.940825
1.81645
1.45246
0.916531
-0.217249
1.71809
0.443052
1.10429
0.201643
-0.0136789
-0.354262
-1.1101
-0.143421
-1.2526
-0.953724
0.0111106
-0.0111106
0.712861
-0.249634
0.955945
-1.66098
0.00263044
-1.77803
-0.0154773
0.0154773
-1.22825
1.62418
-1.31096
-0.024772
0.024772
0.38344
1.20996
-0.00931067
0.439379
-0.0327165
0.0327165
0.706747
-0.0341318
0.0341318
0.0662663
1.24584
-1.31211
-0.0721013
-0.0409557
0.0409557
0.207279
-0.0694358
0.0533579
0.0160779
0.0213697
-1.15782
0.737835
-1.50409
-0.487779
0.0400723
-0.0400723
-1.61444
-0.589875
-0.249106
-0.350206
1.03792
-0.687716
-1.26063
-0.0437588
0.0437588
-0.0626199
-0.0562771
-0.038355
0.038355
-0.502101
-0.437557
0.0348931
-0.0348931
-2.10675
-0.772723
-0.0399236
0.0399236
0.371258
0.822506
0.0219794
-0.0219794
-0.0372528
0.0372528
-0.742517
0.0141169
-0.0141169
-0.0371263
0.0371263
-0.625002
0.874554
0.00564334
-0.00564334
-0.51728
0.135765
1.42642
-0.764479
0.00491501
-0.00491501
-0.0503534
0.0503534
-1.33402
-0.185883
-0.70664
-0.513103
0.00258044
-0.00258044
0.585768
0.107258
-1.3151
2.28016
-1.71206
0.0715951
-0.112253
0.0406583
-0.196951
-1.37435
0.00376002
-1.05145
1.33682
0.53346
0.00590175
-1.94743
1.07849
0.154998
-0.089589
-0.0654087
0.0423427
-0.0423427
0.0152242
0.0930384
-1.26331
-0.583021
0.462483
-0.00409429
0.00874116
-0.00874116
0.0116801
-0.0116801
0.013868
-0.013868
0.0157175
-0.0157175
0.0185551
-0.0185551
1.69317
-0.0203293
0.0205277
-0.0205277
-0.020942
0.020942
0.105964
-0.0469107
0.0469107
0.304547
-0.0214896
-1.26312
1.16703
-1.93402
0.662982
0.960781
0.0197524
-0.0197524
-0.0520564
0.0520564
0.0189373
-0.0189373
0.483337
-0.465124
-0.0757449
0.110789
0.0193337
-0.0193337
-1.35596
0.034156
-0.034156
0.624503
1.31843
-0.476802
-0.326325
0.880746
0.0179591
-0.0179591
-0.0411049
0.0411049
0.0184787
-0.0184787
-1.31546
0.518691
0.452849
-0.322606
-0.130243
-0.00330533
-1.30185
0.20832
-0.0432907
0.0432907
-0.281626
1.35596
0.154563
-1.17053
0.00867283
-0.00867283
-1.6254
-0.0450582
0.0450582
2.36847
-2.02769
-0.0083444
0.0083444
-0.0444682
0.0444682
0.184476
-0.184476
1.0241
-1.83562
-0.00606303
0.00606303
-0.0450541
0.0450541
-0.557884
0.983021
-0.425137
0.917531
-1.68799
-0.363964
-0.409247
0.773212
-1.256
-0.0356381
0.613485
0.859118
0.00740156
-0.00740156
-0.0208624
0.0208624
-0.0364313
0.0364313
0.77715
-1.57305
0.946026
-2.38635
-1.42047
1.42047
0.633146
-1.27203
-0.615287
0.411858
1.85944
0.0107069
-0.0107069
-0.0475081
0.0475081
-1.01556
-0.489692
0.0130691
-0.0130691
-0.0524936
0.0524936
0.459845
-0.551017
-0.171519
0.190956
-0.0549801
0.0549801
0.0174915
-0.0174915
-1.67232
0.762874
-2.12407
0.972196
0.00570394
-0.00570394
-0.608029
0.376151
-0.0623588
0.0623588
0.0322169
-0.0322169
-0.0492633
0.0492633
0.0350374
-0.0350374
-1.17958
0.993128
-1.30518
0.0191374
0.798227
-1.46002
-0.0473295
0.0473295
0.0610999
-0.0610999
-0.0952548
0.0952548
0.00390601
-0.262313
0.523976
0.0368335
-0.0368335
-0.110432
0.548277
-0.0503565
0.0503565
-0.555356
0.916906
1.23328
0.0396488
-0.883904
0.0530121
-0.0530121
-0.0518479
0.0518479
-1.22701
1.19401
-0.653404
-0.485986
1.13939
-1.43849
-1.12705
0.794531
0.131523
-0.474955
0.343432
0.0522087
-0.0522087
0.0021244
-0.0021244
-0.0475769
0.0475769
0.38398
0.23242
-0.193457
0.307834
-0.632002
0.324168
-0.215719
0.238493
0.26172
-0.129636
-0.132084
0.133921
-0.133921
-1.40707
1.40707
-0.0475964
0.0475964
0.529855
-0.454576
-0.448958
0.110215
-1.14218
-0.0444288
0.0444288
0.0992861
-0.0992861
-0.162561
0.0108486
-0.885518
1.62797
-0.0787713
-1.18186
0.93264
0.0378638
-0.0378638
0.00293356
0.0546706
-0.0546706
1.41674
1.12
-0.572924
-0.25537
-0.525478
0.337953
0.338275
-0.361256
-0.0917748
-0.0943662
-0.571089
0.665455
-1.771
1.08797
0.0267377
-0.0267377
0.341462
0.819803
-0.0593228
0.0593228
-0.744551
0.874853
-1.00995
-0.132058
0.059128
-1.23871
0.0156149
-0.0156149
-0.0610132
0.0610132
-0.0619286
0.0619286
-0.0710965
0.0710965
-0.0660513
0.0660513
-0.0691151
0.0691151
-0.0673629
0.0673629
0.211655
-0.242918
0.0594436
-0.0695213
0.0695213
0.90144
0.084062
-0.084062
-0.350123
0.372188
0.236313
0.00444711
-0.00444711
0.964587
-1.7478
0.623386
-0.0380208
-0.0179606
-0.120548
-0.359175
0.479723
-0.00633135
0.00633135
0.404179
-0.0142388
0.0142388
-0.0124245
-0.0207819
0.0207819
1.3611
0.891995
-0.0629067
-0.0217274
0.0217274
0.0792527
-0.159234
0.385199
-0.0501896
-0.335009
0.016272
-0.016272
-0.147303
-1.05113
0.150157
-0.33001
0.571611
-0.627551
-0.945026
-0.129319
0.660408
-0.0766109
0.49418
0.133108
-1.07497
-0.891162
-0.632812
-0.0455522
0.0867637
0.0248517
0.877248
0.137975
-0.00520209
-0.100486
1.09412
1.19541
0.0794043
-1.27482
0.690579
-0.157118
0.222511
0.973382
-0.844779
-0.128603
0.515576
-0.0711599
-0.0528024
-1.3756
0.96385
0.411754
-1.3948
0.752632
-1.03512
-1.77917
-0.171556
1.95073
1.4403
-2.00473
-0.836892
-0.892314
-0.912414
-1.33619
-0.00894237
0.070352
-0.070352
0.149519
-0.428151
0.521631
0.153359
-0.272526
0.489663
-0.00646229
0.00646229
-0.183082
-0.82881
-0.0538354
-0.939721
0.864978
-0.158231
0.433768
-0.344537
0.751113
-1.39039
-0.330071
-0.0521333
0.641672
-0.631116
-0.260046
-0.823514
-0.172292
-0.311545
-0.0956171
1.80897
1.30622
-0.0603763
-0.0167088
-0.383952
-1.36732
0.623388
-0.0879321
-1.0685
1.73034
1.38308
-0.109646
-0.118714
-1.63334
-1.34474
0.252288
0.0292924
-0.0124562
2.7003
-1.53424
0.211704
-0.0157671
1.25895
0.246108
-0.63596
0.212165
-1.10688
-1.09263
0.680141
-0.2571
-0.776877
-0.412763
-0.545592
-0.0978119
0.0978119
0.0190132
-0.0190132
-1.07708
0.0622454
-0.470219
0.407974
-0.586849
1.37917
-0.644188
-0.936623
0.528136
0.170779
-0.851977
0.246484
-0.299207
0.613968
-2.33365
1.61266
0.720986
-1.09464
1.05158
0.838247
-0.25147
-0.586777
-1.11772
-0.00601835
0.00983992
1.02754
-0.901005
1.63884
1.16913
-0.345133
0.816743
-0.0878522
0.0355215
0.904874
-0.301348
-1.00701
1.00701
-1.24398
0.252236
-0.132754
-0.119482
0.742294
-0.277143
-0.379645
0.218898
-1.51804
1.5348
0.252665
-0.426728
0.861735
-0.906459
0.0447245
-1.59025
-0.47515
-0.110952
0.0635833
0.851977
0.709448
-1.22295
0.513503
0.171787
-0.00026852
0.297202
1.13079
-1.428
0.689418
0.136047
-0.628152
0.316607
0.343605
-0.164328
0.208586
0.00310789
-0.69412
0.835705
-1.21795
0.198979
2.2604
-1.46519
0.137044
0.0983977
-0.0743933
-0.0240045
0.219146
-0.495725
0.276579
0.199298
0.111714
-0.111714
-0.283647
0.705609
0.681129
1.09962
-1.09962
0.0836401
0.0773836
0.100302
-0.594622
1.0854
-0.216511
0.655384
0.366006
-0.12819
2.23989
-0.896078
-1.02959
0.147396
-0.129747
-0.284126
0.413873
0.256088
-0.455629
-0.47406
-0.0546951
-1.13814
-0.0323906
1.20081
-0.428079
0.870265
-0.442186
0.349918
-0.0972992
0.973303
-0.147891
-0.0177751
0.710627
-1.78357
0.969004
0.898133
0.0708709
0.916657
-0.942209
-0.475262
-0.0334858
-0.296586
0.969301
-0.892817
-0.0764837
0.0616949
-0.287116
-0.0909239
-1.76092
0.527681
-0.112755
0.504388
0.0337739
-1.28106
2.12189
0.00518368
-0.10821
0.163706
0.805454
-0.872336
-0.0038396
0.0038396
-1.54255
0.436275
-0.111968
1.96301
-0.5229
0.71433
-0.118848
-0.020817
0.0727653
0.489077
0.107551
0.139389
-0.0805111
0.241406
-0.0908837
-0.165455
0.256338
0.0357315
-0.0357315
0.134587
-0.134587
-0.759536
1.67707
0.711368
-1.96001
-0.017213
0.017213
0.942209
-0.592929
0.212171
0.0586763
-0.954965
0.896288
-0.209107
-0.114116
-0.386679
-0.64154
0.354653
0.302219
0.350051
0.629963
-0.468637
0.904914
-0.00492105
0.00492105
-1.7692
2.21225
-0.105828
0.105828
-0.0800058
-0.192901
0.480676
-0.287775
-1.12324
-0.173428
-0.613027
-1.21148
-0.243529
0.553829
-0.741496
0.416983
0.439519
0.194676
0.84993
-0.681114
-0.325092
0.515101
-0.19001
0.515396
-1.3489
0.19792
1.57333
-0.733791
-0.248534
-0.296997
0.545531
-0.278424
0.690478
0.00804345
0.0837385
-0.091782
-1.25586
-0.441997
0.282818
0.584833
0.116627
0.037849
-0.893082
0.508756
-0.0263996
0.330553
-0.571502
0.0916568
-0.253612
-0.354417
-2.12658
-0.767818
1.34721
0.262317
0.0103849
-0.0103849
-0.105133
-0.916123
0.0322182
0.0240588
0.669525
-1.27634
-0.0450713
0.207781
-0.16271
-0.0986931
0.0986931
1.98586
-0.327968
-1.6579
0.707507
-0.326894
-0.863997
0.407042
0.222595
-0.297797
0.399988
-0.110436
0.299853
-1.42309
-0.789713
-0.00832637
-0.957197
-0.147386
2.34942
-0.0607099
0.0401601
0.0205499
-0.508049
0.269283
0.0964546
0.939576
-1.69911
0.327219
-0.204371
-0.300131
-1.25088
0.760435
0.315117
0.0961936
-0.0961936
0.820401
0.206007
-0.535253
0.262928
0.224991
0.225189
1.46798
-0.207278
-0.475276
-0.171876
1.39664
-0.853862
1.56449
2.21679
0.0703077
0.131112
0.295334
1.58627
-0.665921
-1.40508
1.34201
-1.60729
-0.744156
-0.369792
-0.487211
0.220446
0.266765
1.44079
-0.109627
0.10378
-1.011
-0.0907393
-0.157321
0.51868
-0.072015
-1.54886
0.174505
1.00667
-0.065019
-0.837599
0.174843
2.10693
-0.966976
0.569128
-0.829565
0.364835
0.127674
2.0442
-0.0853593
-0.292955
-0.518171
0.741679
0.60381
-0.575652
0.154551
0.206844
0.920684
-0.282741
-0.209415
0.492156
1.12979
0.658116
1.65881
0.480037
-0.0416177
0.00293356
-0.154587
-0.232856
0.387443
0.274988
-1.27707
-0.969699
0.0752169
-0.219777
0.585073
1.11734
-0.639087
-0.923328
0.00931644
-0.0595889
0.209854
-0.524947
1.21624
-0.136693
0.120745
0.222789
0.444002
-0.663688
0.597438
-0.332771
-0.352125
-0.129094
0.48122
-0.900605
-1.02073
0.023567
0.00268545
-0.477409
0.397403
0.795768
-1.57887
0.783105
0.365033
-0.269356
-0.0956765
0.94339
-0.390574
-1.01416
1.31193
0.0610946
-0.000808492
-0.0263528
-0.386007
-0.159902
0.399089
0.301568
-0.351249
-0.273376
-0.0775124
0.350889
1.31245
0.142159
-0.142159
0.603328
-0.115833
-1.47645
-0.11474
-0.27492
0.780068
-0.40881
-0.192781
-0.416884
-0.0108197
0.0108197
-0.249235
-0.143684
0.392919
-0.477028
0.244042
-0.00794455
-0.181017
-0.274384
0.555192
-0.875944
-0.662955
1.7737
-1.64485
0.0366877
-0.993303
-1.21691
2.3816
-1.65204
-0.206293
-0.318655
-0.278974
-0.188312
-0.613865
1.24383
-0.390342
-0.271828
-0.239083
-0.276317
0.5154
-0.288891
0.483417
-1.27158
1.00233
-1.92566
-0.00908265
0.0332532
-6.28096e-05
-0.330356
-0.126451
0.738526
-0.207326
-0.114129
-0.185422
-0.200601
0.386023
-0.268654
0.667507
-0.0378883
0.0653319
0.113373
-0.17511
1.67765
0.00171724
-0.456039
0.987525
-0.531486
-0.00603941
0.371905
-0.365865
-0.233111
0.0417073
-0.00901283
0.574562
-1.32768
0.0250936
-0.393334
0.616122
0.428673
-0.305321
-0.123352
0.929465
-0.929465
-0.00156856
0.0614044
-0.207692
0.142284
1.19246
-0.0466382
0.0505939
-0.00395564
0.212277
1.57893
-0.80178
-0.761657
0.0188271
0.41653
1.29372
-0.584988
1.52456
0.00267073
0.871332
0.941094
-1.61214
-0.235302
-0.0325409
0.0223536
0.0101873
-0.0398627
-0.00786247
-0.315161
0.255403
0.000126541
-0.16789
-0.346821
-0.0451698
0.0451698
-0.208068
-0.244127
0.452195
0.233684
-0.286432
1.28951
-0.00847356
0.003027
-0.888533
-0.263745
0.224802
0.313845
-0.430162
0.243724
-0.836874
1.54688
0.032405
-0.451535
-0.617668
-0.06338
-0.144312
-0.41378
0.0761638
-0.128966
0.279599
-1.96949
0.461739
0.681913
-0.33875
0.260981
0.111512
0.371393
0.669536
-0.194925
0.276826
0.407523
-0.68435
0.0904089
-0.0531733
-0.450865
1.34467
-0.910616
-0.478042
0.869592
0.460173
-0.0455372
-0.208297
0.620154
1.01718
-0.48133
-0.666377
1.39576
0.306288
-0.653508
-0.0451633
-0.277411
-0.039833
0.322663
0.232453
-0.431849
1.35325
0.84932
0.843143
0.0128328
0.739108
-0.437807
-0.301301
0.339077
-0.2217
1.7831
-1.36611
0.349955
-0.465731
0.724457
0.952609
-0.48254
-1.28213
0.0652215
-0.00456803
0.226551
0.256848
0.00904952
0.00052189
0.00464687
0.522717
0.0029389
0.00218796
0.00184948
-0.0183575
0.00283763
-1.31456
1.86434
-0.351109
-0.00118956
-0.574535
0.986282
1.20548
-2.0728
0.867321
-0.00249263
0.0543838
-0.000815107
0.455766
-0.664063
-0.0136415
0.0136415
0.0785126
0.00423771
-1.02056
1.5846
0.0614044
-0.262306
0.680193
0.000396349
-0.667368
-0.531841
0.362451
0.0695965
-0.00137461
-0.820419
-0.216133
-0.00694883
-1.29319
0.0875448
-0.315969
0.000519649
-1.3664
0.315272
0.182783
-0.261981
0.726898
-1.54732
-1.04571
0.188689
-0.129543
0.129543
-0.0021858
-0.0655232
7.958e-05
-0.177951
0.184422
0.0484198
1.67748
0.46455
-1.68757
1.81391
-0.00176756
0.311672
-0.023429
-1.13439
0.0267031
-0.0961388
-0.149782
0.728865
-0.572078
-0.167941
-0.512739
0.322179
-0.127374
-1.13593
0.835433
0.00059004
0.171785
0.493374
0.858951
1.53285
-0.652102
1.13488
-1.07575
0.638438
0.350083
0.33449
0.460323
0.346319
-0.281948
0.256406
1.28401
0.0209755
-0.743724
-0.322127
0.183126
-0.213494
1.14188
-0.613226
-0.0145413
0.505128
-0.210081
0.371824
0.335683
2.2078
0.155135
-0.0809825
-0.0312709
-0.00264046
0.150743
0.340903
-0.491646
-1.08609
-0.703166
-0.894525
0.122169
-0.0345741
-0.0875948
0.503573
-0.928711
0.00783349
-0.843808
-1.48075
-0.0517482
-0.346188
0.364597
0.156136
-0.00248653
0.00442244
-1.30924
-0.00518884
0.309438
-0.396165
-1.10989
-0.594688
0.446797
1.43568
0.493196
-1.13228
0.569457
0.803365
-0.579591
0.17182
-0.0418345
-0.0505542
1.45981
-0.49596
-1.02635
0.43422
-0.0481693
-0.908742
-0.377425
0.296364
0.0919459
-0.0283626
0.00193381
0.0260625
0.961151
1.04626
0.532533
0.717437
-0.694686
-0.695705
-1.14228
-0.62256
0.909639
-0.464094
-0.370675
-0.189595
-0.34975
0.288888
-1.13974
-1.83498
0.100469
-0.245359
0.292378
-0.0470181
-1.35455
-0.914083
-0.000803362
1.47224
0.00427101
-0.361623
-1.43278
-0.301524
0.251335
-0.358958
0.344295
-0.455141
0.110846
0.125163
-1.94223e-05
0.326368
0.381809
-0.152659
1.8411
-1.71431
-0.701824
-0.195464
-1.34952
-0.0298246
0.0192565
-0.0154965
-0.011571
0.95734
0.11808
-0.0330475
0.0400079
-0.0740047
1.48834
-0.918881
-0.006565
-0.828804
-0.0591036
0.0126047
0.0464989
1.5756
-0.848702
-0.541038
-0.392874
-0.242201
0.635075
-0.557821
0.162347
-0.555681
-0.0111261
-0.00465223
0.430209
-0.622989
1.21063
0.458647
0.00175058
-0.185259
-0.409428
1.69616
-0.907892
-0.310125
0.216846
-0.0111228
-0.147087
-0.0458009
0.357506
-0.313505
1.4306
-0.637529
-0.325754
0.555333
-0.229579
0.334533
0.33233
-0.769139
-0.576787
-0.000915402
-1.16482
0.629566
0.263066
-0.384895
-0.0111678
0.734574
0.595733
-1.33031
0.00175222
-0.39066
0.270112
-0.00215842
-0.257675
-0.41881
0.102714
-0.432575
-0.578159
0.339077
0.176194
-0.0107785
-1.35846
0.301135
0.537459
0.620616
-0.00790748
0.103768
-0.645085
0.349268
-0.00654311
-1.12748
-0.133043
-0.609385
0.474267
-0.577711
0.492989
-0.511172
0.192518
-0.694446
1.20795
1.859
-1.09265
0.0296754
0.838468
-0.751704
0.573545
0.0888107
0.132654
-0.181681
1.19203
0.377816
-0.366967
-0.0149502
0.358387
1.06913
0.74807
-1.0948
-1.00089
1.10339
0.419572
-0.0367998
-1.24778
-0.475102
-0.687246
2.29991
0.869688
-0.462164
0.0102408
0.307081
-0.509196
-0.293619
0.115336
-0.452563
0.511918
0.299672
-0.625315
0.325642
-0.0817552
-1.16913
-1.36095
0.134744
0.0876275
-0.601562
0.502925
-1.12911
-0.564923
1.76276
-2.00123
0.0278161
0.979053
-0.589152
-0.389901
-0.0993073
0.0526691
0.41023
0.00934222
-0.381229
0.534588
-0.286736
-0.155262
1.0304
1.21619
0.213074
-1.08845
-0.0057945
-0.0317119
0.103873
-1.0046
-1.12673
-0.213608
0.0988357
-0.0963492
0.811526
-0.189629
-0.273411
0.46304
0.320624
-0.207112
-0.280099
0.198734
1.21507
0.689356
0.335221
-0.00886857
-2.05322
-0.018448
0.0235542
-0.266059
0.358057
-0.994616
-0.305208
0.0428945
-0.103614
0.118853
-0.0152389
-1.16029
0.724101
-0.732202
1.69081
0.0464294
0.44656
0.903971
0.0275398
0.789218
-0.00199103
0.0356289
-0.0368184
-0.327684
0.040827
-0.0422016
-0.134359
-0.695074
-0.283676
-0.115242
0.58081
0.447934
0.351779
-0.509129
-0.0825327
0.0852034
-0.507167
0.302332
-0.111959
0.598287
0.462421
0.0155632
-0.0155632
0.00545222
0.0370708
-0.0341319
-0.867114
0.213277
-0.632692
0.0139019
-0.0306604
0.134124
1.22195
-0.0283922
0.26106
-0.343523
0.0824634
0.553233
-0.236626
0.318887
0.0447653
0.0672741
0.0346872
-0.310369
0.43581
-0.432826
0.369919
-0.500633
-0.189187
0.491519
-0.583951
-1.69832
-1.1477
2.3598
0.627919
-0.349031
1.63559
0.409819
-0.0715438
-1.39861
0.261308
-1.23104
1.58254
-0.351497
0.0351181
-0.0351181
0.270957
-0.47637
0.205413
0.206877
-0.0913397
-0.115537
-0.274612
0.495058
0.0115751
-0.65493
0.787561
-1.35695
1.85167
0.504365
0.553553
-1.28734
-0.0302367
0.440469
-0.260062
0.201793
-0.377475
0.0140922
0.431485
-0.443056
0.0101782
0.00247312
-0.00407844
-0.0566534
0.0729221
-0.0409391
-0.393346
0.309543
-0.42048
-0.596008
1.23768
-1.51935
-0.197267
-0.382324
0.37064
-0.665391
-0.180775
0.708911
0.773819
0.00520513
0.0471289
0.476919
2.00106
0.285044
-0.661719
0.26145
-0.306343
1.40844
-0.503082
-0.469728
0.129669
-0.0432193
0.257321
-0.345589
-0.065061
0.0237161
0.0474634
-0.891272
-0.877947
1.83532
-0.992179
-0.00862829
0.537507
0.0500696
-0.00631083
-0.0608193
1.18108
-1.12026
0.20638
0.350984
-0.196424
0.0762971
-0.428492
0.336706
2.03728
0.263018
-0.366105
0.23468
-0.364893
-0.363007
-0.18801
0.0500696
0.0610362
-0.0161038
0.779196
0.42258
-0.0560669
0.137329
-0.000980507
0.0280859
0.0370247
-0.0370247
-0.293883
-0.109103
-0.157481
-0.512037
1.38928
0.0894149
-0.0634266
0.0597694
-0.0333495
-0.488016
0.341027
0.172871
-0.0367789
1.82731
-0.935311
0.0672654
-0.263442
-0.192603
-0.0445639
0.0343604
-0.932782
-0.992874
0.950809
-0.696642
-0.631037
0.0659903
0.284898
-0.492538
0.910806
0.0316392
0.040701
0.044811
-2.01255
-0.0316392
-0.909893
-0.16594
0.259497
-0.105839
0.0169935
0.336869
-1.39301
-0.572169
-0.453056
-0.0878506
-0.126731
0.0859743
0.854071
-0.0244717
-0.530949
0.122381
0.270538
-0.145702
-0.0397038
0.483664
-0.242431
-0.866619
0.152615
0.233407
0.373489
-0.563248
1.1198
-0.777252
0.226636
-0.0248435
0.541902
0.366997
-0.526231
0.00435745
-1.71993
1.63818
0.80831
-0.375547
-0.432763
-0.392583
0.0872626
0.10287
-0.320337
-0.0945971
0.398052
0.0363314
0.84377
-0.834566
-0.387229
0.292632
0.0725683
-0.028585
-0.142745
-1.0367
0.16818
-0.196575
-0.144941
0.0953287
0.0496118
0.0106846
-0.0512313
0.0512313
0.647821
-0.919383
-0.0355815
-0.00364614
0.00364614
-0.447434
-0.328005
0.172684
0.174534
-0.319027
0.600674
-0.324096
0.306209
-0.107657
0.0773339
0.0322843
-0.0367789
1.26113
-0.0487647
-0.0955477
0.402869
-0.498545
-0.193754
0.543805
-1.41621
-0.553282
0.368171
-0.113884
0.129857
0.218488
-0.611037
-0.233529
0.0547005
-2.56053
-1.29815
-0.00666809
-0.441309
-0.432034
0.816014
0.080138
0.114917
0.0336951
0.530433
0.188135
-0.20962
-0.0336951
0.0327721
-0.19863
-0.195751
-0.702249
-0.168979
-0.703356
0.739615
0.34578
-0.0197571
0.219567
0.822676
-1.78965
0.00281615
-0.179213
0.00574141
0.334964
-0.0681957
1.66118
-1.19782
-0.413538
0.0267878
0.273802
1.34721
-0.0650109
0.881661
-0.53554
1.45207
-0.0185908
-0.766396
0.618756
0.023145
0.310226
-0.0797105
0.0638394
-0.733309
0.342967
-0.708337
0.429913
-0.48537
-0.00289176
0.878596
-0.262141
-0.0891084
0.0285704
0.179946
-0.311249
-0.0146492
0.366146
-0.575626
0.44753
0.128095
0.140066
0.0234715
0.206819
0.98886
-0.841464
1.02699
0.0434315
-0.0234715
1.70697
-0.543628
0.184454
-0.0243814
-1.06171
-2.0279
0.0266262
-0.0517759
-0.0725132
-0.419133
-1.09755
0.184529
-0.0814286
0.482196
-0.700667
1.16816
0.0898061
-0.0358309
-0.0782856
-0.856643
1.026
-0.180062
-0.0661435
-0.301623
-1.13018
-0.188428
-0.121508
-0.464319
0.41388
-0.552799
1.2769
-0.0019608
-0.0637956
-0.992063
0.000353127
0.0689622
0.0498909
-0.141298
-0.136144
0.997308
1.81338
0.253146
0.575104
-0.0817298
1.66255
-0.701396
0.00659613
1.08861
0.435958
-0.360326
-0.572811
0.392749
-0.0907862
0.0197096
-0.250042
-0.138061
-0.240059
0.422265
-0.0210776
-0.00158693
0.0367062
-0.283563
0.138588
0.635878
-0.079221
-0.12516
0.414785
-0.554055
0.391494
0.396225
1.95256
-0.0309549
0.263323
-0.371852
-0.0134488
0.249911
-0.29575
-0.200796
0.0491843
-0.0253595
-1.39096
0.0324985
0.131089
0.139688
0.343729
-1.46232
-0.397605
0.772363
-0.352153
-0.42021
0.0126585
1.1798
0.545847
-0.281446
-0.260403
0.0114814
-0.465247
-0.364319
1.85567
-0.0839044
-0.208615
-0.023145
-0.0125865
0.112891
0.079221
0.711164
-0.359726
-0.970582
-0.295205
-0.122298
0.00738383
0.176239
0.275957
0.300741
-0.379803
0.256451
-0.296033
0.269139
-0.358247
0.65515
0.568007
-0.024779
0.210055
-0.467993
-0.120703
-0.409646
0.266901
0.919416
-0.76017
-0.168102
-0.341224
-0.214457
0.0752411
0.0165179
0.0240563
-0.891077
0.830258
0.387452
-0.862602
0.00277475
-0.00277475
-0.635621
-0.790592
0.572729
-0.202089
0.0600547
-0.219827
1.49287
-1.27304
0.0797134
-0.0812819
-0.630409
-1.07233
0.573832
-0.361661
0.685545
0.0498338
-0.375757
0.110392
-0.410226
0.302569
-0.0388662
0.0392625
-0.184647
0.078057
-0.462506
-0.0928497
-1.64474
0.182069
-0.51484
0.0355965
0.290595
-0.310266
-0.0338162
-0.0218319
0.0240199
-0.973257
-0.312146
0.0434228
-0.0475012
-0.178475
-0.265426
0.366813
0.12474
-0.34888
-0.0842785
1.39121
-0.743386
-1.18632
-1.10847
0.0536783
-1.35796
1.30428
-0.0300081
0.206202
-0.0411659
-0.806576
0.039334
0.160991
-0.0693344
0.0882434
-0.0900109
-0.213173
-0.397864
-0.535063
0.0214705
-0.0186543
0.768338
-0.309691
0.296274
0.374253
-1.51511
-0.216552
-0.29462
-0.437554
0.809026
-2.29795
-0.248336
-0.340191
0.00181264
-0.265815
-0.360207
0.319395
-0.608298
1.74596
-0.729923
-0.0946585
0.524272
-0.807441
0.324901
1.02292
1.30471
-1.52794
0.038517
-0.319919
-0.0417119
-1.33773
-0.320166
1.59327
0.0294645
-0.0405907
0.31768
-0.056699
-0.31054
-1.27038
0.476557
0.676715
-0.485564
1.95608
-0.270663
-0.00807661
0.146982
0.0320185
-0.11809
-0.649341
0.0950899
0.490999
0.0267878
-1.21702
0.180607
-0.0271054
0.0159827
0.0349091
-0.0522149
0.0175359
0.223213
-1.35378
-0.268491
1.18687
0.00901425
-0.919005
-0.157407
-0.298069
-0.625848
0.352933
-0.00999112
-0.054218
-0.0554086
0.644112
0.0773341
-1.51012
0.432026
-0.408147
0.471062
-0.00512982
0.0069793
0.388855
-0.985366
0.0566534
-0.00658378
0.844953
-0.0950976
1.1837
-0.0958232
0.181174
0.681644
1.2478
-1.2936
0.0700303
0.397222
-0.341961
0.290213
-0.174784
0.0941296
-0.0963154
-0.0193934
0.0442451
0.0672622
0.151976
0.915328
-0.0294346
-0.00301141
-1.35494
0.324507
0.531093
-0.301916
-0.229177
0.455969
-1.32128
-0.00158693
0.329708
-0.0229991
0.0151366
0.429042
-0.111159
0.00205921
-1.04905
1.2763
0.419465
0.0213486
-1.54989
0.443096
0.0836624
-0.184943
-0.0921582
-1.24791
0.0206103
1.2273
-0.0411744
-0.216945
0.074115
0.0206611
-0.0285686
0.0325381
1.20544
0.61763
-0.140587
0.0454122
-0.264429
-0.548268
-0.151772
-0.0188901
0.0823263
-0.0253013
-0.156297
-0.837006
-0.154276
0.00122552
-1.44677
0.0212927
0.0639107
-0.0589672
0.190528
-0.0231355
-0.189805
-0.235022
0.20187
-0.851195
-0.0420522
-0.0720768
-0.804215
0.0594578
0.0492335
0.566747
-0.374229
-1.74026
2.14279
0.343085
0.0675271
1.0724
-0.0140197
-0.460468
-0.580946
0.283128
-0.264807
-0.116278
-0.0302497
0.80861
0.133436
-0.630134
-0.0672924
-0.165674
0.942319
-0.426373
-0.0289474
0.0331851
0.225054
1.39374
0.0201032
0.367835
-1.38857
-0.349914
-0.0320662
-0.19025
-0.660945
0.0218955
-1.15615
0.400696
-0.88205
-0.374357
-0.0075162
-0.583542
-0.343452
0.120623
-0.494852
0.501954
-0.684048
-0.306523
-0.113598
-0.400991
-0.103396
0.357991
-0.22562
1.16643
-0.015818
-1.32562
-0.391976
0.681606
0.220809
0.108256
-0.550993
-0.553351
-0.50732
0.360159
0.181937
0.0209439
-0.144531
-1.37365
0.0962472
-0.387603
0.515699
0.72796
0.390476
1.01024
0.46907
-0.00491795
-0.190546
-0.104385
-0.0540905
-0.671314
0.360774
0.0376613
-0.0056685
0.0126478
-0.118398
0.569093
-0.172868
0.104847
0.453316
-0.311948
-0.107185
0.0384134
0.0517764
-1.05638
-0.0358659
-0.177105
0.646759
0.159571
-0.118565
-0.0332068
0.116812
0.0399983
0.140609
-1.46318
0.133191
-0.227709
1.09133
-0.0260293
-0.00875073
0.66983
0.0996695
0.100855
-0.129647
-1.10362
0.0171181
-0.141332
-0.28246
0.226429
0.134942
0.0640373
0.0953318
1.85624
-0.224743
-0.536691
-0.426714
0.346236
-0.0613372
-1.02552
0.700093
-0.00639071
-0.711003
0.0912122
-0.270438
0.453897
-0.0277447
-0.3643
0.718953
-1.34978
0.350229
-0.900238
-0.64583
)
;

boundaryField
{
    SideWalls
    {
        type            empty;
        value           nonuniform List<scalar> 0();
    }
    Top
    {
        type            calculated;
        value           uniform 0;
    }
    Inlet
    {
        type            calculated;
        value           nonuniform List<scalar> 
18
(
-1.94444
-1.94444
-1.94444
-1.94444
-1.94444
-1.94444
-1.94444
-1.94444
-1.94444
-1.94444
-1.94444
-1.94444
-1.94444
-1.94444
-1.94444
-1.94444
-1.94444
-1.94444
)
;
    }
    Bottom
    {
        type            calculated;
        value           uniform 0;
    }
    Outlet
    {
        type            calculated;
        value           nonuniform List<scalar> 
18
(
2.19152
1.97369
2.10274
1.93667
2.01512
1.91101
1.8556
2.14203
2.16911
2.19542
2.05494
1.85528
2.08256
1.88229
1.80473
1.55525
1.86125
1.41079
)
;
    }
    Plate
    {
        type            calculated;
        value           uniform 0;
    }
}


// ************************************************************************* //
