/*--------------------------------*- C++ -*----------------------------------*\
| =========                 |                                                 |
| \\      /  F ield         | OpenFOAM: The Open Source CFD Toolbox           |
|  \\    /   O peration     | Version:  2306                                  |
|   \\  /    A nd           | Website:  www.openfoam.com                      |
|    \\/     M anipulation  |                                                 |
\*---------------------------------------------------------------------------*/
FoamFile
{
    version     2.0;
    format      ascii;
    arch        "LSB;label=32;scalar=64";
    class       volScalarField;
    location    "6.1";
    object      p;
}
// * * * * * * * * * * * * * * * * * * * * * * * * * * * * * * * * * * * * * //

dimensions      [0 2 -2 0 0 0 0];

internalField   nonuniform List<scalar> 
5098
(
-0.591333
0.5408
0.228283
2.15179
-1.13096
2.37639
0.0629123
-1.15627
0.207345
0.267985
-2.10684
0.876993
0.533858
2.6597
-0.60439
0.00990853
-1.00195
-5.24613
-4.18809
-1.14813
1.52928
0.0149603
1.14256
3.20286
-6.57735
2.30697
1.47782
1.62994
-4.18571
0.879541
0.741702
2.84228
1.73948
-0.245569
-0.38876
-2.87559
1.76931
1.68018
2.56096
1.31834
2.11534
-11.7405
2.27998
0.243711
-0.150723
0.638853
-1.6205
2.87975
0.757973
2.18893
0.237518
1.96849
-5.5784
1.58214
2.37976
2.26539
1.67663
2.03502
2.84893
-0.261187
-0.152785
-2.50123
-0.4075
0.550306
-5.54335
2.68719
0.0502884
0.146728
1.38339
1.94597
1.62728
-0.0566518
1.46169
0.157712
-0.188564
2.19047
-0.156627
2.3107
0.343408
2.19554
-0.289611
-7.2639
2.11537
-0.418654
-5.60647
0.82203
3.38481
-0.137456
-1.38687
-0.156895
1.02539
-5.07843
0.893726
2.15296
2.57286
0.0348468
1.92675
2.35886
-0.186812
1.4526
-2.72796
2.31635
0.208591
-0.0481036
2.31666
-0.353906
1.53303
0.0920883
2.92393
-2.36759
2.05105
-3.97276
1.65807
-5.09045
1.45723
-4.21089
-7.60473
-1.35661
-0.0513275
3.18154
1.93237
0.200181
0.267269
-10.3685
-5.0681
-1.2241
1.5011
1.18039
2.60206
-5.08407
-8.79452
2.77418
2.74165
-1.12852
-1.29087
-2.38053
-1.60235
1.48819
2.59004
1.58764
1.97426
0.0542291
1.54917
0.250796
0.656432
-0.0133202
1.44133
-0.89683
-1.17446
1.33057
-8.97491
-4.92807
-1.00835
1.70411
3.42411
3.13743
2.03813
-2.13914
2.12046
-4.15537
1.62451
-0.676328
-4.93674
1.95396
-5.9064
0.571495
-1.26372
0.77877
-6.7235
2.02619
0.0162836
2.19309
0.436178
1.63904
0.643581
0.767479
2.07221
-2.75593
2.03293
3.42969
-2.92337
-6.68652
1.92394
-5.9294
1.91735
-0.904713
2.27636
1.73697
2.16545
-5.58363
-4.02936
0.36633
1.41248
-0.19479
0.61376
-5.08221
-5.21919
-2.58835
0.0252208
1.99206
-8.11821
1.96709
-0.139939
0.543756
1.54122
3.13587
-0.831014
2.61985
1.12738
1.4076
1.75584
1.93119
0.36521
0.596817
-0.95159
-4.1318
-0.213772
-3.15299
-5.05992
0.852834
0.947487
2.28843
0.0759308
0.939718
-5.14067
1.65652
3.38363
1.55133
1.5215
0.511311
1.62098
3.26808
-5.90666
0.0141841
0.403328
0.462379
1.13136
-7.17091
-2.31073
1.91311
-7.56962
0.384037
0.0709601
2.96365
1.4893
0.98404
2.61333
-2.86629
-1.07962
0.920333
0.443186
1.58025
-4.5373
-7.88221
1.7603
-7.10419
-1.15266
0.288528
2.83893
-0.0608143
-0.912127
-5.39776
-6.78892
1.47884
0.037744
-3.5897
-4.15695
-2.36535
0.112276
1.93811
-5.55501
-0.0494341
-4.14058
0.126095
2.80796
0.240833
-11.5462
-7.45426
0.907006
1.74982
-8.54277
-1.00922
-5.16861
-1.11384
0.104245
0.0319006
1.76254
-0.0215237
0.574551
0.924294
-10.539
-4.88191
2.94369
-0.0813023
1.53182
0.241199
-0.420108
0.675661
1.41218
1.71502
-0.0500374
-0.88799
2.2473
1.42752
-3.4467
1.77441
-1.6757
0.784211
1.88343
-1.6609
1.05659
-4.59685
2.33488
-0.221635
0.494597
3.42069
-1.44256
0.0740066
1.18224
3.06976
0.315445
-4.88296
-2.05443
-4.97997
-0.167153
2.59366
0.518101
1.50415
2.89535
-0.0344365
1.92654
1.13498
2.59283
0.82028
1.90726
0.214299
0.764444
2.21446
1.34523
1.88149
1.51127
1.97697
0.400654
1.63821
-4.02426
-0.170826
1.47553
-4.22895
-1.33514
0.848065
0.665404
3.0042
3.04352
-8.19451
-0.247044
-7.8138
-2.2213
0.62872
2.56355
-0.07305
1.56996
1.55152
1.13698
-0.155839
0.202744
2.83799
1.65227
1.02957
0.907579
-7.46473
2.74345
0.238351
-2.75123
-0.203547
-0.0643657
-2.54746
1.94761
0.362446
0.830729
-0.124906
1.56912
-1.06436
1.76793
-0.854583
0.211792
-2.16973
-0.298977
-7.62854
2.07927
0.179564
1.44973
0.46719
1.64968
2.05819
1.11193
-3.82055
2.22223
-2.87601
0.542232
-0.903137
-5.00691
2.99041
2.21368
1.57162
-4.16011
0.490752
1.61476
-4.05926
0.348559
-1.29017
1.58747
-0.300642
-5.65272
0.0435435
-1.57195
0.0367261
1.43836
2.96709
-1.92995
0.828944
1.54873
2.29537
0.0104639
0.88091
-7.92241
-5.06813
0.139084
-0.678659
0.158509
1.65795
0.0671901
-4.17744
0.0198272
1.78251
-1.90401
-4.9786
0.0818433
1.18415
1.29724
-4.00613
2.02122
1.8915
1.15108
-0.690153
1.34259
-1.58333
-2.72015
-0.591903
-4.14377
1.53524
-1.43952
1.08644
1.61095
-0.609511
-1.35897
0.209562
-11.899
0.813973
1.66448
-2.82266
2.25149
-0.0112139
2.96506
-2.55709
2.08613
-4.2211
-5.08348
-10.7619
-3.11553
2.07646
-4.29311
0.86469
-0.248864
-2.25113
1.45154
-3.26096
-4.34163
2.31547
-3.01255
0.908684
0.70422
-0.73702
-3.07885
1.41902
0.210095
1.8626
0.334867
-0.824798
0.258923
1.6351
-2.82609
-0.791809
-0.417748
-4.45924
-5.04185
0.0116832
2.45237
-3.63546
2.37041
1.72102
-4.78393
1.15957
-4.25364
-5.38078
-4.19057
-3.7178
1.17762
0.959084
-3.54686
-0.377302
-5.07883
1.58127
1.7456
0.536093
0.762141
1.53619
3.06813
-6.3063
-0.826753
2.4691
-4.26407
-0.974194
2.99782
-0.104711
-3.23935
0.00897526
-5.85448
-4.53548
1.63378
0.925913
0.477395
3.36543
-7.29071
-0.0162775
-1.74427
-0.230762
0.159352
-1.56899
-5.10172
-0.916939
1.43557
0.206715
-5.95088
1.89627
-0.739195
-2.64322
-0.315548
-1.45605
3.35801
-3.04046
-1.90183
1.88618
-0.198454
-4.41355
-1.1699
-1.41443
-9.05746
2.35435
-1.54061
-1.35053
-1.63498
-0.779277
1.85293
-4.7384
0.0713334
-4.61641
-4.70403
-0.0744082
-6.3765
-4.52546
1.0054
0.763846
-4.67441
1.49071
1.92721
3.31162
-0.388794
1.8662
2.61225
-3.13954
0.193507
-9.35981
0.758104
0.0978554
0.347572
-0.303047
-0.115416
1.12879
0.688827
-6.11745
-5.12425
2.96737
-1.47531
-6.15694
-0.265566
1.84774
1.18905
1.01947
-2.6262
-2.37554
-0.0185442
2.07202
0.892374
0.541304
2.77545
-0.00471956
2.64085
-6.37239
-6.44541
-0.161326
-0.139386
-5.73469
-5.07339
2.7019
-2.58851
-2.35013
2.7341
-1.1406
-0.0265781
-0.151042
2.94242
-4.23523
2.45087
0.303004
-0.0806008
0.46228
-5.06987
1.34504
-0.41748
-0.186639
-8.39244
1.54714
2.08499
-6.87564
-0.136553
2.04108
2.86101
-6.35085
1.75384
3.31679
-2.38388
1.0439
-0.996936
1.7095
2.43645
2.14347
-3.92229
1.6712
0.607851
-4.56499
1.49532
-0.321595
1.98456
-1.55542
1.74076
1.14542
0.134435
0.0424037
0.590518
1.72005
2.11862
0.164217
-4.25919
2.86851
1.85558
2.23365
0.275423
-0.511132
0.0221429
0.00958071
2.78931
2.99954
-3.25413
1.80382
-4.01585
-5.21351
0.235032
1.64502
-4.41048
-4.16834
-4.55822
-4.60243
-0.334316
0.815492
-3.13177
1.80964
2.16426
-4.19805
2.22392
0.000696452
1.70895
-5.54056
-3.94558
-0.222144
2.92615
-0.403466
-0.808729
-1.35717
-4.13298
1.50695
-1.32351
1.02925
2.71003
-5.3321
-6.32989
-3.39062
-6.56878
-4.29401
2.16181
-0.883067
2.90711
2.85196
2.68121
-6.56903
-5.07135
-4.01805
-4.3268
0.194299
-5.0078
-4.85125
-5.98376
-6.39464
2.2543
-5.07363
1.99915
-6.69321
2.64884
1.51466
-4.19503
0.271138
-4.29322
3.29299
-0.0265619
1.59004
-1.92745
-7.13273
-3.3745
-6.5167
-4.08213
2.1553
-0.746297
-0.889315
-4.78993
-5.13011
1.11138
-3.34414
-0.372902
0.0124197
0.504069
0.419828
-8.88411
2.13648
2.67631
-4.74899
1.2781
-6.61123
2.03668
-4.12378
0.211097
1.24374
-4.76072
-0.223394
-5.08595
-0.528814
-8.92594
-1.44065
1.87831
1.31428
-3.87185
-0.229388
1.20683
1.4291
-0.0132551
0.791516
-8.74499
3.3315
1.25862
1.97619
0.190772
0.828384
-6.16875
-10.5274
-0.296779
-6.65419
-0.954249
2.77076
2.38841
-1.81106
0.988273
-2.94761
2.48405
0.917311
-5.09443
-5.39251
-5.71643
-4.23771
-0.0385617
0.207027
1.77235
-1.2605
-0.177537
-4.46306
1.48268
-1.38992
-5.10468
2.23885
1.06184
2.8247
-0.788075
1.86219
2.22496
2.08239
-0.623727
1.91328
-0.44334
0.51671
0.414891
0.187618
1.08857
-5.06837
-5.91169
-3.10062
-11.4934
0.823595
1.69322
0.566625
-5.06579
0.685806
3.40485
-2.76309
1.98579
0.0472213
2.70953
-4.74286
1.62376
-0.805353
-8.17017
2.89049
-0.527356
-4.24722
0.782105
2.99088
1.93329
-0.566222
-1.12065
-1.87355
-4.05213
-3.03084
-5.06958
2.04548
-4.2838
-3.11587
-5.11325
1.3919
0.0383861
-4.59261
-1.29078
-5.08908
1.16977
0.100841
1.8262
-1.88591
-4.58235
2.72305
-7.02111
-3.72687
-4.70531
0.367204
-5.09327
-5.90778
-6.49964
-0.316397
0.00671207
1.47951
-6.13661
-4.49157
-4.40476
0.133079
-0.154273
0.678051
-0.00804391
-5.17545
1.56974
0.0613037
2.59807
2.10038
0.74057
2.19375
0.603246
1.49423
3.17198
2.21678
-8.82958
-4.27486
0.26006
-4.05206
-0.766702
-6.88673
1.88636
-4.37149
2.49548
2.59105
1.77568
1.75155
-6.83474
0.962144
-2.60639
-0.212691
2.7547
2.03858
-0.277246
-0.0734124
-5.18573
-5.40048
0.0929445
-4.38406
-2.40163
-0.454729
-0.00489334
-3.11939
0.81595
2.83446
1.81656
2.06846
1.88224
2.12258
0.0155004
-0.467576
-0.751857
-4.77282
0.584655
0.439134
1.52188
1.175
2.92239
-2.66267
-1.00744
0.0907197
1.69135
-1.04011
-0.128452
-5.03443
3.26202
1.71785
-5.10205
1.73003
-0.640817
-10.8087
1.48717
1.9301
0.999181
0.580336
0.936526
-0.680167
-0.174053
0.23656
2.77231
-1.21574
2.45424
-6.89309
-1.61602
-8.00782
1.4006
2.08719
-2.18196
0.0310655
3.242
0.508971
1.49961
1.5138
3.00367
0.270369
1.95443
-0.148688
1.94924
0.0113275
-0.369645
2.50297
3.31249
0.523727
-2.55466
0.277977
-1.16454
-4.80536
1.83003
0.911093
-2.68937
1.70191
2.17916
1.67605
1.7484
0.136888
1.82095
2.51761
-1.60689
3.10192
2.14304
1.07377
0.0191589
-1.03893
0.0377382
1.86713
0.397867
1.87185
2.1413
1.70581
-5.40721
-6.84967
2.19422
1.22704
2.38887
-0.289568
1.60845
1.97284
1.31053
2.24444
2.22883
-0.488057
-0.409349
1.78597
2.18562
-1.83469
-0.823619
-1.73615
2.15869
0.442114
1.92127
3.0278
-6.42917
2.93243
3.20303
0.10139
-1.22607
0.233865
3.39238
-3.77253
2.1074
3.03186
0.7806
-5.19634
0.981124
1.35014
3.16606
1.42337
1.29541
3.28677
2.40785
-0.148027
3.27364
2.70239
-0.0679026
-2.42203
-4.00973
0.012511
0.522677
2.09349
2.67222
-3.89238
-0.25093
1.10183
0.667748
2.33241
-4.46667
2.82117
-2.34036
-7.41632
1.55823
-2.30221
2.12523
-0.629376
1.40733
-4.15046
2.67784
1.86719
1.75144
1.85051
-11.324
-0.181803
-0.210952
1.18647
1.17935
2.83188
2.02513
0.00699502
1.25048
0.620413
-4.68704
2.65114
-0.0588651
2.23317
0.05464
0.257996
-5.58516
0.387706
0.977095
2.97156
-0.091394
1.22273
-4.83374
-1.86016
2.56711
2.46096
-6.04095
2.51249
0.705368
-5.48693
0.287584
1.23098
3.34915
-0.266309
-2.73566
2.29647
0.0615906
1.88547
-5.13575
-10.1848
0.0204494
-5.06367
-5.90648
0.768982
1.94096
-0.25492
-5.74685
0.00919067
-0.182513
-2.22375
0.880721
2.86601
1.40496
1.21393
-0.64933
-0.868711
0.170948
1.35351
-1.00992
0.0201145
0.064175
0.00177843
0.336368
1.27135
0.639452
0.826941
1.32777
1.29177
-1.60766
-4.71415
0.309694
-1.53361
3.24118
1.15395
0.716807
-0.489973
-1.1177
-0.879493
-0.232276
-4.32683
-3.14719
-0.576272
-1.19371
1.93707
0.627027
0.00210424
2.07997
-5.5791
-0.605127
2.80331
-3.11356
-2.25559
0.69519
1.68152
-4.66957
0.4478
-4.35773
-0.379491
-0.992291
-0.840733
2.13049
-6.87845
1.15258
0.0496907
-6.8804
-5.8168
-0.425519
1.51871
0.252089
-3.14212
2.80533
-6.47019
1.84012
-0.678268
-3.09254
-2.03594
-0.82073
-5.26266
1.80112
1.71171
1.81567
-0.178344
-8.12863
2.4982
-6.81494
-2.58632
0.0110212
-7.04403
-0.0326915
-0.0318141
2.54876
-5.99562
-4.22202
-2.51745
1.25736
1.12098
-9.59216
1.18491
0.0154483
-0.729897
0.613856
1.06897
0.761077
0.221425
-9.4597
2.62417
-0.263527
0.00750392
1.10652
0.0121214
1.24228
-9.72042
-0.650415
-1.31316
1.32131
-0.178497
-0.725245
0.789128
0.0090959
0.17743
-0.319051
1.8164
-0.230246
-1.18343
1.64466
1.54468
-0.128872
0.884604
0.88891
1.72048
2.16199
1.92426
0.233749
2.86979
1.43952
-2.26976
1.31
-9.5629
-0.0227387
0.0422745
0.714408
-0.559371
2.88769
0.57722
0.45964
0.109801
0.786267
-0.339044
0.678014
-4.28704
1.40271
-0.107409
1.64445
0.965659
1.73096
-9.14331
2.21917
-6.72088
1.69781
1.8056
0.600516
-0.80712
-2.2254
-1.71664
2.06514
-8.20745
-4.20134
2.02557
1.20923
-0.188014
2.06416
1.33962
-1.08787
2.67225
-1.80594
0.457685
-1.91459
-1.64585
-0.191191
-0.484097
-1.33647
2.9574
0.00797298
0.596929
-0.560467
-3.49729
1.81698
2.19268
0.00971909
0.00289187
1.61629
-4.74918
1.66121
1.7166
-0.555865
-0.656164
1.30727
-0.163661
2.99428
-5.08051
1.36539
-0.173009
-1.26537
2.84372
1.93036
0.453491
2.42018
-2.76752
2.23095
2.16827
0.0207217
1.6525
1.65472
1.31713
1.65881
-1.10041
1.79179
0.27646
1.02484
0.0100338
-4.21996
1.80302
-5.3288
-5.05096
-0.0683158
-0.277508
1.39663
-4.60709
1.61926
0.492242
0.868228
1.63094
1.47184
0.633629
0.17637
-4.73831
1.66687
1.07767
-6.66972
-1.6261
-0.329363
1.7324
-6.90694
-7.23265
1.51375
-7.11442
2.17031
1.05887
-6.47663
-5.04915
1.96049
2.13867
-0.947432
1.46775
-5.00038
-1.26241
-4.10722
0.492011
-1.08461
-5.09393
3.17035
0.949965
-4.79004
0.0303575
-0.880889
1.65038
1.05469
-1.94248
-5.15066
-4.33519
-3.4227
-4.75024
1.38016
2.6575
-0.434334
-8.93612
0.0287526
-5.40804
1.92942
3.20743
-7.06821
1.25797
1.84503
-5.22688
0.574588
2.88314
-3.45589
-1.91602
1.3736
1.49285
1.28565
-1.06204
1.0206
0.0164234
1.18311
-2.13246
0.0435654
1.73651
-0.604235
0.407248
1.0566
1.56102
1.01181
0.0502132
0.783316
1.71992
1.27943
1.60561
3.01156
-1.71447
2.81322
-0.112131
2.75885
3.3145
-5.01022
0.19612
0.438321
1.59577
-3.97045
0.806661
1.12515
-0.00383987
1.90394
2.48138
1.96251
2.01316
0.513129
1.2776
-11.215
3.26083
-6.20485
0.171069
-3.92566
-1.01966
-8.4859
1.72935
2.00447
0.994813
2.08489
-2.30838
0.0588834
2.16179
1.69354
-0.151173
-0.882075
0.0340301
0.242784
0.536398
1.80517
3.13075
1.61312
2.30494
2.22842
1.91965
3.00582
1.13032
1.66138
0.225888
-3.51813
0.968317
1.33252
1.40079
3.29958
0.676575
0.909002
0.00262429
0.0474659
3.17677
1.02781
-0.497411
-5.697
1.5039
-1.59977
-0.202337
2.38684
1.72141
1.63139
1.83237
-0.0151775
2.43134
-4.50141
1.60203
0.346284
0.279475
0.191789
2.64497
0.240998
-0.0364005
1.7334
1.69955
-1.91367
1.51999
2.72266
-0.410329
-6.60619
-5.86228
-4.26874
-0.794564
-7.04186
-0.603995
1.53348
0.682836
0.0410317
1.83307
0.214603
-0.710126
-1.03155
-3.47238
-2.98816
0.245545
-5.76198
-6.06217
1.62577
1.59687
2.3195
-1.4136
0.711771
-0.0421167
1.56008
2.60753
-5.41078
0.0272363
-0.0452663
2.73583
1.28454
-1.33814
-1.07101
-4.25816
0.00735596
-0.142128
2.87777
-0.0463547
0.00409355
0.771852
0.703096
0.0108265
0.9577
0.283154
0.916732
-4.93738
-7.03553
0.282434
-6.17374
-0.111355
0.894464
-3.11663
1.86744
1.1016
3.06893
0.683286
2.76887
-0.696457
1.92849
-0.128438
-0.207436
-2.71605
2.57837
-0.261914
0.423229
0.332
-2.95853
-3.41834
0.0126961
0.0427506
-0.195677
-0.34311
-0.19701
0.221488
1.1017
2.0695
-4.74936
-0.258279
0.237749
-0.285586
0.0349422
1.84548
0.439009
0.900623
-0.225826
-0.0598491
2.41203
-3.17283
0.877226
0.00304823
0.0494247
-0.6781
2.37565
-2.56882
-0.118294
-0.119003
-4.86753
-0.957375
-0.146061
2.77311
2.027
0.0105693
-3.8891
-8.78508
1.69831
-0.770139
-0.371094
0.00695004
0.68686
-0.122433
-0.0760207
-1.12856
0.00675373
0.735477
-0.837042
1.83353
0.59562
-1.49628
0.204333
0.656733
0.12964
-0.0148201
1.78512
0.246021
-0.504593
-0.71473
-0.220645
-2.07843
-0.145197
1.79186
-3.21903
-1.02083
-0.197968
-0.0030169
-1.75578
0.215004
-0.162298
-0.0201625
2.51086
1.18818
-4.19145
-0.112974
-6.71003
-1.95033
-0.101425
-0.187972
1.74603
1.10167
1.37424
1.65595
0.302312
-3.51722
-2.08954
-4.1138
-0.320863
1.93046
-0.126147
0.724515
-5.29516
2.07976
0.0411923
1.7932
-1.07026
-0.605546
2.25146
0.023875
0.00816158
-4.14345
2.45458
0.395436
1.518
1.75697
-4.43151
-0.00689398
1.60065
-4.68642
2.40478
-0.667475
2.34855
-2.34762
-0.165763
-0.501537
1.79725
2.29095
-3.54038
1.46481
0.711246
-0.203393
2.58655
0.65303
-6.86201
1.64349
-0.0977319
-0.983057
-1.22403
-6.87186
-0.101301
-6.6407
0.000932539
1.50679
1.20817
-0.160382
0.0559518
0.782087
-0.919988
1.62463
-0.952812
0.0192086
-1.09332
-0.22349
0.0370551
0.00632702
1.50806
0.527213
-0.0807284
-4.76471
1.91838
-0.153257
-1.52551
-0.17968
0.550328
2.74766
0.313874
0.00747455
1.39005
0.263706
-0.257413
0.282225
-2.7156
0.19773
0.0569623
0.159374
1.76919
0.00143133
-0.118286
-5.99545
-0.0456766
0.0356847
-0.345932
1.73362
-0.420367
0.0205736
0.61111
-1.85372
-1.07157
-0.0399297
1.24101
-3.51742
0.15392
-0.0938518
0.0194852
-0.0430214
0.0266281
0.0102031
-7.67564
-0.778988
-1.03009
0.515775
1.12845
-0.0139789
0.763091
0.833213
-0.0753644
0.0243456
0.840583
0.107695
0.0194702
-0.654018
-0.807772
0.364755
-0.985253
-5.2
0.0151406
0.440451
0.128317
1.06484
0.97136
0.0439848
0.388819
1.72381
0.0679569
-4.25878
-0.0384692
-3.06071
2.29486
1.61673
0.0878152
-0.0111061
-0.112714
0.061164
0.0327572
-0.0994573
-2.93197
-0.921649
1.57944
0.226334
-0.0309355
1.65996
0.0523081
2.55982
-0.144978
0.196254
0.132915
-0.157073
2.42268
-0.0299135
0.0420776
-4.09502
0.0396795
1.18499
0.644652
-0.0816508
1.70049
0.0140346
1.39567
2.26126
1.12532
0.95935
-0.0216968
1.08463
0.0548172
0.378877
-3.44695
-5.47366
0.0612371
2.17451
0.598525
1.66043
0.829699
0.0102747
0.0474064
0.069925
-0.210019
1.34961
-4.26517
0.0354629
-0.000448008
0.0370623
-0.102315
-0.375015
-7.084
2.7991
-6.57386
-5.25885
2.61392
-0.107495
0.0388406
-0.00310809
0.039066
1.61565
0.0503485
-0.00454395
-4.17201
-4.74798
0.0741505
1.70308
0.0633368
0.0622852
-0.765434
0.0143642
-0.893619
-0.0601001
-0.0295627
0.060184
1.73773
-9.9503
-0.458315
0.739188
-0.183858
-4.16354
0.015987
-7.52614
0.00967856
1.89717
-4.35258
2.15578
-0.215977
0.0625904
-5.13295
-0.132209
-0.253271
-0.0815288
-6.17408
-0.381329
2.64833
-2.916
-3.1173
0.00387138
-2.65157
0.00335781
0.0685716
-5.53768
0.00701994
-0.0479907
-0.277541
-0.0198417
0.0480253
2.07807
0.496903
0.00998536
0.0439842
-0.00866245
-10.0198
0.0416441
-3.05315
-0.0944003
-0.259703
1.99719
-0.104215
1.70654
0.0252941
-0.120857
0.00894936
0.00422849
0.0156384
-4.14282
-9.46093
0.0182051
0.996213
1.5346
0.677029
-0.00486592
-0.020592
0.0113319
1.994
-0.0703887
0.282908
1.04656
0.00741128
-0.0256792
0.267855
-0.0309653
0.016176
0.0573138
1.71399
0.00753064
1.40073
0.0092649
1.81641
0.0503571
1.26901
0.0121945
0.00349841
-6.48934
-0.0161849
-0.0532662
-0.331181
-0.846763
1.31794
0.00778189
0.668357
-0.0985224
-0.102588
0.364509
0.0510497
-0.06513
-9.6188
-5.12015
-0.00966919
2.17083
1.55704
0.0274656
-0.0531783
-1.34205
0.023375
0.448347
0.282145
0.00173622
2.40549
0.046612
0.0348267
0.0179283
-4.05432
1.71773
-0.714036
0.0715445
0.0141961
-5.12455
0.130548
0.0351468
-8.99413
0.743428
1.20416
0.0526564
-0.219491
0.0798042
1.64182
0.0163179
0.0214179
0.0112207
0.0803662
0.0930658
0.0655434
0.0626282
0.00602671
-0.0701426
0.0256673
-0.0884199
0.0115656
0.061748
-0.332273
0.0569206
-0.015339
0.0743548
3.0726
-0.0370159
0.104065
0.00635025
-0.747164
0.829881
-0.0184584
0.0811943
0.324613
0.0495081
0.00112231
0.00320708
0.0101961
1.69522
0.00554466
-0.032533
0.097057
0.0208328
0.0235932
0.113911
-0.0405858
1.99392
-0.135834
-1.5109
1.40167
0.00579622
0.0300826
0.078551
-0.293557
-5.72255
0.226193
0.236319
0.00914944
-0.0655911
0.0176875
-2.21572
1.8855
1.96435
0.0128464
0.0468534
0.0695987
0.0157916
1.66815
0.0108481
0.000683854
1.74243
0.0129446
1.74316
0.0406624
0.0270575
-0.685226
0.0409582
0.00968223
2.09453
-0.0696225
0.00267696
-0.37887
-0.412297
1.71566
2.45147
0.0104206
-0.335105
0.0283557
0.0374548
0.00111297
1.81363
-8.04871
0.00144106
0.0313663
0.0570936
-0.0374269
-0.0285244
0.0528855
-1.79363
0.00434403
0.0342352
-1.01669
1.67825
-3.25499
0.0337904
-0.0247403
1.11983
1.12589
0.0261122
0.000739647
-4.38373
-11.0691
0.0112493
0.038193
0.00108311
0.0300844
0.0048973
-4.05217
0.0118322
-0.0143437
0.0215373
1.6664
0.00510043
0.0725367
0.0263328
-0.552311
0.012283
1.62864
-0.0578218
2.00867
-0.59859
-6.34378
0.043901
0.0715627
0.0320501
0.0128529
0.0527276
0.0147236
0.0312357
0.0664557
0.0060496
0.00668485
0.00569402
0.0333114
0.0472108
-0.0063378
1.74996
0.0422442
-0.533352
2.08699
0.0118293
0.0753258
-1.13521
0.626698
0.0255188
-3.19378
0.0262595
0.030999
-5.04403
-0.134505
0.0207892
-0.668944
0.0410876
-0.64839
0.124595
0.0130144
-8.2787
-0.166705
0.0422546
-1.76338
0.0904768
0.0342753
0.0255239
0.0353082
0.115908
0.0793696
0.069915
0.342066
0.0150995
0.014461
0.042527
-1.51196
0.00609849
0.00484754
0.0165333
-0.0439145
-0.0107708
0.0251742
0.0048519
-2.16377
2.73603
0.0472718
0.0112183
0.0322264
-1.03765
1.94991
-0.0625399
0.149642
0.00214171
1.95174
0.00370756
0.637782
0.0473211
0.00366911
0.01719
-0.506461
-4.13024
0.0369091
0.330682
1.63048
0.0244144
0.00875481
-0.103506
2.00945
0.0249928
0.026273
-0.00165448
-0.0869638
1.42883
-0.0739443
0.0288644
0.0158033
0.0132638
0.0159943
0.0330135
0.775652
-0.288034
2.20236
-0.00525158
-2.21525
-0.306035
2.37165
1.36202
0.0143724
0.026287
0.0648228
0.0353137
1.55914
-0.305238
0.0201231
0.071622
-6.74369
0.0229706
0.0689041
0.0444284
3.15535
1.0871
1.57307
0.0222177
1.73091
0.000159993
-7.51036
-6.92359
2.27175
-7.30481
-7.13383
0.0222828
1.45071
-0.200899
0.011806
-0.463275
-0.239572
-2.26199
0.319219
0.0194613
-0.00975089
1.71773
-0.0716875
0.584415
0.0245695
0.0413846
0.0540608
1.76191
0.0199749
-5.09464
0.0593918
-4.19686
0.0033543
0.0273457
0.0505144
2.79685
-7.35722
-0.306433
0.0185504
0.0266252
0.0517863
1.16472
1.68634
-0.0409294
0.0267467
-5.10925
0.0336594
1.04831
3.07936
0.892018
0.241596
-0.198291
0.000615032
0.0186708
0.465071
0.0578449
0.0248533
0.0110075
0.700567
1.63686
1.62725
-6.50172
1.15356
0.0225611
-0.0222184
-9.90847
0.0665685
0.0299315
1.90638
-0.194252
-5.07919
0.0111766
2.68729
-0.828655
-0.284852
-0.029934
-1.14113
-0.146675
-4.45186
2.82863
-0.321206
-0.773377
-5.14115
0.0192518
0.0646009
0.206033
-0.47779
-0.202205
-1.65489
-5.59584
1.72092
-0.0367008
-0.0533713
0.034346
1.15183
-0.0698257
-5.36608
0.00420609
-0.0189159
3.20532
0.00639605
-5.23138
2.90395
0.00404296
0.0721214
-0.106628
0.00996029
1.85079
-8.81444
1.60191
1.71049
-0.433561
-0.0102306
1.71355
0.863026
-0.536603
-1.33184
-7.13276
-0.102648
1.8374
0.0151448
-1.00162
-4.51912
0.533046
-0.5414
-0.0645615
-0.133527
1.66071
-0.0607263
0.0166814
-3.65865
0.0189508
0.0219829
0.0431673
-4.61762
-7.66277
-0.0693221
0.0186628
-0.137247
-0.795379
0.0672051
3.09758
0.0621742
-9.90201
0.525174
0.0189278
1.87584
-0.111931
1.71946
0.0630861
1.59802
-3.63628
0.0738072
2.51435
-0.0890056
-0.380627
1.95537
0.209104
-0.0934334
-0.0971689
1.74967
1.93568
0.0378546
1.9924
2.84987
1.24524
2.03715
-5.32375
-0.0216724
2.60822
-4.58851
0.597148
-0.497519
1.62635
-1.98344
2.04699
1.96602
2.12473
-0.403923
-0.0448445
-0.701545
0.0239744
0.0872183
-7.73092
-3.63466
-0.00836284
0.0214489
-2.78036
-0.184662
-0.353738
0.502058
2.1953
2.34581
2.26409
0.0549722
1.34791
-0.190152
0.485129
0.054152
-0.326817
3.02222
0.0372676
-0.547081
0.150497
-4.85463
2.44098
-0.37735
-0.572033
-3.20919
0.0853483
0.279092
-1.14403
-7.21856
1.46473
0.0524911
1.43101
1.81749
-5.10894
-1.30784
0.073816
1.8801
-1.07897
0.00624506
-0.029832
-0.00376583
1.56164
0.0412815
-0.186143
3.35003
2.45132
-0.134597
0.082542
-3.5762
2.76089
1.65514
0.0977606
2.97522
0.0163249
1.74504
0.631091
2.78383
0.172071
-4.81295
1.02678
-5.08165
0.0033641
-0.0061706
0.115069
-6.24075
2.89002
0.107275
-0.202268
-0.333505
0.638519
1.14231
3.18888
-0.239439
-0.194281
-0.162842
1.2689
-0.281867
-0.0159272
0.287324
1.63667
-0.286646
-0.204805
-2.15072
0.122278
0.551748
1.68507
-0.404923
2.82849
-0.215251
-0.204097
1.74154
0.027515
0.011712
0.0272424
-0.719959
0.895831
0.0124717
0.728303
-1.95548
-0.184653
1.56221
-2.82895
-0.115089
0.0273653
-0.217319
-0.370423
1.58178
0.0782584
0.0734487
0.00657334
-0.426324
-0.0927644
-0.367128
-4.01036
0.00477864
0.950185
0.268745
-0.177255
0.328175
-0.0322621
-10.539
-0.269984
1.73005
-0.385652
-0.170921
0.0941743
-0.332032
2.53673
-0.197441
0.899785
0.0196036
3.2518
3.08532
-0.289833
-0.49299
-4.30611
0.00631114
1.45047
1.73392
1.70347
-0.167573
0.0146252
0.046704
2.68453
0.1967
0.0708039
0.502383
-0.809283
0.228904
-0.156015
1.43707
2.66079
-0.110317
0.0780335
-0.209645
1.35122
2.28139
-0.548828
0.646969
-1.19073
3.1511
0.00572547
-0.18802
1.33741
-0.136884
0.0131493
0.0161349
1.67239
0.00451096
0.00832154
-0.666081
-4.04468
-0.19115
0.0024392
2.61853
0.83791
2.07598
-0.0944853
-0.0761071
3.25979
-0.191244
0.0123333
0.692654
-0.415305
1.40691
1.48161
1.79437
-0.000423671
-3.61543
-0.559965
1.6832
-0.502479
0.0158308
-0.15024
1.73186
0.329332
0.027968
-0.260943
0.411893
-0.268688
0.0156528
0.0368381
-0.170016
-0.441912
-0.146366
1.24383
2.58828
0.240134
1.9032
1.61277
-1.89188
0.0130341
-11.343
1.843
0.0277158
0.0111866
-0.00116902
-0.132431
-0.187708
0.0628093
3.25518
0.00379817
1.80652
1.14824
-0.206635
0.0558621
-0.394438
0.00610912
0.608093
0.14093
-0.273377
1.22527
-0.170727
-0.359167
2.02687
0.348076
0.408768
0.176385
-4.3619
0.0993438
0.864886
0.0273699
1.33244
0.0971655
-1.22208
2.46676
2.15886
0.273871
1.60123
0.0114557
0.794045
1.63871
1.80976
-0.0625259
0.0765911
-3.95846
-0.113684
1.69044
-1.52771
2.36378
0.020999
0.970594
-3.93739
-4.14858
1.68301
-0.4117
1.67413
0.340999
0.240049
0.0288717
0.417195
-0.162136
1.52906
0.678978
1.71278
0.512529
2.29421
2.48091
-0.216067
2.1667
0.0992276
0.00446422
0.69035
2.43075
1.04852
-1.10292
1.81815
0.258283
0.0745654
2.37798
1.64538
2.32025
-0.219716
-0.192277
0.0126062
-6.41438
0.197458
0.0896216
1.46207
-8.06989
1.90228
0.000636881
-0.522562
1.56354
1.81483
0.304631
1.72603
0.0563501
-6.44219
-0.495783
-0.193419
-4.32741
0.997112
1.01674
-7.41046
-0.46103
0.309409
-0.109435
1.34474
2.40857
2.55842
0.819032
0.570944
0.00481628
0.391385
1.60043
0.00862611
2.10512
0.131888
-0.188862
-0.628262
-0.475022
1.19857
1.75253
2.1143
1.45071
-0.140401
0.0577314
1.69448
1.68189
1.86924
0.290168
2.15327
0.924733
1.7254
1.18162
0.0304605
0.0751319
1.86444
1.61972
-10.4496
1.77143
-0.286498
0.442634
1.36217
-0.462917
-3.0804
2.79335
2.05297
0.0545802
1.77376
0.566707
1.11241
0.0407696
0.0806213
-0.127484
-0.181013
-0.379962
-3.72229
0.636537
-0.671388
-0.255562
1.68251
2.39044
0.108251
1.7155
0.204892
3.38538
-1.97879
2.02897
0.0418663
-4.16496
-3.38383
3.44976
0.288733
-0.201936
3.44573
0.041026
-5.04874
1.71574
3.42697
0.00926793
3.38842
0.977605
0.0599088
-2.33636
3.30271
-0.183275
-0.208993
-4.88752
0.285516
-0.528477
2.0113
3.15995
0.00532677
0.538417
2.11408
0.314955
1.80891
1.44682
-0.0545806
-1.0393
-4.41504
3.10901
0.622058
-1.32604
0.280257
0.0744104
3.0631
1.34834
-0.0423749
-1.65009
3.01343
-3.37365
-1.98811
2.96442
2.04275
-2.34413
-3.01781
-2.89035
0.7959
2.05856
-2.77465
2.88761
1.713
0.100701
-3.16859
2.34446
0.338452
0.42678
-0.766481
-7.66849
1.56769
1.69461
-0.230859
1.76889
0.153829
-1.48202
-4.89008
2.74879
1.27758
1.49588
-0.322401
-4.48035
-4.88336
-5.26401
-5.61998
-5.93912
-6.17988
-0.410594
-6.40082
-6.79089
2.08307
2.70551
1.22011
1.07663
0.325387
1.27561
-6.83204
2.67249
0.00213044
-6.8183
2.20214
-4.88265
-6.73441
0.0464357
2.58106
1.5764
1.04547
0.58488
1.71019
-3.20312
-6.63502
2.54783
-6.43415
0.0210069
0.666897
-5.41885
1.62422
2.50686
-0.188412
2.19133
0.0687819
1.38634
-6.34809
-0.52037
-0.169429
2.46686
-0.657787
-4.15971
2.42736
0.335852
-1.48573
-0.599436
-5.63336
2.39316
1.76835
0.572639
1.70558
0.433772
-0.0351011
-0.00553549
-5.51786
-6.70443
2.34916
0.736202
0.0638042
1.78672
0.851971
-8.75431
-0.555443
-5.39756
2.31429
-4.16411
1.74424
-0.00315674
0.0287217
-5.30453
2.27434
0.78668
-8.58921
2.22884
-5.23676
-0.153496
-0.479189
-4.14742
0.194759
2.19838
-5.1715
2.14286
-5.13629
-0.547301
1.13511
0.00326481
1.01164
0.00461313
2.10108
-5.10367
1.15066
2.64649
1.78167
-5.09557
-5.22647
2.06674
-0.239297
-2.43041
1.46916
-5.08262
1.70496
2.03378
-0.00749484
0.272794
-2.05487
1.70334
1.20599
0.0060229
0.466945
-5.07415
-4.15347
1.98387
0.56423
-6.44466
0.625152
-7.66107
-4.04744
0.481551
0.825942
1.94601
2.36672
1.76891
2.54493
1.79761
-5.03378
1.24482
0.14111
-3.29971
0.86312
0.00937148
0.0786864
1.00902
1.41457
-0.179935
-4.99442
-3.8597
1.86305
-2.09602
-0.554186
2.11946
1.41488
-0.00335593
2.95869
-10.9089
0.483704
0.367989
-4.93576
0.41316
-2.79486
1.81185
2.06701
1.87292
1.16398
-4.85282
1.76143
1.70016
1.66488
1.6027
1.55731
1.4875
-3.94537
1.71881
1.43357
1.93372
1.31529
-9.215
2.33551
-4.74484
-0.884257
-10.4692
1.32947
-4.37408
2.33835
-4.61639
0.484383
-4.47726
-8.23398
-4.33705
1.67374
-1.15551
0.165352
-4.22073
-4.68048
-1.99693
1.74732
-7.70983
-4.10767
1.83029
1.7957
-0.969094
-10.0297
1.92471
0.36487
-11.2437
0.152658
0.712906
1.54381
-2.95063
0.102885
-2.78137
1.89728
-0.815388
-2.3678
-4.97987
0.973901
1.76276
0.183641
-5.06729
0.780135
1.98487
1.42507
-5.10114
1.72568
0.791656
1.45389
-0.38042
1.77365
-0.659345
-0.000298873
0.00588813
0.803935
-3.38681
2.56647
0.351857
0.312744
0.280431
-4.12257
2.25694
1.8387
1.5605
1.7184
0.319763
0.00138852
0.564659
-2.04024
0.976686
-0.897297
0.138242
1.26256
-3.83723
0.570742
3.13062
0.00047341
0.94117
0.987141
-8.0027
0.043505
1.36282
0.028791
0.800248
1.49592
1.70843
1.80012
1.79209
0.120306
2.01666
-4.17475
0.0867261
0.755405
0.0787078
-0.62054
0.348297
2.03297
-7.1646
1.69429
-1.51901
-8.76472
0.413801
-3.26445
0.671331
0.0364893
0.361657
1.8892
0.385912
-0.557581
0.0776742
0.476528
-0.0431171
-1.36692
-0.00513732
1.82146
0.184341
-1.82594
1.31001
0.214686
1.32259
-0.582602
0.125656
-0.325004
0.0941966
0.351416
-5.92359
0.266411
0.0318978
0.054407
1.05038
2.59709
1.23469
-3.14385
1.70144
-0.146319
1.33486
-0.00935268
0.0565527
1.49541
-6.13569
0.0167482
-1.39134
-7.68809
-5.62578
1.75246
-0.218843
2.13232
0.547902
0.00953559
2.68388
2.5551
-0.992293
0.61971
-1.04706
-1.068
1.93505
-1.99483
0.124841
-3.05633
-0.167609
-2.92543
0.777669
1.13431
0.208369
-0.00115009
0.29496
1.68166
-8.42987
-3.70137
1.10436
0.936556
2.53247
0.167542
0.708868
2.60637
2.64422
-0.00247128
2.30701
1.35519
1.75499
0.426961
2.37009
1.83086
0.527744
0.0610041
-0.0527928
1.34007
1.3074
0.00431109
0.00736459
-0.916455
3.21157
1.38335
1.0289
1.75662
1.05501
-0.047106
1.12292
0.366935
2.28862
-0.420548
0.198596
0.204145
2.90004
0.605273
1.91027
3.22369
1.74078
1.79214
-0.00596545
0.913053
-0.00224418
2.03408
3.05469
-4.73529
0.713427
2.95292
-0.116336
0.155604
3.20673
0.909397
-11.492
0.572143
-0.122314
-4.2561
0.449387
0.0396319
0.370788
-0.0655661
0.404794
-11.4817
0.129197
2.78225
1.86173
0.951437
1.50755
1.49359
-0.584641
1.66986
-0.0167256
3.37416
-0.635139
-3.11923
0.294546
2.51258
1.66246
1.54201
0.251409
-2.37723
-1.57519
-0.688429
-0.240245
-0.178456
1.4278
-0.197461
-0.0811793
-0.546099
1.82176
0.325067
1.55595
-0.012603
0.785536
0.931045
2.94838
1.52474
0.0737663
1.36321
-5.03116
1.99739
0.1064
1.5934
2.68888
0.158656
0.133765
-2.1473
0.0403402
1.69972
0.0604879
0.70493
-0.204373
1.50618
-5.39526
-0.505858
2.4302
0.944504
-1.67054
-5.63405
1.86676
2.09529
0.176607
3.27181
1.6673
0.625959
1.36723
-0.169071
1.95862
-1.79809
0.0104486
-1.84328
-10.2382
1.72497
0.168532
0.62837
-0.824162
2.82237
1.36993
-0.57083
0.0603309
-0.0547203
-3.09444
1.20542
1.3944
1.40045
-3.68453
0.776948
-0.347772
0.991388
-0.473355
1.06535
-0.150155
0.369175
0.307156
1.00283
0.602589
1.80822
-4.13928
0.0462769
0.298175
1.71291
2.16596
0.296739
-4.01015
0.0189404
0.342669
0.82365
3.15633
1.86378
-0.00226578
1.45678
-10.622
1.7008
-1.74142
1.1705
2.56966
-1.56026
0.368325
-1.03822
1.68416
0.822272
0.0048323
-2.43741
-5.40522
-8.02008
-4.65141
-1.3188
1.85688
1.29386
0.0640269
1.86128
-7.34978
1.81846
0.531427
1.69836
0.137102
0.0742466
1.76396
-4.31007
1.7912
-9.41233
-3.62569
2.69912
-2.03395
0.353456
-0.173382
0.680595
1.20872
2.42636
-1.42628
3.3206
2.98054
-5.07242
2.50065
0.378593
1.77213
3.11272
-2.20806
0.0073131
0.966465
1.75175
0.451567
-8.21177
-0.0372279
0.350104
-1.73392
-0.199596
-0.16883
1.75579
-0.26094
0.0998921
1.71532
2.2501
-3.59247
2.31822
-1.33244
-3.41812
0.153941
1.10704
1.66977
0.869529
2.18734
1.32271
3.42878
1.67411
-4.10146
3.45652
2.46399
2.54095
1.89672
3.44738
2.59392
0.242254
1.50056
3.41003
0.839817
0.133016
-1.39614
1.59529
-4.9319
1.03947
1.36366
-0.929405
2.49054
1.71543
-3.41371
-0.626959
0.70958
2.42657
2.38644
-0.241507
-1.29024
-7.45431
-4.54246
2.17998
-0.272398
0.0519611
-6.44717
3.2274
2.60064
0.0817319
0.974358
-6.83783
-7.63064
2.24702
-0.32957
3.13472
1.72736
-8.33189
0.10317
-6.96873
1.24489
-1.22596
-6.07408
-2.62406
3.05645
-1.18464
-7.19408
0.316168
0.0127326
3.08726
-0.405815
-0.294006
-4.6043
0.52252
-5.11604
2.66087
0.735976
0.83567
-10.6026
0.0105166
0.606376
-1.48517
3.03836
-1.47192
0.328869
1.71003
1.3251
-4.76856
-5.8012
1.62368
-1.82283
-0.744712
2.5956
2.98995
2.39294
0.396261
2.92551
2.51268
1.88104
0.937228
-2.16601
2.08021
1.23446
1.99885
1.97307
2.50457
2.08414
-1.91969
-3.0047
1.68883
-2.55531
1.45611
-4.8731
-1.63752
-5.07641
2.3378
-0.610534
0.654687
-1.25614
2.19323
-0.0156934
-2.95458
-0.828751
1.43929
-3.27486
-5.21149
-0.0992599
1.77199
0.654327
-8.91
-0.516894
-9.2589
-0.0511727
0.184114
-0.00179567
-0.0437868
0.728824
-4.22469
1.74758
1.75241
-7.65092
-0.527427
-0.758977
-5.105
0.81926
1.74822
-3.85635
1.40105
1.48288
0.536859
1.91432
1.34423
2.72929
2.00183
2.63477
-10.2101
-4.67534
1.14853
-5.07546
-5.45139
-5.7808
0.895915
-6.07454
-6.31651
0.10692
0.404458
-6.82836
0.0106628
0.834343
-1.07701
2.68976
1.53092
3.35808
-6.8388
-8.86101
-4.12992
2.80003
-0.222926
1.15365
-0.224223
0.796767
-6.78796
-1.32091
-0.291728
1.1897
-8.26809
-6.69868
1.25143
-1.64327
1.67806
-0.135287
0.789557
-2.66573
2.56732
0.218206
2.73838
0.358456
-6.5443
1.7962
-1.16496
0.824527
-0.5041
-1.87952
-5.05484
-0.265978
2.52738
1.85497
-6.76394
2.51704
2.53227
-3.8448
-0.00427238
-6.44973
0.497385
1.61559
-0.421287
-0.872173
2.48722
0.443858
0.109492
0.377283
-5.74449
-4.93629
2.81233
-3.41653
1.22351
0.334189
1.47135
0.00954055
2.21068
2.44678
-8.5587
-0.029725
1.73062
-2.94569
1.22483
2.01518
0.086051
2.41097
-3.15592
-9.56986
0.182964
2.26847
-0.00321029
2.31424
-1.36744
1.86233
1.88322
1.57051
0.0429352
-5.58489
2.36956
2.43307
1.78882
-1.47367
-0.582082
0.3913
-6.12647
-1.23868
2.83355
-7.4342
0.747407
-5.46126
2.3347
-4.15644
-0.597388
-0.032832
0.401441
1.78723
-0.183085
-1.39895
3.13798
1.8123
-5.36299
2.2952
1.2327
1.27053
-0.216875
0.246234
-5.58281
1.59224
0.112891
2.00855
2.25213
-5.27712
-0.515522
1.43426
1.00035
-3.53769
1.2843
0.508091
0.135382
1.25274
-0.455192
1.2778
2.21589
-5.19903
1.34796
2.26103
1.46354
0.420646
2.16934
-5.15348
1.70817
-0.141089
-6.23647
0.319021
2.51289
-0.477621
1.7352
-6.46063
2.12146
-5.11906
-0.327179
1.26702
2.60206
-1.93285
1.30654
0.725244
-4.15152
1.79642
-5.09499
2.08463
2.35863
1.59274
0.488179
2.65297
-0.17443
1.71831
-0.287198
-5.08877
0.0403304
2.05181
-2.99253
0.861485
1.13454
-5.08204
1.69663
2.00664
0.00660911
1.71546
1.19669
-7.16732
2.74938
-4.05793
-3.49424
-8.62035
1.96427
-8.22128
-0.149799
1.81856
1.14915
0.0954099
1.12334
-4.58718
0.708864
-0.227988
0.343551
0.916984
2.95089
-7.12164
1.77195
3.18508
1.24475
1.24827
-5.02151
1.72277
-0.121877
0.819845
-1.23976
0.977864
2.24384
-2.79751
-4.97025
1.83811
1.68741
1.22824
1.17604
-0.971929
1.10038
0.684689
1.2805
1.68163
1.76302
-4.27312
0.984246
-4.89969
-1.10654
1.68941
-4.13684
1.78696
1.69494
0.729417
0.641894
2.63328
0.295931
0.0700704
1.72464
1.73111
1.40831
1.68562
-9.1676
1.6337
1.58153
0.469652
2.30547
-4.80241
0.952124
1.52108
2.37925
1.45957
1.02279
0.00559894
2.43796
2.38338
0.0924827
1.08515
0.691284
-4.68035
0.761622
1.44514
0.921703
-4.5472
3.21123
2.53341
-4.56539
0.938515
0.261159
0.0219256
-4.39846
1.03326
0.99927
2.13075
0.136798
-4.27385
2.42947
-1.48187
-1.59227
-0.0881172
1.67322
0.907319
1.91796
-2.49075
0.227875
2.90736
3.04492
1.22605
-0.0878448
-3.47627
3.33893
0.854463
2.47805
1.53438
-0.227081
0.143904
-1.34821
-0.0998437
2.24344
0.218488
-9.43757
0.679881
0.700643
-1.77025
-8.47619
2.57315
-3.22043
-6.03853
0.329249
0.586892
0.939481
-0.212229
0.384094
0.891059
0.704814
0.658665
0.0639
2.94825
1.75263
1.96564
2.10673
1.26433
-2.32769
2.90454
-0.978068
0.239878
-0.033251
1.55392
-4.99975
0.454427
2.29524
0.359416
0.131537
0.229394
1.78583
0.851028
-5.72295
-5.37468
1.64801
1.78985
2.68089
1.69715
2.00139
2.27698
2.23706
-0.772013
2.12348
0.270199
0.886116
-4.81076
-2.33386
-4.08302
1.0624
0.399785
2.04613
0.781974
0.567948
-4.21053
-1.32691
1.16485
-0.408567
0.250767
-8.96113
1.68083
2.57931
-5.42975
0.0519546
-2.03176
-4.21156
0.129526
-3.75457
0.67906
1.64695
0.734825
-0.15587
-6.8569
-6.79659
1.78923
-0.804579
-6.70224
-0.802758
-3.24026
0.975499
-10.1386
1.06887
1.27637
3.03424
-0.52929
0.613804
2.4442
0.33032
0.504487
-3.46219
1.04051
-6.69538
-4.09003
-5.11306
0.0726639
0.167178
0.777493
0.50097
-2.38657
0.722048
-6.40333
-0.250589
0.423525
0.501597
-6.816
2.41044
-0.0804565
1.72181
3.21404
2.46179
3.11901
-4.55661
2.39436
0.334161
0.145137
-1.59359
0.171305
0.39447
0.618686
0.106865
0.0259072
0.834835
-6.98831
1.06043
-3.18081
-6.55937
-0.353302
-1.59086
1.95645
1.29352
-4.16235
1.26954
-5.06682
0.150539
-4.1048
0.256211
0.254425
-4.70769
-1.53162
-1.95461
1.84192
-0.0244204
-3.87639
-9.99205
1.83731
-1.1182
0.781005
0.499045
-6.97676
0.11556
0.0080197
-0.180577
0.347881
-7.30308
-6.70939
-0.46494
-7.5969
0.346369
0.407392
1.88881
-0.917109
-0.404421
1.38999
-7.03237
-1.58539
0.780253
3.32712
-0.326644
0.399292
-0.781115
0.478219
-3.39366
1.94043
-1.34486
-3.91579
1.74059
0.368942
-5.53685
2.26311
-5.01402
-3.2362
2.47108
1.24201
-0.037867
-0.761574
0.0535386
-10.9797
-0.904677
1.68042
2.12487
-4.8821
0.238355
0.202038
-0.293609
0.843763
1.66038
0.0682598
2.42958
2.58558
-9.03024
0.94281
-0.786304
0.0548907
-4.34677
0.159974
1.51461
0.386627
3.14478
-4.82191
-4.92083
2.64721
-3.4724
-4.50556
-11.7316
-2.20986
1.70478
1.63307
-5.12058
-2.26167
1.37631
2.71619
-0.0326299
2.77248
-1.1293
-4.53535
0.427336
-4.43369
-5.26321
-1.19633
0.775193
-1.62098
-1.09367
2.28841
0.734263
0.374288
0.921726
3.37014
-4.11404
-5.20234
-5.06756
-1.21457
3.32563
-5.05878
0.679058
0.0139624
0.430057
-3.53153
-4.66761
-0.0223604
0.0920389
-0.131857
-0.0148543
-0.0468164
-4.86784
2.88047
-3.84405
-3.2254
2.92586
1.12861
2.43966
-3.29933
1.68462
0.0275561
0.380859
1.42508
1.16399
2.5786
1.09763
-0.092877
0.785818
0.228111
-2.80432
-6.81704
-0.110793
-1.93419
-4.11307
1.19934
0.928166
0.07407
0.699589
0.317933
2.77012
1.73856
1.63768
0.446181
-3.35806
1.57059
-2.94947
-3.79537
1.71589
-0.400555
-2.88439
0.00861816
2.63126
-3.82218
2.53609
-0.0216709
2.3819
0.0714593
2.602
1.34539
1.38501
-5.01104
-1.10311
1.84714
1.34037
-0.784711
-0.0735864
-4.13799
0.217506
-1.87901
2.78003
-2.04061
0.740818
-3.25156
0.658576
2.3863
-2.52715
-7.17527
0.791359
2.79127
-3.94038
-2.04671
0.0394153
0.362537
-5.54827
-0.303525
1.35615
-10.7052
0.715069
1.83136
2.22663
1.06409
2.34695
2.05762
0.548309
0.0617354
-1.17528
2.72443
3.22344
-11.0513
0.579644
-1.23319
-0.0638865
-5.78966
0.470814
2.92673
-3.49572
1.90937
-0.419096
1.07568
2.4818
1.88289
-1.07633
0.39787
1.36259
2.62172
0.287642
0.424116
0.482003
1.87151
1.04521
-4.15347
-5.3901
-1.4214
-4.13149
1.96658
-7.51881
-3.19013
-7.73527
-4.45329
1.59948
-8.0926
0.188256
-0.139082
1.36267
2.84689
-0.32676
-1.33292
-0.0103938
-1.99768
2.02398
3.34325
0.0852108
-3.45585
-5.37573
0.620617
0.567482
-0.232471
-0.575515
3.27435
0.728696
2.71402
-7.67504
0.764629
0.978456
-8.66282
-0.134548
-0.98889
-3.285
1.00809
-0.118807
0.525582
-4.15254
1.01822
0.671356
-9.12204
-4.96308
0.735959
0.858859
2.63245
-1.56909
-0.107375
0.638192
0.408484
-0.00630051
-7.52278
2.60203
-7.77291
1.74171
2.3123
1.93825
-7.77487
0.501331
1.91049
-0.731904
-0.085127
-0.497635
1.33358
2.51612
2.60876
2.22576
1.83319
-3.76086
-7.62629
0.872575
0.186747
-5.76317
2.78431
1.97264
1.07167
1.2969
1.24577
-4.3323
-8.53348
2.29712
0.820587
1.19685
-0.105322
2.45872
1.67096
0.121658
2.67464
0.165482
-1.93001
-6.90759
0.0703827
-6.66112
-0.34948
-2.18395
-3.37444
1.70496
-5.60842
0.972546
-3.04259
0.601082
-5.12016
0.0661128
0.216407
2.71168
-8.67694
-0.322243
-5.17534
0.565032
2.24728
1.26809
-7.39369
0.0151081
-4.03911
1.44289
-5.56962
0.0449973
-2.79353
0.27321
-0.0846027
1.88565
3.42782
3.34091
0.357766
0.189142
-4.14996
2.69079
1.87087
1.43121
2.07376
0.535457
2.5748
-0.0108521
-5.32692
0.187196
0.182248
2.35316
-1.65771
-2.88493
1.46395
1.48638
0.0541667
1.59989
2.42884
1.57676
2.40867
0.904341
1.80734
1.75096
1.16462
-0.0608952
2.77846
-0.911411
0.547828
-3.54775
-9.47534
0.00108599
0.69222
0.213343
2.11101
2.45643
0.769639
-6.08404
2.36308
0.883928
-3.41007
1.30576
0.814071
-5.53208
0.502479
2.22072
-0.160809
-0.86566
1.04413
-4.89095
-0.83021
-1.14214
0.0906477
0.94063
1.78408
2.90316
3.23198
0.560073
0.612499
1.54247
-1.32467
-2.88289
2.50501
-3.08301
-4.43448
0.99545
-3.89684
-3.24518
0.154569
1.22293
-6.9558
1.24227
2.49285
0.615997
0.111986
0.411796
2.72789
0.139759
-2.70923
-1.73485
1.30965
-10.682
1.87606
-6.63562
2.50832
1.71959
1.25858
0.0928855
-0.913069
2.67648
1.33511
-0.227784
-2.65726
-7.17611
0.0398668
1.67787
1.51768
0.731747
0.0736102
-0.820683
1.49805
-7.04282
0.306725
-0.0606462
1.49426
3.08274
-0.308287
-0.0306795
0.410781
0.00633597
-0.778062
1.35999
0.820116
-10.0298
0.0835768
0.337171
2.36876
-6.80638
-0.443265
1.7932
2.12964
2.5501
-0.139933
-2.97591
1.47486
1.0978
0.392386
-5.01086
-0.789705
-6.79698
1.56942
-5.49674
1.32668
-3.57394
-0.337032
-0.477649
0.0378282
-11.4619
-0.0301889
0.0684984
2.441
2.41771
1.19388
-3.18516
2.73011
1.46233
-0.813793
-0.152755
-1.7453
-0.244569
0.112311
-2.22662
-3.79773
1.37041
-5.07919
0.969741
0.0242857
-4.70509
2.60036
1.41747
2.48613
2.35023
-0.998806
-4.14439
0.465097
3.09893
-0.310123
1.15144
1.67477
0.0115971
2.06517
0.776101
0.0706736
1.25596
-0.26321
2.0731
2.40813
1.62008
1.73075
0.226598
1.57151
0.127169
-6.79346
2.00462
2.60831
0.641159
-0.948907
-6.85521
2.85399
-2.23579
-4.49895
-9.13772
-0.23154
0.00776646
3.09419
0.78687
-0.199489
2.2518
-0.858368
-0.120168
0.126431
1.91076
1.14492
0.882702
-1.05829
1.57171
-0.000160747
3.07856
3.05666
-1.76597
1.98853
-1.39425
0.664565
0.0515617
1.74669
-5.34102
2.46759
-4.96884
2.15754
0.770639
1.27746
2.34423
-5.85012
0.0797688
0.427997
-2.69423
0.562346
-6.56023
-1.79906
-2.53292
-0.967937
2.56868
-7.86031
2.82272
-0.199285
-10.1025
0.469344
-4.91067
-2.58729
-7.63586
-0.00925277
-2.0163
-6.57232
2.44032
-4.90952
2.5261
0.360573
-4.80877
-0.465734
-2.45054
0.700823
-0.0880862
2.73257
0.979016
0.510884
0.0907555
-4.87732
1.5268
0.147906
1.09611
0.032452
-4.15686
-0.0198315
-9.5285
0.505671
-0.714408
0.846557
2.39163
1.83673
-0.541922
-0.306767
1.66306
1.68155
2.81342
3.02459
1.3879
-0.206965
1.71306
1.08609
0.497619
0.345837
2.75335
-4.99418
0.769231
-5.80617
0.873862
-0.147082
-0.663764
-0.262527
0.560578
1.10595
3.25032
-0.315819
1.69378
1.73657
-4.55497
0.59165
-2.68282
1.50829
-4.87333
-2.29607
-0.0280893
0.262385
1.68731
1.02502
2.66143
-0.0714011
2.52628
-0.782947
3.13033
1.83674
1.67104
-6.8947
-7.88886
-0.256981
0.359726
-2.0581
2.24907
2.31441
1.40388
0.328987
3.12182
0.741654
1.70737
-0.565387
-4.14916
0.459658
0.721469
1.95634
-5.47667
0.109657
-1.84257
-0.0829212
2.64711
0.97222
-4.14649
0.545997
-0.279628
0.361365
0.54801
-0.29413
1.06722
-6.94348
0.00465976
-1.99065
-0.23547
-4.72933
-1.69625
-6.41076
-7.48151
-0.292188
1.8587
-0.239647
0.845603
0.0438633
2.2667
-5.48885
0.553879
0.296286
-0.656712
-4.56627
2.39304
1.70574
0.234121
0.153422
2.40464
-3.28544
-6.57586
-2.02301
-0.000273564
-2.26246
1.40184
1.15289
-0.256825
0.411678
2.50244
0.215288
0.0302841
1.4547
1.0866
-5.73485
2.29527
-4.14456
2.60808
1.07939
2.20409
-2.88406
-5.93666
-3.25433
0.690057
2.54296
-6.03296
1.66813
1.00291
-10.4302
0.422733
-1.59244
3.009
1.53484
0.11379
1.01246
-0.363327
0.0669264
2.38682
-3.39888
1.32134
2.07761
3.14554
2.00148
-6.40636
-5.25933
-5.66727
0.0725442
2.38838
-0.950312
0.0647482
-2.32906
-4.75324
2.39916
0.369703
-6.17414
-0.135793
2.32817
3.10645
-0.105054
0.0491537
2.30692
2.17778
1.27782
2.50583
-1.39415
-6.86954
1.61677
-8.0336
1.01115
-0.153124
-7.94005
2.45958
1.24123
-0.6469
-4.9481
2.32434
-5.32549
-2.55913
-0.226609
0.697855
1.69442
2.54622
-2.30666
-0.0255752
-6.8732
3.2305
3.15386
1.72852
2.12395
0.0110265
-5.23464
2.90669
0.510809
-3.24923
-0.163746
0.00791411
-5.68492
-2.32137
-5.29712
1.33524
-0.858786
-0.0369626
2.08416
1.95083
-6.9804
-0.900522
-1.47654
0.780653
1.3476
2.44717
-2.41329
0.0651442
-0.294592
1.16633
-4.11314
-0.443415
2.23669
2.0485
0.00633536
2.34074
2.12644
1.59884
1.18565
1.18479
-10.006
1.96178
1.3143
-6.5736
-0.248309
-2.61504
2.29847
-7.37072
1.37403
0.979279
1.71986
-2.82668
1.83828
3.32351
-4.50303
0.931515
0.786007
-4.36686
2.99961
-0.221677
1.23429
-4.64229
0.0635981
0.090897
0.517879
0.68931
1.12845
1.20194
-2.70881
-0.301786
-5.1156
2.35407
0.760685
-4.14093
2.0447
1.83946
2.91746
3.21007
0.0578107
1.75588
-8.12807
1.50662
-0.0781964
1.10223
2.81409
2.43251
-1.08633
0.00497275
1.59205
-3.35579
-4.66619
-0.425424
0.718805
-5.13819
3.06574
-5.71097
-0.709724
2.30488
0.860714
1.07656
0.0362929
-2.6953
0.1101
2.28929
-0.341104
0.0625833
0.823703
-4.12935
-0.673491
-5.96706
2.08455
1.41311
2.00397
-1.48422
1.53284
-0.558832
2.02796
-7.12771
1.69007
1.64126
2.43389
-4.19701
-4.1477
0.508015
-0.031692
-4.44422
-0.687584
0.955556
-2.13043
2.87095
-6.66619
-0.403608
1.48557
-5.00598
-1.64566
-6.08468
0.34563
1.09189
1.54651
0.0211186
0.710706
1.35489
1.66339
1.13015
0.0543904
-0.174609
3.10298
-0.123457
0.75771
0.71516
-1.47222
0.542735
-2.06291
1.98063
1.9887
-0.998683
-6.06236
-7.62312
0.213641
-4.88829
1.51675
-4.21834
-5.83799
0.644563
0.290001
-1.5391
-1.05434
2.50777
3.17434
-0.687293
2.26572
3.09902
1.03194
-0.0286077
-5.67366
0.201122
-7.54161
-1.73816
-2.92042
-6.29349
0.928096
0.0221841
1.24373
1.00464
2.12117
0.86606
2.15173
-0.575592
0.669986
1.09783
2.98835
1.04732
-4.13621
1.43839
-2.07866
0.0281329
2.45222
1.72555
-1.57025
1.86039
-0.366803
-0.489464
2.07816
-0.739493
-6.03129
-5.12213
1.70846
2.24885
3.03703
0.651453
1.67789
-3.58284
1.54464
0.147586
-1.43484
1.48851
-1.46021
1.06496
2.21997
1.97957
0.788632
2.32432
-8.1261
1.69325
0.605742
1.55661
-0.171014
1.6528
1.61816
-0.00719903
2.23995
-3.79377
-1.33505
0.748094
2.97
-0.52214
1.07163
0.912269
1.06293
2.85791
0.91374
3.0106
-7.25341
-1.03687
2.11318
0.87804
-0.148756
0.830173
0.740454
-1.04817
1.52213
0.915458
2.97517
1.55137
0.958633
)
;

boundaryField
{
    SideWalls
    {
        type            empty;
    }
    Top
    {
        type            zeroGradient;
    }
    Inlet
    {
        type            zeroGradient;
    }
    Bottom
    {
        type            zeroGradient;
    }
    Outlet
    {
        type            fixedValue;
        value           uniform 0;
    }
    Plate
    {
        type            zeroGradient;
    }
}


// ************************************************************************* //
