/*--------------------------------*- C++ -*----------------------------------*\
| =========                 |                                                 |
| \\      /  F ield         | OpenFOAM: The Open Source CFD Toolbox           |
|  \\    /   O peration     | Version:  2306                                  |
|   \\  /    A nd           | Website:  www.openfoam.com                      |
|    \\/     M anipulation  |                                                 |
\*---------------------------------------------------------------------------*/
FoamFile
{
    version     2.0;
    format      ascii;
    arch        "LSB;label=32;scalar=64";
    class       surfaceScalarField;
    location    "2.2";
    object      phi;
}
// * * * * * * * * * * * * * * * * * * * * * * * * * * * * * * * * * * * * * //

dimensions      [0 3 -1 0 0 0 0];

oriented        oriented;

internalField   nonuniform List<scalar> 
7520
(
-0.993527
0.713732
0.279795
-1.35745
-0.175064
1.53251
-0.0547103
-1.6208
1.67551
0.252054
-0.033626
-0.218428
-0.164634
1.39713
-1.23249
-0.097509
0.104883
-0.00737425
-0.274656
2.09064
-1.81599
-0.0361908
-1.57048
1.60668
-1.298
1.24329
1.08346
-0.0761178
-1.00735
-0.235508
-0.1187
0.354208
-0.196986
-1.82462
2.0216
0.74704
-0.10225
-0.64479
-0.110257
0.151943
-0.041686
-1.76602
0.960717
0.805304
0.178082
1.5831
-1.76119
-0.167761
-0.0373395
0.2051
-0.0287013
0.304691
-0.27599
0.0748138
0.0270539
-0.101868
0.0649878
-0.232749
-0.460017
-0.228521
0.688538
-1.07158
1.24966
-0.0331301
-0.331211
0.364341
0.179744
-0.162153
-0.0175913
-0.0230482
0.090144
-0.0670958
0.272892
-0.268755
-0.004137
0.830682
1.14683
-1.97751
-0.0378188
0.335141
-0.297322
-0.00283988
0.0776537
0.218512
-0.0347547
-0.183758
-1.10036
1.76356
-0.663203
-0.0537112
-0.0205872
0.0742984
-1.75567
1.97265
-0.216985
-0.336823
0.411923
-0.0751008
-0.196449
-1.22845
1.42489
-0.689841
0.91196
-0.222119
0.291269
-0.573942
0.282673
0.819981
-1.58687
0.766894
0.0933467
-0.34153
0.248183
-0.049353
-0.112008
0.161361
-0.0303946
0.282449
0.52977
0.0106687
-0.540439
0.312287
-0.0393955
1.93261
-1.21493
-0.717679
-0.392805
-0.719118
1.11192
-1.54172
1.67758
-0.135866
0.0345592
0.124415
-0.158974
0.299262
-0.0919672
-0.207295
-1.36974
0.269378
0.295213
-0.0798199
-0.215393
1.73092
0.173642
-1.90456
-0.706929
0.230691
0.476238
-0.0524207
0.0447942
0.00762656
1.03184
0.525735
-1.55758
0.0159085
-0.113417
-0.774442
0.0944772
0.679965
0.373302
-1.25739
0.88409
-0.0424849
-0.132984
0.175469
-0.132476
0.0787645
-2.27438
1.11228
1.16211
1.71778
-1.16284
-0.554933
-0.017354
-0.0463431
0.0636971
-1.22077
1.02432
0.890148
-0.143108
-0.0249612
-0.0274596
0.00431159
-0.114569
1.10142
-2.13753
1.03611
0.142912
1.588
-1.29289
1.02213
0.270756
0.33504
-0.254429
-0.0806113
-0.512249
0.885551
0.541723
-0.756075
0.214352
0.359179
-0.0989428
-0.260236
0.423811
-0.512823
0.0890124
0.75082
-1.61122
0.860403
0.138982
-0.121534
-0.017448
2.35938
-0.894014
-1.46537
0.462629
-0.799362
0.336733
1.67512
-1.38806
-0.287053
-0.879822
0.105381
-1.5144
-0.759985
0.685794
0.148499
-0.834293
0.271433
-0.664438
0.393005
0.00169576
-0.338518
0.318286
-0.346988
0.237381
-0.0188681
0.0282427
-0.0419641
0.0137214
1.28881
1.07056
-1.62224
1.79624
-0.173999
1.19211
0.525669
-0.997021
1.1528
-0.155774
-0.0158938
0.191251
-0.175357
1.40277
-1.59976
0.261587
0.212026
-0.118679
0.448437
-0.106637
-0.341799
0.0078619
0.0916966
-0.0995585
-0.566813
0.377867
0.188946
1.52037
-0.76955
-0.761434
0.660315
0.101119
0.846328
-0.821513
-0.0248142
-0.0956062
0.120457
-0.0248511
0.0646475
-0.065285
0.000637517
2.1571
-1.36009
-0.797012
0.557106
-0.501451
-0.492076
-1.33792
0.825669
-1.85907
1.58441
0.189614
-0.0867263
-0.102888
-0.324031
0.0885229
-0.17272
0.1714
0.0013193
-0.337683
0.415257
-0.0775735
1.89613
-1.07615
0.149651
0.00337403
-0.153025
-0.799501
0.339484
0.0259091
0.103432
-0.129341
-0.0510745
0.736868
-0.753304
0.390471
0.362833
1.18813
-2.05137
0.863239
0.0645254
0.115219
-0.14279
-0.564139
-0.322568
0.0311861
0.291382
1.48489
-0.401422
-0.228701
0.453047
-0.224346
0.0983942
0.123626
-0.222021
0.103076
-0.0985886
-0.00448784
0.705284
-1.80165
1.09637
0.405997
-0.439127
-0.348868
-0.0774585
0.426327
-0.0205542
0.170205
0.125616
0.233258
-0.358874
0.162894
0.0345191
-0.197413
-0.068531
0.231425
-0.632034
-0.121269
0.209137
-0.670555
0.461419
-0.679179
1.4224
-0.74322
0.346602
-0.385744
0.0391414
-1.15394
-0.18398
-0.0367406
-0.0551315
0.0918722
1.3802
-0.348352
-0.634935
0.446344
0.188591
-0.00379583
0.139452
-0.135656
0.310485
-0.0806028
-0.229882
0.227661
-1.84847
0.276028
-1.81775
-2.06149
0.872255
1.18924
-0.880026
-0.412865
-1.20066
0.839597
0.361066
1.71189
0.287319
-1.99921
0.196659
-0.246012
0.169836
0.533119
-0.702954
-0.458049
-0.603369
1.06142
-0.121347
-1.07932
-1.77151
0.0158449
0.0203414
0.00790132
0.0730996
-0.142689
0.0695891
0.305755
-0.34824
0.697075
0.149252
-0.167888
0.137493
0.0131582
-0.0139151
0.000756898
0.789425
-0.447992
-0.341433
-0.555208
-1.21081
0.123222
-0.581271
0.0591523
-0.597526
0.538374
-0.179298
-0.0882382
0.267536
-1.59334
0.840975
0.752369
0.425765
-0.590399
-0.0620693
0.47317
-0.411101
0.143002
-0.16605
0.542423
-0.246971
-0.295453
0.604074
-0.155637
0.257275
-0.337095
0.954114
0.22882
-1.18293
0.315421
-0.353239
-0.310558
-1.41574
1.7263
1.28794
0.656502
0.729483
-0.45805
-1.13296
0.443118
-0.682358
0.922198
-0.23984
-0.0118847
-0.0266578
0.0385425
0.274883
-0.332541
0.0576579
-0.887065
0.835991
-0.293691
-0.152881
0.446572
-0.241942
0.0626435
-0.83649
0.895643
0.409774
-0.981585
0.571812
-0.511945
-0.0548672
0.70916
-0.41789
0.150703
-0.0117203
0.384236
-0.298673
-0.085563
0.0147101
-0.352394
-0.383695
-0.240355
0.62405
0.138541
0.220638
-0.775969
-0.835254
-0.859096
-0.734247
-0.0469361
-0.141903
0.188839
1.06983
-0.562463
-0.507365
-0.924939
0.24576
-1.18312
2.14375
-0.960623
0.380835
0.161588
0.266186
-0.245877
-0.0203094
-0.751446
0.608655
0.660631
-1.05344
1.77705
-0.0893225
-1.68773
-1.59134
2.13711
-0.545769
-0.0285263
0.101626
0.45855
1.27657
-1.73512
0.0366541
-0.184236
0.147582
-0.148103
1.88168
-1.73358
0.0013279
0.120747
-0.122075
-0.878521
1.25268
-0.374156
-0.0568
-0.694646
0.112916
-0.49661
0.320133
-0.247127
-1.62469
1.87181
-0.128688
0.155742
-1.72355
0.947585
0.341835
-0.0222817
-0.319553
-0.175296
0.273691
0.127136
1.56778
-1.69492
-0.549609
-0.604522
1.15413
-0.538581
0.432481
0.1061
2.32923
-1.50755
-0.821681
0.496236
-1.04584
-0.104097
0.0903969
0.0137006
0.118056
0.752361
-0.870417
0.0630844
-0.0655989
0.00251453
0.775246
0.827966
-1.60321
-0.232412
-0.529022
-0.0657009
0.185603
-0.119902
-0.936853
0.674399
0.262454
-0.0896063
0.04657
0.0430363
0.845163
0.224665
1.11248
-2.02647
0.913996
-2.58599
1.18421
1.40178
-1.14934
-1.43665
-0.386321
0.437089
-0.0507679
-0.336832
0.256882
0.0799496
0.416383
-1.1958
0.779418
0.00295111
1.1056
-1.10855
-0.508419
0.656919
1.11329
-0.159175
1.01702
0.993533
-2.01055
-0.212901
0.108226
0.104675
-0.000242562
-0.93661
1.81415
-0.426244
-1.3879
0.148908
-0.112253
0.0178044
-0.264978
0.227638
0.963132
0.851015
0.257431
0.587487
-0.844918
0.379642
-0.0445018
0.105498
-0.282824
0.177326
-0.285369
0.27893
0.00643904
-1.81198
0.868042
0.943938
-0.241906
-0.0949252
0.854431
-0.645295
0.635608
-0.0241291
-0.611479
0.148095
0.151167
-1.9216
1.85656
0.0650429
1.11585
-0.706072
-0.0437309
0.00365691
0.040074
0.0105101
0.0687186
-0.0792287
0.12672
-0.225663
1.70238
-0.600958
0.0517243
-0.177302
0.125578
0.000558514
0.0125997
-0.435789
0.317089
0.544543
-0.65118
-0.694426
0.697377
0.247062
0.137174
2.09064
-0.0214525
0.0109023
0.0105502
-0.579428
1.12397
-0.228046
0.150175
0.0778703
0.133017
-0.0683691
0.00502167
0.524748
0.881426
-0.711591
0.437325
-0.386911
-0.0504146
0.353333
-1.23185
-0.0923676
0.217984
-1.64939
1.40226
-0.0282157
-0.0758817
-1.68558
0.246127
-0.249923
-0.113513
-0.0854245
0.198937
-0.613199
-1.19878
1.17983
0.977269
1.71798
-0.877003
-1.82462
0.315083
-0.543784
-0.0889052
0.0196193
0.0692859
0.179476
-0.269451
0.0899759
-1.26992
0.550801
-0.202706
-0.27421
0.476916
0.722502
-0.798619
-0.0675835
-1.84648
1.91407
0.904467
0.20575
-1.51263
1.30688
0.953534
1.01912
-0.881658
1.39429
-0.935742
-0.044094
0.404896
-0.360802
-0.883873
0.800064
0.0838085
0.094595
-0.0428707
-0.0870397
0.344091
-0.257051
-0.302562
-0.203687
0.506248
-0.525191
1.81313
-0.282252
-0.387174
0.669426
0.240051
-0.205492
0.255658
-1.25268
-0.197604
0.303102
0.00927699
-1.92001
1.06796
0.852058
0.386918
-0.489167
0.00845676
-0.059417
0.406019
0.974065
1.35516
1.63133
-0.533937
-1.09739
0.137462
-0.0489018
-0.0885605
1.00101
0.674102
-0.041962
-0.0469432
0.645355
-1.69243
1.04707
0.249058
-0.271521
0.0224634
0.58837
0.932
-0.240735
-0.100795
0.756266
-0.498835
-0.575181
1.40586
0.178944
0.0106696
1.90746
-0.719333
0.156041
-0.148179
1.72471
-0.0933809
0.112167
0.419846
0.0174792
0.0181506
0.316889
-1.68543
-0.895485
1.02174
-0.126251
0.00628431
-0.127819
1.81862
0.0175318
-1.83615
-0.73923
0.456978
0.239367
0.0711177
-0.327145
0.0727166
-0.176929
-1.21113
1.55412
-1.58138
0.0272558
0.0590262
-0.381016
0.32199
-0.962366
1.55074
-0.844536
1.54982
0.118307
-0.0592804
0.768095
-0.377625
1.93429
-0.531517
0.00511483
0.133211
-0.138325
-0.122312
-0.0530335
0.175345
0.134959
0.00250316
0.173819
-0.807737
0.121575
0.119833
-0.241408
0.545494
0.876904
-1.73365
1.42309
0.133141
-0.48201
-0.383539
0.925262
-1.11763
1.31051
-0.192885
0.557013
-1.93509
1.78699
2.18148
-0.892667
0.878817
1.0538
-0.079951
0.294063
1.26006
-1.40702
0.359765
1.04726
0.269273
-0.304028
-0.382211
0.140305
-0.237691
0.16916
0.252996
-1.46793
0.716963
-1.16381
0.446843
-1.74239
0.79354
0.94885
-0.264483
-0.491592
0.0928387
-0.110193
0.0871436
-0.0159831
0.366009
-0.350026
-0.564746
0.502677
1.20511
0.976368
-1.59134
0.0474687
0.0556078
1.63069
-1.43088
-0.199811
-0.438783
1.71536
-1.23853
2.13575
-0.897229
-0.803867
0.988397
-0.18453
0.140656
-1.36143
0.0093684
0.247514
-0.27283
0.443317
-0.170487
-0.0566594
-0.00862559
1.35257
0.57794
-1.28317
0.705233
-0.00439288
-1.55081
1.5552
-0.0570602
-0.115659
0.0597889
-0.486251
0.426462
-0.85608
1.20194
-0.345856
0.215107
-0.149686
-0.065421
-0.134954
0.938064
-0.80311
-1.86457
1.6895
1.82395
-0.430745
-1.3932
0.534205
-0.368998
-0.165208
-0.0124239
0.1919
0.156378
-0.668324
-0.855532
1.63078
0.0341262
-0.0082171
1.77705
-0.998372
1.11643
-0.0258787
0.0258787
-0.256338
0.212975
-1.83521
2.25269
-0.927386
-1.32531
-0.523897
0.800244
-0.276347
0.066782
0.0678031
-0.134585
1.08253
-1.14254
0.0600095
-0.486519
-0.320432
0.806952
0.928873
-1.98354
1.05467
-0.0356725
-0.8482
-0.238789
0.116477
-0.281576
-0.506986
0.788562
0.724237
0.467695
-1.19193
-1.27591
-0.418662
0.702082
-0.28342
-0.378834
1.32652
-0.947684
1.48646
-1.35932
-0.106996
0.228571
-0.19119
-0.0844716
0.508283
-1.12793
0.785538
0.342396
-1.63424
1.77702
-0.142783
-0.0185644
0.143308
-0.124743
-1.38385
-0.75368
-0.0204243
0.0175844
-1.69311
0.509989
-0.387443
0.300404
-0.339651
-0.464216
-0.0285609
0.277619
-0.641358
1.65838
0.0462856
-0.377497
-1.48947
0.112235
1.37723
0.494557
-0.920625
0.426068
-0.879165
0.196807
0.218101
-0.590562
0.372461
1.62968
-0.15891
-1.47077
-0.0104509
-0.106875
0.117326
-0.326533
0.618663
0.442205
-1.06087
-0.377859
1.33858
0.286569
0.642975
0.737221
-0.0249266
1.53918
0.185526
-1.39716
1.39277
-0.194649
-0.0340638
0.228713
-0.26281
-0.0506743
0.313485
-1.7857
0.547175
-0.309474
0.320143
-0.631725
-0.263759
0.261167
0.9001
-0.414779
-0.485321
0.208268
0.10402
-1.05127
1.88394
-0.832667
0.186328
-0.239361
-0.0880691
0.362952
0.268938
-0.541768
-0.0757471
-0.247806
0.323553
0.0118441
0.0999593
-0.111803
0.587132
-0.727083
0.139951
0.00807706
0.0475952
-0.0556723
-0.308093
0.343316
-0.0352228
0.263231
-0.643542
0.380311
0.328139
-0.0588658
0.0109796
0.441825
-0.452804
1.06174
-1.03396
-0.943543
-0.702007
-0.0234048
0.725412
0.124028
0.0317136
-0.302213
-0.236368
1.04768
-0.147583
-0.0569515
-1.1973
1.25425
-0.328265
0.00569767
-0.106195
-0.52584
-0.455523
0.320568
0.183117
-0.181789
-1.38124
-0.0382972
-0.0865939
0.124891
1.2513
-1.02248
1.0444
0.779553
0.761546
-0.125938
-0.209502
-1.61218
1.82168
0.478104
0.646084
-1.12419
-0.288337
-0.993759
0.515117
0.478642
0.946005
-0.451448
-0.0650431
-0.176447
0.24149
2.26944
-1.26719
-1.00225
0.143108
-0.32722
0.184112
0.490782
0.619718
-1.1105
0.0787967
0.107834
-0.186631
1.61871
0.0216833
-1.64039
0.288101
0.0165899
-0.268435
0.314721
0.106099
-0.0441115
-0.0619874
0.389267
-0.0709803
0.0343394
-0.0042313
-0.0301081
-0.72793
-0.526977
1.25491
1.07622
0.553456
1.01813
-1.07508
0.21364
-1.06972
-1.80849
1.74091
-0.112213
0.235839
0.307826
-0.614106
0.30628
0.849407
0.86857
1.12743
-1.29073
0.163298
1.22274
-0.579767
-0.154255
0.105353
-0.0325884
0.155726
-0.123138
-1.40166
-0.314107
1.71576
-0.377613
0.452105
-0.0744912
-0.00163198
-0.0242467
0.447038
0.95009
-0.153496
-0.0594045
1.13013
-2.12179
0.991661
-0.979532
0.0444782
0.935053
1.68258
-0.570102
-0.0419018
0.51275
-1.11612
-0.279671
0.00528794
0.274384
0.0215812
-0.205339
-0.628652
1.20659
0.0194198
0.0436645
0.241021
0.0873593
-0.32838
0.0887022
0.993825
-0.0819713
-0.588584
-0.333128
-0.421838
0.453024
0.598657
-0.938309
-0.14605
0.149424
-0.0437908
0.271429
-1.90656
0.872595
0.0418936
0.186943
-0.228837
0.104164
-0.0826854
-0.021479
0.253412
0.852187
-0.0535478
0.00720466
-0.0444333
-1.56281
1.60724
-0.125795
-0.499626
0.625421
-0.0542325
0.0756237
-0.0213912
-0.408937
1.1259
-0.205789
-0.311112
0.5169
-0.296444
0.514545
-0.701756
1.67991
-0.978159
-0.822171
0.560512
0.261659
1.70752
0.00436725
-0.303534
-0.0601223
0.363656
0.339169
-0.105911
-0.189958
-0.287737
1.02084
0.7754
0.462832
-1.31116
0.848324
-0.811273
-0.206061
1.01733
0.231564
-0.195772
-0.0357922
0.103727
0.292821
-0.396548
0.265818
0.266442
-0.53226
0.129194
-0.326798
-0.921242
0.0926023
-0.00245835
0.205414
0.0976876
-0.131211
0.410008
-0.278797
-0.245078
0.283242
-0.0381644
-0.225502
0.01782
0.207682
0.799822
-0.404243
-0.0331678
-0.00879631
-0.302251
-0.45395
0.756201
1.21327
-0.959854
-0.0300908
-0.343439
0.37353
-0.347075
-0.474438
-1.34364
1.48655
0.683576
-0.150458
-1.30377
0.859141
0.444625
0.256284
-0.107811
-0.148474
1.77215
-1.77215
-1.6785
0.164096
-0.916675
-0.192367
-0.650805
0.843172
0.545759
-0.563523
0.0177641
0.0715759
-0.0382297
-0.115604
0.153834
-0.0372031
0.227856
-0.190653
-0.608076
1.20663
-0.598558
-0.268054
-0.0586486
0.326702
0.798388
-0.657732
-1.08408
0.272808
-0.0425575
-0.230836
0.273393
-0.105537
-1.30149
-0.685702
-1.16489
0.479183
0.856194
-0.0544782
0.245935
-0.191457
-0.286744
0.349014
-0.0622701
-0.248203
0.182502
-0.0875153
-0.215227
0.101715
0.0396899
-0.0371348
-0.132473
0.169608
0.121289
0.0344374
-0.362937
0.373917
0.171737
-0.210157
0.0384209
0.0116146
0.0315556
-0.0431702
-0.223595
0.270573
-0.0469783
-0.0703328
0.186958
-0.116625
-0.763776
1.21062
0.696069
-1.07243
0.37636
-0.172465
-0.080813
0.253278
-0.0519606
-1.9205
1.97246
0.849151
-0.616339
-0.232811
0.3477
-0.0793147
-0.190137
0.178594
-0.0751627
-0.0616409
0.204749
0.338967
-0.898656
0.559689
-0.451356
-1.47024
-0.227557
0.905481
-0.677924
0.151566
-0.17212
0.424406
-0.285499
-0.138908
0.2307
-0.532951
-0.550283
-0.313549
0.354615
-0.0410659
-0.545637
0.342931
-0.130631
0.576975
0.13967
-0.12916
-1.39984
0.039746
-0.297301
0.566239
-0.0189523
-0.219836
-0.147951
0.0248125
0.269368
-0.323847
-0.0874004
-1.18801
0.424236
2.03296
-0.151281
-1.62469
2.22757
-1.07796
-1.14961
-0.120093
0.49796
-0.13585
-0.743972
0.535358
-0.520648
-0.260196
-0.0194759
-0.602072
-0.457221
1.05929
-0.0544841
-0.104545
0.159029
0.019107
-0.899133
-1.89092
-0.332013
-0.332462
0.664476
0.316016
-0.441811
-0.259416
-0.0403788
0.299794
0.490282
-0.0842847
0.181417
0.0748677
1.97008
-1.04121
-0.962639
0.360567
-0.264105
-0.0526925
0.316798
-0.0465063
-0.0410456
-1.10149
-0.31352
-0.0739065
0.387426
-0.0946037
-0.0378719
0.909479
-1.22476
0.315279
-0.642984
-0.0438364
1.81599
0.251069
-0.705019
1.15752
-2.0286
0.871079
-1.96352
1.2127
0.750816
0.174498
0.108813
-0.283311
0.149125
1.13687
0.0457885
0.815057
-0.860845
-0.0307475
-0.146555
0.281382
0.252824
-0.0175028
-0.311092
0.328594
1.25173
-1.46123
0.387259
-0.180802
0.220857
-0.0400556
-1.51024
-0.168255
-0.645502
-1.02824
0.326236
0.118023
0.00359436
-0.121617
-0.650381
0.339064
0.311317
-0.405542
0.361448
-1.10558
-0.556678
1.66226
-0.152804
-0.0223178
0.0890998
0.474829
-0.542231
0.0674017
-0.893892
1.68743
-0.178694
-0.851519
0.327623
0.636685
0.217746
0.692011
-1.30009
0.0409034
-0.0387015
-0.00220193
1.29257
-0.241951
-0.990543
-0.359071
-0.07857
0.437641
-0.0551416
0.224301
-0.0507124
0.272985
-0.222273
-0.277776
-0.0692115
0.144083
0.737344
-0.356972
0.325015
-0.06774
-0.417027
0.35761
-0.174202
0.0245448
0.149657
0.270629
-0.106509
-0.164121
-0.161092
-0.0427137
0.203806
-0.209201
-0.0271541
0.236356
-0.0836453
-0.138375
-0.261261
-0.119755
-0.0123979
1.21026
0.119338
-0.036271
-0.0830668
0.245776
-0.122419
-0.123356
-0.0494425
0.412492
-0.363049
-0.356292
0.282366
-0.701028
0.123269
0.380126
-0.0743712
0.191445
-0.0484425
-0.145272
-0.0389647
1.8657
-1.03774
0.531842
-0.889678
0.357836
-1.57096
0.227321
-0.0670142
-0.124312
0.191327
-0.047132
-0.0424744
-0.809531
-1.15399
0.376726
-0.0613052
-0.829218
-0.863209
0.336425
-0.0954042
0.00599632
0.468833
1.13247
-0.778834
-0.834669
1.2975
-1.6629
0.261241
0.267527
-0.24811
-0.0194168
-0.141181
-0.189244
-0.407189
0.596433
0.154651
-0.0290736
-0.645378
-0.659334
1.30471
-0.905599
-0.993323
1.89892
0.614335
0.408823
-1.02316
0.00489806
-0.251109
-0.0624396
-0.25625
-0.285518
-0.193938
-0.102411
0.296349
0.608297
0.453121
0.288101
0.136305
-0.246336
-0.629314
-8.01761e-05
-0.0213723
-0.667349
1.58687
-0.919523
-0.151026
-0.235286
-1.59565
-0.179699
0.0377959
-0.60045
-0.160636
-0.198239
-0.811676
0.166382
-0.174602
-0.894411
-0.353223
1.24763
-0.261028
0.796386
0.402112
0.398132
-0.310993
-0.983026
-0.923533
-1.27945
1.33946
0.0830612
0.0880598
0.0332448
-0.0921935
0.0589487
-0.65571
0.596785
0.0589253
0.731205
-0.788005
0.322096
-0.280203
-1.11045
-0.193319
0.131999
-0.104325
-0.0276739
0.645265
-0.0581332
-1.43109
-0.0778506
1.50894
0.015772
0.105517
0.0498814
0.343239
-0.39312
-0.259981
0.439309
0.117797
0.087515
0.0305249
-0.11804
-1.27147
0.845226
0.147131
0.00752063
-0.191263
-0.135957
-0.34561
-0.105105
-0.040945
-0.0660487
-0.348116
0.00998012
-0.0719676
0.389412
1.46714
-0.814796
1.69361
1.01749
0.519188
-0.839621
-0.028437
-1.40265
0.497382
-0.341587
0.401144
-0.0595571
-0.0787266
-0.0198621
-0.150443
0.0269387
-0.0610598
0.139824
-0.0535754
1.48637
-1.43279
0.127431
-0.822077
-0.128827
-0.278509
-0.0697311
-0.0683334
-0.299515
0.375464
-0.0759492
0.00516366
-1.44536
1.4402
0.662591
0.214076
0.331683
-1.24678
-0.594517
0.995646
-0.40113
0.0122445
0.0159514
-0.0986368
-0.592634
0.558162
0.0344722
0.340292
-0.498933
0.15864
-0.161014
-0.612071
0.773086
-0.291399
-0.0618409
-1.95389
0.0679207
0.198215
-0.1931
0.0489659
0.174493
-0.0273621
0.35716
-0.689622
2.19613
-0.917611
-1.27852
-0.0963074
0.445878
0.354069
-0.304187
0.221967
0.132648
-0.198012
-0.00928256
-0.407453
0.409149
-0.441861
0.831523
-0.992537
0.158393
-0.104927
-0.0534656
-0.38207
-1.85113
0.96783
0.8833
-1.74838
1.69641
-1.13023
0.498811
0.631424
-0.614106
-0.151047
0.765154
0.428119
0.619564
0.00373385
0.210332
0.798284
0.914659
-0.00514615
-0.272876
-0.0126224
0.992692
1.20344
-0.261381
-0.021443
1.36927
-1.08195
-0.0307612
-1.397
1.42776
1.18122
0.0290387
-0.307814
-0.0796292
-0.114601
0.223234
-0.274751
-0.0388272
-0.343384
0.167564
-1.13914
0.971575
0.0119098
2.29105
-1.44917
-0.841877
-0.0302741
0.127209
-0.0594057
0.770723
0.0652676
1.60218
-1.43808
1.01348
-1.91908
-1.23758
0.041106
1.19647
-0.867607
0.233054
0.634553
0.276403
-0.178715
1.97873
0.0629271
-2.04166
-1.12778
1.63029
-0.502517
0.0499885
0.233254
-1.17768
0.798844
0.0264841
-0.0546998
-1.3432
0.225571
0.00279446
-0.0264088
0.0236143
-0.151314
0.223378
-0.0720639
0.0976069
-0.461257
0.36365
0.571374
0.450362
-0.523877
-0.126504
0.0152514
0.885307
-0.920979
-0.0755642
-0.0671245
-0.271724
0.056331
0.0473545
0.761088
-0.808442
0.0251374
0.556732
-0.581869
0.0719732
-0.453163
0.381189
-0.567497
-1.42005
0.592623
0.827426
-0.0263806
0.838157
0.260941
-1.0991
-0.555607
0.2415
-0.26535
0.0238501
0.185167
-0.0375844
-0.264049
0.00463386
-0.304484
-0.818077
0.106487
-0.420846
0.827069
-0.406223
-0.813626
-0.319332
1.85984
-0.791885
-0.100253
0.196346
-1.3063
-0.0190845
-1.30918
1.32826
0.0511105
-0.099719
0.0486085
0.779
-0.543863
-0.235137
0.164868
-0.0254164
0.209389
-1.26959
0.455967
-0.690509
1.20563
-0.0706447
-0.365144
0.31085
0.245342
0.0252876
0.848203
-0.391225
0.0379204
0.693284
-0.937104
0.372965
-1.90259
0.909268
1.43387
-1.4287
-1.55771
1.50413
0.279436
-1.449
0.233534
1.21547
0.633811
0.27167
0.0351387
-0.902624
0.710257
-0.13996
-0.129236
0.269195
-1.15335
0.333537
0.819817
0.293725
0.667985
-0.96171
-0.0147935
-1.26466
0.809673
0.0513033
-0.860976
0.269694
0.510505
-0.894043
0.242012
-0.0146772
0.0612472
1.56714
-1.54545
0.106855
-1.02044
-0.399609
0.650287
-0.0248371
-1.21274
1.14127
-0.303112
-1.78699
-0.0376302
-0.281064
-0.901869
0.347738
0.237365
1.80849
0.282153
0.0877604
-1.18925
0.151418
-0.116898
0.144258
-0.446819
0.333069
-0.58044
0.247371
-0.126257
-0.004312
0.130569
0.322076
-0.382198
-0.0877009
-0.197668
-1.10294
1.14016
-0.0372238
-0.740914
0.896767
-1.46031
0.563542
-0.826025
-0.0660162
0.109053
-1.42148
0.0749565
1.34653
-0.367394
0.924407
-0.690755
0.709862
0.148541
0.926453
0.625566
-0.958694
-0.806652
-0.213695
1.02035
-0.815893
-1.20006
0.554684
-0.133425
0.137317
-0.00389184
0.0801812
-0.101572
0.859716
-1.48837
0.0234357
-0.562728
0.539292
-0.312894
0.248063
0.064831
-1.10489
0.49282
0.0395989
0.0267956
-0.245224
0.430313
1.83318
0.14555
-0.788813
0.834601
-0.286417
0.0951534
-0.867627
1.48462
-0.616993
-0.0846656
0.0685381
0.0821646
0.386196
-0.0218544
0.922709
1.22104
0.553483
-0.931107
0.310747
-1.81829
-0.17861
0.140313
0.0899331
-1.11241
-0.269116
-0.955642
-0.224455
0.0565668
0.817858
-0.387545
-0.723525
-0.0118498
0.749193
0.197659
-1.71115
0.311846
1.3993
-0.0585276
0.497836
0.479854
-1.30739
-0.283953
0.785022
-0.364643
-0.420379
0.88868
-0.303384
-0.585296
-0.190743
0.0410564
0.662771
-0.651633
-0.0111381
-1.72349
0.732864
0.99063
0.962124
0.717791
0.000751023
0.117272
0.807335
-0.524969
-1.46837
0.55735
0.911025
-1.87181
1.55771
0.654239
0.790499
-1.44474
0.830818
-0.725437
1.78153
-0.751866
-1.02966
-1.07577
0.196107
-0.090754
0.0589713
-0.105075
0.2133
-0.0489517
0.138271
-0.0893198
-0.266424
-0.2464
-1.37944
-0.191041
0.078199
-0.0957018
-0.0360735
-0.0295254
1.04654
-0.410346
-0.636197
0.824423
-0.485358
-0.149206
0.136782
-0.143808
1.27124
0.00594044
0.04517
-0.266645
-0.838247
-1.47349
0.579078
-0.0530475
-0.109105
0.128268
0.107475
0.128495
-0.0952501
-0.497707
-1.06998
0.114968
-0.0899839
-0.0249841
0.198137
-0.532162
-0.979171
1.51133
0.159068
0.0154251
0.184178
1.03154
0.962145
-1.99369
-0.455085
1.06942
0.228604
-0.0911103
0.490937
-0.986756
-0.651926
1.63868
-0.917449
-1.03207
0.574845
0.29708
-0.134479
-0.162601
0.274099
-0.836563
-0.193154
1.2442
-0.347433
-0.191487
0.110884
-0.302563
-0.769866
0.0249603
1.88907
-1.74091
-0.148159
-0.88615
-0.58734
0.19011
0.181588
0.0676498
-1.04159
-0.20226
1.24385
0.257624
0.456978
-0.116686
-1.59124
-1.9724
0.790997
1.1814
-0.173451
-0.0052912
0.178742
0.976523
-0.58033
-0.396194
0.119543
-0.180603
0.0827467
0.0886535
0.929472
-2.03506
0.785232
0.103448
-0.351305
-0.611333
-0.131352
0.0268073
0.164841
0.800624
-1.33279
0.0202437
0.384652
-0.575532
0.491061
-0.0945263
-0.0112263
0.105753
0.758611
1.02292
0.548273
0.0519397
0.465203
-0.415774
-0.0494292
1.93509
-1.62325
0.23293
-0.581598
0.158082
0.0270844
0.145767
0.0194423
0.150166
0.00491912
-0.138344
0.550459
0.0452634
-1.72927
-0.0215891
-0.151862
-0.0793011
-0.0128924
0.990505
-0.588393
0.885314
-0.550931
-0.334383
0.00423825
0.116219
-0.0044527
0.00724716
0.405432
-0.139077
0.0272732
-0.442816
-0.284267
-2.02124
0.910007
1.11123
0.223509
-0.0322582
0.0228835
0.110039
0.127342
-0.277301
-0.313261
0.45759
-1.44435
-0.0870222
-0.957853
1.98939
0.627975
-0.14264
-0.485334
-0.788526
-0.443954
-0.119569
0.0989934
-1.06183
0.450195
-0.710578
0.260382
-0.329163
0.289677
0.0394853
-0.0594689
1.13184
1.00391
-1.60571
1.62325
-1.48406
0.904378
0.579684
1.02377
-1.98163
2.04159
-1.06752
-1.01347
-0.94588
-0.0443186
0.410328
-0.120417
-0.365835
-1.4942
0.0452001
-0.0182087
-1.27252
1.26947
-2.05397
0.784502
-0.0557655
0.252425
-0.531577
0.530416
-0.268757
0.951448
1.3396
-1.52351
0.655882
-0.122338
-0.795111
-1.3309
0.305228
-0.0155504
1.74838
-1.74401
-0.0943621
-1.26596
0.0402955
0.854993
-0.236329
-1.48033
1.63786
-0.157527
0.358606
1.61385
0.451914
-0.0657584
-0.386156
1.89802
-0.884544
0.247226
0.0641386
0.651312
-0.757507
0.105902
0.139439
0.0812069
0.925499
-1.00671
-0.708829
-0.460691
1.0336
-1.07289
0.0392933
-0.384376
0.31047
-1.70963
0.873366
0.836259
0.665339
0.11366
-0.76137
0.112457
0.860788
-0.643042
0.303518
-0.559768
0.181682
-0.230124
-0.655615
0.466372
-1.00916
-0.903845
1.91301
0.268933
-0.296087
0.297426
-0.368407
1.00139
-0.673763
0.0425349
1.01594
-1.83073
0.102672
0.373664
0.2093
-1.16915
0.0114435
0.702289
0.146368
0.103463
-0.610449
-1.35142
0.516746
0.0334037
-0.503115
0.469712
0.0717779
-0.328829
1.10699
1.12058
1.288
-0.972719
-0.0219683
0.106321
0.172609
0.466211
0.295206
-0.364417
-0.717342
-0.956353
1.98013
0.162829
-0.189209
-0.80915
-1.06402
1.87317
-1.59844
0.470663
-0.074391
-0.465429
0.10238
-1.39933
-0.0901377
-0.20628
0.656476
-1.02418
-0.99706
1.88907
0.650235
-1.38448
1.06928
-0.61892
-0.239118
-0.375385
0.312946
-0.265982
0.235891
-1.62826
0.228561
-0.823078
1.0277
-1.98405
-0.818816
0.253846
-0.359756
-0.0481958
-1.43213
0.866616
-0.700234
1.38171
0.903824
-1.66212
0.758296
1.72331
-0.990449
2.0216
-0.950284
-0.992254
1.94254
0.421415
1.26434
-1.00671
-0.796635
-1.17577
-0.865004
-0.619057
0.476425
-0.77305
1.64946
-0.876414
-0.124107
1.35909
-1.23498
-1.03126
-0.916813
1.94807
0.906163
0.127439
0.283458
0.402952
-0.71739
0.614013
0.103377
0.0383109
-0.277672
0.509836
-1.39599
-0.845357
-0.400038
-0.255673
0.216234
-0.37687
-0.642045
0.856397
-1.96457
0.951292
1.01327
-0.082199
-1.58741
1.66961
0.102135
-0.26633
0.0756774
0.604208
-1.84629
1.84629
-0.0570576
-0.0108917
0.0679493
-0.632636
1.10033
0.307794
-0.00256627
-0.811997
-0.605492
1.05861
-1.60571
-0.0434908
-1.29436
0.295985
1.21551
-1.32105
-1.18722
0.145631
0.218922
-0.351603
0.13268
0.152168
0.510603
-0.142268
0.0160114
-0.941024
-1.18799
0.178565
1.00942
-1.37628
-0.0642145
-0.461335
-0.998974
-0.0406804
0.128195
0.171544
-0.158265
0.380232
-0.0293069
0.039287
0.364839
-0.288548
-0.367067
-0.729342
1.59828
-0.868935
0.366373
0.2186
-0.225475
0.424721
-0.199246
-0.399485
0.195798
0.432964
-0.558828
0.125865
-0.904832
1.56522
-0.910976
-1.49889
-1.66509
0.219726
-1.10696
0.0555051
1.03805
1.23139
0.131065
-1.03293
1.09254
-0.307002
-0.397616
0.326972
0.635419
0.620632
0.210186
1.97646
-0.948764
-1.00021
-0.891578
1.89178
1.16523
-0.0195973
-1.14563
-0.119848
-0.00257102
-0.20606
0.187495
0.128427
1.36365
-1.49207
-1.45594
1.4287
0.0272314
1.45594
-1.50413
0.224361
-0.280126
-0.503512
1.01402
0.0911798
-0.0107967
-0.127579
-1.6571
0.144471
1.73655
-0.832727
-0.41912
-0.112813
0.137358
-0.449324
1.04263
0.271803
-0.087691
0.703185
-0.668713
0.188893
-0.254314
-0.586865
-0.0775731
-0.0379712
-2.06351
0.512698
-0.0708832
0.445941
-0.375058
-1.09256
-0.961419
0.0923312
0.496217
0.619628
-0.897397
0.108584
-0.111429
-0.341733
0.107399
-2.00305
0.989583
0.054282
-0.0912953
-0.232551
-0.0931968
0.0271481
0.208647
-1.42173
0.871181
-1.54012
0.668938
0.0628948
0.259411
-0.322306
-0.346335
0.365954
-1.02055
1.31654
0.60407
0.46535
1.36235
-1.30739
0.195586
0.0437812
1.63438
-1.87889
0.244508
-0.319865
-0.222366
-0.841339
-0.0196376
0.385951
-0.464521
-0.173726
0.198539
-0.966159
-0.184391
-0.0110745
0.195466
-1.48392
0.225121
1.2588
-0.192799
0.208571
-0.0326622
-0.160781
0.193444
1.19516
-1.22
0.185283
-0.189595
0.64253
0.200642
0.153234
-0.180908
-0.0435021
-0.128618
0.223581
0.647381
-0.870962
-0.439139
-0.0221183
-0.96037
-1.02091
1.98128
0.0330149
-0.652873
1.01071
-0.860218
1.69641
-0.0613781
-0.0798031
0.0627073
0.0507299
-0.0777542
1.99399
-1.0013
-1.2181
0.800988
-0.572426
-0.50098
1.412
-0.106757
-0.0323201
0.0810427
-0.0826747
-0.350854
0.267787
-0.308045
0.205634
-0.243891
-0.442012
0.283746
1.03337
0.0408056
-0.134002
0.271181
-0.0252454
0.0419281
-0.490611
0.147227
0.503235
-0.791783
0.220023
-0.252349
0.0323262
0.0126619
-0.112381
0.292887
0.838134
-1.13102
-0.263131
0.133895
0.393027
-0.654055
1.34051
-0.795012
0.984075
0.851888
0.0717272
0.574801
-1.04091
0.362982
-0.447267
-0.271055
1.03633
0.933752
-1.58298
1.58298
1.63198
-0.864997
1.12065
-0.088046
1.53191
-1.44386
0.914281
1.03016
0.925266
-1.93443
0.140473
-1.13301
-1.35549
-0.22443
-1.40202
1.62645
-0.420685
-0.124952
0.0814935
0.735998
0.182949
-0.289457
-0.979251
1.7652
-0.785953
-0.18035
0.286253
0.000880127
0.398367
0.547637
2.23044
-0.866551
-1.36389
1.53644
-1.46148
1.10163
0.208883
0.114585
0.00372193
-0.0164077
1.58419
0.575394
1.02788
0.856057
0.0225692
0.207213
-0.229783
-0.366032
0.230075
0.191267
-0.204346
0.0130782
0.170676
-0.229949
0.0592728
0.459478
-0.444226
0.346375
-0.497401
-0.208693
0.523776
0.0385111
0.0796508
-0.00807483
-0.590656
0.7188
-0.128144
0.0991238
-0.0935171
-0.00560668
1.74401
-1.45028
-0.431713
0.270841
0.160872
-1.56714
-0.353499
0.279127
-1.02763
1.94191
0.273103
-0.342834
1.93648
-1.01121
0.261384
-0.329124
-0.166461
-0.495912
-1.32397
-0.125951
1.61208
1.25765
-1.04835
-0.103373
0.167899
-0.118482
-1.46289
-0.31017
0.306033
0.259493
-0.38832
-0.377361
0.301412
-0.101556
-1.32048
1.28972
-1.49563
1.52288
-1.1769
-0.492201
0.441786
0.668911
0.39789
-0.410512
-0.072116
0.064632
0.360426
-0.425058
-0.395572
1.3587
-0.988655
-0.974041
-1.94506
-0.0920571
0.0880207
0.0040364
0.0169841
1.39892
-1.4159
0.865634
-0.759147
0.333084
-0.392641
1.62933
-0.893335
0.801717
0.889683
-1.6914
0.243763
0.0280402
0.677054
-0.231176
0.192783
-0.809319
-0.0127576
-1.50641
0.527234
-0.379226
0.244748
0.0248756
0.184513
0.315956
-0.377261
-1.09932
1.59036
-0.589343
-0.0823732
0.055614
0.752519
0.732366
0.0450827
0.42012
1.7463
-1.52118
0.312042
-0.373883
0.898172
-0.74892
-0.0853006
-0.835679
-0.158953
0.042328
1.43387
-0.0762565
0.00916068
-0.0475097
0.0260307
0.0240914
-0.285352
0.103734
-0.136396
-0.546565
1.51439
-1.29052
1.20248
-0.479642
1.05449
-0.928233
0.0954843
0.376693
-0.0545971
0.054232
0.66359
0.755901
-1.41949
-0.734282
0.77876
-0.110396
-1.04296
-0.769762
-0.0159541
-0.0888983
-0.128353
0.217251
1.41343
0.173515
-0.198366
-0.108333
-1.77784
1.69564
-0.541566
-0.0339657
1.17556
-0.210453
-0.0645075
0.27496
0.87643
-0.811162
-0.956392
1.96293
-1.00654
-0.993182
1.83333
-0.840143
-0.35343
0.173079
-0.071044
-0.0712784
-0.0531602
0.124439
0.897817
-0.624755
1.58049
-0.955735
-0.293831
0.103695
-1.80233
-1.94627
1.00041
0.945861
-1.60382
-0.37414
-0.437857
0.983805
-1.93409
0.175605
-1.01385
0.980369
-1.75013
0.332547
0.494522
0.930775
-0.972677
-0.0184299
-0.10661
0.12504
0.0441558
0.129281
-0.188686
0.0175393
-1.56644
1.5489
-0.138874
-0.425872
0.211492
0.714534
-0.926026
1.25413
-0.993193
0.536992
-1.40412
0.867123
0.252579
-0.104038
1.77179
-0.867319
0.0287966
-0.248633
0.499554
-0.802299
0.0142945
0.129208
0.282716
0.557079
0.0327464
-0.589825
0.949882
-0.817851
-0.132031
-0.32738
0.226585
0.0359974
0.398293
0.644342
1.69702
-0.798753
1.01025
1.02122
-0.788167
-1.91465
0.922396
0.934497
-1.95161
1.01711
-0.684123
-0.741902
1.42603
1.05731
0.802526
-1.56726
1.87889
-0.311626
-1.46213
1.30322
0.234129
0.582547
-0.816677
-0.0508541
-0.602331
1.62313
-1.0208
-1.56726
1.60218
0.5631
-0.0720397
-0.145584
-1.02357
0.204839
-0.882763
0.486993
-1.84776
0.964227
0.883533
-0.329668
0.241977
-0.942804
0.229763
0.713041
0.805528
-0.472981
-1.02314
-0.944753
1.9462
-1.01171
1.19072
-0.155733
0.171641
1.04261
-0.600403
-0.670213
1.74078
1.49
-1.47246
1.40823
-0.828545
1.56736
-1.59244
0.0250746
-0.088475
0.00481589
0.0836591
-0.78718
0.0462667
-0.966279
1.88899
0.51797
-0.19598
0.536788
0.146788
-0.619122
1.57266
0.769921
0.953392
0.724562
-1.40869
-0.954009
-0.992264
-1.73365
-1.69473
-0.877798
-0.969962
1.39953
-0.813156
-0.586377
0.953322
0.00921267
-1.78706
1.45028
-0.391617
0.311987
0.328408
-0.263776
1.02761
0.457009
0.391722
0.0677558
1.67786
0.0177809
-0.125155
1.95833
0.514592
0.811925
0.328953
0.959046
0.722096
0.391192
0.831792
0.897601
-1.72939
-0.0651097
-1.6903
0.917247
0.29162
0.975429
-0.260895
-0.286138
0.415388
-0.453405
0.247616
0.433693
-0.344681
0.808181
0.92837
1.68958
-1.48954
-0.200033
-0.180887
0.185806
0.547442
-0.0951854
0.023907
-0.00753788
-0.199214
0.474852
-0.617493
-1.72147
0.888747
-0.36369
-0.250415
0.286164
0.0285567
0.351145
-1.4273
-0.0879779
0.336041
-0.0932123
-0.259181
0.0899847
0.00201274
-0.0919974
0.000921094
0.58964
0.0123445
-0.00868757
-0.325796
-1.00031
-1.07693
0.279474
0.797451
1.74588
-1.01386
-0.732024
-0.618452
1.65947
-1.04102
0.770322
-0.149691
-1.96053
1.00414
-0.177013
1.76012
1.08949
-0.81539
0.0377904
-0.205922
0.168131
1.04749
-0.775815
0.0512048
-1.2712
1.52931
0.839884
-0.205331
-1.8939
1.00232
-1.22418
0.0785462
-0.174211
0.0144012
-0.196565
0.182163
0.260338
-0.208459
0.181734
0.0267246
1.21044
1.00468
0.25094
-0.0102564
-0.205071
0.215328
1.03129
-0.863722
-1.66073
1.66995
-0.24018
0.202596
-0.0646543
-1.01706
-1.04645
-0.939891
1.79782
-0.857932
-0.770285
-1.03112
1.8014
1.33435
-1.13024
-0.204108
0.825313
-0.0367512
-0.957576
-0.941154
-1.58233
-0.0101062
0.924526
-1.94089
1.01636
0.215403
-1.81922
-0.975594
1.74552
0.376932
-0.475687
0.098755
-1.02998
-0.963708
-1.33122
0.465881
-0.024056
-1.07398
-0.108446
-0.0233228
0.131769
-0.602743
0.446345
0.156398
0.349907
-0.021499
0.927735
0.870087
-0.125768
-0.201029
0.103449
-0.0117527
-1.44738
1.47246
0.00462896
-0.0833555
-1.44738
1.75422
-0.885645
-0.00753528
0.482168
-0.100979
-0.99265
1.95612
-0.963473
0.135004
-0.0142572
0.688561
0.901795
-0.426413
1.58852
-0.0163273
0.891287
0.793881
-1.33651
0.542634
1.96014
-1.03561
0.751135
-1.22282
0.0348313
-1.94623
0.939475
-1.72543
-0.813644
0.468701
0.344943
1.86413
-0.88575
-0.978377
-0.920713
-1.01436
1.93507
0.412993
1.54219
-1.56224
0.0200442
0.653633
-1.31297
-0.973816
2.00718
-0.161702
-0.427308
0.58901
-0.199655
0.985157
0.87897
-0.22471
0.195636
1.63438
0.555599
2.00943
-1.13717
-1.78336
-2.0038
-1.97723
1.02846
0.284828
-0.843717
1.36046
0.223574
-0.981349
0.144903
-0.552092
2.05169
-0.862451
-1.57165
-1.78877
0.0938541
-1.80315
0.925347
1.01013
0.952805
0.913188
1.13592
0.201418
-1.33734
0.973882
0.967099
-1.94098
-0.565313
0.49698
-0.645616
1.57125
-0.925634
0.271974
1.26447
0.414973
-0.057363
-0.190022
-0.940769
-0.479999
-0.418657
-1.69731
1.57215
0.896757
0.883398
1.12603
0.480044
0.144006
1.01638
0.920099
0.0124744
1.90167
-0.916509
1.11273
-1.03153
0.163258
0.116789
-1.57968
0.00748919
1.79368
-1.80117
0.0128317
1.67674
1.79213
-0.852653
-1.9492
0.915621
1.03358
-1.927
1.00629
0.950857
0.789921
-0.00595252
0.186915
-1.3396
0.990019
0.843306
-1.60391
0.10828
-1.0658
0.241652
1.69731
1.76515
-0.836783
0.114006
-0.0122343
-0.101771
0.988243
0.913423
0.931726
1.01448
-0.0281878
0.693527
-1.01953
1.95125
-1.49556
0.0247922
1.68773
-1.66995
1.82538
-0.897644
-1.87017
0.792214
0.821941
1.22975
-0.382326
0.875141
-0.492815
-0.29633
0.316573
0.0610128
0.21238
-0.0127234
-1.30833
1.0405
-1.31046
0.445467
0.924507
0.988502
1.09171
-0.693414
-0.0869501
-0.19832
-0.491569
-1.31966
0.0471436
-1.0247
-0.931438
1.95614
-1.9383
0.926599
1.98313
-0.94249
-1.04064
0.973266
-0.127901
0.327823
-0.199923
-0.0871465
-1.94036
0.926001
-1.93904
0.946385
0.923252
-1.9506
1.02735
1.49
1.50367
-0.779112
-0.0672958
-0.0732009
0.0330885
0.209456
-0.434931
0.69168
-1.69584
1.00416
-0.993648
-0.900248
-0.937325
0.431717
-0.556669
-0.921941
-1.87819
-0.0322229
0.00291596
-0.595685
0.310114
-1.86688
1.56224
0.304645
1.04339
0.939738
1.02529
0.934847
0.540133
-1.51295
1.578
1.86899
-1.96349
0.927875
1.54219
-0.12154
0.044322
-1.66073
1.72703
-0.838281
0.951327
-2.0885
-0.0795895
0.121263
-1.74952
-0.253878
-0.751897
0.226928
1.80116
-0.903564
0.0852507
-0.620303
-0.512283
1.13259
1.51295
-0.0229555
-0.00558598
-0.276851
0.265776
-0.298992
0.221533
-0.221593
0.194231
-0.304751
-0.0277896
-1.92173
0.897026
1.30206
-0.858942
-1.69471
-0.0664755
1.97798
-1.06236
-0.432025
1.95353
-0.969721
1.91269
-0.948468
-0.573164
1.88381
-1.95189
0.932364
-0.81259
0.0686178
-1.31189
-0.714583
1.96331
-1.01199
0.996584
-1.89683
-0.143522
1.94797
-0.815536
0.907071
-0.0915348
1.77617
1.7113
-0.862806
-0.848495
-0.735363
-0.227334
0.962697
-0.894111
-1.86688
1.74162
-1.56524
-0.176377
-0.770017
1.23899
-0.468975
-1.57345
0.979486
0.00446298
0.0131214
-0.129066
1.98056
1.99533
-0.838283
0.470889
-1.57999
1.59282
0.0788074
-1.56835
-1.6564
-0.00887932
1.66528
0.643091
-0.856786
1.27882
-1.73018
1.90068
-0.920313
-1.58691
1.58691
0.88558
0.983409
-0.0760082
0.404602
-0.964002
1.95225
-1.6359
1.6359
-1.9537
-1.95086
1.00611
0.479769
0.180546
-1.72287
-0.820673
0.429448
-0.0866318
-1.70418
-0.0186995
-0.388231
-0.992612
2.16236
-0.767793
1.53562
-0.767823
-1.72247
-1.52618
1.30175
-0.0274312
0.45992
-0.621622
1.76629
0.934196
0.862651
0.769326
1.9668
-1.03196
0.93963
-0.157948
-0.940037
1.93662
-0.841245
0.189613
-0.926639
1.74162
-1.81852
1.85431
-1.19843
0.963219
-1.96976
-0.897672
1.73393
0.12179
1.56524
-1.57412
-0.141331
0.049329
0.905125
-0.954454
-1.61559
1.61559
1.92836
-1.00181
-0.926548
-1.54545
0.768172
0.977343
-1.79269
1.79269
0.997879
0.930479
-0.161239
1.94048
-0.159094
-0.192509
-1.40199
0.0710898
1.82696
-0.427659
1.92225
-1.60877
1.83385
-0.840312
0.897993
-1.03125
-1.57412
-1.70058
1.70058
-1.03898
1.97872
1.97397
-1.0461
-1.93315
0.930904
1.97943
-1.01621
-1.06689
0.296873
-1.93989
0.993986
0.945901
0.344234
-1.72809
0.735881
1.02784
0.920126
-1.57999
-1.51965
1.51965
-0.00796066
0.157085
1.50118
-1.578
0.0768118
1.51216
-1.57215
0.0599895
-1.94816
0.943812
1.00435
1.0199
0.781498
0.173803
-1.50118
-1.51216
-0.917652
1.7803
-1.03118
1.96354
1.91577
-0.913451
1.59282
-0.942007
0.946666
0.997778
-0.954173
-0.948183
-1.03344
0.252978
0.9125
-1.143
0.969002
-1.23668
-0.599474
0.926278
1.00879
0.847884
1.1937
0.926062
0.158164
-0.19432
-1.00345
-0.933861
1.93731
0.976689
0.915095
-0.952937
-0.868252
1.82119
-1.99715
-0.812285
0.391907
-1.91972
0.91791
-0.906587
0.937339
-1.60088
1.84466
1.01275
-1.96692
-0.8912
0.00876596
-0.915451
1.89214
-0.949486
0.935626
-1.00236
1.91206
-0.909697
1.51423
-0.9741
1.99201
-0.9559
-0.949679
1.96243
-0.826013
0.100576
0.827737
0.948433
-0.984302
0.00421538
-1.51446
-0.755052
-0.842305
0.45476
0.153566
-0.115775
-1.93419
0.980179
0.562809
-0.899658
0.956648
-1.97286
-1.01098
-0.0440266
-0.291408
-0.93471
-1.01411
-1.01063
1.93691
0.897512
0.948693
1.01221
0.942013
1.27243
-0.641004
-1.01414
-1.0744
-0.982925
2.05733
-0.891239
1.55483
1.15175
-1.05942
0.79658
-0.403553
0.942705
-1.96783
1.02512
0.107963
-0.903073
-0.564371
-1.0405
-0.965983
-1.00565
-0.609181
0.400488
-1.00039
-0.933801
0.929846
1.98757
-0.942033
-1.04553
-0.914293
1.92058
-0.983742
0.405739
0.949323
-1.94971
1.81924
-0.735838
-1.0834
1.93122
-0.922423
-0.417828
0.972224
-1.93975
0.967527
-1.99047
0.951488
-1.90202
-0.994696
-0.956242
1.75615
-1.06447
0.324672
0.0627488
0.016902
-1.03015
0.932624
-0.89771
-1.00431
-1.04653
-0.934889
1.9345
-0.999612
0.960375
-1.99053
-1.05313
1.0012
-1.95088
-1.9367
1.00032
0.947767
-1.98827
1.02317
-1.23426
-0.18262
1.41688
1.09148
-2.04738
-0.836338
0.35098
1.0013
-1.92784
0.938134
-1.99126
0.461241
1.14543
-1.43302
0.0567389
0.997765
1.001
0.930214
-1.94376
0.996139
0.947624
0.220892
0.834056
0.404935
0.998161
0.655703
-1.6695
1.0138
-1.01392
1.78808
-0.176476
-0.968409
1.96961
0.28021
0.890245
-0.937336
-1.02021
1.95754
0.745515
0.594992
0.360989
-0.0681676
-1.05603
1.92879
-0.927782
1.00701
0.664257
-1.67127
1.18227
-2.00396
2.12041
-1.63258
-0.98645
1.93577
-0.993897
-0.955813
1.02789
-2.01082
0.197937
-0.953217
-0.986535
0.985324
-1.91335
0.928029
-1.86498
0.987453
-1.89715
-1.01916
0.0240885
-0.223302
0.185999
0.943335
0.935407
-1.88862
-1.02449
0.446842
-0.974594
1.27227
0.958165
-0.958237
-1.03847
0.894783
0.986833
-1.99882
0.925063
0.58917
0.0153653
-0.889286
-0.860845
0.148158
-0.00485016
0.999991
0.936919
-0.880015
1.81421
-0.151676
0.994962
-1.89267
0.983354
-1.92539
-0.916566
-0.88658
0.00032083
-0.791695
0.94805
0.921843
0.99661
-1.91845
-0.94252
-0.944638
-0.282655
0.201049
1.02139
-1.9561
-0.040587
0.804238
0.621787
-0.130242
0.0917991
0.0384433
-0.0207153
0.916743
0.975397
1.9302
1.96565
-1.02364
-0.914462
1.96913
-1.17297
0.891192
1.00773
1.05289
-0.0204924
1.9093
2.00438
-0.941168
-1.04936
0.00749588
-0.0676796
0.0601838
-1.37001
-0.0921148
-0.211092
0.517372
-0.902188
1.48241
-0.118764
-0.0687417
0.42096
-0.352218
0.00573957
-0.0274843
0.0245021
0.0189757
0.930593
0.962884
0.431488
0.661052
1.3193
-0.863338
0.530205
-0.554334
-0.0103735
-0.000518198
-0.783645
1.80681
0.963859
0.107439
-0.534747
1.93306
1.01291
1.96566
-1.03004
-0.828957
-0.917606
1.91537
0.142109
1.16777
-1.92145
-0.93515
1.00148
-1.90222
0.900736
0.0229258
0.181709
0.0117341
0.962452
1.90741
-1.04414
-0.863269
-0.157933
-1.33763
-0.124227
-1.06299
0.761963
1.40039
-0.171081
-1.94163
-0.10625
-0.0352258
-0.101038
0.136263
0.588751
-0.954888
1.80027
-0.845384
1.87017
-0.840099
-1.03007
0.991691
-0.0264372
1.37296
0.935615
0.992948
-0.892461
-1.48712
-0.487434
-0.532263
1.0197
-0.0516272
0.866298
0.242752
0.352473
-0.595225
1.96625
-1.06873
-1.0409
-1.04255
-0.639004
-0.882215
1.52122
-0.189996
-0.959152
-0.122046
0.564512
-1.62279
1.89371
-1.03047
-0.53201
1.36607
-0.0681068
0.0557089
-0.22802
-1.74469
0.789802
-0.63951
0.0741965
-0.18656
1.92324
-0.924598
-0.998637
1.5464
-1.0204
1.24013
0.61589
-1.18669
0.570804
0.620786
1.00855
-0.0937796
1.71066
-1.01159
-0.684249
-0.101539
-0.12134
-1.90167
-0.26734
-0.0501291
-0.926275
-0.144701
1.08737
0.83586
-0.879029
1.84438
-0.965352
0.966052
-0.0715735
0.237865
-1.59336
0.767346
-1.72536
0.958011
1.05361
-1.67398
-0.957406
1.70656
-0.926162
1.61817
-0.309189
0.244534
0.0320447
-0.0320447
0.177523
-1.17072
-1.00336
0.570988
0.0151008
-0.980765
-1.18364
0.813913
1.90555
0.741849
0.268861
-0.995443
1.91335
0.990307
-1.91809
-1.9687
0.919335
0.382194
-0.114407
0.524938
1.02031
-0.223258
-0.939584
0.282972
-0.996409
1.92903
-0.155872
0.0712061
1.00797
-0.301032
-0.423201
-1.42309
-0.925274
1.91558
-0.0451357
-1.72084
0.840825
-0.00326009
0.905396
0.674107
-0.788151
0.114044
0.90389
-0.117849
-0.112804
0.395519
0.0247727
-0.0247727
-0.772886
0.592862
-1.92755
1.04097
0.0515314
-0.0385152
-1.03308
-0.033669
-0.218154
-0.100892
-0.0584058
-0.415277
1.76433
-0.752122
-0.121746
-0.485728
1.08994
-1.1051
-0.31795
-0.0154881
0.333438
-0.0803956
-0.0982335
-0.0814502
-0.0665916
0.475741
1.7898
-0.815755
-0.16583
0.919928
1.0065
0.827346
-0.458103
0.389361
0.0562531
0.980686
-0.199873
1.01969
-0.721976
-1.42059
2.14257
-1.43808
0.540403
-0.0696312
-0.0664069
-0.0822875
-1.99333
-0.0995109
1.11188
-0.590949
-0.520929
-1.59642
0.134933
0.984585
-0.186171
0.0954174
0.423857
-0.771966
-0.524873
-1.51678
0.142449
0.239745
-0.0995925
-1.73066
0.958692
-1.18722
1.0297
0.519906
0.859383
1.01523
-1.87462
-0.281409
-0.33007
0.521196
0.16328
-0.0774283
-0.865768
0.483443
-1.2255
0.20193
0.117283
0.578432
-0.262417
0.741639
1.1182
-1.85984
-0.0902048
-0.660638
1.15686
0.958534
-1.04604
-0.910059
-0.0766851
-0.49064
0.00530565
0.635911
0.0783685
-0.226903
-0.353537
-0.808339
-0.170481
-0.0652191
0.434956
0.134232
0.0154254
0.988079
-0.0734793
-0.768346
1.00188
-0.248876
0.968232
0.725381
0.119613
-0.905889
0.13987
0.943108
-1.84596
-0.703883
1.83573
0.0440461
0.0485562
-0.173155
1.1278
-1.83168
1.60113
-0.652284
0.589276
-0.087641
0.320895
-0.734297
-0.576167
-0.15373
0.0644098
-0.74439
1.67045
0.785416
-1.42442
-1.76464
0.799286
1.68302
-0.97754
-0.70548
0.127953
0.728444
0.276564
0.400561
-0.677126
-1.0107
0.523266
-0.974836
1.81494
0.200962
1.13939
-1.89203
0.752641
0.971112
-0.678225
0.00688971
-0.131633
0.81324
-0.155562
-0.930424
1.63204
-0.701611
0.637054
-1.37921
0.742159
-1.07719
-0.936843
1.90755
-0.963735
0.86434
-1.94774
1.15032
-0.650767
-1.33238
1.91856
0.287956
0.0155402
1.03153
0.787366
0.621364
-1.40873
-0.435497
0.161287
0.20337
-1.08672
-1.0232
-0.493019
1.51622
0.856744
-0.740028
-0.149454
0.0018434
0.147611
-0.350466
1.70563
-1.16809
-1.97748
1.26504
1.4932
0.0557065
0.744277
-1.5121
0.257312
0.416795
0.0286387
-1.62952
0.46723
-0.606104
-0.779369
-1.4325
-1.6574
0.76811
-1.03205
0.358801
0.0942458
0.872395
1.07205
0.587989
0.523889
-1.18593
2.04532
0.925548
-1.0938
-0.0228046
0.398467
-0.468145
-1.05056
1.51871
-0.0444505
-0.0429499
1.79782
-0.337113
-0.102472
-0.026869
0.945148
-1.17733
-0.0354071
-1.35302
-1.25802
0.316997
0.780155
-1.31217
-0.973494
1.91939
1.87957
0.125729
-1.98236
1.11581
1.18525
0.856544
-0.110562
0.487494
-2.15722
0.859216
0.811133
0.956184
0.253751
-1.04229
1.84158
-0.000677975
0.00404926
-0.00337128
1.25135
-0.635456
-1.10789
0.0460535
0.461569
0.308754
1.3675
0.568759
-0.544186
0.0594945
0.997488
-1.76206
-0.944854
0.641471
-1.52332
0.945064
0.959768
-1.46322
1.5715
-0.934688
-0.990826
1.539
0.439413
-0.713476
-1.94387
1.00872
-0.075339
-0.650579
0.324783
0.642198
0.283064
-0.111233
0.00278645
-0.112841
0.810292
-1.87476
0.951657
-0.401198
0.737244
-1.51636
-0.934166
1.444
-0.0547579
-1.21645
-1.30519
0.256831
0.00399951
0.706432
0.484289
-1.38854
1.52902
-0.140474
0.680376
0.831027
-1.5114
-0.986039
0.755532
-1.04497
-0.403864
1.44883
0.765095
-1.16652
0.996215
1.69671
-0.738022
-1.66745
0.0348628
1.17577
-1.92681
-1.13744
0.774856
-1.45935
0.684493
0.423067
-0.951402
-0.116304
1.06771
-0.330489
0.29734
0.0100067
-0.307347
-0.571417
0.207726
0.0104441
1.39915
-0.608649
1.90483
-0.214302
-0.150762
0.365064
0.172639
-0.185072
0.286787
-0.991813
-0.986875
1.51411
0.741361
-1.21034
-0.628575
1.45996
-1.04341
-0.416547
-0.0739616
-0.0276108
-1.95574
-0.568845
0.848319
-1.16854
-0.235574
-0.598705
-1.44846
1.11788
-0.69647
-1.9098
-0.754441
-0.00514018
0.251267
-0.804047
-1.13238
0.552054
1.6971
-0.952822
-0.766323
0.397488
0.694218
0.88807
0.845862
1.51541
0.116812
-0.735225
-0.946205
0.682446
-0.794797
1.37387
1.87267
-1.13103
0.72407
0.179859
0.35091
-0.362343
0.0114322
0.288715
-0.00129672
0.97103
-1.35485
-0.803218
1.09728
-0.675004
0.853568
-0.0756857
-0.0367823
-0.852206
-1.06526
0.686448
0.378817
1.51001
-1.65842
0.148416
-1.58023
0.614074
0.188901
-0.491114
1.22387
-0.675596
-0.0346002
0.0138783
1.34029
-1.24062
-0.0996741
-1.18145
0.118457
-0.306495
-0.756559
-0.0480651
-0.44778
0.495845
-0.26321
0.219719
0.225097
0.154545
-0.1944
0.65432
-1.43612
-0.524401
1.12847
0.502565
0.199516
-0.0201159
-0.599729
1.13
0.705726
0.942032
-1.36193
-0.0284332
0.0599004
-0.0599004
0.574674
-0.430417
-1.04798
0.509533
-1.5601
-0.0262956
-0.305245
1.05761
-0.0233373
-0.622771
-0.756442
1.84831
-1.76815
0.245312
0.950881
0.992425
0.131546
1.29257
0.28835
-0.199047
-0.0893027
0.955898
-0.0569833
-0.898914
-1.04517
0.604847
-1.3456
0.740756
-0.171026
-1.03692
1.11162
-0.0747029
0.512698
-1.55767
-0.87961
0.0971862
-0.778973
0.138166
-1.2078
1.22478
-1.37983
1.31538
0.0644507
-0.16992
-0.139269
0.685329
-1.44038
1.13721
-2.03423
0.897018
0.0229955
0.000588252
-0.272554
-1.17868
0.559762
-1.44932
0.0275893
0.968472
0.880307
-1.84878
-0.361858
0.984707
0.117974
-0.0339946
-0.0839798
0.0936789
-0.0936789
1.49266
0.532626
0.764874
1.13792
0.389038
-0.892856
0.0320107
0.180423
0.547464
-1.00729
1.91269
-0.0960098
1.60602
-1.55923
-0.417721
-0.0847231
0.190476
-0.631059
-0.741533
0.312964
0.428568
-1.24259
1.30437
-0.0617782
0.610711
-1.34501
0.638148
-1.68127
1.04312
1.51654
-0.122078
0.189728
-1.3689
0.341627
0.115352
-1.12175
1.15658
-1.09862
0.478313
1.10969
0.105174
-0.953374
0.391104
-0.0641324
-0.0655491
0.340191
-0.139142
0.503304
1.01324
-0.176234
0.180868
-1.53968
-1.52794
1.60347
-1.60255
-1.0213
1.82383
1.07404
0.215896
-0.0828329
0.812977
0.547486
0.834525
0.18296
-0.0261631
-0.353063
-1.15411
-0.0976997
-1.25532
-0.739066
-0.00127158
0.00127158
0.483902
-0.236074
0.553466
-1.57667
-0.00457527
-0.98804
-0.00662973
0.00662973
-1.02
1.54873
-0.806571
-0.0150865
0.0150865
0.357502
1.2305
0.0470625
0.38226
-0.0241036
0.0241036
1.03308
-0.0266181
0.0266181
0.0730254
1.23964
-1.31266
0.108264
-0.0340607
0.0340607
0.265978
0.0401517
0.238361
-0.278513
-0.0315526
-1.14534
0.544661
-1.51876
-0.445913
0.0345381
-0.0345381
-1.57254
-0.55288
-0.609857
-0.349338
0.992516
-0.643178
-1.23209
-0.0233364
0.0233364
-0.052471
-0.0156358
-0.0330844
0.0330844
-0.547486
-0.583535
0.0278243
-0.0278243
-1.95386
-1.07336
-0.0344358
0.0344358
0.289844
1.01151
0.0231953
-0.0231953
-0.0319824
0.0319824
-0.0878119
0.0217147
-0.0217147
-0.0317919
0.0317919
-0.604711
0.83884
0.022105
-0.022105
-0.0947466
0.112243
1.47194
-0.757395
0.0149003
-0.0149003
-0.0431844
0.0431844
-1.34554
-0.146531
-0.400544
-1.15955
0.0208528
-0.0208528
0.611648
0.144618
-1.44917
1.54935
-0.984842
-0.215735
0.148145
0.0675897
-0.183473
-1.40989
-0.0146918
-0.98977
1.24071
0.381078
1.20579
-1.58383
0.690497
-0.16907
0.617249
-0.448178
0.0361623
-0.0361623
0.00949983
0.0813021
-1.29775
0.46495
-0.489006
-0.0242467
0.0219741
-0.0219741
0.0213581
-0.0213581
0.0203493
-0.0203493
0.0194211
-0.0194211
0.0232495
-0.0232495
0.614811
0.523109
0.0257078
-0.0257078
-0.0261319
0.0261319
0.10764
-0.0400452
0.0400452
0.229718
-0.078562
-1.22293
0.966558
-1.88687
0.638962
0.987493
0.0261766
-0.0261766
-0.0443568
0.0443568
0.0266406
-0.0266406
0.455893
-0.428955
-0.443579
-0.0595369
0.0288584
-0.0288584
-1.38983
0.0289152
-0.0289152
0.619137
1.3068
-0.480849
-0.364069
0.249012
0.0284123
-0.0284123
-0.034951
0.034951
0.0348579
-0.0348579
-1.54507
1.05205
0.352429
-0.290832
-0.0615967
0.0126145
-1.26479
0.15969
-0.0367191
0.0367191
-0.275548
1.38983
0.129823
-1.14329
0.0179559
-0.0179559
-0.835534
-0.0381847
0.0381847
1.56508
-1.51085
-0.0244696
0.0244696
-0.0375729
0.0375729
0.0829169
-0.0829169
0.615291
-1.52627
-0.0143301
0.0143301
-0.0381612
0.0381612
-0.51221
0.932088
-0.419878
0.851562
-1.73721
-0.637392
-0.538138
1.17553
-1.54396
-0.0243952
0.808267
0.998547
0.00670355
-0.00670355
-0.024085
0.024085
-0.0307869
0.0307869
0.781057
-1.64838
0.848555
-1.85585
-1.41739
1.41739
0.730323
-1.37582
0.387909
-0.104162
1.24916
-0.00591092
0.00591092
-0.0400639
0.0400639
-0.929069
-0.489677
-0.0182554
0.0182554
-0.0443021
0.0443021
0.486415
-0.605983
0.062987
-0.261226
-0.0462746
0.0462746
-0.0331266
0.0331266
-1.68388
0.875543
-1.5893
0.568899
0.00555156
-0.00555156
-0.12551
0.0298079
-0.0525589
0.0525589
-0.0596107
0.0596107
-0.0408386
0.0408386
-0.0733113
0.0733113
-1.2471
0.99869
-1.30793
-0.000396249
0.88231
-1.80858
-0.0390234
0.0390234
-0.117617
0.117617
-0.0630863
0.0630863
0.0204707
-0.269104
0.52705
-0.0873429
0.0873429
-0.106904
-0.474965
-0.0413384
0.0413384
0.232693
0.243112
0.776577
0.0863929
-0.922072
-0.125139
0.125139
-0.0426577
0.0426577
-1.39148
1.42012
-0.565013
-1.02201
1.58702
-1.40185
-1.18698
0.531833
0.0598009
-0.355228
0.295427
-0.13862
0.13862
-0.00832675
0.00832675
-0.038933
0.038933
0.565535
-0.316145
0.784846
0.121131
-0.657072
0.535941
0.48069
-0.333463
-0.435229
-0.388846
0.824075
0.0655482
-0.0655482
-1.41925
1.41925
-0.0386712
0.0386712
0.525679
-0.412857
-0.44063
0.0971909
-1.10326
0.153425
-0.153425
0.0683775
-0.0683775
-0.216931
-0.025957
-1.15275
1.31698
-0.0485086
-1.18358
0.793637
-0.157493
0.157493
0.020272
0.043774
-0.043774
0.806579
0.403863
-0.404455
-0.257574
-0.577584
0.366492
0.404745
-0.399439
-0.0875138
-0.408063
0.520845
-0.112782
-1.77924
0.918398
-0.147072
0.147072
0.4723
0.270534
-0.0470479
0.0470479
-0.715917
0.816492
-1.00018
-0.0989163
-0.0265374
-1.22057
-0.135238
0.135238
-0.047799
0.047799
-0.0478445
0.0478445
-0.0547342
0.0547342
-0.0498841
0.0498841
-0.0517275
0.0517275
-0.0494965
0.0494965
0.258789
-0.217182
0.0507212
-0.0501394
0.0501394
0.845745
0.0588777
-0.0588777
0.376
-0.215128
0.253406
-0.10819
0.10819
0.71518
-1.60642
-0.256707
-0.179024
0.0765516
-0.120787
-0.343385
0.464173
-0.0770873
0.0770873
0.590333
-0.0448291
0.0448291
0.110987
-0.0165993
0.0165993
1.38241
0.628667
0.306392
0.0102697
-0.0102697
-0.612649
0.0974818
-0.276426
-0.383544
0.65997
-0.0230621
0.0230621
-0.111437
-1.05928
0.119664
-0.260635
-0.126784
0.468411
-0.9193
-0.119174
1.35571
-1.15429
0.502891
0.151538
-1.03765
-1.44396
0.465282
0.00355137
0.0617153
0.00558148
0.460362
-0.121575
-0.00977719
-0.190593
1.20872
1.1368
0.110655
-1.24746
1.47149
-1.09041
0.24148
0.94325
-0.836723
-0.106527
0.431592
-0.146182
-0.0150568
-1.28274
0.921201
0.361534
-1.48378
0.820578
-1.0002
-1.5407
0.0742564
1.46644
1.39363
-0.720428
-0.978785
-0.934253
-1.04474
-1.35072
-0.00413019
0.0937539
-0.0937539
0.139251
-0.354072
0.834115
0.40616
-0.224259
0.754464
0.0194661
-0.0194661
-0.190425
-0.838035
-0.0886047
-0.987306
0.279351
0.753727
0.289734
-0.355492
0.422376
-1.28571
-0.277929
-0.0260988
0.489683
-0.278407
-1.16555
-0.83598
-0.412793
-0.523659
-0.0931643
1.93508
1.30731
-0.0676768
0.00745008
0.247284
-1.08881
0.628644
-0.148875
-1.06886
1.72536
1.36149
-0.138748
-0.122934
-1.51746
-1.29494
0.246966
1.07731
0.00917896
2.06152
-1.23418
-0.00416083
-0.0326214
1.21934
0.396
-0.507429
-0.0515524
-1.07418
-1.13866
0.497656
0.239001
-0.933382
-0.812324
-0.257396
-0.0522393
0.0522393
0.0120966
-0.0120966
-1.01822
0.458061
-0.675859
0.217799
-0.706098
1.06289
-0.639174
-0.520861
-0.342036
-0.133652
-1.17152
0.232706
-0.276733
0.317196
-1.04969
0.77164
0.278052
-1.11795
1.00164
1.56332
-0.936443
-0.626877
-1.0719
0.121702
-0.00437652
0.617469
-0.958032
1.50269
1.35011
-0.596703
1.3618
0.112259
-0.0928166
1.50146
-0.76909
-1.19173
1.19173
-1.22332
0.24132
-0.126921
-0.114399
0.695488
-0.192253
-1.03117
0.232413
-1.42414
1.44418
-0.505094
0.471129
0.866981
-0.925668
0.0586871
-1.82955
-0.39488
-0.0963971
-0.0922892
1.17152
0.508326
-1.2023
0.693975
-0.195732
0.00162396
0.291767
1.08548
-1.37725
1.1814
0.125105
-0.611145
0.0874863
0.328221
-0.155142
0.199328
0.00326785
0.37278
-0.436995
-1.21954
-0.178091
1.45934
-0.938149
0.535939
0.254196
-0.61513
0.360934
0.821108
-1.01131
0.190199
0.399994
0.0632229
-0.0632229
-0.182799
0.649171
0.472907
1.3209
-1.3209
0.319879
0.0194417
0.520624
-0.503108
1.0785
-0.117048
0.558834
0.349292
-0.122707
1.95979
-0.955882
-1.00455
0.112092
-0.112888
-0.290462
0.403351
0.260642
-0.49087
-0.469273
-0.0284335
-1.15323
0.00993934
1.15981
-0.578826
1.22225
-0.643424
0.33523
-0.093253
0.934721
-0.190711
-0.00513068
0.856972
-1.54122
0.964421
0.903922
0.0604993
1.00083
-1.12591
0.46787
-0.0369922
-0.240937
0.993305
-0.921638
-0.0716668
-0.510538
0.438498
-0.109665
-1.6944
0.530274
-0.300571
0.400133
-0.102793
-0.981432
1.84065
0.00434114
-0.0989449
0.0886528
0.807329
-0.864312
-0.0175464
0.0175464
-1.44701
0.398987
-0.0869994
1.94192
-0.451684
0.675651
-0.114965
-0.294187
0.168419
0.480757
-0.00758694
0.13126
-0.0757552
0.333151
0.246291
-0.950435
0.704144
0.0305017
-0.0305017
0.082091
-0.082091
-0.848822
1.70038
0.688819
-1.55707
-0.035189
0.035189
1.12591
-0.511064
0.410086
-0.661344
-0.456025
1.11737
-0.404889
-0.122746
-0.382826
-0.681385
0.275162
0.313867
0.374671
0.467117
-0.402313
0.857073
-0.0125547
0.0125547
-0.994146
1.54163
-0.151412
0.151412
0.186621
-0.177046
0.462442
-0.285396
-1.05191
-0.140722
0.325994
-1.05932
0.538387
0.411262
0.145816
0.427324
0.791044
-0.688072
-0.471535
0.404944
-0.318678
0.471015
-0.152337
0.592708
-1.33613
0.163157
1.87508
-0.894393
-0.281515
-0.173988
0.455503
-0.16444
0.63167
0.00705134
0.0764961
-0.0835474
-1.25482
-0.233738
0.210416
0.649205
-0.00976015
0.14963
-0.863922
0.0180056
0.0499437
0.35768
-0.608095
0.110564
-0.000698289
-0.124811
-1.71081
-1.36423
1.37417
0.231849
0.00342064
-0.00342064
-0.148139
-0.934437
0.0123653
0.121596
0.527706
-1.45334
-0.0428313
0.198764
-0.155932
-0.0605098
0.0605098
1.51606
-0.459417
-1.05664
-0.445813
0.125948
-0.834255
0.416533
0.185433
-0.0584001
0.239817
-0.111961
0.305851
-1.35776
-0.842424
-0.0217466
-0.711019
-0.135101
1.14938
-0.038514
0.0372098
0.00130415
0.499829
0.294228
0.847058
0.872406
-1.72123
0.312909
-0.209214
-0.266809
-1.44846
0.546388
0.967721
0.121543
-0.121543
0.828732
0.238973
-0.461412
0.479431
0.138331
-0.501722
1.11653
-0.254965
-0.486568
-0.572211
1.36767
-0.624714
1.48169
2.06452
-0.325728
0.0874154
0.312483
0.923201
-0.803588
-1.0729
1.06262
-1.55905
-0.845931
0.327352
-0.348384
0.0528615
0.295522
1.47459
-0.11213
0.0834957
-0.98241
-0.017554
-0.138008
-0.403996
0.282456
-1.55713
0.147243
0.61123
-0.0513381
-0.851735
0.166929
1.60242
-0.981633
0.478797
-0.897918
0.330844
0.0676233
0.979948
0.185224
0.308319
0.350564
-0.437711
0.546305
-0.490913
0.127894
-0.237216
0.906035
-0.136007
-0.246448
0.382455
0.805677
0.461458
1.33222
0.480307
0.216907
0.020272
-0.136153
-0.238712
0.374866
-0.181404
-1.07721
-0.957018
0.00278645
-0.10527
0.465696
1.11161
-0.559555
-0.968542
0.00859231
-0.0510667
0.200092
-0.499457
1.21707
-0.130949
0.122988
0.395838
0.392725
-0.675728
0.659423
-0.346459
-0.340265
-0.0967233
0.436988
-0.774157
-1.07462
0.189281
-0.00646932
0.00773439
0.178887
0.942699
-1.34066
0.397965
0.0394089
0.465375
-0.504784
0.129759
-0.62567
-0.932866
1.22449
0.0893824
0.000602227
0.0372316
-0.374292
-0.117277
0.376061
0.348009
-0.467765
-0.26227
-0.0719804
0.334251
0.823502
0.215905
-0.215905
0.623966
-0.068084
-1.49115
-0.0991339
-0.263209
0.738843
-0.448999
-0.145287
-0.411382
0.0234861
-0.0234861
-0.238381
-0.139585
0.377966
-0.467508
0.26629
-0.00901709
-0.164638
-0.270293
0.499329
-0.875583
-0.316276
0.906537
-0.7086
-0.184624
-1.11223
-1.20174
1.59959
-1.0286
-0.192149
-0.307308
-0.263616
-0.762306
-0.763067
1.23018
-0.223698
-0.397924
-0.233973
-0.266894
0.500867
-0.279817
0.468718
-1.11099
0.691509
-1.66005
0.202116
-0.18314
0.0240914
-0.0401442
0.898327
0.286924
-0.609629
-0.116911
-0.181451
-0.188789
0.37024
-0.180174
0.734117
-0.223433
0.171805
-0.204
-0.167704
0.572323
0.00145363
-0.455867
0.934576
-0.478709
-0.238827
-0.312399
0.551226
-0.0439547
0.124996
-0.0212617
0.738585
-1.28277
-0.925774
-0.342098
0.737936
0.281508
-0.244297
-0.0372108
1.21505
-1.21505
-0.00135139
0.0267854
0.288564
-0.736742
1.18903
-0.383584
0.219411
0.164173
0.206176
1.59846
-0.817402
-0.753458
0.217722
-0.361244
1.48827
-0.635718
1.50812
0.00245345
1.04677
0.5714
-1.52072
-0.163139
0.0558255
0.201838
-0.257664
-0.190177
-0.00148067
-0.328282
0.265218
0.000190418
-0.161918
-0.115065
-0.0388433
0.0388433
-0.199317
-0.237538
0.436855
0.221023
-0.266159
1.31476
0.000390303
0.00231504
-0.887318
-0.247476
0.213807
0.302432
-0.400665
0.231443
-0.792719
1.36508
-0.207136
-0.453379
-0.557321
-0.405821
0.694385
-0.134032
0.157034
-0.172091
0.268823
-2.05146
0.650045
0.506811
-0.320596
0.250965
0.0274797
-0.212552
0.614746
-0.219904
0.778893
0.163924
-0.942817
0.0290151
-0.215575
-0.418161
1.45913
-0.868724
-0.492619
1.06138
-0.261525
-0.3337
0.323219
-0.427382
0.323436
-0.5585
-1.01812
1.48878
0.435402
-0.629802
-0.571684
0.457277
-0.0363145
0.307843
-0.57229
-0.225745
1.25007
0.900905
0.638098
-0.0140465
0.776392
-0.44324
-0.333152
0.325507
0.336566
1.66144
-1.23411
0.339836
-0.417264
0.850996
0.849389
-0.442348
-1.2973
0.0955588
-0.00388289
0.229739
0.2456
0.0081502
0.394061
-0.00227262
0.608501
-0.000616047
-0.00100878
-0.000928201
-0.01762
0.0038284
-1.28674
1.7989
-0.397117
4.46746e-05
-0.538112
1.09787
1.14752
-1.7251
0.577577
-0.00114966
0.0448142
0.000464068
-0.10096
0.424179
0.0184868
-0.0184868
0.103449
-0.0116501
-0.982213
1.59292
0.0267854
-0.295543
0.724111
0.00221775
-0.519032
-0.466168
0.364629
-0.18289
-0.000446113
-0.827797
-0.26561
-0.00603576
-1.31829
0.0669886
-0.295008
0.0064456
-1.33673
0.277451
0.226983
-0.321346
0.784623
-1.61242
-0.988812
0.342736
-0.16017
0.16017
-0.00176815
-0.0557098
0.00204684
-0.170197
0.176523
0.504259
1.70754
0.495215
-0.676953
1.61609
-0.00146564
0.378837
0.00555985
-1.1509
0.272404
-0.232252
-0.143872
-0.417966
0.353834
-0.197879
0.0447223
0.291318
-0.12774
-1.17001
0.498103
0.000611843
-0.367451
-0.0906523
1.07716
1.07647
-0.82746
1.09618
-1.12272
0.631244
0.331453
-0.439475
0.450431
0.483595
-0.269423
0.246085
1.24691
0.0168554
-0.700048
-0.385754
0.175751
-0.204184
1.1477
0.439633
0.0478607
0.414502
-0.462567
-0.329326
-0.116487
1.83903
0.139754
0.176255
-0.0281099
-0.0189181
0.0493727
-0.506098
0.456725
-1.09376
-0.774732
-0.954867
0.125689
-0.0443967
-0.0812926
0.452191
-0.872069
-0.0907924
-0.828631
-1.38084
-0.0107621
0.0342718
-0.629956
0.14202
-0.00197241
-0.0148712
-1.31132
-0.000609426
0.330474
-0.526454
-1.16269
-0.658919
0.468208
1.38964
0.566927
-1.12648
0.623083
0.750791
-0.520161
0.120123
-0.0389859
-0.0173687
1.40673
-0.485527
-1.18029
0.303876
0.103017
-1.30906
-0.361088
0.295417
0.143483
-0.235772
0.00181517
-0.0443057
1.03008
0.667014
0.594217
0.653417
-0.895976
-0.389738
-1.15275
-0.737136
1.00651
-0.427264
-0.355523
-0.269095
-0.336593
0.498121
-1.13897
-1.62947
-0.00388684
-0.298459
0.38475
-0.0862913
-1.36834
-0.923402
-0.0134815
1.41163
0.00372472
-0.302301
-1.41181
0.348392
-0.731936
-0.345367
0.335844
-0.597702
0.261859
0.398445
0.000261757
-0.646099
0.427719
-0.144345
1.45256
-1.30701
-0.644178
0.418254
-1.32533
-0.0366009
-0.130006
0.115314
0.19821
1.0154
0.112579
-0.221651
0.201159
-0.0876479
1.51615
-0.893066
-0.00406825
-0.796946
-0.0841232
-0.00818585
0.092309
1.61181
-0.827187
-0.69549
-0.415174
-0.136267
0.551441
-0.524141
0.318212
-0.66031
0.0104205
-0.00327396
0.438881
-0.584168
1.22034
0.512689
0.00318592
-0.225276
-0.433642
1.707
-0.914787
0.135013
0.119603
0.0118339
0.44733
-0.0125046
-0.24952
0.214919
1.40772
-0.640825
-0.350233
0.449547
-0.0993143
0.147389
0.506931
-0.557996
-0.528658
-4.55819e-05
-1.13914
0.677728
0.425338
-0.36831
0.0270482
0.727869
0.669636
-1.39751
0.00223103
-0.382088
0.261301
-0.00064289
-0.145938
-0.460166
-0.340671
-0.419402
-0.556053
0.32208
-0.00011157
0.0311028
-1.32946
0.313141
0.647956
0.575913
0.0322583
0.0980785
-0.698205
0.997676
0.0282298
-1.08856
-0.182914
-0.532222
0.455082
-0.585713
-0.0146158
-0.500513
0.193205
-0.474133
1.16811
2.01644
-1.26091
0.0485762
0.822916
-0.761201
0.695175
0.0854337
0.127867
-0.17437
1.19242
-0.255215
0.229258
-0.0162748
0.384846
0.743815
0.894867
-0.776227
-1.05061
1.18531
0.426648
-0.51439
-1.25615
-0.378473
-0.28418
1.05582
1.00744
-0.843519
0.0260307
0.381564
-0.371557
-0.463756
-0.223609
-0.0327293
0.616019
0.150141
-0.628602
0.478461
-0.0983449
-1.35011
-1.31033
0.11155
0.056593
-0.565792
0.546591
-1.10552
-0.0902824
1.00876
-0.78519
-0.412443
0.918703
-0.600238
-0.318465
-0.298455
-0.0851288
0.39703
0.0296186
-0.111216
0.517376
-0.192243
-0.0414949
1.47058
1.1909
0.145412
-1.10282
-0.0159541
-0.166189
0.0214881
-1.02176
-1.06234
-0.209405
0.0887348
-0.0867624
0.77216
-0.0591192
-0.240013
0.299132
0.26431
-0.0673257
-0.281058
0.18882
1.20943
0.724861
0.125254
-0.0107193
-1.38947
0.129404
-0.0850816
0.0212504
-0.250193
-1.02051
-0.296375
0.0272716
0.121364
-0.121995
0.000631817
-1.15747
0.448641
-0.839043
0.956326
-0.0141181
-0.000497768
0.479106
0.360778
0.756035
-0.00525924
0.0764693
-0.0764246
0.0916334
0.0824458
-0.0828919
-0.0382278
-0.660656
-0.385189
0.31203
-0.441096
0.503233
0.346855
-0.447746
-0.0751653
0.0776187
-0.559604
0.329689
-0.10116
0.550592
0.383787
0.0165471
-0.0165471
0.000424018
-0.0685332
0.0679172
-1.30833
0.10346
-0.735461
0.0109836
0.214805
-0.603036
1.01382
-0.344884
0.206623
-0.236822
0.0301988
0.523932
-0.436446
0.322538
0.0513874
0.0668609
-0.0558674
-0.308682
-0.058708
0.419151
-0.112759
-0.662899
-0.0558041
0.385493
-0.424202
-1.37697
-0.969994
1.83629
-0.38028
0.307079
1.65413
0.46542
-0.0606753
-0.712491
0.241192
-1.14142
1.52505
-0.383629
-0.106362
0.106362
0.168714
-0.010087
-0.158627
0.260649
-0.10247
-0.15818
-0.259625
0.312487
0.232941
0.340845
-0.411889
-0.695768
0.89673
0.467945
0.571644
-1.46604
-0.0694472
0.348323
-0.312062
-0.357485
-0.209797
-0.000458093
0.311541
-0.113331
0.213338
-0.207598
-0.00288269
-0.02189
-0.199808
0.22431
-0.71635
0.29937
-0.389575
-0.74955
1.23923
-1.25339
-0.142916
-0.377244
-0.0563953
0.445757
0.0961497
-0.438185
0.794408
0.00625249
-0.543933
0.505901
1.32737
0.315129
-0.783781
0.248008
-0.286523
0.8914
-0.774588
-0.340177
0.0583113
-0.179652
0.24721
-0.329497
0.237422
0.0215413
0.0606001
-0.889231
-1.1822
1.63671
-0.998616
-0.00867596
-0.186274
0.0201418
0.00319466
-0.00761721
1.09475
-1.08713
0.231412
0.345563
-0.0174749
0.25722
-0.387438
0.322219
1.52434
0.251071
-0.350664
0.226276
-0.348022
-0.380203
-0.22578
0.0201418
0.0512974
-0.0546687
0.750488
0.0156898
-0.0815013
0.131271
-0.230616
-0.000894291
0.0547303
-0.0547303
-0.164057
-0.135484
-0.17879
-0.756426
1.21679
0.0619301
-0.205364
0.0153682
-0.0386265
-0.431597
0.332086
0.17562
-0.0313464
1.6136
-0.984936
-0.118502
-0.0347648
-0.413015
-0.150794
-0.000211562
-0.658736
-1.00132
0.436887
-0.543744
-0.739027
0.0606743
0.273576
-0.465238
1.05488
0.0254684
-0.00177791
-0.00952978
-1.20543
-0.0254684
-0.965193
-0.520845
0.168234
-0.594389
-0.0929628
0.375128
-1.46185
-0.64858
-0.0823474
0.0713745
-0.119481
0.0816092
0.0841579
-0.0224488
-0.578082
0.119221
0.258745
-0.267228
-0.0535114
-0.342109
-0.0760354
-0.862802
0.141846
0.228393
0.387319
-0.493569
1.24101
-0.479447
-0.655192
0.297707
0.864064
-0.298586
0.396068
-0.00402006
-1.37002
1.27168
0.925453
-0.363194
-0.562258
-0.266424
0.0221267
0.0847257
-0.30288
-0.178444
0.328943
0.0644935
0.808009
-0.991055
-0.48562
0.307176
0.0644257
-0.0247358
-0.134812
-1.25791
0.161588
-0.187884
0.0246839
0.103821
-0.128505
0.00929422
-0.0358822
0.0358822
0.480634
-0.990675
0.534649
0.0152338
-0.0152338
-0.673568
-0.315374
0.159811
-0.0858947
-0.193201
0.940245
-0.750047
0.377967
-0.104452
0.100479
-0.0498459
-0.0313464
0.90958
0.417812
0.276573
-0.438809
-0.0659747
-0.209901
0.584572
-1.49739
-0.554075
0.362208
-0.11768
0.156123
0.238226
-0.592101
-0.146041
0.0261394
-1.92912
-0.653551
-0.0138828
0.20804
-0.477843
1.04338
0.0153411
0.108812
0.0269185
0.636153
0.180257
-0.200373
-0.0269185
0.00444757
-0.189738
-0.304477
-0.955486
-0.144834
-0.719478
0.816429
0.262072
-0.00831582
-0.190234
0.465941
-1.44757
-0.00423228
-0.173584
-0.117383
-0.0719611
0.00268236
1.639
-1.22742
-0.404547
0.0225972
-0.359125
1.25809
-0.0586554
0.738308
-0.795021
1.01092
-0.0128305
-0.782726
0.647597
0.0193836
0.286727
-0.0722409
0.00230837
-0.671236
0.447538
-0.659494
0.495054
0.142529
0.107128
0.631149
-0.315303
-0.152462
-0.0278212
-0.361833
-0.266575
-0.0069974
0.393743
0.101301
-0.533835
0.432534
0.102687
0.019621
0.18813
0.98242
-0.870328
1.06647
0.0301971
-0.019621
1.64086
-0.521596
0.178211
-0.00107097
-1.09269
-1.3943
0.183485
0.145549
0.478953
-0.0222279
-1.03395
0.167471
-0.0733859
0.926363
-0.761405
1.10158
-0.131865
-0.0295884
-0.0931581
-0.903031
1.08305
-0.119313
-0.0222247
-0.168559
-1.12018
-0.039507
-0.11506
0.0256059
-0.254442
-0.786454
1.23509
-0.00582728
0.150386
-0.56958
-0.000580775
-0.105006
-0.0169893
-0.103626
-0.101713
0.28145
1.46204
0.991136
-0.495362
0.404709
1.40272
-0.372639
-0.200206
1.01736
0.490763
-0.375182
-0.511703
0.392389
0.0602544
-0.145679
0.51936
-0.0917609
0.363185
-0.0744698
0.278812
0.00888526
0.0200479
-0.268923
0.161516
0.633616
-0.0394088
-0.142925
-0.311763
-0.612826
0.395895
0.385155
1.83359
0.0149384
0.255978
-0.332663
-0.0121329
0.125569
-0.301495
-0.12894
0.0858397
-0.0239269
-1.39767
0.0682057
-0.378619
0.136542
0.332176
-1.51486
-0.457571
0.803395
-0.371888
-0.431507
0.013621
1.17541
0.370446
0.409102
-0.156261
-0.357992
-0.416151
-0.481767
1.18531
0.0759814
-0.16645
-0.0193836
-0.0111181
0.0543198
0.0394088
0.757077
-0.445059
-0.952446
-0.0523239
-0.0667465
0.018386
0.166047
0.270807
-0.0548054
-0.273928
0.236717
-0.285541
0.290483
-0.442945
0.381654
0.599866
-0.153204
0.194811
0.266544
-0.501681
-0.394441
0.259629
0.862567
-0.592065
-0.11566
-0.475269
-0.185041
-0.0588722
-0.130337
-0.0174589
-0.963859
0.956242
0.429278
-0.824158
-0.00382653
0.00382653
-0.66204
-0.733945
-0.497088
0.440693
-0.693801
-0.182568
1.44771
-1.26514
0.0726621
-0.0740135
-0.697243
-1.2823
0.524231
-0.114146
0.627491
0.0769258
0.311152
0.144132
-0.395287
0.290835
-0.0766185
0.0788363
-0.220867
0.109475
0.23986
-0.00716731
-0.797199
0.213414
-0.559872
-0.0506294
0.309681
-0.367044
-0.0771819
0.0679014
-0.0689102
-0.948484
-0.190424
0.0553765
-0.0582592
0.0318073
-0.25252
0.370317
0.118779
-0.364668
-0.0761238
1.33109
-0.850459
-1.23753
-1.03001
-0.49713
-0.628973
1.1261
0.00912336
-0.00923493
0.0640874
-0.836873
-0.05814
0.172513
-0.0619491
0.0796182
-0.0810839
-0.20447
-0.387631
-0.330806
-0.0154301
0.0111978
0.728688
-0.215999
0.371854
0.389965
-0.5726
-0.212441
-0.288072
-0.449487
0.73677
-1.90726
-0.239077
-0.2185
-0.000712591
0.166695
0.540974
0.314999
-0.510415
1.49479
-0.490631
-0.137138
-0.110311
-0.768112
0.325764
1.1061
1.29141
-1.33212
0.0536533
-0.329396
-0.0381064
-1.02409
-0.032557
1.5991
-0.186792
0.197213
0.29822
-0.0472554
-0.182263
-1.2767
0.471747
-0.398713
-0.335606
1.52931
0.221991
-0.0277593
0.030001
0.0604349
-0.195137
-0.700972
0.0858364
-0.0923792
0.0225972
-0.917742
0.0114543
0.23151
-0.219676
-0.261357
-0.174062
0.0366209
0.247147
-1.39201
-0.238211
0.839232
-0.00625115
-0.383361
-0.387047
-0.365153
-0.515779
0.332552
-0.00874926
-0.0442001
-0.06793
0.612138
0.0765363
-1.48834
0.34513
-0.374688
0.470243
0.0616573
-0.0625855
0.46311
-1.16149
0.02189
-0.00174821
0.53676
-0.153757
1.17112
-0.0798953
0.140908
0.791674
1.2565
-1.269
0.187195
0.647208
-0.198433
0.187671
-0.140618
0.0849757
-0.0867439
-0.0588024
0.0643839
0.0609481
0.128842
0.929872
-0.0580386
0.412149
-1.04112
0.0548087
0.506528
-0.278723
-0.227805
0.438277
-1.32381
0.00888526
-0.32927
0.0528306
-0.0543113
0.489164
-0.0878841
-0.00634853
-1.07907
1.03394
0.43625
0.124327
-1.53604
-0.27149
-0.252143
-0.375467
-0.0853857
-0.689052
-0.369662
1.05871
-0.068251
-0.20669
-0.378136
0.172237
-0.139978
0.0668805
1.48214
-0.357385
-0.169908
0.0245062
-0.273159
0.359159
-0.122718
0.00725288
0.0774751
0.0141138
-0.243295
-0.868936
0.14458
0.000907454
-1.44257
0.0197501
0.0578686
-0.0525126
0.163396
-0.00298212
0.00246393
-0.229814
-0.467582
-0.801866
-0.0506096
-0.0663019
-0.778295
-0.386993
-0.024401
0.558008
-0.364803
-1.13196
1.64789
0.371806
0.145094
1.09097
-0.0130654
-0.356249
-0.578056
0.264987
-0.253555
-0.0696968
-0.0575745
0.83578
-0.180581
-0.586306
0.202806
-0.159773
0.947515
-0.507503
-0.0488341
0.037184
0.21677
1.60324
0.285769
0.26553
-1.34015
0.233257
-0.000129843
-0.172431
-0.629435
-0.00483253
-0.670069
0.389586
-0.886894
-0.43404
0.00355282
-0.554271
-0.319472
0.127626
-0.492428
0.457368
-0.650038
-0.322374
-0.0992967
-0.39158
-0.363413
-0.205498
-0.261955
1.11585
-0.00255339
-1.32287
-0.504485
0.678287
-0.195853
0.101244
-0.456408
-0.59264
-0.451315
0.45227
0.183675
-0.0100937
-0.139101
-1.08989
0.0809572
0.455792
-0.0232577
0.689893
0.247163
0.980634
0.885501
-0.347358
0.765612
0.12759
0.0119562
-0.642937
0.460674
0.0626357
-0.0523846
-0.0102009
-0.102703
0.50724
-0.122085
0.0923782
0.648353
0.461071
-0.483299
-0.13517
0.0229034
-1.04466
0.571321
-0.215169
0.614657
0.153154
-0.0973295
-0.0253881
0.0950984
-0.0114981
0.0229524
-1.51927
0.0988466
-0.114179
0.46542
0.00977609
-0.0069185
0.753646
-0.762635
0.0771869
-0.131902
-1.13536
0.0857099
-0.102322
-0.179827
0.217732
0.102033
0.058059
0.0809117
1.052
-0.4251
0.0359712
-0.398155
0.326941
-0.0533645
-0.980505
0.381932
-0.000289592
-0.697685
0.135923
-0.336094
0.564108
-0.0254884
-0.434831
0.709992
-0.8848
0.237012
-0.872693
-0.693462
)
;

boundaryField
{
    SideWalls
    {
        type            empty;
        value           nonuniform List<scalar> 0();
    }
    Top
    {
        type            calculated;
        value           uniform 0;
    }
    Inlet
    {
        type            calculated;
        value           nonuniform List<scalar> 
18
(
-1.94444
-1.94444
-1.94444
-1.94444
-1.94444
-1.94444
-1.94444
-1.94444
-1.94444
-1.94444
-1.94444
-1.94444
-1.94444
-1.94444
-1.94444
-1.94444
-1.94444
-1.94444
)
;
    }
    Bottom
    {
        type            calculated;
        value           uniform 0;
    }
    Outlet
    {
        type            calculated;
        value           nonuniform List<scalar> 
18
(
1.95935
1.9627
1.96789
1.95799
1.96379
1.95684
1.94882
1.96746
1.97164
1.97333
1.96434
1.95654
1.98828
1.95387
1.97899
1.81177
1.94286
1.77355
)
;
    }
    Plate
    {
        type            calculated;
        value           uniform 0;
    }
}


// ************************************************************************* //
