/*--------------------------------*- C++ -*----------------------------------*\
| =========                 |                                                 |
| \\      /  F ield         | OpenFOAM: The Open Source CFD Toolbox           |
|  \\    /   O peration     | Version:  2306                                  |
|   \\  /    A nd           | Website:  www.openfoam.com                      |
|    \\/     M anipulation  |                                                 |
\*---------------------------------------------------------------------------*/
FoamFile
{
    version     2.0;
    format      ascii;
    arch        "LSB;label=32;scalar=64";
    class       volScalarField;
    location    "8";
    object      p;
}
// * * * * * * * * * * * * * * * * * * * * * * * * * * * * * * * * * * * * * //

dimensions      [0 2 -2 0 0 0 0];

internalField   nonuniform List<scalar> 
5098
(
-0.217804
0.658631
0.191177
1.61799
-2.30242
1.91217
0.21096
-1.35392
0.176363
0.576571
-5.81745
0.598172
-0.0226946
2.27593
-0.805122
-0.0196426
-4.55545
-7.13856
-3.02835
-4.68565
1.55079
-0.0214303
0.162957
2.99186
-5.13632
1.83409
1.39139
0.879771
-3.03703
-0.296668
0.485478
2.49365
1.48497
-3.01057
-0.155451
-2.16186
1.18976
1.3705
2.17372
0.401569
1.56759
-8.48977
1.79542
0.257031
0.0941625
0.743402
-5.13508
2.55094
0.479703
1.67076
0.390623
1.91111
-4.0338
1.22815
1.92048
2.0522
1.59149
1.46002
2.50217
-0.307711
-3.367e-05
-5.43987
-0.166321
0.0876029
-4.03722
2.30828
0.0238826
0.306327
0.889913
1.33637
1.55682
0.135815
0.633665
-0.335285
-0.185404
1.66981
-0.147081
2.13108
0.377564
1.9871
-0.35346
-3.8638
1.68416
-3.39913
-7.48419
-0.399114
3.28942
-0.157295
-1.44908
-0.0161015
0.551202
-3.97098
0.605812
1.62139
2.18294
0.317698
1.3015
2.20689
-0.171171
0.771776
-8.11253
1.83839
-1.65076
-0.0868791
2.12121
-0.00694235
1.47573
0.237636
2.59777
-5.86645
1.47143
-2.82355
1.34224
-4.10478
1.49591
-3.02856
-4.92894
-0.838214
-0.41406
2.9564
1.86779
0.58926
0.509374
-5.74965
-4.0893
-4.73673
1.14849
0.236046
2.29952
-4.12641
-6.12651
2.41596
2.37846
-0.635193
-5.61118
-2.96583
-0.902924
1.44086
2.18919
1.20946
1.93442
-2.21435
0.754972
0.20565
0.759938
-0.286363
0.955085
-2.01714
-1.15758
0.422073
-8.85318
-3.86498
-2.44923
1.47882
3.31379
2.85888
1.46696
-7.06847
1.57367
-3.06691
1.03421
-0.916094
-3.80849
1.5528
-6.3914
0.425375
-2.70379
-0.199776
-5.20856
1.47742
0.306063
1.67893
0.612439
0.898287
0.481082
0.862557
1.64087
-2.12252
1.67116
3.29123
-2.01396
-4.78284
1.342
-6.1618
1.51458
-0.542334
2.14008
1.15897
1.63515
-4.14381
-2.93134
0.43695
0.561787
-0.203628
0.436034
-4.0316
-2.62215
-2.98371
0.0148548
1.42813
-5.10132
1.87953
0.105917
0.653935
1.18932
2.85292
-0.668863
2.2267
0.759801
0.54248
1.35958
1.83582
0.346368
0.715645
-1.09094
-2.99476
-0.21877
-6.64226
-3.99874
0.910321
0.50473
1.87401
-0.0133798
0.465399
-4.0473
1.22909
3.19694
1.4454
0.868976
-0.987026
1.61794
3.02514
-3.12004
-0.00281401
0.31631
0.353788
1.34877
-4.13398
-2.07496
1.63715
-3.85936
0.56994
0.015817
2.66971
1.49737
0.65155
2.21864
-6.26151
-4.69418
0.615657
0.648319
0.805594
-3.01282
-4.50504
1.52234
-4.11153
-5.183
0.608682
2.50265
-0.118576
-0.563736
-4.04137
-4.86091
0.654845
0.0196012
-5.84633
-3.0675
-6.31433
0.389619
1.66552
-4.07942
0.119296
-3.05257
0.394659
2.46042
-1.3837
-8.99988
-8.52708
-0.154466
1.36955
-5.96733
-1.15571
-4.06477
-1.25988
-1.99361
-2.39169
1.52093
-0.124065
0.427951
0.637616
-5.90541
-3.84944
2.69965
0.140019
0.799567
0.588321
-0.235952
0.466191
1.35471
1.45615
-0.233148
-0.699747
1.80654
1.45209
-5.75492
1.09403
-1.04762
0.880595
1.34208
-5.20007
0.58996
-3.1093
1.86234
-0.284167
-0.107408
3.28861
-0.79278
-0.0117925
0.798694
2.77271
0.349413
-3.72035
-1.87778
-3.48724
-0.16688
2.21784
0.713191
1.40641
2.56262
-0.341852
1.30193
0.763809
2.19294
-0.305388
1.28065
0.354063
0.262526
1.70127
0.974143
1.35811
0.7004
1.37788
0.394301
1.49947
-2.95303
-0.154497
1.12639
-3.12206
-0.836597
0.583591
-0.675626
2.85066
2.7391
-5.36181
-0.311935
-5.69673
-3.14207
0.492376
2.26756
0.0906025
1.45783
0.937786
0.771865
-0.177951
0.218399
2.49645
1.50313
1.0776
-0.245172
-4.21
2.38384
0.266532
-2.28722
-0.0603268
0.12743
-5.50896
1.36975
0.417996
-0.0822801
-0.202308
1.23788
-4.61222
1.55004
-0.701653
0.199347
-1.59325
-0.0693085
-4.29845
1.55922
-1.90045
1.37844
0.409551
1.49611
1.48551
1.30106
-1.91075
1.71347
-2.82747
0.631849
-1.18658
-4.0445
2.73971
2.07424
1.4536
-3.02192
0.59505
1.19618
-5.69517
0.437038
-1.30651
1.45612
-0.946796
-4.01219
0.232543
-1.05656
-0.392407
1.44861
2.8294
-1.33761
0.48665
1.20671
1.96334
0.174993
0.936296
-5.92485
-4.01203
-0.125193
-1.54724
0.205743
0.910577
0.0234989
-3.05462
0.00723368
1.11102
-1.35544
-3.46197
0.0207571
0.220524
1.26108
-1.42543
1.66068
1.323
1.16353
-4.30873
1.50748
-1.05399
-2.61527
-0.777635
-2.99222
1.14534
-5.05607
0.712064
1.47451
-4.14249
-5.08511
0.204096
-8.28213
0.282997
1.06862
-2.13938
1.75707
-0.251513
2.7981
-1.7258
1.57736
-6.78945
-4.08756
-7.25106
-5.63916
1.51729
-3.01076
-0.314969
-2.15286
-2.03388
1.37884
-1.89727
-3.06203
1.917
-2.30793
0.974057
1.02078
-0.300776
-3.17744
0.558691
0.246804
1.20875
0.521454
-1.07786
0.607909
1.29454
-2.29113
-1.93004
-0.111448
-1.6147
-3.77695
0.00752394
2.02726
-3.00562
1.91452
1.50736
-6.83382
0.1721
-3.08519
-7.68531
-3.06497
-3.36287
1.18388
0.995243
-2.12912
-0.202708
-4.0481
1.46043
1.78791
0.410321
0.842093
1.1407
2.77447
-4.1048
-0.978908
2.34472
-5.72378
-1.8631
2.714
-0.267059
-2.71096
0.000477185
-3.95475
-3.57962
0.878263
-0.223689
0.404408
3.16982
-7.07875
0.185851
-6.79849
0.0411186
0.544022
-1.10029
-4.07365
-4.53232
1.37223
-1.28029
-4.08916
1.60822
-4.32339
-5.47442
-0.111527
-6.25238
3.22029
-2.53476
-1.26804
1.30565
-0.0102779
-3.24439
-1.14712
-5.19132
-6.6653
1.89552
-5.22238
-1.43827
-5.33811
-1.51763
1.47207
-3.85668
-1.86326
-4.37816
-3.18152
-0.375354
-5.23029
-3.20765
-0.0466856
-0.485586
-3.50722
1.51008
1.88935
3.22496
-1.53017
1.56496
2.42519
-8.26638
0.338613
-9.89348
0.850727
-2.0297
0.474163
-0.412011
-0.23588
1.21019
0.936099
-4.10675
-4.08693
2.77117
-1.12418
-7.04207
-0.036665
1.47413
0.209192
1.06914
-2.13795
-1.90115
-0.327197
2.15338
-0.249251
-0.922384
2.42399
-2.49514
2.2513
-5.75673
-4.12328
-1.9009
-3.12713
-4.05686
-3.79547
2.32752
-2.10574
-1.86614
2.38201
-1.19052
0.261472
0.149413
2.71646
-3.05606
2.02199
0.499013
-0.137854
0.194499
-4.21243
0.472013
-1.62438
-0.0562062
-7.16137
0.833135
2.02592
-4.91894
-0.0861509
1.52277
2.73484
-4.08666
1.86199
3.20776
-1.89949
0.706805
-1.1201
1.54562
2.28879
1.96079
-2.89413
0.934147
0.281628
-5.96273
1.0005
-0.109774
1.47263
-6.32027
1.03609
0.193489
-1.90811
-0.322979
0.228827
1.01017
1.57584
0.357869
-7.42316
2.52729
1.5086
2.07295
0.397573
-2.19008
-0.690095
-0.848339
2.45498
2.81447
-2.706
1.69737
-5.95614
-4.314
-1.21488
1.31185
-3.06164
-3.06203
-6.22048
-7.2893
-0.458833
0.499124
-1.72419
1.13099
1.77535
-3.04991
1.78447
-0.0179395
1.48713
-4.02431
-9.22597
-0.0330579
2.60384
-1.33409
-3.73313
-1.02416
-3.07551
1.17075
-2.45964
0.0252335
2.34531
-6.61789
-7.72695
-2.89205
-9.12271
-3.09016
1.63839
-0.345798
2.81193
2.55282
2.30551
-6.11097
-4.20288
-2.95269
-3.10807
0.386278
-4.06612
-3.67009
-4.10422
-6.76659
1.92951
-4.0796
1.41556
-5.42369
2.26301
1.41533
-4.38935
0.420238
-3.17852
3.06145
-0.860676
0.832376
-1.73394
-7.45506
-8.78713
-7.3793
-3.44694
1.98857
-1.32642
-1.07486
-3.89947
-4.12315
0.291106
-5.86165
-0.517678
-0.146237
0.274654
0.53227
-7.27415
1.65204
2.32095
-4.01909
0.373848
-5.90145
1.53319
-3.06151
0.447082
0.333205
-6.1203
-0.0114891
-4.03139
-1.95394
-5.77019
-5.64384
1.51829
0.857965
-2.86982
-0.570365
0.240662
1.3634
0.19237
-0.445396
-6.85102
3.13433
0.476522
1.85904
-1.26058
0.912347
-4.06463
-8.15274
-0.0712002
-4.17626
-4.65483
2.42369
2.18335
-5.11916
0.637578
-5.70926
2.07058
-0.217576
-4.05002
-4.03343
-4.14421
-3.09777
-0.108444
0.21668
1.54578
-0.807492
0.0316017
-4.12401
0.680423
-4.88535
-4.14823
1.81204
0.0614244
2.47415
-0.894715
1.78172
1.72302
1.52987
-3.02182
1.29677
-0.626028
0.169416
0.703323
0.469749
0.491135
-3.86037
-4.06321
-9.2652
-8.98663
0.948985
0.978823
0.67143
-4.17643
-0.632869
3.25944
-5.72271
1.49
0.0213686
2.33862
-3.37213
1.62835
-4.37601
-7.37994
2.56964
-3.62949
-3.08326
0.898512
2.67647
1.43385
-0.347927
-1.1407
-1.40329
-3.99902
-2.37306
-4.17021
1.47469
-4.40508
-2.52363
-4.07409
0.547349
0.0281419
-3.00373
-1.21564
-3.93983
1.1648
0.307749
1.17567
-6.7661
-3.428
2.37521
-4.11979
-2.44525
-3.82064
0.277242
-4.04201
-4.02821
-5.59435
-0.422711
-0.129337
1.42508
-4.04759
-8.30635
-3.16444
0.090128
0.0325739
-0.644068
0.18492
-4.06148
1.45464
-2.40436
2.53699
2.08575
0.298894
1.82336
0.908184
1.48459
2.90451
1.70735
-7.04644
-10.0957
-1.141
-10.0721
-0.508592
-5.09765
1.64859
-3.38035
2.07544
2.19153
1.08564
1.05387
-7.44696
0.349364
-2.04469
-0.288469
2.4173
1.49947
-0.0589803
0.125494
-4.04301
-10.3014
-2.27944
-3.26491
-1.86471
-0.158014
0.212559
-6.93059
-0.380868
2.52311
1.2926
1.94029
1.82043
1.58346
-0.200276
-0.6201
-0.866973
-4.0896
0.713099
0.281546
0.732581
1.24899
2.64735
-4.31169
-0.876038
0.283579
1.6496
-4.7038
-0.0822656
-3.58934
3.01366
1.51096
-3.91258
1.02866
-0.39073
-9.13827
1.43006
1.6865
0.683971
0.730621
-0.161478
-4.21439
0.00800874
0.419865
2.41174
-0.665565
2.14846
-4.25801
-5.5489
-4.57422
1.36551
1.93613
-2.31516
-0.576141
2.9938
0.642317
0.895012
1.00687
2.79013
0.490992
1.35174
0.134855
1.61614
-0.867774
-0.523125
2.07793
3.16074
0.411686
-8.40368
-0.730989
-1.19238
-4.27376
1.76757
1.0264
-2.13834
0.978197
1.65491
0.944595
1.19828
0.0734856
1.70422
2.11024
-2.05705
2.81795
1.60486
0.0488569
0.0124836
-0.594091
-0.024956
1.21563
0.566282
1.54641
1.60248
1.16251
-8.33099
-9.9231
1.67524
0.873454
2.16624
-0.961332
1.2791
1.51497
0.704649
1.74204
1.94356
-0.0756677
-0.0290523
1.09559
1.84696
-2.05941
-0.962985
-1.45515
1.93937
0.384459
1.60113
2.7278
-5.5553
2.6354
2.95459
-0.658752
-1.39589
-1.40883
3.21563
-2.87388
1.71193
2.78495
0.846488
-4.05096
1.06934
0.902755
2.96518
0.590184
0.920091
3.07967
2.28023
-0.0114332
3.04408
2.34022
0.0922623
-5.57046
-4.09829
0.0111852
0.313466
1.5377
2.29108
-3.02735
-0.297218
1.17108
0.303637
2.29158
-2.72634
2.71767
-2.5396
-6.69992
0.765162
-1.79033
2.00156
-0.424785
0.960732
-6.10953
2.30453
1.23
1.60226
1.53809
-9.6562
0.00305817
-0.259592
0.192689
0.600432
2.48417
1.43727
-0.0217142
0.628634
0.184555
-5.87408
2.2674
0.0906427
1.77656
-0.33082
-0.940779
-6.95312
0.357508
0.536552
2.70545
-0.0370348
0.874292
-6.45828
-7.21577
2.16108
2.42024
-5.78359
2.0918
0.832084
-6.39881
0.415576
0.266651
3.17087
-0.575957
-2.01491
1.81029
-2.27658
1.90819
-4.06594
-6.47724
-0.0857812
-3.90751
-4.03347
-0.490901
1.39205
-0.295805
-4.05251
0.0112634
0.179737
-1.75362
1.08741
2.52816
1.35868
1.29206
-4.10682
-4.47706
0.167292
0.983898
-1.67779
0.010796
-0.0144062
0.00165403
0.465903
1.42004
0.756272
0.907352
1.28648
0.365308
-1.15023
-3.39969
0.249494
-1.83949
2.99906
1.20538
0.823266
-3.74691
-1.09681
-0.294085
-0.248014
-6.66692
-2.90903
-0.729344
-1.25311
1.40291
-0.470784
-0.104227
1.5196
-4.03194
-0.194389
2.48436
-2.14077
-1.77979
0.279047
1.57414
-8.00853
0.369265
-9.77122
-0.0567118
-4.56334
-3.19779
1.6575
-5.55178
0.373099
-0.267984
-6.39588
-8.26929
-1.19768
1.45814
0.23897
-5.66679
2.45378
-4.09336
1.55147
-0.308501
-2.58444
-1.4075
-1.42261
-4.23099
1.12913
1.53756
1.46746
0.0352975
-4.67328
2.19032
-8.29637
-1.9692
0.00830644
-5.20668
-0.206343
0.0687816
2.1493
-4.09313
-3.09374
-8.37547
1.2259
1.2111
-7.961
0.824746
-0.0548846
-0.559294
0.426355
0.726017
0.354772
-1.32591
-7.75582
2.44502
-0.07703
-0.0231026
0.468378
0.013094
1.28704
-7.0211
-0.792182
-4.70129
1.27691
-0.191956
-0.0859684
0.574267
0.00908981
0.314882
-0.0494887
1.49789
-0.309101
-1.907
1.08233
1.53228
-0.163217
0.938269
0.954071
1.60315
1.80017
1.44413
0.601475
2.70337
1.00649
-1.76656
0.549969
-6.04057
0.230689
-0.0885478
0.800716
-0.139585
2.69356
0.313644
0.358467
-2.29815
0.451162
-3.39718
0.218551
-3.8816
1.03409
-2.91814
1.23764
1.03201
1.57946
-5.43916
1.92049
-4.20462
1.31301
1.62913
0.708673
-4.28389
-2.2451
-5.09202
1.49616
-8.00967
-3.09117
1.5718
0.4451
-0.137763
1.64661
1.52586
-1.09355
2.40713
-1.14803
-0.766796
-2.03667
-1.40336
-0.152233
-0.62884
-2.24231
2.63619
0.00558541
0.742781
-1.32449
-7.47728
1.77476
1.95678
0.00743973
-0.0697592
1.51842
-3.61655
0.916308
1.52526
-0.672739
-0.748581
0.392907
-0.19723
2.68488
-4.29133
1.31044
-0.199706
-0.830763
2.77171
1.35712
0.303058
1.98884
-8.62688
1.72532
1.75051
0.280328
1.51271
0.964759
1.27986
1.55204
-0.729188
1.67005
-1.16396
-0.026491
0.000600216
-3.11611
1.88987
-4.03323
-3.85254
0.120953
-0.308045
0.527641
-3.94067
1.22509
0.358701
0.925784
1.30086
0.639279
-0.731531
0.127989
-9.75812
1.61055
0.118254
-4.07104
-1.84908
-3.64556
1.52265
-4.17812
-4.47163
1.43797
-4.31785
1.64309
1.15194
-4.02574
-4.28664
1.66263
2.10435
-1.70352
1.37564
-3.93056
-1.34486
-4.10427
0.393377
-1.13785
-4.18396
2.90891
-0.103138
-3.68912
0.0176324
-1.01206
1.56052
0.379289
-2.32005
-4.07783
-5.77547
-9.13669
-4.04229
0.500139
2.30566
-0.227487
-8.5512
0.0160888
-4.01422
2.0515
2.94686
-4.08377
0.535231
1.18465
-4.02957
0.414353
2.61497
-2.56417
-2.64714
1.31462
1.3887
1.26137
-1.15573
0.437588
0.00569571
0.265927
-1.63003
-0.199985
1.48547
-0.710794
0.35481
0.615785
1.45472
1.04645
-0.261034
0.894526
1.52657
1.25917
0.921742
2.69996
-1.52348
2.52018
-0.160148
2.43545
3.14293
-1.5899
0.156345
0.570225
1.48303
-2.9314
0.8794
0.551632
-0.211433
1.26968
2.07286
1.3535
1.42379
0.813538
0.398077
-6.57368
3.03848
-4.12481
0.319868
-5.74944
-0.916607
-4.67257
1.49367
1.42746
1.03245
1.53739
-1.74401
-0.166699
1.64208
0.964564
-0.280218
-1.81981
0.226388
-1.11797
0.411441
1.51644
2.89534
1.48422
1.83482
1.73178
1.31124
2.73727
1.13298
1.50727
0.398328
-7.02342
-0.0306335
0.854994
0.571752
3.07521
-0.566573
0.613125
0.0015407
-0.369339
2.90368
1.05664
-0.29938
-6.83467
0.717784
-1.47226
-0.214055
1.9427
1.71969
0.873005
1.74391
0.102891
2.35993
-3.44359
0.856241
0.513692
0.33299
0.246671
2.27835
0.477759
0.162244
1.5173
0.993836
-6.04626
1.49565
2.35164
-0.582294
-5.05016
-4.07163
-3.15309
-0.907476
-4.38531
-0.380466
1.43435
0.341912
-0.154235
1.26613
-0.930928
-0.851401
-0.739359
-3.07435
-4.49592
0.231331
-4.0769
-3.99956
1.30856
1.47026
1.84215
-4.9445
0.79593
-0.841647
1.47859
2.44992
-5.27888
0.0224697
-0.151978
2.41954
0.934389
-5.30541
-1.00296
-3.16125
-0.082561
0.0314198
2.65693
-0.178777
0.00282986
0.837303
0.179884
0.00831366
1.036
0.25716
0.325436
-4.00542
-4.61583
0.641691
-3.96867
-0.182089
-0.000491997
-3.48785
1.61853
1.14869
2.85108
0.468524
2.63705
-0.37185
1.8072
-2.44854
-0.645116
-6.89063
2.20677
0.174508
0.374597
0.338668
-3.03811
-6.54417
0.00853519
-0.0348037
-0.196448
-0.423712
-0.2583
0.160031
1.11953
1.79485
-3.47889
0.0176761
0.171473
-0.372468
-0.127436
1.57551
0.14559
0.971915
-0.383157
-0.129209
1.98371
-3.34647
0.268012
0.00317181
-0.0194925
-1.37839
1.91619
-2.46983
-0.163666
-0.176744
-4.34204
-1.47987
-0.201054
2.41122
1.873
0.00727109
-2.88093
-10.5457
1.44833
-0.0893628
-0.486147
0.00749889
0.520281
0.038864
-0.139901
-1.59341
0.00476389
0.818003
-0.691025
1.19231
-0.739922
-2.03683
0.550487
0.761918
0.0800264
0.139216
1.42425
0.444898
-0.653571
-0.797329
-0.258784
-6.16083
-0.181512
1.46411
-3.38728
-0.597863
0.00351542
0.00152021
-1.14916
-0.125241
-0.194797
-0.0667851
2.0905
1.18385
-3.11378
-0.157764
-4.9095
-5.58692
0.243553
-0.217573
1.77174
0.0793756
1.31765
1.35562
-0.431793
-2.82629
-7.4438
-3.03878
-3.86484
1.62904
-0.197454
0.362883
-4.04731
1.59798
-0.0671531
1.64897
-0.0538324
0.0045336
2.01334
0.0168202
-0.0159132
-2.99283
2.01891
0.365556
1.43549
1.51483
-8.81636
-0.0746406
1.50184
-3.41199
1.95458
-2.35298
1.88116
-3.61726
-0.18299
-0.0137271
1.48763
1.80526
-2.46374
1.38569
0.803093
-0.225177
2.18773
0.732492
-5.79836
1.4964
-0.158146
-0.0752347
-1.64565
-6.74993
-0.161993
-4.16623
0.00098294
1.41094
1.25375
-0.217349
-0.0663696
0.845056
-0.0987233
1.47843
-4.73135
0.0138587
-1.02783
-1.86179
-0.546487
-2.27614
0.816428
-0.877272
-0.159371
-3.14771
1.28458
-0.207653
-4.95559
-0.229471
0.413551
2.38172
-0.906964
0.00235147
0.507971
0.306388
-0.3282
-1.28471
-2.19802
0.515097
-0.0383522
0.371282
1.59572
0.00129358
-0.171233
-2.15312
-0.138396
-0.00117395
-0.815582
1.53129
-0.597693
0.0128099
-0.319324
-5.24118
-0.0801579
-0.124991
0.285373
-6.02307
0.109747
0.0487439
-0.225937
-0.24312
0.0168137
0.0101817
-8.03775
-1.23865
-3.57367
0.666304
0.28685
-0.438521
0.842406
0.899748
-0.145632
0.0172875
0.9057
0.304008
0.0127516
-3.16963
-0.0370466
0.503651
-0.448619
-6.16211
0.0109291
0.618239
0.0825906
1.10638
1.01907
-0.249648
0.590539
1.49692
-0.11156
-5.91357
-0.121108
-2.16975
1.80919
1.48553
0.00178954
-0.0507915
-0.175763
-0.15986
-0.0135042
-0.171815
-5.58237
-0.0527555
1.45639
0.174072
-0.145267
1.50366
-0.168865
2.42239
-0.181078
0.14272
0.0935032
-0.199333
1.97712
-0.110636
0.000979568
-9.92918
0.00114021
1.19226
0.748049
-0.151969
1.5285
-0.514157
0.78669
1.80568
0.109062
1.00832
-0.194589
0.653295
-0.155273
0.442879
-2.25678
-8.48822
-0.112124
1.72296
0.694223
0.98529
0.904019
0.00364625
-0.0220471
-0.0962482
0.0861797
0.467269
-8.08555
-0.0109483
-0.00160515
-0.037184
-0.170412
-0.48105
-5.4353
2.45908
-8.61286
-4.03945
2.35187
0.0152727
-0.0228745
-0.088079
-0.0640394
0.954007
-0.0549156
-0.0965977
-3.08384
-10.5276
0.334743
1.5216
-0.0718907
-0.0121543
-0.351959
0.00893752
-0.067854
-0.124841
-0.129096
-0.0361858
1.5357
-7.51346
-3.89532
0.821826
-0.228057
-3.08892
-0.153982
-8.47356
-0.031194
1.26026
-3.07393
1.8204
-0.268178
-0.0727961
-4.05071
-0.190913
-0.272269
-0.158174
-6.073
-3.69357
2.35379
-5.87841
-2.14829
-0.00190702
-1.99176
-0.0227823
-0.104956
-4.11463
0.00569481
-0.118351
-0.327912
-0.166442
-0.00321233
1.89757
0.40162
-0.00685192
-0.10958
-0.0935305
-6.7484
-0.338724
-2.45128
-0.164743
-0.322755
1.75871
0.0669927
1.53314
-0.00881171
0.014271
-0.0257984
0.00329573
0.0138376
-3.05202
-8.42198
-0.650839
0.673737
0.958616
0.78018
-0.0573949
-0.0711867
-0.0159237
1.66993
-0.132168
0.246922
0.690525
0.00345831
-0.116439
-0.869713
-0.103049
0.00906929
-0.153951
1.5269
0.00585918
0.721004
-0.0238043
1.31496
-0.0178334
0.337802
0.00904005
-0.0344524
-3.9777
-0.121286
-0.119675
-0.416549
-0.0461606
1.28248
-0.0449333
-0.210692
-0.18308
-0.163324
0.32752
-0.00542339
-0.143732
-5.80266
-4.05792
-0.0834426
1.89346
1.52532
0.0113903
-0.151406
-1.64003
0.0162947
0.367535
-0.998561
-0.0176445
1.95441
0.276301
0.0272754
-0.00857816
-3.61238
1.5172
-0.123641
0.0243977
-0.00400823
-4.28304
0.0900636
-0.00431796
-5.20565
0.838491
0.827271
-0.143015
-5.89049e-05
-0.00189576
1.4931
-0.0155486
0.0132896
-0.0226978
0.00760503
-2.19361
-0.0418254
-0.0282167
0.00170877
-0.138333
0.0156752
0.0796218
0.000395626
0.0052917
-0.416378
-0.317519
-0.0650988
0.0209471
2.88444
-0.095111
0.0697218
-0.000626002
-0.094971
0.238896
-0.0740238
0.0314704
0.310724
0.0170799
-0.0636789
-0.0431928
-0.000319645
1.53045
-0.00340656
-0.0812178
0.0477021
0.0147151
0.0144355
0.0828753
-0.109796
1.45322
-0.184532
-1.59217
1.02612
-0.0300302
0.00411561
0.00282202
-0.0694849
-4.01137
-1.3405
0.215266
-0.0562674
-0.0270878
0.0175561
-2.62953
1.61178
1.52523
-0.0104599
-0.356477
-0.0873546
-0.0448083
1.51204
-0.00461834
-0.163343
1.63055
-0.0474514
1.61068
0.00918691
-0.0239626
-0.0502806
0.0176967
-0.000135164
1.88239
-0.165086
0.0016394
-0.540132
-0.577849
1.19387
2.01438
0.00649757
-0.420971
-0.0281132
0.0216138
8.16051e-05
1.14078
-4.38679
-0.00188761
0.00944469
-0.116703
-0.104915
-0.089566
-0.0120236
-1.35319
0.00108982
0.0178309
-0.748712
1.55614
-2.41473
0.0188482
-0.109885
1.17516
1.28853
0.0191624
0.00330158
-4.08996
-6.62561
0.00358663
0.00923334
-0.0161664
-0.00615702
0.000468254
-3.90013
0.00706397
0.0220126
0.00157647
1.76704
-0.00942007
-0.041336
-0.032816
-3.89108
-0.00584058
1.32956
0.0113766
1.62399
-0.0338956
-4.14455
0.0248674
-0.0203951
-0.051714
-0.262618
-0.198032
0.0061837
0.0160657
-0.057913
-0.00436825
-0.00674341
-0.0498111
0.0193062
0.0235933
-0.0672547
1.55942
0.0183339
-0.675314
1.70372
-0.0109427
-0.0473589
-1.37691
0.72908
-0.0146613
-9.10341
0.0102865
0.0164209
-3.77199
0.00658497
-0.00163081
-0.421344
0.0158539
-0.167182
-1.63795
-0.00687104
-4.63944
-0.212523
0.015972
-2.57235
-1.53454
0.0181292
0.00877657
0.00728768
0.137094
-0.0241118
-0.0237086
0.493505
0.0110969
0.00619361
0.0215668
-4.86079
-0.0178777
0.00132938
-0.0246382
-0.124705
-0.142136
-0.039373
-0.00477868
-5.65327
2.40246
0.0165486
-0.0178453
0.00397827
-4.71005
1.69286
-0.176943
0.120237
0.0023619
1.72009
-0.0146006
0.452637
-0.061662
0.00945095
0.00522719
-0.0693154
-3.04755
-0.539218
0.289087
0.869819
0.00677126
-0.00714592
-0.165237
1.42382
-0.0714766
0.0201255
-0.0165442
-0.155594
1.46995
-0.218838
0.0168489
0.0100588
-0.0323103
-0.0139575
0.0219511
1.02171
0.0783805
2.18106
-0.00182781
-5.49278
-0.358998
2.48415
0.478515
-0.0311548
0.0133898
0.00730387
-0.283162
1.46801
-0.358974
-0.10953
-0.0158854
-4.07245
-0.0228709
-0.0246212
0.0201725
3.10637
1.10772
1.65264
-0.0557879
1.5353
-0.00676718
-10.4598
-4.14309
1.77785
-4.44805
-4.27366
0.0111866
0.609546
-0.251724
-0.0312068
-0.974225
-0.301065
-1.74775
0.694804
-2.47003
-0.0656692
1.46323
-0.157876
-0.429986
0.0119972
0.0207799
0.0125987
1.68368
-0.0146478
-7.19492
0.0156181
-3.13926
0.00281717
-0.142128
-0.0803231
2.44098
-4.66201
-0.375011
-0.417017
0.0104093
0.0185124
1.17105
1.55111
-0.104978
-0.100631
-4.34125
-0.0836213
0.0930696
2.82375
0.959554
0.21536
-0.281258
-0.738795
-0.0125623
0.609565
0.0132416
-0.318046
-0.0173868
0.830203
1.50028
1.13836
-4.03045
0.784258
-0.210594
0.00515724
-5.2933
-0.0809942
-0.124052
1.52172
-0.105105
-4.26334
-0.0200184
2.34723
-1.28816
-0.345394
-0.619382
-1.22544
-0.0146267
-3.18824
2.65114
-0.279152
-3.71361
-4.13544
-0.59386
-0.0306243
0.475376
-0.592202
-0.137667
-1.55849
-3.99876
1.58651
-0.101478
0.0433206
-0.186985
0.232836
-0.191633
-4.00459
-0.023723
-2.27864
2.94081
-0.0308864
-4.0397
2.61259
0.00594277
-0.028866
-0.62656
0.00904273
1.74101
-6.22723
1.47061
1.52394
-0.164503
-0.61746
1.50718
0.955528
-0.0650305
-1.03044
-5.96746
-3.81506
1.59207
-0.0457982
-1.44943
-3.96332
0.221397
-1.47898
-0.139468
-0.448136
1.54025
-0.770359
-0.0811555
-3.88523
0.000942823
0.00587682
0.0179197
-4.11633
-10.4702
-0.0203256
-0.0606552
0.0223772
-0.929139
-0.0130643
2.81862
-0.0172829
-5.32535
0.369849
0.00320053
1.2301
-0.176754
1.51819
-0.00202805
1.23452
-3.50342
-0.0795763
2.11819
-2.18085
-3.99664
1.81657
0.525651
-0.155798
-0.158495
1.54257
1.31572
0.00673817
1.39568
2.64471
0.361705
1.45869
-1.74831
-0.0847075
2.24859
-3.63114
0.347595
-0.17014
1.51495
-1.26958
1.48803
1.37762
1.594
-3.12681
-0.105473
-0.349384
-0.00635839
-0.0159695
-11.0093
-5.72919
-0.0708183
0.00120786
-4.83452
-0.154587
-0.476221
-0.604268
1.6899
1.89132
1.7821
-0.0467736
0.504564
-0.184012
0.602881
-0.044778
-0.141233
2.7274
0.0128997
-0.11736
0.116296
-4.25477
2.02437
-0.111331
-0.733453
-3.29779
0.0695248
0.495208
-1.54885
-4.70689
0.667671
0.0263288
0.848927
1.55663
-5.74532
-5.59274
0.0987795
1.26033
-0.724461
0.00495378
-0.0914315
0.000811051
0.803551
0.379107
-0.132671
3.14641
2.1611
-0.1854
-0.0435466
-3.87971
2.45965
0.934621
0.191773
2.87303
-0.000564728
1.06144
0.730459
2.63525
0.185902
-4.49941
1.09365
-3.8283
0.00261071
-0.921081
0.141568
-5.38381
2.63871
0.13757
-0.0913036
0.00232396
-0.709082
0.703448
2.94666
-0.0901199
-0.133509
-0.611004
1.24613
-0.347932
0.214865
0.573276
1.16432
-0.374013
-0.255543
-6.00584
0.106492
0.411633
0.949688
-0.280448
2.55153
-0.130994
-0.169366
1.57578
0.0168217
0.00289351
0.0381692
-0.406815
0.954272
-0.0020557
0.542333
-1.84596
-0.104485
0.829476
-6.21201
-0.175456
0.0916715
-0.104017
-0.0982891
0.792952
-0.00868473
-0.0229675
5.10834e-05
-0.200205
-0.167509
-0.461709
-3.54586
-0.0598563
0.109732
0.294318
-0.0845665
0.292546
-0.959512
-6.07389
-0.111929
1.5616
-0.543093
-0.134755
0.0601797
-0.43227
2.12353
-0.106373
-0.211034
0.112145
3.14219
2.85123
-0.349294
-0.162148
-2.99649
0.00355541
1.39471
1.54636
1.33164
-0.0651778
0.00224325
0.037873
2.4058
0.149581
0.278319
0.393398
-4.25681
0.191069
-0.0241017
1.40868
2.29113
-0.746005
-2.34494
-0.175004
1.32668
2.02495
-0.354425
0.358441
-0.876479
2.87064
0.00391129
-0.245659
0.761373
0.0231039
0.00313818
0.00406798
1.50644
0.00487796
0.00392677
-0.436723
-2.9792
-0.153408
-0.00189587
2.22849
0.923962
1.6099
0.0791904
-2.46138
3.06099
-0.137372
0.0523023
0.83998
-0.540375
0.987875
1.41173
1.51265
-0.00439484
-6.60113
-1.05028
1.512
-0.683175
0.0123203
-0.518575
1.42378
0.478939
0.0186073
-0.151244
0.554077
-0.347698
0.0104637
0.0563499
-0.071493
-0.578923
-0.121935
1.24181
2.42517
-1.42093
1.89497
0.898186
-1.59528
0.00739319
-7.21826
1.18013
-2.39071
0.120682
0.089222
-0.0378335
-0.112171
0.168992
3.10939
0.000356279
1.65304
1.16861
-0.168404
-0.0111162
-0.124816
-0.372133
0.114197
-1.8042
-0.170868
0.67093
-0.0753647
-0.460055
1.86187
0.488535
0.341251
0.181212
-3.50826
0.0821631
0.353631
0.129905
0.901633
0.0923648
-1.56305
2.03999
1.66228
-0.507507
0.825455
0.00396293
0.883182
1.49892
1.64023
-1.17045
-2.38764
-2.93867
0.0110585
1.52195
-1.68585
1.9758
0.0125843
0.559966
-6.16515
-3.05862
1.52561
-0.523477
1.53352
0.475306
0.18594
0.0731324
-0.182563
-2.98591
0.732274
-0.128581
1.51449
0.377809
1.94459
2.05308
-0.179362
1.85705
0.125598
0.00538595
0.781033
1.98852
-0.0155705
-0.587766
1.56664
0.561034
0.12072
1.92016
1.20697
1.84426
-0.179906
-0.264251
0.0748243
-4.04393
0.404067
0.350297
1.11568
-6.40969
1.7142
0.000419502
-0.798605
0.896052
1.617
0.31242
1.42876
0.0181341
-4.16373
-0.662112
-0.137597
-3.21594
1.03582
1.05973
-5.84445
-0.647147
0.260267
-0.00181308
0.441126
1.95724
2.28035
0.397556
0.419914
0.187737
0.316817
1.04195
0.00432433
1.55286
-1.84764
-0.120682
-1.05561
-0.911139
0.588726
1.66302
1.60097
0.75164
-0.0503879
0.00432859
1.51187
1.51122
1.38859
-0.688381
1.89882
1.06229
1.55631
0.750755
0.0996512
0.117008
1.22203
1.24958
-10.0584
1.58387
-0.332119
0.381624
1.37113
-0.63095
-7.35274
2.43613
2.06807
0.102419
1.08134
0.670104
1.13597
0.0969968
0.0694276
-0.178651
-0.23667
-0.780673
-2.66316
-0.390613
-1.03003
-0.31828
1.51115
2.30953
0.117368
1.53633
0.164758
3.30713
-1.53176
1.69087
0.105992
-3.05592
-5.66492
3.33149
0.226202
-0.189533
3.29907
0.2161
-3.8135
1.29612
3.25592
0.262664
3.19306
1.01988
0.108714
-5.48467
3.06766
-0.255705
-0.152461
-3.22854
0.444225
-0.0549392
1.59078
2.87981
-0.000510015
0.390075
1.74583
0.554681
1.39747
1.39345
-0.934301
-4.60253
-3.23164
2.81623
0.412787
-4.78254
0.238737
0.111374
2.75959
0.727246
0.152529
-5.00819
2.69948
-3.29601
-5.18868
2.64077
1.75668
-5.33592
-2.18229
-5.63871
0.869956
1.85996
-5.5766
2.54679
1.52793
0.154595
-5.58597
1.87586
0.577496
0.302498
-1.13269
-5.07589
1.49897
1.51838
-3.41111
1.46148
0.371888
-1.33297
-3.83414
2.382
0.336034
1.41026
-2.10383
-5.72776
-5.73604
-5.68983
-5.61795
-5.51603
-5.36702
-0.704879
-5.19295
-4.6812
2.1149
2.33018
0.434842
1.09636
0.277456
1.24912
-4.54846
2.28864
0.00250546
-4.43679
1.77527
-4.22541
-4.33041
-0.019197
2.17777
1.44841
1.06907
0.761451
1.53938
-2.2937
-4.24696
2.13529
-4.18387
0.0910163
-0.620066
-4.03939
1.50568
2.08406
-0.179638
1.79234
0.00738609
1.33739
-4.13764
-0.747062
0.0400014
2.0334
-0.840748
-3.06405
1.9828
-1.37941
-1.26206
-0.957695
-4.04338
1.93731
1.32712
0.435997
1.53909
0.421227
-0.0784413
-0.0542576
-4.03764
-4.82176
1.88054
0.504179
-0.000214822
1.60714
0.529617
-9.08883
-0.964124
-4.04246
1.83469
-5.80593
1.38127
-0.451611
0.0220615
-4.05389
1.78093
0.996868
-5.39488
1.72159
-4.06585
-0.200874
-0.628563
-3.05794
-1.75628
1.67776
-4.06841
1.60522
-4.07607
-3.98675
1.15058
0.00161545
1.04597
-0.0407231
1.54761
-4.04483
0.139034
2.53354
1.6104
-4.06608
-10.6188
1.49782
-2.97113
-4.58609
1.45981
-4.00974
1.52114
1.44775
-0.0507571
0.381927
-1.31265
1.52863
1.21327
0.0975598
-1.04016
-3.93119
-3.06401
1.38051
0.372644
-2.48057
-0.0106962
-4.11665
-2.23944
-1.06421
0.904641
1.32586
2.19575
1.26738
2.35827
1.53039
-3.68437
0.28086
0.442578
-6.05867
0.935458
-0.0343278
0.0443253
1.04425
1.36243
-0.234826
-3.51057
-5.71543
1.20676
-3.38927
-0.305615
1.66992
1.51295
0.355999
2.64484
-10.5401
0.615896
0.308392
-3.32412
0.424131
-2.04511
1.13334
1.83872
1.64754
1.1809
-3.14491
1.0601
0.975241
0.917073
0.828461
0.756223
0.658177
-2.92205
1.00005
0.575251
1.57894
0.391705
-5.08779
2.33295
-3.00762
-0.633377
-6.00117
1.28511
-2.97862
1.96408
-2.93728
0.406033
-2.92708
-6.11169
-2.9602
1.51277
-0.877479
-1.04577
-2.99604
-4.047
-7.13508
1.56834
-3.41051
-3.05467
1.59854
1.59196
-1.1523
-10.639
1.71004
0.316876
-7.40069
0.293608
0.795034
1.64261
-2.34817
0.176126
-8.23533
1.76131
-4.42061
-1.82299
-5.86801
1.01947
1.48106
0.343065
-4.09417
0.856745
1.77804
0.802957
-4.3336
1.45086
0.51204
0.992507
-0.50092
1.48837
-2.01148
-0.00193171
0.00246616
0.883799
-2.39987
2.15975
0.596994
-0.798172
0.584119
-3.07546
1.95266
1.62005
1.51481
1.62772
0.268444
0.214129
-0.625042
-1.59008
-0.124097
-0.569382
0.221991
1.29129
-2.84998
-0.0788335
2.86297
0.00104295
0.988443
1.02984
-6.70057
-0.0529036
0.663756
0.0893989
0.877391
1.0909
1.50951
1.55622
1.42102
0.252268
1.79453
-3.07065
-0.00602366
-0.512455
-2.44367
-0.423512
-0.967151
1.56101
-6.30381
1.40603
-1.10584
-5.19836
0.338641
-2.26241
-0.666336
-2.36797
0.303405
1.67431
0.0913835
-0.769727
-0.0179882
0.653924
0.133372
-5.57412
-0.00885339
1.15371
0.305338
-3.49693
1.29258
0.390854
1.30264
-4.1608
0.17053
-0.0392794
0.0176593
0.451623
-5.67128
0.439586
0.00372629
0.0269402
1.08321
2.20716
0.531329
-3.12771
1.52199
-1.04034
1.33503
-0.0730898
0.0132594
0.929664
-3.99723
0.00992656
-1.01717
-7.03933
-4.05174
1.48861
-0.289112
1.59077
-0.205949
-0.0013536
2.36061
2.14939
-4.69564
0.721241
-4.76875
-1.41835
1.73085
-1.73683
0.433971
-2.42101
-0.216668
-2.1815
-0.475875
0.37506
0.347015
0.00386252
-0.636718
1.51426
-6.56035
-3.42649
0.560729
-0.0495295
2.15254
0.162898
0.818255
2.38844
2.44002
-0.00472977
2.1931
1.31325
1.50336
0.424095
1.93211
1.6387
0.770757
-2.30293
0.0559555
1.32796
1.31427
0.00397071
-0.000523795
-4.63551
2.98185
1.38471
-0.0399981
1.4584
1.10797
-0.283256
1.36281
0.508349
2.05931
-0.532918
-1.54575
0.18141
2.56357
-0.738323
1.73133
3.22055
1.45277
1.13859
0.175722
0.366315
0.00358274
1.64194
2.77008
-3.05093
-0.29544
2.62894
0.0849486
0.493937
2.94
-0.26919
-7.24889
0.437568
-0.0683121
-3.13569
0.545554
0.0267891
-0.760046
0.104104
0.436119
-9.89878
0.460321
2.79443
1.85063
0.291793
0.704183
1.54201
-0.290609
1.15114
-2.44522
3.20128
-0.940679
-2.20614
-0.676291
2.27908
1.29773
1.43413
0.406
-6.65371
-0.942958
-0.9923
-0.314005
-0.529936
1.02195
-0.131216
0.0803347
-3.47685
1.20747
0.436807
1.45929
-0.0633044
-0.321633
0.127586
2.62141
1.43497
-2.03354
0.937312
-3.64868
1.80448
-2.18323
1.6418
2.63657
-1.81416
0.100918
-3.78212
0.188172
1.51165
-2.25475
0.79772
-2.38127
1.46473
-4.25594
-0.0431847
1.99257
-0.177611
-1.71317
-9.91089
1.40582
1.84293
-1.69267
3.09016
1.30862
0.458952
1.35337
-0.0563717
1.3477
-2.82408
-2.65062
-2.35712
-9.81203
1.7364
0.497765
0.464049
-4.26794
2.59199
0.502332
-0.815422
-0.0289206
0.0777008
-2.12899
1.22395
0.828247
0.549139
-2.64449
-0.366643
-0.580087
1.10865
-0.716495
1.09835
0.0265972
0.297246
0.449394
1.06386
0.765789
1.13003
-4.20633
-0.0109429
0.287171
1.50989
1.72398
0.271827
-5.92865
-1.71239
-1.22028
0.898186
3.0749
1.67815
-2.17519
0.615816
-7.88371
1.51784
-1.81268
1.20584
2.17295
-1.51726
0.607679
-0.640648
1.51753
-0.344979
0.0924987
-5.12223
-3.92171
-9.0119
-8.70594
-0.782105
1.44488
0.742546
0.359585
1.25522
-5.59014
1.68238
-0.831461
1.51522
0.132357
-0.0121401
1.33631
-3.17123
1.11162
-5.37616
-5.69949
2.46246
-5.49001
0.287131
-2.71634
-0.52332
0.684427
1.98186
-1.23108
3.09608
2.68039
-4.27254
2.22652
0.509565
1.56471
2.93561
-1.57479
-0.0190707
1.11486
1.09838
0.357354
-4.37841
-3.26978
-0.385584
-1.40094
-0.830869
-0.295665
1.42551
-3.7184
0.276858
1.06593
1.88382
-2.63097
1.87327
-1.83724
-2.4695
0.120503
1.11298
1.50065
0.404182
1.70552
0.668141
3.32896
1.03655
-3.06926
3.32093
2.07854
2.32242
1.9299
3.28795
2.34703
0.578228
0.782543
3.22627
0.903312
0.148208
-3.89278
1.4858
-3.90664
1.08427
1.33302
-1.29625
2.23188
1.46234
-3.53445
-0.343065
-0.189429
2.088
1.99294
-0.250095
-1.10027
-4.41711
-3.38294
1.70373
-1.69787
0.243082
-2.96905
3.10061
2.27544
0.269649
1.02338
-4.06253
-4.86998
1.74873
-0.57827
2.84789
1.24977
-4.14233
0.40095
-4.41681
1.31645
-0.894764
-2.29881
-1.90283
2.80132
-4.70656
-3.13821
-1.36029
-0.000865754
2.78891
-0.572033
-3.85774
-3.36003
0.638503
-4.34739
2.32525
0.509696
0.537678
-7.0675
-0.0163107
0.458197
-4.90777
2.72938
-1.19111
0.604108
1.51213
0.628043
-3.04856
-3.97222
1.27788
-5.10659
-0.283398
2.50194
2.67115
1.94769
-0.774596
2.59337
2.18148
1.23904
0.995941
-5.27318
1.51878
1.26532
1.40529
1.3936
2.11287
1.72948
-1.53643
-2.41898
1.23253
-5.46086
1.41138
-2.9559
-1.28497
-4.38441
1.88611
-0.779639
0.480336
-0.880768
1.69197
-2.49977
-5.58458
-1.1567
1.52005
-2.81589
-4.15432
-0.160042
1.293
0.385244
-4.31038
-0.278165
-9.6705
0.149547
0.552094
-0.00725287
0.0670335
-0.0397341
-3.98929
1.04223
1.43043
-3.95621
-0.260743
-0.538485
-4.38341
0.958789
1.07256
-1.66981
1.0007
0.705909
0.413105
1.47257
1.3059
2.35856
1.59371
2.25566
-10.9288
-5.74079
0.63002
-5.72017
-5.66168
-5.57661
0.961373
-5.44219
-5.28576
0.294925
0.30102
-4.63127
0.224117
0.436073
-0.935827
2.31025
1.47548
3.15242
-4.50175
-10.2646
-3.02674
2.839
-0.308529
0.739841
-3.7369
0.949791
-4.38601
-0.917243
-3.37149
0.309215
-5.12205
-4.29451
1.22347
-1.34134
1.18404
-0.701683
0.52455
-1.76393
2.15977
0.383781
2.56496
0.285652
-4.21489
1.58046
-0.514848
0.553446
-0.236511
-1.3183
-3.74205
-0.431458
2.10985
1.20265
-4.77391
2.1046
2.11945
-3.87716
-0.0476755
-4.16023
0.387511
1.07795
-0.664171
-0.648923
2.05914
0.395195
0.388298
0.527451
-4.04219
-3.33803
2.4852
-7.88313
1.35829
-0.0748302
1.39234
0.0711954
1.69785
2.0079
-11.2286
0.186339
1.27166
-2.30018
1.21417
1.75869
0.233092
1.96079
-2.82354
-5.20414
0.504916
1.99404
-0.051385
1.83828
-1.0097
1.66322
1.23757
0.921168
0.312685
-4.03788
1.90776
1.99233
1.58231
-1.06753
-3.3802
-0.23016
-10.2727
-1.08256
2.58767
-5.06461
0.899696
-4.03853
1.8611
-3.06082
-3.12727
-0.0426657
0.561733
1.56257
0.153526
-1.14686
2.98651
1.37112
-4.04707
1.80869
1.23652
1.29084
-0.0631658
-1.58053
-11.1201
0.818906
0.337075
1.41616
1.75211
-4.0607
-2.87335
1.36642
-0.0886843
-2.61446
1.27467
0.747503
0.145686
0.751444
-3.02284
0.850156
1.70212
-4.07518
0.584164
1.76641
1.37873
-1.19178
1.64112
-4.07348
1.42306
-0.157923
-5.48152
0.396816
2.13679
-0.763681
1.39031
-3.98761
1.57603
-4.07615
-0.41622
0.801368
2.21618
-1.49449
1.28716
0.452961
-3.06068
1.15436
-4.04467
1.52342
1.92369
1.62817
-0.763282
2.33613
-0.562824
1.55686
-0.341516
-4.05194
-2.29451
1.47417
-2.11053
0.923595
1.16501
-3.97972
1.52265
1.41211
0.236985
1.51646
0.209741
-3.09146
2.52374
-3.17741
-2.58879
-4.07894
1.35222
-3.88715
0.26041
1.35635
1.16308
0.0455241
0.640749
-2.42939
0.789816
-3.44425
-0.369927
0.983247
2.6416
-4.15449
1.50064
2.91114
0.84148
0.802483
-3.60504
1.64813
-3.27787
0.554553
-0.879045
0.0754535
2.12676
-2.03441
-3.42287
1.17124
1.07004
0.751076
0.458222
-1.30975
0.0646711
0.88772
0.3375
1.51909
1.12384
-2.47364
0.29748
-3.22799
-5.11809
1.51664
-6.38458
1.09712
1.36873
-0.375211
-0.128294
2.4009
0.244789
0.0249773
1.09327
1.01828
0.87727
0.949133
-10.781
0.873611
0.793898
-0.60905
1.86262
-3.06506
0.588851
0.706272
2.01273
0.61519
0.203745
0.183213
2.0556
2.04812
-2.32637
1.11631
0.866417
-2.95303
0.836043
1.06706
0.541536
-2.91395
3.05416
2.2878
-6.53616
1.05727
0.347311
-0.012205
-2.94006
0.656807
0.074473
2.05349
-2.22009
-2.97817
2.17142
-4.97685
-1.18212
-0.483729
1.51247
0.552085
1.76594
-2.60762
0.194878
2.6001
2.76685
1.21943
0.0686034
-6.26436
3.28544
-0.17572
2.15174
1.42706
-0.264918
0.126889
-0.923808
-0.16176
2.14865
-1.42937
-5.95659
0.770057
-0.573862
-3.73964
-4.85305
2.2547
-2.53959
-4.08264
-1.15949
-0.221629
0.636037
-0.230589
0.166347
0.484833
0.0338784
-0.0352962
-0.0431514
2.62041
1.51298
1.80295
1.76568
0.594362
-1.97595
2.56759
-2.92285
0.325342
-0.609138
1.1023
-4.35348
0.35936
2.20285
-0.566578
-1.83966
0.319264
1.53485
0.944546
-4.0697
-4.03926
1.51706
1.52459
2.59391
1.35394
1.69416
1.78527
1.73202
-0.529946
1.84006
-1.45028
0.51051
-3.1028
-2.25424
-8.5462
0.0208104
-1.10734
1.47167
0.555027
-0.334879
-3.10146
-1.55424
0.697823
-3.85661
0.130092
-4.74208
1.5371
2.46184
-5.81905
-0.0163802
-1.56696
-5.11118
-2.08007
-8.4528
0.48363
1.49541
-0.402002
-3.60948
-4.57637
-10.1263
1.6336
-2.262
-4.26439
-4.03454
-7.6026
0.469276
-8.90536
0.292035
0.423466
2.72547
-0.693074
-0.639965
2.00499
-0.0161869
-0.461222
-2.5814
0.195909
-5.06578
-3.06473
-5.73991
-0.00123701
0.235132
0.869727
-0.920317
-1.7425
-0.571488
-3.77345
-0.265951
-1.16017
-0.297781
-4.05313
2.30334
-0.15726
1.79552
3.1739
2.35936
2.87249
-5.80417
2.07524
0.151533
0.166948
-1.61448
-0.749219
0.285254
-0.58739
0.0263359
-0.000340359
0.914156
-9.19682
1.08201
-2.23808
-5.19933
0.0677948
-2.82177
1.77674
0.38116
-3.01353
0.873123
-3.84986
-1.85572
-3.04171
0.751642
-1.45304
-2.98927
-5.77381
-4.73004
1.26662
-0.0762482
-2.84199
-9.54565
1.17089
-0.716984
-0.401785
0.413272
-3.67001
-1.87049
-2.41419
-3.5462
-0.133706
-4.26334
-4.91577
-4.09946
-4.63669
0.419376
0.174175
1.27978
-0.602174
-0.520853
0.641056
-11.1569
-5.91627
0.529896
3.11383
-0.42829
0.417715
-0.981379
-0.919951
-2.56559
1.32346
-5.49094
-3.36763
1.52726
-1.20261
-3.98165
1.78595
-3.66491
-2.25336
2.03912
1.25235
0.123479
-0.551889
-2.34015
-7.57288
-4.51627
1.38164
2.07009
-4.30058
-1.54403
0.189554
-3.66059
-0.366848
0.949069
-0.0102901
2.01651
2.23015
-4.6668
1.1179
-4.42557
-2.3126
-1.8902
-1.9163
1.05342
0.294056
2.89559
-3.1035
-3.29357
2.76695
-3.16545
-3.35257
-8.38444
-1.76202
1.02865
1.00853
-4.29936
-1.42747
0.560124
2.46428
-0.0949555
2.41025
-0.888093
-3.23987
-0.299142
-2.95738
-5.91138
-0.99079
-0.440266
-2.66528
-0.771396
1.83001
0.396389
-0.962992
1.00661
3.16425
-3.07065
-4.0597
-3.8911
-1.78726
3.09892
-3.77696
0.482982
0.14247
-1.16514
-1.54241
-2.97727
0.214201
0.0205179
-0.185833
0.247272
-0.108537
-3.29111
2.54136
-4.4308
-2.37808
2.59463
1.27274
2.0423
-2.4294
1.35026
-1.02602
-1.0754
1.0523
1.19415
2.23949
0.191973
-0.151935
0.425747
0.276224
-3.02119
-3.33968
0.0448399
-7.16655
-3.07532
0.793917
-0.22564
-0.0345771
0.423549
-1.37155
2.57027
1.46317
1.57332
-0.0381369
-2.45772
1.06479
-2.06656
-5.18809
1.39441
-0.0361846
-2.0724
-0.00735417
2.2398
-3.62892
2.17177
-0.0800666
1.92619
-2.24282
2.20459
0.449846
0.509284
-3.5185
-3.11407
1.22756
0.431886
-0.493772
0.0985091
-3.07334
0.442912
-1.42961
2.5077
-6.45159
0.0378993
-2.09762
0.422139
1.96344
-1.6106
-4.15042
0.866583
2.43294
-6.44266
-4.5191
0.0303167
0.457857
-3.19241
-1.40988
1.43208
-8.55511
0.50938
1.23066
2.36363
1.0893
2.03028
2.02367
-0.916377
-0.0216948
-2.72858
2.51425
3.04838
-6.69482
0.391755
-1.00987
-2.51374
-3.61099
-0.248197
2.59696
-1.71673
1.27858
-0.0932637
0.183916
2.05514
1.23479
-0.748509
-1.20099
1.30822
2.23566
0.220132
0.32364
0.420605
1.71055
0.508682
-3.08497
-6.03186
-1.35886
-3.07664
1.68033
-5.49687
-2.27244
-9.4411
-3.33778
1.46803
-10.1108
-1.56911
-0.191007
0.640077
2.50086
-1.21924
-1.28922
0.16489
-1.62912
1.44121
3.12625
0.0356054
-2.69479
-4.08376
-0.778722
0.731895
-0.280302
-0.226463
3.02895
-0.492739
2.34058
-4.62249
-0.0836495
0.216074
-4.61953
-3.2445
-0.760454
-2.37262
1.05129
-0.0787178
-0.919448
-3.05736
0.507867
-0.467031
-11.4037
-3.6059
0.438042
1.03997
2.24343
-3.90012
0.0694027
0.750434
0.548593
-0.144894
-4.40386
2.20336
-4.85544
1.50334
1.9437
1.34994
-6.05156
0.637424
1.28209
-0.973264
-3.0632
-2.62679
0.92392
2.35379
2.26556
1.73869
1.80389
-3.61803
-4.32786
0.575963
0.162505
-3.96971
2.76732
1.36933
0.686751
1.26518
0.39356
-3.1955
-5.17499
1.83476
-0.0326994
1.18093
-0.246839
2.05792
1.52059
-1.89482
2.37355
-1.62052
-1.47203
-4.29376
-0.0289396
-4.02284
-1.89961
-1.82082
-5.64654
1.01645
-5.80239
-0.13651
-2.46579
0.441811
-4.36937
-0.0060749
0.288356
2.52885
-11.5899
-0.409493
-4.23328
0.434384
2.18514
0.447
-4.28502
-2.5308
-3.93114
0.658926
-9.59132
0.0147372
-1.87868
-0.220878
-0.291311
1.24419
3.26909
3.12818
0.112676
0.279887
-3.06743
2.54427
1.71998
1.63285
1.96974
-0.94945
2.6022
0.0769066
-9.25121
0.472362
-1.62077
1.88988
-1.2287
-2.33983
0.701722
1.10455
-2.35247
0.824327
1.9923
0.833014
1.9614
-0.0289605
1.41235
1.15562
0.29094
-3.03864
2.52184
-0.785958
0.689107
-3.47651
-11.4041
0.00290864
0.401424
-1.5935
1.56198
2.02332
0.849823
-2.98382
1.95864
0.57229
-2.46282
0.802312
0.942201
-4.00647
0.617017
2.15064
-0.156056
-4.25849
0.293166
-4.29364
-0.451927
-1.43246
-2.20498
0.599407
1.17582
2.56944
2.97178
-0.864785
-0.770591
0.791946
-1.21173
-2.11653
2.08548
-2.32722
-3.0183
0.609763
-3.88612
-2.28978
-1.90793
0.833535
-4.51709
0.310296
2.14704
0.397
-2.07107
-1.13516
2.43389
0.105497
-1.906
-1.30738
1.3776
-6.6464
1.23726
-11.1644
2.14767
1.28911
1.26667
-2.02822
-0.631258
2.51707
0.512285
-0.330795
-1.91318
-5.11049
-2.40879
1.38283
0.978784
0.530406
-2.15886
-0.435811
1.07206
-11.555
0.08699
0.107881
1.41197
2.78497
-0.380541
-0.077823
-0.552636
-0.0158117
-1.0612
0.948669
0.893493
-5.85369
-2.12095
0.597004
1.94891
-4.34697
0.0903668
1.20014
2.02685
2.14536
-2.74996
-3.95294
0.950872
1.22302
-0.486382
-3.62435
-0.286353
-4.73168
1.0403
-5.66614
0.800297
-2.98412
-0.0936867
-4.08205
0.339428
-7.83893
-1.44056
-2.20823
2.24538
2.06328
1.31306
-2.59538
2.3601
1.39654
-0.526942
-0.21303
-1.35272
-0.242226
-2.21597
-5.29865
-2.80791
0.852514
-3.99022
0.433239
0.0113873
-5.77664
2.58376
1.03526
2.05845
2.0503
-0.824151
-3.07168
-1.02953
2.89562
-0.37294
0.457228
1.3991
0.0060401
1.80016
0.852446
0.301112
1.34071
-0.329775
1.9946
2.16213
0.897453
1.55336
-0.353225
1.17373
0.118901
-4.32742
1.43877
2.47629
0.0713538
-0.644906
-4.67249
2.51155
-7.53178
-3.1781
-4.77264
-0.220349
0.00823432
2.93317
-0.238943
-0.0131404
1.7528
-0.35577
-0.176119
-1.92976
1.48508
1.17607
0.949082
-0.858456
1.83376
-0.0419316
2.81322
2.75281
-1.75335
1.43725
-1.29653
0.433562
-2.34271
1.57582
-5.72899
2.03462
-3.44942
1.64668
-0.0142512
0.883721
2.10908
-9.11689
-0.00394553
-1.0823
-5.82941
-0.674236
-4.17336
-1.70577
-1.77306
-0.760012
2.16143
-11.7203
2.4721
-0.269642
-6.05952
-0.446353
-5.78608
-2.07719
-6.69448
-2.42264
-1.34749
-9.49501
2.20583
-3.26379
2.17661
-0.110874
-3.48557
-3.98594
-1.66731
0.781223
0.0822931
2.45101
-0.113211
-0.977475
0.0494899
-3.45399
1.43128
-2.06902
1.11896
-0.01775
-3.07294
0.169604
-11.0094
0.410404
-0.513244
-0.147247
1.98381
2.07405
-0.71219
-0.429574
1.36144
1.3929
2.45923
2.95538
0.731987
-0.584644
1.51933
0.380767
-0.832075
-0.217321
2.38779
-3.58024
0.908774
-5.56846
0.0672558
-0.150271
-4.31208
-0.0359782
0.425355
0.07706
2.99628
-0.0231739
1.51594
1.4873
-3.47684
0.431493
-2.68456
1.41396
-3.19429
-1.84963
0.150835
-1.5275
1.24771
-0.048531
2.65932
-2.51944
2.10863
-4.4018
2.84406
1.67288
1.51656
-4.5566
-5.37023
-0.277889
-0.420948
-1.58038
1.85191
1.89866
1.34291
-0.424674
2.86089
0.821679
1.5239
-4.21571
-3.07123
-0.881788
-0.485667
1.5453
-10.4718
-2.1171
-5.12604
-0.148574
2.2686
1.0173
-3.07574
0.660394
-0.302313
-1.30775
0.405179
0.00239755
1.15886
-4.69183
0.00631621
-6.5907
-0.247744
-4.23788
-5.0609
-3.97782
-3.46204
-0.351242
1.43078
-0.23391
0.922235
-2.44044
1.77461
-2.05083
-0.89161
0.699848
-0.383883
-2.92994
2.40822
1.51576
0.562118
0.135242
1.95819
-3.91105
-4.2129
-1.97474
-0.0527002
-6.9094
0.678097
1.25282
-0.260556
0.549738
2.32288
-1.62276
-1.38109
0.608993
0.0510459
-5.69594
1.8672
-3.07637
2.21303
1.1112
1.79136
-7.68141
-5.90843
-2.44194
-0.279098
2.12986
-11.2283
1.50574
0.59161
-10.565
0.40698
-1.70458
2.69482
0.728342
0.127454
0.459336
-0.0858716
-2.3813
2.01047
-3.31392
1.41575
1.7477
3.0217
1.71975
-2.60039
-4.05722
-5.63364
-0.0249427
2.11805
-1.21007
0.0325054
-1.63098
-3.6575
2.11251
0.514926
-4.11482
-0.0425092
1.97802
2.81482
0.0357034
-0.0170919
2.01086
1.68148
1.26056
2.08308
-1.55884
-4.48005
1.48026
-4.89368
-0.0642032
-0.200799
-4.66852
2.0889
1.22859
-0.186846
-3.3723
1.89351
-4.05267
-1.98692
-0.208477
0.810716
1.52392
2.13346
-1.56194
-0.0880065
-4.4117
2.97271
3.15165
1.55883
1.59736
0.0038744
-4.3036
2.85202
0.392512
-6.26711
-0.218725
0.0110284
-4.05462
-5.60396
-4.23684
0.922354
-0.6573
-2.8091
1.772
1.58275
-4.82896
-4.50358
-2.36319
0.911619
0.680574
2.09041
-1.71401
-0.016416
-0.050292
0.528761
-3.03559
-0.579602
1.84641
1.49463
-0.000439885
2.0726
1.82612
1.14858
0.522475
0.362859
-5.83074
1.34886
0.514932
-11.4806
-0.00085576
-5.94649
1.90861
-5.22132
0.49998
1.08885
1.39783
-6.00339
1.66246
3.26513
-2.94977
0.977782
0.1693
-3.93747
2.68429
-0.208216
0.580918
-2.95719
-0.017426
-2.00132
0.394227
0.116971
1.1616
0.367193
-1.93925
-0.381463
-4.07345
2.10767
0.83172
-3.08195
1.74139
1.1845
2.60493
3.17659
-0.0152237
1.05452
-11.5573
0.696211
-0.148198
0.697157
2.46066
2.06522
-1.39558
-0.0421761
1.12522
-5.67251
-2.11053
0.0206501
-0.578954
-2.20851
3.11172
-5.91209
-0.917717
2.02477
0.57982
1.17884
-2.38369
-2.39029
-0.910291
1.80573
-0.447662
0.0196195
0.0800947
-3.07696
-4.29973
-5.52084
1.5469
0.641424
1.40912
-1.12632
1.05577
-2.86865
1.44874
-4.94072
1.36732
1.51101
2.25248
-3.96177
-3.06583
0.87552
-0.0882427
-4.0996
-0.478336
0.228123
-1.52646
2.55852
-4.26952
-3.97019
0.656737
-4.36581
-1.2543
-5.46029
0.182118
1.37036
0.743974
-2.36562
0.509167
0.558251
1.51472
0.109613
-0.0196018
-0.148351
2.81271
-2.74495
0.534583
0.10068
-3.2664
0.414683
-5.23672
1.37672
1.72502
-0.844989
-3.95622
-11.775
-1.54564
-1.71523
0.702388
-1.65872
-2.52268
0.754068
0.441056
-6.11049
-0.920644
2.30517
2.99148
-0.326466
1.89006
2.96424
0.640285
-2.78628
-6.01866
-1.66818
-11.2064
-1.14864
-2.11973
-10.8503
0.985939
-2.57256
0.428917
-0.0753072
1.57626
0.111192
1.64404
-4.1683
-0.418239
0.0618992
2.6699
1.08952
-3.04794
0.693054
-5.28584
-2.3713
2.01997
1.01379
-2.25997
1.21291
-1.62494
-2.36976
1.54521
-3.64207
-5.55121
-2.21734
0.985236
1.77973
2.94129
0.804723
1.37648
-3.545
1.1091
-1.81148
-3.30889
0.66248
-2.17095
0.0118982
1.73633
1.37708
0.115486
2.06813
-4.89242
1.41234
0.714829
1.14513
0.0594343
1.51027
1.49494
-2.40479
1.77405
-8.92198
-1.92426
0.153493
2.64777
-2.38348
0.665932
0.235698
0.012383
2.53802
0.19212
2.88498
-4.88901
-1.3052
1.59546
0.217761
0.0696473
0.141758
0.195581
-1.27823
1.10816
1.0321
2.65479
1.14223
1.07493
)
;

boundaryField
{
    SideWalls
    {
        type            empty;
    }
    Top
    {
        type            zeroGradient;
    }
    Inlet
    {
        type            zeroGradient;
    }
    Bottom
    {
        type            zeroGradient;
    }
    Outlet
    {
        type            fixedValue;
        value           uniform 0;
    }
    Plate
    {
        type            zeroGradient;
    }
}


// ************************************************************************* //
