/*--------------------------------*- C++ -*----------------------------------*\
| =========                 |                                                 |
| \\      /  F ield         | OpenFOAM: The Open Source CFD Toolbox           |
|  \\    /   O peration     | Version:  2306                                  |
|   \\  /    A nd           | Website:  www.openfoam.com                      |
|    \\/     M anipulation  |                                                 |
\*---------------------------------------------------------------------------*/
FoamFile
{
    version     2.0;
    format      ascii;
    arch        "LSB;label=32;scalar=64";
    class       surfaceScalarField;
    location    "6.3";
    object      phi;
}
// * * * * * * * * * * * * * * * * * * * * * * * * * * * * * * * * * * * * * //

dimensions      [0 3 -1 0 0 0 0];

oriented        oriented;

internalField   nonuniform List<scalar> 
7520
(
-0.988136
0.801987
0.186149
-1.34714
-0.187164
1.53431
-0.0859886
-1.87975
1.96574
0.227575
-0.0306739
-0.196901
0.186756
1.63728
-1.82404
-0.086981
0.0935986
-0.00661761
-0.31417
2.12353
-1.80936
-0.197427
-1.88849
2.08592
-1.55538
1.46939
0.844812
-0.0926477
-0.752164
0.350669
-0.307927
-0.0427419
-0.254991
-1.62352
1.87851
0.707318
-0.110641
-0.596676
-0.0976525
0.1349
-0.0372477
-2.00305
0.930838
1.07221
0.117228
1.56088
-1.67811
0.191784
-0.098143
-0.0936406
-0.1553
-0.22324
0.37854
0.0345213
0.0221785
-0.0566997
-0.00822744
0.200011
-0.409308
-0.2791
0.688408
-1.07017
1.1874
-0.0306596
-0.309114
0.339774
0.132304
-0.139011
0.00670676
0.0894657
-0.29981
0.210344
0.245957
-0.239792
-0.00616553
0.855277
1.12923
-1.9845
-0.0361565
0.309837
-0.273681
-0.0316865
0.0662077
0.193888
-0.0305801
-0.163307
-1.14765
1.75145
-0.603797
-0.0473511
-0.0180629
0.0654139
-1.84685
2.0184
-0.171551
-0.261098
0.110354
0.150744
-0.291771
-1.25027
1.54204
-0.390405
0.974228
-0.583823
0.25667
-0.530869
0.274198
0.798466
-1.58569
0.787225
0.0868955
-0.308072
0.221177
-0.0437912
-0.0994503
0.143242
-0.0272313
0.254806
0.372974
-0.194826
-0.178148
0.280307
-0.0343495
2.08461
-1.57966
-0.504949
-0.566496
-0.609417
1.17591
-1.50953
1.6257
-0.116174
-0.144722
-0.0431507
0.187872
0.256321
-0.0725634
-0.183757
-1.3372
0.189548
0.267418
-0.0733718
-0.194046
1.80116
0.187746
-1.98891
-0.72536
0.271476
0.453885
0.0358035
-0.027526
-0.00827752
1.05061
0.489732
-1.54034
0.0144014
-0.101382
-0.78415
0.142387
0.641763
0.414774
-1.26848
0.853705
-0.0405693
-0.120457
0.161026
-0.115319
0.0679679
-2.19177
1.11304
1.07873
1.54798
-0.731346
-0.81663
0.0085648
0.142481
-0.151045
-1.28153
0.989763
0.825553
-0.118236
0.0290605
0.00674297
0.00391311
-0.101566
1.12864
-2.31903
1.19039
0.140045
1.66111
-1.24637
0.979175
0.267198
0.308112
-0.232127
-0.0759848
-0.486271
0.901045
0.127507
-0.748023
0.620516
0.332596
-0.0910705
-0.241526
0.243166
-0.368045
0.124879
0.898198
-1.50986
0.61166
0.123683
-0.108251
-0.0154323
1.6987
-0.56324
-1.13546
0.379346
-0.736227
0.356882
1.69053
-1.20064
-0.489884
-0.836871
0.052721
-1.485
-0.706772
1.24806
-0.557618
-0.690444
0.230525
-0.601562
0.371037
-0.304925
0.0438272
-0.423923
0.268622
0.210532
-0.0166447
0.00909954
-0.0472819
0.0381824
0.934865
0.763833
-1.9552
2.26373
-0.30853
0.71885
0.829126
-0.953683
1.11389
-0.160209
0.0048668
-0.0487626
0.0438958
1.36988
-1.62487
0.236744
0.189916
-0.10302
0.385191
0.245292
-0.630482
0.00719986
0.0813193
-0.0885192
-0.512707
0.386354
0.126353
1.3529
-0.454699
-0.720339
0.619246
0.101093
0.948768
-1.52963
0.580862
-0.0854213
0.107397
-0.0219753
-0.0106162
0.0115796
-0.00096338
2.82974
-1.61542
-1.21432
0.521733
-0.406526
-0.58161
-1.31461
0.82834
-1.93218
1.61801
0.161485
-0.0779082
-0.0835771
0.211096
0.139573
-0.153601
0.15242
0.00118039
-0.127784
0.173999
-0.0462154
1.93568
-1.13722
-0.0908316
0.0251747
0.0656569
-0.771767
0.36246
0.0104385
-0.0468764
0.0364379
0.42342
0.824643
-0.791345
0.495737
0.295608
1.35605
-1.77627
0.420222
0.0326117
0.0996925
-0.201398
-0.523963
-0.382741
0.100861
0.281879
1.05115
-0.206334
0.469955
-0.43158
-0.0383751
-0.0443155
-0.0604225
0.104738
-0.154958
0.133348
0.0216097
0.708032
-1.83072
1.12269
0.380541
-0.411201
-0.340127
-0.0497784
0.389906
-0.0334174
-0.0574142
-0.232107
-0.301423
0.533529
0.13955
0.0314602
-0.17101
-0.062742
0.202292
-0.598989
-0.192356
-0.458949
-0.540899
0.999848
-1.07397
2.14336
-1.06939
0.402996
-0.415997
0.0130008
-1.1512
-0.163413
-0.0327511
-0.0492792
0.0820303
1.39404
-0.343438
-0.648559
0.421083
0.227476
-0.00207682
0.114944
-0.112868
0.282176
-0.0726883
-0.209488
0.271596
-2.15135
0.303665
-1.81319
-2.46504
0.750433
1.7146
-0.838835
-0.407538
-1.36126
1.27989
0.0813654
2.03978
0.233783
-2.27356
0.177554
-0.221345
0.305127
0.830402
-1.13553
-0.252661
-0.299467
0.552129
0.234421
-1.59568
-1.85121
0.00435695
-0.00508391
0.0141835
0.0612988
-0.11259
0.0512909
0.278604
-0.319173
1.39132
-0.442548
-0.150107
0.122876
-0.0234271
0.00133071
0.0220964
0.746492
-0.409645
-0.336847
-0.455903
-1.54715
-0.0301639
-0.222498
0.0361229
-0.571605
0.535482
0.291214
0.0864162
-0.37763
-1.58374
0.950189
0.633546
0.831536
-0.64478
-0.0516598
0.441832
-0.390172
-0.296146
0.385611
0.50583
-0.236069
-0.269761
0.902955
-0.517764
0.231329
-0.304701
0.90316
0.300004
-1.20316
0.291871
-0.328028
-0.345925
-1.44967
1.7956
1.29653
0.647919
0.675212
-0.444687
-1.33428
0.943871
-0.680403
0.896592
-0.216189
0.0132632
-0.0346422
0.0213789
0.271085
-0.313324
0.0422393
-1.21523
1.63865
-0.266845
-0.14761
0.414454
0.379912
-0.0886978
-0.844248
0.880371
0.583711
-1.08134
0.497629
-0.500817
-0.0118896
0.663546
-0.406875
0.134095
-0.0104121
-0.426206
0.307023
0.119183
0.0748477
-0.202631
-0.323509
-0.11818
0.441689
0.128255
0.204341
-0.941088
-0.56877
-0.754405
-0.82933
-7.13936e-05
0.0458002
-0.0457288
1.39533
-0.304954
-1.09038
-1.44784
0.373872
-1.17661
2.16029
-0.983677
0.351513
0.154317
-0.425524
0.438885
-0.0133611
-0.765682
0.564284
0.576482
-1.14298
1.75796
-0.0678613
-1.6901
-1.44188
1.87741
-0.435528
-0.0208184
0.0821172
0.429221
1.47662
-1.90584
0.0327992
-0.162625
0.129826
-0.10071
1.78616
-1.68545
0.0015072
0.106935
-0.108442
-0.896419
1.24115
-0.344736
-0.119546
-0.646136
0.0850649
-0.408574
0.278557
-0.160758
-1.75188
1.91263
0.0217276
0.000450914
-1.67668
0.735595
-0.061377
-0.284034
0.345411
0.0642665
-0.108582
0.116076
1.59915
-1.71523
-0.571938
-0.553141
1.12508
-0.490993
0.390555
0.100438
2.62765
-1.70543
-0.922215
0.444542
-1.01648
0.0497045
-0.0534755
0.00377104
0.101356
0.736445
-0.837801
0.0370089
-0.0407405
0.00373165
0.851298
0.802913
-1.65421
-0.231309
-0.48903
-0.0573539
0.162862
-0.105508
-0.920336
0.70052
0.219815
-0.0661961
0.0370417
0.0291544
1.69584
-0.300511
1.05479
-2.00409
0.949298
-2.80262
1.22647
1.57615
-1.16977
-1.63285
-0.374644
0.49381
-0.119167
0.496795
-0.346202
-0.150593
0.833591
-1.67486
0.84127
0.047362
1.05826
-1.10562
-0.803791
0.246173
1.12473
-0.22157
1.17432
1.30364
-2.47796
-0.175662
0.0793466
0.0963155
0.0413271
-0.961663
1.86494
-0.488817
-1.37612
0.13232
-0.0995204
0.149719
0.0899751
-0.188118
1.06018
0.804755
0.166032
0.684439
-0.850471
0.350415
-0.040578
-0.0638061
0.0587076
0.00509846
0.497474
-0.437829
-0.0596444
-1.80324
0.863485
0.939751
0.388949
0.107846
0.746428
-1.20538
0.378154
-0.0104234
-0.367731
0.13192
0.124401
-1.73885
1.67845
0.0604024
1.19153
-0.607819
0.029413
-0.017347
-0.012066
0.00700462
-0.235079
0.228074
0.11636
-0.207431
1.69823
-0.569591
-0.0604027
0.291771
-0.231368
0.00193357
-0.0253607
-0.00769536
-0.300232
0.819292
-0.574
-0.641444
0.688806
-0.326242
-0.0999646
2.12353
0.0180448
-0.019647
0.00160217
0.0162895
0.803003
-0.196017
0.125988
0.0700291
0.0156712
-0.0262874
0.0796511
0.293323
1.62368
-1.31855
0.409579
-0.364173
-0.0454056
0.318749
-1.21517
0.109233
-0.34134
-1.92988
1.76913
0.0382417
0.0114628
-2.12731
0.215201
-0.217278
-0.0594474
0.0394462
0.0200012
-0.598751
-1.20448
1.80075
1.02898
1.72212
-0.771928
-1.62352
0.159025
0.31093
0.152752
-0.132483
-0.020269
0.177295
-0.242355
0.06506
-1.24539
0.635969
-0.196488
-0.252175
0.448663
0.300248
-0.392896
-0.108193
-2.03324
2.14144
0.997044
0.208853
-1.50329
1.29444
0.935801
1.0826
-0.664282
1.58425
-1.15503
-0.050575
0.376654
-0.326079
-0.886368
0.754426
0.131942
-0.180531
0.120129
-0.082231
0.318382
-0.236151
-0.251231
-0.263097
0.514327
-0.532831
1.82936
-0.280233
-0.35028
0.630513
-0.240062
0.0953402
0.257179
-1.21086
-0.047296
-0.0165101
0.00817732
-1.84213
0.973068
0.869064
0.353217
-0.463858
0.00817931
-0.0159846
0.418981
1.11712
1.51052
1.64905
-0.529355
-1.1197
0.114124
-0.0440725
-0.0700516
0.741745
0.948781
0.0798862
0.0728659
0.660465
-2.17633
1.51586
-0.0780551
0.101105
-0.0230498
0.702326
0.650571
-0.211766
-0.0963064
0.72952
-0.563488
-0.569783
1.42506
0.150228
0.0112571
1.69323
-0.337182
0.139341
-0.132141
1.75827
-0.109221
0.0995685
0.394763
0.0148156
0.0172442
0.290868
-1.74444
-0.83177
0.969414
-0.137645
0.00559596
-0.113847
1.77125
0.0220067
-1.79325
-0.694659
0.414426
0.217191
0.0649854
-0.298979
0.0668514
0.0102942
-1.21094
1.54805
-1.568
0.0199506
0.00769822
-0.269494
0.261796
-0.605885
1.30821
-0.807643
1.51567
0.0300367
-0.0223385
0.770734
-0.274996
1.96481
-0.594931
0.00507374
0.116581
-0.121654
-0.0721896
-0.0887705
0.16096
0.110469
0.00365543
-0.316291
-0.729095
-0.171075
-0.22421
0.395285
0.718389
1.42497
-1.68894
1.34302
0.103854
-0.443981
-0.801407
0.928914
-1.1429
1.32657
-0.183668
0.515184
-1.72129
1.62058
1.56854
-0.633675
1.30359
0.781017
-0.0640974
0.265372
1.28268
-1.32041
0.279335
1.04107
0.245144
-0.275724
0.422818
-0.0338688
-0.207451
0.144709
-0.090532
-1.48913
0.490306
-1.24527
0.754968
-1.47518
1.00717
0.468007
-0.0833745
-0.664649
-0.177925
0.18649
0.0846687
-0.00721934
0.155906
-0.148686
-0.53166
0.480001
0.784043
0.784498
-1.44188
-0.0839136
-0.0710439
1.60783
-1.42481
-0.183025
-0.42812
1.90474
-1.64985
2.50974
-0.859888
-0.735512
1.03164
-0.296124
0.0984161
-1.37995
0.06729
-0.413493
-0.264168
0.414238
-0.15007
-0.00887258
0.0204522
1.33808
0.701931
-1.27734
0.575407
-0.031431
-1.54135
1.57278
-0.0507313
-0.102869
-0.00959256
-0.475391
0.484983
-0.470875
1.30801
-0.837138
0.192089
-0.133697
-0.0583918
-0.0655935
0.0461549
0.0194386
-1.96143
1.77427
2.23944
-0.447645
-1.7918
-0.0134012
-0.000849637
0.0142508
0.00876567
0.16853
0.0874728
-0.58829
-0.833892
1.68519
-0.00459385
0.0150324
1.75796
-0.997601
1.09896
0.150592
-0.150592
-0.125399
0.292787
-2.24798
2.25195
-0.944565
-1.30739
-0.900604
0.789009
0.111595
-0.0782798
-0.157444
0.235724
1.02579
-1.19532
0.169529
-0.582836
-0.203787
0.786623
0.706865
-1.99354
1.28667
-0.0901014
-0.796266
-0.207492
0.135302
-0.187898
-0.586135
0.774033
0.756031
0.418733
-1.17476
-1.34099
-0.408902
0.659811
-0.250909
-0.693564
1.05182
-0.358254
1.44934
-1.33326
0.180854
-0.351929
0.0691333
-0.163444
0.40661
-1.23254
1.20075
0.0317864
-1.27183
1.78262
-0.510794
-0.0165597
0.127515
-0.110955
-1.56082
-0.758213
-0.038522
0.00683554
-1.64119
0.46458
-0.359186
0.276955
-0.191572
-0.543939
0.0171665
-0.0952217
-0.794104
1.96842
0.0427059
-0.35182
-1.5153
0.114543
1.40076
0.689829
-0.523468
-0.16636
-0.85185
0.171447
0.211927
-0.552097
0.34017
1.60457
-0.13973
-1.46484
-0.0546681
0.110256
-0.0555881
-0.384236
0.698432
0.838361
-1.53679
-0.581246
1.51208
0.195727
0.664674
0.729371
-0.150087
1.57542
0.182852
-1.41806
1.38663
0.148309
-0.0927621
-0.0555466
0.239786
-0.213843
-0.0259422
-2.01333
0.363484
-0.101954
-0.0928723
-0.607287
-0.224482
0.2539
0.834634
-0.250995
-0.58364
0.185954
0.0943526
-1.19275
1.73357
-0.540819
0.152652
-0.241423
-0.0640205
0.335105
0.241481
-0.505649
-0.178542
0.38623
-0.207688
-0.0401378
-0.0145879
0.0547258
0.838442
-0.626737
-0.211705
-0.0433119
-0.129896
0.173207
-0.280469
0.312081
-0.0316121
0.0352234
-0.353056
0.317832
0.298389
-0.0532454
0.331628
0.0879002
-0.419528
1.49406
-1.02644
-0.958061
0.0486895
-0.240008
0.191318
0.0770639
-0.076613
-0.26765
-0.223343
1.12515
-0.29052
-0.0515857
-1.24536
1.29695
-0.353537
-0.0292035
-0.00733109
-0.591658
0.0583234
-0.123917
0.164505
-0.162998
-1.36236
-0.0339694
-0.0769674
0.110937
1.29741
-0.997404
1.14553
1.09391
0.363526
0.0146282
-0.135386
-1.64113
1.77652
0.737038
0.461785
-1.19882
0.0473531
-1.05045
0.699774
0.350674
0.639914
0.0499145
0.0344684
0.0420296
-0.076498
2.15422
-1.15786
-0.996362
0.12981
-0.293004
0.163195
0.71232
0.402917
-1.11524
0.0687676
0.0974467
-0.166214
1.70948
0.0181121
-1.72759
-0.309532
0.0862929
-0.247433
0.290139
0.046263
0.0198208
-0.0660838
-0.222043
-0.201879
0.0371913
0.0104367
-0.047628
-0.456488
-0.672147
1.12864
1.12585
0.478721
1.00692
-1.05851
0.783053
-1.25393
-1.88318
1.77498
0.0408388
-0.101261
0.252901
-0.613986
0.361085
0.729648
0.992469
1.12486
-1.3437
0.218833
1.22576
-0.561083
-0.125272
0.0811994
0.036096
-0.303626
0.26753
-1.62187
-0.430678
2.05255
-0.40909
0.440334
-0.0312434
0.0040253
0.146567
0.218222
1.41906
-0.1366
-0.039062
0.667105
-1.66364
0.99653
-0.745457
-0.353238
1.0987
1.5684
-0.513605
0.480609
0.567424
-0.866891
-0.254895
0.00482935
0.250066
0.0188614
-0.182169
-0.479803
1.18173
0.00757769
0.0294312
-0.338131
-0.07752
0.415651
0.0201136
1.00568
0.633781
-1.17468
-0.473966
-0.413031
0.513893
0.737408
-0.928981
0.0619606
-0.0367858
-0.149764
-0.0383539
-1.94698
0.920537
-0.0513766
0.0778657
-0.0264892
-0.145455
0.125349
0.0201064
0.2123
0.845962
0.164369
-0.021888
0.0193681
-1.68718
1.66782
0.545321
-0.93157
0.386249
-0.0120662
0.0551297
-0.0430635
-0.717617
1.20792
-0.122779
-0.367037
0.489816
-0.271821
0.483748
-0.992149
1.36061
-0.368463
-0.543676
0.5181
0.0255763
2.11745
-0.0776671
0.256585
-0.318171
0.0615859
-0.460727
0.159305
-0.171024
0.0896988
1.26011
1.00361
0.196416
-1.50043
1.30401
-0.811013
-0.177166
0.988179
-0.245381
0.216977
0.0284039
0.13311
0.0179612
-0.151071
-0.00795697
-0.198076
0.206033
-0.0896547
0.0423587
-1.10916
-0.298529
-0.00128088
-0.124673
0.108163
-0.12192
0.383172
-0.261252
-0.224249
0.258142
-0.0338938
0.000155449
0.170115
-0.170271
0.795753
-0.377084
-0.0668644
0.0195825
0.0982831
-0.703873
0.60559
1.16508
-0.952778
0.0177619
-0.347068
0.329306
-0.918272
-0.611358
-1.38903
1.52907
1.00305
-0.172647
-1.3087
0.826768
0.48193
0.213542
-0.090915
-0.122627
1.75464
-1.75464
-1.58847
0.103469
-0.879593
-0.229108
-0.620121
0.849229
0.588253
-0.540747
-0.0475058
-0.109359
0.0325359
0.0130135
-0.0455494
-0.0030296
0.203007
-0.199977
-0.452712
1.25092
-0.798209
0.392046
-0.0300938
-0.361953
0.797719
-0.699302
-1.07156
0.260546
-0.0386017
-0.208968
0.24757
-0.011658
-1.30875
-0.508236
-1.23605
0.727811
0.500477
0.0162439
0.228053
-0.244297
-0.266365
0.323299
-0.0569339
-0.221992
0.164638
-0.081463
-0.00906243
-0.050385
0.0353798
0.0745503
0.256813
-0.331363
-0.218754
-0.0848719
-0.0314812
0.363109
-0.07704
0.0399594
0.0370806
0.00222407
-0.0247508
0.0225267
0.0800885
-0.0893557
0.00926715
-0.0629557
0.164402
-0.101446
-0.597499
1.35247
0.545262
-1.13415
0.588883
-0.145909
-0.0789307
0.224839
-0.0377201
-2.41023
2.44795
0.887121
-0.553258
-0.333862
0.480595
-0.0463857
-0.19597
0.00601999
-0.0528964
-0.053382
0.183192
0.28513
-0.940702
0.655573
-0.431267
-1.30758
-0.191702
0.820442
-0.628741
-0.0740955
0.0406781
0.396531
-0.2674
-0.129131
0.468262
-0.369979
-0.75633
0.367699
-0.43876
0.0710611
-0.516719
0.320231
-0.162953
0.584036
-0.299921
0.306926
-1.98436
0.368945
-0.282906
0.524387
0.0261099
-0.233602
0.279692
-0.0121614
0.317605
-0.301361
-0.0789306
-1.31652
0.719023
1.98546
-0.199303
-1.75188
2.23877
-1.09089
-1.14787
-0.0747147
0.461069
-0.0803807
-0.75649
0.482742
-0.407894
-0.236672
-0.0182232
-0.590762
-0.397925
0.988688
0.0624032
0.238628
-0.301031
0.0387988
-0.877634
-2.01387
-0.296717
-0.322535
0.619252
0.721586
-0.176265
-0.235237
-0.0372332
0.272471
0.459403
-0.0788612
0.158114
0.0554283
2.01238
-1.30552
-0.901233
0.31047
-0.242314
-0.0495896
0.291904
-0.0437247
-0.108205
-1.08712
0.400585
-0.297856
-0.102729
-0.0816102
-0.0337087
0.917841
-1.18671
0.26887
-0.648755
-0.0547149
1.80936
-0.163726
-0.540148
1.4523
-2.06078
0.608479
-2.06651
1.59416
0.472347
0.144246
0.102971
-0.247216
0.149622
1.17411
0.0027118
0.832548
-0.83526
-0.00246518
0.294236
0.00603498
-0.0194361
-0.0245279
-0.264744
0.289272
1.2636
-1.39899
0.112287
0.309417
-0.297104
-0.0123124
-1.46039
-0.12808
-0.58117
-0.394448
0.443137
0.104895
0.0031837
-0.108079
-0.606865
0.301342
0.305523
-0.376789
0.326214
-1.0998
-0.501391
1.60119
-0.141729
0.0454057
-0.123685
-0.106694
-0.405032
0.511726
-0.308748
1.31592
-0.150472
-0.847326
-0.0532776
0.984035
-0.237607
0.967761
-1.42047
-0.03322
0.0101485
0.0230716
1.06977
-0.556224
-1.26782
-0.337483
-0.0728359
0.410319
-0.0531033
0.197812
-0.0165874
-0.330336
0.346924
0.375137
-0.106515
0.00218624
1.62149
-0.157329
0.295789
-0.0644598
-0.422925
0.40694
-0.174706
0.0693236
0.105383
0.242006
-0.108714
-0.133292
-0.139336
-0.0400193
0.179355
0.337371
0.0267245
-0.364096
0.0624477
0.0422902
-0.198559
-0.0709357
-0.0567922
1.1892
-0.0273228
0.061086
-0.0337632
0.0310135
-0.0656172
0.0346036
0.0117522
-0.443434
0.431682
0.478463
0.247542
-0.656444
-0.0574856
0.350399
-0.0717952
-0.411423
0.115277
-0.127155
-0.0354705
1.78376
-0.980847
0.0769454
-0.202753
0.125807
-1.6123
0.223269
-0.109599
0.0582357
0.0513634
-0.0374371
-0.028759
-0.380217
-1.68629
0.350721
-0.0588499
-0.816468
-1.35986
-0.345043
0.0069123
-0.800857
0.694163
0.970341
-0.729135
-1.27228
1.46869
-1.99731
0.375431
-0.233303
0.117875
0.115428
0.025519
-0.177564
-0.386595
0.564159
-0.19995
-0.0314184
-0.376324
-0.972529
1.34885
-0.6877
-1.12889
1.81659
0.608804
0.335518
-0.944322
0.00331878
0.333372
0.0343273
-0.255336
-0.250313
-0.165926
-0.100952
0.266878
0.196718
0.355411
0.269116
0.127415
0.411922
-0.579623
-0.0199924
0.0380372
-0.595752
0.812496
-0.216743
-0.142085
0.37182
-1.3009
0.0493322
-0.003532
-1.01105
0.286422
0.247107
-0.842984
-0.362393
-0.153718
-0.900935
-0.324336
1.22527
-0.135547
0.618289
0.0351328
0.753876
-0.286035
-1.01415
-0.932826
-1.27138
1.44091
0.0741404
-0.127356
0.00920236
-0.0569434
0.047741
-0.62296
0.565419
0.0575412
0.672394
-0.79194
0.0565971
-0.107974
-1.1552
-0.153502
-0.272735
0.206455
0.0662801
0.658599
0.179843
-1.44801
-0.144486
1.5925
0.0227671
-0.241521
0.313654
-0.120017
-0.193637
-0.227372
0.37069
0.151043
-0.155869
-0.0220738
0.177942
-1.30604
0.817227
-0.237304
0.0373537
-0.168487
-0.124518
-0.31961
0.0369363
0.0250243
0.0748186
0.318776
0.00769051
-0.0737743
0.325048
1.3534
-0.651895
1.95548
1.00908
0.620727
-0.824514
0.0422489
-1.49026
-0.253338
-0.317165
0.374371
-0.0572056
0.143545
-0.0101973
0.0733747
0.0137666
-0.053902
0.12187
-0.167795
1.75129
-1.5835
0.20471
-0.850846
-0.118747
-0.252064
-0.0671094
0.443887
-0.274415
0.347182
-0.0727669
-0.0201415
-1.4625
1.48264
0.633852
0.282189
0.306064
-0.579463
-0.572409
0.946342
-0.373933
-0.0211727
-0.00695622
0.132305
-0.336856
1.05494
-0.718087
-0.0519224
0.0869033
-0.0349809
-0.119423
-0.645328
0.764751
-0.268793
-0.0592349
-2.02929
-0.0116478
0.177847
-0.172773
0.0204875
-0.190422
-0.0468812
0.320041
-0.642576
2.21468
-0.936158
-1.27852
-0.0894992
0.42142
0.162892
0.150761
-0.30671
-0.13205
-0.167956
-0.0158017
-0.270785
-0.0341395
-0.225844
0.837301
-0.956724
0.132442
-0.0912596
-0.0411825
-0.374618
-1.94798
1.06558
0.882399
-1.89558
1.85786
-1.15638
0.353504
0.802877
0.015793
0.20343
-0.219223
0.653561
0.471593
-0.0143093
0.191624
-0.12113
-0.193853
0.0223483
-0.25428
-0.0131205
1.06616
1.14852
0.0497004
0.00900715
1.59917
-1.36538
-0.0249956
-1.39824
1.42324
1.22527
-0.036069
-0.283461
-0.075725
0.548332
0.0454419
-0.244857
-0.0338219
0.45664
0.730368
-1.63881
0.90844
0.0467067
2.37811
-1.45569
-0.922415
0.0125463
-0.246359
0.0889155
1.18233
0.45632
1.19883
-1.09536
1.10275
-1.79045
-1.23139
0.0162222
1.21517
-1.55005
0.0433145
1.50674
0.0299314
0.0782319
2.42467
0.000847014
-2.42552
-0.715024
1.62217
-0.907143
0.0441447
0.213998
-0.975324
0.28176
-0.00303631
0.041278
-1.34451
0.201611
-0.00422003
-0.0107985
0.0150185
-0.0924136
0.218958
-0.126544
0.14799
-0.496676
0.348686
0.519058
0.450357
-0.501727
-0.105138
0.0807788
0.844703
-0.934805
-0.0642928
-0.0482969
-0.244998
0.0509518
0.373792
0.955686
-1.32948
-0.703621
0.909262
-0.205641
0.0543241
-0.404711
0.350387
-1.04048
-1.5935
0.788779
0.804725
0.0856898
0.862039
0.216894
-1.07893
-0.348791
0.213959
-0.236236
0.022277
0.163862
-0.0340358
-0.239438
0.00420018
-0.279547
-1.55613
0.237576
-0.390424
0.787088
-0.396664
-0.673168
-0.661108
1.70023
-0.727159
-0.100611
0.178169
-1.39475
0.0691836
-1.40298
1.3338
-0.0239198
0.0440027
-0.0200829
1.14287
-1.24572
0.102857
0.134254
-0.0193092
-0.0796677
-1.45463
0.781457
-0.591038
1.29081
-0.394458
0.386762
0.289405
0.210344
0.0316626
0.795375
-0.380949
-0.00340852
0.675803
-0.957878
0.433916
-1.80467
0.675781
1.12922
-1.14936
-1.48196
1.31416
-0.186596
-1.44329
0.177939
1.26535
0.597228
0.223214
0.0335562
-0.939376
0.710268
-0.107934
-0.129714
0.237649
-1.93558
0.418447
1.51713
0.368165
0.800377
-1.16854
0.0625033
-1.33388
0.753169
0.11696
-0.870128
-0.175706
0.113466
-0.914873
-0.0721892
-0.0103296
0.0473712
1.48679
-1.46868
-0.0362822
-0.985205
-0.6083
0.73825
-0.0109952
-1.2204
1.10283
-0.240794
-1.62058
-0.00294046
-0.303597
-0.899567
0.326239
-0.131116
1.88318
0.240351
0.158896
-1.24601
0.132777
-0.101317
0.209506
-0.460737
0.317142
-0.531897
0.214755
0.230691
0.0653573
-0.296048
-0.211775
-0.106396
0.203524
0.29395
-1.12149
1.1282
-0.00670337
-0.732544
1.15813
-1.99388
0.835744
-0.541241
-0.0547511
0.0839055
-1.49413
0.153205
1.34093
-0.368768
0.883951
-0.656049
0.694847
0.156621
0.969569
0.5436
-1.01757
-0.815081
-0.188604
1.00369
-0.466617
-1.29769
0.92137
-0.118765
0.122132
-0.00336722
0.0430616
-0.086125
0.966152
-1.44596
-0.757155
-0.108405
0.86556
-0.0899291
0.0599063
0.0300228
-1.08068
0.435349
0.0357985
0.0239258
-0.220826
0.388499
2.18474
0.239932
-0.799602
0.802314
-0.254361
0.0858738
-1.20529
2.00073
-0.79544
-0.073981
0.0610143
0.0730812
0.360506
-0.0207321
0.968299
1.19199
0.644791
-0.919787
0.296492
-2.00192
-0.15957
0.1256
0.159789
-1.15719
-0.239366
-0.947346
-0.200582
0.0504749
0.77229
-0.383791
-1.54787
0.37427
1.24722
0.176656
-1.67939
0.313182
1.36621
-0.0916207
0.462311
0.717185
-1.14733
-0.29455
0.731554
-0.315729
-0.415825
0.846878
-0.286691
-0.560187
-0.170144
0.0364472
0.634674
-0.651604
0.0169303
-1.16155
0.913929
0.24762
0.202491
1.15812
0.000642352
0.104253
0.746109
-0.498567
-1.99274
0.74671
1.24603
-1.91263
1.48196
0.940768
0.754649
-1.69542
0.796957
-0.744236
1.78931
-0.597284
-1.19203
-1.05445
0.16209
-0.0808903
-0.15461
-0.104356
0.183703
-0.0295389
0.106212
-0.0766728
-0.293919
-0.0741261
-1.68674
-0.201747
0.065744
-0.0902719
-0.0289452
-0.0117953
0.992436
-0.501065
-0.49137
0.766365
-0.465023
-0.114509
0.123274
-0.141751
1.26662
-0.00885707
-0.0150627
-0.329398
-0.751279
-1.4596
0.558666
-0.0662543
-0.0727567
0.120091
0.0918544
0.090114
-0.0809116
-0.483805
-0.471771
0.08429
-0.0739293
-0.0103606
0.171736
-0.837602
-0.48483
1.32243
-0.233193
0.042771
-0.105337
1.10435
0.995917
-2.10027
-0.375501
0.984305
0.20415
-0.0812736
0.643644
-0.809678
-0.729705
1.53938
-0.949519
-0.970518
0.572593
0.297514
-0.196229
-0.101285
0.949842
-1.2548
-0.148596
1.79625
-0.638121
-0.172027
0.0993385
-0.410398
-0.723748
0.0875126
2.03321
-1.77498
-0.258223
-0.879756
-0.579844
-0.299569
0.157793
0.063721
-1.02149
-0.213323
1.23481
0.217732
0.0315983
-0.0835207
-1.64494
-1.5504
0.674123
0.876277
-0.154079
-0.00471531
0.158794
0.937888
-0.553281
-0.384608
0.100981
-0.154883
0.0736147
0.0788055
0.817245
-1.91704
0.749935
0.0969431
-0.31348
-0.587752
0.300208
-0.0615795
0.143885
0.274024
-1.11163
0.0262813
0.350373
-0.515614
0.35217
-0.0817291
-0.00437163
0.0861008
0.976056
0.813257
0.560751
0.0605953
0.645732
-0.395633
-0.250099
1.72129
-1.40811
-0.342649
-0.297788
0.139599
0.0242626
0.2051
-0.0468011
-0.284562
0.00413617
-0.122901
0.533704
-0.0307064
-1.79915
-0.0190737
-0.135005
-0.0654011
0.00845773
1.03598
-1.00084
0.869644
-0.431337
-0.438307
0.00369331
0.103703
-0.00860856
0.00438853
0.400891
0.0461057
0.00862006
-0.13533
-0.491406
-2.52296
0.967989
1.55497
-0.0531975
0.00443484
-0.039904
0.0986327
0.1119
-0.268972
-0.283124
0.590992
-1.40067
0.134529
-0.976388
2.08074
0.61561
-0.0637568
-0.551853
-0.647163
-0.499642
-0.0411052
0.0861308
-1.10527
0.493499
-0.734253
0.240755
-0.0366409
-0.107148
0.143789
-0.212347
1.1793
1.33043
-1.3861
1.40811
-1.87913
1.4022
0.476931
1.09561
-2.07199
2.23262
-1.1155
-1.03857
-1.02019
-0.0392388
0.195145
-0.0485278
-0.426863
-1.56271
0.119421
-0.0142626
-1.32944
1.22557
-1.97448
0.748908
-0.050488
0.228042
-0.418973
0.165782
-0.140206
1.02611
1.352
-2.00796
0.80267
-0.171537
-0.777982
-1.34388
0.0995719
-0.20672
1.89558
-1.97325
-0.134118
-1.08569
0.0766971
1.30725
-0.608822
-1.66646
1.73322
-0.066763
0.426631
2.02132
0.429451
-0.0681626
-0.361289
1.79228
-0.68953
0.223194
-0.094625
0.733638
-0.740969
0.0826218
0.127722
0.640917
0.855755
-1.49667
-0.588712
-0.45146
1.03227
-1.07688
0.044608
0.0506389
-0.348495
-1.73206
0.731448
1.00061
1.44492
-0.302057
-0.959059
-0.0921411
0.873644
-1.11125
0.269153
-0.524489
-0.297507
0.412784
-0.621647
0.444083
-1.31001
-0.721501
2.03151
-0.400942
0.427667
-0.357655
0.155776
1.06241
-1.11569
0.0639728
1.36442
-2.01632
-0.223843
-0.477256
0.203852
-1.15663
0.111214
0.690773
0.462466
0.0172505
-0.603385
-1.62042
0.348143
0.0810094
0.350982
-0.431991
0.0666769
-0.302828
1.13405
1.10472
1.24467
-0.975805
0.0609571
-0.115387
-0.322442
0.420996
-0.354917
0.248402
-0.661392
-0.945735
2.04134
-0.27257
0.358259
-0.519978
-1.11311
1.63309
-1.43015
0.715124
-0.0644451
0.352175
0.0795067
-1.44646
-0.0688418
-0.150375
0.643873
-1.202
-1.32096
2.03321
0.553484
-1.38281
1.00766
-0.557307
-0.21042
0.382369
-0.348042
-0.228328
0.24609
-1.57156
0.206843
-0.779252
1.09701
-2.04275
-0.807434
-0.268924
0.428229
-0.110267
-1.55619
0.92256
-1.28495
1.34012
0.686533
-1.49789
0.811356
1.10183
-0.187905
1.87851
-0.91245
-1.06353
1.97598
0.584874
1.24182
-1.02409
-0.649231
-0.901169
-0.927879
-0.95125
0.435443
-0.740368
1.38861
-0.648246
-0.120568
1.3601
-1.23953
-1.01213
-0.963002
1.97513
0.919102
0.11317
0.244382
0.356936
-0.388856
0.271751
0.117106
0.00307429
-0.244497
0.494243
-1.374
-0.735602
-0.378012
-0.244948
-0.208258
0.49468
-0.282233
0.902749
-1.98441
0.805552
1.17886
-0.0349192
-1.63657
1.67149
0.0239524
-0.244831
0.0448538
0.613187
-1.86166
1.86166
-0.0433386
-0.0142235
0.0575621
-0.64339
1.06212
-0.0198409
0.119413
-0.764941
-0.298194
0.653605
-1.3861
-0.0861024
-1.28681
0.289206
1.25962
-1.27128
-1.20726
0.185774
-0.214269
0.496778
-0.282509
0.127445
0.507229
0.290523
-0.0598323
-0.968059
-1.19089
0.181442
1.00944
-1.37471
-0.390802
-0.739891
-1.25399
-0.00920545
-0.146663
0.153418
0.0530043
-0.359714
-0.0355959
0.0432864
0.359483
-0.274384
-0.347263
-0.88107
1.33684
-0.45577
0.321678
0.198439
-0.223796
0.388979
-0.165184
-0.427011
0.163915
0.413142
-0.523443
0.110301
-1.15699
1.91229
-0.971526
-1.33577
-1.78776
0.325264
-1.4841
0.048865
0.988739
1.16548
0.183711
-1.08328
1.16518
0.0355719
-0.0814464
-0.313011
0.653731
0.620303
0.176654
2.02022
-0.923207
-1.06645
-0.758437
1.82489
1.147
-0.0103105
-1.13669
0.0363046
-0.101922
-0.184934
0.168374
0.128691
1.33538
-1.46407
-1.20389
1.14936
0.0545341
1.20389
-1.31416
0.20597
-0.256458
-0.89915
1.01262
0.0708301
-0.0268756
0.0691658
-1.66944
0.166151
1.50562
-0.819083
-0.308253
-0.0632157
0.132539
-0.419431
0.932746
0.244492
-0.0812973
0.626349
-1.34444
0.169875
-0.228267
-0.546862
-0.0546991
0.620722
-2.04955
0.508197
-0.0713674
0.418817
-0.34745
-1.04419
-0.930292
0.0701237
0.670687
0.520843
-0.862104
0.0625021
-0.0935326
-0.311178
0.0992531
-2.09096
1.05239
0.0642557
-0.0168196
-0.284542
0.0779031
-0.00308446
-0.0741136
-1.42107
0.651639
-1.52988
0.878236
0.0568398
0.237372
-0.294211
0.0499086
-0.182392
-1.03332
1.32253
0.627217
0.357088
1.32877
-1.14733
0.177851
0.0393398
1.71429
-2.02834
0.314046
0.11073
-0.515762
-0.807822
-0.0623062
0.363626
-0.436462
0.362865
-0.375026
-1.26125
0.0899512
-0.100964
0.0110128
-1.48218
0.191103
1.29107
0.408297
-0.38553
0.0115885
0.343353
-0.354942
1.17021
-1.1812
-0.335791
0.401148
0.606878
0.242351
-0.295432
0.361712
-0.00935183
0.0500299
0.208486
0.629765
-0.838251
-0.429566
-0.06711
-0.927289
-1.01162
1.93891
0.040817
-0.239288
0.365095
-1.00241
1.85786
0.0234917
0.00202728
0.0419189
0.0461454
0.10829
2.089
-1.02284
-1.22387
0.754194
-0.547351
-0.726865
1.97289
0.0912639
-0.0451582
-0.249072
0.253098
0.0877373
-0.121501
-0.279307
0.178354
-0.280165
0.355587
-0.302582
1.10532
-0.131865
0.209768
0.299531
-0.0714777
0.0356086
0.383196
0.073444
0.47961
-0.753995
0.199013
-0.228039
0.029026
-0.103283
0.147286
0.175673
0.892471
-1.06814
-0.237492
0.107778
0.474514
-0.610061
1.89584
-1.17745
1.01716
0.900255
0.105988
0.555918
-1.09504
0.340912
-0.419773
-0.370243
1.24678
0.765606
-1.49115
1.49115
1.7075
-0.831848
1.08903
-0.0106786
1.52719
-1.51651
0.921914
1.02253
0.791406
-2.10142
0.197588
-1.15431
-1.35349
-0.211014
-1.4297
1.64071
-0.391975
-0.124744
0.0692861
1.09583
0.151778
-0.260492
-0.774184
1.48374
-0.709558
-0.174264
0.256885
-0.0223395
-0.180307
0.820221
2.63078
-1.06978
-1.561
1.62545
-1.47225
1.1267
0.199865
0.0298913
0.000145443
0.036801
1.56235
0.563955
1.14447
0.5891
0.0202285
0.186789
-0.207017
-0.330705
0.206187
0.171925
-0.183652
0.0117267
0.153124
-0.205974
0.0528501
0.518256
-0.437478
0.3243
-0.466384
0.310434
-0.151409
0.0161846
-0.11433
0.00497114
-0.440412
0.479937
-0.0395245
-0.285227
0.255867
0.0293599
1.97325
-1.60509
0.489977
-0.445484
-0.0444929
-1.48679
-0.326556
0.254761
-0.981442
1.90336
0.247434
-0.314543
2.11281
-1.32141
0.235388
-0.299848
-0.149135
-0.160997
-1.34048
-0.0120634
1.5997
1.27544
-1.07159
-0.104141
0.136753
-0.0761
-1.4919
-0.279511
0.273345
0.232382
-0.351129
-0.349642
0.276875
-0.0760048
-1.3357
1.3107
-1.4545
1.47445
-1.17499
-0.462914
0.417509
0.654839
0.371432
-0.384553
-0.0477978
0.0573846
0.340181
-0.397566
-0.357655
1.41784
-0.957214
-1.02998
-2.02702
-0.0736959
0.0697588
0.00393711
-0.000505967
1.43767
-1.43717
1.65761
-1.42003
0.309686
-0.366892
2.11215
-1.01632
0.886229
0.67051
-1.55674
0.216732
0.0277603
0.698068
-0.276647
0.173203
-0.798047
-0.0527986
-1.19857
0.713741
-0.401499
0.20527
-0.163317
0.0836495
0.292776
-0.351626
-1.08622
1.56346
-0.821717
-0.0338023
0.0551124
0.344025
0.707121
0.0445933
0.601139
1.70543
-1.51433
0.288295
-0.34753
1.07939
-1.52194
-0.106313
-0.828492
-0.139043
0.0375961
1.12922
0.258847
-0.0485023
0.0269276
-0.00682121
0.00292528
-0.201484
-0.261684
0.273272
-0.579515
1.6451
-1.21398
1.2033
-0.41695
0.989543
-0.737636
0.0996441
0.168561
-0.111964
0.195098
0.879949
0.692276
-1.57222
-0.900677
0.547439
-0.191206
-1.74437
-0.648912
0.00217683
0.162488
0.150879
-0.313367
1.45109
0.154961
-0.176936
0.15686
-1.77715
1.74223
-0.299299
-0.216315
1.1599
-0.176321
-0.11069
0.28701
1.72992
-1.2736
-0.912378
2.02349
-1.11111
-0.988347
1.6138
-0.625456
-0.318179
0.143915
-0.405412
0.0184774
-0.0958373
0.0773599
0.725832
-0.874196
1.40295
-0.528756
-0.271357
0.0753872
-1.50833
-1.9522
0.965555
0.98664
-1.59977
-0.36248
-0.40246
1.05163
-1.96409
0.271847
-1.02313
1.28569
-1.93461
0.29979
0.487298
1.74899
-1.26838
0.0882563
0.207155
-0.295411
-0.0253301
-0.259316
0.348231
0.00915811
-1.33568
1.32652
-0.126487
-0.405173
-0.00416489
0.0493184
-0.0451536
1.22212
-1.00522
0.570392
-1.36773
0.797341
0.21865
-0.0620285
1.77369
-0.776643
-0.0167796
-0.216822
0.682994
-0.77975
-0.0121899
0.177357
-0.067003
0.35856
0.244845
-0.603405
1.35515
-1.6786
0.323452
-0.298385
0.202079
0.0909677
0.30144
0.631306
1.76204
-0.172432
0.168267
1.64248
-1.59917
-1.95738
0.893848
0.823334
-1.99721
1.17387
-0.965476
-0.471657
1.43713
0.930376
0.769851
-1.62359
2.02834
-0.404745
-1.47847
1.33874
0.208966
0.574885
-0.783851
-0.0567156
-1.03449
1.52692
-0.492427
-1.62359
1.19883
0.476407
-0.124237
-0.116492
-1.04014
0.182564
-0.811305
0.136826
-1.68232
0.848196
0.834127
-0.298128
0.21683
-1.62508
0.49344
1.13164
0.756692
-0.456902
-1.08114
-0.928562
2.00251
-1.17918
1.3358
-0.138747
0.153149
1.59253
-0.754165
-0.614431
1.37826
1.14855
-1.13939
1.6943
-1.21737
1.34445
-1.39299
0.048547
-0.0781881
0.00435459
0.0738335
-0.770318
0.0377743
-1.00651
1.97481
0.382484
-0.120688
0.66004
0.343009
-0.633624
1.56942
0.648879
0.452955
0.517692
-1.48317
-0.997688
-0.954508
-1.68894
-1.34597
-0.805993
-0.87633
1.73554
-1.17908
-0.556462
0.939074
0.0410075
-1.81816
1.60509
-0.363245
0.28752
0.304389
-0.247004
1.32281
0.677913
0.383634
0.134622
1.72563
0.0166063
-0.147326
2.33206
0.788635
0.263182
0.290053
0.954622
0.78173
0.343001
0.868822
0.72204
-1.59086
-0.406628
-1.46193
0.721559
0.266015
-0.112863
0.162181
-0.179724
0.41054
-0.430557
0.307778
0.27791
-0.153031
0.76783
0.737787
1.59115
-1.38516
-0.205997
-0.160434
0.16457
0.546205
-0.0310357
0.0495131
0.023768
0.229272
0.543571
-0.607328
-1.53933
0.720248
-0.41243
-0.201557
0.264402
0.0257369
0.325326
-1.46254
-0.0683019
0.128208
-0.0679284
-0.134703
-0.0677313
0.00787496
0.0598563
0.00876362
0.590713
-0.00231703
-0.01503
-0.310471
-1.19165
-1.04526
0.246375
0.798889
1.62253
-0.455537
-1.167
-1.33014
1.76974
-0.439607
0.732514
-0.112212
-2.01686
1.10448
-0.139025
1.69991
1.83751
-0.887672
0.0338054
-0.183074
0.149269
0.88473
-0.661515
0.0327048
-1.21391
1.53388
1.50824
-0.00149626
-1.78454
1.0261
-1.20746
0.0707647
-0.0221119
0.0129441
-0.175209
0.162265
-0.137408
-0.186251
0.162464
0.0237875
1.84342
0.196781
0.251352
-0.00938588
-0.183703
0.193089
1.5927
-0.862331
-1.63249
1.67349
-0.212162
0.178126
0.114414
-0.99988
-1.04967
-0.800679
1.51964
-0.718961
-0.901818
-1.11767
2.01949
1.71331
-1.53359
-0.179718
0.683063
0.0490014
-1.00367
-0.978972
-1.38993
-0.00305881
0.851088
-2.07537
1.22428
0.209676
-1.80945
-0.720716
1.36959
-0.0607027
-0.428169
0.488872
-1.13221
-0.968058
-1.47318
0.408271
-0.320371
-1.41854
-0.091769
-0.0203834
0.112152
-0.572542
0.420009
0.152533
0.326173
-0.0217841
0.84884
0.6708
0.0481317
-0.00577293
0.0917532
-0.0104339
-1.09084
1.13939
0.000542513
0.143003
-1.09084
1.81172
-0.81925
-0.00626555
0.436252
-0.0858651
-0.954343
1.95287
-0.998526
0.119502
-0.0125671
0.945955
0.617507
-0.297659
1.37639
-0.0159851
0.691359
0.4436
-0.571999
0.128399
2.09034
-1.23925
0.745661
-1.25278
0.0618938
-1.96088
0.779831
-1.48939
-0.361613
0.659409
-0.297796
1.64366
-0.714576
-0.929081
-0.815679
-1.14887
1.96455
0.0615658
1.49233
-1.52379
0.0314564
0.436681
-1.40921
-0.996238
2.10156
-0.14245
-0.408796
0.551247
0.178667
0.949931
0.693725
0.259181
-0.290599
1.71429
0.793677
2.36513
-1.6147
-1.45029
-2.12845
-2.02716
1.10396
-0.352802
-1.25479
1.60294
-0.188691
-0.973481
0.135876
-0.52247
2.29832
-0.583722
-1.60848
-1.80835
0.0931175
-1.56114
0.755145
1.09172
0.931765
0.932313
0.306877
0.533635
-0.840513
1.06018
0.935443
-1.99563
-0.215406
0.659293
-1.31421
1.98515
-0.670944
0.363968
1.26148
0.411049
-0.00410834
0.341114
-0.897195
-0.458952
-0.48175
-1.71514
1.56781
0.849727
0.812854
1.55227
0.342734
0.0989548
1.26825
0.844561
-0.00679507
1.69671
-0.746776
1.59331
-0.952393
0.145575
0.0634133
-1.55531
-0.0600786
2.14635
-2.08627
0.00735571
1.5838
1.52725
-0.747419
-2.24176
0.857552
1.38421
-1.9322
1.11652
0.793783
0.584481
0.0344732
0.168683
-1.352
1.00092
0.612885
-1.54221
0.0877142
-1.4289
0.264013
1.71514
1.51243
-0.77464
0.101863
-0.0108809
-0.0909824
0.966416
0.730291
0.848904
1.15361
0.681351
0.763574
-1.16757
2.01647
-1.49378
0.0289396
1.6901
-1.67349
1.60823
-0.759391
-1.88989
0.798994
0.630984
1.66734
-0.370767
0.832882
-0.462114
-0.268011
0.294292
0.0544764
0.193093
0.0406709
-1.31195
1.09227
-1.29182
0.45997
0.807117
1.22439
0.910776
-0.609337
-0.307016
-0.198275
-0.463342
-1.36293
0.0334936
-1.00673
-0.945804
1.95253
-2.02263
0.843452
2.19022
-0.865789
-1.32443
1.0242
-0.119215
0.30447
-0.185255
-0.429942
-1.97926
0.830395
-1.93105
0.976703
0.80539
-1.96297
1.15758
1.14855
1.54774
-1.03005
0.140215
-0.199141
-0.0119415
0.173747
-0.397543
1.02646
-2.24767
1.2212
-1.04741
-0.737127
-0.784111
0.403999
-0.528743
-0.798346
-1.73694
-0.0441515
0.0085556
-0.359126
0.41631
-1.85599
1.52379
0.332199
1.28523
0.904989
1.20027
0.890067
0.867476
-1.18242
1.24282
1.69464
-2.12979
0.890534
1.49233
0.113445
0.0344046
-1.63249
1.53655
-0.816302
0.969256
-2.58395
-0.1044
0.127454
-1.69902
0.0253355
-0.699643
0.201076
1.63292
-0.910881
-0.0311272
-0.948528
-0.185088
1.13362
1.18242
-0.0338699
0.0158157
-0.0126725
-0.0882915
-0.262208
0.212429
0.212298
-0.259179
-0.283235
-0.0300895
-1.91939
0.912663
1.68598
-0.742105
-1.63726
-0.0408516
2.2446
-1.38705
0.433184
1.98226
-0.930624
1.75022
-0.902024
-0.749032
1.70515
-2.04373
0.876158
-0.801078
0.0445876
-1.26027
-0.743816
2.33583
-1.36658
1.01004
-1.74717
0.219971
2.18326
-0.570002
1.07196
-0.501958
1.47685
1.63998
-0.90395
-0.736026
-0.742893
-0.161273
0.904166
-1.07194
-1.85599
1.51065
-1.328
-0.182642
-0.325603
1.14156
-0.815958
-1.50981
0.952277
0.0270922
-0.0202566
0.00754463
2.13969
1.98252
-0.80705
0.438282
-1.28332
1.29068
0.0748477
-1.46
-1.59417
0.0122287
1.58194
0.632871
-0.821475
1.15339
-1.58466
2.15863
-0.872934
-1.40758
1.40758
0.677767
1.01688
-0.0651277
0.3544
-0.793082
1.7595
-1.47602
1.47602
-2.1872
-1.99781
1.06924
0.457834
0.161412
-1.63502
-0.773084
0.392135
-0.080065
-1.66012
0.0250986
0.462702
-1.05917
1.98752
-0.573778
1.53286
-0.959082
-1.3549
-1.50627
1.29525
-0.0763252
0.44018
-0.582631
1.36898
0.808288
0.684741
1.02276
2.11978
-1.22971
0.893655
0.28041
-0.781361
1.7914
-0.811816
0.160212
-0.914135
1.51065
-1.55454
2.35066
-1.54799
0.944843
-2.05595
-0.793246
1.79386
0.0112996
1.328
-1.31577
-0.125803
0.578727
0.293556
-0.872283
-1.5041
1.5041
1.90301
-1.05815
-0.844864
-1.46868
0.341427
1.02817
-1.65398
1.65398
1.04847
0.854538
0.0464991
1.984
0.322108
0.17467
-1.40219
0.0583134
1.79467
-0.428458
1.99
-1.77352
2.24522
-0.941579
0.894776
-1.11098
-1.31577
-1.57723
1.57723
-1.27276
2.17775
2.13976
-1.24922
-1.94702
0.950658
2.06035
-1.11551
-0.983821
0.658218
-1.92166
1.0304
0.891259
0.339208
-1.90003
0.973966
1.38027
0.80299
-1.28332
-1.4274
1.4274
0.0213396
0.128283
1.20847
-1.24282
0.0343472
1.48748
-1.56781
0.0803358
-1.92875
0.97125
0.957502
1.41471
0.604779
0.149404
-1.20847
-1.48748
-1.21887
1.90361
-1.19468
2.07083
1.77854
-0.752436
1.29068
-0.873185
0.939583
1.00486
-0.898352
-0.949367
-1.12263
0.241262
0.765008
-1.57301
1.26448
-1.19934
-0.593916
0.849664
1.11488
0.952758
1.27986
0.356863
-0.163754
-0.0383509
-1.29874
-0.972304
2.27104
1.05047
0.774414
-1.32341
-1.09291
2.41632
-2.09069
-0.764518
0.348692
-1.88873
0.830579
-0.721148
0.920178
-1.58613
1.83436
1.02218
-1.92053
-0.645982
0.0569977
-0.760231
1.8107
-0.932094
0.925105
-1.11609
1.89214
-0.776059
2.09341
-1.22593
2.12714
-0.936757
-0.910646
1.93283
-0.810755
0.0665194
0.593109
0.883737
-1.04393
-0.03386
-1.42653
-1.04649
-0.802761
0.41897
0.136684
-0.102879
-1.93521
0.937523
0.877196
-0.774622
0.961869
-2.07737
-0.971129
-0.0404242
0.456108
-0.940568
-1.00303
-1.12364
1.9733
0.906927
0.957138
0.978137
0.910043
1.33548
-0.532599
-1.07923
-1.19099
-0.994327
2.18531
-0.86506
1.74501
1.14542
-1.07529
0.761835
-0.287321
0.92596
-2.06949
1.14354
0.181778
-0.959759
-0.54817
-1.12882
-0.96211
-1.07268
-0.0794194
0.389853
-1.05272
-0.882487
0.860367
1.89411
-0.938011
-0.956094
-0.805488
1.92201
-1.00806
0.414317
0.903402
-1.95613
2.33555
-0.98184
-1.35371
1.94431
-0.829425
-0.401056
0.886817
-1.86485
0.978034
-2.23065
0.957883
-1.89071
-1.03371
-0.822005
2.35777
-1.3313
0.324988
-0.0886356
-0.0256946
-1.15141
0.928529
-0.744355
-1.14635
-1.21557
-0.879708
1.9538
-1.07409
0.957652
-2.10907
-1.31047
1.01232
-1.92296
-1.9069
1.01831
0.965973
-2.09479
1.03897
-1.25247
-0.154104
1.40657
1.18949
-2.12625
-0.786847
0.321824
1.05284
-1.89771
0.973615
-2.28408
0.701661
1.38425
-1.443
0.0682926
1.08666
1.08678
0.857528
-1.99683
1.09247
0.904359
-0.0952863
0.388387
0.753174
1.09259
0.844606
-1.86916
1.02456
-1.13646
1.75614
0.0251364
-0.896382
1.9087
-0.378194
0.76191
-0.880008
-1.14491
2.02492
1.17742
0.718415
0.19326
-0.175299
-1.16247
1.9422
-0.855419
0.802339
0.9879
-1.79024
1.39382
-2.31603
2.36743
-1.62494
-1.05058
1.95398
-1.06249
-0.893634
1.13714
-2.13146
-0.205557
-0.959203
-0.905649
1.051
-1.86241
0.811413
-1.6488
1.08552
-1.86158
-0.997723
0.122505
0.106767
0.156274
0.925927
0.854055
-1.81326
-1.14357
0.461388
-0.915216
1.52923
1.10155
-0.932052
-0.983687
1.00176
1.04349
-2.41006
1.50147
0.591944
0.00744522
-1.1506
-0.784002
0.131773
-0.00425808
1.09594
0.877359
-0.771527
1.57982
-0.137952
1.10813
-1.85248
0.944928
-1.88294
-0.820425
-0.740713
0.0239857
-0.453762
0.903216
0.794296
1.06976
-1.86406
-0.846712
-0.912417
-0.197398
0.247401
0.999081
-1.93965
-0.0545265
0.555909
0.881225
-0.174752
0.091975
0.0827766
-0.0190863
0.792648
1.01806
1.95347
2.09564
-1.18559
-0.682592
1.96927
-1.17475
0.69933
1.11726
1.25193
0.0674328
1.87981
2.20982
-0.93102
-1.17805
0.0553157
-0.0897212
0.0344054
-1.36542
-0.113048
-0.145148
0.506233
-0.753447
1.44734
-0.111968
-0.376537
0.202427
0.17411
0.0332708
-0.0245691
0.00756271
0.0156182
0.879378
0.816619
0.0989105
1.06627
1.5634
-0.781944
0.283676
-0.294099
-0.0100408
-0.00418273
-0.653018
1.69198
0.857524
0.0928908
-0.501687
1.96983
1.1125
2.07459
-1.14948
-0.860353
-0.8025
1.88916
0.10974
1.24541
-2.00362
-0.959157
1.15315
-1.85199
0.698833
0.020553
-0.381153
0.0262113
0.783828
1.8588
-1.27297
-0.585827
-0.139391
-1.35439
-0.117446
-1.08982
0.685508
1.30201
0.059814
-1.93046
-0.0992877
-0.0472696
-0.0723072
0.119577
0.641868
-1.15837
1.43612
-0.277754
1.81421
-0.4794
-1.33481
1.07731
-0.063732
1.40466
0.946153
1.17621
-0.885691
-1.4788
-0.492964
-0.500963
0.993927
0.102396
1.01215
-0.455668
0.393897
0.0617713
2.3065
-1.39957
-1.23163
-1.02141
-0.825648
-0.470855
1.2965
0.0735217
-0.996013
-0.123033
0.439509
-1.61072
1.78032
-1.3601
-0.834871
1.22326
-0.106823
0.0500303
-0.241757
-1.29554
0.137178
-0.693713
0.478307
0.0932912
2.24425
-0.968712
-1.27554
0.787625
-1.03279
1.35806
0.264716
-1.15243
0.887718
0.955965
1.15618
0.103858
1.64265
-1.15484
-1.09283
-0.0955506
0.106485
-1.84272
0.0262857
-0.0380873
-0.824668
0.102127
1.36464
0.87961
-0.326955
1.72045
-1.3935
1.02336
-0.504836
0.191808
-1.54529
0.267376
-1.01822
0.750846
1.30092
-1.65606
-0.882465
2.10624
-0.899131
1.86689
0.479023
-0.364608
-0.0246082
0.0246082
0.165844
-1.17107
-1.08964
0.518168
-0.0946544
-1.08011
-1.19274
0.360357
1.84309
0.150491
0.214604
-1.07282
1.9034
1.05351
-1.90892
-2.12002
0.941972
-0.135386
0.0138858
1.03431
1.37593
0.173374
-0.904719
0.469053
-1.18696
2.11549
-0.124104
0.0501229
1.02286
-0.144738
-0.518643
-1.34302
-0.857082
1.91059
-0.0412507
-1.51887
0.747344
0.0236529
0.929898
-0.103048
0.191159
-0.0881115
0.919446
-0.109528
-0.3125
0.245497
-0.0369608
0.0369608
-0.782508
0.494565
-1.70155
0.960837
0.0225379
-0.0350921
-1.17387
-0.0305273
-0.226503
-0.0954731
-0.0525561
-0.54192
1.62997
-0.651834
-0.120031
-0.404776
1.01796
-1.12197
-0.35496
0.0159626
0.338998
-0.0791225
-0.094881
-0.0791547
-0.37812
0.343981
1.62706
-0.80267
-0.27867
0.816339
1.32479
0.920423
-0.308726
-0.0678109
-0.165099
0.976952
-0.124072
1.6412
-0.435238
-2.14952
2.58476
-1.09536
0.506033
-0.067466
-0.0627788
-0.0777838
-2.36828
-0.0949522
1.08562
-0.204455
-0.881161
-1.58444
0.112194
1.67101
-0.152103
0.0712123
0.419711
-0.565267
-0.582245
-1.84327
-0.0314895
-0.103897
-0.0919406
-1.02244
0.457176
-1.3127
1.24593
-0.0545391
1.03631
1.29603
-2.33234
-0.162846
-0.204885
0.534234
-0.292897
-0.0748667
-0.831733
0.460966
-1.22811
0.187969
0.309888
0.531582
0.190004
1.00039
1.29292
-2.29331
-0.0863704
-0.576812
1.2475
0.990812
-1.00661
-0.933037
-0.0741156
-0.490865
-0.0609882
0.730954
0.0553187
-0.192866
-0.33903
-0.753863
-0.166401
-0.0633307
0.436883
0.129298
-0.0239152
1.04631
-0.0705756
-0.778323
0.956262
-0.261276
1.35883
0.596652
0.475393
-0.841348
0.00453474
0.954626
-1.80143
-1.12198
2.30129
-0.113031
-0.185498
-0.172432
1.20205
-2.32403
1.30874
-0.840732
1.18256
-0.0795008
0.293499
-0.705518
-0.5863
-0.115877
0.0392043
-0.833566
1.19043
0.465373
-1.29102
-1.62232
0.228821
1.60865
-0.827333
-0.781314
0.650405
0.252344
0.208676
0.464421
-0.673097
-0.985366
0.492402
-1.48514
1.68568
-0.16679
1.38126
-2.38242
1.00116
0.881136
-0.705463
0.00613846
-0.117094
0.270999
-0.152714
-0.415606
1.14624
-0.730634
0.859979
-1.29028
0.430299
-1.06701
-0.891146
1.89162
-0.920375
1.07768
-2.4314
1.23561
-0.552614
-1.32226
1.90085
0.189569
0.151092
1.36477
0.431041
0.820557
-1.2516
-0.405767
0.153592
-0.0361233
-0.954207
-0.919019
-0.749141
1.66816
0.475173
-0.774823
-0.13295
0.00166142
0.131288
-0.369349
1.87987
-1.43642
-1.95242
1.31233
1.34145
-0.0149285
0.613733
-1.57282
0.181952
-0.285
-0.0340343
-1.5521
0.4462
-0.572688
-0.54317
-1.22719
-1.76826
0.617658
-1.44107
-0.191643
-0.239937
0.885027
1.05942
0.214428
0.871188
-1.52047
2.55678
0.977432
-1.10551
-0.0208345
0.372384
-0.691613
-0.616044
1.30766
-0.00922967
-0.069701
1.94201
-0.451995
0.0240274
0.0124104
0.981741
-1.2003
-0.0200979
-1.36443
-1.26101
0.292947
0.376804
-1.21167
-1.0168
1.90806
2.37371
0.126772
-2.40725
1.33746
0.885605
1.01847
-0.540401
0.479698
-2.47438
0.918997
0.406628
0.964784
0.226849
-1.59247
1.82129
0.0172745
-0.0108867
-0.00638784
1.19842
-0.933701
-1.14734
0.0420672
0.417845
0.314669
1.56192
0.584766
-0.728197
0.0489404
0.958587
-1.15735
-0.902791
0.616099
-1.39957
0.884055
1.01695
-1.46874
1.55645
-0.973544
-0.968732
1.72701
0.46096
-0.870396
-1.93529
0.976132
-0.0682769
-0.593563
0.283092
0.210181
0.718733
-0.0957069
0.00393788
-0.0742048
1.08437
-2.41567
0.964461
-0.430757
0.575148
-1.6052
-0.918298
1.41254
-0.0236178
-1.19029
-1.29357
0.22198
0.137723
1.13184
0.203953
-1.36933
1.47559
-0.106259
0.537867
1.11108
-1.64894
-1.06087
0.349537
-1.05407
-0.361315
1.41538
0.768329
-0.974663
1.07869
1.04018
-0.583
-1.6465
0.0215653
0.901169
-1.95806
-1.34703
0.997667
-1.54495
0.54728
0.80816
-0.938595
-0.122684
1.06128
-0.339017
0.262336
0.0154843
-0.277821
-0.582132
0.169702
0.01305
1.69726
-0.942607
1.90101
0.253363
-0.0783621
-0.175001
0.154626
-0.102207
0.0518225
-0.409936
-0.549322
1.26306
0.323956
-1.13991
-0.874794
1.10155
-0.458296
-0.643254
-0.033297
-0.052828
-1.95303
-0.569204
0.815579
-1.1368
-0.230929
-0.938006
-1.31477
1.21497
-0.630097
-1.8014
-0.705988
-0.00174203
0.216943
-0.406501
-1.09295
0.539668
1.70629
-1.09256
-0.763304
0.268587
0.642189
0.745499
1.04836
1.72232
0.569131
-0.951074
-0.906429
0.681946
-0.790667
1.34933
2.2981
-1.29772
0.817062
0.160578
0.323551
-0.339396
0.0158449
0.100259
-0.00117638
1.01852
-1.3687
-0.816644
1.08202
-0.665608
0.847051
0.108972
-0.0208393
-0.726909
-1.01834
0.268726
0.749615
1.48188
-1.66066
0.178776
-2.00736
0.746117
0.174394
-0.442044
1.18869
-0.627941
-0.0403888
0.00183978
1.32816
-1.23853
-0.0896277
-1.17647
0.0866579
-0.350811
-1.12274
-0.0433176
-0.41477
0.458088
-0.0311214
-0.054981
0.20797
0.142445
-0.171928
0.612108
-1.46425
-0.423552
1.05077
0.46346
0.196351
-0.0185042
-0.572198
1.24792
1.05337
0.9495
-1.38469
-0.0259402
0.0527384
-0.0527384
0.622913
-0.413407
-1.06226
0.817879
-1.43392
-0.0239865
-0.292496
1.02894
-0.0212394
-0.323624
-0.966655
1.6045
-2.27759
-0.326377
0.998573
0.251561
0.551442
1.06977
-0.417721
0.287841
0.12988
0.897557
-0.00241181
-0.895145
-1.0391
0.400637
-1.49563
1.09499
-0.168543
-1.04869
1.11572
-0.067023
0.482861
-1.53693
-0.880842
-0.173507
-1.00708
-0.0444739
-1.22387
1.22337
-1.35905
1.31396
0.0450918
0.256973
0.222049
0.494123
-1.54061
1.24198
-2.36723
1.12524
0.0200517
0.000480865
-0.270234
-1.12649
0.569182
-1.56041
0.139332
0.93414
1.10219
-2.03633
-0.371606
0.934511
0.104935
-0.0302155
-0.07472
0.0803222
-0.0803222
1.20613
0.300096
1.1686
1.23075
0.365327
-0.910703
0.075443
0.173481
0.521102
-1.12481
2.05471
-0.106138
1.58802
-1.57487
-0.416148
-0.0755579
0.161659
-0.635162
-0.719108
0.238956
0.480153
-1.23044
1.24975
-0.0193132
0.624616
-1.33013
1.02966
-2.1223
1.09264
1.62022
-0.111601
0.175322
-1.37676
-0.090133
0.121731
-1.09565
1.15754
-1.17317
0.224641
0.988394
0.168161
-0.964427
0.167816
-0.480828
-0.0576351
0.326607
-0.0792056
0.856434
0.763785
-0.15781
0.16201
-1.51615
-1.50481
1.51508
-1.50632
-0.916185
1.68604
1.12784
0.705027
-0.0722356
1.19553
0.407405
0.872622
0.187122
-0.0743646
-0.327134
-1.23995
-0.0977231
-1.26671
-0.937855
-0.0181873
0.0181873
0.688312
-0.218979
0.920249
-1.83927
0.00555462
-1.72324
0.00400382
-0.00400382
-1.23239
1.43917
-1.00887
-0.00417548
0.00417548
0.403022
1.25809
-0.0111679
0.403354
-0.0137592
0.0137592
0.943961
-0.0174908
0.0174908
0.0344274
1.27076
-1.30519
-0.135154
-0.025684
0.025684
0.214565
-0.0182294
-0.0652875
0.0835169
0.0309631
-1.20595
0.864574
-2.09051
-0.44284
0.0285754
-0.0285754
-1.68842
-0.542465
-0.483577
-0.31921
0.962654
-0.643444
-1.22392
0.0657142
-0.0657142
-0.00358558
-0.103237
-0.0279993
0.0279993
-0.452181
-0.615963
-0.0873239
0.0873239
-2.2047
-0.982834
-0.0296079
0.0296079
0.272695
0.971077
-0.0878664
0.0878664
-0.0279378
0.0279378
-0.317825
-0.0910984
0.0910984
-0.0281039
0.0281039
-0.596402
0.805368
-0.100538
0.100538
-0.522444
0.100505
1.46185
-0.766168
-0.0786502
0.0786502
-0.0385745
0.0385745
-1.31845
-0.145621
-0.660525
-0.773399
-0.113123
0.113123
0.65307
0.0764499
-1.45569
1.7652
-1.32569
0.363743
-0.284749
-0.0789945
-0.157139
-1.38815
0.0509722
-1.01052
1.26187
0.523425
0.289071
-1.95048
0.93416
-0.0859961
-0.303526
0.389522
0.0326451
-0.0326451
0.00823649
0.0397078
-1.23
0.168174
-0.488545
0.146567
-0.135987
0.135987
-0.132423
0.132423
-0.124624
0.124624
-0.115373
0.115373
-0.122022
0.122022
0.991391
0.239364
-0.120741
0.120741
0.0884986
-0.0884986
0.0420653
-0.0362435
0.0362435
0.218156
-0.0677942
-1.24096
1.18355
-2.05649
0.70986
0.930852
-0.073561
0.073561
-0.0401566
0.0401566
-0.0592855
0.0592855
0.420801
-0.407035
0.372353
-0.0213715
-0.0493839
0.0493839
-1.28074
0.0262572
-0.0262572
0.637056
1.32463
-0.53352
-0.316951
0.730979
-0.0340873
0.0340873
-0.0316912
0.0316912
-0.0275447
0.0275447
-1.52212
0.772979
0.327346
-0.271611
-0.0557343
-0.00532298
-1.2698
0.14783
-0.0333012
0.0333012
-0.24134
1.28074
0.146662
-1.16744
-0.00185006
0.00185006
-1.13997
-0.0346611
0.0346611
1.89394
-1.69884
-0.00871448
0.00871448
-0.0341215
0.0341215
0.0713247
-0.0713247
0.888449
-1.85998
-0.00282243
0.00282243
-0.0346023
0.0346023
-0.512082
0.903396
-0.391314
0.991906
-1.81116
-0.655921
-0.417498
1.07342
-1.38775
-0.072256
0.696051
0.995933
0.0111
-0.0111
0.0960067
-0.0960067
-0.0279847
0.0279847
0.871777
-1.64842
0.850803
-1.97561
-1.42153
1.42153
0.747378
-1.32855
-0.189924
-0.112658
1.37255
0.0164229
-0.0164229
-0.036162
0.036162
-0.970952
-0.492667
0.01874
-0.01874
-0.0398553
0.0398553
0.555842
-0.596947
-0.150287
0.397394
-0.0415897
0.0415897
0.0194962
-0.0194962
-1.53141
0.777545
-1.75094
0.718143
0.0102204
-0.0102204
-0.100105
0.00983323
-0.0471857
0.0471857
0.0225325
-0.0225325
-0.0367736
0.0367736
0.0187614
-0.0187614
-1.2046
1.01245
-1.26483
-0.0471195
0.889688
-1.71436
-0.0351347
0.0351347
0.0248644
-0.0248644
-0.055678
0.055678
0.0698705
-0.286693
0.522913
0.012318
-0.012318
0.525773
-0.731415
-0.0372009
0.0372009
0.130903
0.141261
1.49994
0.103141
-0.931633
0.01585
-0.01585
-0.0383813
0.0383813
-1.37738
1.34335
-0.696941
-0.750289
1.44723
-1.41233
-1.16952
0.758335
0.0530401
-0.325725
0.272685
0.017683
-0.017683
0.00838062
-0.00838062
-0.035007
0.035007
0.594411
0.249541
0.409868
0.101719
-0.614604
0.512884
-0.390715
0.464159
-0.189848
0.230398
-0.0405504
0.0567338
-0.0567338
-1.41161
1.41161
-0.0347177
0.0347177
0.483234
-0.410626
-0.403644
0.0565752
-1.1056
-0.024416
0.024416
0.0603933
-0.0603933
-0.142907
-0.0783008
-1.02735
1.53796
-0.00795393
-1.21596
0.769498
0.0316769
-0.0316769
-0.121232
0.0390696
-0.0390696
1.39432
0.449101
-0.556833
-0.222526
-0.567042
0.421894
0.379698
-0.440686
-0.0796416
-0.209803
0.405878
-0.196075
-1.90635
1.12235
0.0372424
-0.0372424
0.332474
0.733582
-0.0419273
0.0419273
-0.732786
0.799306
-0.999903
-0.0790294
0.0170105
-1.22161
0.0436118
-0.0436118
-0.0425697
0.0425697
-0.042604
0.042604
-0.0487425
0.0487425
-0.0444844
0.0444844
-0.0461458
0.0461458
-0.0441371
0.0441371
0.247781
-0.194289
0.0451536
-0.0446723
0.0446723
0.849967
0.0521568
-0.0521568
-0.445903
0.40141
0.247165
0.044937
-0.044937
0.948276
-1.81334
0.314477
0.0544614
-0.030434
-0.0920803
-0.324643
0.416724
0.0447362
-0.0447362
0.633271
0.0401143
-0.0401143
-0.160486
0.0338368
-0.0338368
1.36819
0.845879
0.0812964
0.0214264
-0.0214264
0.286357
0.689295
0.393923
-0.535017
0.141094
-0.000839385
0.000839385
-0.115814
-1.05525
0.108848
-0.228179
-0.274704
0.184571
-0.916235
-0.0674521
0.920762
-0.387127
0.488292
0.0793706
-1.15383
-1.11882
0.189778
0.504386
0.0198054
0.0181151
0.821297
0.265921
0.0342869
-0.127135
1.13406
1.14985
0.065867
-1.21572
0.942355
-0.418931
0.220872
0.894059
-0.830105
-0.0639544
0.421837
0.0457988
0.000700291
-1.34967
0.960427
0.389247
-1.46457
0.860771
-0.987383
-1.53092
-0.0561104
1.58703
1.37183
-1.21752
-0.939966
-0.914259
-0.997605
-1.38671
0.0180111
0.0650402
-0.0650402
0.123831
-0.275393
0.618127
0.371124
-0.13455
0.418226
-0.00964186
0.00964186
-0.149215
-0.798
-0.116135
-1.02114
0.722252
0.221709
0.267752
-0.335915
0.68383
-1.46577
-0.25241
-0.0233132
0.658795
-0.551787
-0.567033
-0.81081
-0.265949
-0.494957
-0.0821851
1.9014
1.29649
-0.0257284
0.0491277
-0.34666
-1.44208
0.595274
-0.13744
-1.06841
1.71633
1.36849
-0.142731
-0.100261
-1.62733
-1.28622
0.223958
0.368975
-0.00434163
2.42087
-1.50045
-0.0118163
-0.00902299
1.3037
0.373319
-0.466852
0.0630587
-1.10283
-1.20704
0.67444
-0.397896
-0.857987
-0.549516
-0.704412
-0.045661
0.045661
0.00862792
-0.00862792
-0.995264
0.393887
-0.595035
0.201148
-0.576732
1.14533
-0.680522
-0.848444
0.165671
-0.59384
-0.99704
0.212871
-0.253295
0.555228
-1.53558
1.4419
0.0936822
-1.13744
1.01476
1.06087
-0.489985
-0.570882
-1.09537
-0.0801166
0.0245284
1.00922
-1.23038
2.09495
1.20788
-0.421236
1.18957
-0.276167
0.229366
1.18693
-0.479805
-1.08439
1.08439
-1.28808
0.213344
-0.113937
-0.0994079
0.659283
-0.179673
-0.513426
0.340994
-1.51282
1.54428
-0.506459
0.290144
0.861286
-0.964539
0.103253
-1.75809
-0.393451
0.207832
0.140399
0.99704
0.677285
-1.30958
0.632297
0.283601
-0.00499926
0.294125
1.08181
-1.37594
0.876277
0.111489
-0.568971
0.0740143
0.299275
-0.155359
0.176662
0.00146339
-0.112853
-0.277949
-1.23759
0.306135
1.79267
-1.25843
0.337396
-0.0355332
-0.483961
0.519495
0.206742
-0.704526
0.497784
0.286004
0.0554158
-0.0554158
-0.170453
0.614536
0.641937
1.16573
-1.16573
0.278842
0.0441426
0.227958
-0.475946
1.0399
-0.108077
0.525586
0.318631
-0.116552
2.32872
-0.998283
-1.08697
0.201284
-0.0704975
-0.289315
0.359813
0.258809
-0.46317
-0.491388
0.00758338
-1.17959
0.0121518
1.15761
-0.652183
1.16594
-0.51376
0.303667
-0.0868371
0.942421
-0.117255
0.00866596
0.825478
-1.9183
1.00805
0.901048
0.107004
0.987143
-1.01144
-0.0088187
-0.0335804
-0.21883
1.00347
-0.897969
-0.105498
-0.523501
0.399264
-0.155098
-1.77759
0.529551
-0.172865
0.356652
-0.0943161
-1.27276
2.19176
0.00407317
-0.0856833
0.0803411
0.807696
-0.810108
-0.0381965
0.0381965
-1.47106
0.370978
-0.0834578
2.02103
-0.419131
0.646812
-0.10198
0.0745103
-0.0263787
0.454328
-0.0124963
0.111423
-0.0625575
0.24751
0.125073
-0.576137
0.451064
0.0246383
-0.0246383
0.0720606
-0.0720606
-0.80045
1.79236
1.07804
-2.17095
-0.0194132
0.0194132
1.01144
-0.472867
0.387002
-0.160297
-0.738273
0.89857
-0.448928
-0.119436
-0.354656
-0.648783
0.252118
0.268408
0.42
0.662357
-0.409716
0.828686
-0.00915261
0.00915261
-1.3093
1.71671
-0.107279
0.107279
0.0413224
-0.119945
0.420429
-0.300484
-1.08382
-0.141214
-0.238812
-1.08201
0.200854
0.496128
-0.137568
0.45019
0.475493
-0.234206
-0.376019
-0.00210114
-0.292488
0.441113
-0.148625
0.70976
-1.31785
0.1431
1.76447
-0.78752
-0.266955
-0.160628
0.427583
-0.148245
0.594445
0.00639741
0.0654642
-0.0718616
-1.27815
-0.204437
0.184053
0.621874
0.0320965
-0.0275618
-0.830122
0.00605294
0.0515091
0.410264
-0.61182
0.155742
0.00683233
-0.106937
-2.10271
-1.00151
1.35441
0.233611
0.00525059
-0.00525059
-0.141701
-0.901293
-0.0303402
-0.113216
1.08965
-1.76059
-0.0399277
0.178105
-0.138177
-0.0531992
0.0531992
1.89987
-0.481811
-1.41806
-0.327549
0.43828
-0.792756
0.376608
0.164144
-0.045474
0.203588
-0.0965444
0.276737
-1.36055
-0.809396
-0.0634907
-0.906321
-0.120415
1.62652
0.0224957
-0.0146918
-0.00780391
0.565603
0.343412
0.459032
1.00078
-1.80123
0.282946
-0.207559
-0.248346
-1.31477
0.65717
0.605893
0.0951297
-0.0951297
0.804355
0.256923
-0.441825
-0.3837
0.127808
-0.182649
1.17404
-0.184882
-0.534226
-0.314219
1.38383
-0.979584
1.80506
2.32866
-0.202085
0.162119
0.283939
1.73367
-1.25828
-1.15282
1.39866
-1.56451
-1.6135
0.070198
-0.319589
0.0440822
0.275507
1.42928
-0.0989509
0.0528436
-0.947989
-0.0153847
-0.123658
0.314325
-0.20088
-1.54153
0.153379
0.74288
-0.12668
-0.83308
0.148899
2.05482
-1.09886
0.60754
-0.915793
0.310677
0.0617072
1.46382
0.129658
-0.294324
-0.254018
-0.175924
0.561161
-0.476849
0.121967
0.397188
0.861391
-0.123285
-0.232739
0.356024
1.08877
0.668388
1.47796
0.450571
-0.123795
-0.121232
-0.103487
-0.235142
0.33863
0.217845
-1.30752
-1.05971
0.00393788
-0.0953336
0.435515
1.08035
-0.540683
-1.06203
0.00757039
-0.0363293
0.167528
-0.463101
1.22354
-0.0898122
0.111152
0.289255
0.484778
-0.695537
0.644153
-0.405198
-0.313912
-0.0944903
0.408403
-0.940016
-1.09632
0.0653938
-0.00211251
-0.0145144
0.0558368
0.916675
-1.58976
0.673087
0.233357
0.313925
-0.547282
0.41862
-0.579616
-0.973961
1.23998
-0.0416152
-0.0261161
-0.0313351
-0.346623
-0.116719
0.358322
0.348659
-0.419595
-0.23637
-0.0694164
0.305786
1.1431
0.156786
-0.156786
0.608745
-0.0939839
-1.48089
-0.10006
-0.239336
0.697224
-0.424529
-0.14553
-0.383213
-0.00753528
0.00753528
-0.214116
-0.130295
0.344411
-0.40926
0.321685
-0.00958368
-0.12467
-0.272872
0.472763
-0.876034
-0.601718
1.12444
-1.33
0.129679
-1.0251
-1.18754
1.86319
-1.34502
-0.147557
-0.315544
-0.267074
-0.298822
-0.681573
1.34393
-0.200538
-0.382092
-0.229595
-0.224533
0.454128
-0.250307
0.424702
-1.12309
0.878846
-1.94088
-0.341394
0.357012
0.00292528
-0.338285
0.253072
0.632532
-0.990955
-0.102998
-0.148687
-0.190018
0.338705
-0.0470788
0.679483
0.389341
-0.286945
0.389954
-0.150645
0.945189
0.000576149
-0.431219
0.910678
-0.479459
-0.174879
0.45857
-0.283691
0.0705669
-0.2816
0.0199157
0.675698
-1.40389
-0.741414
-0.436372
0.725628
0.25309
-0.220956
-0.032134
1.06753
-1.06753
-0.00160867
-0.0290858
0.187773
0.201749
1.20162
0.259889
-0.121259
-0.13863
0.176242
1.66596
-0.794179
-0.71719
-0.133356
0.353327
1.44292
-0.608374
1.60916
0.00167016
1.02233
0.844561
-1.60368
-0.158721
-0.00922286
-0.0756901
0.084913
0.31169
-0.003232
-0.389454
0.275141
-0.000166113
-0.143264
-0.0995484
-0.0345013
0.0345013
-0.196463
-0.199888
0.396351
0.201534
-0.242785
1.34562
-0.00943981
0.00206617
-0.93749
-0.224309
0.193781
0.277105
-0.371986
0.209103
-0.758655
1.60051
-0.187706
-0.423936
-0.56143
0.381659
-0.193885
-0.338841
-0.0765395
0.0772398
0.240889
-2.05805
0.579107
0.668392
-0.293691
0.226225
-0.0676125
-0.0345949
0.537495
-0.156778
0.363532
0.527361
-0.890893
-0.103835
0.197126
-0.394538
1.35538
-0.841845
-0.418939
1.00371
0.429828
-0.368057
-0.219243
0.106585
0.736871
-0.507924
-0.842491
1.55761
0.419277
-0.591204
0.138993
-0.125107
-0.0322785
0.287909
0.28928
-0.428396
1.41816
0.905216
0.821789
-0.0167255
0.768553
-0.482682
-0.285872
0.300403
0.421716
1.70833
-1.25814
0.315685
-0.390551
0.779531
1.01283
-0.444064
-1.30384
0.116301
-0.00359846
0.203972
0.216957
0.00989187
0.131174
0.0105801
0.604405
0.00356323
0.00779936
0.00925138
0.0233583
-0.00664917
-1.37181
1.98213
-0.405971
0.0149377
-0.485758
1.05494
1.30005
-2.03704
0.736984
0.000622757
0.0288084
0.0142754
-0.257696
0.0384527
0.006394
-0.006394
0.131744
-0.0397687
-0.955299
1.57992
-0.0290858
-0.235033
0.715186
0.00990158
-0.686196
-0.438495
0.342944
0.288598
0.0152967
-0.787648
-0.270234
-0.00543401
-1.34085
0.0326505
-0.274407
0.0065426
-1.33239
0.277141
0.217478
-0.351596
0.819623
-1.60727
-1.10997
0.242684
-0.147886
0.147886
-0.00160994
-0.0517605
0.00750804
-0.150363
0.155828
-0.0570416
1.798
0.45708
-1.05833
1.85349
-0.00135997
0.319208
-0.0498021
-1.15615
-0.0583221
0.0400926
-0.119494
-0.257708
-0.22312
-0.126277
0.0194183
0.10879
-0.0698879
-1.16011
0.825669
0.000539674
0.073125
-0.381851
0.95858
1.60629
-0.875314
1.10866
-1.09165
0.619708
0.284458
0.363035
0.434776
0.38709
-0.241412
0.220172
1.35298
0.0147858
-0.657574
-0.559916
0.156061
-0.182001
1.25355
0.0580687
0.421629
0.37392
-0.417237
0.123137
-0.450686
2.1789
0.110514
-0.30383
0.0190817
0.00150592
0.430476
-0.578065
0.147589
-1.13603
-0.779009
-1.01541
0.110977
-0.0711479
-0.0398294
0.465237
-0.856551
-0.0608652
-0.834237
-1.78057
-0.00899757
0.632617
-0.991743
0.126465
-0.00173438
0.000756204
-1.28585
-0.000460742
0.354531
-0.475219
-1.15624
-0.643513
0.526257
1.58455
0.559035
-1.09972
0.610748
0.738585
-0.493601
0.115589
-0.0351776
-0.0145908
1.44208
-0.481656
-0.928304
0.280057
-0.26764
-1.24017
-0.330668
0.269024
-0.238748
0.379148
0.00163881
0.00610292
0.933082
0.77321
0.591549
0.633722
-0.821591
-0.644184
-1.14409
-0.762701
0.952249
-0.39737
-0.323207
-0.255691
-0.304046
0.55877
-1.08632
-1.55704
-0.000715059
-0.285599
0.34785
-0.0622513
-1.36335
-0.938578
0.00183295
1.46625
0.00337433
-0.397318
-1.41114
-0.382727
-0.15229
-0.311046
0.387768
-0.547881
0.160114
0.570922
0.000289328
0.0905128
0.474602
-0.0957558
1.83604
-1.59611
-0.606457
0.341108
-1.36949
-0.0151971
0.0691255
-0.0181532
0.147144
0.980553
0.0878863
0.406488
-0.339055
-0.0581099
1.48465
-0.873906
0.00726086
-0.78491
0.0460929
-0.0201908
-0.0259021
1.64253
-0.822904
-0.641191
-0.393575
-0.125974
0.519548
-0.503278
0.222293
-0.658666
0.00556549
-0.00285774
0.403673
-0.549203
1.19276
0.488831
0.00293959
-0.151698
-0.491815
1.70632
-0.907326
-0.346356
0.105412
0.00636941
0.692384
-0.0465742
0.256356
-0.296745
1.37561
-0.588383
-0.332249
0.421411
-0.0891618
0.127664
0.484445
-0.641918
-0.499932
-3.43092e-05
-1.09635
0.65453
0.406485
-0.337427
0.00132524
0.675299
0.702479
-1.37778
0.00200873
-0.334191
0.242111
-0.00053526
-0.134502
-0.438185
-0.515322
-0.380603
-0.509258
0.279663
-0.022703
-0.000200883
-1.35148
0.316336
0.653249
0.535443
-0.00462188
0.0581493
-0.667564
0.625514
-0.00627748
-1.09142
-0.214624
-0.501652
0.43945
-0.602403
-0.00297005
-0.460932
0.145388
-0.664173
1.29647
2.27001
-1.92048
0.0456591
0.78573
-0.765925
0.954405
0.0800694
0.103634
-0.141042
1.18858
0.220047
-0.298348
-0.0200092
0.364958
0.821143
0.71824
-1.04496
-1.10517
1.12054
0.447034
-0.640166
-1.25279
-0.351112
-0.0710143
1.51291
1.1241
-0.596737
-0.00682121
0.356551
-0.341066
-0.441307
-0.0752551
-0.050144
0.639321
0.130159
-0.590122
0.459963
-0.106893
-1.20788
-1.31361
0.109128
0.0224263
-0.557578
0.517551
-1.27794
-0.396925
1.17017
-1.35886
-0.238687
0.914765
-0.571091
-0.343674
0.203765
0.0561242
0.376961
0.0700724
-0.0988119
0.469936
-0.168725
-0.0357113
1.26745
1.16371
0.260207
-1.14267
0.00217683
0.203799
-0.101672
-1.02865
-1.09153
-0.19171
0.0791342
-0.0773998
0.735097
-0.0513266
-0.217379
0.268705
0.24367
-0.0587144
-0.260874
0.170638
1.27125
0.693558
0.109939
-0.0106987
-1.74973
-0.0430094
0.077414
0.0392228
0.428429
-0.999661
-0.271353
-0.0153396
-0.28026
0.281751
-0.00149034
-1.27769
0.688975
-1.49482
1.8047
0.00711524
-0.0100853
0.59482
0.913415
0.856559
-0.00447766
-0.200689
0.215626
0.325563
-0.162499
0.177796
-0.586884
-0.630271
-0.386209
-0.228317
0.235861
0.480033
0.324838
-0.420311
-0.063629
0.0652991
-0.505004
0.31223
-0.0904427
0.516424
0.495886
-0.0722387
0.0722387
-0.00837467
0.239948
-0.236385
-1.07783
0.0934341
-0.727461
0.00975479
0.151806
0.310897
1.02944
-0.151202
0.186641
-0.212752
0.0261117
0.491765
-0.417751
0.345718
0.053988
0.0644457
0.191518
-0.294503
-0.0398965
0.255531
-0.174234
-0.576451
-0.0476261
0.359856
-0.467974
-1.6183
-1.26192
2.27407
0.0817614
-0.280903
1.63128
0.487039
-0.107341
-1.17413
0.224405
-1.16411
1.54816
-0.384049
0.0132481
-0.0132481
0.00393327
0.0206498
-0.0245831
0.287645
-0.0853123
-0.202333
-0.23548
0.279563
-0.075891
-0.178419
-0.226993
-1.3928
1.22601
0.439814
0.637051
-1.42457
-0.0446975
0.325492
-0.396202
0.441086
-0.18411
-0.000524693
0.25757
-0.110425
-0.365428
0.398699
-0.00530612
0.0422669
0.384156
-0.376593
-0.530413
0.275403
-0.361774
-0.675403
1.3342
-1.26542
-0.138714
-0.354887
-0.508486
0.440675
0.456368
-0.290697
0.848349
0.00752092
-0.251799
0.635529
1.61458
0.297309
-0.78189
0.225541
-0.260633
1.57611
-1.00698
-0.312201
-0.15894
0.265426
0.221987
-0.299771
-0.0692371
0.0192533
0.0771224
-0.911359
-1.00874
1.86474
-1.04295
-0.00337733
0.18097
-0.0495421
-0.0161722
-0.0355194
1.12329
-1.08777
0.259864
0.324172
0.0294672
-0.133364
-0.361355
0.298025
1.81372
0.22715
-0.319091
0.199028
-0.319058
-0.444609
-0.152338
-0.0495421
-0.0156334
0.00924551
1.35793
0.0169485
-0.0726182
0.10365
0.0862382
-0.0117048
0.0705889
-0.0705889
-0.343454
-0.0669323
-0.005969
-0.657899
1.4792
0.0609528
0.137984
-0.0644628
-0.052756
-0.404733
0.309781
0.173446
-0.0282905
1.86049
-1.01461
0.0279183
-0.0279068
-0.386863
0.0481839
-0.0143397
-0.845071
-1.09581
0.452391
-0.693008
-0.710886
0.058882
0.246904
-0.411549
1.00226
0.0181136
0.0146969
0.0262153
-1.50771
-0.0181136
-0.944676
-0.562401
0.148271
-0.0803314
0.0233218
0.365059
-1.31927
-0.601256
-0.163137
-0.064095
-0.102461
0.0687518
0.238858
-0.0202191
-0.570886
0.109988
0.234424
-0.19335
-0.0233787
-0.184947
-0.06556
-0.861456
0.142816
0.195888
0.365777
-0.465064
1.10561
-0.744852
0.148872
0.292214
0.57803
0.285458
0.403837
-0.00210658
-1.51326
1.40637
0.882746
-0.299423
-0.583323
-0.239681
0.0187249
0.0522371
-0.27874
-0.12656
0.337879
0.0495068
0.826998
-1.00086
-0.47151
0.344949
0.0575566
-0.0221768
-0.13164
-1.12104
0.143965
-0.167951
0.0161922
-0.0114703
-0.00472194
0.00827741
-0.0321052
0.0321052
0.668527
-0.889818
0.151545
-0.00974677
0.00974677
-0.589374
-0.28396
0.131246
-0.465805
-0.170845
0.91747
-0.419685
0.430565
-0.0960567
0.139759
0.119543
-0.0282905
1.11179
-0.440555
0.24667
-0.199752
-0.34753
-0.161435
0.581435
-1.46082
-0.597231
0.335123
-0.0991432
0.18192
0.194109
-0.545412
-0.127726
0.0222179
-2.38365
-0.764145
-0.0383951
-0.270005
-0.387743
0.982154
0.0130905
0.0912034
0.0242838
0.5722
0.159601
-0.178105
-0.0242838
-0.00858934
-0.167685
-0.162862
-0.909962
-0.0954662
-0.714641
0.79048
0.249422
0.00536161
0.326774
0.648816
-1.74768
-0.000104908
-0.149444
0.172978
-0.212563
-0.111406
1.6527
-1.14126
-0.382388
0.0205116
-0.135143
1.39743
-0.0536712
0.960672
-0.91077
1.6158
-0.0111451
-0.798701
0.683414
0.0153544
0.269758
-0.0639695
0.0427622
-0.630389
0.42985
-0.622081
0.473837
-0.393993
-0.038344
0.838885
-0.303152
-0.116442
-0.0174326
-0.246029
-0.245384
-0.0105533
0.373785
0.354888
-0.712536
0.357649
0.0453041
0.0179798
-0.103986
1.0432
-0.841912
1.05385
-0.00841637
-0.0179798
1.64301
-0.476014
0.151371
-0.0697142
-1.06631
-1.63141
0.0842595
-0.00126346
0.538038
-0.390449
-1.07225
0.122051
-0.0717039
0.642276
-0.802516
1.2539
0.15275
0.0120102
-0.131446
-0.908569
1.04715
-0.113657
-0.000501585
-0.150388
-1.08929
-0.0332247
-0.0916167
0.0344176
-0.0609067
-0.690811
1.37979
-0.0227756
-0.218531
-0.94054
-0.00810885
0.25108
0.0306706
-0.0921311
-0.0900378
0.695523
1.62462
0.522598
-0.486062
0.104211
1.4146
-0.481522
0.132663
1.15275
0.45641
-0.394244
-0.48255
0.368893
0.0204893
0.018957
-0.151696
-0.0890486
0.202758
-0.1025
0.207426
-0.00644705
-0.0126029
-0.248673
0.144432
0.651796
-0.0345159
-0.170621
0.262356
-0.602707
0.459801
0.359614
1.85206
0.0116412
0.236959
-0.311075
-0.0118902
0.114375
-0.275005
-0.12212
-0.0280146
-0.0224007
-1.4003
0.0488175
0.395542
0.125045
0.299656
-1.51971
-0.444879
0.800634
-0.333995
-0.466639
-0.0182601
1.21988
0.379908
0.1055
-0.142048
0.182393
-0.511049
-0.404744
1.51872
0.000558886
-0.164809
-0.0153544
-0.00928393
0.0481148
0.0345159
0.813515
-0.461086
-0.916693
-0.0127033
0.0117772
-0.0744445
0.164415
0.231936
-0.0360534
-0.250901
0.218767
-0.258018
0.324219
-0.440661
0.605659
0.603215
0.0833217
0.179267
0.806379
-0.703522
-0.360304
0.228663
0.853925
-0.7675
-0.11053
-0.417021
-0.241645
0.130852
0.227407
-0.00544624
-0.857524
0.822005
0.401507
-0.794958
0.000862058
-0.000862058
-0.642485
-0.731514
-0.607283
0.0987972
-0.231599
-0.177967
1.46181
-1.28385
0.0599735
-0.0615822
-0.63329
-1.1933
0.485675
-0.0986729
0.636081
0.0289768
-0.363732
-0.0160522
-0.359469
0.263412
0.185275
-0.175373
-0.211836
0.148518
0.0413269
0.089576
-1.3705
0.146229
-0.551426
0.00581858
0.363152
-0.367261
0.235582
-0.238458
0.246257
-0.921728
-0.31225
-0.0571537
0.0518476
0.178162
-0.201642
0.352685
0.119937
-0.424657
-0.067568
1.47839
-0.809859
-1.14432
-1.16043
-0.199915
-0.913626
1.11354
-0.0103669
-0.0123361
-0.160485
-0.80534
0.202098
0.158611
-0.00286848
0.0711894
-0.0725493
-0.169403
-0.376009
-0.452787
0.0264026
-0.0265075
0.689399
-0.200568
0.340048
0.44178
-0.922241
-0.161827
-0.299105
-0.434456
0.761447
-2.34267
-0.217669
-0.193104
0.0348933
0.475236
0.176929
0.310286
-0.479334
2.0254
-0.804201
-0.0975846
-0.0769589
-0.739453
0.29539
1.05426
1.33437
-1.5486
0.0966075
-0.35567
-0.0214649
-1.30727
-0.110787
1.58233
0.0634186
-0.0578531
0.275028
-0.0488028
-0.161354
-1.25795
0.43793
-0.0446606
-0.366613
1.64647
-0.163319
-0.0958606
0.0239414
-0.124506
-0.147291
-0.70971
0.0765963
-0.503073
0.0205116
-1.27224
0.0123754
-0.0745334
0.0809028
-0.221115
0.0187909
-0.00270261
0.276746
-1.36896
-0.220357
0.953112
0.022061
-0.726981
-0.369527
-0.276691
-0.602147
0.339253
-0.00777887
-0.00109326
-0.0978576
0.583249
0.0593981
-1.47053
0.321251
-0.331541
0.514762
-0.221171
0.230422
0.444057
-0.855401
-0.0422669
-0.00727516
0.795027
-0.107183
1.25993
-0.0713417
0.125818
1.18863
1.23692
-1.2835
-0.0277568
0.538656
-0.174383
0.165385
-0.125712
0.0759166
-0.0775265
0.087216
-0.0691009
0.0495165
0.100938
0.927033
0.141182
0.188211
-1.10184
0.0526989
0.461734
-0.268353
-0.193381
0.400094
-1.32015
-0.00644705
0.010011
-0.120929
0.117697
0.479045
-0.0818203
0.00329971
-1.08457
1.06944
0.456503
-0.260518
-1.50227
0.184539
-0.0562536
0.211861
0.160617
-0.918234
-0.146886
1.06512
0.0157673
-0.185823
0.0788064
-0.0571911
0.0525692
-0.117963
1.38302
-0.281266
-0.109647
0.0637306
-0.281592
0.24836
-0.108977
-0.0250869
0.0740152
-0.0179519
-0.192809
-0.832294
-0.268747
0.000930204
-1.43523
0.0156634
0.0496357
-0.0467995
0.146138
-0.00374389
-0.000438838
-0.199933
0.0672423
-0.776557
-0.0715576
-0.0314404
-0.745847
-0.450086
0.0269715
0.508433
-0.363045
-1.41637
2.07246
0.39977
0.0900453
1.11758
-0.0120657
-0.377301
-0.525224
0.246001
-0.230156
-0.0969323
0.155457
0.836053
0.33136
-0.54172
-0.330858
-0.151939
0.970223
-0.433759
-0.0721611
0.0323924
0.195873
1.50553
-0.251846
0.372917
-1.46924
-0.160625
0.0176935
-0.162899
-0.613658
0.046408
-1.03171
0.351872
-0.942347
-0.413925
-0.00895114
-0.509693
-0.296791
0.0904485
-0.453494
0.45785
-0.614494
-0.304314
-0.0882299
-0.366961
-0.185364
0.256486
-0.21106
1.11491
0.0181732
-1.32135
-0.486322
0.635727
0.00135773
0.0849495
-0.493658
-0.555584
-0.426434
0.434995
0.138825
0.0200585
-0.127506
-1.43054
0.0719745
0.688437
-0.330788
0.671346
0.260292
0.950252
1.01157
0.286564
0.0545446
-0.238076
0.00789732
-0.605488
0.444133
-0.0763761
0.192147
0.0382745
-0.100918
0.477491
-0.117877
0.0821798
0.554773
0.193359
-0.583808
0.273815
0.00727256
-1.03592
-0.213218
-0.24104
0.579248
0.135296
-0.0864974
-0.0224799
0.0844887
-0.00737263
0.0197481
-1.54191
0.0874524
-0.0956215
0.868131
-0.0427885
-0.00605004
0.736201
-0.255356
0.128311
-0.111387
-1.13132
-0.0103211
-0.0904985
-0.161431
0.197198
0.090392
0.0494696
0.0719402
1.39633
-0.482673
-0.289314
-0.370679
0.30186
-0.0549561
-0.986159
0.364617
-0.000106577
-0.657168
0.112798
-0.306378
0.540105
-0.0223921
-0.417817
0.669936
-1.15608
0.213034
-0.874245
-0.6777
)
;

boundaryField
{
    SideWalls
    {
        type            empty;
        value           nonuniform List<scalar> 0();
    }
    Top
    {
        type            calculated;
        value           uniform 0;
    }
    Inlet
    {
        type            calculated;
        value           nonuniform List<scalar> 
18
(
-1.94444
-1.94444
-1.94444
-1.94444
-1.94444
-1.94444
-1.94444
-1.94444
-1.94444
-1.94444
-1.94444
-1.94444
-1.94444
-1.94444
-1.94444
-1.94444
-1.94444
-1.94444
)
;
    }
    Bottom
    {
        type            calculated;
        value           uniform 0;
    }
    Outlet
    {
        type            calculated;
        value           nonuniform List<scalar> 
18
(
2.05875
1.9872
2.00971
1.96922
1.9962
1.95777
1.9436
2.0183
2.03479
2.06045
2.0013
1.95824
1.99373
1.95787
1.91186
1.6289
1.93664
1.57546
)
;
    }
    Plate
    {
        type            calculated;
        value           uniform 0;
    }
}


// ************************************************************************* //
