/*--------------------------------*- C++ -*----------------------------------*\
| =========                 |                                                 |
| \\      /  F ield         | OpenFOAM: The Open Source CFD Toolbox           |
|  \\    /   O peration     | Version:  2306                                  |
|   \\  /    A nd           | Website:  www.openfoam.com                      |
|    \\/     M anipulation  |                                                 |
\*---------------------------------------------------------------------------*/
FoamFile
{
    version     2.0;
    format      ascii;
    arch        "LSB;label=32;scalar=64";
    class       volScalarField;
    location    "0.8";
    object      p;
}
// * * * * * * * * * * * * * * * * * * * * * * * * * * * * * * * * * * * * * //

dimensions      [0 2 -2 0 0 0 0];

internalField   nonuniform List<scalar> 
5098
(
-0.461862
0.527993
0.249717
1.78867
0.0307697
2.01393
0.285669
-0.0644527
0.338294
0.313488
-0.456336
0.800849
0.133184
2.27707
0.0516389
0.117454
-0.736707
-0.47124
-8.07505
-0.745076
1.37007
0.186056
0.605169
2.85601
-0.557996
1.9416
1.31337
1.21267
-7.47205
0.157912
0.610971
2.44958
1.45226
-0.52422
0.101993
-0.948717
1.42843
1.46977
2.17722
0.815631
1.75196
-0.491841
1.91245
0.413764
0.097944
0.802612
-0.63369
2.48805
0.647275
1.82539
0.403594
1.69285
-0.757091
1.37081
2.01648
1.89795
1.37511
1.6662
2.45645
0.0194115
0.207504
-0.620137
-0.0193107
0.211642
-0.783829
2.30925
-0.0614903
0.392427
1.15557
1.57238
1.38425
0.238903
1.01001
-0.0743923
0.235915
1.83441
-0.0449957
1.95985
0.403306
1.84347
0.0482892
-0.625352
1.75682
-0.425846
-0.450966
0.0489051
3.26166
0.113111
-0.157787
0.167807
0.841078
-0.949265
0.855797
1.78841
2.18944
0.306011
1.53827
2.00646
0.254394
1.05443
-0.0478074
1.96136
-1.76739
0.161572
1.9522
-0.241791
1.36541
0.390001
2.52899
-0.494775
1.67311
-7.45291
1.40316
-0.921083
1.30088
-5.81457
-0.538067
-1.26399
0.156408
2.82207
1.63359
0.7238
0.330029
-0.628308
-1.03409
-0.765237
1.25714
0.665998
2.21483
-0.941693
-0.562511
2.38631
2.3551
-1.02658
0.0144449
-0.157738
-0.986706
1.37984
2.21032
1.33373
1.72024
-1.78757
1.12029
0.383914
0.787097
0.207101
1.18552
0.0253636
-0.267814
0.834477
-0.42624
-3.26132
0.0119129
1.49098
3.27096
2.74692
1.66999
-0.0747705
1.75812
-7.92813
1.30649
0.0648319
-4.26583
1.57455
-0.507621
0.617875
-0.0144753
0.270512
-0.557061
1.66702
0.302945
1.82684
0.352629
1.22566
0.725655
1.02829
1.71333
-0.830326
1.69862
3.20594
-2.34484
-0.480914
1.52708
-0.514984
1.54694
-0.572301
1.90943
1.41526
1.80407
-0.936213
-6.76672
-0.35707
0.94885
0.218868
0.598876
-0.943179
-0.674271
-0.239594
0.00422071
1.62362
-0.594443
1.65814
0.173479
0.61236
1.1563
2.74245
-0.384391
2.24118
0.867058
0.921401
1.47819
1.63104
-0.30942
0.715632
-0.132651
-8.00232
0.163216
-0.455989
-1.0085
0.814564
0.734796
1.9381
0.139757
0.750431
-0.887843
1.28226
3.07969
1.43385
1.1882
-0.5039
1.48615
2.90167
-0.590977
-0.158921
0.368817
0.465029
1.21337
-0.745072
-0.534987
1.57968
-0.618302
0.37223
0.139575
2.57157
1.29377
0.845438
2.23242
-0.491949
-0.672078
0.75915
0.487874
1.15571
-3.51803
-0.668578
1.5173
-0.767694
0.017576
0.0989004
2.44568
0.0798723
-0.453837
-0.82258
-0.588155
1.02881
0.0235223
-0.559047
-8.02842
-0.403316
0.326735
1.59565
-0.908233
0.169803
-7.32332
0.346658
2.41593
-2.55903
-0.445236
-0.308239
0.316649
1.36181
-0.565151
-0.0773736
-0.887458
-0.136341
-1.3358
-1.46441
1.53317
0.136343
0.597742
0.691215
-0.625894
-1.79791
2.56762
0.0700405
1.14005
0.299195
0.203007
0.624674
1.19828
1.43784
0.179143
0.0818243
1.89649
1.18645
-0.568681
1.38844
-1.8882
1.03006
1.48867
-0.616112
0.837962
-3.61355
1.97913
0.149062
0.00749672
3.2251
-1.13257
0.0833627
0.988609
2.67343
0.41242
-2.00063
-0.409707
-1.14512
0.149933
2.21135
0.530503
1.46652
2.49999
0.174313
1.54389
1.01843
2.21351
0.174761
1.52645
0.345198
0.533178
1.86126
1.04054
1.52172
1.0702
1.60598
0.40864
1.40609
-6.98857
0.287586
1.28746
-7.90364
-1.26226
0.842211
-0.227405
2.68747
2.6461
-0.577251
0.142489
-0.565623
-0.101439
0.600958
2.16872
0.23895
1.36933
1.24759
0.870029
0.157162
0.394275
2.44101
1.33476
1.02407
0.216037
-0.768963
2.35566
0.424005
-1.38787
0.215333
0.279974
-0.612333
1.5602
-0.790279
0.336236
0.158231
1.21408
-0.790358
1.51278
0.0917953
0.396811
-1.83903
0.139182
-0.712848
1.68787
-1.62807
1.17957
0.52574
1.40914
1.68532
1.13102
-0.885342
1.86503
-1.19005
0.485698
-0.0262091
-4.14728
2.61453
1.8354
1.42027
-6.2437
0.566227
1.32241
-0.546592
-0.792874
-0.221543
1.52186
0.170887
-0.797104
0.169379
-1.37355
0.131307
1.21338
2.66446
-1.90082
0.703121
1.32374
1.91309
0.349656
0.885867
-0.556136
-0.962886
0.0545834
0.083273
0.371748
1.24888
-0.0189332
-7.6532
0.176546
1.39158
-1.55873
-1.25497
0.239945
0.656834
1.09284
-0.883509
1.63221
1.52137
0.992714
-0.860191
1.33897
-1.46132
-0.3469
0.0697517
-7.07191
1.23855
-0.611987
0.970359
1.46109
-0.810556
-0.537181
0.433796
-0.512723
0.578937
1.31441
-2.14451
1.88352
0.144338
2.62945
-2.30069
1.70274
-0.455948
-0.916882
-0.514764
-0.585119
1.70873
-6.0106
0.155418
-0.0365243
-0.525705
1.35095
-1.06888
-8.02842
1.93606
-2.24298
0.889044
1.16701
-0.651739
-1.25571
0.946278
0.419006
1.48159
0.390001
0.0278161
0.218291
1.30392
-1.66763
0.0351042
-0.193447
-0.819579
-0.998639
-0.065089
2.08363
-2.2287
2.00631
1.53882
-0.482807
0.611199
-9.54105
-0.428706
-8.49311
-1.91275
0.957742
0.871629
-0.861137
0.129635
-1.12132
1.41213
1.60922
0.577457
0.734983
1.28142
2.67285
-0.67496
-0.0595858
2.11524
-0.544134
0.07487
2.60743
0.166634
-1.37414
-0.047359
-0.488756
-2.9459
1.22025
0.221936
0.524796
3.04845
-0.485621
0.159913
-0.0136881
0.0355622
0.450994
-1.13837
-0.914442
-0.665194
1.38599
-3.16001
-0.714687
1.63835
-0.798664
-0.612465
0.197425
-0.0055906
3.12725
-1.4557
-2.09053
1.51599
0.316165
-4.40372
-0.166748
-0.442463
-0.543768
1.9898
-0.558715
-0.141299
-0.475584
0.0941697
1.55687
-2.61625
-1.27719
-2.60963
-2.98129
0.153155
-0.544268
-4.52863
0.422293
0.00102833
-3.46347
1.27632
1.69161
3.19905
0.194105
1.59685
2.25648
-0.0950611
0.367414
-0.391968
0.704234
-0.716771
0.562527
0.214843
0.158395
1.00777
0.739555
-0.697349
-1.3385
2.60562
-0.490665
-0.477558
0.0262348
1.53564
0.642266
1.07206
-1.42124
-1.20917
0.151628
2.1055
0.234613
-0.436064
2.38525
-1.29836
2.25885
-0.534965
-0.659007
-0.10175
-1.08467
-0.750619
-1.25812
2.31733
-1.17411
-1.51455
2.3474
-0.235209
0.133429
-0.0581649
2.57308
-6.03428
2.07997
0.358821
0.121398
0.109534
-0.973912
0.877024
0.17976
0.202065
-0.491256
1.16646
1.79448
-0.580782
0.257977
1.6579
2.55345
-0.686138
1.7205
3.13695
-1.01285
0.918763
-0.0830795
1.5962
2.09177
1.78614
-5.59525
1.26218
0.421762
-0.538098
1.27449
0.155988
1.6196
-0.0559449
1.34597
0.626665
-0.475906
0.14511
0.355318
1.32222
1.75098
0.306496
-0.415514
2.47512
1.52618
1.88175
0.505677
0.153147
0.149157
0.15688
2.39599
2.64693
-1.92071
1.54798
-0.547275
-3.22355
-0.846783
1.25969
-6.81379
-7.96813
-0.523197
-0.435076
0.237004
0.712563
-1.0812
1.4285
1.77926
-8.69292
1.86407
0.0176545
1.48627
-0.796043
-0.212102
0.338351
2.53203
0.166397
0.0751719
-0.394801
-7.82589
1.0939
-0.0454943
0.480364
2.32481
-0.500305
-0.445476
-1.82951
-0.292521
-6.12436
1.79641
-0.464452
2.65735
2.46739
2.29834
-0.51921
-1.03088
-6.58515
-9.17975
0.379443
-1.50807
-5.7066
-0.882737
-0.49373
1.90467
-0.942999
1.62953
-0.54906
2.26824
1.41102
-2.46072
0.405644
-7.67914
2.93671
0.158939
1.17418
-0.502653
-0.468151
-0.177028
-0.463208
-2.43244
1.76017
0.102691
-0.0367416
-4.28429
-0.92599
0.694807
-0.558282
0.178236
0.127791
0.293622
0.539263
-0.504538
1.79091
2.29388
-2.78237
0.792443
-0.527032
1.67486
-7.15091
0.399993
0.752477
-0.526871
0.318825
-0.927502
0.15653
-0.578057
-0.031646
1.553
1.12434
-4.83203
0.19668
0.673659
1.3578
0.228773
0.0250911
-0.528861
3.00736
0.845429
1.67069
-2.76118
0.803311
-0.728487
-0.471533
0.193696
-0.655108
-0.345052
2.37829
2.06468
-0.667068
0.856692
-0.577148
2.10645
0.259313
-0.899676
-0.816196
-0.930509
-10.0654
0.0180513
0.449567
1.50849
-1.02615
0.208551
-2.36981
1.0488
-0.725744
-1.20202
1.89877
0.514838
2.43403
0.121177
1.56963
1.85597
1.71469
0.0921473
1.53609
0.161711
0.211104
0.489846
0.348672
0.790408
-1.13522
-0.722421
-0.101777
-0.474315
0.818426
1.29407
0.556118
-0.981201
-0.167332
3.16889
-0.579301
1.6501
0.0108529
2.32455
-2.94248
1.4461
-0.432094
-0.481583
2.49569
-0.312915
-4.69911
0.778003
2.59252
1.58235
0.0725451
-0.148973
-1.20558
-1.84723
-2.06833
-1.38323
1.67532
-2.34345
-1.10403
-0.905254
0.936635
-0.0402187
-2.9513
-0.261212
-4.62213
1.11755
0.365005
1.44273
-0.0797478
-4.25738
2.33642
-0.809542
-0.703395
-3.18381
0.481574
-0.9072
-0.770787
-0.42811
0.174148
0.131255
1.28102
-0.712703
-0.255964
-5.42965
0.161929
0.310825
-0.151081
0.331987
-0.878771
1.36999
-1.95851
2.34755
1.91894
0.548415
1.84617
0.7628
1.28132
2.78799
1.85431
-0.448247
-0.166472
-0.671009
-0.131176
-0.158742
-0.571708
1.57941
-3.30519
2.12234
2.21418
1.38732
1.3557
-0.37921
0.679079
-0.900115
0.105974
2.36404
1.69298
0.17282
0.300565
-0.871762
-0.276609
-1.75046
-6.58422
-0.885236
-0.167243
0.185674
-0.389361
0.114681
2.439
1.486
1.71669
1.65615
1.75705
0.130262
0.130289
0.070302
-3.53307
0.574365
0.099442
1.09717
1.01738
2.53506
-0.201459
-0.226906
0.281091
1.38303
-0.591065
0.187759
-1.34304
2.89075
1.57186
-1.39911
1.33586
-0.0780352
-0.439662
1.27585
1.68181
0.839346
0.548864
0.316597
-0.741724
0.101953
0.315783
2.38582
-1.30643
2.07658
-0.64732
-0.379017
-0.681768
1.21194
1.73439
-0.241955
0.136476
2.87156
0.676843
1.15138
1.26872
2.63682
0.34887
1.58229
0.00951683
1.6239
0.14372
0.182534
2.13457
3.04947
0.567054
-0.0979604
-4.26557
-0.0959263
-2.81427
1.61997
0.887616
-1.77175
1.29735
1.81795
1.26987
1.40094
0.134819
1.55649
2.13894
-0.120329
2.70938
1.77962
0.499419
-0.0554282
-0.894145
0.235071
1.48421
0.47258
1.51876
1.77861
1.35705
-0.319677
-0.255552
1.8364
1.21649
2.05802
0.190178
1.3588
1.62814
1.0108
1.88958
1.89885
0.185214
0.27586
1.40118
1.84709
-0.195949
-0.10945
-0.396493
1.7898
0.523831
1.63104
2.63151
-0.539158
2.54318
2.8325
-0.159779
-0.0611241
-0.740149
3.10743
-3.25057
1.74001
2.66514
0.86359
-0.860925
0.869317
1.19827
2.82501
0.970335
0.997898
2.94846
2.07472
0.249717
2.91597
2.31821
0.309719
-0.601392
-1.96598
0.0459715
0.372572
1.72712
2.29019
-2.97619
0.134165
0.98488
0.462011
2.07915
-0.675702
2.53902
-0.288488
-0.442871
1.12916
-1.59903
1.78799
0.125386
1.17903
-0.530383
2.29618
1.48492
1.53706
1.55969
-0.438567
0.175143
0.0505694
0.624993
0.844488
2.44189
1.64873
0.0467706
0.938724
0.340458
-0.535862
2.27048
0.29181
1.88408
0.173534
-2.04257
-0.483041
0.488566
0.749569
2.58612
0.257047
1.04376
-0.509106
-0.037958
2.1933
2.22936
-0.533202
2.14372
0.606395
-0.507295
0.455579
0.698522
3.04833
0.201153
-2.64209
1.94495
-2.00279
1.73266
-0.906842
-0.555768
0.205233
-0.957763
-0.757506
-0.0455785
1.56851
0.169991
-0.751804
0.027401
-0.140649
-1.24569
0.904699
2.46996
1.25091
1.11743
-0.626009
-0.569894
0.333859
1.1011
0.0236498
0.0407606
0.12695
0.00498524
-0.27767
1.22737
0.653341
0.821875
1.17172
0.786305
-1.05352
-5.23689
0.305102
-0.249174
2.8757
0.963119
0.746404
-0.594114
-0.0876426
-0.176759
0.183907
-0.475265
-0.396077
0.071001
-0.14235
1.56341
0.0304882
0.138778
1.71223
-0.782881
-0.51798
2.40638
-0.739579
-1.03858
0.470085
1.4284
-0.378554
0.5326
-0.232946
0.235667
-0.789421
0.0584112
1.78312
-0.540901
0.752331
0.154708
-0.507901
-0.399086
0.138258
1.24596
0.431862
-0.583998
2.41531
-0.833424
1.57665
-0.41792
-1.3345
-2.13321
0.104021
-0.978092
1.41757
1.45513
1.52818
0.272753
-0.645646
2.11396
-0.425812
-1.878
0.0278385
-0.563775
0.155221
0.338282
2.16853
-0.887519
-7.30328
-0.0887656
1.09989
1.04527
-0.453601
0.923078
0.209115
0.00691724
0.607436
0.9384
0.576432
-0.756793
-0.494606
2.28586
0.211551
0.00385591
0.765797
0.0336944
1.01972
-0.536198
0.0462254
0.0276488
1.20393
0.0257568
0.222042
0.670013
0.044983
0.383351
-0.0503547
1.54423
0.180527
-0.0280121
1.33608
1.28393
0.0185006
0.951408
0.977176
1.536
1.85836
1.58436
0.235765
2.52707
1.17899
-0.923531
0.891259
-0.578016
0.271942
0.117049
0.828804
-0.514389
2.52734
0.423471
0.678731
-1.00748
0.639654
-0.656801
0.408448
-2.47794
1.24951
-1.09646
1.24929
0.870252
1.44169
-0.625853
1.85213
-0.647154
1.3235
1.48607
0.662143
-0.283291
-0.208377
-0.671503
1.69469
-0.464253
-9.79737
1.68106
0.815437
0.245805
1.73617
1.42746
-0.0749574
2.29399
-1.78171
-0.212749
-0.281259
-0.329365
0.27326
0.0246061
0.00243306
2.56121
-0.115066
0.608317
0.114767
-0.34636
1.60832
1.80622
0.0287096
0.134263
1.37244
-6.44363
1.25034
1.49848
0.1532
0.0644315
0.811015
0.215228
2.59717
-1.07512
1.28709
0.131588
-0.947043
2.64323
1.55311
0.213437
2.05249
-0.0890127
1.87114
1.82164
0.306867
1.36614
1.26237
1.39184
1.39929
-0.599902
1.52339
-0.605754
0.434434
0.0123764
-7.4844
1.74549
-0.828909
-1.00798
0.236655
0.126953
0.924021
-1.76473
1.37969
0.372745
0.946053
1.41691
1.01488
-0.248118
0.235605
-0.235276
1.38449
0.560932
-0.688684
-0.192834
-0.922406
1.52787
-0.659652
-0.623628
1.34665
-0.641529
1.81129
0.987734
-0.722413
-0.99679
1.67705
1.91628
0.0846783
1.46522
-1.62876
-0.11554
-2.19223
0.558729
-0.0817364
-0.93723
2.78979
0.362253
-2.33656
0.0839182
-0.152525
1.35317
0.77543
-0.175189
-0.910579
-0.545817
-0.140854
-1.48028
0.900339
2.279
0.149467
-0.453466
0.0246861
-0.827636
2.09928
2.82909
-0.814457
0.858036
1.4609
-0.869969
0.579156
2.50614
-3.98923
-0.177608
1.37043
1.53181
1.42484
-0.0107111
0.740964
0.0252969
0.6808
-1.51163
0.132866
1.46649
0.154771
0.519403
0.845532
1.34735
1.06497
0.171052
0.718446
1.50791
1.25314
1.22742
2.61441
-0.520598
2.43124
0.236214
2.36288
3.01788
-0.802987
0.399862
0.567295
1.4068
-7.27814
0.829138
0.805388
0.147361
1.52434
2.10094
1.58644
1.63763
0.663809
0.808364
-0.589424
2.90769
-0.681376
0.209774
-0.561133
-0.241637
-0.697749
1.58429
1.63696
1.06382
1.7223
-1.79801
0.163381
1.79444
1.28855
0.222056
0.0886788
0.253161
-3.79458
0.574143
1.5054
2.75829
1.4133
1.9399
1.85884
1.5396
2.62083
1.0786
1.4561
0.351572
-0.424266
0.424231
1.0806
0.957725
2.95057
-0.0478448
0.726742
0.0106243
0.158359
2.79112
0.927081
0.0791059
-0.34071
1.0761
-0.281562
0.145412
2.01623
1.49156
1.21572
1.52551
0.310912
2.14262
-6.01734
1.19456
0.423138
0.402952
0.139247
2.26405
0.341317
0.254439
1.54811
1.30261
-0.0847548
1.30654
2.33891
0.0954423
-0.562315
-0.664619
-7.74363
-0.0132997
-0.631157
-0.0292483
1.3947
0.49118
0.126343
1.44148
-2.67705
0.0914585
-0.247026
-1.52862
-0.238473
0.443094
-0.72181
-0.834297
1.36645
1.42691
1.96114
-0.700202
0.80599
0.127093
1.33844
2.26385
-0.407955
0.0617876
0.162821
2.34614
1.04173
-0.326154
-0.143704
-9.44884
0.136708
0.271415
2.51026
0.159537
0.0113371
0.868058
0.430555
0.0431668
0.780855
0.459567
0.630309
-0.503635
-0.608232
0.221634
-0.762641
0.122414
0.427159
-1.56316
1.5439
0.855525
2.70237
0.643123
2.45379
-0.262593
1.6665
-0.549246
0.219732
-0.0386231
2.1969
0.0534974
0.270569
0.466244
-1.41489
-0.180252
0.0419365
0.107071
0.0723275
0.179229
0.1318
0.280727
1.03427
1.74242
-5.1548
0.306104
0.334243
0.207918
0.20193
1.57044
0.00523702
0.867917
0.210907
0.114891
2.04207
-0.273153
0.562164
0.00950183
0.10405
0.107476
2.01452
-0.354839
0.281278
0.102702
-3.11725
0.0483506
0.189962
2.38911
1.70541
0.0175396
-5.82687
-0.357716
1.41621
0.2333
0.146584
0.0176752
0.632211
0.226851
0.159205
-0.0252752
0.0197532
0.837141
-0.236208
1.45761
-0.213244
-0.0601075
0.381758
0.761535
0.317081
0.333189
1.48006
0.29128
0.108735
0.0550926
0.122364
-0.363462
-0.000415156
1.56811
-1.45861
-0.756392
0.303433
0.168213
-1.77395
-0.423103
0.191487
0.11779
2.1414
1.22802
-9.173
0.260438
-0.56963
-0.534144
-0.023833
0.119125
1.60015
0.521874
1.38465
1.32116
-3.775
-2.34895
-0.0506234
-6.64638
-1.11138
1.65705
0.189618
0.547496
-0.833395
1.73463
0.119428
1.54672
0.256546
0.283454
1.92527
0.0645291
-0.0272684
-0.590982
2.08849
0.0498962
1.34111
1.48102
-0.210929
0.130276
1.39758
-5.92565
2.04166
0.100573
1.98688
-0.17602
-0.100286
0.27865
1.51035
1.93061
-0.668143
1.46185
0.79013
0.120039
2.20866
0.745103
-0.530133
1.4229
0.167954
0.265573
-0.0802291
-0.496731
0.187675
-0.650763
0.00701419
1.35499
1.00085
0.0893276
0.128521
0.787376
0.241747
1.57304
-0.0947608
0.0571559
-0.155739
0.0627483
0.166042
-1.89117
1.11276
-0.341203
0.169756
-2.40595
1.52625
0.103435
-0.706303
0.168827
0.613726
2.36202
-0.477279
0.00598647
0.889107
0.469805
-0.00283859
-1.19404
-1.11318
0.357125
0.126393
0.290696
1.46784
0.0185237
0.209396
-0.770621
0.149778
0.0834246
0.163307
1.53443
0.168001
0.0456418
0.120977
-0.63789
0.251904
0.158588
0.714814
-0.540496
0.360985
0.304381
0.202894
0.182104
0.0377805
0.0291987
-0.451269
0.0828557
0.0369936
0.535905
0.705467
0.169053
0.854522
0.871729
0.159072
0.0505102
1.04012
0.320541
0.0583888
0.107557
0.270823
0.579096
-0.63898
-0.521911
0.0487561
0.440068
0.262481
0.975992
1.11024
0.178549
-0.0794301
1.55472
0.152153
-0.544531
0.158216
-0.687795
1.93716
1.42263
0.20506
0.0811275
0.133435
0.176115
0.0825923
0.234586
-0.589253
0.276447
1.48733
0.473888
0.159075
1.46131
0.169599
2.21923
0.214144
0.224473
0.308695
0.191109
2.05717
0.160344
0.0972528
-0.157706
0.0945843
1.04413
0.760124
0.154004
1.48774
0.165446
1.06062
1.89154
0.546078
0.909521
0.144645
0.887475
0.140865
0.254673
-0.761445
-0.375938
0.138933
1.8075
0.707025
1.25994
0.842995
-0.00158921
0.112459
0.17239
-0.113433
0.875332
-0.345148
0.0894261
0.00736288
0.104123
0.171248
0.14324
-0.552012
2.40377
-0.397022
-0.845616
2.24634
0.30574
0.0991265
0.123549
0.110578
1.25807
0.121999
0.131014
-9.65677
-0.13447
0.241568
1.4667
0.167441
0.116655
-0.643697
0.0457987
0.255629
0.0757747
0.160907
0.134954
1.54914
-0.506085
-0.908476
0.99871
0.156158
-8.15451
0.204938
-0.431099
0.115026
1.51557
-5.25768
1.76835
0.144986
0.150983
-0.90016
0.111368
0.206514
0.188357
-0.519734
-0.858957
2.27505
-0.559363
-2.02025
0.0240516
-0.704727
0.093997
0.176035
-0.94632
0.0327273
0.135984
0.176203
0.154679
0.100496
1.74123
0.538456
-0.0256805
0.220026
0.120498
-0.55695
0.17386
-1.09543
0.184672
0.122362
1.6701
0.247495
1.62972
0.0371141
0.232086
0.148366
0.0202713
0.0468993
-7.48597
-0.470448
0.16345
0.893213
1.19877
0.739907
0.0748721
0.127692
0.144049
1.65419
0.196988
0.434312
1.00822
-0.0165461
0.153363
-0.935749
0.160304
0.0109744
0.17178
1.54773
0.00637226
0.967833
0.101228
1.51582
0.110955
0.762102
0.0161319
0.0740235
-0.847401
0.137809
0.108345
0.187434
0.232679
1.15846
0.111752
0.213437
0.212073
0.140069
0.530766
0.112904
0.135228
-0.599063
-0.888855
0.10144
1.82022
1.33272
0.0691606
0.155809
-0.240758
0.0642484
0.520434
-2.85229
0.0450903
2.04234
0.32947
0.0593718
0.0585314
-2.29421
1.5421
0.217764
0.0951286
0.0506809
-1.1584
0.243656
0.0903355
-0.654868
0.8299
1.14824
0.13164
0.131932
0.203436
1.62282
-0.00107518
0.0480686
0.0545074
0.0783575
-1.19797
0.167624
0.126961
-0.0267815
0.138438
0.0582429
0.271007
0.0321466
0.133241
0.139286
0.180167
0.087342
0.146918
2.72465
0.10314
0.293598
0.0195541
0.244873
0.529737
0.138758
0.220333
0.512447
0.0951716
0.136852
0.111428
0.0401484
1.63121
0.0224652
0.149332
0.285988
0.0569512
0.0571005
0.252926
0.0553745
1.61718
0.175214
-0.206853
1.0246
0.116599
0.0780921
0.10434
0.305255
-0.86803
-2.89244
0.424251
0.113203
0.257337
0.0575457
-0.238852
1.553
1.59542
0.0640422
0.18234
0.166024
0.163126
1.55108
0.0166101
0.144109
1.57069
0.0960181
1.51611
0.101611
0.0847363
0.2365
0.0872546
0.00681278
1.73279
0.166498
0.00926535
0.20516
0.147351
1.39675
2.08674
0.0278197
0.192019
0.0938344
0.0572742
0.003256
1.42611
-0.728256
0.00166797
0.0746252
0.194213
0.146147
0.134234
0.114278
-1.06656
0.00967809
0.0493583
-0.281342
1.50092
-3.40979
0.0708742
0.145498
0.948828
1.09096
0.0550039
0.00763862
-1.96272
-0.571736
0.0333881
0.0818848
0.0150793
0.0784753
0.00997892
-2.17511
0.0366402
0.345563
0.0731434
1.5921
0.0443439
0.172149
0.0953457
-0.476487
0.0390299
1.38911
0.309591
1.68531
0.250598
-0.664385
0.0651039
0.14784
0.102624
0.133236
0.181061
0.0513687
0.0676939
0.163486
0.00903872
0.0401109
0.14602
0.0608628
0.0348108
0.0792716
1.51714
0.116724
0.00968914
1.67595
0.0574008
0.13395
-0.133709
0.628789
0.0785618
-0.118579
0.0650532
0.0698004
-1.08967
0.228065
0.0751346
-0.0884352
0.0786235
0.208556
-1.77628
-0.0020029
-0.696381
0.159675
0.0787683
-0.169428
-1.05521
0.053354
0.0602047
0.0837919
0.47828
0.143619
0.150968
0.462728
0.0375105
0.0475489
0.0372124
-0.0294689
0.0572981
0.0157918
0.0790555
0.122981
0.145766
0.0859401
-0.0198936
-0.549065
2.3432
0.0831983
0.0524952
0.0778484
-0.474735
1.66776
0.167797
0.365747
0.00411966
1.60343
0.0486654
0.626349
0.211185
0.0142214
0.055121
0.215089
-7.36028
0.168599
0.483118
1.21456
0.0661679
0.0356401
0.15817
1.63802
0.105641
0.0782765
-0.0414283
0.178552
1.31864
0.208588
0.0626889
0.0496365
0.0871472
0.0713804
0.0682809
0.847068
-0.215857
2.01198
0.00695509
-0.608895
0.183598
2.66501
0.885708
0.0815381
0.0618182
0.114317
0.125679
1.35804
0.134111
0.125199
0.135728
-0.699902
0.0813735
0.180186
0.0688804
3.06383
1.02372
1.45177
0.100046
1.50087
0.016759
-0.344399
-0.673152
1.9157
-0.627307
-0.648594
0.0531098
0.991691
0.142936
0.0887129
0.140909
0.16315
-0.818329
0.0635849
-1.65443
0.0740546
1.40628
0.159792
0.0380258
0.0650542
0.0712013
0.09315
1.47015
0.0738009
-0.335368
0.0568165
-6.9375
-0.00104743
0.117159
0.126579
2.40868
-0.608847
0.210074
0.139538
0.0670271
0.0765338
1.1524
1.49042
0.0635385
0.11347
-1.05157
0.106559
0.538208
2.70441
0.844865
0.400312
0.172187
0.141751
0.0729143
0.669898
0.105905
0.132781
0.0677181
0.66875
1.44049
1.31616
-0.735638
0.96683
0.127541
0.299938
-0.640584
0.192773
0.113287
1.52834
0.212375
-0.97362
0.0714161
2.299
0.077551
0.0736302
0.157122
0.0173256
0.234754
-8.82771
2.4849
0.19179
0.0716828
-0.927915
0.142245
0.223
0.333235
0.0313868
0.225366
-0.252215
-0.808104
1.45684
0.096785
0.339103
0.122879
0.651893
0.200494
-0.846756
0.0813317
-0.854847
2.824
0.0790385
-0.892182
2.51652
0.0180199
0.202855
0.163898
0.0339063
1.58137
-0.485268
1.52874
1.55098
0.208422
0.145741
1.52494
0.73495
0.223984
-0.326968
-0.521266
-1.41903
1.55672
0.0960967
-0.0118944
-1.57622
0.294703
0.116796
0.122413
0.165055
1.49783
0.155432
0.12732
-1.84854
0.0673265
0.0622741
0.072087
-1.35947
-0.326423
0.308025
0.109253
0.277
0.0584924
0.129479
2.70767
0.17806
-0.65712
0.569822
0.0589366
1.49468
0.115776
1.54554
0.107967
1.33493
-1.20196
0.179179
2.13536
-0.384486
-1.0523
1.66831
0.217801
0.174407
0.0774895
1.48885
1.55892
0.0986323
1.6174
2.48717
0.77032
1.66396
-0.813816
0.129726
2.23114
-4.8191
0.484623
0.204173
1.444
-1.7649
1.68386
1.59349
1.76082
-0.219487
0.078341
-0.483818
0.0690438
0.192799
-0.319397
-0.567366
0.112451
0.0697018
-0.179362
0.16221
0.148156
-0.109491
1.82649
1.97733
1.89566
0.219113
0.898025
0.231368
0.573026
0.208266
0.206337
2.62731
0.24306
0.224813
0.330877
-1.26361
2.06534
0.159053
0.158905
-1.33017
0.291798
-0.0448935
-0.00848978
-0.602638
1.03613
0.0531195
1.12094
1.54237
-0.364839
-0.0474667
0.373355
1.50216
-0.505668
0.0293648
0.129315
0.00854113
1.14992
0.0722826
0.135819
3.01943
2.07497
0.149869
0.158369
-1.8086
2.37643
1.25591
0.243202
2.73448
0.0590408
1.34914
0.598205
2.45662
0.459225
-0.420073
0.872223
-1.61934
0.00354269
0.150189
0.307734
-0.543461
2.51385
0.289058
0.225208
0.292253
-0.197687
0.930203
2.8199
0.325776
0.205941
0.183566
1.16413
0.12869
0.298513
0.313334
1.32551
0.194881
0.180176
-0.0285041
0.36817
0.514832
1.2825
0.192682
2.44841
0.118904
0.169904
1.42817
0.061484
0.0141851
0.30067
-0.34088
0.792995
0.049796
0.634007
-0.209485
0.176044
1.17013
-0.144617
0.101638
0.364539
0.293742
0.148373
1.1448
0.0506645
0.205728
0.00317624
0.101929
0.157378
0.127931
-1.12944
-0.030535
0.541808
0.514257
0.239574
0.451556
0.154925
-0.611682
0.212782
1.62368
0.126489
0.233034
0.320068
0.215322
2.16403
0.17746
0.265803
0.345846
3.04911
2.71319
0.198697
-0.300377
-4.92318
0.000865454
1.24732
1.52727
1.40389
0.257498
0.0339418
0.304186
2.30504
0.314555
0.358781
0.571003
-0.0202508
0.32744
0.226146
1.24575
2.27917
0.16708
-1.88884
0.219017
1.23026
1.9617
-0.13797
0.506017
-0.323115
2.76025
0.00879689
0.178899
1.05984
0.315678
0.041745
0.0499396
1.47305
0.0158748
0.0063441
-0.0685983
-5.05515
0.224586
-0.00181889
2.23851
0.846494
1.73567
0.305796
-2.09966
2.9242
0.178829
0.303275
0.578445
0.161923
1.21752
1.33557
1.46811
0.0060088
-0.465802
0.123614
1.49301
0.0967283
0.0457522
0.184724
1.50033
0.377946
0.0618451
0.183351
0.520843
0.0396718
0.0447892
0.30383
0.222953
0.143416
0.247052
1.06364
2.24724
-0.745671
1.71798
1.21882
-0.470865
0.0397656
-0.552809
1.46
-1.25774
0.325341
0.342869
0.24884
0.180429
0.357832
2.98807
0.0153948
1.55237
0.922905
0.217883
0.131704
-0.0616513
0.137034
0.294663
-0.984746
0.187979
0.972084
0.265172
0.144572
1.69284
0.246779
0.493487
0.449797
-0.524578
0.347285
0.641537
0.342968
1.1423
0.384127
-0.212434
2.09532
1.78178
-3.0935
1.17476
0.0334879
0.862506
1.37552
1.511
0.0768968
-1.69526
-3.9711
0.248496
1.40653
-0.131495
1.98976
0.0551397
0.779329
-0.526486
-7.66203
1.49378
0.136616
1.47793
0.550188
0.351592
0.338599
-0.180567
-0.969983
1.09591
0.234899
1.5162
0.412519
1.93798
2.11145
0.204438
1.81094
0.403624
-0.0166777
0.663541
2.06581
0.415118
-1.11141
1.55079
0.295239
0.366339
2.01542
1.41439
1.95783
0.197601
0.126328
0.354164
-0.818057
0.299768
0.343914
1.03992
-0.526162
1.63576
-0.010412
0.121925
1.21206
1.59457
0.541761
1.35912
0.110769
-0.670722
0.106064
0.102662
-8.61904
0.922352
0.940272
-0.535653
0.135085
0.478954
0.275676
0.839365
2.04527
2.17134
0.620588
0.599861
0.308891
0.450497
1.27468
0.0286292
1.7392
-1.39042
0.230449
0.103284
0.141942
0.887215
1.52386
1.72082
1.08823
0.247731
0.0915513
1.49745
1.47917
1.53621
-1.99331
1.76466
0.88517
1.48517
0.989327
0.362313
0.389596
1.47845
1.36997
-0.42602
1.5106
0.180206
0.312126
1.16773
0.161692
-0.311003
2.40569
1.87465
0.374719
1.38582
0.567975
1.11489
0.396787
0.354191
0.134428
0.186066
0.164373
-0.575727
0.0827975
0.0906798
0.137969
1.49366
2.10226
0.393519
1.51004
0.371112
3.32811
-1.11413
1.68239
0.380366
-7.12596
-0.214286
3.2817
0.461494
0.179594
3.2106
0.398971
-0.964385
1.48029
3.15072
0.311839
3.07794
0.926556
0.349994
-0.617722
2.95207
0.137646
0.205731
-1.62534
0.414583
0.287115
1.63812
2.77063
0.0260119
0.543524
1.7379
0.214653
1.56025
1.31036
0.153676
-0.79922
-9.11027
2.71323
0.556292
-0.731184
0.41618
0.376884
2.66775
0.980476
0.313819
-0.698847
2.61552
-0.372182
-0.6615
2.56766
1.66776
-0.622083
-0.879324
-0.592926
0.809363
1.74487
-0.618593
2.50876
1.51053
0.390354
-0.579914
1.98405
0.3337
0.566366
0.0451261
-0.584101
1.31563
1.52469
-1.01607
1.48332
0.377975
-0.322044
-1.01263
2.36705
0.766096
1.36814
0.103295
-0.541869
-0.539475
-0.537696
-0.541569
-0.552363
-0.5454
0.166845
-0.541537
-0.60394
1.96329
2.32869
0.810708
0.948582
0.498235
1.16985
-0.624909
2.30504
0.000147865
-0.63765
1.83474
-1.04386
-0.645168
0.167117
2.20439
1.55608
1.02595
0.565356
1.57376
-0.652674
-0.66192
2.18084
-0.629503
0.376458
-0.106735
-0.801795
1.42023
2.14287
0.247106
1.84261
0.219667
1.22388
-0.713664
0.107523
0.256148
2.10547
0.0572756
-7.61882
2.06602
-0.867165
-0.291039
0.102204
-0.771196
2.0344
1.45112
0.640514
1.49033
0.410065
0.128747
0.103924
-0.799526
-0.587242
1.98017
0.655237
0.144379
1.58873
0.716696
-0.426919
0.121827
-0.815025
1.96596
-0.554078
1.43715
0.142312
-0.0142293
-0.854761
1.92512
0.76401
-0.596097
1.88074
-0.88298
0.163882
0.0706309
-7.62502
-0.382645
1.85337
-0.866568
1.77509
-0.91697
-0.753343
1.0173
0.0123437
1.01145
0.0962394
1.73269
-0.850407
0.570759
2.33953
1.69541
-0.959613
-0.219634
1.70079
-0.682657
-0.133804
1.26284
-0.93366
1.52562
1.65838
-0.00226067
0.441668
-1.78776
1.50774
0.966797
0.356982
-0.497997
-0.928098
-7.89297
1.60321
0.46845
-0.716112
0.274131
-0.776376
-0.99837
-0.555746
0.978131
1.56655
2.0163
1.46932
2.18968
1.52068
-0.973354
0.726896
0.210448
-0.539752
1.0919
0.102212
0.260176
0.926223
1.26779
0.178899
-1.02933
-0.564182
1.49925
-0.218641
0.00322075
1.75327
1.34255
0.10594
2.56184
-0.412828
0.585673
0.504586
-1.14784
0.34549
-0.633933
1.43517
1.67967
1.59744
1.1436
-1.35737
1.37238
1.30379
1.26465
1.17701
1.11553
1.0308
-5.91993
1.31809
0.962455
1.55511
0.830346
-0.675439
2.20337
-1.72475
-0.149406
-0.596585
1.30541
-4.23251
1.99557
-2.24156
0.420064
-2.98153
-0.554281
-3.99597
1.49377
-0.303251
-1.37727
-5.0946
-1.06342
-0.0799307
1.48272
-0.698359
-7.43745
1.56994
1.57604
0.00498061
-0.39959
1.61896
0.475619
-0.527864
0.350578
0.713862
1.4322
-1.1008
0.40236
-0.199289
1.6337
-0.835148
-0.722468
-0.532166
0.917381
1.53491
0.382403
-0.963402
0.874847
1.69325
1.09072
-1.1952
1.611
0.720661
1.23936
0.140615
1.49512
0.102534
0.00757265
0.00345422
0.820043
-2.44194
2.19335
0.114773
-0.565931
0.147084
-8.35774
1.90008
1.58552
1.32154
1.53974
0.49895
0.296015
-0.0821179
-0.680994
0.335737
-0.387257
0.396816
1.10669
-4.07644
0.170562
2.74616
-0.0167339
0.922817
0.995955
-0.506608
0.222526
0.993508
0.389384
0.952636
1.20656
1.53737
1.54476
1.50006
0.360732
1.70119
-8.89633
0.188542
-0.053985
-1.30952
0.291205
-0.388914
1.70662
-0.507691
1.36322
-0.853477
-0.625206
0.50952
-0.966354
-0.225355
-1.75979
0.49197
1.62533
-0.376708
0.0915157
0.141214
0.51296
0.304521
-0.10557
0.0660359
1.43653
0.398941
-0.145091
1.15212
0.41144
1.18818
-0.941525
0.370085
0.298223
0.0185732
0.393739
-0.537753
0.382993
0.168716
0.0505084
0.952366
2.21577
0.868029
-1.46553
1.48374
0.166457
1.17879
-0.0120014
0.095485
1.16782
-0.781734
-0.0101952
-0.552013
-0.490016
-0.762026
1.46279
0.0349792
1.76763
0.0734191
-0.0138172
2.30382
2.17923
-0.207436
0.729882
0.0347079
-0.00770666
1.63687
-0.407184
0.302904
-1.18397
0.148544
-2.65745
-0.0228399
0.765055
0.379225
0.0681564
-1.27104
1.54426
-0.537151
-1.77289
0.789357
0.400559
2.14925
0.377117
0.68425
2.25538
2.28669
0.0632972
1.99536
1.19394
1.51537
0.447248
1.99818
1.61842
0.507675
-1.97521
0.350872
1.13139
1.13348
-0.0198207
0.110575
0.0191187
2.85129
1.18981
0.414209
1.48477
0.934175
0.258608
1.39411
0.501324
1.92223
0.15572
-0.799875
0.39271
2.51209
-0.215937
1.61446
3.35072
1.4068
1.40957
0.420675
0.666337
-0.0151529
1.64857
2.66385
-2.26675
0.182413
2.55739
0.302271
0.327258
2.8263
0.201757
-0.555104
0.589486
0.257302
-7.83647
0.526403
0.0206376
-0.314611
0.309301
0.430222
-0.425839
0.33916
2.83928
1.65952
0.653589
1.07488
1.34043
-0.220973
1.35217
-1.95119
3.09803
0.0891482
-2.86309
-3.56051
2.12996
1.36722
1.42113
0.417968
-0.313222
-1.29726
0.0409462
0.216677
0.236132
1.1048
0.150302
0.271366
-0.117546
1.4532
0.401493
1.372
0.0979687
0.150906
0.539625
2.55688
1.37658
-1.56214
1.21065
-1.7317
1.70715
-0.25276
1.45553
2.47473
-0.327012
0.338616
-0.143139
0.369339
1.49928
-1.85219
0.770887
-0.269153
1.30246
-0.970081
0.286471
2.0629
0.260062
-0.1259
-0.289932
1.51774
1.71493
-0.615331
2.95475
1.28836
0.661248
1.23259
0.250387
1.57938
-0.210232
-1.84522
-0.210515
-0.39595
1.54082
0.276406
0.663125
-0.129387
2.44403
0.902992
0.101613
0.155412
0.345519
-1.77038
1.02311
1.11708
0.936605
-1.05848
0.115879
0.187236
0.878946
0.159474
1.0092
0.347313
0.418293
-0.280788
0.907914
0.570354
1.42503
-0.35951
0.127871
0.448949
1.50711
1.78738
0.458255
-0.280983
-0.571256
-0.626409
0.930281
2.99108
1.6457
-1.76011
0.993521
-0.503331
1.52546
-0.188242
1.05294
2.18965
-0.279953
-0.105966
-0.660535
1.51743
0.143724
0.354677
-0.0905504
-0.960378
-0.418618
-0.302489
-1.2751
1.63283
1.04785
0.335324
1.49191
-0.550174
1.52892
-0.280119
1.50754
0.364514
0.144952
1.41144
-10.0001
1.40199
-0.653053
-0.576009
2.33021
-0.580672
0.467296
-2.38752
-0.00313026
0.979399
2.06186
-0.396533
2.97616
2.58206
-1.30028
2.14528
0.146897
1.50352
2.77919
-2.2231
0.0601883
0.915228
1.37577
0.490335
-0.731588
-1.67039
-2.71429
-0.513108
0.208453
0.258424
1.45405
-1.1603
0.404177
1.32914
1.89503
-4.97852
1.94871
-0.0847237
-4.59565
0.304273
1.07692
1.48668
0.650183
1.82314
0.960447
3.30769
1.31358
-8.12249
3.24774
2.09061
2.19328
1.72078
3.1863
2.23049
0.313094
1.10834
3.11634
0.954358
0.394176
-0.063784
1.36572
-4.8382
0.964802
1.1925
-0.0141778
2.14489
1.51236
-1.63814
-0.167421
0.252077
2.04678
2.02402
0.210395
-0.18866
-0.640608
-8.93407
1.83809
0.149866
0.367021
-0.654014
2.98114
2.21345
0.273616
0.892385
-0.730693
-0.59823
1.88097
0.181781
2.74084
1.4241
-0.715173
0.328389
-0.624164
1.14521
-0.38229
-0.694697
-2.77421
2.68207
-0.762822
-0.673695
-0.806075
0.11517
2.69122
0.172864
-1.11028
-1.01258
0.582251
-1.0399
2.27189
0.634717
0.748805
-0.555486
0.0620318
0.669044
-0.71161
2.64149
-0.300136
0.168144
1.55084
0.960245
-1.77756
-0.803517
1.36742
-0.677818
-0.750652
2.31323
2.59274
2.02392
-0.273997
2.53865
2.15026
1.49826
0.997918
-0.640781
1.71356
1.12436
1.62594
1.59959
2.12441
1.71
-0.529298
-1.16174
1.381
-0.612971
1.26541
-0.962457
-0.553931
-1.13896
1.97038
0.00853022
0.597524
-0.568568
1.82264
-1.11506
-0.604083
0.0421672
1.32681
-1.33424
-0.937632
0.059743
1.48259
0.548956
-0.672231
0.0345342
-0.411291
0.306765
0.290934
0.0486478
0.344479
0.331999
-1.35613
1.35289
1.49704
-0.768624
-0.0551588
-0.123539
-1.08615
0.761687
1.35143
-1.00275
1.18731
1.06066
0.56566
1.57162
1.21715
2.34964
1.63243
2.25305
-0.377957
-0.539541
0.881995
-0.537432
-0.538245
-0.54482
0.870307
-0.550572
-0.546517
0.304131
0.405136
-0.6139
0.311815
0.671734
-0.36856
2.31468
1.30253
3.03311
-0.631479
-0.37647
-6.31763
2.90268
0.202478
0.944487
-1.19374
0.749729
-0.642427
-0.732089
-0.844457
0.719747
-0.605277
-0.651809
1.19455
-0.428837
1.38945
0.21332
0.756397
-1.46104
2.19573
0.331713
2.40145
0.503387
-0.652149
1.54611
-0.22456
0.776748
-0.0769513
-1.68357
-2.83717
0.201841
2.16251
1.47
-0.59638
2.14207
2.15853
-1.62651
0.142114
-0.655998
0.540032
1.25472
0.168796
-0.100525
2.12422
0.519052
0.17947
0.486916
-0.759452
-1.74609
2.41709
-0.272774
1.16272
-2.55826
1.35436
0.351252
1.84971
2.08552
-0.327098
0.30741
1.45345
-0.572788
1.02252
1.6994
0.380425
2.05066
-1.33078
-0.673146
0.324052
1.94049
0.0440103
1.95142
-0.511241
1.63564
1.4986
1.24876
0.341213
-0.789758
2.00732
2.06556
1.53651
-0.736072
0.00399319
-0.411359
-0.300151
-0.0645225
2.44997
-0.583414
0.675559
-0.808767
1.9777
-7.56761
0.0740133
0.207649
0.48624
1.52197
-0.132654
-0.306648
2.8368
1.48398
-0.833621
1.94648
1.01987
1.16454
0.288106
-1.0987
-0.198532
1.16994
0.325498
1.63169
1.9034
-0.868663
0.0648858
1.29998
0.34725
-4.7157
1.15408
0.497902
0.458963
1.04105
-0.0293612
1.06312
1.86688
-0.880807
0.931403
1.89967
1.31146
-0.681215
1.81508
-0.88643
1.41302
0.102011
-0.539927
0.45289
2.1371
0.160384
1.40284
-0.776823
1.75333
-0.895324
0.111479
1.07757
2.21964
-0.66561
1.16299
0.599632
-7.74189
1.41628
-0.890641
1.71748
1.98116
1.43643
-0.201219
2.26936
0.224278
1.4554
0.0940607
-0.950563
-1.9145
1.68068
-3.2492
0.826005
1.02603
-0.932838
1.45821
1.62927
0.206515
1.50558
0.64912
-0.755587
2.38568
-1.07708
-4.43861
-0.671677
1.58318
-0.715196
0.0969689
1.52792
1.24196
0.274104
0.85453
-0.953527
0.669336
-1.07919
-2.09168
0.893616
2.55033
-0.692588
1.58038
2.79887
0.998013
1.09914
-0.989328
1.48852
-1.31074
0.810847
-0.508616
0.506575
1.92226
-3.17928
-1.06839
1.46728
1.32612
1.02828
0.834607
-0.0168235
0.496501
0.647755
0.778084
1.49178
1.3848
-0.685886
0.670717
-1.22735
0.0309471
1.51743
-0.509669
1.40436
1.46125
0.129952
0.20944
2.26691
0.383046
0.245695
1.36008
1.3387
1.15662
1.28504
-0.362843
1.22271
1.14735
-0.149635
1.93457
-1.49541
0.811114
1.07301
2.03994
0.993125
0.628232
0.293851
2.06969
1.99041
-1.56317
0.966467
0.670177
-1.95986
0.742972
1.26109
0.711353
-2.56704
2.91785
2.15529
-0.502049
0.8724
0.40298
0.138162
-3.457
0.880333
0.505915
1.8375
-0.293761
-4.59078
2.09436
-0.694977
-0.685042
0.160578
1.49697
0.7114
1.62701
-0.289396
0.188383
2.51035
2.65715
1.11423
0.328265
-0.518439
3.34027
0.277346
2.11074
1.48615
0.162785
0.31609
-0.772306
0.0699393
1.93875
-0.754396
-0.553616
0.735311
-0.0616011
-0.00746838
-0.677177
2.18385
-1.21845
-0.650737
-0.530501
0.115535
0.769602
0.161382
-1.31652
0.711218
0.342534
0.281654
0.174312
2.55668
1.39909
1.6511
1.74059
0.963004
-0.524478
2.51917
0.0434777
-0.00808874
0.158912
1.34849
-1.0868
0.516241
1.97944
-0.586707
-1.35922
0.38492
1.56366
0.751359
-0.78016
-0.895054
1.45332
1.59458
2.41103
1.28614
1.68499
1.92619
1.88495
-0.144269
1.78216
-0.847908
0.719681
-1.84575
-0.304887
-0.270198
0.469009
-0.527512
1.67331
0.733657
0.0745479
-7.74375
-0.000603489
0.93519
-1.00673
-0.279224
-0.700329
1.45938
2.25571
-0.531099
0.232483
-0.954352
-0.405991
-0.645276
-0.173983
0.631219
1.46336
0.0973744
-1.2902
-0.612784
-0.332328
1.54119
0.0788336
-0.646844
0.0660471
-0.0896564
0.734361
-0.456573
0.70278
0.819587
2.63751
0.164894
-0.10139
2.08019
-2.33342
-0.0698679
-3.45393
0.603753
-0.590804
-7.88253
-0.53398
0.172589
0.363668
0.689812
-0.371896
-2.26078
-0.124523
-0.839057
0.168345
-0.652357
-0.0377695
-0.754324
2.09974
0.142868
1.59845
3.18449
2.1636
2.7435
-0.541002
2.00893
-1.55249
0.407389
-0.155588
-0.942323
-0.0998903
-0.0572809
0.269829
0.241559
1.00959
-0.374765
1.0416
-2.53381
-0.556815
-0.24217
-0.126064
1.65757
0.800675
-5.6607
1.11105
-0.983651
-1.85851
-6.94766
1.41928
-0.829503
-2.02046
-0.260859
-0.0719503
1.479
0.173569
-5.95858
-0.433091
1.46089
-0.676797
0.0872998
0.485108
-0.802777
-1.43327
-1.84852
-1.26244
-1.28693
-0.665445
-0.595164
-0.99381
-0.619253
0.424126
-0.123529
1.51639
-0.340195
0.232829
1.00162
-0.295982
-0.157986
0.786809
2.98929
0.189322
0.455126
0.062433
-0.358017
-2.94846
1.5638
-0.209319
-0.49371
1.47215
-0.619416
-0.846213
1.89614
-1.00853
-1.99058
2.10674
1.15875
0.304339
-0.0465177
-1.7799
-0.531256
-0.834265
1.42459
1.84798
-1.1677
-0.977772
0.456677
-1.07654
0.0986515
1.2641
0.124482
2.05849
2.20674
-0.691087
0.893354
-0.874337
-1.81317
-0.806162
-0.672599
1.31844
0.548457
2.76856
-1.52528
-1.39985
2.96907
-1.48415
-7.9287
-0.504137
-0.567158
1.32177
1.27759
-0.997287
-1.02651
0.933866
2.3382
0.0854008
2.38895
-0.266211
-6.90528
-0.200563
-3.49104
-0.531212
-0.168047
0.0640643
-0.130388
-0.334321
1.91982
0.589121
-0.370382
0.820926
3.04557
-8.18061
-0.870233
-0.945014
-0.0781646
2.97883
-0.982274
0.686558
0.268141
-0.66745
-0.983263
-2.53133
0.270075
0.333247
0.237603
0.151547
0.257736
-2.10408
2.48788
-0.357247
-3.80913
2.5341
1.06567
2.06167
-4.11717
1.39551
-0.0522378
-0.47369
1.29769
1.08873
2.19996
0.631297
0.245284
0.624126
0.469737
-0.238023
-0.808159
0.32767
-0.101612
-8.3828
0.929757
0.22113
0.229358
0.583851
-0.852733
2.41885
1.55218
1.44444
-0.0403178
-4.3816
1.28536
-3.07487
-0.320753
1.46744
0.319674
-3.53483
0.00657242
2.24794
-0.419692
2.15742
0.128366
2.01867
-1.63054
2.21859
0.808041
0.888481
-1.58401
0.0136145
1.47553
0.830013
-0.259393
0.297391
-8.30041
0.399168
-0.951319
2.40255
-0.262951
0.384403
-1.09109
0.53791
2.0164
-0.848335
-0.705098
0.830354
2.40599
-0.503616
-0.0933454
0.306529
0.343145
-0.908819
0.179634
1.25061
-0.475614
0.71759
1.46587
2.56009
0.955762
1.97276
1.81318
-0.459975
0.257551
-0.0409195
2.36924
2.9085
-0.579782
0.490551
-0.287835
-2.128
-0.902824
-0.0771162
2.53252
-0.993264
1.51602
-0.215173
0.616399
2.11132
1.49779
-0.425361
-0.680904
1.20554
2.24047
-0.504892
0.501464
0.436295
1.57796
0.789224
-9.40071
-0.523371
-0.296607
-8.43401
1.66436
-0.564948
-3.54187
-0.390919
-7.85548
1.50666
-0.373793
-0.623858
0.180187
0.961368
2.45588
0.18199
-0.285981
0.31829
-0.518583
1.65075
3.00358
0.254235
-0.49277
-0.913929
-0.342185
0.530205
0.138565
-0.275998
2.90567
0.00599529
2.33215
-0.627204
0.341419
0.590814
-0.608876
-1.17584
-0.137147
-4.1477
0.842063
0.268785
-0.385402
-7.53436
0.819405
0.045511
-0.315422
-1.99772
0.624922
0.784215
2.25195
-0.133027
0.276797
0.621189
0.586255
0.178585
-0.646798
2.21783
-0.60444
1.4445
1.93793
1.56326
-0.539998
0.562885
1.53085
0.14579
-1.18679
0.136007
1.04185
2.16121
2.22113
1.8594
1.58236
-1.85061
-0.698653
0.725359
0.36365
-0.820632
2.74103
1.60034
0.935494
1.16916
0.795812
-7.81301
-0.613737
1.9307
0.383353
1.17921
0.258737
2.08398
1.46386
-1.31239
2.28891
-2.58216
-0.798388
-0.639422
0.11245
-0.792409
0.160414
-0.456864
-0.577447
1.31097
-0.530429
0.312094
-0.547751
0.604929
-1.04154
0.310515
0.426879
2.37028
-0.331822
0.0884356
-0.963895
0.63452
1.9881
0.825665
-0.676023
-1.36989
-1.55433
1.01654
-0.204167
0.195522
-1.46481
-1.71909
0.130118
1.47432
3.16981
3.00666
-1.05659
0.388413
-8.04839
2.36244
1.58721
1.68633
1.77968
-0.498896
2.60258
0.34299
-0.305711
0.221996
-2.36953
1.99081
-0.803306
-1.16996
1.04593
1.2242
-1.80927
1.17525
2.05751
1.17253
2.04282
0.424339
1.52722
1.40006
0.706166
-1.47116
2.39694
-0.296213
0.562801
-1.62926
-0.336465
0.109144
0.559406
-0.977206
1.74634
2.08658
0.791923
-0.838095
2.00594
0.721423
-4.3971
1.0448
0.782865
-0.872251
0.606053
1.93178
0.203724
0.0428377
0.67212
-1.09605
-0.517721
-0.168855
-1.6825
0.79982
1.42375
2.50818
2.85195
-0.344575
-0.339196
1.13307
-0.141996
-3.00873
2.13266
-0.970149
-4.24883
0.863762
-1.40965
-1.09587
-1.67905
1.08491
-0.617467
0.736359
2.12889
0.550825
-1.69548
-0.57306
2.34121
0.345161
-3.12194
-0.704323
1.19833
-0.578898
1.48915
-0.301276
2.1242
1.38401
1.0875
-0.490459
-0.219116
2.33669
0.890227
0.186197
-3.11168
-0.575192
-1.77465
1.40759
1.18548
0.714072
-2.04542
-0.563394
1.23163
-0.275987
-1.18773
0.288972
1.2404
2.68696
0.17986
0.162016
-0.312545
0.115056
0.069232
1.19786
0.861626
-0.627392
-1.68163
0.336325
2.01031
-0.636966
0.354977
1.4393
1.87275
2.17306
-0.793553
-0.2813
1.1869
1.02173
-0.401649
-1.09745
-0.62596
-0.594769
1.22693
-0.53581
1.04628
-0.431087
-0.0258725
-0.987642
0.0793838
-0.522988
-0.14222
-1.98283
2.0959
2.04923
1.09849
-1.20328
2.34998
1.2796
-0.254552
0.0678251
-0.648021
0.16978
-1.36212
-0.63729
-5.3106
1.10533
-0.941511
0.698349
0.120606
-0.539922
2.45558
1.14769
2.12257
1.99288
-0.21982
-8.66417
-0.478474
2.74668
0.130386
0.838529
1.44605
-0.107268
1.72
0.971402
0.20523
1.1806
0.211443
1.79759
2.04949
1.21868
1.58452
-1.03327
1.41137
0.388309
-0.641392
1.64634
2.28384
0.330176
-0.270593
-0.604603
2.46221
-0.167035
-6.42008
-0.633763
0.206245
-0.0658973
2.77294
0.243715
0.312045
1.90289
-0.815457
0.246673
-2.0123
1.62268
0.940924
0.83642
-0.209336
2.20086
0.1575
2.6988
2.65969
-0.188212
1.63402
-0.222264
0.594228
-1.96589
1.62967
-0.534558
2.1032
-1.08463
1.78754
0.38093
1.07915
1.98257
-0.344934
0.096471
-0.513463
-0.559465
-0.131489
-0.655428
-0.14346
-3.02079
-0.169595
2.1963
-0.30068
2.42025
0.196375
-0.600653
-0.136192
-0.535832
-0.591246
-0.500424
-2.04809
-2.34155
-0.347552
2.06953
-1.2464
2.15531
-0.503324
-2.52199
-0.999702
-2.39245
0.782447
0.301687
2.35385
0.353503
-0.4721
0.256009
-2.19612
1.34482
-1.00054
1.06748
0.21713
-8.62932
0.3091
-0.360575
0.459749
-0.0412079
0.311428
2.0262
2.42054
0.166081
0.19457
1.42957
1.45084
2.42119
2.87307
1.01537
0.239714
1.51
0.758801
-0.272579
-0.907286
2.37041
-1.05297
0.734717
-0.54256
0.465714
0.115043
-0.905778
0.283224
0.591232
0.512582
2.86731
0.247268
1.52271
1.46104
-6.58861
0.625521
-1.26575
1.34956
-1.38524
-0.563073
0.298699
-1.05292
1.32711
0.403049
2.57862
-0.837509
2.16085
-0.857919
2.73682
1.57494
1.43174
-0.621564
-0.574953
0.15325
-0.64245
-0.81659
1.88018
1.94819
1.26314
-0.923095
2.74133
0.838748
1.5167
-0.949401
-8.13416
-0.304657
0.0167904
1.61614
-0.243053
-1.60195
-0.672988
0.233096
2.26598
0.988733
-8.25144
0.656727
0.14675
-0.815604
0.500321
0.288657
1.01145
-0.60116
0.0747448
-0.185479
0.233105
-1.13739
-0.682754
-0.797281
-0.767408
0.161762
1.57176
0.18139
0.783853
-1.51974
1.90063
-0.746286
-0.496955
0.258474
-0.124182
-2.60174
2.33523
1.50234
0.369774
0.360012
2.03919
-0.303842
-0.657227
-0.281237
0.0954502
-0.232391
1.04928
1.06037
0.156064
0.55186
2.15342
-1.15802
-0.343704
0.982716
0.494384
-0.534991
1.92419
-8.9756
2.21305
1.03093
1.83037
-0.233831
-0.527996
-2.97726
0.184984
2.1735
-0.235759
1.56167
0.846187
-0.398605
0.478212
-0.164981
2.61263
1.09316
0.405644
0.777705
0.22523
-1.75473
2.02187
-1.2632
1.2042
1.72944
2.8898
1.66136
-0.78124
-0.866368
-0.538595
0.131607
2.03528
-0.0486199
0.246176
-2.70757
-5.98524
2.01616
0.53374
-0.700036
0.256809
1.95042
2.71193
0.268323
0.319887
1.95434
1.80875
1.12019
2.14143
-0.0991231
-0.633339
1.43016
-0.62104
0.393098
0.175734
-0.636602
2.08216
1.15865
-0.604629
-1.1644
1.95693
-0.850848
-0.635799
0.198833
0.64654
1.4154
2.17839
-2.39012
0.0832916
-0.631998
2.85317
3.22287
1.5433
1.75622
-0.107896
-0.992578
2.77892
0.558164
-0.512489
0.135934
-0.0790674
-0.779105
-0.584209
-0.963406
1.1658
-0.027275
-1.31354
1.75977
1.54817
-0.589098
-0.830613
-0.055941
0.7049
0.984144
2.07106
-2.80186
0.276933
0.0146848
0.821956
-7.37808
0.153967
1.877
1.69067
0.0812355
1.9833
1.78931
1.44792
0.872653
0.75441
-0.595541
1.57886
0.88427
-0.262029
0.341921
-0.530666
1.92392
-0.574322
0.903768
0.900447
1.45937
-0.536002
1.61834
3.30169
-3.10361
1.04497
0.486904
-1.11931
2.60289
0.191696
0.949132
-2.3468
0.218534
-1.61089
0.575226
0.386238
0.983539
0.757915
-3.21603
0.214117
-0.909202
1.96301
0.812263
-8.74418
1.7131
1.45441
2.51826
3.2141
0.272801
1.36872
-0.284134
1.06273
0.265301
0.962612
2.42403
2.05372
0.0302079
0.187062
1.31616
-0.571866
-0.70141
-0.247864
-0.136818
-0.88443
3.27873
-0.525318
0.0605059
1.94497
0.784694
0.940675
-1.80436
-0.474917
-0.435388
1.92326
0.0631019
0.265453
0.454816
-8.72913
-0.900375
-0.544966
1.71492
0.994276
1.62658
-0.554675
1.25896
0.14246
1.6545
-0.584118
1.41069
1.46652
2.0983
-1.2384
-8.26723
1.0074
0.122581
-1.1514
-0.0389514
0.569727
-2.04065
2.47377
-0.649694
-1.04233
1.02797
-1.12482
-0.618911
-0.550459
-0.534373
1.51638
1.10635
-1.91367
0.689834
0.931061
1.48207
0.542529
0.20548
0.158133
2.70894
-0.927318
0.749765
0.373363
0.0334766
0.581796
-0.649229
1.60053
1.67264
-0.238555
-0.817081
-0.294242
-0.877652
-0.873862
1.07023
-0.937407
-0.822381
0.652403
0.369036
-0.0980694
-0.217861
2.15796
2.84771
-0.414697
1.87839
2.81957
0.845937
-1.4568
-0.521906
-1.08107
-0.306165
-1.75765
-3.50849
-0.278877
0.947445
-1.57603
0.803392
0.369974
1.75549
0.489101
1.78287
-0.938931
0.0775601
0.495326
2.59186
0.985104
-7.50553
1.04232
-0.643728
-1.84
2.08221
1.33678
-0.178046
1.47299
0.176706
0.165778
1.71416
0.0716522
-0.54094
-0.714386
1.31025
1.87584
2.82672
0.618233
1.46273
-1.33151
1.33192
-0.754431
-0.103713
1.0359
-0.102611
0.452666
1.85325
1.60152
0.460057
1.95934
-0.62559
1.3907
0.673698
1.41331
0.110783
1.49923
1.42054
-1.88908
1.86878
-0.192951
-0.0936309
0.44273
2.57504
0.160265
0.890814
0.589988
0.451768
2.46121
0.560729
2.73938
-0.590417
0.000467519
1.74891
0.5629
0.088924
0.490331
0.474382
-0.042072
1.20066
0.823512
2.58056
1.36672
0.907807
)
;

boundaryField
{
    SideWalls
    {
        type            empty;
    }
    Top
    {
        type            zeroGradient;
    }
    Inlet
    {
        type            zeroGradient;
    }
    Bottom
    {
        type            zeroGradient;
    }
    Outlet
    {
        type            fixedValue;
        value           uniform 0;
    }
    Plate
    {
        type            zeroGradient;
    }
}


// ************************************************************************* //
