/*--------------------------------*- C++ -*----------------------------------*\
| =========                 |                                                 |
| \\      /  F ield         | OpenFOAM: The Open Source CFD Toolbox           |
|  \\    /   O peration     | Version:  2306                                  |
|   \\  /    A nd           | Website:  www.openfoam.com                      |
|    \\/     M anipulation  |                                                 |
\*---------------------------------------------------------------------------*/
FoamFile
{
    version     2.0;
    format      ascii;
    arch        "LSB;label=32;scalar=64";
    class       volScalarField;
    location    "3.2";
    object      p;
}
// * * * * * * * * * * * * * * * * * * * * * * * * * * * * * * * * * * * * * //

dimensions      [0 2 -2 0 0 0 0];

internalField   nonuniform List<scalar> 
5098
(
-0.783869
0.390506
0.244425
1.90554
-0.397405
2.13005
0.0810023
-0.582502
0.256096
0.222977
-0.34329
0.720019
0.360743
2.40035
-0.276446
0.0299424
-0.329833
-0.407415
-5.65415
-0.335064
1.31037
0.0316662
0.899166
2.92799
-0.489774
2.05931
1.28963
1.38427
-5.47922
0.623613
0.624292
2.56942
1.54967
-0.20751
-0.365163
-2.78442
1.53544
1.51638
2.30687
1.06928
1.86938
-1.58247
2.03189
0.127395
-0.270809
0.50999
-0.344298
2.60682
0.637703
1.94239
0.179619
1.72856
-3.42868
1.40047
2.13243
2.01244
1.45409
1.78913
2.57524
-0.10344
-0.0144189
-0.359483
-0.384643
0.389511
-3.61302
2.42696
0.00287374
0.0877211
1.21213
1.70225
1.41129
-0.289763
1.21515
0.0146625
-0.00535319
1.94345
0.0868582
2.06424
0.175213
1.9508
-0.120117
-2.65921
1.88177
-0.234884
-0.427088
0.564155
3.16881
0.0740594
-0.787787
0.0161094
0.858874
-7.44919
0.711822
1.90689
2.31902
-0.17636
1.67966
2.10335
0.013625
1.23077
-0.531899
2.06973
-0.0379792
0.139895
2.06391
-0.529884
1.32895
0.0802862
2.64641
-0.348218
1.8052
-5.49686
1.46132
-7.82794
1.2449
-5.73465
-2.08357
-1.59651
0.0686516
2.90505
1.68975
0.176663
0.185474
-2.90654
-8.22137
-0.337327
1.34119
0.940505
2.3489
-8.05589
-1.05596
2.5075
2.47755
-1.35205
-0.34821
-0.899624
-1.59052
1.28379
2.33562
1.41197
1.73404
-0.240172
1.30072
0.274016
0.50316
0.127046
1.26515
-0.351755
-0.735555
1.08178
-1.25461
-4.37143
-0.378214
1.51604
3.19411
2.8499
1.79289
-0.48895
1.87376
-5.23452
1.4065
-0.30903
-4.41266
1.72665
-0.402375
0.476164
-0.427346
0.564268
-0.4993
1.78409
-0.212571
1.94645
0.26983
1.39427
0.575949
0.634142
1.84261
-2.45507
1.80288
3.186
-2.94137
-1.84221
1.68313
-0.403472
1.68901
-0.997057
2.02633
1.50617
1.91835
-8.41042
-5.32463
0.243086
1.16639
-0.0173554
0.504874
-7.4973
-2.5481
-0.99133
0.0116088
1.74976
-1.06186
1.72902
-0.257039
0.412223
1.34972
2.84687
-0.555601
2.36389
0.935714
1.15617
1.54996
1.69561
0.222084
0.437404
-0.498601
-5.44168
-0.0378638
-0.366654
-7.84386
0.664107
0.781707
2.04347
0.0820113
0.772294
-6.49556
1.4512
3.11371
1.38022
1.30008
0.245096
1.40609
2.98109
-2.31299
-0.00661332
0.416428
0.42976
0.988609
-4.03817
-1.37239
1.69858
-2.97223
0.221701
0.168164
2.68893
1.27029
0.850309
2.35717
-0.354861
-0.327661
0.825255
0.266675
1.33313
-5.85818
-2.22454
1.55672
-4.88505
-0.355228
0.140645
2.56852
0.00984626
-0.962583
-4.38685
-0.57964
1.231
0.0192773
-0.355861
-5.24355
-0.352267
-0.158186
1.73631
-7.78521
-0.048408
-5.27504
-0.301165
2.53895
0.00392945
-1.35998
-1.16569
0.673079
1.55071
-0.942836
-0.558349
-6.24494
-0.558113
-0.179494
-0.207407
1.55071
0.145412
0.482598
0.778094
-2.94735
-8.02524
2.68443
-0.189774
1.29573
0.199726
-0.296735
0.56415
1.17742
1.56243
0.143265
-0.63705
2.00448
1.23255
-0.354116
1.53052
-1.9495
0.657327
1.64988
-0.344408
0.884583
-5.78675
2.08844
-0.0542095
0.318621
3.17796
-1.54555
0.0704236
1.02321
2.78283
0.148942
-7.42838
-1.21555
-6.85348
0.00304321
2.33838
0.345547
1.32844
2.61917
0.0637113
1.67996
0.970715
2.33805
0.582702
1.66247
0.152037
0.604463
1.96775
1.24994
1.64778
1.26237
1.73289
0.249384
1.45014
-5.14088
-0.00636691
1.30598
-5.54742
-1.56287
0.692216
0.401673
2.74396
2.75727
-0.973922
-0.0645527
-0.75288
-0.782516
0.577921
2.3132
-0.213436
1.3587
1.3355
0.950888
0.051843
0.0691609
2.56611
1.47432
0.815239
0.654093
-5.16326
2.47992
0.0832699
-2.85954
0.0662668
-0.265563
-0.35818
1.7069
0.245887
0.620716
0.0684555
1.39719
-0.340085
1.5533
-0.643674
0.214752
-2.35161
-0.359248
-3.62352
1.83714
-0.0674531
1.24268
0.3418
1.45543
1.81105
0.941004
-3.74175
1.97531
-8.10483
0.4423
-0.421299
-3.93378
2.72671
1.96967
1.3666
-5.69077
0.398917
1.41933
-0.358792
0.210748
-0.748691
1.39615
-0.222654
-4.12384
-0.027208
-1.78221
0.0684526
1.25022
2.70858
-2.21959
0.690544
1.39176
2.05095
-0.832705
0.745913
-0.746633
-7.69999
0.0121054
-0.28096
-0.260215
1.40955
0.0124493
-5.37333
0.0169604
1.53883
-2.0924
-6.84201
0.179141
0.939492
1.12734
-4.95978
1.78387
1.65249
0.96685
-0.32909
1.16999
-1.82252
-1.36825
-0.279232
-5.48026
1.35988
-0.336643
0.914076
1.41937
-0.313557
-0.327191
0.199639
-1.61193
0.653856
1.43894
-2.9624
2.00359
0.0536289
2.70172
-2.68329
1.84366
-0.385764
-7.22841
-1.74672
-0.355134
1.83057
-5.30008
0.611564
-0.151928
-1.28719
1.25919
-7.10019
-5.41315
2.07223
-3.06148
0.774611
0.658256
-0.935793
-8.73577
1.16921
-0.178019
1.61648
0.206472
-0.386827
0.0608421
1.47511
-2.8476
-0.304562
-0.525441
-4.18618
-7.21954
-0.0120813
2.20221
-3.45758
2.12299
1.53929
-0.387177
0.912059
-5.39558
-0.425467
-5.32702
-3.91769
0.975293
0.802577
-3.33017
-0.246965
-8.39464
1.38546
1.52903
0.4367
0.654509
1.34914
2.78316
-2.01301
-0.468776
2.21799
-0.361026
-0.356458
2.72348
0.0715352
-3.87036
0.0319822
-1.86688
-4.10949
1.38595
0.670388
0.35964
3.0917
-0.500156
-0.110303
-0.384052
-0.355814
0.0769557
-1.72982
-7.34644
-0.315348
1.28244
-0.0331393
-2.36761
1.6796
-0.323681
-0.361415
-0.259916
-0.345683
3.11352
-3.2412
-2.21118
1.6472
0.0737578
-4.56879
-0.717971
-0.317484
-0.984285
2.10681
-0.336923
-0.734301
-0.32941
-0.311895
1.6397
-6.16573
-0.0974667
-5.40727
-5.92493
0.0796693
-0.46267
-5.6093
0.7636
0.510108
-5.55811
1.28793
1.68825
3.10696
-0.229831
1.65129
2.36042
-0.583804
0.12867
-1.15099
0.629684
-0.174936
0.312738
-0.0891396
0.0672561
0.93622
0.520391
-2.15411
-8.99658
2.70428
-1.24323
-0.432914
-0.314709
1.63661
0.939952
0.805178
-2.67942
-2.38176
0.0619049
1.9004
0.645963
0.277054
2.50988
-0.212878
2.38319
-0.431391
-1.84286
-0.156045
-0.261314
-2.8729
-7.82489
2.43989
-2.64665
-2.42004
2.47329
-0.69802
-0.186978
-0.314477
2.68302
-5.73134
2.20096
0.16814
0.00863096
0.32101
-8.37587
1.10189
-0.230606
0.031916
-0.649654
1.31463
1.84168
-0.58244
0.130323
1.79954
2.60247
-2.22458
1.55807
3.09388
-2.31415
0.888822
-0.560505
1.51348
2.18134
1.91005
-4.88348
1.4242
0.466453
-0.361943
1.29977
-0.25425
1.74455
-0.343575
1.49442
0.908205
-0.129475
0.0718001
0.446204
1.47502
1.87282
0.073377
-0.399464
2.59255
1.62631
1.99275
0.208829
-0.254252
0.0861008
0.0950838
2.52542
2.73525
-3.23716
1.58473
-0.359629
-4.27826
0.00347386
1.43291
-5.50991
-5.28538
-0.367683
-0.401266
-0.105356
0.684734
-6.16603
1.56364
1.92145
-5.43972
1.97919
0.0393653
1.51821
-4.06607
-0.428045
0.0631729
2.64975
-0.237826
-0.317295
-1.08729
-5.56857
1.2937
-0.475978
0.794254
2.44927
-0.389409
-0.462103
-3.50368
-0.966374
-5.30889
1.91581
-0.96486
2.65905
2.58977
2.42155
-0.441398
-8.5353
-5.02718
-5.40709
0.0874341
-9.4344
-4.61642
-8.0785
-0.431206
2.01113
-7.77769
1.75525
-0.478379
2.39093
1.33751
-4.89849
0.174978
-5.55793
3.00807
0.0969102
1.34591
-1.24776
-0.501226
-0.412887
-0.462467
-3.88507
1.91624
-0.307229
-0.510529
-4.61394
-7.73234
0.900132
-0.355177
-0.150791
0.056888
0.366223
0.36232
-0.763223
1.89364
2.4192
-4.38231
1.03616
-0.451783
1.7982
-5.1716
-0.142489
1.00377
-0.368965
0.0735453
-7.31738
-0.261985
-1.28191
-0.397358
1.66467
1.14472
-4.59813
-0.206618
0.958904
1.23891
-0.0575106
0.535904
-0.813048
3.05782
1.03986
1.74259
-0.0367592
0.685977
-2.87845
-1.45972
-0.255946
-1.65056
-0.281122
2.50668
2.13919
-0.353413
0.86139
-0.357622
2.23262
0.668711
-7.10204
-4.48999
-8.65664
-5.30633
-0.0066732
0.123849
1.55399
-1.4391
-0.179352
-6.47421
1.2391
-0.344946
-8.95476
1.99539
0.824223
2.55321
-0.369209
1.63203
1.97747
1.83715
-0.274062
1.66994
-0.21664
0.366992
0.248599
-0.175913
0.903085
-7.91197
-2.57865
-0.463884
-1.09941
0.633712
1.44922
0.4065
-8.2896
0.425297
3.15746
-0.355401
1.75118
0.0199772
2.44767
-5.93512
1.40425
-0.281225
-0.601611
2.61882
-0.228579
-4.75592
0.598474
2.70768
1.70479
-0.432686
-0.655898
-1.94512
-7.35824
-2.97129
-9.64476
1.79937
-5.4395
-8.04136
-7.03333
1.14912
0.0276928
-5.85985
-0.7947
-4.28329
1.01657
-0.0247609
1.58287
-0.438441
-5.38867
2.46371
-6.25825
-2.44031
-5.4694
0.311187
-7.23677
-3.7195
-1.61462
-0.0677109
0.0485878
1.27613
-2.54581
-0.788209
-5.64991
0.150723
0.106976
0.421107
-0.868019
-5.91026
1.37999
-0.232141
2.3494
1.88019
0.585555
1.95233
0.487417
1.29027
2.8848
1.97003
-1.53735
-0.477073
0.0240355
-0.493598
-0.622502
-0.549652
1.67769
-4.14654
2.24425
2.33689
1.5294
1.5061
-1.26397
0.784888
-2.41983
-0.0554485
2.49415
1.79666
-0.275368
-0.0948016
-6.10477
-0.68726
-0.199267
-5.48175
-2.10711
-0.547868
-0.12267
-0.373034
0.567447
2.57132
1.58912
1.83606
1.63947
1.87708
0.0643978
-0.211713
-0.363767
-4.83965
0.471239
0.304113
1.27735
0.967653
2.65738
-0.796937
-0.588936
0.0483197
1.47179
-0.31286
-0.188323
-7.2389
2.97319
1.56304
-8.32988
1.48576
-0.533236
-1.30746
1.29206
1.71162
0.901781
0.420947
0.693836
-0.306271
-0.182252
0.11555
2.50508
-1.4578
2.20544
-1.24074
-0.322073
-2.6267
1.20043
1.84735
-1.00798
0.0788384
2.95557
0.415007
1.2898
1.30623
2.73941
0.115679
1.71107
-0.292042
1.73603
0.0940006
-0.154604
2.2534
3.05837
0.415379
-0.404581
0.0878808
-0.719124
-4.4381
1.598
0.693773
-2.6932
1.4547
1.9326
1.43003
1.52696
0.146627
1.60147
2.26555
-0.672508
2.81623
1.89563
0.828339
0.00662574
-1.2352
0.131556
1.62094
0.273535
1.66079
1.89414
1.48725
-0.913954
-0.860254
1.94741
1.11275
2.14087
-0.207636
1.40696
1.74415
1.11276
1.99782
1.97891
0.0992672
0.0913574
1.53956
1.94465
-0.812689
-0.431554
-1.24129
1.92433
0.31944
1.71074
2.74532
-0.444541
2.66171
2.92037
-0.0320846
-0.664382
-0.000170731
3.12685
-3.80727
1.86722
2.76432
0.629374
-5.68529
0.784594
1.18348
2.89433
1.1793
1.19303
3.01092
2.1526
0.0790039
2.9908
2.44255
-0.0157422
-0.35339
-6.45257
0.00843759
0.395772
1.84613
2.41257
-3.72684
-0.0708318
0.901776
0.520532
2.09651
-2.47787
2.56779
-1.02795
-1.51634
1.30948
-2.40773
1.88739
-0.505177
1.25042
-0.362536
2.41873
1.62318
1.52138
1.63841
-1.04373
-0.191829
-0.093468
0.936708
0.998576
2.56064
1.77925
0.034357
1.05231
0.467711
-0.36477
2.39333
-0.0729099
1.98991
-0.0541343
0.0390544
-0.409037
0.250708
0.815137
2.70452
-0.170543
1.09414
-0.376339
-0.386165
2.3146
2.22817
-0.411817
2.26197
0.535374
-0.38914
0.265562
0.981911
3.08228
-0.193469
-3.03039
2.0505
-0.242971
1.65964
-6.9313
-2.1776
0.141297
-7.30003
-3.23533
0.509088
1.70094
-0.0681219
-2.82984
0.0137114
-0.371079
-2.24362
0.706698
2.59269
1.17933
1.02491
-0.280522
-0.295525
0.213525
1.20931
-0.410639
0.012008
0.0963244
-0.000202239
0.211696
1.0896
0.516358
0.680975
1.14401
1.04324
-1.70808
-4.73724
0.279512
-0.723076
2.95774
0.965681
0.599435
-0.257998
-0.662251
-0.838503
-0.0440306
-0.383647
-1.44142
-0.265569
-0.624701
1.69948
0.407379
0.0529148
1.83391
-3.63276
-0.792239
2.54118
-2.42927
-2.19967
0.543602
1.47097
-0.417156
0.337302
-0.621801
0.0861021
-0.333835
-0.319427
1.89063
-0.50133
0.944599
0.0806049
-0.465523
-0.449322
-0.223061
1.30777
0.194906
-0.359591
2.53595
-6.87314
1.64377
-0.860408
-3.53352
-2.36371
-0.343051
-10.0125
1.55682
1.49255
1.59508
-0.232827
-2.05106
2.24918
-0.493318
-2.68312
0.0170935
-0.572502
0.0612617
0.102881
2.29575
-8.34075
-5.55079
-0.419039
1.08235
0.936991
-1.42473
0.999993
0.161462
-0.553088
0.499666
0.964099
0.613519
-0.0171682
-0.834905
2.37266
-0.205924
0.021172
0.912595
0.0180978
1.04812
-1.09124
-0.295263
-0.393622
1.11854
-0.0125888
0.101811
0.690199
0.0125343
0.14425
-0.419169
1.60144
-0.0711025
-0.469348
1.4311
1.32452
-0.00806472
0.757466
0.754114
1.51236
1.91967
1.69798
0.0852527
2.6086
1.26
-2.05432
1.09038
-1.44516
-0.365663
0.0589337
0.601374
-0.760817
2.62868
0.444462
0.415777
-0.164592
0.654193
-0.24189
0.523186
-4.54009
1.27159
-0.246406
1.45509
0.826275
1.51058
-2.02443
1.98096
-1.35941
1.52012
1.60314
0.494144
-0.257372
-1.10182
-0.352174
1.81827
-0.595364
-5.33948
1.78667
0.999091
0.0308567
1.82771
1.17952
-0.688708
2.42103
-2.01291
0.232739
-0.860068
-1.14266
0.0148638
-0.241405
-0.493927
2.67666
-0.00835773
0.447592
-0.249454
-0.38614
1.58242
1.95629
0.0141425
0.0437369
1.43361
-4.62789
1.41305
1.49869
-0.25698
-0.304046
1.05959
-0.173754
2.71294
-9.09331
1.15097
-0.0175599
-1.42489
2.59881
1.68956
0.3213
2.17115
-0.471513
1.98387
1.9286
-0.440717
1.44732
1.41492
1.15109
1.45244
-1.11909
1.58284
0.0385726
0.780202
0.00782619
-5.65562
1.60311
-5.0068
-7.47271
-0.0922109
-0.0869702
1.14858
-8.18734
1.44578
0.377331
0.743098
1.45098
1.22266
0.373186
0.233531
-0.462795
1.45347
0.846572
-2.21309
-0.776777
-0.288671
1.50133
-1.66305
-0.984091
1.30728
-1.27064
1.9235
0.870855
-2.9191
-8.78483
1.72764
1.90875
-0.388697
1.2734
-8.59497
-0.694286
-5.27943
0.372381
-0.579723
-8.1874
2.88597
0.713503
-6.69461
0.0262981
-0.453984
1.43698
0.861155
-0.825503
-7.2419
-0.361358
-0.427997
-9.88964
1.13116
2.40108
-0.332393
-0.668521
0.0129627
-5.14641
1.78677
2.91972
-6.46044
1.05057
1.59923
-6.21041
0.451269
2.62306
-4.00035
-0.731535
1.17939
1.30538
1.15754
-0.604322
0.847762
0.0116696
0.948735
-2.26023
0.0730477
1.48758
-0.266493
0.262239
0.901435
1.36248
0.83314
0.0948911
0.6217
1.49592
1.10048
1.37301
2.72687
-1.1398
2.55482
0.0244476
2.49925
3.05011
-4.12136
0.248794
0.323967
1.38912
-5.11334
0.638256
0.943321
0.0465074
1.65804
2.22993
1.71647
1.76666
0.373935
1.04041
-2.28064
2.98132
-1.99836
0.0277571
-0.352133
-0.591757
-3.71159
1.50581
1.76109
0.860955
1.84039
-2.43941
0.0957113
1.91596
1.44562
-0.193531
-0.335557
0.00215955
0.0130589
0.425388
1.60824
2.85561
1.38365
2.05748
1.98125
1.6769
2.73586
0.96862
1.45931
0.135061
-0.379229
0.74047
1.16251
1.16048
3.01807
0.437264
0.804343
0.00337191
0.0829726
2.88739
0.860468
-0.413682
-1.15878
1.26137
-0.987675
-0.0437629
2.13865
1.49166
1.38305
1.60042
-0.0876407
2.18174
-5.12901
1.35881
0.237712
0.0169045
0.0391261
2.3884
0.118552
-0.172585
1.53309
1.456
-0.492342
1.31158
2.45969
-0.162448
-0.520177
-2.51146
-5.45665
-0.418193
-0.982741
-0.470426
1.31599
0.536678
0.068077
1.59641
0.00739388
-0.329325
-0.859854
-4.16369
-0.913303
0.225387
-2.61499
-6.59546
1.44024
1.38204
2.07266
-0.346707
0.559537
-0.0882934
1.35768
2.34931
-1.48309
0.0282577
0.046568
2.47866
1.17111
-0.304996
-0.621678
-5.43613
0.0489086
0.0880642
2.6215
0.0584423
0.00584846
0.599928
0.540671
0.0130098
0.793177
0.258522
0.743021
-1.72635
-0.757792
0.129521
-3.81205
-0.00345182
0.683362
-7.41087
1.6475
0.917615
2.79918
0.563675
2.51021
-0.753955
1.69917
-0.16258
-0.199584
-0.59213
2.32374
-0.355416
0.308659
0.195096
-6.96346
-0.74531
0.01686
0.0536978
-0.0274633
-0.131604
-0.0370123
0.234173
0.928867
1.83947
-4.61056
0.0965396
0.240415
-0.0718745
-0.0680863
1.63223
0.295063
0.809322
-0.172519
0.00202655
2.16308
-1.16303
0.705147
0.00411092
0.0556112
-0.292217
2.12851
-1.2508
0.0526449
-0.00356425
-4.75921
-0.401589
-0.0348543
2.50665
1.79377
0.00386635
-4.81406
-0.997174
1.53995
0.100426
-0.161189
0.00666391
0.651291
0.0510749
0.0199192
-0.476386
0.00559399
0.580853
-0.673149
1.59101
0.348676
-0.611402
0.0654104
0.518803
0.175401
-0.415877
1.58814
0.102755
-0.235034
-0.329894
-0.0663597
-0.342786
0.0156914
1.57263
-8.47245
-1.19231
0.0876847
0.0106828
-2.02597
0.0320875
-0.0118099
0.018126
2.26085
1.02829
-5.4881
0.0199487
-0.545763
-0.344774
-0.285363
-0.027476
1.52489
0.852925
1.16434
1.42922
0.119546
-3.35805
-0.432862
-5.28137
-0.304088
1.70429
-0.00175078
0.580743
-4.73438
1.84061
0.058807
1.55834
0.122274
0.12403
2.01535
0.0346741
0.0127699
-2.07704
2.20597
0.273439
1.30552
1.52013
-0.722824
0.0354015
1.38986
-4.58089
2.15719
-0.284538
2.1014
-0.747262
0.00700191
0.112449
1.60556
2.044
-2.19323
1.28058
0.587141
-0.0426235
2.33228
0.516523
-0.486069
1.44009
0.0334536
0.125669
-0.55137
-0.458841
0.0287777
-1.48653
0.00338177
1.34695
1.0362
-0.0630044
0.0710525
0.634761
0.102472
1.42576
-0.270086
0.0305493
-0.68388
-0.135193
0.0848913
-0.29347
1.28211
0.276211
0.0175813
-6.11369
1.67199
-0.0411008
-0.347836
-0.0563857
0.448609
2.48281
0.0885424
0.0045889
1.13947
-0.00270025
-0.0941265
0.0638577
-2.81041
0.029395
0.0733995
0.0172339
1.58284
0.00555339
0.00137956
-4.54413
0.0357124
0.0432328
-0.20455
1.50564
-0.182663
0.0254833
0.409626
-0.349247
0.111113
0.0483868
0.992408
-0.358078
0.190719
0.0670127
0.110506
0.0607836
0.0223192
0.0190169
-0.545681
-0.328769
-0.355339
0.382488
0.913087
0.104715
0.598708
0.664423
0.00863374
0.018781
0.735211
-1.24528
0.0209338
-0.267514
0.130926
0.277242
-1.09837
-0.377702
0.0209488
0.292216
0.187105
0.894602
0.786449
0.0999353
0.305582
1.54617
0.0884094
-0.359757
0.0288869
-2.18345
2.04815
1.37508
0.132923
0.0157953
0.000967076
0.103737
0.0433067
0.0371326
-0.346546
0.124818
1.35119
0.277803
0.0467018
1.46824
0.104586
2.30297
-0.00424359
0.230034
0.175414
-0.00949711
2.17428
0.0287929
0.0549821
-0.561452
0.0535899
1.02051
0.532971
0.00596332
1.51367
0.0995431
1.1942
2.01803
0.874921
0.794172
0.0575934
0.937849
0.0747608
0.277617
-2.59536
-0.444783
0.0773132
1.93221
0.465901
1.42388
0.651235
0.00542349
0.0606835
0.102624
-0.362212
1.10411
-0.410078
0.0485729
0.0144978
0.0527055
0.000874751
-0.154311
-0.548304
2.53325
-0.485625
-5.28511
2.36183
0.17987
0.0542624
0.0328931
0.0526051
1.38454
0.0686267
0.0375551
-5.3754
-0.54109
-0.0686763
1.53068
0.0909526
0.0748422
-0.950697
0.0293589
0.14345
-0.00476422
0.0487519
0.0676819
1.53647
-1.01059
-0.300865
0.593189
-0.0394286
-5.58218
0.139368
-0.542073
0.0268223
1.65094
-5.78976
1.91429
-0.0552563
0.0790584
-6.79556
-0.0167831
-0.10098
0.0196415
-0.413961
-0.27698
2.39853
-0.356874
-2.93619
0.0116897
-2.1668
0.0232772
0.107431
-9.49802
0.0108815
0.0287361
-0.0927763
0.0432921
0.0497303
1.84628
0.376261
0.00553608
0.141984
0.0374102
-1.32435
0.109048
-3.31392
0.0238151
-0.102073
1.77904
0.0082339
1.52234
0.00938793
-0.0901508
0.0215172
0.00703353
0.0236098
-5.27833
-0.776975
0.0982901
0.863425
1.32408
0.570597
0.0144414
0.0148974
0.013349
1.77693
0.00876457
0.289752
0.885705
-0.00265654
0.0395778
0.0404051
0.0342522
0.0074593
0.0995656
1.51164
0.00813633
1.18466
0.0192862
1.59525
0.0579344
1.02191
0.0130494
0.0268274
-7.38682
0.0385573
-0.00229452
-0.128698
0.122653
1.13238
0.0340873
0.469731
0.048576
0.0181692
0.236034
0.0716074
0.0113718
-1.82579
-6.44192
0.0202263
1.92841
1.34721
0.029795
0.0286604
-0.624487
0.0392099
0.365829
0.0744621
0.0222617
2.15807
-0.922996
0.0142262
0.0290566
-4.06935
1.57352
0.108116
0.0729106
0.0223556
-9.4063
0.161905
0.0479868
-2.5115
0.595565
1.0676
0.077242
-0.206689
0.146423
1.4501
0.0119884
0.0179293
0.0256288
0.0719841
-0.186921
0.0917898
0.0723237
0.00504395
0.00288504
0.0379927
-0.131645
0.0242193
0.0576022
-0.124435
0.106454
-0.00421282
0.129587
2.80496
0.017723
0.119405
0.0100048
0.11978
0.661643
-7.0454e-05
0.140284
0.185449
0.0504336
0.0386571
0.0324342
0.0260735
1.49485
0.0127709
0.0231571
0.131032
0.0194665
0.0268728
0.163351
0.00572509
1.75198
-0.00638273
-0.820402
1.26283
0.0288993
0.0410345
0.0882567
0.047847
-7.13801
-0.0199096
0.271664
0.0390587
0.151317
0.0366924
-0.923916
1.65796
1.74163
0.0284214
0.098771
0.107713
0.0301756
1.48709
0.014311
0.0401737
1.52724
0.0349366
1.52779
0.0594009
0.0427909
0.137952
0.0613097
0.0223725
1.86935
0.0329596
0.00228426
-0.128096
-0.192322
1.49905
2.20305
0.00860744
-0.1273
0.0479999
0.0297772
0.0029363
1.56788
-4.51649
0.00247932
0.0396192
0.125413
0.0306063
0.0368835
0.0661383
-1.80468
0.00351984
0.0544106
-0.852083
1.4762
-3.66451
0.0391144
0.0372245
0.955615
0.9427
0.0336805
0.00419345
-7.263
-2.27034
0.0141585
0.0401349
0.0450482
0.040337
0.00688623
-4.90335
0.0190883
0.171674
0.0382957
1.46811
0.0279791
0.105345
0.0441652
-0.26224
0.0225786
1.45898
0.187197
1.77324
0.12086
-1.8048
0.0315231
0.0810914
0.0523113
0.0652662
0.103861
0.0240399
0.0511879
0.107849
0.0151136
0.0215052
0.0387341
0.0205888
0.0466888
0.0264396
1.54746
0.0734462
-0.252168
1.85023
0.0376276
0.0897096
-0.539868
0.50508
0.0416602
-0.517653
0.0317194
0.0395639
-7.53361
-0.0531556
0.0358854
-0.545809
0.0386374
0.118468
-0.0883626
0.00596399
-3.42171
-0.0310328
0.0403138
-0.664879
-0.0773676
0.0251427
0.0283901
0.0458931
0.0117955
0.0991871
0.10726
0.22556
0.018161
0.0229475
0.0331384
-0.444154
0.0406136
0.0111626
0.0263919
0.0131331
0.0415782
0.0439431
0.00233391
-0.348021
2.47697
0.051718
0.01981
0.0504587
-0.299362
1.74162
0.0482175
0.237903
0.00294302
1.73512
0.0201786
0.514944
0.149899
0.0127109
0.0240541
0.133215
-5.25767
0.0924157
0.272333
1.38201
0.0363436
0.0333478
0.0113148
1.76438
0.0561137
0.0567226
0.00782824
0.0136561
1.22778
0.0631513
0.0379963
0.0213061
0.0465092
0.0320028
0.0356461
0.616608
-0.469478
1.97948
0.00640245
-0.352342
-0.113028
2.28139
1.11475
0.0439541
0.0294029
0.0716274
0.0655646
1.34852
-0.107123
0.0494511
0.0901945
-2.57065
0.0388156
0.0908872
0.051241
2.96085
0.931892
1.36901
0.0471593
1.52238
0.00886549
-0.580169
-1.93574
2.02522
-1.12275
-1.46749
0.0247799
1.20223
-0.0400756
0.0376252
-0.210262
-0.0748684
-1.93956
0.228718
-0.284591
0.0179393
1.48793
0.0209682
0.375912
0.0355809
0.0330995
0.0494793
1.52923
0.0344196
-0.986105
0.0602567
-5.28468
-0.000905923
0.0516254
0.0706774
2.52759
-0.878499
-0.115824
0.0724322
0.0417017
0.038775
1.01293
1.46861
-0.00354863
0.0530943
-9.26258
0.0567373
0.820962
2.80697
0.774744
0.281313
0.091057
0.079095
0.0354817
0.371806
0.071028
0.0631432
0.0345308
0.538379
1.4465
1.42154
-3.3866
0.98965
0.0564194
0.155999
-3.37441
0.122183
0.0623034
1.69484
0.0151569
-8.71529
0.0251961
2.43034
-0.367949
-0.0978946
0.07675
-0.544589
-0.0287064
-5.37798
2.57156
0.0975265
-0.280586
-7.94086
0.0800643
0.128625
0.0718793
-0.220442
-0.0641161
-0.992959
-4.66594
1.51334
0.0206575
0.181405
0.0688943
0.920685
0.0379935
-5.74581
0.0387619
-0.1406
2.91565
0.0403237
-6.79639
2.63806
0.0037568
0.115336
0.0912175
0.0127422
1.62485
-1.83627
1.38426
1.54627
0.0933582
0.0700078
1.52755
0.719398
0.126423
-1.01536
-0.519365
-0.287221
1.62206
0.0478306
-0.42863
-9.29491
0.388767
-0.25816
-0.00601841
0.0962651
1.46127
0.0834088
0.0421459
-5.90475
0.0257713
0.0329438
0.0539505
-10.6161
-0.879821
0.180202
0.0418109
-0.0381311
-0.388223
0.0737533
2.81439
0.0802653
-3.44287
0.374498
0.0290741
1.63011
-0.0123559
1.53157
0.077713
1.42875
-10.4424
0.107259
2.26156
-0.14053
-0.310178
1.72615
0.0599745
0.018525
0.0152624
1.54027
1.68995
0.0658238
1.74622
2.5926
1.01048
1.79026
-4.77803
0.0415687
2.35306
-5.04067
0.463428
0.101181
1.41181
-2.11268
1.80333
1.72331
1.87984
-0.200796
0.0180609
-0.83195
0.0282223
0.13329
-0.61662
-0.354451
0.0292084
0.0329899
-0.767052
0.125925
-0.105628
0.286736
1.94902
2.09834
2.0171
0.155732
1.11035
-0.12869
0.409664
0.153098
0.131482
2.74182
0.0347122
0.0829074
0.190451
-10.8086
2.19075
0.0813611
-0.260596
-8.92939
0.208899
0.133827
-0.512491
-0.781684
1.22389
0.0328475
1.22954
1.60727
-1.23248
-0.315749
0.17608
1.63789
-1.07313
0.00944707
0.030316
0.00769892
1.31924
-0.139135
0.0342505
3.07213
2.20126
-0.0168199
0.0923014
-6.60504
2.50387
1.41202
-0.0350006
2.73114
0.0305935
1.50179
0.515784
2.52434
0.121217
-1.51432
0.847199
-8.09906
-0.00655813
0.0858272
0.200438
-0.443549
2.63284
0.201631
0.0548676
0.140146
0.382732
0.983179
2.90872
0.0879519
-0.00858571
0.0908599
1.0815
-0.0866286
-0.473205
0.112683
1.43604
0.0964172
-0.0420189
-0.530991
0.202826
0.424592
1.43676
0.114973
2.57086
0.0571941
-0.022244
1.54496
0.0248524
0.00672178
0.175873
-0.746703
0.732518
0.0297752
0.678669
-1.11046
-0.00576694
1.32292
-0.656621
-0.00168051
0.0909447
0.055469
0.10002
1.33313
0.0741036
0.127247
-0.00652324
-0.349795
-0.0113307
-0.151601
-10.221
0.0217109
0.744145
0.0989056
0.0110843
0.249945
0.0846887
-2.35223
0.101669
1.53187
-0.135972
-0.106352
0.186653
-0.113346
2.28547
0.0322582
0.658662
-0.192099
3.02029
2.81302
0.125918
-0.636762
-5.78379
0.000774582
1.24792
1.51623
1.52179
-0.0251757
0.0170125
0.178463
2.43473
0.224705
-1.46165
0.412869
-0.252329
0.289155
-0.0178732
1.25324
2.4032
0.100407
-0.221301
-0.0666023
1.1633
2.03924
-0.449302
0.506634
-0.988967
2.86107
0.00475029
0.0755065
1.14438
0.0880964
0.0225737
0.0227679
1.46096
0.0125802
0.0282901
-0.511854
-4.78065
-0.00126402
0.00169807
2.36252
0.676226
1.83726
-0.241799
-0.381721
2.98692
-0.0239384
0.204641
0.545691
-0.180175
1.24313
1.30292
1.59442
0.00915197
-0.372328
-0.242638
1.50819
-0.23381
0.01835
0.107006
1.54122
0.245078
0.0270168
0.0965331
0.262177
-0.0879572
0.0226369
0.210382
-0.00842798
-0.198873
-0.158332
1.04475
2.33169
-0.0155961
1.67183
1.3724
-1.35007
0.017751
-1.72918
1.59703
-0.18125
-0.27886
-0.0168896
-0.0753343
-0.0230372
-0.695117
3.00235
0.0101799
1.57661
0.945329
-0.0895827
0.0718573
-0.447552
0.0672497
0.448204
-0.131079
0.091781
1.04796
-0.0588598
-0.149982
1.79663
0.270677
0.315086
0.162203
-1.74869
0.219177
0.70252
-0.346245
1.1781
0.206408
-0.540837
2.21635
1.91625
0.0829068
1.35244
0.0163248
0.624407
1.45066
1.6068
-0.0914669
-0.215958
-4.32162
-0.14533
1.48733
-0.718321
2.1183
0.0238239
0.825066
-0.362358
-5.25488
1.4828
-0.177122
1.45156
0.265054
0.227702
0.191467
0.231903
-0.237435
1.28142
0.486182
1.53788
0.391476
2.05066
2.23148
0.0772107
1.92277
0.177829
0.00728117
0.546402
2.18257
0.794796
-1.33542
1.61457
0.0854275
-0.14577
2.13058
1.43966
2.07298
-0.0442636
-0.041569
0.193129
-6.36662
0.0480235
-0.559039
1.22024
-0.65603
1.6752
0.00283545
-0.222479
1.33548
1.60941
0.170032
1.51735
0.0686305
-1.71292
-0.215728
0.0717907
-5.42144
0.859526
0.878872
-0.573012
-0.196796
0.30767
-0.169458
1.09511
2.16112
2.30728
0.675019
0.45791
-0.0365198
0.325162
1.39071
0.0105225
1.85731
-0.154935
0.0389073
-0.273229
-0.210276
1.01002
1.54665
1.87092
1.2275
-0.102771
0.0591332
1.47846
1.43948
1.64698
0.0753218
1.90708
0.728407
1.52272
1.01598
0.160609
-0.00256137
1.61991
1.44165
-0.905502
1.57462
-0.10612
0.345301
1.16343
-0.207493
-0.378113
2.52441
1.83175
0.065701
1.527
0.471912
0.987425
0.176171
0.211432
-0.0134742
-0.0276788
-0.203386
-2.00776
0.423782
-0.286251
-0.0998685
1.51341
2.13957
0.193564
1.49859
0.234634
3.18187
-1.95602
1.79517
0.105873
-5.62192
-0.809395
3.21226
0.283828
-0.0170095
3.19176
0.0362789
-7.20342
1.50598
3.16411
-0.765111
3.11529
0.807797
0.140347
-0.355116
3.01743
-0.0438166
-0.0452704
-6.36051
0.187276
0.148812
1.7806
2.86946
0.0169123
0.352611
1.87704
0.258532
1.60084
1.2698
0.0956477
-0.337544
-5.29784
2.81834
0.499272
-0.343379
0.281764
0.100954
2.77473
1.14652
-0.340364
-0.353762
2.72733
-1.31854
-0.358274
2.68095
1.81127
-0.359073
-2.7699
-0.361217
0.680979
1.82435
-0.359923
2.61309
1.50762
-0.28897
-0.353299
2.09738
0.166706
0.339998
-0.352535
-0.827797
1.35944
1.52901
-0.278169
1.58183
-0.354513
-0.935489
-9.89974
2.48443
1.02916
1.28945
-0.173973
-0.365767
-0.371516
-0.381568
-0.397054
-0.419513
-0.442107
-0.186443
-0.483165
-0.682815
1.87246
2.44416
1.00541
0.882216
0.287734
1.08999
-0.786295
2.41513
0.0014343
-0.924494
1.96069
-10.6737
-1.09858
0.0919588
2.32753
1.38179
0.857571
0.402143
1.52298
-2.0726
-1.31072
2.29693
-1.57979
0.0739648
0.418483
-4.06293
1.41985
2.25711
-0.0129246
1.94827
0.137595
1.19738
-1.88758
-0.222708
-0.205863
2.21793
-0.286268
-5.33248
2.179
0.0624763
-1.03979
-0.261721
-3.18304
2.14599
1.56162
0.488235
1.5024
0.325268
0.00625444
0.0230024
-3.74557
-0.593952
2.10139
0.638481
0.0713464
1.57853
0.723978
-0.659396
-0.231663
-4.35849
2.06826
-0.357776
1.55492
0.060944
0.0502598
-4.97595
2.02839
0.611759
-1.38384
1.98182
-5.56929
-0.0244572
-0.219495
-5.26296
-0.0475176
1.95252
-6.10019
1.89463
-6.55094
-0.2877
0.939316
0.0203329
0.857598
0.0270949
1.85268
-6.84792
0.900005
2.39474
1.59234
-7.12379
-0.513181
1.81936
-0.216391
-0.685847
1.26754
-7.23491
1.51498
1.78793
0.0308056
0.00822374
-2.16095
1.49992
1.00498
-0.0357312
0.205977
-7.26778
-5.23628
1.7371
0.436423
-3.85275
0.447893
-5.65306
-7.74187
0.214877
0.684109
1.69982
2.11484
1.54885
2.29055
1.59334
-6.98902
0.997153
-0.0361677
-0.359395
0.70394
0.0331298
0.185579
0.846029
1.22336
-0.0371079
-6.82108
-0.362265
1.61816
-0.679276
-0.454486
1.87841
1.21553
-0.169363
2.68051
-1.05127
0.395667
0.325066
-6.62637
0.322623
-2.07701
1.56584
1.84052
1.6514
1.02167
-6.42243
1.51445
1.45113
1.41705
1.35341
1.30866
1.23748
-4.94627
1.47109
1.18389
1.72038
1.06774
-3.30553
2.12215
-6.20725
-0.700342
-2.75355
1.14696
-5.8285
2.0903
-6.02196
0.367732
-5.91469
-0.80371
-5.82172
1.47731
-0.91869
-0.0325968
-5.73561
-10.6523
-0.368012
1.5648
-3.98517
-5.51195
1.62299
1.57488
-0.539883
-0.847785
1.70965
0.274552
-1.86994
-1.08449
0.53057
1.34718
-3.17065
-0.666828
-0.385064
1.67072
-0.331578
-1.95459
-0.364407
0.783385
1.56908
-0.33712
-7.94624
0.62785
1.75904
1.22068
-10.0899
1.51943
0.660426
1.297
-0.134488
1.57131
-0.284789
0.00513085
0.00785342
0.670514
-3.30749
2.3138
0.26169
0.0909
0.243927
-5.28669
2.01926
1.61788
1.34982
1.51366
0.318996
-0.894194
0.339138
-1.74163
0.725146
-0.899976
-0.835317
1.0646
-4.30888
0.390886
2.84762
-0.0145865
0.783272
0.850513
-0.616382
0.157187
1.14855
0.0243824
0.639884
1.32852
1.53867
1.5974
1.59375
-1.25608
1.78946
-5.27526
0.145729
0.496564
-0.205774
-0.463801
0.118497
1.79351
-0.506745
1.50588
-1.51034
-1.87148
0.340947
-3.45067
0.407193
-0.25619
0.318893
1.676
0.213216
-0.254987
0.146046
0.328381
-0.241685
-0.306645
-0.00110448
1.57636
-0.592455
-0.569338
1.09683
-0.0624535
1.12432
-0.311899
-0.216092
0.160824
0.0571934
0.240464
-0.407288
0.130902
0.0300655
0.0415473
0.843717
2.34224
1.02963
-6.0952
1.49314
-0.127763
1.14133
0.0167037
0.046364
1.29534
-4.37158
0.0170618
-1.30016
-0.538168
-3.10107
1.53416
-0.112946
1.88477
0.359627
0.0125257
2.42911
2.30205
-0.269774
0.466753
-0.315894
-0.492208
1.71969
-1.3468
-0.0598579
-5.40474
-0.037193
-3.16574
0.517802
0.929539
-0.14384
0.00340199
0.0768215
1.47331
-0.740064
-4.24864
0.933027
0.712948
2.27899
0.238298
0.567595
2.35503
2.39123
0.000944798
2.05252
1.16741
1.52332
0.307181
2.12218
1.61623
0.351058
-0.241813
0.158796
1.16196
1.15136
-0.0146049
0.00211491
-0.277605
2.93302
1.19067
0.777659
1.56654
0.902976
-0.108142
1.01672
0.297462
2.03957
-0.167968
-0.0600654
0.264137
2.62286
0.354414
1.67652
3.10312
1.54587
1.55044
0.00956655
0.742149
-0.00210724
1.79744
2.77407
-6.06332
0.498515
2.67166
-0.127851
-0.0562661
2.91598
0.656362
-1.84433
0.506131
0.168031
-5.51201
0.370278
0.0426927
0.153431
-0.135136
0.289517
-1.12227
-0.0935922
2.61399
1.62762
0.765335
1.26121
1.28103
-0.602401
1.45917
-0.3167
3.11245
-0.290519
-3.22664
0.0966209
2.25868
1.46745
1.33448
0.0388147
-0.352632
-1.70772
-0.32164
-0.138688
-0.198
1.2512
0.0367007
-0.194076
-0.217922
1.58273
0.186406
1.36583
0.0361227
0.555068
0.731093
2.6675
1.32076
-0.217181
1.21507
-7.48408
1.76868
-0.155817
1.38109
2.44097
-0.0918085
0.187515
-0.651985
-1.03967
1.47468
-0.238825
0.590992
-0.164617
1.29832
-9.67961
0.127144
2.18152
0.688032
-0.874184
-0.478784
1.64362
1.85251
-0.0778556
3.00346
1.49435
0.506567
1.17078
0.158022
1.71222
-0.637401
-0.266055
-0.741591
-1.17045
1.49707
-0.000807927
0.525006
-0.254131
2.5685
1.12493
-0.252858
0.0776297
0.0708568
-2.86745
1.04148
1.19225
1.155
-8.48641
0.540945
-0.164486
0.801779
-0.195871
0.910643
0.155306
0.347739
0.177346
0.827844
0.452176
1.56209
-1.35051
0.0906844
0.165319
1.50619
1.92533
0.218362
-0.931244
-0.101135
0.0906116
0.708273
2.93317
1.63241
-0.299102
1.20688
-1.10473
1.52018
-0.867525
0.979572
2.31606
-0.926237
0.28629
-1.1668
1.4735
0.578724
0.0799861
-0.63461
-9.37164
-0.585849
-0.426112
-1.55968
1.63726
1.10861
-0.620104
1.62096
-0.588333
1.61579
0.28869
1.49827
0.23101
0.128866
1.55952
-5.33951
1.5465
-2.69736
-0.357994
2.44896
-0.347313
0.361432
-0.485522
0.447241
1.03972
2.17828
-0.964688
3.03785
2.70306
-10.2493
2.24935
0.277206
1.57327
2.84685
-2.5171
0.0278815
0.767058
1.51184
0.368844
-4.75865
-0.284592
0.186612
-1.36016
-0.167056
-0.207025
1.54067
-0.301574
0.0554892
1.47867
2.00554
-4.27355
2.07204
-0.57805
-3.95888
0.229539
0.949922
1.46135
0.715291
1.94512
1.11815
3.20616
1.44383
-5.38932
3.20767
2.21284
2.28442
1.67214
3.18818
2.34272
0.110328
1.27241
3.14147
0.662931
0.169953
-0.434555
1.40816
-4.35054
0.846445
1.19893
-0.392871
2.23811
1.55239
-5.73524
-0.612025
0.506926
2.18149
2.13765
-0.10509
-0.847052
-1.4966
-5.94871
1.9361
-0.169023
-1.529
-2.76688
2.98248
2.3489
-0.0714443
0.854555
-3.43863
-0.905277
1.99966
-0.178542
2.84355
1.51725
-4.77948
-0.0962662
-0.907932
1.05357
-1.10602
-3.40165
-2.99956
2.78636
-0.344357
-3.60733
0.0485621
0.0168522
2.79757
-0.160971
-0.303462
-9.28976
0.377787
-10.3138
2.4054
0.626897
0.716639
-1.47915
-0.00774436
0.518474
-0.346512
2.75074
-1.08265
0.272064
1.52557
1.11453
-6.16884
-4.79867
1.44265
-0.3555
-0.959751
2.34379
2.705
2.14482
0.176885
2.64669
2.26245
1.63564
0.799004
-0.360272
1.8325
1.05343
1.75314
1.73067
2.25232
1.85664
-1.52411
-6.17769
1.46784
-0.356028
1.25729
-8.39621
-1.3611
-10.3592
2.09046
-0.276217
0.603944
-1.20897
1.94775
-0.194052
-0.36223
-0.370484
1.2335
-4.63521
-8.29645
0.0108581
1.55143
0.523439
-3.87521
-0.444177
-0.726416
-0.327555
0.0164474
0.00295502
0.139944
0.538327
-10.678
1.5002
1.54545
-5.64704
-0.475431
-0.558078
-9.87192
0.624594
1.50524
-6.8603
1.22104
1.24467
0.465878
1.6928
1.14487
2.46636
1.76922
2.378
-0.908369
-0.366893
0.979466
-0.3753
-0.387293
-0.405261
0.767611
-0.429751
-0.460397
0.0535134
0.400783
-0.724728
-1.24269
0.690736
-0.745692
2.43027
1.32102
3.08108
-0.843696
-0.685763
-5.63673
2.65447
-0.0575112
1.00404
-0.297007
0.605621
-1.0017
-1.33952
-0.254415
0.961982
-1.25051
-1.19138
1.07992
-1.21864
1.47042
-0.12793
0.668327
-2.42045
2.31524
0.137639
2.48386
0.358508
-1.435
1.58208
-1.03505
0.686751
-0.47919
-2.10049
-4.58635
-0.159734
2.27716
1.60983
-0.628201
2.26512
2.28063
-8.34074
0.0345743
-1.70312
0.414764
1.40876
-0.180776
-0.6677
2.23795
0.31845
-0.058245
0.278714
-3.22337
-6.59013
2.5478
-0.391815
1.0361
0.180105
1.26062
0.141059
1.9638
2.19821
-0.690664
-0.519168
1.5191
-1.80846
1.01996
1.78909
-1.40133
2.1633
-5.35152
-3.41613
-0.0627125
2.01783
0.0355272
2.06644
-1.23203
1.65008
1.63713
1.3467
-0.174588
-3.44519
2.12191
2.18485
1.58423
-1.41511
-0.217127
0.19984
-0.50602
-0.781087
2.57952
-0.742414
0.556646
-4.05361
2.08816
-5.29293
-0.234113
0.155277
0.292612
1.5681
-0.356803
-1.00093
2.87876
1.6013
-4.67588
2.0492
1.03374
1.08607
0.133252
-0.03314
-0.582232
1.34434
-0.834627
1.76224
2.0056
-5.29336
-0.208572
1.23892
0.745605
-4.22127
1.1121
0.323978
0.0931153
1.07639
-0.197582
1.1085
1.96936
-5.86508
1.12368
2.01367
1.23769
0.151466
1.92216
-6.35797
1.50444
0.00105003
-0.43085
0.117427
2.26008
-0.199971
1.52711
-4.506
1.87306
-6.748
-0.135263
1.11391
2.34684
-1.70112
1.1222
0.599988
-5.24679
1.55602
-7.03902
1.83683
2.11123
1.37934
0.259388
2.4
-0.173773
1.50057
-0.0702474
-7.21531
-0.257605
1.80525
-3.26184
0.718643
0.955683
-7.29943
1.51724
1.76019
-0.129453
1.50076
0.947532
-4.75777
2.4974
-9.36978
-4.15796
-3.62816
1.71772
-4.64589
-0.274785
1.59734
0.995339
0.199687
0.955228
-7.54434
0.559931
-0.291042
0.164716
0.720948
2.67445
-2.59884
1.54699
2.89394
1.10832
1.08483
-6.93819
1.50541
-0.284772
0.668168
-1.17816
0.762367
1.99486
-3.23362
-6.73166
1.59257
1.4603
1.06613
0.970806
-0.43451
0.848271
0.495318
1.03277
1.48296
1.52472
-2.62902
0.793171
-6.54824
-0.31128
1.5053
-0.370028
1.5404
1.50293
0.502656
0.452348
2.38227
0.294695
0.182744
1.49067
1.48311
1.22511
1.43724
-0.734142
1.38519
1.33249
0.257375
2.06028
-6.35516
0.803484
1.27167
2.13048
1.20954
0.816049
-0.129028
2.18801
2.14282
-0.194952
0.910103
0.511509
-6.12358
0.613206
1.30117
0.786803
-5.97552
2.95187
2.28024
-0.377407
0.750391
-0.0563087
0.0150682
-5.86486
0.892623
0.779842
1.88207
-0.12936
-5.78095
2.17773
-0.350892
-1.48492
0.0992517
1.48005
0.768132
1.68327
-1.09645
0.280153
2.63731
2.76754
1.02564
0.0713907
-0.36569
3.16185
0.629643
2.23073
1.3443
-0.0586952
0.202329
-1.40824
-0.00928715
1.99078
-0.0317235
-2.27311
0.528369
0.450821
-0.534155
-2.85817
2.32219
-4.11794
-2.28673
0.0855706
0.394944
0.820385
-0.0538873
0.220599
0.747608
0.525182
0.476192
0.0914806
2.66723
1.55909
1.74076
1.87325
1.06204
-1.51556
2.62763
-0.350381
0.0592348
0.102169
1.34271
-10.7421
0.377008
2.04199
0.149789
-0.153616
-0.170388
1.58203
0.698915
-2.74006
-7.01205
1.44546
1.56402
2.42845
1.5039
1.77863
2.03082
1.99025
-0.619036
1.89266
0.00432578
0.75271
-6.18258
-1.20097
-0.414829
0.814254
0.149562
1.79956
0.664947
0.369478
-5.4396
-0.644596
1.00606
-0.304471
0.0693696
-4.0925
1.46939
2.3254
-0.379543
0.124412
-1.92088
-1.10324
-0.129715
-0.6502
0.56853
1.45092
0.504429
-0.29051
-0.738498
-0.528704
1.57706
-0.312431
-1.20722
-0.264042
-0.614731
0.808754
-0.873765
0.865565
1.04466
2.74774
-0.232074
0.379062
2.1955
0.154256
0.300696
-3.81474
0.829514
-0.530217
-5.45404
-0.37417
0.0770702
-0.595905
0.636849
0.251731
-2.64934
0.460003
-7.39412
-0.0710367
0.156405
0.309285
-4.00738
2.15793
-0.00572416
1.51256
3.04831
2.20866
2.84341
-0.363326
2.14805
0.178115
-0.0155227
-0.856828
-0.0194723
0.256677
0.388492
0.128964
0.174847
0.691782
-0.516443
0.915611
-3.18012
-0.499957
-0.525013
-0.548724
1.72748
1.04825
-5.68761
1.12669
-7.27882
-0.118749
-5.57217
0.465567
-0.00736648
-5.98651
-0.313705
-0.525726
1.60543
0.00638579
-4.70084
-0.844959
1.59168
-1.20829
0.538368
0.377262
-6.40501
-0.172067
-0.289012
-0.291572
0.168565
-1.9614
-0.561651
-0.314275
-1.14214
0.188941
0.257095
1.64699
-0.894081
-0.185784
1.16484
-0.584531
-0.317133
0.643213
3.04777
-0.131893
0.272688
-0.364229
0.234989
-3.4772
1.69519
-0.299153
-1.59046
1.54846
0.112533
-5.85483
2.01655
-6.98147
-3.02917
2.22207
1.05929
-0.310644
-0.571409
-0.239462
-1.3759
-0.338055
1.52748
1.87956
-11.0873
-0.0339108
0.256869
-0.299358
0.58776
1.41721
0.152383
2.17994
2.3309
-4.11563
0.757476
-0.333194
-0.230953
-3.58028
-0.0860851
1.32618
0.345632
2.86613
-6.22659
-6.47658
2.62439
-4.60567
-5.11839
-1.37095
-1.70679
1.46377
1.40869
-9.15945
-2.01928
1.14154
2.46486
0.00998378
2.50626
-0.847547
-5.10751
0.234142
-5.85509
-0.372204
-0.813557
0.528076
-0.583403
-0.991873
2.04231
0.597116
0.142033
0.748621
3.09211
-5.49046
-5.6577
-7.30105
-0.488652
3.04159
-7.15552
0.569243
-0.129133
0.161147
-5.21731
-5.95594
-0.210723
0.137822
-0.0330543
-0.161682
-0.13183
-6.39666
2.60452
-1.17548
-3.76083
2.64654
0.944565
2.18916
-3.88413
1.45356
-0.0822595
0.137848
1.28315
1.00055
2.32599
0.874083
0.0193567
0.645724
-0.135232
-1.11842
-6.17372
0.155076
-0.356561
-5.32973
1.05632
0.672848
0.095138
0.562982
0.0470896
2.51401
1.53749
1.4269
0.280117
-3.96118
1.36928
-3.17398
-0.978481
1.53364
0.145655
-3.36892
0.025457
2.37413
-1.42579
2.28264
0.0101739
2.13454
-0.19802
2.34621
1.09244
1.13378
-7.08978
-0.384556
1.60661
1.09062
-0.740579
-0.104765
-5.22158
-0.0159791
-1.79273
2.52568
-0.340089
0.55734
-4.66457
0.5311
2.13813
-2.17514
-2.99693
0.650505
2.52322
-0.372505
-0.561469
0.178709
0.283119
-7.9266
-0.190768
1.15158
-1.01183
0.63997
1.59377
2.16679
0.90821
2.09499
1.82204
0.28163
0.161086
-0.411877
2.47103
2.95711
-1.87131
0.454311
-0.897528
-0.367955
-8.29119
0.283768
2.64759
-4.51485
1.66165
-0.565589
0.856148
2.23213
1.63679
-1.01755
0.131037
1.14612
2.36573
0.131378
0.416032
0.365176
1.6571
0.875552
-5.4254
-0.378838
-0.894393
-5.23804
1.7389
-0.656835
-3.4831
-0.567793
-5.16148
1.40972
-0.607988
-0.0567575
-0.0294974
1.14505
2.57205
-0.216959
-0.816736
-0.0201843
-1.52631
1.77749
3.06134
0.195845
-1.75021
-7.78682
0.35443
0.387591
-0.0731212
-0.711983
2.98413
0.484898
2.45167
-1.32969
0.565623
0.779982
-2.82667
-0.280748
-0.733488
-3.78433
0.823018
-0.217903
0.267182
-5.34325
0.852363
0.444101
-0.862864
-7.20221
0.605829
0.664459
2.37412
-0.478766
-0.0386521
0.484137
0.318835
0.138847
-1.75156
2.34682
-1.03278
1.53818
2.0681
1.69591
-0.643901
0.352239
1.66524
-0.350103
-0.263907
-0.227012
1.20148
2.25992
2.35459
1.9803
1.59935
-4.78593
-3.07546
0.762695
0.241864
-5.3887
2.58348
1.72766
0.921566
1.0999
1.01752
-5.62278
-1.60147
2.05048
0.618965
1.0383
-0.156523
2.20763
1.47121
-0.161441
2.42226
-0.0777254
-1.7691
-1.10867
0.078361
-5.50635
-0.197036
-1.51652
-0.35493
1.46217
-0.386556
0.717881
-1.67334
0.477223
-9.78361
0.148731
-0.207014
2.45707
-0.732118
-0.11098
-8.86719
0.483434
2.00503
1.04285
-2.27633
-0.227658
-9.41349
1.20725
-0.761021
0.0712416
-2.56541
0.0813662
0.119838
1.63717
3.17053
3.06159
0.191675
-0.440324
-5.20919
2.43359
1.6529
1.30582
1.83748
0.267603
2.40648
0.157065
-0.455355
0.0138539
-0.0756268
2.10572
-1.5575
-3.11323
1.23015
1.31741
-0.239225
1.35147
2.17986
1.33539
2.16086
0.687895
1.60199
1.5208
0.940526
-0.277077
2.52509
-0.579664
0.403029
-5.08029
-0.836962
0.0207789
0.554466
-0.0565261
1.86337
2.20739
0.622348
-6.75818
2.11506
0.757839
-3.91693
1.1262
0.640609
-6.5618
0.369157
1.9743
0.019961
-0.277071
0.844456
-11.1154
-0.979293
-0.545983
-0.198147
0.799695
1.54871
2.62546
2.94102
0.30091
0.345687
1.30311
-0.791479
-3.25122
2.25419
-3.22017
-5.78484
0.845477
-10.0338
-4.10674
-0.116357
1.05906
-0.821096
0.998409
2.24293
0.496278
-0.161795
0.152733
2.47355
0.205495
-3.07507
-1.59841
1.11295
-1.74828
1.63101
-0.720324
2.2565
1.52062
1.10051
-0.176357
-0.770771
2.4212
1.10318
0.00693773
-3.08759
-0.636382
-0.247021
1.5202
1.32129
0.672435
-0.264793
-0.990333
1.31078
-0.606087
0.137224
-0.205984
1.28798
2.79409
-0.0978819
0.00758675
0.203732
0.0396134
-0.375219
1.2074
0.66885
-2.34754
-0.165473
0.161021
2.12119
-1.01313
-0.374021
1.55884
1.88588
2.2972
-0.20801
-1.01401
1.28416
0.902613
0.188134
-7.07065
-0.948274
-0.63335
1.36788
-0.386779
1.14133
-1.60348
-0.363856
-0.318701
-0.130667
-1.48869
-0.110995
-0.237342
2.18718
2.16965
1.00041
-3.76239
2.46653
1.28969
-0.72748
-0.0522468
-1.53915
-0.0760942
-0.173632
-0.360017
-4.68315
1.19586
-7.38518
0.79885
0.0263238
-0.369434
2.37163
1.25199
2.23667
2.10092
-0.730465
-5.26757
0.207247
2.82874
-0.10138
0.950747
1.49065
0.0106756
1.82968
0.622814
-0.0749954
1.05433
-0.125308
1.82456
2.15647
1.37772
1.53405
0.0301578
1.39338
0.222385
-1.10014
1.76204
2.35397
0.472661
-0.829131
-0.678827
2.58066
-0.362291
-5.12877
-3.02554
-0.0789793
0.0111886
2.83182
0.566228
0.151203
2.00496
-1.05761
-0.181953
-0.124488
1.69105
1.0059
0.738062
-0.77472
1.59432
0.0387945
2.80235
2.76902
-0.991838
1.74714
-0.870825
0.540595
-0.255047
1.54861
-0.37842
2.21854
-6.74709
1.91328
0.578003
1.14769
2.09248
-0.467418
0.0768404
0.173391
-0.354791
0.331981
-1.55202
-1.05587
-2.93659
-0.73754
2.31645
-0.682592
2.54885
-0.0542253
-1.96993
0.268589
-0.370799
-1.71844
-0.545652
-0.310937
-2.34599
-0.503761
2.19026
-6.47719
2.27467
0.171216
-6.36684
-0.310301
-2.63095
0.574275
-0.085029
2.47862
0.731314
0.247425
0.143144
-6.66904
1.31034
-0.115815
0.941223
0.169438
-5.22986
-0.491693
-0.971863
0.385622
-0.508887
0.626241
2.14267
1.88132
-0.238591
-0.137232
1.49311
1.52101
2.54289
2.80321
1.17713
-0.203931
1.49697
0.888279
0.260605
0.155043
2.48818
-6.93557
0.57403
-0.406546
0.675523
0.0640425
-0.325635
0.146017
0.454791
0.854572
2.95789
0.162643
1.49705
1.56215
-4.95043
0.459746
-7.14368
1.30547
-6.35639
-1.6854
-0.378403
-0.0154347
1.47722
0.77252
2.45742
-0.180983
2.27595
-0.330568
2.83989
1.62179
1.47104
-0.793561
-0.841803
-0.0933996
0.156347
-1.84528
2.00799
2.06802
1.20209
0.122536
2.84195
0.629123
1.50392
-0.319968
-5.19537
0.223978
0.481922
1.73294
-0.50837
-0.163621
-0.35864
0.0205001
2.38987
0.800957
-5.19463
0.415408
-0.0912113
0.0894625
0.426383
0.134565
0.870938
-0.687257
0.0210502
-0.345002
-0.0557092
-11.3134
-0.35087
-5.1534
-5.20686
-0.119327
1.64099
-0.0584676
0.68476
-0.224171
2.019
-3.53188
0.282964
0.220166
-0.577571
-5.94444
2.19164
1.49073
0.0801786
0.22609
2.15676
-1.11986
-1.43167
-1.08597
0.0329648
-0.356036
1.17992
0.956601
-0.0602865
0.322148
2.24853
-0.0649219
-0.0843293
1.2043
0.836137
-0.396458
2.05057
-5.30617
2.34994
0.921558
1.96502
-0.381742
-0.402899
-3.46072
0.480222
2.29174
-0.567837
1.466
0.856944
-1.06549
0.281836
-0.786255
2.72336
1.28569
0.119936
0.837296
0.143346
-0.22334
2.14066
-9.91599
1.12089
1.84306
2.89624
1.775
-5.1115
-5.33588
-0.394164
0.0976733
2.13893
-0.461661
0.173167
-2.70883
-4.5886
2.14694
0.260846
-2.05705
0.158594
2.08774
2.8174
-0.0582093
0.157462
2.06392
1.93391
1.06838
2.2561
-0.670622
-0.853457
1.43051
-1.39277
0.762239
-0.0178107
-1.7802
2.20993
1.0467
-0.841951
-6.66769
2.07842
-5.08214
-1.82749
-0.0608913
0.550321
1.47957
2.29529
-2.55152
0.0329931
-0.928715
2.94049
3.0114
1.51867
1.87971
0.0169913
-9.93806
2.68437
0.434165
-0.365115
-0.0234228
0.0223605
-2.97692
-0.351973
-9.12275
1.19146
-0.661555
-0.245185
1.85009
1.73738
-0.641585
-0.33821
-0.554448
0.619003
1.13787
2.19964
-2.80437
0.151929
-0.363213
0.97253
-5.25598
-0.194595
1.99012
1.80526
0.0250434
2.09272
1.89367
1.39697
0.987712
0.967272
-2.70905
1.71535
1.08817
-0.666039
0.147493
-0.353395
2.05393
-0.686961
1.12755
0.781664
1.52665
-0.356948
1.61892
3.14167
-5.90076
0.762648
0.612779
-10.9503
2.71548
-0.0344282
1.03498
-6.04082
0.0615614
-0.129489
0.447625
0.521086
0.988015
0.980661
-3.16193
-0.0899802
-6.8195
2.10241
0.645145
-5.43105
1.8113
1.59488
2.64489
3.04237
0.156033
1.50865
-0.787739
1.25807
0.0239055
0.952026
2.54333
2.18456
-0.509473
0.0383665
1.40352
-0.350558
-3.05818
-0.577128
0.456676
-6.38666
2.99404
-0.389573
-0.338803
2.05751
0.717358
0.890134
-0.263413
-1.51274
-0.0476272
2.04088
-0.111058
0.163865
0.633969
-5.34916
-0.325433
-0.416231
1.84124
1.18312
1.75751
-1.31968
1.33765
-0.243743
1.78156
-0.661928
1.48615
1.4244
2.18481
-10.9211
-5.20396
0.475679
0.0373487
-11.2548
-0.547157
0.761328
-2.39121
2.60378
-1.30655
-0.308568
1.23526
-10.8009
-1.48288
-0.431908
0.181433
1.0216
1.29753
-0.278368
0.612045
1.12559
1.46208
0.879043
0.0800139
0.0608837
2.81476
-0.218507
0.650754
0.542132
-0.465958
0.480485
-0.360222
1.73384
1.76512
-0.620404
-5.55006
-0.71411
-0.0500344
-5.57085
1.26716
-5.87951
-6.05006
0.510357
0.17996
-0.326451
-0.673412
2.25009
2.90699
-0.827479
2.01872
2.84349
0.874862
-0.264706
-0.387262
-0.0366617
-0.796687
-2.02252
-3.40838
-0.534859
0.778279
-0.247635
1.02144
0.750623
1.87285
0.673724
1.90815
-0.322903
0.448011
0.845679
2.70325
0.939809
-5.2777
1.21058
-0.348997
-0.269715
2.20274
1.47697
-0.618991
1.61535
-0.214698
-0.238489
1.83555
-0.267719
-0.419414
-3.04574
1.46003
2.00416
2.79926
0.460344
1.47327
-9.64445
1.34108
-0.119472
-0.459804
1.23873
-0.582389
0.812507
1.97515
1.73298
0.608677
2.07474
-1.62159
1.54086
0.489571
1.3685
-0.259918
1.44121
1.41073
-0.311786
1.99678
-0.625419
-0.546433
0.578369
2.68732
-0.241496
0.922782
0.728548
0.810621
2.59042
0.722968
2.75609
-0.731075
-0.511775
1.87037
0.699506
-0.221558
0.647519
0.577075
-0.531835
1.34616
0.72463
2.69257
1.37061
0.762996
)
;

boundaryField
{
    SideWalls
    {
        type            empty;
    }
    Top
    {
        type            zeroGradient;
    }
    Inlet
    {
        type            zeroGradient;
    }
    Bottom
    {
        type            zeroGradient;
    }
    Outlet
    {
        type            fixedValue;
        value           uniform 0;
    }
    Plate
    {
        type            zeroGradient;
    }
}


// ************************************************************************* //
