/*--------------------------------*- C++ -*----------------------------------*\
| =========                 |                                                 |
| \\      /  F ield         | OpenFOAM: The Open Source CFD Toolbox           |
|  \\    /   O peration     | Version:  2306                                  |
|   \\  /    A nd           | Website:  www.openfoam.com                      |
|    \\/     M anipulation  |                                                 |
\*---------------------------------------------------------------------------*/
FoamFile
{
    version     2.0;
    format      ascii;
    arch        "LSB;label=32;scalar=64";
    class       surfaceScalarField;
    location    "3.2";
    object      phi;
}
// * * * * * * * * * * * * * * * * * * * * * * * * * * * * * * * * * * * * * //

dimensions      [0 3 -1 0 0 0 0];

oriented        oriented;

internalField   nonuniform List<scalar> 
7520
(
-1.01379
0.768381
0.245409
-1.31837
-0.246967
1.56534
0.0375809
-1.71443
1.67685
0.242724
-0.0319026
-0.210821
-0.0756329
1.39061
-1.31497
-0.0927643
0.0998121
-0.00704776
-0.285708
2.0685
-1.78279
-0.0966049
-1.62998
1.72658
-1.29781
1.33539
0.922429
-0.135619
-0.78681
-0.208801
-0.122002
0.330803
-0.246568
-1.73509
1.98165
0.720107
-0.103828
-0.616279
-0.103212
0.143166
-0.0399534
-1.7575
0.919328
0.838175
0.135913
1.56404
-1.69995
-0.151774
-0.0244392
0.176213
-0.072649
0.264304
-0.191655
0.0426217
0.0170234
-0.0596451
0.0496937
-0.201467
-0.432539
-0.255214
0.687753
-1.08116
1.21707
-0.0298604
-0.32352
0.353381
0.15242
-0.147852
-0.00456853
-0.0301988
0.0666961
-0.0364973
0.26226
-0.257579
-0.00468132
0.861669
1.11351
-1.97518
-0.035886
0.32664
-0.290754
-0.0385381
0.0811598
0.203912
-0.0322691
-0.171643
-1.14942
1.77896
-0.629535
-0.0499495
-0.0188376
0.0687871
-1.73739
1.91403
-0.176643
-0.325048
0.411771
-0.0867228
-0.241531
-1.24283
1.48436
-0.664656
1.00158
-0.336928
0.291892
-0.564928
0.273036
0.821736
-1.54101
0.719279
0.0936922
-0.329175
0.235483
-0.0460576
-0.104637
0.150694
-0.0294802
0.272204
0.466045
0.237218
-0.703262
0.3
-0.0377396
2.22252
-1.47867
-0.743851
-0.487889
-0.651385
1.13927
-1.51346
1.59344
-0.0799821
0.0400481
0.106103
-0.146151
0.27934
-0.0850007
-0.19434
-1.36188
0.21246
0.284354
-0.0764912
-0.207863
1.78232
0.216869
-1.99919
-0.728138
0.254947
0.473191
0.0932183
-0.115967
0.0227489
1.06164
0.496951
-1.55859
0.015347
-0.108111
-0.773261
0.122127
0.651134
0.38697
-1.29211
0.905135
-0.04213
-0.128141
0.170271
-0.12251
0.07256
-2.2712
1.10828
1.16292
1.51634
-1.08953
-0.426803
-0.0118488
-0.0392558
0.0511045
-1.21829
0.976758
0.850843
-0.130736
-0.0743116
0.16753
0.00422109
-0.107433
1.08842
-2.22269
1.13427
0.135759
1.64656
-1.25355
0.996684
0.256869
0.325962
-0.246125
-0.0798362
-0.513059
0.900029
0.189761
-0.852977
0.663216
0.351008
-0.0972432
-0.253764
0.469376
-0.509248
0.0398729
0.701687
-1.50343
0.801747
0.131738
-0.115401
-0.0163367
2.23818
-0.935333
-1.30285
0.416975
-0.767146
0.350171
1.78539
-1.30019
-0.485197
-0.855679
0.0824185
-1.5132
-0.757996
0.816836
0.316442
-1.13328
0.253261
-0.647389
0.394128
0.0115767
-0.336625
0.230056
-0.302705
0.221417
-0.0175053
0.0227244
-0.0446671
0.0219427
1.18599
1.05219
-1.69091
1.88563
-0.194714
1.16515
0.351185
-0.982136
1.13996
-0.157822
0.0761446
0.159015
-0.23516
1.39092
-1.63749
0.252451
0.204147
-0.110454
0.334465
0.384696
-0.719161
0.00766251
0.0862566
-0.0939191
-0.538622
0.379733
0.158889
1.44645
-0.744765
-0.736063
0.642182
0.0938813
0.848696
-0.885303
0.0366064
-0.0910835
0.114521
-0.023437
0.00905065
-0.0137057
0.00465505
2.20999
-1.35114
-0.858853
0.539102
-0.479884
-0.533906
-1.33766
0.824598
-1.8642
1.57849
0.177212
-0.0817477
-0.0954642
-0.290618
0.0818175
-0.163433
0.162158
0.00127465
-0.263453
0.351103
-0.0876494
1.94602
-1.12429
0.404951
-0.125852
-0.279099
-0.775946
0.343407
-0.0513182
-0.00313431
0.0544525
-0.141259
0.958095
-0.777376
0.439215
0.338161
1.22607
-2.06441
0.83834
0.0462818
0.106139
-0.185356
-0.542782
-0.353478
0.0627814
0.290697
1.11577
-0.193345
-0.532402
0.585879
-0.0534771
-0.029728
0.331709
-0.301981
0.078549
-0.074621
-0.00392796
0.692126
-1.79704
1.10491
0.396798
-0.426658
-0.355735
-0.0648697
0.420605
0.182808
0.222143
0.211864
0.0339343
-0.245798
0.151469
0.0334111
-0.18488
-0.0665366
0.218005
-0.624199
-0.153177
0.159042
-0.690122
0.531081
-0.68785
1.54199
-0.854137
0.372941
-0.402833
0.0298921
-1.1394
-0.198253
-0.0351278
-0.052001
0.0871289
1.44258
-0.380945
-0.655315
0.449516
0.205799
-0.00175562
0.122345
-0.120589
0.299022
-0.0774373
-0.221585
0.196164
-1.91059
0.267351
-1.78081
-2.08997
0.860119
1.22985
-0.8528
-0.400753
-1.20935
0.911402
0.297943
1.79687
0.262363
-2.05923
0.186943
-0.233001
0.0377216
0.714878
-0.752599
-0.353309
-0.468944
0.822253
-0.0434743
-1.16587
-1.75227
0.0148879
0.0128278
0.0098966
0.067399
-0.132087
0.0646882
0.294525
-0.336655
0.771197
0.077499
-0.160707
0.131227
-0.0103437
-0.0202645
0.0306082
0.775066
-0.447563
-0.327502
-0.479578
-1.27793
0.075737
-0.429046
0.0667418
-0.605727
0.538985
-0.0990192
-0.0992037
0.198223
-1.60718
0.912891
0.694285
0.505756
-0.581389
-0.0546134
0.455459
-0.400845
0.0681695
-0.0983683
0.532409
-0.245706
-0.286704
0.91357
-0.579105
0.247281
-0.323772
0.955081
0.275029
-1.23011
0.309512
-0.345398
-0.434223
-1.37664
1.81087
1.26727
0.677177
0.708863
-0.455602
-1.23446
0.569803
-0.700511
0.937296
-0.236785
-0.00449319
-0.0296411
0.0341343
0.276685
-0.329638
0.0529533
-1.08593
0.944676
-0.282239
-0.154199
0.436438
-0.157655
0.058636
-0.849798
0.91654
0.494377
-1.031
0.536623
-0.50569
-0.0329316
0.69719
-0.405299
0.142844
-0.0111058
0.0637763
-0.209389
0.145613
0.0403202
-0.303774
-0.37616
-0.13779
0.51395
0.136534
0.214474
-0.693726
-0.809708
-0.80307
-0.804106
0.0414452
-0.25515
0.213705
1.31963
-0.676331
-0.6433
-1.00554
0.317691
-1.15192
2.16326
-1.01135
0.371343
0.161066
0.0810248
-0.167067
0.0860423
-0.759138
0.573782
0.61202
-1.09991
1.735
-0.0456215
-1.68938
-1.55832
2.01212
-0.453796
-0.0261808
0.0935798
0.421823
1.29795
-1.71977
0.0354401
-0.174216
0.138776
-0.173437
1.80554
-1.6321
0.00165098
0.112527
-0.114178
-0.887082
1.25684
-0.369755
-0.104035
-0.655104
0.0796824
-0.455842
0.275073
-0.166707
-1.64875
1.81545
-0.0765698
0.0935932
-1.62503
0.9313
0.309878
-0.0395403
-0.270338
-0.297103
0.267375
0.148476
1.57407
-1.72255
-0.579243
-0.567478
1.14672
-0.525745
0.420423
0.105321
2.37789
-1.52402
-0.853868
0.458933
-1.03818
-0.271352
0.292152
-0.0207994
0.131612
0.738326
-0.869938
0.0561968
-0.0589606
0.00276387
0.843048
0.814523
-1.65757
-0.220862
-0.515201
-0.0606697
0.171826
-0.111156
-0.927516
0.688516
0.239001
-0.0820957
0.0424129
0.0396828
0.979873
0.339758
1.07015
-2.0865
1.01635
-2.71451
1.20966
1.50485
-1.16191
-1.5526
-0.380354
0.464856
-0.0845015
-0.186035
-0.0281471
0.214182
0.467779
-1.3304
0.862623
0.0433005
1.07345
-1.11675
-0.649641
0.966083
1.13367
-0.178585
1.00132
1.04686
-2.04818
-0.191837
0.0938968
0.0979402
0.0259018
-0.953418
1.862
-0.476634
-1.38537
0.140994
-0.105554
0.0192596
-0.24349
0.219051
1.06567
0.796338
0.236714
0.630896
-0.86761
0.370696
-0.0440564
0.0680553
-0.073933
0.00587766
-0.207467
0.0600277
0.147439
-1.86179
0.902627
0.95916
-0.342896
0.156861
0.87947
-0.720428
0.57263
-0.0391866
-0.533443
0.140047
0.139293
-1.90941
1.8716
0.0378082
1.13832
-0.643945
-0.0377992
0.183201
-0.145402
-0.0116338
0.0435082
-0.0318744
0.121922
-0.219166
1.62955
-0.541127
0.0425133
-0.156308
0.113795
0.00614194
-0.0164857
-0.404147
0.282145
1.08267
-0.697974
-0.656647
0.699947
-0.0944062
0.158182
2.0685
0.0144129
-0.01709
0.00267707
0.227207
0.855463
-0.21379
0.139527
0.0742631
0.0493247
-0.0402741
-0.162664
0.628708
0.910779
-0.873057
0.422685
-0.37639
-0.0462949
0.312292
-1.19937
0.0500431
0.161821
-1.63682
1.47011
-0.231529
-0.0398231
-1.73342
0.227845
-0.2296
-0.0860854
-0.0704234
0.156509
-0.624623
-1.23716
1.24529
0.964704
1.73029
-0.817399
-1.73509
0.188729
-0.721131
-0.0394576
0.316998
-0.27754
0.177762
-0.252844
0.0750828
-1.23119
0.579803
-0.191212
-0.270502
0.461714
0.410291
-0.54591
-0.133205
-1.95232
2.08553
0.975885
0.23072
-1.54515
1.31443
0.857701
1.05633
-0.84468
1.47721
-1.05539
-0.0534546
0.397596
-0.344141
-0.853922
0.751405
0.102517
0.0817222
-0.039209
-0.0855752
0.336166
-0.25059
-0.283601
-0.229032
0.512633
-0.511811
1.77908
-0.275699
-0.381732
0.65743
0.22725
-0.187202
0.262201
-1.24434
-0.112401
0.180456
0.00872859
-1.91018
1.04423
0.865947
0.370656
-0.474484
0.00833466
-0.0424134
0.415355
1.0198
1.35808
1.64004
-0.517872
-1.12217
0.127017
-0.0454626
-0.081554
0.902957
0.882431
0.192602
-0.23206
0.698546
-1.83298
1.13443
0.30068
-0.257315
-0.0433645
0.523827
0.922625
-0.226976
-0.1022
0.75155
-0.514835
-0.57186
1.43353
0.166669
0.0105427
1.89596
-0.669883
0.148348
-0.140685
1.76932
-0.129278
0.105866
0.407343
0.015342
0.0179549
0.308007
-1.64733
-0.859905
0.996556
-0.136651
0.00590238
-0.121304
1.74872
0.0602624
-1.80898
-0.730794
0.455095
0.229499
0.0695226
-0.316841
0.0707158
-0.0293991
-1.27079
1.53353
-1.56948
0.0359458
0.0358229
-0.344273
0.30845
-0.929721
1.45355
-0.844294
1.53642
0.0817437
-0.0459208
0.779994
-0.340779
2.00775
-0.61683
0.00512308
0.123052
-0.128176
-0.0862593
-0.0801584
0.166418
0.124468
0.00254892
0.131068
-0.801903
-0.0349433
0.120304
-0.0853606
0.523663
1.01832
-1.80537
1.37114
0.125181
-0.480917
-0.659131
0.848892
-1.1624
1.3722
-0.209795
0.554203
-1.91541
1.74197
2.12129
-0.935298
1.04372
1.1788
-0.0737429
0.241964
1.29157
-1.34224
0.314552
1.02769
0.256638
-0.288907
-0.248852
-0.0940441
-0.224385
0.157849
0.140124
-1.61879
0.649087
-1.20643
0.557338
-1.58653
0.659275
0.927252
-0.116842
-0.736135
0.0816417
-0.0934904
0.0891046
-0.0359628
0.271461
-0.235498
-0.548654
0.494041
1.15243
0.968863
-1.55832
0.0387212
0.0398278
1.653
-1.46171
-0.19129
-0.392236
1.69018
-1.36125
2.33136
-0.970112
-0.793758
1.01857
-0.224815
0.145469
-1.36376
-0.202548
0.174401
-0.273441
0.437405
-0.163964
-0.0268561
0.0131504
1.34423
0.693164
-1.31315
0.619984
-0.0276967
-1.56398
1.59168
-0.0540583
-0.109374
0.027666
-0.482622
0.454956
-0.942448
1.5299
-0.587457
0.205584
-0.143358
-0.062226
-0.431662
1.03882
-0.607157
-1.95508
1.70811
1.95251
-0.495364
-1.45714
0.177205
-0.125638
-0.0515668
0.000669868
0.177092
0.110443
-0.616133
-0.809686
1.65273
-0.0588533
0.0075351
1.735
-0.966438
1.09805
-0.0233577
0.0233577
-0.173752
0.19299
-1.8839
2.24191
-0.935753
-1.30616
-0.673077
0.851637
-0.17856
0.0976889
-0.183074
0.0853854
1.0423
-1.17549
0.133192
-0.530806
-0.282405
0.81321
0.921511
-1.99762
1.07611
-0.0634638
-0.790458
-0.219106
0.132847
-0.249188
-0.541213
0.790401
0.757419
0.436727
-1.19415
-1.30008
-0.422397
0.692314
-0.269917
-0.0699635
1.26194
-1.19198
1.44315
-1.29467
-0.162329
0.127385
-0.220958
-0.0142573
0.483633
-1.12604
0.852173
0.273869
-1.81086
2.23361
-0.422747
-0.0173339
0.134693
-0.117359
-1.45787
-0.764824
-0.0449282
0.00639011
-1.63384
0.481928
-0.378446
0.292871
-0.292211
-0.501548
0.110779
0.189901
-0.640466
1.64178
0.0438003
-0.367321
-1.5441
0.147192
1.39691
0.752061
-1.19046
0.438396
-0.893184
0.192672
0.216437
-0.579983
0.363546
1.5937
-0.154637
-1.43907
-0.00329207
-0.0857362
0.0890283
-0.352688
0.689933
0.480013
-1.16995
-0.425144
1.34447
0.274533
0.664389
0.778196
-0.0162405
1.58084
0.188479
-1.43223
1.40453
-0.172921
-0.0223587
0.19528
-0.249781
-0.0455212
0.295302
-1.95392
0.592673
-0.226181
0.463399
-0.62292
-0.236986
0.249627
0.881283
-0.361088
-0.520195
0.200148
0.0998519
-1.0904
1.88096
-0.790562
0.161488
-0.241647
-0.080095
0.35678
0.262516
-0.535957
-0.0952216
-0.185687
0.280909
0.257767
0.0702506
-0.328017
0.58612
-0.951521
0.365401
0.00950337
0.0390324
-0.0485357
-0.297341
0.331451
-0.0341092
0.219098
-0.575567
0.356469
0.312236
-0.055598
-0.00870324
0.458511
-0.449808
1.16633
-1.01355
-0.961631
-0.639379
-0.242718
0.882097
0.105265
-0.0116718
-0.292449
-0.233295
1.07319
-0.191904
-0.0673806
-1.23029
1.29767
-0.343407
-0.0100709
-0.0617658
-0.562433
-0.491748
0.0600855
0.173495
-0.171844
-1.67074
-0.0359482
-0.0816161
0.117564
1.26936
-0.994333
1.10571
0.846802
0.527136
0.0454934
-0.146327
-1.60755
1.75388
0.579474
0.57402
-1.15349
-0.21464
-1.02262
0.618208
0.404411
1.26762
-0.515556
0.0327925
-0.198953
0.16616
2.20855
-1.19485
-1.0137
0.139831
-0.314332
0.174502
0.590307
0.512328
-1.10264
0.0745869
0.104238
-0.178825
1.62597
0.0511917
-1.67716
0.231695
0.0326083
-0.259767
0.303567
0.101756
-0.0800431
-0.0217132
0.343148
-0.113092
0.0651927
-0.0421112
-0.0230815
-0.59756
-0.639142
1.2367
1.13559
0.458111
0.978548
-1.04593
0.336989
-1.27944
-1.84651
1.71331
0.0799008
0.251809
0.279313
-0.609064
0.32975
0.788356
0.941934
1.14744
-1.29803
0.150595
1.21552
-0.551135
-0.143463
0.0980007
0.0625709
-0.0579792
-0.00459174
-1.44202
-0.294761
1.73678
-0.390889
0.461625
-0.0707354
-0.00117742
-0.0221803
0.396745
0.99386
-0.141808
-0.0500288
1.10955
-2.11646
1.00692
-0.955515
-0.130806
1.08632
1.6018
-0.531652
-0.106062
0.552466
-1.02141
-0.27014
0.00449922
0.265641
0.0199162
-0.191559
-0.531625
1.22479
0.0165727
0.039624
0.130334
0.120327
-0.25066
0.0560334
0.986263
-0.034742
-0.65538
-0.410599
-0.420425
0.483206
0.657796
-0.950007
-0.317775
0.191924
-0.0322652
0.251316
-1.95112
0.937566
0.050353
0.139078
-0.189431
-0.109244
0.0525213
0.0567224
0.221656
0.851794
-0.0444523
0.00519656
0.0434069
-1.61296
1.56955
-0.0950413
-0.536309
0.63135
-0.0375637
0.0699406
-0.0323769
-0.566767
1.21585
-0.172769
-0.335119
0.507887
-0.28762
0.504057
-0.563419
1.66305
-1.09963
-0.74358
0.537063
0.206518
1.94037
-0.143501
-0.285282
-0.0624243
0.347706
0.271036
-0.237102
-0.182992
-0.266021
1.02532
0.860305
0.352561
-1.2918
0.939243
-0.803184
-0.193988
0.997172
0.34066
0.0050201
-0.34568
0.0817254
0.30542
-0.387145
-0.127339
0.344055
-0.216716
0.162491
-0.274892
-0.954866
0.0655157
0.00118045
0.124163
0.0562929
-0.124909
0.397473
-0.272564
-0.234293
0.269805
-0.0355116
-0.296636
0.0757513
0.220885
0.777307
-0.400368
-0.0478835
0.00321636
-0.260357
-0.545505
0.805863
1.18637
-0.964709
-0.0172292
-0.34969
0.366919
-0.411868
-0.473435
-1.36528
1.50104
0.763971
-0.049093
-1.29051
0.861847
0.428666
0.227311
-0.0970256
-0.130285
1.74309
-1.74309
-1.63049
0.117285
-0.964037
-0.198194
-0.657375
0.855569
0.572904
-0.563241
-0.00966291
-0.0466727
-0.350023
0.133028
0.216996
-0.0115334
0.209552
-0.198019
-0.553866
1.24482
-0.690954
-0.159289
-0.102917
0.262206
0.790051
-0.644581
-1.06469
0.261509
-0.0402013
-0.219694
0.259895
-0.0545925
-1.28765
-0.626951
-1.19203
0.565082
0.805559
-0.0167336
0.23868
-0.221947
-0.27775
0.336548
-0.0587977
-0.233074
0.172405
-0.0848588
-0.183059
0.096974
0.0376118
-0.0501276
-0.0720303
0.122158
-0.0721738
0.0141946
-0.384728
0.376025
0.153935
-0.179657
0.0257216
-0.0783696
-0.0525592
0.130929
-0.400242
0.252344
0.147898
-0.0675768
0.175788
-0.108211
-0.741387
1.29873
0.639172
-1.09464
0.455465
-0.159668
-0.0812023
0.24087
-0.00165577
-2.13336
2.13501
0.893998
-0.618706
-0.275292
0.414114
-0.0552915
-0.197553
-0.0173308
0.0141964
-0.0571323
0.196963
0.347122
-0.95161
0.604488
-0.444713
-1.4647
-0.209485
0.847751
-0.638265
0.27506
-0.0922518
0.414431
-0.27742
-0.137011
0.302153
-0.562511
-0.421375
-0.283359
0.24177
0.0415891
-0.528269
0.337058
-0.136391
0.585908
0.0553985
-0.0670324
-1.44742
0.0962747
-0.293665
0.556182
0.0124891
-0.231595
0.111331
-0.115923
0.293961
-0.310694
-0.0854472
-1.24799
0.506606
2.00101
-0.195469
-1.64875
2.24997
-1.09641
-1.15357
-0.1143
0.494033
-0.102905
-0.752775
0.531659
-0.491338
-0.251946
-0.0181941
-0.597025
-0.419124
1.01615
-0.0483479
-0.0909591
0.139307
0.0156101
-0.86841
-1.90891
-0.324889
-0.330764
0.655652
0.341907
-0.436948
-0.250723
-0.0386951
0.289418
0.475121
-0.078323
0.168855
0.0584558
1.97338
-1.05187
-0.925439
0.328414
-0.257902
-0.0510456
0.308948
-0.0448902
-0.0660678
-1.10942
-0.247927
-0.103137
0.351063
-0.0869117
-0.0355978
0.909767
-1.18263
0.272865
-0.656703
-0.0397031
1.78279
0.185059
-0.730564
1.19198
-2.04684
0.854861
-1.99852
1.26667
0.731843
0.158624
0.105233
-0.263857
0.149955
1.16433
0.0196321
0.844176
-0.863808
-0.0265697
-0.129738
0.220347
-0.0431415
-0.0282506
-0.283569
0.31182
1.27616
-1.42249
0.324363
-0.144464
0.187921
-0.0434576
-1.47435
-0.156134
-0.604463
-1.20834
0.568961
0.111007
0.00355381
-0.114561
-0.621167
0.310972
0.310195
-0.402093
0.348638
-1.07228
-0.594644
1.66692
-0.126307
0.199164
-0.101475
0.444412
-0.546798
0.102386
-0.937534
1.59681
-0.166748
-0.901894
0.228817
0.719189
0.16028
0.801481
-1.35535
-0.0159684
0.0510612
-0.0350928
1.16782
-0.28258
-1.03239
-0.350212
-0.0732886
0.4235
-0.0553701
0.213219
-0.0705511
0.219158
-0.148606
-0.175991
-0.126715
0.0355788
0.8752
-0.301034
0.312712
-0.0654319
-0.42391
0.381496
-0.178232
0.0557851
0.122447
0.254113
-0.10615
-0.147963
-0.150428
-0.0426785
0.193107
-0.106701
-0.064229
0.17093
-0.31769
0.0157085
-0.242396
-0.101876
-0.091715
1.20329
-0.296565
0.0765639
0.220001
0.0499014
0.0307566
-0.080658
0.159986
0.134432
-0.294418
-0.258493
0.25471
-0.677107
0.263588
0.36928
-0.0747552
0.125482
-0.0573121
-0.135834
-0.0383813
1.79215
-0.977629
0.119852
-0.550553
0.430701
-1.60208
0.236805
-0.058416
0.0134203
0.0449957
-0.0434217
-0.0386741
-0.779552
-1.21897
0.368226
-0.0587142
-0.860416
-0.972564
0.278908
-0.148574
-0.0457818
0.490194
1.06479
-0.759607
-0.941384
1.29395
-1.65537
0.213356
0.0339526
-0.126493
0.0925402
-0.0213327
-0.181917
-0.400121
0.582038
0.136603
-0.0228078
-0.566598
-0.689287
1.25589
-0.907507
-0.999978
1.90748
0.615616
0.354156
-0.969772
-0.00808947
-0.0955401
-0.187819
-0.26557
-0.270387
-0.179677
-0.105131
0.284808
0.330207
0.492046
0.282996
0.131435
-0.156829
-0.618554
0.0064896
0.00792334
-1.03669
1.20079
-0.164102
-0.143662
-0.192811
-1.50095
-0.275353
0.0202034
-0.716835
-0.283765
0.0379668
-0.836464
0.116036
-0.154926
-0.917189
-0.335717
1.25291
-0.220347
0.752006
0.274438
0.577199
-0.299968
-1.02078
-0.930342
-1.24609
1.37928
0.0779427
0.175496
0.0248538
-0.079819
0.0549652
-0.637942
0.583153
0.0547889
0.691825
-0.79586
0.305679
-0.255326
-1.17147
-0.119039
-0.0224091
0.151541
-0.129132
0.83707
-0.250951
-1.4032
-0.109137
1.51233
-0.0854187
0.0132449
0.0454929
0.3338
-0.379293
-0.244527
0.402504
0.136598
0.0770016
0.0225645
-0.099566
-1.31372
0.837088
0.134338
0.00226484
-0.180179
-0.134153
-0.333348
-0.185025
-0.13275
0.161365
-0.0494032
0.0817346
-0.103448
0.382581
1.48902
-0.854782
1.8985
1.02837
0.567426
-0.849831
0.00800326
-1.4112
0.213321
-0.335515
0.391656
-0.0561411
-0.0617067
-0.0129143
-0.270123
0.0183303
-0.0575181
0.130078
-0.0785298
1.51876
-1.44023
0.198025
-0.853129
-0.123624
-0.267822
-0.0688325
-0.0113748
-0.289444
0.365941
-0.0764977
0.0114083
-1.46951
1.4581
0.641358
0.246008
0.326896
-0.809479
-0.585097
0.961046
-0.375949
-0.148434
-0.0889218
0.141443
-0.579096
0.597099
-0.0180031
0.206258
-0.502904
0.296646
-0.126578
-0.6597
0.786277
-0.28512
-0.0602777
-2.0007
-0.0426297
0.186519
-0.181396
0.0402995
0.15448
-0.0201418
0.351481
-0.682244
2.15742
-0.945713
-1.21171
-0.134145
0.433302
0.342011
-0.296518
0.0864405
0.155329
-0.183083
-0.0112569
-0.400965
0.412541
-0.387111
0.877477
-1.00405
0.1474
-0.0982001
-0.0492003
-0.379313
-1.79364
0.888457
0.905182
-1.68351
1.68185
-1.1394
0.437153
0.702243
-0.0542451
-0.38218
0.436425
0.514322
0.558866
-0.163537
0.20331
0.463908
0.796102
-0.114775
-0.267775
-0.00964538
1.03795
1.11947
-0.0552904
-0.0186426
1.40836
-1.14599
-0.05547
-1.37633
1.4318
1.17516
0.0281388
-0.299001
-0.0794454
-0.0652667
0.199915
-0.260879
0.149255
-0.398106
0.238448
-1.35715
1.1187
0.225905
2.32801
-1.44333
-0.884684
-0.0834297
-0.0388279
-0.144246
0.94822
-0.00354474
1.46096
-1.34368
1.01686
-1.92437
-1.22838
-0.00870981
1.23709
-0.879026
0.138297
0.740729
0.0912984
-0.0350055
2.09617
0.0137089
-2.10988
-1.3049
1.66378
-0.358885
0.0465557
0.223249
-0.804532
0.734569
0.0301591
-0.261688
-1.38653
0.224133
-0.000963197
-0.0159636
0.0169268
-0.115874
0.222776
-0.106901
0.117258
-0.470135
0.352877
0.541919
0.454637
-0.510132
-0.111035
0.0444309
0.855477
-0.918941
-0.0698196
-0.0622676
-0.26161
0.0537473
-0.0874827
1.00355
-0.916067
-0.0289695
0.587532
-0.558562
0.0584399
-0.427101
0.368661
-0.608065
-1.49387
0.642839
0.851033
-0.0429697
0.856267
0.254242
-1.11051
-0.484348
0.230189
-0.254664
0.0244745
0.175882
-0.037106
-0.254748
0.00402462
-0.296598
-0.860738
-0.0123193
-0.394867
0.801732
-0.406865
-0.817521
-0.416939
1.8025
-0.758268
-0.102256
0.191699
-1.35197
0.00198704
-1.33843
1.33644
-0.143311
-0.13603
0.279341
0.802043
-0.623516
-0.178528
0.142976
-0.0206312
0.0328824
-1.33906
0.521544
-0.630367
1.24857
-0.0926237
-0.311523
0.301036
0.22669
0.0274234
0.829521
-0.374426
0.0110419
0.680783
-0.964847
0.422065
-1.89241
0.892435
1.36522
-1.35381
-1.52069
1.44216
0.259857
-1.47589
0.22123
1.25466
0.604085
0.243665
0.032711
-0.914357
0.716163
-0.121558
-0.128258
0.249816
-1.23129
0.273672
0.957623
0.30534
0.721389
-1.02673
0.0203052
-1.2664
0.766821
0.0979409
-0.864762
0.263037
0.282522
-0.941653
0.363124
-0.0132276
0.0556405
1.54383
-1.49264
0.364893
-1.00231
-0.491558
0.674407
0.0201484
-1.24853
1.1174
-0.261129
-1.74197
0.0068826
-0.313189
-0.916921
0.338675
0.228958
1.84651
0.221985
0.104159
-1.21358
0.141701
-0.10829
0.173178
-0.456779
0.328233
-0.567761
0.239528
0.0404132
-0.0606591
0.0202459
0.300116
-0.36254
-0.21448
0.00701358
-1.12774
1.15379
-0.0260568
-0.748566
0.977766
-1.57026
0.592494
-0.80564
-0.0609242
0.100607
-1.44061
0.122942
1.31767
-0.361049
0.915252
-0.668444
0.684054
0.154261
0.978018
0.615097
-1.0257
-0.817333
-0.188708
1.00604
-0.780167
-1.17626
0.609665
-0.127166
0.130643
-0.00347707
0.0627542
-0.0951311
0.957188
-1.48881
-0.0260481
-0.54175
0.567798
-0.224766
0.182217
0.0425493
-1.1312
0.471497
0.0374722
0.0252214
-0.236043
0.424223
1.91806
0.178117
-0.811448
0.83108
-0.273156
0.0929769
-0.954259
1.56644
-0.612177
-0.0787751
0.0651819
0.0776618
0.375597
-0.0222166
0.952226
1.21104
0.598424
-0.939203
0.296752
-1.82077
-0.169665
0.133717
0.122054
-1.11639
-0.229807
-0.952825
-0.214469
0.0537616
0.799468
-0.375245
-0.843447
0.10438
0.770819
0.189248
-1.68588
0.332644
1.35324
-0.0839378
0.486442
0.627303
-1.21985
-0.33847
0.755841
-0.33785
-0.417991
0.874947
-0.288294
-0.586653
-0.182224
0.0388654
0.653928
-0.66945
0.015522
-1.68054
0.647831
1.03271
1.06268
0.600372
0.000631094
0.110376
0.762736
-0.508026
-1.56475
0.564903
0.999847
-1.81545
1.52069
0.670595
0.825247
-1.49584
0.825894
-0.743475
1.87689
-0.681502
-1.19539
-1.04714
0.182803
-0.0848023
0.0534513
-0.101853
0.19575
-0.044096
0.1265
-0.0824038
-0.245965
-0.263284
-1.46002
-0.169955
0.0673177
-0.0955683
-0.0342456
-0.0247151
1.02812
-0.434707
-0.593411
0.785293
-0.474321
-0.126171
0.12684
-0.126194
1.27363
-0.236275
0.092964
-0.328176
-0.803021
-1.49327
0.57608
-0.0619514
-0.0859004
0.123881
0.062833
0.112829
-0.0879755
-0.50519
-1.14977
0.10502
-0.0829341
-0.0220861
0.1855
-0.227546
-1.24403
1.47157
0.146285
0.0081949
0.409662
1.02496
0.983441
-2.0084
-0.396059
1.01168
0.218049
-0.0868215
0.54377
-0.981133
-0.622652
1.60378
-0.985551
-0.998905
0.579781
0.294254
-0.163222
-0.131033
0.311685
-0.988016
-0.165743
1.35981
-0.382039
-0.18215
0.104712
-0.351087
-0.743551
0.0646504
1.91391
-1.71331
-0.200598
-0.885575
-0.607695
0.161351
0.17054
0.0669405
-1.02342
-0.207317
1.23073
0.23354
0.499264
-0.293006
-1.60495
-1.86561
0.762269
1.10334
-0.162001
-0.00495578
0.166957
0.957004
-0.558238
-0.398766
0.110617
-0.168135
0.0785027
0.0836553
0.922349
-1.99463
0.776027
0.0989201
-0.329714
-0.595725
-0.114345
0.023386
0.154726
0.98069
-1.20824
0.0257121
0.371884
-0.582272
0.568015
-0.0844678
-0.0112601
0.0957279
0.929595
0.947296
0.572479
0.0555339
0.72237
-0.558712
-0.163658
1.91541
-1.58276
0.1757
-0.571051
0.149432
0.0264491
0.17838
0.0250185
0.0971394
0.00400039
-0.131166
0.564288
0.0496165
-1.68703
-0.0200177
-0.141984
-0.0737651
-0.00605393
0.980806
-0.706368
0.887164
-0.516842
-0.370322
0.00392737
0.110593
-0.00575883
0.00479564
0.396572
-0.0884997
-0.239518
-0.695951
-0.25557
-2.06736
0.889241
1.17812
0.208184
-0.049169
0.112713
0.103453
0.117964
-0.273921
-0.306062
0.419618
-1.40075
0.0630735
-0.964209
1.98916
0.630319
-0.107964
-0.522355
-0.736568
-0.472721
-0.0905202
0.0929263
-1.13645
0.459172
-0.717524
0.258353
-0.314225
0.287377
0.0268478
-0.0511882
1.28438
1.04698
-1.5225
1.58276
-1.52503
1.00072
0.524313
1.04136
-2.00557
2.08056
-1.06076
-0.997691
-0.992087
-0.0237371
0.295198
-0.0898094
-0.392813
-1.51721
0.0413261
0.00647175
-1.3045
1.21882
-1.96431
0.745488
-0.0527687
0.239712
-0.4816
0.415924
-0.209406
0.944341
1.38367
-1.60617
0.651912
-0.154195
-0.831355
-1.36662
0.292763
-0.00538548
1.68351
-1.82701
-0.112137
-1.20541
0.0460081
0.948135
-0.258202
-1.45985
1.63138
-0.17153
0.434698
1.70031
0.441511
-0.0686206
-0.37289
1.8775
-0.860636
0.238095
-0.175787
0.693794
-0.75556
0.0940811
0.132609
0.184031
1.02016
-1.20419
-0.682911
-0.456986
1.04093
-1.05673
0.0158002
-0.360975
0.257839
-1.75833
0.844062
0.914265
0.744589
0.0574543
-0.617867
0.0884149
0.884946
-0.724665
0.291374
-0.556944
0.0705221
-0.127834
-0.63891
0.456994
-1.04883
-0.892083
1.94091
0.138166
-0.202395
0.230113
-0.343205
0.999407
-0.77059
0.0976826
1.12951
-1.98429
0.0912256
0.283686
0.231434
-1.19614
0.0536351
0.714746
0.260339
0.0713736
-0.612587
-1.39747
0.456082
-0.027644
-0.142798
0.170442
0.0699401
-0.320531
1.14771
1.10227
1.23005
-0.957187
0.0155235
-0.0706334
0.130661
0.453414
0.209671
-0.336385
-0.712175
-0.954771
1.99613
0.048131
-0.0911007
-0.751734
-1.10852
1.86026
-1.65819
0.353297
-0.0690096
-0.285553
-0.00886446
-1.47192
-0.0721779
-0.183998
0.64317
-1.0398
-1.02756
1.91391
0.599161
-1.40327
1.03409
-0.579457
-0.225129
-0.358034
0.170216
-0.263858
0.246629
-1.6758
0.216473
-0.80157
1.04275
-1.99752
-0.81184
0.0924705
-0.329573
-0.0487722
-1.41108
0.878673
-0.762637
1.36601
0.899592
-1.62778
0.728187
1.71407
-1.06624
1.98165
-0.94972
-0.999966
1.94969
0.508907
1.2473
-1.01376
-0.7106
-1.15501
-0.857212
-0.667823
0.471966
-0.719604
1.67103
-0.951426
-0.13721
1.36165
-1.22444
-0.985866
-0.987673
1.97354
0.928141
0.112791
0.252604
0.376528
-0.552539
0.394187
0.158352
0.0159278
-0.257575
0.490196
-1.37577
-0.832458
-0.391322
-0.24662
0.0356436
-0.319408
-0.0412294
0.704446
-1.96842
0.932629
1.03579
-0.0286076
-1.6378
1.66641
0.0678858
-0.25336
0.0553408
0.620091
-1.85148
1.85148
-0.0459503
-0.0115019
0.0574522
-0.643676
1.0804
0.305667
-0.0129042
-0.786701
-0.425652
0.917698
-1.5225
-0.0291239
-1.24692
0.280483
1.22382
-1.27841
-1.2067
0.183281
0.000904866
-0.28053
0.279625
0.13803
0.515898
0.022216
0.0181972
-0.934629
-1.21772
0.170302
1.04742
-1.39928
-0.0671642
-0.470521
-1.09974
-0.0312775
0.108279
0.16399
-0.241365
0.327805
0.0232217
0.0585129
0.371013
-0.277904
-0.361007
-0.700582
1.51388
-0.813301
0.329691
0.209459
-0.226104
0.413736
-0.187632
-0.413717
0.184685
0.425682
-0.541794
0.116111
-0.972256
1.65599
-0.985395
-1.44535
-1.67096
0.201452
-1.13979
0.0519362
1.02759
1.18096
0.151363
-1.06828
1.08567
-0.2335
-0.379037
0.286414
0.661065
0.625622
0.200272
1.98433
-0.941584
-1.00435
-0.883271
1.88762
1.14615
-0.0384762
-1.10768
0.090606
-0.0598494
-0.195998
0.178664
0.139654
1.36221
-1.50187
-1.39339
1.35381
0.0395789
1.39339
-1.44216
0.216904
-0.269673
-0.664027
0.946548
0.084603
0.314141
-0.298433
-1.68305
0.137901
1.6632
-0.763604
-0.38258
-0.0819306
0.137716
-0.441819
0.958241
0.261399
-0.0868971
0.720647
-0.73865
0.182295
-0.244521
-0.578931
-0.068458
0.872341
-2.07504
0.511056
-0.0674264
0.433768
-0.366342
-1.04064
-0.923668
0.089423
0.577664
0.560658
-0.901002
0.0895543
-0.0995589
-0.327542
0.103034
-1.99713
0.999437
-0.00391046
-0.0515685
-0.259126
-0.0706735
0.232038
0.300167
-1.40921
0.806357
-1.48007
0.673716
0.0595062
0.250744
-0.310251
0.168859
0.148139
-0.987623
1.26811
0.63886
0.372816
1.30594
-1.21985
0.188328
0.0411711
1.62937
-1.89629
0.266923
-0.291644
-0.255154
-0.796875
-0.0678877
0.376443
-0.449732
-0.0359529
-0.0799698
-1.04127
-0.163362
0.000136786
0.163225
-1.50941
0.199396
1.31001
-0.0397725
-0.0456462
0.0442097
-0.0612905
0.0170808
1.2171
-1.19695
-0.0123405
-0.0483186
0.627382
0.228187
-0.110644
-0.0184877
0.26925
-0.361502
0.195346
0.648406
-0.843752
-0.436591
-0.0335438
-0.925158
-1.0141
1.93926
-0.200976
-0.377535
0.808236
-0.969971
1.68185
0.281925
-0.303258
0.0566802
0.0471102
-0.153078
2.0536
-1.01565
-1.27631
0.778016
-0.561543
-0.505668
1.50552
0.199349
-0.287849
0.0726231
-0.0738005
0.156593
0.0634084
-0.298681
0.19355
-0.224089
-0.418527
0.177163
1.04225
-0.224688
0.154015
0.290038
-0.051358
0.0383394
-0.394947
-0.00315967
0.493524
-0.771428
0.212343
-0.242929
0.0305857
-0.285609
0.149579
0.207744
0.889652
-1.0974
-0.249792
0.121534
0.422728
-0.643075
1.417
-0.893339
1.01929
0.903808
0.0331059
0.566179
-1.01369
0.354661
-0.432984
-0.306398
1.0586
0.914783
-1.55872
1.55872
1.77366
-0.835372
1.09757
0.020351
1.45968
-1.48003
0.925404
1.01904
0.912409
-1.96124
0.159458
-1.16351
-1.36975
-0.184714
-1.42344
1.60816
-0.410578
-0.117691
0.0752674
0.795574
0.169132
-0.275282
-0.97819
1.72219
-0.743999
-0.179885
0.273966
-0.0110109
0.506999
0.760618
2.24459
-0.884198
-1.36039
1.61638
-1.49344
1.14456
0.227638
0.0829591
-0.00121541
0.0197716
1.5543
0.581055
1.05333
0.827626
0.0213171
0.199404
-0.220721
-0.352854
0.218701
0.183614
-0.195923
0.0123084
0.163601
-0.219897
0.0562952
0.489724
-0.445293
0.339176
-0.482838
-0.467413
0.656142
0.0298952
-0.0711454
0.0244727
-0.634828
0.599141
0.0356874
0.0876271
-0.0821915
-0.00543562
1.82701
-1.52167
-0.333336
0.376621
-0.0432844
-1.54383
-0.343494
0.268739
-0.956772
1.88218
0.262318
-0.33115
1.97057
-1.05816
0.251099
-0.316531
-0.158526
-0.364454
-1.31812
-0.085688
1.65147
1.29358
-1.06214
-0.103068
0.14935
-0.0505034
-1.51897
-0.297753
0.293072
0.249052
-0.372676
-0.368125
0.291627
-0.0862743
-1.33846
1.28299
-1.45376
1.48971
-1.16224
-0.476904
0.430609
0.660967
0.389911
-0.399556
-0.0655078
0.060234
0.35111
-0.411344
-0.370399
1.43606
-0.985885
-0.982608
-1.94395
-0.0839684
0.080304
0.0036644
-0.00530267
1.45929
-1.45399
0.890232
-0.902551
0.327018
-0.383159
1.75611
-0.960537
0.826032
0.837936
-1.66397
0.232435
0.0289638
0.693999
-0.260697
0.183164
-0.799532
-0.0535975
-1.54642
0.302396
-0.389147
0.225925
-0.0734219
0.106304
0.310039
-0.368754
-1.09153
1.77052
-0.867564
-0.151195
0.0578324
0.304077
0.811697
0.0264231
0.695947
1.71695
-1.51756
0.305337
-0.365615
0.905793
-0.828294
-0.114324
-0.804617
-0.148269
0.0400581
1.36522
-0.0441146
0.0076173
0.115334
-0.058612
0.0146357
-0.257032
0.039759
0.00445073
-0.638474
1.52693
-1.22029
1.24064
-0.440355
1.02014
-0.909821
0.0925027
0.338354
-0.0326754
0.107681
0.752346
0.725417
-1.47776
-0.890355
0.75955
-0.0644689
-1.16683
-0.824413
0.0627752
0.230307
-0.253973
0.0236659
1.40918
0.166159
-0.189596
-0.0953648
-1.78232
1.75371
-0.588874
0.00660202
1.17862
-0.209949
-0.0733711
0.28332
0.951827
-0.955372
-0.949472
1.97448
-1.02501
-1.02306
1.80946
-0.7864
-0.339361
0.159476
-0.0791777
0.0490439
-0.0802776
0.0312336
0.873148
-0.419681
1.5256
-1.10592
-0.284788
0.0872355
-1.77479
-1.95094
0.999972
0.95097
-1.61803
-0.368767
-0.417934
0.995555
-1.94527
0.242675
-1.0457
1.08986
-1.91428
0.308026
0.493706
1.04848
-1.15455
-0.0486479
-0.00504513
0.053693
-0.0254024
-0.150405
0.00615872
-0.0386361
-1.49331
1.53195
-0.130984
-0.41767
0.494158
0.248987
-0.743145
1.25312
-0.998881
0.513843
-1.33364
0.819792
0.229239
-0.074978
1.78708
-0.811192
0.0013219
-0.232917
0.60463
-0.790579
-0.00528078
0.115693
0.296078
0.636944
0.0615623
-0.698507
0.952685
-0.892501
-0.0601845
-0.31878
0.21658
0.0592964
0.318529
0.639712
1.82973
-0.571984
1.06614
1.02501
-0.886712
-1.92416
0.924198
0.925924
-1.96595
1.04002
-0.743037
-0.637286
1.38032
1.00704
0.795464
-1.57984
1.89629
-0.316452
-1.45963
1.30499
0.226605
0.577413
-0.804018
-0.013122
-0.42597
1.62255
-1.19658
-1.57984
1.46096
0.549515
0.0184992
-0.136371
-1.05977
0.20224
-0.840506
0.316779
-1.81065
0.92865
0.882001
-0.317279
0.230382
-1.02187
0.211763
0.810104
0.778663
-0.470636
-1.02951
-0.946567
1.95582
-1.0299
1.21311
-0.148804
0.164151
1.17582
-0.695804
-0.692841
1.74503
1.37636
-1.41499
1.45654
-0.932225
1.50193
-1.56005
0.0581222
-0.082389
0.00463312
0.0777559
-0.787527
0.0389619
-1.00677
1.95899
0.476705
-0.168255
0.509244
0.254727
-0.569392
1.42709
0.692915
1.02115
0.665686
-1.40872
-0.964046
-0.986896
-1.80537
-1.56945
-0.850773
-0.959878
1.45065
-0.916686
-0.533966
0.954822
0.0362588
-1.81858
1.52167
-0.382839
0.303394
0.316318
-0.256084
1.06599
0.500443
0.393248
0.0964762
1.73335
0.0203638
-0.0832665
2.00132
0.163183
1.09876
0.292187
0.937865
0.732252
0.401414
0.821782
0.868577
-1.69036
-0.080395
-1.65081
0.931208
0.290118
0.653136
-0.404149
-0.251407
0.406947
-0.447195
0.274426
0.397818
-0.357945
0.762017
0.901179
1.66279
-1.49944
-0.16335
-0.172407
0.176408
0.568112
0.0198789
0.0291651
-0.000606395
-0.184204
0.510731
-0.618695
-1.65972
0.896114
-0.383331
-0.225733
0.276832
0.0267349
0.317488
-1.44177
-0.0515995
0.233817
-0.0908824
-0.212891
0.063013
0.000790954
-0.063804
0.00861707
0.593739
0.00431073
0.178891
-0.32718
-1.03332
-1.04543
0.256266
0.789159
1.73925
-1.10682
-0.63243
-0.524251
1.66722
-1.14297
0.746442
-0.12082
-1.96495
1.01548
-0.190152
1.75419
1.26094
-0.949257
0.0365341
-0.196747
0.160213
0.93671
-0.693045
0.0235879
-1.22054
1.54031
0.888033
-0.147304
-1.89075
1.00748
-1.19273
0.0850476
-0.09378
0.0139619
-0.188325
0.174363
0.168111
-0.20006
0.174614
0.0254454
1.292
1.0983
0.279811
-0.010306
-0.197047
0.207353
1.1955
-0.95705
-1.63275
1.66901
-0.228516
0.19141
-0.0863068
-1.00869
-1.06635
-0.914813
1.7533
-0.838492
-0.677007
-1.11639
1.79339
1.44521
-1.24314
-0.20207
0.807376
0.0354609
-0.965297
-0.966035
-1.51578
-0.044268
0.915854
-1.9647
1.04885
0.239619
-1.85765
-1.06224
1.75515
0.373542
-0.478434
0.104892
-1.06232
-0.946081
-1.33784
0.466106
-0.00759545
-1.08909
-0.0977958
-0.0211649
0.118961
-0.583318
0.436631
0.146687
0.338487
-0.0221694
0.953771
0.799533
-0.142053
-0.132839
0.0973226
-0.011066
-1.35687
1.41499
0.00285487
-0.0645616
-1.35687
1.81606
-0.874122
-0.006568
0.461414
-0.0927535
-0.992943
1.96126
-0.96832
0.125783
-0.0132564
0.901751
0.86877
-0.305948
1.46887
-0.0171501
0.881787
0.629455
-0.804478
0.175023
1.96982
-1.05396
0.760391
-1.26152
0.0437938
-1.95118
0.949225
-1.69322
-1.10536
0.631188
0.474168
1.83599
-0.84787
-0.988122
-0.914364
-1.0314
1.94577
0.293038
1.51897
-1.53852
0.0195467
0.605515
-1.2948
-0.978201
2.02046
-0.148926
-0.419091
0.568016
-0.177428
0.978246
0.857745
-0.196061
0.173253
1.62937
0.365656
2.0612
-1.20108
-1.77841
-2.04052
-1.98065
1.03906
0.179231
-0.952357
1.40844
0.154008
-0.965024
0.138388
-0.538509
2.05239
-0.82254
-1.57896
-1.82841
0.105864
-1.75437
0.903593
1.01575
0.958725
0.958579
0.22932
0.964343
-1.19366
0.987969
0.964893
-1.95286
-0.567138
0.555763
-0.560402
1.59518
-1.03478
0.346845
1.26953
0.417533
-0.0360362
-0.143195
-0.936195
-0.502367
-0.449243
-1.64308
1.55981
0.828395
0.899632
1.16156
0.370046
0.143904
1.04587
0.924702
0.00956844
1.90806
-0.929818
1.27667
-1.09264
0.155853
0.0582585
-1.57723
-0.0474147
1.90641
-1.859
-0.0175736
1.68037
1.76965
-0.820425
-1.98865
0.9059
1.08275
-1.93494
1.02058
0.933659
0.811371
-0.00541996
0.172703
-1.38367
0.995905
0.813552
-1.5372
0.0834394
-1.08902
0.251676
1.64308
1.715
-0.813823
0.10866
-0.0117083
-0.0969516
1.0056
0.902467
0.923279
1.03254
0.0425452
0.702044
-1.03348
1.95676
-1.46561
0.0265394
1.68938
-1.66901
1.823
-0.869233
-1.88716
0.790759
0.788208
1.26418
-0.370419
0.860891
-0.490472
-0.282922
0.308634
0.0572555
0.20264
0.0482414
-1.32665
1.0697
-1.29882
0.46345
0.918834
1.02208
0.944595
-0.626066
-0.130862
-0.208305
-0.478004
-1.34852
0.0440114
-0.994449
-0.956911
1.95136
-1.95239
0.922496
2.00178
-0.920059
-1.08172
1.02921
-0.123405
0.31895
-0.195545
-0.121199
-1.95078
0.919376
-1.93216
0.939216
0.910756
-1.9578
1.04704
1.37636
1.48612
-0.820438
-0.0797033
-0.133534
-0.00423675
0.206724
-0.432828
0.675439
-1.79282
1.11738
-1.01166
-0.879087
-0.922011
0.421891
-0.539582
-0.903546
-1.8723
-0.00363144
0.0268532
-0.56552
0.359312
-1.85704
1.53852
0.318515
1.0682
0.933582
1.04269
0.927125
0.478792
-1.43807
1.47588
1.85365
-1.9929
0.938937
1.51897
-0.265564
0.0319178
-1.63275
1.70491
-0.808795
0.941752
-2.14283
-0.157154
0.0413479
-1.71715
-0.020809
-0.726034
0.218008
1.73257
-0.863989
0.177377
-0.63398
-0.396275
1.03025
1.43807
-0.0617138
0.0132751
-0.255806
0.255942
-0.286708
0.221839
-0.197345
0.177204
-0.300811
-0.0288264
-1.92666
0.932207
1.47539
-0.905583
-1.65255
-0.0474003
2.00486
-1.09896
-0.313197
1.96134
-0.965781
1.87756
-0.948909
-0.594394
1.88325
-1.96519
0.93171
-0.814925
0.0621497
-1.31693
-0.769564
2.00792
-1.06617
1.01694
-1.89603
-0.293929
1.94977
-0.805198
1.0425
-0.237302
1.74104
1.66589
-0.814571
-0.851321
-0.736919
-0.17231
0.90923
-0.588758
-1.85704
1.67812
-1.505
-0.17312
-0.563918
0.992584
-0.428667
-1.61121
0.978728
0.0279086
-0.0215185
-0.248312
1.99603
2.00789
-0.833156
0.472107
-1.51108
1.4935
0.0382232
-1.53766
-1.64674
-0.0334622
1.6802
0.65298
-0.841688
1.2437
-1.68841
2.05173
-0.961869
-1.55342
1.55342
0.860089
0.993561
-0.07131
0.38313
-0.889315
1.89491
-1.56737
1.56737
-1.97822
-1.96326
1.01669
0.465313
0.176869
-1.69414
-0.785804
0.411377
-0.0830637
-1.73911
0.0449644
-0.403811
-1.01221
2.1257
-0.736582
1.50329
-0.76671
-1.69867
-1.50391
1.3192
-0.0587402
0.450811
-0.599736
1.78023
0.931159
0.849926
0.923731
1.97859
-1.05147
0.975135
-0.318503
-0.913806
1.93075
-0.856231
0.186781
-0.911199
1.67812
-1.77452
1.95128
-1.29937
0.953593
-1.9786
-0.875745
1.79001
0.0380646
1.505
-1.53847
-0.134842
0.778876
-0.0484411
-0.730435
-1.59982
1.59982
1.92575
-1.00672
-0.919036
-1.49264
0.717249
1.0379
-1.72311
1.72311
1.00483
0.920922
0.0440187
1.95192
-0.320937
0.0404072
-1.39848
0.0318579
1.76138
-0.408138
1.93686
-1.68693
1.92993
-0.883072
0.878096
-1.03879
-1.53847
-1.6556
1.6556
-1.07762
2.0112
1.99067
-1.05173
-1.98551
0.971805
1.99332
-1.03972
-0.75832
0.194402
-1.94544
1.00042
0.945021
0.311928
-1.7698
0.749542
1.0543
0.895468
-1.51108
-1.4631
1.4631
0.0130256
0.136929
1.47285
-1.47588
0.00302449
1.51051
-1.55981
0.0492991
-1.9478
0.961571
0.98623
1.07131
0.722089
0.155743
-1.47285
-1.51051
-1.11269
1.96261
-1.04189
1.9736
1.89432
-0.886838
1.4935
-0.94061
0.935565
1.00888
-0.947381
-0.95452
-1.05105
0.25012
0.894577
-1.24821
1.05349
-1.18174
-0.627234
0.923435
1.02233
0.863589
1.21698
0.978942
0.135901
-0.125962
-1.08162
-1.02011
2.10173
1.00148
0.886137
-1.03564
-0.863014
1.89866
-1.99713
-0.77872
0.360729
-1.91152
0.904801
-0.906937
0.923142
-1.66995
1.81366
1.01533
-1.96271
-0.871036
0.0271385
-0.89514
1.89662
-0.932635
0.936696
-1.02292
1.9153
-0.892378
1.57188
-1.09308
2.04908
-0.914805
-0.942577
1.9579
-0.838016
0.0945405
0.766048
0.974988
-0.992919
-0.0215448
-1.45281
-0.803207
-0.813955
0.438709
0.14655
-0.110016
-1.94093
0.976888
0.6186
-0.887897
0.951013
-1.99074
-1.0111
-0.0424049
-0.42738
-0.947678
-1.00012
-1.02384
1.94728
0.918901
0.988245
0.981106
0.939205
1.29171
-0.589464
-1.02263
-1.10337
-0.984592
2.08796
-0.868726
1.62107
1.13995
-1.05053
0.789192
-0.366464
0.95348
-1.9812
1.02772
0.150634
-0.981989
-0.562531
-1.04612
-0.973507
-1.00716
-0.805274
0.337861
-1.00754
-0.933397
0.928074
1.91585
-0.93122
-0.984629
-0.906106
1.92668
-0.982007
0.540163
0.945432
-1.95297
1.87552
-0.737198
-1.13832
1.93703
-0.914695
-0.404257
0.932086
-1.91073
0.978646
-2.03835
0.960736
-1.91082
-1.03062
-0.902364
1.84918
-1.17374
0.331569
-0.0645261
-0.00661934
-1.03726
0.959466
-0.889151
-1.02167
-1.06479
-0.93053
1.94261
-1.01208
0.946366
-1.98362
-1.11521
1.01901
-1.96159
-1.97123
0.999178
0.968205
-2.01432
1.04391
-1.28759
-0.121672
1.40926
1.08207
-1.99688
-0.808579
0.334258
1.00525
-1.92428
0.941347
-2.05656
0.567597
1.15898
-1.45357
0.0542883
1.00919
1.01322
0.923809
-1.95279
1.01188
0.940912
0.151733
0.707271
0.285313
1.01199
0.725323
-1.77029
1.04497
-1.02472
1.78856
-0.173601
-0.946692
1.96571
0.174073
0.891086
-0.932042
-1.04287
1.97492
0.839476
0.577527
0.353262
-0.0478423
-1.07231
1.93664
-0.923423
1.24491
0.720345
-1.96526
1.17632
-2.03018
2.11766
-1.65234
-0.994643
1.94007
-1.00611
-0.946859
1.06796
-2.05255
0.143155
-0.940904
-0.969828
1.00499
-1.91522
0.910226
-1.87873
1.00979
-1.90217
-0.969158
0.0179454
-0.202149
0.17171
0.930729
0.965981
-1.90688
-1.05047
0.460749
-1.00874
1.2956
0.94899
-0.956768
-0.998048
0.969679
0.954037
-2.0202
1.00839
0.563489
0.0108186
-1.01817
-0.896104
0.139237
-0.00454413
1.01524
0.932034
-0.861395
1.79255
-0.14657
1.00567
-1.89482
0.982945
-1.91417
-0.923322
-0.831044
0.00136118
-0.771491
0.947967
0.904403
0.992396
-1.8968
-0.919294
-0.950877
-0.244829
0.221844
1.00531
-1.95299
-0.0311436
0.73053
0.649792
-0.156814
0.0961977
0.0606165
-0.0189288
0.922821
0.973803
1.93905
1.98032
-1.04112
-0.893382
1.96949
-1.16914
0.87347
1.03401
1.0569
-0.146597
1.91419
2.01764
-0.944219
-1.0394
0.032003
-0.0832857
0.0512828
-1.34805
-0.111584
-0.177583
0.507334
-0.896501
1.50306
-0.140845
-0.152257
0.445111
-0.292853
-0.119742
-0.0263707
-0.073631
-0.0939648
0.926973
0.923771
0.319757
0.765916
1.43467
-0.913127
0.399915
-0.439102
-0.0103633
-0.00113861
-0.786055
1.82996
0.989324
0.0980272
-0.517118
1.94391
1.02404
1.99469
-1.058
-0.867419
-0.912899
1.92209
0.0467844
1.0983
-1.86312
-0.950062
1.02135
-1.90535
0.884008
0.0217883
0.0785667
-0.061486
0.908897
1.9063
-1.07118
-0.835118
-0.105981
-1.35962
-0.147174
-1.05952
0.78817
1.33753
-0.0291822
-1.94368
-0.100461
-0.0405661
-0.0850184
0.125585
0.67887
-0.995804
1.78183
-0.786029
1.87682
-0.806682
-1.07014
1.00129
-0.0483179
1.36598
0.922327
1.01292
-0.908827
-1.47895
-0.491971
-0.508315
1.00029
-0.168893
0.839881
0.48876
0.3065
-0.795261
2.0095
-1.0906
-1.05967
-1.04379
-0.564596
-0.842917
1.40751
-0.0795772
-0.984536
-0.126971
0.504182
-1.57257
1.90103
-1.06269
-0.484747
1.19202
-0.0705383
-0.0211767
-0.237432
-1.75492
0.759112
-0.678415
0.111277
-0.103908
1.94154
-0.902245
-1.03929
0.933532
-1.03107
1.23252
0.503214
-1.06668
0.563468
0.688473
1.06764
-0.139303
1.77642
-1.12132
-0.671502
-0.0950705
-0.131594
-1.90383
-0.271453
-0.045629
-0.930026
-0.13827
1.14603
0.79551
-0.826967
1.85378
-1.02681
0.974294
0.0420276
0.150554
-1.52031
0.717012
-1.73098
1.01396
1.09435
-1.64386
-0.920837
1.73048
-0.907421
1.7089
-0.185163
0.0988565
0.0185717
-0.0185717
0.158821
-1.1577
-1.01066
0.518426
0.304732
-1.00409
-1.1977
0.791093
1.90716
0.333482
0.474754
-1.01262
1.91742
0.99804
-1.92146
-2.00988
0.970481
-0.140003
0.203412
0.613624
1.11198
-0.333477
-0.756057
0.296547
-1.00945
1.96892
-0.143324
0.0645485
1.00819
-0.23237
-0.480338
-1.37114
-0.923468
1.92151
-0.0435248
-1.69878
0.837384
0.0263382
0.927797
0.594155
-0.469896
-0.124259
0.910533
-0.11737
-0.0897181
0.385796
0.0151513
-0.0151513
-0.792808
0.644634
-1.83654
1.00549
0.0413527
-0.0371067
-1.08756
-0.0323214
-0.229448
-0.093808
-0.0559061
-0.598358
1.76414
-0.783034
-0.12523
-0.428471
1.04856
-1.11266
-0.33526
-0.0038156
0.339075
-0.0811763
-0.0993857
-0.0800516
-0.0619046
0.474446
1.72011
-0.807464
-0.223536
0.909477
1.0388
0.89113
-0.491861
0.339604
0.0484182
0.978085
-0.124522
1.08215
-0.691514
-1.47362
2.16514
-1.34368
0.52371
-0.0674787
-0.0653186
-0.0796039
-1.99284
-0.0929275
1.0028
-0.367842
-0.634954
-1.56746
0.0740235
1.03896
-0.171422
0.0866199
0.417837
-0.709822
-0.547358
-1.56253
-0.0949848
-0.0450187
-0.0985787
-1.6722
0.962376
-1.20206
1.03053
0.161388
0.854785
1.10281
-1.9576
-0.272285
-0.261158
0.528525
0.0299188
-0.0725377
-0.859856
0.489438
-1.23585
0.176081
0.0492757
0.59376
-0.251853
0.72742
1.20323
-1.93065
-0.091212
-0.612191
1.18985
0.993382
-1.04549
-0.907498
-0.07312
-0.498561
-0.0237938
0.584163
0.071538
-0.225024
-0.342737
-0.804203
-0.170229
-0.0634168
0.585203
0.135277
-0.0128303
0.993948
-0.0727434
-0.757444
0.978675
-0.256253
1.07633
0.822168
0.0931125
-0.895062
0.163917
0.966908
-1.85031
-0.671746
1.95613
0.0253483
0.0401673
-0.174709
1.2949
-1.96664
1.52146
-0.594212
0.520815
-0.0831165
0.306366
-0.710249
-0.588573
-0.136034
0.0536299
-0.570925
1.54987
0.794007
-1.3586
-1.79908
0.772264
1.67056
-0.931811
-0.738752
0.588166
0.11628
0.252553
0.433192
-0.685745
-1.00788
0.515908
-1.03997
1.78972
0.124391
1.23982
-2.10371
0.863884
0.917172
-0.709428
0.00642207
-0.123781
0.748589
-0.153748
-0.910382
1.64436
-0.733974
0.620792
-1.29514
0.674344
-1.07824
-0.937382
1.92793
-0.966355
0.848663
-1.98699
1.18807
-0.583442
-1.30027
1.91487
0.176288
0.0170309
1.1174
0.737812
0.499077
-1.23689
-0.42498
0.154478
0.132508
-0.999154
-1.19157
-0.403021
1.59459
0.950538
-0.639485
-0.140251
0.00171619
0.138535
-0.348773
1.70685
-1.23467
-2.0024
1.28825
1.52641
0.00553681
0.694155
-1.46086
0.454106
0.140049
0.00523627
-1.67518
0.460206
-0.59119
-0.717042
-1.26429
-1.7837
0.765531
-1.05921
0.312461
0.273418
0.878284
1.06616
0.430599
0.572197
-1.26552
2.1203
0.921175
-1.07731
-0.022975
0.385785
-0.292594
-1.40396
1.69656
-0.0255138
-0.0599334
1.78755
-0.403052
0.05458
-0.000127529
0.950163
-1.2126
-0.0359278
-1.42844
-1.25063
0.316002
0.650253
-1.135
-0.977876
1.9229
1.95148
0.127027
-2.1181
1.2339
1.0082
0.940311
-0.123127
0.496669
-2.22995
0.932141
0.765215
0.955539
0.243333
-1.0665
1.83877
0.00405868
0.000772346
-0.00483102
1.14819
-0.644976
-1.13069
-0.00575505
0.427676
0.318766
1.44705
0.591665
-0.62993
0.0541232
1.02043
-1.75007
-0.927527
0.639233
-1.55546
0.936994
0.974649
-1.45987
1.5433
-0.945928
-0.954851
1.6305
0.450972
-0.65134
-1.95964
1.00958
-0.0737904
-0.638412
0.311232
0.288395
0.560497
-0.101205
0.0034092
-0.092544
0.768794
-1.94253
0.995007
-0.430719
0.669516
-1.48995
-0.916242
1.40644
-0.0348947
-1.18564
-1.27742
0.215276
0.0105712
0.823563
0.389548
-1.37242
1.47734
-0.10492
0.628472
0.889183
-1.51765
-0.997308
0.721049
-1.04907
-0.357143
1.40622
0.813555
-1.0069
1.00653
1.6714
-0.709024
-1.63936
-0.0129861
1.15501
-1.9335
-1.21819
0.791349
-1.41739
0.626045
0.578706
-0.968953
-0.0650492
1.034
-0.337229
0.276354
0.0152009
-0.291555
-0.583381
0.20005
0.00878846
1.47374
-0.64849
1.91164
-0.429961
0.0349719
0.394989
0.164302
-0.161406
0.25838
-1.38324
-1.29249
1.59489
0.571532
-1.0002
-0.586636
1.67584
-1.40143
-0.274404
-0.0515273
-0.0436037
-1.95522
-0.554728
0.810995
-1.18442
-0.149213
-0.636082
-1.41118
1.16581
-0.656906
-1.8999
-0.726461
-0.00201668
0.229861
-0.736101
-1.11432
0.556079
1.61818
-0.924022
-0.775963
0.277518
0.667077
0.859973
0.930037
1.66901
0.106396
-0.717777
-0.924538
0.687553
-0.77368
1.34976
1.93597
-1.20855
0.708141
0.173057
0.342826
-0.355591
0.0127655
0.286755
-0.00101391
0.978247
-1.35447
-0.828476
1.07044
-0.676007
0.846309
-0.122768
-0.0263269
-0.821818
-0.867101
0.428001
0.4391
1.47289
-1.64526
0.172369
-1.65029
0.609019
0.181537
-0.473986
1.19933
-0.626852
-0.0347093
0.00908973
1.35579
-1.2249
-0.130887
-1.16844
0.108916
-0.332548
-0.739306
-0.0364555
-0.433394
0.469849
-0.243038
0.213914
0.221053
0.149643
-0.179766
0.630577
-1.49331
-0.447218
1.08608
0.488949
0.203365
-0.0203392
-0.588004
1.24528
0.710851
0.951236
-1.42171
-0.028112
0.0553662
-0.0553662
0.600372
-0.427194
-1.07703
0.499894
-1.90386
-0.0256966
-0.316306
1.05463
-0.0224326
-0.561553
-0.733583
1.76931
-1.86062
0.0297136
1.0059
-0.141906
0.997369
1.16782
0.157281
-0.174988
0.0177075
0.902438
0.00307306
-0.905511
-1.01959
0.532285
-1.33741
0.805126
-0.161427
-1.06714
1.14097
-0.0738345
0.517488
-1.56656
-0.898577
-0.0503315
-0.788922
-0.0352819
-1.20978
1.20447
-1.40921
1.29383
0.115378
-0.0400706
-0.145093
0.600771
-1.40398
1.22575
-2.192
0.966251
0.0211463
0.00054855
-0.274192
-1.14649
0.567029
-1.47604
0.0668308
1.00125
0.981049
-1.9823
-0.36119
0.976969
0.111546
-0.0321219
-0.079424
0.0851505
-0.0851505
1.5347
0.446676
0.847269
1.14332
0.377262
-0.932273
0.0684651
0.178861
0.530512
-1.05834
1.98613
-0.123087
1.59598
-1.58295
-0.409276
-0.0824882
0.178216
-0.655959
-0.7187
0.282295
0.436406
-1.21711
1.23085
-0.0137386
0.633378
-1.34363
0.615348
-1.84095
1.2256
1.7448
-0.118258
0.185198
-1.36857
0.25396
0.245304
-1.10918
1.15297
-1.03229
0.398308
1.01253
0.148467
-0.938925
0.378155
-0.0917412
-0.0606007
0.32868
-0.106836
0.492737
1.25207
-0.167856
0.171881
-1.51317
-1.45403
1.63726
-1.62864
-1.00295
1.79841
1.05895
0.246241
-0.0756069
0.890735
0.517704
0.819243
0.170884
-0.0413554
-0.347792
-1.21979
-0.138678
-1.28976
-0.782707
-0.00668395
0.00668395
0.555139
-0.240204
0.546049
-1.73761
-0.00779209
-1.01123
-0.00321266
0.00321266
-1.00421
1.46105
-0.786703
-0.0115473
0.0115473
0.379648
1.26691
0.00923111
0.386898
-0.0209666
0.0209666
0.539725
-0.0237304
0.0237304
0.0615029
1.2698
-1.3313
0.0898366
-0.0307106
0.0307106
0.253525
0.125081
0.114381
-0.239463
-0.0107744
-1.15146
0.473744
-1.56683
-0.449029
0.0311589
-0.0311589
-1.64225
-0.555975
-0.509292
-0.358877
0.986295
-0.627417
-1.24749
-0.015886
0.015886
0.0722142
-0.142752
-0.0298917
0.0298917
-0.478383
-0.619013
0.019814
-0.019814
-2.02432
-1.24488
-0.0312128
0.0312128
0.274238
0.676777
0.0169591
-0.0169591
-0.0291245
0.0291245
-0.0737313
0.0164032
-0.0164032
-0.0291104
0.0291104
-0.605442
0.832047
0.0175811
-0.0175811
-0.202605
0.121472
1.43283
-0.775866
0.0123846
-0.0123846
-0.0398852
0.0398852
-1.34017
-0.161698
-0.456706
-1.44715
0.0178046
-0.0178046
0.632039
0.119511
-1.44333
1.51305
-1.00887
-0.0470872
0.0927945
-0.0457073
-0.137171
-1.38314
-0.0164322
-1.0205
1.30031
1.00449
0.196293
-1.67872
0.718183
-0.188994
0.479051
-0.290057
0.0338671
-0.0338671
0.00871086
0.0320018
-1.21765
0.496253
-0.503848
-0.0221803
0.0201864
-0.0201864
0.0194158
-0.0194158
0.0179255
-0.0179255
0.0160775
-0.0160775
0.0170988
-0.0170988
0.714199
0.429122
0.0159184
-0.0159184
-0.00437119
0.00437119
0.0695543
-0.0376798
0.0376798
0.222146
-0.028119
-1.25953
0.997298
-1.95917
0.677792
0.930367
-0.000921148
0.000921148
-0.0419009
0.0419009
-0.00763462
0.00763462
0.45259
-0.434259
-0.143712
0.000914406
-0.0160301
0.0160301
-1.35884
0.0275116
-0.0275116
0.638285
1.34771
-0.500065
-0.367545
0.319619
-0.0244899
0.0244899
-0.0333303
0.0333303
-0.0407587
0.0407587
-1.65613
1.25311
0.340097
-0.281962
-0.058135
0.0221278
-1.29213
0.179474
-0.0350826
0.0350826
-0.268735
1.35884
0.104251
-1.16662
-0.0341393
0.0341393
-0.871694
-0.0365427
0.0365427
1.6272
-1.51952
-0.019784
0.019784
-0.0359877
0.0359877
0.0755564
-0.0755564
0.664679
-1.65007
0.0777367
-0.0777367
-0.0365362
0.0365362
-0.50062
0.918884
-0.418263
0.94436
-1.81848
-0.672705
-0.439983
1.11269
-1.49205
-0.0456193
0.820302
1.00966
-0.100486
0.100486
-0.00890745
0.00890745
-0.0294885
0.0294885
0.818243
-1.62944
0.813445
-1.87178
-1.43819
1.43819
0.733036
-1.3375
0.38089
-0.203727
1.23682
-0.122613
0.122613
-0.0382171
0.0382171
-0.958444
-0.514374
-0.126924
0.126924
-0.0421444
0.0421444
0.522158
-0.612678
0.1515
-0.113533
-0.0439288
0.0439288
-0.132854
0.132854
-1.67786
0.873656
-1.58608
0.555005
0.0190048
-0.0190048
-0.103731
0.00816316
-0.0498311
0.0498311
-0.163013
0.163013
-0.0387254
0.0387254
-0.142214
0.142214
-1.21254
0.991547
-1.27659
-0.0500615
0.889454
-1.81948
-0.0369632
0.0369632
-0.18684
0.18684
-0.0584273
0.0584273
0.0467192
-0.279636
0.506257
-0.103411
0.103411
-0.0487079
-0.509854
-0.0391348
0.0391348
0.218944
0.200853
0.881292
0.107233
-0.91185
-0.123614
0.123614
-0.0404094
0.0404094
-1.38881
1.39404
-0.80013
-0.853842
1.65397
-1.45146
-1.11817
0.404066
0.0558074
-0.339691
0.283884
-0.102159
0.102159
0.00991504
-0.00991504
-0.0368503
0.0368503
0.601343
-0.46883
1.10002
0.110944
-0.633118
0.522174
0.463444
-0.466604
-0.577802
-0.333445
0.911247
0.0599462
-0.0599462
-1.43263
1.43263
-0.0365667
0.0365667
0.509059
-0.402577
-0.4339
0.08421
-1.10134
0.0622213
-0.0622213
0.0633831
-0.0633831
-0.185503
-0.0240923
-1.10517
1.36086
-0.0395719
-1.20792
0.786772
-0.0321226
0.0321226
0.0179221
0.0412072
-0.0412072
0.917989
0.374006
-0.482046
-0.244284
-0.570798
0.393215
0.399579
-0.423372
-0.0821455
-0.335702
0.597314
-0.261611
-1.85402
0.957918
-0.00558794
0.00558794
0.339823
0.382748
-0.0442103
0.0442103
-0.744705
0.839245
-1.02953
-0.0809836
0.033829
-1.24637
0.0143023
-0.0143023
-0.0448414
0.0448414
-0.044791
0.044791
-0.0512131
0.0512131
-0.0466689
0.0466689
-0.0483851
0.0483851
-0.0462354
0.0462354
0.263813
-0.206266
0.0477396
-0.0467824
0.0467824
0.851115
0.0546723
-0.0546723
0.371757
-0.415042
0.247934
0.0261214
-0.0261214
0.819082
-1.68781
-0.498774
0.0396487
0.0149314
-0.114446
-0.340452
0.454898
0.0289317
-0.0289317
0.646095
0.0293836
-0.0293836
-0.000507998
0.0320821
-0.0320821
1.38479
0.713651
0.320587
0.0322096
-0.0322096
-0.332706
0.13085
-0.450377
-0.461348
0.911726
-0.0324666
0.0324666
-0.111448
-1.04625
0.085832
-0.185264
-0.253969
0.507929
-0.938742
-0.0593062
1.56409
-0.599745
0.516188
0.114521
-1.14213
-1.85814
0.457129
0.0330649
0.0382719
0.0026787
0.529088
-0.106138
-0.0082068
-0.139578
1.11813
1.16237
0.074616
-1.23699
1.45754
-0.453044
0.20012
0.917015
-0.843132
-0.0738829
0.42478
0.258522
-0.214504
-1.35413
0.951249
0.402886
-1.47443
0.844895
-1.00845
-1.48955
-0.00529173
1.49484
1.37765
-0.835979
-1.01085
-0.936197
-1.02041
-1.35728
0.00281471
0.0838739
-0.0838739
0.132315
-0.310644
0.68069
0.390104
-0.171397
0.571313
0.0163736
-0.0163736
-0.161209
-0.810124
-0.101075
-1.02702
0.323798
0.215927
0.277748
-0.346368
0.443853
-1.35698
-0.264606
-0.0243014
0.575881
-0.625165
-1.23297
-0.817568
-0.370846
-0.505336
-0.0866434
1.9598
1.28676
-0.0169695
0.0172431
0.19887
-1.13096
0.613806
-0.148493
-1.07461
1.75179
1.34846
-0.132933
-0.102379
-1.57478
-1.28592
0.208892
0.938923
0.0354314
2.08407
-1.19294
-0.0116633
-0.0146635
1.24645
0.38739
-0.486949
-0.103539
-1.02353
-1.1527
0.563233
0.208992
-0.923984
-0.839896
-0.439541
-0.0480497
0.0480497
0.0088082
-0.0088082
-1.01973
0.411122
-0.638055
0.226933
-0.67948
1.04478
-0.680952
-0.109476
-0.326251
-0.152183
-1.14647
0.226657
-0.269062
0.857794
-1.11884
0.900243
0.218599
-1.11542
1.05037
1.26653
-0.497098
-0.76943
-1.12118
0.0935109
-0.00448264
0.786455
-1.01522
1.48897
1.30682
-0.437632
1.25119
0.0918144
-0.0667959
1.29723
-0.485531
-1.18198
1.18198
-1.30959
0.229628
-0.122629
-0.106999
0.676783
-0.183259
-1.02714
0.455153
-1.50025
1.51979
-0.53148
0.538082
0.831693
-0.964638
0.132945
-1.83853
-0.387749
0.178682
-0.172523
1.14647
0.574733
-1.27535
0.700612
-0.0953312
0.0149615
0.267643
1.08906
-1.3567
1.10334
0.118943
-0.58686
0.0815241
0.319869
-0.160393
0.190342
0.00106799
0.363949
-0.431113
-1.2381
-0.147334
1.53419
-1.00567
0.501173
-0.0422105
-0.58974
0.631951
0.749355
-1.16405
0.414698
0.366969
0.0582609
-0.0582609
-0.175467
0.632461
0.813484
1.26141
-1.26141
0.300642
0.0666658
0.346347
-0.479595
1.06065
-0.111023
0.541632
0.339088
-0.122508
2.08113
-1.03415
-1.02064
0.11181
-0.101742
-0.293543
0.395285
0.265178
-0.497408
-0.47967
-0.0255196
-1.17354
0.00692352
1.17027
-0.675056
1.22419
-0.549135
0.322164
-0.0917817
0.973587
-0.163587
-0.00170016
1.01427
-1.68577
1.02431
0.906474
0.117841
1.0236
-1.08544
0.470633
-0.0352309
-0.229375
0.975604
-0.88227
-0.0933333
-0.562825
0.581324
-0.133948
-1.70002
0.530314
-0.257028
0.37593
-0.0995762
-1.06758
1.99972
0.00416989
-0.0910816
0.0840129
0.817566
-0.814493
-0.0239201
0.0239201
-1.49195
0.390659
-0.0872657
1.95814
-0.430832
0.665827
-0.106874
-0.169611
0.0275582
0.467147
-0.0116887
0.121364
-0.069428
0.271209
0.12632
-0.760776
0.634456
0.0274945
-0.0274945
0.0757662
-0.0757662
-0.805924
1.75028
0.772306
-1.63532
-0.031285
0.031285
1.08544
-0.493316
0.400562
-0.732976
-0.189259
0.922235
-0.571654
-0.124811
-0.377582
-0.667186
0.260321
0.292038
0.395715
0.582372
-0.403015
0.841725
-0.0100847
0.0100847
-1.03347
1.55117
-0.136827
0.136827
0.080614
-0.159228
0.45902
-0.299792
-1.05257
-0.145891
0.29776
-1.01818
0.383224
0.54409
0.0928544
0.432215
0.800727
-0.31922
-0.46884
0.406936
-0.308003
0.460415
-0.152412
0.765656
-1.31671
0.147571
1.80743
-0.829341
-0.274949
-0.166174
0.441123
-0.154563
0.614769
0.00660492
0.069981
-0.0765859
-1.28471
-0.215762
0.194598
0.632758
-0.179538
0.343455
-0.849749
0.00429067
0.0531615
0.382722
-0.608455
0.140845
0.00788589
-0.111617
-1.81287
-1.46638
1.36814
0.22784
0.00306224
-0.00306224
-0.114398
-0.897375
-0.0144743
0.121038
0.45582
-1.4906
-0.0429352
0.19153
-0.148595
-0.05585
0.05585
1.56905
-0.466716
-1.10233
-0.4603
0.168656
-0.800226
0.39095
0.183286
-0.0483885
0.217244
-0.103555
0.282433
-1.335
-0.848803
-0.0581642
-0.67511
-0.128377
1.21348
-0.0216048
0.021638
-3.32311e-05
0.625314
0.316417
0.602424
0.934502
-1.74043
0.299668
-0.212433
-0.260415
-1.41118
0.405081
1.18981
0.1127
-0.1127
0.819761
0.214241
-0.438089
0.218299
0.132394
-0.357556
1.07176
-0.217068
-0.501632
-0.489676
1.42037
-0.517924
1.53219
2.19071
-0.296022
0.0805411
0.314055
1.01867
-0.92556
-1.04968
1.21876
-1.59569
-0.964449
0.337954
-0.333203
0.0468055
0.286398
1.42741
-0.1088
0.0461386
-0.95165
-0.0160546
-0.130672
-0.414722
0.149158
-1.53902
0.155884
0.596792
-0.132667
-0.849323
0.160619
1.71492
-1.02645
0.537016
-0.919597
0.321743
0.0640418
1.0138
0.165854
0.223736
0.311129
-0.432327
0.557663
-0.475084
0.128435
-0.119774
0.878713
-0.12862
-0.240763
0.369383
0.86134
0.557356
1.34906
0.485674
0.0508201
0.0179221
-0.124652
-0.239016
0.363668
-0.169256
-1.16368
-1.02832
0.0034092
-0.0992369
0.450347
1.10208
-0.546
-1.01404
0.00781157
-0.0464856
0.18456
-0.499216
1.21797
-0.102395
0.115421
0.360407
0.429994
-0.697096
0.651615
-0.369321
-0.331007
-0.0965577
0.427564
-0.843009
-1.13929
0.0360641
-0.00303313
-0.0127607
0.0933746
1.01459
-1.43117
0.416574
0.0247425
0.552804
-0.577547
0.355703
-0.720157
-0.967749
1.25787
0.0601802
0.00283286
0.0249917
-0.363857
-0.114147
0.377914
0.352869
-0.454745
-0.24981
-0.0724569
0.322267
0.863922
0.196507
-0.196507
0.605985
-0.112735
-1.47022
-0.101496
-0.254095
0.718265
-0.444027
-0.139625
-0.399957
0.027024
-0.027024
-0.228525
-0.135266
0.363792
-0.452771
0.289736
-0.00941925
-0.156269
-0.276559
0.483745
-0.869834
-0.297636
0.940086
-0.79693
0.0409734
-1.02185
-1.21311
1.55725
-1.03883
-0.182461
-0.316755
-0.297807
-0.552383
-0.69921
1.28158
-0.208196
-0.39154
-0.234877
-0.251861
0.486739
-0.267324
0.44886
-1.03236
0.715934
-1.72998
-0.00654273
-0.0874221
0.0146357
-0.0352271
0.480734
0.527461
-0.793519
-0.111461
-0.165491
-0.197044
0.362535
-0.00453758
0.6724
-0.0859532
-0.0829396
-0.108573
-0.161758
0.701398
0.00126726
-0.444059
0.91133
-0.467271
-0.16036
-0.504465
0.664825
0.0602971
0.0239837
0.0157753
0.734285
-1.36421
-1.26235
-0.376379
0.736786
0.265292
-0.231333
-0.0339582
1.17475
-1.17475
-0.0013211
0.0159423
0.382348
-0.672405
1.20634
0.0727609
0.0758184
-0.148579
0.192898
1.64567
-0.827428
-0.741394
0.0592383
-0.353167
1.49005
-0.665164
1.59967
0.00208829
1.07927
0.629633
-1.54844
-0.157622
0.0552295
0.000765404
-0.0559949
0.0393794
-0.000555896
-0.359308
0.272644
1.41108e-05
-0.154028
-0.105926
-0.0357153
0.0357153
-0.201553
-0.223561
0.425114
0.214646
-0.258171
1.30401
0.00117794
0.00217153
-0.950235
-0.238928
0.206607
0.291945
-0.391331
0.221717
-0.79276
1.45844
-0.458984
-0.451613
-0.556266
-0.346102
0.72845
-0.186346
-0.210766
-0.0037372
0.256845
-2.04181
0.621646
0.568209
-0.309118
0.241639
0.0362882
-0.197694
0.548389
-0.188076
0.7089
0.384777
-1.09368
-0.229544
0.125636
-0.458222
1.46372
-0.846636
-0.434448
1.02611
-0.469541
-0.325719
0.23907
-0.442797
0.357556
-0.539212
-1.13441
1.48771
0.430722
-0.610488
-0.0885851
0.291997
-0.0343851
0.332566
-0.626964
-0.35542
1.33218
0.917934
0.712571
-0.239949
0.778825
-0.461285
-0.31754
0.317916
0.548652
1.68809
-1.25587
0.33333
-0.405868
0.826682
0.923602
-0.439497
-1.34543
0.132319
-0.00381275
0.216798
0.233084
0.010249
0.343344
-0.00199396
0.622484
-0.000770571
-0.00149024
-0.00184808
0.00373319
0.00102134
-1.29313
1.913
-0.408151
-0.00529234
-0.506144
1.07317
1.21387
-1.88826
0.674386
-0.000831395
0.0404554
-0.00671347
-0.204428
0.443498
0.0246745
-0.0246745
0.118216
-0.022018
-0.951455
1.58483
0.0159423
-0.27876
0.715166
-0.00839549
-0.592039
-0.451781
0.35671
-0.0155675
-0.00845978
-0.784541
-0.270919
-0.0058187
-1.30391
0.0547261
-0.292158
-0.0162688
-1.30381
0.257552
0.226366
-0.338502
0.809518
-1.59406
-1.05463
0.311663
-0.157254
0.157254
-0.0017523
-0.0544166
-0.00453627
-0.161687
0.167367
0.0322759
1.76699
0.480534
-0.747142
1.73702
-0.00146004
0.356747
-0.0109837
-1.14048
0.308667
-0.183586
-0.131248
-0.413515
0.321773
-0.169316
0.0191203
0.214696
-0.0802768
-1.13737
0.460176
0.000554993
-0.303501
-0.18836
0.573483
1.21218
-0.892561
1.12484
-1.09101
0.620732
0.288498
-0.468519
0.443198
0.418618
-0.259099
0.236666
1.30902
0.0157065
-0.676628
-0.658864
0.167852
-0.195964
1.18488
0.453797
0.042872
0.402525
-0.438981
-0.291423
-0.168877
1.92981
0.124959
0.0606153
0.0321791
-0.000779266
0.050051
-0.534255
0.484204
-1.10251
-0.778735
-1.02044
0.117638
-0.0640225
-0.0536158
0.455686
-0.87395
0.00667699
-0.81729
-1.37735
-0.00959403
0.107481
-0.673001
0.134798
-0.00178433
-0.00592956
-1.2882
-0.000483779
0.344299
-0.512553
-1.1145
-0.651567
0.48798
1.54251
0.567343
-1.11334
0.615957
0.733802
-0.505081
0.113759
-0.0371683
-0.0156102
1.38383
-0.432582
-1.12584
0.174414
0.0787996
-1.33904
-0.351033
0.299422
-0.128229
-0.0442946
0.00176214
-0.0446268
0.972611
0.645566
0.609824
0.643082
-0.902088
-0.454892
-1.10758
-0.768399
0.980859
-0.418272
-0.341591
-0.264046
-0.325884
0.614366
-1.09198
-1.55446
-0.00162843
-0.2971
0.375344
-0.0782445
-1.35355
-0.942656
0.0214547
1.46622
0.00355909
-0.339518
-1.4398
0.515569
-0.976917
-0.337085
0.357841
-0.585366
0.227525
0.442185
0.000283576
-0.830184
0.452545
-0.110779
1.49897
-1.32085
-0.621852
0.565145
-1.38785
-0.0338604
-0.103216
0.086784
0.165455
0.999086
0.102415
-0.0984746
-0.0481224
-0.0667165
1.46933
-0.85337
0.0300987
-0.798954
-0.0575507
-0.00356382
0.0611146
1.62875
-0.819235
-0.707137
-0.406389
-0.129734
0.536123
-0.512602
0.285235
-0.661614
0.0265347
-0.00300308
0.427001
-0.566625
1.21043
0.501316
0.00306114
-0.20033
-0.451237
1.69816
-0.907397
0.130683
0.11083
0.0198902
0.484016
-0.0340259
-0.208308
0.173599
1.34296
-0.623683
-0.341886
0.434952
-0.0930654
0.135327
0.49525
-0.549208
-0.514105
5.03915e-05
-1.10868
0.670592
0.417784
-0.355379
0.0118192
0.691735
0.702026
-1.39376
0.00214974
-0.36798
0.253533
-0.000547047
-0.138886
-0.452304
-0.632441
-0.40259
-0.5439
0.309023
-0.010891
0.00281027
-1.38504
0.354676
0.645763
0.553568
0.000451862
0.0740346
-0.678353
0.786408
0.00269855
-1.09923
-0.214494
-0.517412
0.462631
-0.599022
-0.0103729
-0.486769
0.170014
-0.534603
1.23522
2.04151
-1.32046
0.0528974
0.808145
-0.769874
0.793779
0.0806681
0.115082
-0.156903
1.1359
-0.219607
0.195515
-0.0172361
0.375458
0.732668
0.871116
-0.869803
-1.07364
1.17904
0.437111
-0.653924
-1.27196
-0.365078
-0.214529
1.11477
1.2338
-0.849019
-0.058612
0.370837
-0.355637
-0.451532
-0.112495
-0.0612575
0.640578
0.137868
-0.60922
0.471352
-0.104356
-1.30682
-1.35136
0.114201
0.0321828
-0.574752
0.535006
-1.18213
-0.148276
1.05062
-0.896611
-0.412353
0.91096
-0.604643
-0.306317
-0.0260947
0.0988556
0.405142
0.0319696
-0.108476
0.49858
-0.178133
-0.0376291
1.59989
1.16805
0.15879
-1.07963
0.0627752
0.0713613
-0.209632
-0.988966
-1.03558
-0.193282
0.0842225
-0.0824381
0.764194
-0.0541064
-0.227662
0.281769
0.254616
-0.0618297
-0.271373
0.182189
1.32652
0.681234
0.116484
-0.011501
-1.46932
0.100383
-0.0684655
-0.014535
-0.432455
-0.983059
-0.293051
0.0134145
0.101
-0.103298
0.00229778
-1.20541
0.522503
-0.979642
1.02892
0.00433187
-0.0147047
0.472052
0.415981
0.796868
-0.00262941
0.0176073
-0.0228996
0.153688
-0.021402
0.0129422
-0.0636223
-0.648451
-0.389724
0.197493
-0.445805
0.493574
0.33933
-0.433138
-0.068644
0.0707323
-0.55555
0.321728
-0.0963966
0.534268
0.418346
0.00830105
-0.00830105
-0.00544264
-0.0613859
0.0606153
-1.65572
0.097724
-0.741657
0.0102112
0.165419
-0.56923
0.979755
-0.30604
0.195422
-0.223092
0.0276708
0.509128
-0.427604
0.334406
0.0544991
0.0643315
-0.0504145
-0.304373
-0.0208018
0.40255
-0.0819626
-0.613362
-0.0503727
0.3721
-0.44884
-1.41016
-1.03172
1.8716
-0.374381
0.240846
1.62503
0.480887
-0.0813082
-0.813793
0.235886
-1.13793
1.53031
-0.392373
-0.0529902
0.0529902
0.110842
-0.0027488
-0.108093
0.275556
-0.0962328
-0.179323
-0.246766
0.293572
0.00357567
0.322164
-0.401342
-0.799271
0.923663
0.456048
0.647827
-1.47717
-0.0605249
0.337085
-0.395976
-0.461545
-0.194188
-0.00127655
0.290167
-0.124711
-0.0204258
-0.0993166
-0.00145613
-0.0136952
-0.0961619
0.0225309
-0.573384
0.289837
-0.381049
-0.725296
1.30118
-1.18105
-0.135399
-0.369682
-0.133135
0.472739
0.108949
-0.4352
0.801324
0.00603021
-0.422622
0.650807
1.40225
0.307553
-0.785315
0.240216
-0.277322
0.999292
-0.892896
-0.32548
-0.205325
0.073731
0.237298
-0.316902
0.196259
0.020627
0.120312
-0.937602
-0.842452
1.76619
-1.05362
-0.00574596
-0.355484
0.0130686
0.00281744
-0.0869595
1.08147
-0.99451
0.236542
0.349366
0.0500997
-0.0951184
-0.379138
0.315721
1.60214
0.239647
-0.338226
0.215418
-0.340648
-0.4123
-0.200379
0.0130686
0.0266545
-0.0314855
1.01435
0.012495
-0.0974873
0.117961
-0.0441757
-0.049562
0.0611078
-0.0611078
-0.334128
-0.0521464
-0.0395052
-0.809954
1.33904
0.0612223
0.16413
-0.243707
-0.0445535
-0.418133
0.325206
0.176036
-0.0292339
1.7124
-0.998744
-0.114957
-0.034644
-0.39875
0.0423472
-0.00513802
-0.691954
-1.03802
0.399688
-0.59404
-0.770175
0.0600566
0.26221
-0.429496
1.02323
0.022899
-0.0405354
-0.168724
-1.20179
-0.022899
-0.943557
-0.636978
0.156215
-0.621496
-0.0277321
0.419467
-1.41862
-0.666383
-0.0556544
0.175828
-0.110806
0.0752084
0.0390304
-0.0211007
-0.581616
0.116509
0.247283
-0.241067
-0.0795228
-0.368733
-0.0692389
-0.822344
0.14775
0.214785
0.379024
-0.479485
1.18458
-0.801967
-0.776161
0.314615
0.969783
-0.273186
0.404036
-0.0106504
-1.37378
1.26942
0.900791
-0.312004
-0.588787
-0.251229
0.0198957
0.0719072
-0.301355
-0.159684
0.331842
0.05968
0.782534
-1.11101
-0.483104
0.32342
0.0608309
-0.0232191
-0.135615
-1.19071
0.154861
-0.180557
0.0153957
0.0713566
-0.0867523
0.00882985
-0.033526
0.033526
0.556286
-0.660003
0.470744
0.00451523
-0.00451523
-0.650276
-0.300995
0.147247
-0.103582
-0.178498
1.20895
-0.794255
0.422408
-0.101944
0.118302
-0.181414
-0.0292339
0.91976
0.403376
0.325074
-0.486905
-0.0906416
-0.18797
0.583685
-1.5028
-0.539001
0.351645
-0.109797
0.170413
0.171038
-0.574289
-0.134815
0.0236595
-2.01404
-0.660115
-0.0295203
0.347433
-0.407101
1.00844
0.0134939
0.100264
0.0255007
0.626159
0.171502
-0.191841
-0.0255007
-0.0262371
-0.180789
-0.310557
-0.945111
-0.10884
-0.705654
0.806273
0.254377
0.0255336
-0.148333
0.475546
-1.502
-0.0118584
-0.143804
0.000530102
-0.150645
-0.0874283
1.63331
-1.20918
-0.395113
0.0210476
-0.396353
1.33374
-0.0567394
0.799448
-0.904857
1.1511
-0.011763
-0.816788
0.679794
0.017483
0.27895
-0.0673751
-0.102705
-0.650432
0.442236
-0.642965
0.488402
0.312159
0.0832202
0.738272
-0.314819
-0.139926
-0.0182365
-0.380432
-0.255678
-0.0127164
0.384579
0.204525
-0.618429
0.413904
0.111395
0.0186818
0.126733
0.99029
-0.878479
1.03343
-0.107848
-0.0186818
1.65451
-0.512388
0.171936
-0.0252661
-1.07724
-1.39519
0.117266
0.108942
0.522132
-0.037928
-1.0751
0.156804
-0.0718196
0.88651
-0.797721
1.21701
-0.165946
-0.00567776
-0.119134
-0.910749
1.06269
-0.11245
0.095459
-0.156392
-1.11395
-0.0350028
-0.104045
0.0151205
-0.204552
-0.764846
1.28735
0.0246967
0.186574
-0.680953
0.000117561
-0.0825804
-0.0207176
-0.0968919
-0.0946671
0.307323
1.45331
0.797925
-0.547869
0.359509
1.39015
-0.417535
-0.118072
1.09354
0.50613
-0.381335
-0.496799
0.384349
0.0404875
-0.110911
0.337008
-0.0848033
0.331359
-0.0446044
0.228909
-0.0037731
0.00883762
-0.26509
0.15609
0.638433
-0.0362867
-0.161155
-0.263672
-0.607491
0.421988
0.37691
1.88311
0.0111808
0.25139
-0.32451
-0.0127056
0.118453
-0.293589
-0.122775
0.0580814
-0.0244616
-1.41854
0.0335077
-0.451086
0.131674
0.317186
-1.53911
-0.452376
0.820273
-0.355558
-0.464715
0.0321939
1.17415
0.327708
0.420393
-0.14939
-0.0251803
-0.463339
-0.456258
1.27574
0.0420502
-0.162459
-0.017483
-0.0100115
0.0506877
0.0362867
0.783815
-0.47072
-0.92304
0.248422
-0.0296049
0.0189386
0.168312
0.256801
-0.0367361
-0.261714
0.227756
-0.274274
0.305589
-0.445515
0.470369
0.60176
-0.00573438
0.189749
0.335907
-0.514434
-0.383097
0.247482
0.872572
-0.626731
-0.107933
-0.455409
-0.206205
-0.0611455
-0.0299552
-0.0098475
-0.989324
0.902364
0.424627
-0.812376
-0.00173339
0.00173339
-0.658239
-0.717532
-0.535509
0.402374
-0.465601
-0.206865
1.4945
-1.28764
0.0660951
-0.0674162
-0.651393
-1.23633
0.507226
-0.106664
0.612985
0.00886282
0.324238
0.119773
-0.378957
0.277013
-0.00329472
-0.00510077
-0.2202
0.125831
0.235164
-0.0162203
-0.849135
0.186007
-0.555327
-0.105582
0.3352
-0.371236
-0.0364107
0.0590881
-0.0605783
-0.927461
-0.264579
0.0387586
-0.0402147
0.00729219
-0.231963
0.368561
0.118759
-0.395609
-0.0711879
1.39691
-0.84062
-1.25344
-1.08843
-0.385279
-0.666178
1.05146
0.00155432
-0.0124453
0.0522825
-0.820556
-0.0524085
0.166833
-0.0259877
0.0757696
-0.0772297
-0.192378
-0.381912
-0.411049
-0.0106574
-0.00120099
0.710934
-0.209618
0.378664
0.41379
-0.649133
-0.18665
-0.300119
-0.418848
0.716971
-2.07835
-0.230265
-0.204287
-0.0188034
0.183943
0.754343
0.305962
-0.493911
1.53857
-0.421186
-0.121579
-0.0847791
-0.755783
0.316287
1.03403
1.34468
-1.44907
0.0741807
-0.323104
-0.031318
-1.08467
-0.0176632
1.57242
-0.0906774
0.117212
0.28867
-0.047031
-0.168252
-1.24574
0.446377
-0.394534
-0.333079
1.55006
0.2004
-0.0231965
0.0257321
-0.0148706
-0.177515
-0.710798
0.0813102
-0.176
0.0210476
-1.04084
0.0118655
0.0937377
-0.0738475
-0.23553
-0.287223
0.0250454
0.260831
-1.35194
-0.230314
0.844036
0.024774
-0.107883
-0.363702
-0.299016
-0.473314
0.360304
-0.00818637
-0.0185822
-0.0902173
0.601649
0.0286465
-1.46845
0.333285
-0.360242
0.502733
0.0513443
-0.0531924
0.458377
-1.12843
0.0136952
-0.000626625
0.523342
-0.168617
1.26215
-0.075007
0.132262
0.813859
1.24061
-1.27464
0.018876
0.658089
-0.183886
0.174292
-0.132123
0.0807067
-0.082459
-0.0426453
0.045324
0.0553905
0.105341
0.906263
-0.00396107
0.350729
-1.01691
0.0595999
0.502717
-0.281114
-0.221603
0.422508
-1.31843
-0.0037731
-0.303862
0.0419971
-0.042553
0.503838
-0.126825
-0.00828833
-1.04505
1.00052
0.443384
0.0348897
-1.517
-0.251257
-0.225652
0.0249194
0.14228
-0.694482
-0.317873
1.01236
-0.0462649
-0.198926
-0.501731
-0.0237046
0.0241565
-0.0311393
1.42828
-0.354838
-0.141538
0.0336678
-0.277096
0.345246
-0.114725
0.00923401
0.0783664
0.0256522
-0.211689
-0.810159
0.110415
0.00114888
-1.41732
0.0177923
0.05294
-0.0495756
0.154288
-0.0019929
0.000854291
-0.220453
-0.40981
-0.814956
-0.0664007
-0.04506
-0.749247
-0.502749
-0.174654
0.535115
-0.365101
-1.24379
1.71921
0.384035
0.123852
1.0671
-0.0120258
-0.367464
-0.543121
0.257696
-0.24493
-0.0448889
-0.0106745
0.804833
-0.118272
-0.544966
0.0228132
-0.155108
0.944854
-0.483786
-0.0592057
0.0371877
0.208619
1.55962
-0.027541
0.290442
-1.42973
0.206086
-0.00196904
-0.17619
-0.638766
-0.0321427
-0.740103
0.375561
-0.921485
-0.424308
-0.0100393
-0.54985
-0.311441
0.099923
-0.465024
0.449989
-0.633926
-0.316363
-0.0936355
-0.38304
-0.337094
-0.182889
-0.234969
1.1151
0.00470656
-1.35127
-0.500544
0.656287
-0.192657
0.0930598
-0.500378
-0.573053
-0.439138
0.447272
0.146258
-0.0150018
-0.135332
-1.17
0.0759913
0.513094
-0.0991898
0.674085
0.270069
0.965897
1.14503
-0.38869
0.953835
0.089697
0.00918791
-0.626575
0.458323
0.0446973
-0.0411887
-0.0120037
-0.102823
0.490973
-0.114063
0.0872144
0.618064
0.493742
-0.53167
-0.0620979
0.0435059
-1.03247
0.167738
-0.230271
0.599232
0.142505
-0.0911091
-0.0236156
0.0889594
-0.00791137
0.0197769
-1.48256
0.0919501
-0.101702
0.533382
0.00972946
-0.00642115
0.663454
-0.987048
0.0663748
-0.120017
-1.13753
0.0561124
-0.0951509
-0.168198
0.210665
0.0950113
0.0529541
0.0760417
1.07797
-0.486995
0.00674753
-0.389526
0.31675
-0.05454
-0.964556
0.337866
-0.000139629
-0.679042
0.133493
-0.341682
0.554585
-0.0236318
-0.431034
0.691355
-0.973719
0.220718
-0.850464
-0.699684
)
;

boundaryField
{
    SideWalls
    {
        type            empty;
        value           nonuniform List<scalar> 0();
    }
    Top
    {
        type            calculated;
        value           uniform 0;
    }
    Inlet
    {
        type            calculated;
        value           nonuniform List<scalar> 
18
(
-1.94444
-1.94444
-1.94444
-1.94444
-1.94444
-1.94444
-1.94444
-1.94444
-1.94444
-1.94444
-1.94444
-1.94444
-1.94444
-1.94444
-1.94444
-1.94444
-1.94444
-1.94444
)
;
    }
    Bottom
    {
        type            calculated;
        value           uniform 0;
    }
    Outlet
    {
        type            calculated;
        value           nonuniform List<scalar> 
18
(
1.98978
1.96849
1.97608
1.96527
1.97165
1.96207
1.9478
1.97745
1.98067
1.98144
1.97346
1.95537
1.9865
1.95974
1.95661
1.75882
1.97484
1.71397
)
;
    }
    Plate
    {
        type            calculated;
        value           uniform 0;
    }
}


// ************************************************************************* //
