/*--------------------------------*- C++ -*----------------------------------*\
| =========                 |                                                 |
| \\      /  F ield         | OpenFOAM: The Open Source CFD Toolbox           |
|  \\    /   O peration     | Version:  2306                                  |
|   \\  /    A nd           | Website:  www.openfoam.com                      |
|    \\/     M anipulation  |                                                 |
\*---------------------------------------------------------------------------*/
FoamFile
{
    version     2.0;
    format      ascii;
    arch        "LSB;label=32;scalar=64";
    class       volScalarField;
    location    "7.4";
    object      p;
}
// * * * * * * * * * * * * * * * * * * * * * * * * * * * * * * * * * * * * * //

dimensions      [0 2 -2 0 0 0 0];

internalField   nonuniform List<scalar> 
5098
(
-0.400639
0.607807
0.180552
1.89256
-1.82664
2.15586
0.150544
-1.32821
0.183518
0.374251
-4.93413
0.733699
0.253128
2.47875
-0.749786
-0.0116032
-3.39408
-7.40999
-3.4897
-3.57671
1.57381
-0.0180101
0.678985
3.09962
-6.04358
2.07957
1.44214
1.26395
-3.50868
0.331274
0.599038
2.67538
1.61047
-1.91209
-0.266077
-2.48626
1.48755
1.533
2.37815
0.880336
1.84858
-9.8621
2.04689
0.234912
-0.0204613
0.718755
-4.19656
2.72224
0.605122
1.9378
0.323209
1.95516
-4.51284
1.4294
2.162
2.17627
1.65419
1.75394
2.68262
-0.302048
-0.0385314
-4.85267
-0.266757
0.310621
-4.5077
2.50833
0.0436295
0.243345
1.14804
1.64705
1.60797
0.090348
1.06258
-0.122256
-0.193732
1.93887
-0.165116
2.24179
0.32956
2.10968
-0.349123
-4.89243
1.9097
-2.20523
-7.80758
0.25443
3.34097
-0.172873
-1.4848
-0.0600073
0.784162
-4.4161
0.754956
1.89482
2.38837
0.162451
1.61918
2.30643
-0.181131
1.1257
-6.62649
2.08839
-0.578481
-0.176942
2.23953
-0.168853
1.52648
0.184473
2.76604
-5.08335
1.76752
-3.29322
1.51685
-4.46306
1.50539
-3.48047
-5.82182
-1.07252
-0.374554
3.07141
1.91527
0.420918
0.35042
-7.17496
-4.53372
-3.67057
1.33875
0.732498
2.46769
-4.47539
-7.51278
2.60363
2.56919
-0.854686
-3.82052
-2.89327
-1.20248
1.49166
2.40168
1.41476
1.97452
-0.952295
1.16324
0.208675
0.712154
-0.352928
1.21191
-1.52008
-1.23369
0.896053
-9.3568
-4.40305
-1.84025
1.62595
3.37249
2.9971
1.75921
-5.41482
1.85441
-3.52358
1.34103
-0.846819
-4.30713
1.76076
-7.00404
0.48221
-2.12527
0.312536
-6.16994
1.75885
0.16339
1.94373
0.533469
1.27772
0.540714
0.845925
1.86763
-2.43705
1.86677
3.36107
-2.40291
-5.60034
1.6407
-6.80577
1.72962
-0.729476
2.23002
1.45595
1.90847
-4.43667
-3.39707
0.330071
1.00384
-0.211689
0.512036
-4.44265
-3.56061
-2.9804
0.0129466
1.71722
-6.32835
1.93927
-0.00828854
0.616149
1.37159
2.99297
-0.772625
2.4345
0.937737
0.991767
1.57581
1.9045
0.305091
0.666226
-1.09724
-3.44368
-0.227141
-6.06256
-4.45923
0.883567
0.719779
2.09204
0.0244117
0.698515
-4.46707
1.4497
3.28788
1.51502
1.20845
-0.176891
1.64686
3.1425
-4.13948
0.00122085
0.351985
0.39385
1.26084
-4.91304
-2.20922
1.78214
-4.99786
0.48627
0.0303964
2.82299
1.52456
0.806629
2.42758
-5.6182
-3.53743
0.748136
0.571543
1.20367
-3.57023
-5.57317
1.65049
-4.83637
-3.43163
0.380433
2.67884
-0.0990413
-0.73775
-4.4812
-5.76436
1.08088
0.0432906
-5.66111
-3.5223
-5.43725
0.226169
1.81239
-4.40463
0.0364403
-3.51943
0.236066
2.64223
-0.448243
-10.2054
-8.73614
0.406652
1.57937
-7.29914
-1.1521
-4.47238
-1.22952
-0.838165
-1.23811
1.65732
-0.236536
0.488943
0.780025
-7.32871
-4.31228
2.82832
0.035716
1.17985
0.358562
-0.327492
0.556111
1.39326
1.61544
-0.342425
-0.815867
2.03696
1.45701
-5.52756
1.44113
-1.31616
0.851456
1.62249
-4.26901
0.821541
-3.64845
2.10983
-0.270274
0.197035
3.35485
-1.07092
0.0147666
0.998916
2.92178
0.305154
-4.21574
-2.02538
-4.0954
-0.175632
2.41733
0.639345
1.46597
2.73499
-0.27861
1.61901
0.960378
2.40479
0.291802
1.59978
0.287139
0.509477
1.96695
1.16736
1.63053
1.11855
1.68303
0.367037
1.59397
-3.41303
-0.169911
1.30674
-3.59697
-1.06769
0.721203
0.0461384
2.93433
2.89279
-6.64517
-0.291749
-6.91699
-2.92397
0.545267
2.43199
0.0410528
1.52885
1.25718
0.952999
-0.210727
0.205407
2.67467
1.60071
1.06569
0.369103
-4.99185
2.57275
0.227039
-2.5549
-0.104045
0.0921766
-4.93137
1.66633
0.298614
0.39372
-0.221396
1.41364
-3.47788
1.6788
-0.819297
0.187448
-1.86067
-0.166855
-5.2453
1.82652
-0.719398
1.43102
0.417945
1.58608
1.77835
1.23286
-2.44057
1.97725
-2.81739
0.590571
-1.1038
-4.52629
2.87051
2.16401
1.53331
-3.45057
0.551954
1.42238
-5.75052
0.308021
-1.34522
1.53887
-0.517234
-4.47443
0.14761
-1.29602
-0.119753
1.46415
2.90545
-1.60741
0.646245
1.40761
2.14167
0.105295
0.910969
-7.17234
-4.44742
0.0026714
-1.15296
0.140255
1.2922
0.0258163
-3.51839
0.0136413
1.45402
-1.6089
-4.0692
0.0437209
0.727144
1.29365
-2.0988
1.85848
1.615
1.18221
-3.05554
1.44604
-1.29861
-2.73169
-0.72035
-3.44638
1.35283
-4.02119
0.905044
1.56493
-2.87248
-3.97934
0.196452
-9.80798
0.54629
1.37753
-2.44778
2.01293
-0.15554
2.88972
-2.0811
1.83893
-6.59436
-4.46594
-8.53453
-5.29809
1.80357
-3.46414
0.314426
-1.32011
-2.18561
1.42552
-2.1586
-3.52996
2.1288
-2.62648
0.959859
0.882416
-0.493978
-3.20432
1.00489
0.181774
1.54018
0.435037
-0.99792
0.369543
1.46816
-2.5724
-1.43075
-0.268354
-2.35295
-4.30447
0.00284758
2.249
-3.3833
2.15217
1.6173
-6.94372
0.692284
-3.54136
-7.8665
-3.52015
-3.71337
1.20013
0.98652
-2.58137
-0.294416
-4.53304
1.54792
1.79344
0.460697
0.831923
1.35021
2.9223
-4.65409
-0.969158
2.43097
-5.85078
-1.50607
2.86058
-0.288858
-2.98215
0.00669728
-4.76851
-4.03791
1.26478
0.389158
0.419807
3.26475
-8.11823
0.0897115
-4.90847
-0.0908908
0.381781
-1.32821
-4.47943
-3.31239
1.41891
-0.525113
-4.61602
1.76842
-3.08833
-4.94829
-0.200466
-4.41425
3.29196
-2.81855
-1.54533
1.60453
-0.0606093
-3.67398
-1.21494
-4.0388
-8.12332
2.13428
-4.20466
-1.46225
-4.29823
-1.21229
1.67925
-4.31689
-0.955766
-4.86129
-3.72226
-0.420451
-6.07277
-3.71987
0.510118
0.18279
-4.01136
1.52046
1.92588
3.2742
-0.839725
1.72723
2.53817
-6.92526
0.27958
-10.4077
0.835911
-0.843969
0.419171
-0.399314
-0.303029
1.18605
0.84439
-4.65423
-4.56065
2.87694
-1.31623
-7.65176
-0.139606
1.68358
0.724633
1.05814
-2.40055
-2.14878
-0.215485
2.11803
0.357626
-0.131908
2.60849
-1.33624
2.45736
-6.60253
-4.74038
-1.13449
-1.8257
-4.55
-4.35153
2.5248
-2.38105
-2.10979
2.56837
-1.23834
0.131134
0.00407452
2.83577
-3.51015
2.24569
0.42073
-0.115974
0.310464
-4.52597
0.927462
-0.895899
-0.0886118
-8.49501
1.20402
2.07525
-5.87699
-0.192893
1.78907
2.80724
-4.63601
1.82145
3.26727
-2.16021
0.887094
-1.12736
1.64011
2.38657
2.07103
-3.33038
1.31056
0.42966
-6.16705
1.25621
-0.216374
1.73672
-4.54724
1.39475
0.694054
-0.774892
-0.0948305
0.396697
1.37215
1.85437
0.266417
-7.14049
2.70434
1.70544
2.17133
0.336215
-1.2713
-0.261469
-0.513161
2.63195
2.91366
-3.03203
1.77027
-5.93707
-4.86624
-0.385383
1.47694
-3.51456
-3.52101
-6.36493
-7.20861
-0.42754
0.645827
-2.14501
1.4751
1.98144
-3.50715
2.01367
-0.00696455
1.62673
-4.5046
-8.452
-0.0794367
2.77055
-0.773103
-2.34388
-1.2056
-3.4944
1.34545
-2.04128
0.554638
2.53719
-6.97911
-8.29749
-3.22371
-9.04241
-3.56347
1.9074
-0.576634
2.86584
2.71254
2.50324
-6.97862
-4.58123
-3.40816
-3.56877
0.295385
-4.49752
-4.15485
-4.42239
-7.51085
2.10314
-4.46375
1.71372
-6.38626
2.46661
1.47408
-4.84737
0.358819
-3.62212
3.17316
-0.715883
1.22186
-1.88659
-8.39306
-7.62181
-8.07382
-3.86506
2.09128
-1.11283
-1.04027
-4.34943
-4.46704
0.71969
-5.56476
-0.463003
-0.0566047
0.364176
0.485891
-8.70953
1.90291
2.51043
-4.53948
0.847279
-6.80133
1.79327
-3.52777
0.294562
0.810735
-6.3655
-0.0607137
-4.445
-1.15596
-7.15414
-3.94464
1.72066
1.08692
-3.29004
-0.32202
0.748368
1.41565
0.0952524
0.216597
-8.25992
3.23199
0.885438
1.93709
-0.557242
0.900034
-4.56386
-9.25234
-0.170297
-4.81002
-3.39322
2.60656
2.30536
-4.25889
0.808784
-5.26042
2.28676
0.385948
-4.46081
-4.47734
-4.44328
-3.54712
-0.0950016
0.207123
1.6785
-1.0241
-0.0705232
-4.54174
1.09564
-3.87899
-4.60591
2.03561
0.588988
2.65704
-0.877805
1.84069
1.98191
1.813
-1.78095
1.6115
-0.578214
0.327727
0.590874
0.2978
0.793709
-4.40223
-4.5733
-7.60165
-10.4864
0.898541
1.34405
0.637021
-4.53389
0.0753343
3.3335
-5.19308
1.74668
0.020554
2.53385
-3.891
1.65834
-3.12301
-8.66129
2.7374
-2.41101
-3.50283
0.854938
2.8368
1.69398
-0.45868
-1.19129
-1.62755
-4.35835
-2.68671
-4.59914
1.76646
-4.86244
-2.61019
-4.47461
0.986851
0.0259789
-3.57686
-1.30721
-4.44365
1.17384
0.209362
1.50802
-4.98172
-3.91747
2.56032
-4.72142
-2.9939
-4.2876
0.300622
-4.45867
-4.52259
-6.20747
-0.412165
-0.0641167
1.46756
-4.5572
-7.69073
-3.65112
0.0915478
0.00162364
0.0653808
0.101945
-4.47148
1.52323
-0.998339
2.57687
2.11279
0.512191
2.02258
0.783122
1.51898
3.03642
1.97066
-7.81962
-9.04585
-0.368414
-8.87679
-0.63844
-6.0908
1.785
-3.81196
2.29617
2.40253
1.43626
1.40907
-7.69737
0.659446
-2.32852
-0.270998
2.59752
1.77603
-0.163504
0.0451466
-4.44687
-9.7472
-0.953664
-3.71779
-2.12593
-0.307916
0.108237
-6.23282
0.256918
2.68897
1.567
2.02443
1.87024
1.86004
-0.0827415
-0.595694
-0.857151
-4.5291
0.661277
0.334688
1.14011
1.23003
2.7932
-3.82972
-0.969268
0.189917
1.68855
-3.5075
-0.060904
-4.17846
3.13336
1.63474
-4.43433
1.38653
-0.510766
-10.1735
1.47318
1.82304
0.829118
0.680379
0.420767
-2.94409
-0.0867202
0.32801
2.60077
-0.899468
2.31477
-5.03985
-4.36548
-5.66025
1.39493
2.0354
-2.35798
-0.197277
3.11463
0.593761
1.20981
1.26935
2.90269
0.395673
1.65918
-0.00246483
1.80157
-0.417658
-0.458306
2.30265
3.23962
0.445854
-6.56281
-0.221801
-1.22706
-4.8417
1.81949
0.972088
-2.41426
1.34719
1.92527
1.31815
1.48592
0.0893363
1.78584
2.32393
-1.97672
2.96023
1.88168
0.590553
0.00933903
-0.804123
0.0231776
1.54599
0.492879
1.72565
1.87964
1.44733
-8.06505
-9.92685
1.94351
1.07496
2.29468
-0.503138
1.46702
1.75475
1.016
2.00289
2.09517
-0.127933
-0.0652293
1.44597
2.02677
-2.07099
-0.950194
-1.62585
2.06741
0.395131
1.77411
2.8804
-6.43099
2.79161
3.07771
-0.305702
-1.41476
-0.443075
3.30257
-3.25401
1.92316
2.91422
0.835031
-4.46083
1.04457
1.13383
3.06902
1.02307
1.1135
3.18317
2.36592
-0.033973
3.15653
2.53122
0.0463215
-4.93015
-4.49259
0.0130717
0.393744
1.82257
2.49225
-3.41914
-0.293626
1.15779
0.473396
2.32828
-3.41661
2.77812
-2.57581
-7.28485
1.1725
-2.04647
2.08095
-0.553333
1.19843
-6.11127
2.50086
1.55517
1.69272
1.7002
-11.0958
-0.0854195
-0.25782
0.71585
0.894505
2.66534
1.73697
-0.0123231
0.946861
0.393469
-6.13833
2.46965
0.0425747
2.01412
-0.0945377
-0.269862
-7.36272
0.356675
0.751559
2.84473
0.00266277
1.06013
-6.6579
-5.26847
2.37585
2.45294
-6.51642
2.31433
0.792845
-6.85934
0.356393
0.772692
3.26007
-0.377281
-2.32959
2.06389
-0.93038
1.92118
-4.44828
-7.55106
-0.0795252
-4.37494
-4.50101
0.184816
1.67386
-0.289458
-4.54386
0.0116458
0.0265789
-1.98798
1.01567
2.70369
1.40323
1.28334
-2.84415
-3.23084
0.15824
1.17047
-1.43968
0.00881856
0.0174664
0.000673822
0.293482
1.37278
0.702509
0.880161
1.32009
0.84967
-1.36893
-3.88261
0.258964
-1.80273
3.11783
1.20214
0.78755
-2.52244
-1.1597
-0.546798
-0.248397
-6.57851
-3.11491
-0.740427
-1.31387
1.67905
0.109527
-0.054962
1.80651
-4.50208
-0.38003
2.65521
-2.55574
-2.02736
0.477779
1.6458
-7.7365
0.389247
-8.8767
-0.109513
-3.39656
-2.07015
1.90246
-6.55615
0.780306
-0.0771991
-7.34336
-8.49817
-0.779977
1.50936
0.238432
-5.32567
2.63749
-4.56226
1.70948
-0.496307
-2.85683
-1.68901
-1.20598
-4.42525
1.47136
1.62993
1.65301
-0.0564329
-5.83031
2.35925
-8.98327
-2.25424
0.00894758
-6.25415
-0.163902
0.0326039
2.35919
-4.34648
-3.57885
-6.56451
1.25911
1.19814
-8.82386
1.01141
-0.0794538
-0.686957
0.511003
0.878829
0.550112
-0.456475
-9.27935
2.55368
-0.168492
-0.0146632
0.794269
0.0151825
1.28611
-8.58909
-0.775617
-3.29127
1.31365
-0.194082
-0.124892
0.68702
0.00828952
0.256753
-0.183363
1.66991
-0.292235
-1.65462
1.37562
1.56647
-0.188879
0.92868
0.937701
1.67918
1.99174
1.69611
0.365139
2.79895
1.22834
-2.01502
0.946996
-7.51658
0.134565
-0.00848927
0.779476
-0.321498
2.80081
0.427036
0.406565
-0.933177
0.608182
-2.20897
0.442042
-4.30137
1.21774
-1.6998
1.4572
1.01286
1.66997
-6.78259
2.08302
-4.92916
1.51604
1.73576
0.669585
-2.9787
-2.32833
-4.18663
1.7872
-9.27378
-3.53944
1.80761
0.844726
-0.158968
1.86715
1.44983
-1.15991
2.55345
-1.42919
-0.112527
-2.07494
-1.5591
-0.166234
-0.597532
-1.92827
2.80082
0.00489548
0.691347
-0.948885
-6.7493
1.81233
2.09488
0.0105098
-0.0311335
1.58361
-4.0817
1.2967
1.64572
-0.669798
-0.75054
0.870494
-0.143419
2.84306
-4.6477
1.35371
-0.200343
-1.04373
2.81251
1.65181
0.349689
2.21362
-7.00943
1.98749
1.96899
0.13982
1.59112
1.32054
1.32098
1.62271
-0.911966
1.75002
-0.374755
0.530069
0.00488201
-3.54831
1.86046
-4.46918
-4.36975
0.0432198
-0.305527
0.979011
-4.33067
1.43058
0.398204
0.918821
1.48286
1.06986
0.00281548
0.132574
-9.04576
1.66621
0.623087
-4.71741
-1.86281
-2.31805
1.64592
-4.91535
-5.4398
1.50039
-5.18456
1.91505
1.12526
-4.6183
-4.56103
1.82309
2.14083
-1.44024
1.44322
-4.40448
-1.38228
-4.47095
0.425488
-1.184
-4.47705
3.03873
0.453473
-4.18156
0.0226333
-1.01444
1.6284
0.725823
-2.27791
-4.43269
-5.93468
-7.76695
-4.40418
0.957633
2.49454
-0.314838
-9.93737
0.0171612
-4.44869
1.99707
3.07402
-4.65387
0.910397
1.51971
-4.43573
0.476999
2.75857
-2.94699
-2.48616
1.35528
1.45793
1.29053
-1.19095
0.733197
0.0083342
0.747563
-1.8848
-0.046531
1.62231
-0.716178
0.35106
0.835277
1.5342
1.04173
-0.0800897
0.858005
1.64387
1.2859
1.27627
2.85805
-1.65574
2.67853
-0.168172
2.61022
3.23056
-2.5138
0.124248
0.508491
1.55752
-3.38127
0.850997
0.842091
-0.116062
1.59165
2.28683
1.6631
1.7242
0.692505
0.858654
-8.10623
3.14899
-4.71339
0.219129
-5.74771
-1.00611
-5.77831
1.63711
1.72255
1.01871
1.81808
-2.01316
-0.048773
1.90927
1.3362
-0.146067
-1.43327
0.144706
-0.392084
0.456723
1.68051
3.01659
1.57146
2.07823
1.98802
1.62217
2.87652
1.14674
1.60448
0.311915
-6.483
0.495682
1.09958
1.00309
3.184
0.0952762
0.73912
0.0015559
-0.115882
3.0375
1.05446
-0.407731
-6.92546
1.12419
-1.55694
-0.220333
2.17377
1.74405
1.26086
1.80774
0.0580839
2.41284
-3.89455
1.23977
0.4437
0.270711
0.197809
2.47286
0.327478
0.0966689
1.64107
1.35511
-4.56586
1.53699
2.54694
-0.535335
-5.95784
-4.59957
-3.62875
-0.900101
-5.25345
-0.489654
1.50791
0.498951
-0.0326433
1.55779
-0.404264
-0.816328
-0.90365
-3.35598
-4.07747
0.23441
-4.60064
-4.45284
1.50168
1.54836
2.09175
-3.93964
0.770978
-0.397456
1.53665
2.54875
-5.65863
0.0194258
-0.128076
2.5916
1.12292
-4.02011
-1.07647
-3.60149
-0.0433917
-0.00753869
2.7763
-0.14144
0.0030873
0.815749
0.438345
0.0104798
1.02233
0.2625
0.624095
-4.5321
-5.58797
0.397639
-4.52231
-0.167402
0.466255
-3.45917
1.75985
1.14179
2.96424
0.570434
2.71633
-0.526713
1.88459
-1.46247
-0.280621
-5.55578
2.40509
-0.00921627
0.36488
0.315689
-2.93703
-5.72613
0.00943433
0.00791556
-0.199154
-0.388705
-0.245502
0.169685
1.13565
1.94708
-3.95613
-0.033408
0.1735
-0.357281
-0.0297468
1.72309
0.277673
0.954274
-0.277738
-0.109179
2.20698
-3.42635
0.57648
0.00274965
0.0187605
-1.06507
2.15761
-2.60225
-0.16883
-0.161713
-4.85294
-1.29886
-0.188889
2.60108
1.97014
0.00691528
-3.32105
-10.9025
1.61319
-0.175315
-0.44941
0.00496159
0.586147
-0.0112348
-0.122506
-1.45662
0.00366741
0.781364
-0.793024
1.52026
-0.0256705
-1.9035
0.409206
0.724825
0.0586671
0.085976
1.6198
0.362385
-0.636144
-0.795824
-0.247104
-5.11423
-0.183011
1.64572
-3.42233
-0.802316
-0.0356329
0.0109847
-1.41367
-0.0214744
-0.188102
-0.0471615
2.31276
1.19707
-3.54856
-0.173791
-5.82505
-4.70984
0.09573
-0.215796
1.78738
0.619643
1.36787
1.50265
-0.107933
-3.19064
-5.60214
-3.51169
-2.50919
1.79582
-0.177692
0.531607
-4.47227
1.84721
0.000338688
1.73835
-0.0958654
-0.0615144
2.14739
0.0182681
-0.00457007
-3.48918
2.24876
0.35167
1.49632
1.63984
-8.09268
-0.0368139
1.57057
-3.8818
2.19117
-1.49733
2.12581
-3.25636
-0.179946
-0.0546713
1.66014
2.05845
-2.94383
1.44086
0.775472
-0.225656
2.39819
0.687626
-6.7771
1.57468
-0.149334
-0.188423
-1.53318
-7.67167
-0.157034
-4.82277
0.00132958
1.47766
1.25554
-0.202721
0.00737167
0.827576
-0.217191
1.55064
-3.22418
0.0185629
-1.11307
-1.06927
-0.201181
-1.00362
1.17586
-0.123939
-0.138907
-3.70946
1.60645
-0.192244
-4.00336
-0.217877
0.460838
2.57414
-0.238593
-0.00161657
0.96698
0.247283
-0.315521
-0.364675
-2.48753
0.316789
0.013991
0.273044
1.70897
0.00466108
-0.177614
-3.05381
-0.11975
0.0154343
-0.551086
1.63445
-0.530143
0.0143425
0.16597
-4.38384
-0.143954
-0.0995173
0.786509
-5.76581
0.11149
0.00488156
-0.209573
-0.20574
0.0167239
0.0120776
-9.11827
-1.07946
-2.42811
0.605794
0.727306
-0.435058
0.814659
0.885541
-0.125353
0.0179019
0.88627
0.183985
0.0197698
-1.86101
-0.0681756
0.436398
-0.677549
-6.56356
0.0141851
0.552474
0.0805653
1.11251
1.01047
-0.192916
0.436353
1.63484
-0.0195097
-6.01109
-0.0951464
-2.56724
2.0626
1.57231
0.0237839
-0.0389991
-0.174438
-0.0738454
0.00798087
-0.170234
-5.16888
-0.083392
1.53811
0.195341
-0.105273
1.5985
-0.109447
2.5135
-0.18183
0.155439
0.089219
-0.192277
2.21219
-0.0789643
0.0253842
-8.94078
0.0264348
1.20883
0.711384
-0.13199
1.63243
-0.344136
1.10168
2.04154
0.645743
0.998709
-0.133884
0.867985
-0.0347261
0.374265
-2.72217
-8.48442
-0.0167296
1.95797
0.664822
1.33412
0.894513
-0.0011743
0.0201651
-0.0237099
-0.0585044
0.927046
-7.54711
0.0193919
0.00789173
0.00441195
-0.152743
-0.446363
-6.49327
2.63827
-9.12281
-4.46071
2.49833
0.00479271
0.0129771
-0.053154
-0.0046977
1.29627
0.00486174
-0.0639504
-3.52512
-9.70735
0.216732
1.64462
0.000599047
0.018044
-0.547419
0.0117176
-0.105355
-0.101495
-0.0932046
0.0142964
1.64202
-9.10029
-2.59556
0.792882
-0.222236
-3.51244
-0.144027
-9.44769
-0.029574
1.58341
-3.56623
2.00051
-0.264959
-0.00622772
-4.46964
-0.177659
-0.260405
-0.145335
-6.80795
-2.38533
2.51591
-5.38636
-2.56325
0.00372179
-2.32047
-0.0143411
-0.0368274
-4.26253
0.00839113
-0.100186
-0.323524
-0.114894
0.0206416
2.00858
0.42813
0.00217936
-0.0951879
-0.0681788
-8.35103
-0.212989
-2.76474
-0.155207
-0.305959
1.89249
0.00641347
1.64975
-0.00699539
-0.0257345
-0.0250765
0.00387837
0.0160685
-3.51415
-9.93192
-0.346451
0.841854
1.25968
0.741814
-0.0407157
-0.0568632
-0.0108191
1.84752
-0.115683
0.266009
0.877746
0.00638474
-0.0760702
-0.236965
-0.0765085
0.00260538
-0.0469381
1.64694
0.002801
1.07387
-0.0257371
1.58012
0.0209067
0.825223
0.00720167
-0.0316376
-4.34433
-0.0778463
-0.103411
-0.399295
-0.0911044
1.32088
-0.0428414
0.245518
-0.18457
-0.159704
0.317129
0.0306313
-0.122569
-7.25425
-4.45683
-0.0601755
2.04127
1.56538
0.0129767
-0.127677
-1.57663
0.0296845
0.391482
-0.287594
0.000562569
2.19179
0.163687
0.0319553
0.00126153
-4.01526
1.63953
-0.39481
0.0427602
0.00361718
-4.67824
0.0874376
0.0193636
-6.49456
0.807525
1.0273
-0.0231933
-0.106183
-0.0071803
1.58803
-0.00384617
0.0153013
-0.0141721
0.0205512
-0.909076
0.00757271
0.0232164
0.00550794
-0.120016
0.0203007
0.0284299
0.00488441
0.0192565
-0.393152
-0.140736
-0.0488791
0.0334913
2.98371
-0.0825878
0.0660475
0.00401098
-0.347335
0.536535
-0.0619035
0.0384353
0.293156
0.0289947
-0.0423644
-0.0369824
0.00375008
1.62238
0.00743589
-0.0683607
0.0547602
0.0156379
0.0163013
0.0703239
-0.0937694
1.73059
-0.182273
-1.61844
1.22919
-0.0280003
0.0193015
0.0198431
-0.104899
-4.43151
-0.490904
0.228793
-0.0232097
-0.0791606
0.0197686
-2.6043
1.75514
1.75665
0.00275116
-0.155672
-0.0203564
-0.0414357
1.60613
0.00115867
-0.0923183
1.7005
-0.0248892
1.69688
0.0332863
0.00211979
-0.0585874
0.0333231
0.0027574
2.00908
-0.15249
0.0023083
-0.476731
-0.521123
1.46926
2.24521
0.00335074
-0.386416
0.00804605
0.0242936
0.00202231
1.48242
-5.3324
0.000838117
0.0221324
-0.0883158
-0.0831658
-0.0605104
0.0291586
-1.5711
0.000508287
0.0299255
-0.893745
1.63408
-2.77481
0.0233502
-0.0751325
1.16967
1.23915
0.0222272
0.00417125
-4.46332
-8.05384
0.00643909
0.0151511
-0.00332735
0.0155733
0.00191694
-4.24994
0.010118
-0.0312334
0.0148809
1.73571
-0.00103858
0.0055155
0.00534196
-2.67555
-0.000920056
1.47924
0.0105219
1.8261
-0.0831792
-4.74008
0.0205552
0.0147517
-0.00598541
-0.119631
-0.0788934
0.0144903
0.0330141
-0.00391881
0.000838836
0.00128464
-0.0303669
0.0187585
0.0269849
-0.0463888
1.67378
0.0371841
-0.687466
1.90672
0.00344703
0.00668661
-1.32814
0.687408
0.00861137
-7.71509
0.0104925
0.0309962
-4.32443
-0.0347555
0.0189569
-0.542519
0.0263372
-0.530567
-0.820734
-0.00399853
-5.74585
-0.205785
0.0189336
-2.37066
-0.787834
0.019877
0.0171125
0.0291981
0.145247
0.0183667
0.0179435
0.430497
0.0106203
0.0109166
0.0303473
-3.56072
-0.000859154
0.00557958
-0.00772144
-0.107568
-0.0904293
-0.00707366
0.00460925
-4.85724
2.58195
0.0324395
-0.000799672
0.0335079
-3.50783
1.83101
-0.162667
0.112943
0.00276912
1.84852
0.00333407
0.536642
-0.0527768
0.00617365
0.0187732
-0.171422
-3.51086
-0.21414
0.294461
1.2589
0.0232399
-0.00370395
-0.155107
1.72261
-0.0169114
0.028545
0.00655554
-0.140674
1.47254
-0.230501
0.0241705
0.00814304
-0.00606866
-0.00530574
0.0341118
0.928355
-0.0837287
2.21073
0.00653066
-4.77164
-0.335946
2.43824
0.93838
-0.0179368
0.017505
0.0239167
-0.078043
1.53597
-0.340325
-0.0445191
0.0124871
-4.73433
-0.00305853
0.0130984
0.0361827
3.13662
1.11556
1.63931
-0.0135567
1.65177
0.00257038
-10.9286
-4.88075
2.03487
-5.42354
-5.12675
0.018108
1.04501
-0.24649
-0.00639512
-0.718315
-0.287338
-2.00001
0.413647
-1.07047
-0.045559
1.62229
-0.135924
0.102998
0.0187984
0.0208802
0.0206912
1.74869
0.00685164
-7.03393
0.0369293
-3.60893
-0.00152811
-0.0424412
-8.6512e-06
2.62719
-5.72466
-0.361359
-0.159711
0.0238333
0.0285834
1.18567
1.6365
-0.0911993
-0.0298304
-4.63655
-0.0165181
0.595407
2.95497
0.937547
0.232648
-0.555321
-0.356299
0.00598356
0.558066
0.0299445
-0.106205
0.00351195
0.770517
1.58748
1.39641
-4.61559
0.971966
-0.0721417
-0.0397344
-6.61961
-0.0465147
-0.0259302
1.7333
-0.134804
-4.5182
-0.00841625
2.53078
-1.12153
-0.334272
-0.472015
-1.24479
-0.0577501
-3.64822
2.75136
-0.662176
-2.30212
-4.4397
-0.247538
0.0016685
0.310052
-0.552463
-0.145115
-1.64361
-4.48946
1.67363
-0.0790499
0.0258976
-0.0442584
0.715455
-0.185791
-4.44729
-0.00643807
-1.22163
3.06958
-0.012628
-4.41564
2.76662
0.00561438
-0.0070513
-0.812941
0.00943441
1.81474
-7.11305
1.55347
1.636
-0.329576
-0.367275
1.63701
0.941199
-0.345568
-1.19781
-6.99568
-2.40011
1.73398
-0.0171992
-1.31557
-4.30284
0.358226
-1.00575
-0.118639
-0.611487
1.61317
-0.687236
-0.0344643
-4.13049
0.00842419
0.00957702
0.0279337
-4.45133
-10.6546
-0.0252816
-0.0214434
-0.01876
-0.926488
0.0245732
2.95924
0.017297
-6.63431
0.426734
0.0105913
1.55786
-0.167603
1.63657
0.0311522
1.42543
-3.64984
-0.034656
2.32683
-1.28287
-2.64122
1.90709
0.312434
-0.138002
-0.148003
1.66634
1.63071
0.0364985
1.69953
2.7586
0.824783
1.75415
-2.57403
-0.0622323
2.44212
-4.07172
0.453238
-0.456089
1.58923
-1.57329
1.77427
1.67855
1.86638
-2.02792
-0.0847281
-0.532786
0.0020256
-0.00191222
-11.4232
-5.59097
-0.0546953
0.00830788
-4.28241
-0.467882
-0.44122
-0.0170608
1.95001
2.127
2.03099
-0.0230049
0.944676
-0.166303
0.562532
-0.0190973
-0.561347
2.87846
0.0223286
-0.197666
0.0991026
-4.58438
2.24249
-0.198275
-0.719486
-3.29958
0.050717
0.314248
-1.43715
-5.75389
1.08085
0.0265961
1.15088
1.70531
-5.90794
-3.88606
0.0895938
1.57736
-0.893856
0.00714374
-0.0698156
0.00923445
1.19438
0.241272
-0.16412
3.24565
2.31939
-0.178015
-0.0128619
-4.09741
2.62367
1.30454
0.141844
2.92948
0.0113827
1.4112
0.710483
2.72437
0.17507
-4.86741
1.08319
-4.34413
0.00421332
-0.498514
0.129293
-6.18359
2.77314
0.135026
-0.129631
-0.0751817
0.0138874
0.920008
3.06812
-0.134374
-0.151116
-0.96756
1.26969
-0.338732
0.119621
0.457592
1.41477
-0.872219
-0.245243
-4.67074
0.102217
0.458878
1.32472
-0.801596
2.70073
-0.164748
-0.189756
1.6792
0.0208988
-0.000470034
0.00361235
-0.550209
0.944182
0.00724932
0.632193
-1.94719
-0.134615
1.20901
-5.26121
-0.166754
0.0655527
-0.140077
-0.157858
1.19811
0.00344243
0.010582
-0.000623041
-0.3014
-0.152074
-0.43793
-3.67261
-0.0447274
0.546951
0.254084
-0.105791
0.297261
-0.714145
-7.57752
-0.147654
1.65767
-0.485643
-0.13549
0.0564187
-0.400674
2.34178
-0.139646
0.378224
0.113296
3.20198
2.97255
-0.846863
-0.331004
-3.49673
-0.000918539
1.43368
1.65271
1.53048
-0.0964986
0.00465192
0.023468
2.55974
0.128384
0.164401
0.426159
-2.78838
0.207655
-0.060649
1.44097
2.4864
-1.00085
-1.00208
-0.181666
1.36555
2.16565
-0.451171
0.487338
-1.03835
3.00857
0.00465087
-0.386153
1.05631
-0.0227735
0.0061699
0.0105798
1.60788
0.00877433
0.00375155
-0.55963
-3.4152
-0.172515
-0.00269358
2.43401
0.901721
1.85235
0.0554266
-1.12085
3.16202
-0.155658
0.0430688
0.790023
-0.502196
1.20437
1.46114
1.6663
0.00290215
-6.19611
-0.837085
1.61944
-0.623841
0.0117549
-0.952647
1.59423
0.366393
0.0128505
-0.189524
0.494
-0.329613
0.0152325
0.0263756
-0.0970361
-0.535815
-0.109585
1.26001
2.52714
-0.516447
1.92143
1.267
-1.77932
0.0101793
-8.82104
1.51626
-1.24576
0.0867846
0.0816105
-0.06609
-0.139158
0.118444
3.18648
0.00278377
1.74863
1.17666
-0.171977
0.0164681
-0.252078
-0.182495
0.355287
-0.735165
-0.288946
0.952361
-0.100123
-0.430601
1.96609
0.378311
0.360862
0.177126
-3.94699
0.073694
0.606264
0.104757
1.11984
0.0872681
-1.46058
2.26341
1.91759
-0.178448
1.22309
0.0101409
0.862108
1.59225
1.74308
-0.577642
-0.974127
-3.33253
-0.0033741
1.61952
-1.67834
2.18432
0.0169263
0.760882
-6.05609
-3.51922
1.62369
-0.486676
1.62648
0.424815
0.170275
0.0738217
0.12093
-1.78759
1.14344
0.286944
1.63879
0.420794
2.13132
2.27886
-0.241644
2.02478
0.106044
0.0016739
0.744925
2.22114
0.548625
-0.809111
1.70786
0.440116
0.124522
2.16011
1.43581
2.0927
-0.19327
-0.252078
0.0707092
-4.5479
0.31802
0.209361
1.29608
-7.67104
1.82544
0.00233977
-0.700812
1.24168
1.73226
0.288106
1.58421
0.0376818
-4.78398
-0.608704
-0.183586
-3.66146
1.03669
1.06034
-6.95162
-0.588856
0.276637
-0.0147511
0.912427
2.19495
2.43414
0.600292
0.476284
0.111563
0.338593
1.33434
0.00724841
1.83604
-0.75619
-0.156105
-0.892407
-0.717271
0.900001
1.72284
1.86488
1.11577
-0.0656533
0.0237721
1.60907
1.61184
1.64212
-0.181688
2.03723
1.02557
1.65196
0.967177
0.0693616
0.133573
1.54938
1.45298
-11.3996
1.7014
-0.311126
0.380325
1.39109
-0.569154
-6.48654
2.62317
2.07802
0.123614
1.43297
0.630736
1.1402
0.0827302
0.0636902
-0.165849
-0.219263
-0.5747
-3.13165
0.149361
-0.909237
-0.305397
1.61099
2.36932
0.110165
1.6435
0.157945
3.34982
-1.75256
1.87656
0.0869625
-3.48417
-5.11628
3.39098
0.25365
-0.208563
3.37213
0.144096
-4.32153
1.52057
3.33909
0.14781
3.28678
1.0168
0.0961607
-4.82799
3.17991
-0.235773
-0.166222
-3.83975
0.375782
-0.00284751
1.81406
3.01725
0.008612
0.436107
1.94316
0.386506
1.62351
1.44206
-0.858387
-3.46145
-3.69129
2.96148
0.503165
-3.76642
0.258704
0.118448
2.91173
1.04661
0.102578
-4.1016
2.85868
-3.46922
-4.4094
2.80642
1.91194
-4.70317
-2.54898
-5.1851
0.853928
1.97598
-5.0864
2.72315
1.63335
0.11965
-5.2827
2.12144
0.48105
0.327103
-1.01151
-6.2618
1.55479
1.62699
-2.08786
1.62772
0.234289
-1.43175
-3.88277
2.57501
0.828804
1.46494
-1.20929
-5.92467
-6.06842
-6.15528
-6.20289
-6.20663
-6.11806
-0.566134
-6.01241
-5.56221
2.11039
2.52839
0.846251
1.09866
0.287083
1.2735
-5.40722
2.49164
0.00167063
-5.24928
2.00054
-4.40761
-5.07975
0.0192882
2.39159
1.51914
1.07554
0.704451
1.63975
-2.71538
-4.94168
2.35404
-4.83337
0.0774805
0.0676396
-4.48787
1.58777
2.30805
-0.197571
2.00282
0.0222531
1.38175
-4.72999
-0.678161
-0.0563459
2.26267
-0.819353
-3.53089
2.21735
-0.444986
-1.40634
-0.825975
-4.53185
2.1771
1.56119
0.496891
1.64163
0.397061
-0.0603365
-0.0333751
-4.50024
-5.6949
2.12622
0.605656
0.0246147
1.71498
0.681433
-10.3539
-0.787514
-4.47871
2.08529
-5.90072
1.5777
-0.250923
0.0219071
-4.4697
2.03766
0.926996
-6.70965
1.98441
-4.46974
-0.191911
-0.575758
-3.52082
-0.637286
1.94641
-4.47339
1.88172
-4.48106
-2.69301
1.16556
0.00595607
1.04044
-0.0223431
1.83128
-4.4669
0.672649
2.60453
1.71714
-4.47435
-9.92953
1.78837
-1.87115
-3.98072
1.48477
-4.44437
1.62429
1.74629
-0.034265
0.290999
-1.62887
1.63556
1.22633
0.09469
-0.226956
-4.39531
-3.52299
1.68741
0.447046
-3.55597
0.308477
-4.90073
-2.34415
-0.227415
0.878844
1.64068
2.30175
1.53299
2.47135
1.68105
-4.23863
0.786332
0.316358
-5.69922
0.911519
-0.0233479
0.0367532
1.04588
1.40913
-0.226914
-4.10982
-5.6865
1.53908
-3.02466
-0.431463
1.90389
1.49542
0.210137
2.80657
-11.6273
0.570051
0.328401
-3.96088
0.383879
-2.40047
1.47726
1.97313
1.7777
1.18822
-3.80339
1.41633
1.34456
1.29875
1.22538
1.16826
1.08664
-3.37321
1.36613
1.02031
1.77526
0.873793
-6.34641
2.34292
-3.66574
-0.770138
-7.39607
1.32581
-3.506
2.16475
-3.56949
0.41896
-3.51181
-7.39635
-3.48171
1.61548
-1.03485
-0.497657
-3.46262
-4.19161
-5.45645
1.67604
-4.51635
-3.47446
1.73583
1.71124
-1.13832
-11.7925
1.83397
0.329527
-8.76275
0.188678
0.763429
1.61759
-2.66523
0.125141
-6.70975
1.84963
-3.19881
-2.09378
-6.2359
1.02514
1.63486
0.2224
-4.48403
0.825627
1.89698
1.1256
-4.69246
1.60449
0.640967
1.23841
-0.488703
1.64156
-1.34312
0.00736822
-0.00154424
0.863708
-2.82478
2.37514
0.411578
-0.187683
0.363286
-3.51131
2.11763
1.74789
1.55844
1.68878
0.287593
0.126648
0.00583224
-1.81314
0.460486
-0.726055
0.13628
1.30177
-3.24758
0.248985
2.99728
0.00534948
0.978333
1.02396
-7.94276
-0.0526539
1.02609
0.109645
0.863267
1.2976
1.62627
1.68759
1.6261
0.15436
1.91834
-3.52158
0.00762482
0.167461
-0.977256
-0.539717
-0.254885
1.80473
-7.32848
1.56644
-1.30752
-6.49176
0.360469
-2.63758
0.0534089
-1.00307
0.32054
1.80013
0.224795
-0.708848
0.0113975
0.580853
0.0683509
-3.94667
0.00456831
1.49298
0.192725
-2.939
1.31682
0.268475
1.33076
-2.87714
0.132397
-0.0619147
0.00431692
0.367037
-6.37711
0.319434
0.01937
0.0477951
1.08082
2.41216
0.895331
-3.16846
1.63937
-0.518414
1.35961
-0.050487
0.0302727
1.22527
-4.51417
0.0154785
-1.20018
-8.20302
-4.53463
1.62898
-0.278827
1.86911
0.181571
0.00338579
2.53747
2.36303
-3.31677
0.678483
-3.14327
-1.32688
1.85596
-1.91669
0.247371
-2.77889
-0.211473
-2.50435
0.196156
0.770287
0.237082
0.00801103
-0.132785
1.61234
-7.89959
-3.74977
0.835096
0.469123
2.35522
0.158523
0.779441
2.51582
2.56036
-0.0053945
2.27198
1.35384
1.63938
0.396937
2.15975
1.74676
0.680906
-0.982503
0.0156398
1.353
1.33611
-0.00132127
0.00489908
-3.00054
3.09733
1.4112
0.526476
1.62654
1.10481
-0.105797
1.25865
0.452825
2.18559
-0.516403
-0.589991
0.181685
2.73731
-0.0188531
1.83938
3.23054
1.60339
1.4734
0.104503
0.638953
0.00322884
1.85011
2.91518
-3.64106
0.233904
2.79484
-0.0168042
0.2847
3.06942
0.359499
-8.82829
0.49643
-0.122778
-3.61297
0.501216
0.0256423
-0.146574
0.040935
0.388186
-11.1168
0.261635
2.79365
1.87719
0.628355
1.11931
1.54873
-0.423449
1.42596
-1.07643
3.28765
-0.829482
-2.59536
-0.177392
2.41011
1.49446
1.50132
0.294515
-5.62221
-1.2136
-0.897103
-0.256617
-0.210782
1.22945
-0.154238
0.0382202
-2.31579
1.52341
0.348484
1.52889
-0.0475388
0.264417
0.544391
2.78895
1.49801
-0.869738
1.15895
-4.18972
1.91673
-0.871756
1.64873
2.66855
-0.69816
0.0875557
-3.29571
0.123062
1.62512
-0.925996
0.75361
-1.41414
1.50547
-4.48396
-0.0364777
2.22122
0.420048
-1.76028
-9.70039
1.6478
1.98158
-0.653537
3.18337
1.50267
0.533499
1.3861
-0.15483
1.65819
-2.55104
-1.41801
-2.26897
-10.6396
1.75295
0.297641
0.533683
-2.95293
2.71788
0.954144
-0.725515
-0.000832029
0.0722966
-2.547
1.23488
1.11955
0.991865
-2.70945
0.240185
-0.462459
1.08041
-0.627423
1.10318
-0.0182945
0.330968
0.285423
1.0615
0.706126
1.47407
-4.40349
0.0373355
0.273714
1.63647
1.95502
0.272742
-5.58062
-0.970516
-0.375929
0.882354
3.12065
1.79002
-0.966439
1.05106
-9.52983
1.62752
-1.86126
1.21132
2.38151
-1.58212
0.408522
-0.83934
1.61998
0.275788
0.0524215
-4.32108
-4.01704
-10.0655
-8.29365
-1.01611
1.66981
1.02352
0.190094
1.56631
-6.69807
1.76868
-0.101191
1.62371
0.137151
0.0211003
1.56808
-3.62422
1.45731
-6.71199
-5.56386
2.59518
-4.67814
0.298482
-1.27496
0.11589
0.952109
2.21626
-1.3627
3.20356
2.83555
-4.66095
2.37686
0.399134
1.68425
3.02965
-1.86151
-0.00333396
1.07662
1.43412
0.386299
-5.34116
-1.92271
-0.00962509
-1.58338
-0.393767
-0.156295
1.61336
-2.36398
0.198922
1.40111
2.08057
-3.0449
2.10421
-1.70497
-2.87344
0.116937
1.12097
1.59686
0.632183
1.95363
1.00655
3.38159
1.36604
-3.4936
3.38912
2.28479
2.44931
1.93525
3.36634
2.48615
0.360573
1.15621
3.31479
0.892622
0.14879
-2.89533
1.56026
-4.37809
1.08211
1.35946
-1.17435
2.37333
1.62273
-3.69771
-0.472277
0.278489
2.27228
2.20324
-0.238748
-1.22459
-5.40841
-3.87722
1.95015
-0.92166
0.142198
-4.08239
3.16884
2.45551
0.165877
1.01814
-4.75131
-6.01513
2.00682
-0.455544
2.98931
1.50265
-5.14625
0.229694
-5.28566
1.30464
-1.06652
-3.41798
-2.22241
2.93326
-3.62742
-4.26239
-0.451188
0.000471831
2.93765
-0.517089
-2.50313
-3.39075
0.596587
-4.57954
2.50823
0.609253
0.676784
-8.75311
-0.00637286
0.522179
-3.94492
2.88517
-1.35409
0.409077
1.62594
0.988854
-3.69079
-4.4567
1.46754
-4.26358
-0.480338
2.56316
2.83354
2.1796
-0.143621
2.76424
2.36252
1.56523
0.982636
-4.56464
1.80617
1.27513
1.70772
1.69051
2.32008
1.92269
-1.7358
-2.77197
1.47148
-4.89741
1.4551
-3.05729
-1.47646
-4.69194
2.12019
-0.752037
0.548214
-1.05578
1.94977
-1.30339
-5.1815
-1.0443
1.51254
-3.09238
-4.43849
-0.146671
1.54668
0.505275
-5.4597
-0.392251
-10.9441
0.0902265
0.323183
-0.00556116
0.0177008
0.354012
-4.26331
1.40091
1.60123
-4.73928
-0.380899
-0.663859
-4.65401
0.916172
1.41869
-2.00001
1.20183
1.10894
0.463332
1.70539
1.33509
2.55404
1.8105
2.45519
-11.988
-6.00145
0.893844
-6.12078
-6.1906
-6.21311
0.93853
-6.1721
-6.07553
0.211597
0.333126
-5.50464
0.128609
0.627402
-1.02993
2.5109
1.53209
3.2512
-5.34149
-11.3135
-3.44374
2.82688
-0.291157
0.948794
-2.37924
0.903031
-5.17573
-1.11601
-2.13445
0.770975
-6.36496
-5.0269
1.24875
-1.51174
1.44651
-0.325809
0.641869
-2.15067
2.37594
0.31054
2.66776
0.311642
-4.89105
1.70589
-0.797157
0.683459
-0.352316
-1.57511
-4.31822
-0.330054
2.33122
1.53417
-5.64639
2.32128
2.33702
-4.17059
-0.0233904
-4.79236
0.430226
1.3608
-0.557529
-0.775682
2.28579
0.395501
0.268368
0.464304
-4.53131
-3.92509
2.65837
-6.95523
1.32424
0.0695727
1.44449
0.0477561
1.96308
2.2398
-11.8965
0.105787
1.51235
-2.62984
1.22966
1.90245
0.142573
2.19799
-3.08492
-6.50218
0.306528
2.13722
-0.0395797
2.08619
-1.20089
1.7797
1.56509
1.25928
0.161104
-4.5157
2.15029
2.22376
1.69643
-1.2544
-2.17436
0.102429
-10.1384
-1.1773
2.721
-6.19879
0.856501
-4.48894
2.10903
-3.52601
-1.94683
-0.0982925
0.495382
1.68908
0.00355333
-1.31401
3.06756
1.60769
-4.47128
2.06235
1.24862
1.30476
-0.302078
-0.579546
-10.4416
1.21569
0.203577
1.71789
2.01175
-4.46733
-1.78878
1.41912
0.48983
-3.01772
1.30017
0.659081
0.153033
1.00603
-1.92968
1.06487
1.96782
-4.47356
0.982953
2.02357
1.44082
-0.316823
1.91319
-4.47606
1.57316
-0.185602
-6.29708
0.32572
2.33847
-0.645827
1.57538
-4.57841
1.85601
-4.4848
-0.382017
1.04283
2.41924
-1.71104
1.31218
0.577356
-3.52206
1.48368
-4.46346
1.8105
2.14982
1.64153
-0.0958928
2.51068
-0.244904
1.64969
-0.33192
-4.46964
-0.989361
1.76873
-2.48525
0.899016
1.17653
-4.43063
1.63453
1.71468
0.128562
1.62309
0.728864
-3.99673
2.65049
-3.19398
-2.9826
-5.25747
1.66315
-4.90278
0.0904629
1.60047
1.16831
0.0436101
0.885652
-2.60799
0.761421
-2.12791
0.0191773
0.969462
2.80198
-4.95841
1.65255
3.0447
1.04767
1.03013
-4.18286
1.70679
-1.9544
0.68773
-1.05371
0.547739
2.20436
-2.37148
-4.04126
1.509
1.39041
0.993691
0.829278
-1.21721
0.612361
0.819488
0.830902
1.61198
1.45271
-3.15263
0.650438
-3.87814
-3.39729
1.63722
-6.31492
1.44706
1.54333
0.208417
0.266079
2.53311
0.257306
0.0309545
1.41934
1.38084
1.15395
1.32468
-11.7565
1.26229
1.19834
-0.0350997
2.0929
-3.72631
0.761805
1.12626
2.21014
1.05231
0.630099
0.095494
2.26143
2.23034
-0.939626
1.11594
0.806495
-3.60333
0.811037
1.25586
0.725752
-3.52932
3.13707
2.425
-6.61311
1.02727
0.265826
-0.00587891
-3.49069
0.842301
0.55954
2.1106
-0.86404
-3.46792
2.31192
-3.99509
-1.37286
-0.732546
1.61514
0.723612
1.86235
-2.66334
0.211207
2.76184
2.90952
1.23895
0.0373034
-5.94502
3.3169
0.367077
2.33037
1.49747
-0.263754
0.101558
-1.12661
-0.15426
2.21802
-0.523411
-6.98697
0.732706
0.10708
-3.04066
-6.0438
2.43101
-2.86829
-4.62928
-0.354431
0.195589
0.777045
-0.232474
0.227933
0.680921
0.373551
0.316538
-0.0236916
2.78858
1.65944
1.90813
1.94979
0.939803
-2.16135
2.7416
-2.06148
0.230882
-0.667736
1.33888
-4.61857
0.393919
2.27342
-0.0651627
-0.756893
0.23036
1.66993
0.923328
-4.57928
-4.39659
1.60172
1.6708
2.64813
1.54045
1.85881
2.04135
1.99406
-0.657381
1.99282
-0.516598
0.689161
-3.72507
-2.38162
-7.82504
0.572113
-0.295661
1.7653
0.667741
0.135538
-3.57422
-1.54307
0.932414
-2.54659
0.116081
-5.89535
1.6256
2.53779
-6.35094
0.0111504
-1.79346
-5.06084
-0.812647
-7.4197
0.574894
1.59312
0.199837
-2.24817
-5.45812
-10.3839
1.72872
-1.57899
-4.96388
-2.55195
-6.40491
0.719607
-10.4356
0.6958
0.870089
2.88125
-0.65484
0.0274897
2.23695
0.103141
0.0466207
-2.95051
0.636815
-6.00077
-3.48298
-6.15934
0.0153318
0.142532
0.852872
-0.157135
-2.03287
0.123269
-4.11306
-0.274068
-0.30191
0.115543
-4.72754
2.37943
-0.138214
1.78038
3.20089
2.43084
2.99817
-6.03497
2.24736
0.149917
0.160346
-1.65439
-0.345951
0.31338
0.0528421
0.024631
-0.0285284
0.895316
-9.75513
1.08072
-2.64145
-6.04623
-0.105713
-2.41529
1.88735
0.857957
-3.44251
1.07588
-4.3542
-0.778391
-3.45935
0.536106
-0.52509
-3.63034
-4.4039
-3.77818
1.56253
-0.0538806
-3.28161
-10.9556
1.50862
-0.912565
0.227675
0.434123
-4.24996
-0.776012
-1.04795
-2.21057
0.132533
-5.1587
-5.82926
-2.76232
-5.72022
0.352312
0.272564
1.59179
-0.754634
-0.494173
1.03196
-11.1446
-4.40228
0.650115
3.21737
-0.38436
0.378909
-0.933929
-0.169851
-2.91833
1.63718
-4.02997
-3.69324
1.65348
-0.354818
-4.40729
2.03226
-4.22084
-2.67594
2.26741
1.27148
0.0599502
-0.681461
-0.973841
-9.28476
-3.31687
1.54923
2.11736
-4.60591
-0.57364
0.18797
-2.3379
0.280537
1.31469
0.0160077
2.23315
2.42285
-5.83451
1.06707
-3.17568
-1.05094
-2.57929
-0.730254
1.29475
0.317526
3.02175
-3.75646
-3.91556
2.72377
-3.44689
-3.80021
-10.0224
-1.98742
1.37633
1.33329
-4.53248
-1.78823
0.985951
2.60379
-0.0811312
2.6005
-1.02943
-3.69168
0.0768178
-3.5136
-6.37836
-1.12297
0.207533
-2.34475
-0.931243
2.06722
0.554043
-0.242326
0.978044
3.26249
-3.49293
-4.46882
-4.37237
-1.6028
3.20703
-4.30905
0.578367
0.0958842
-0.299466
-2.03452
-3.56786
0.112233
0.0198742
-0.181783
0.126956
-0.0259754
-3.85194
2.71686
-4.44729
-2.74701
2.76495
1.2365
2.25314
-2.80938
1.52486
-0.50307
-0.291552
1.23751
1.20366
2.42627
0.667242
-0.143806
0.59589
0.203467
-3.06868
-3.94563
-0.0314185
-5.43392
-3.50574
0.997028
0.389685
-0.0174943
0.549709
-0.453602
2.68493
1.61432
1.62502
0.200051
-2.84877
1.33076
-2.44155
-4.93248
1.56798
-0.0327723
-2.4259
-0.0029664
2.4472
-3.86405
2.36903
-0.0557427
2.16469
-1.0357
2.41522
0.917493
0.964935
-4.09726
-2.24779
1.54534
0.905991
-0.625287
0.0315468
-3.51887
0.294624
-1.64463
2.65567
-5.1894
0.395488
-2.50184
0.528074
2.18446
-2.01157
-4.96341
0.856062
2.62072
-6.27619
-3.68284
0.00866567
0.374047
-3.40113
-0.731765
1.42788
-10.1439
0.600049
1.54019
2.3061
1.0854
2.19868
2.06215
-0.124857
-0.0243468
-2.10727
2.63497
3.13955
-8.3019
0.463401
-1.1516
-1.13336
-3.801
0.120643
2.7665
-2.20549
1.59885
-0.261095
0.651428
2.27978
1.56341
-0.909717
-0.334822
1.35552
2.43873
0.176766
0.355603
0.426736
1.81121
0.776096
-3.5188
-6.5224
-1.43586
-3.51759
1.83679
-6.65038
-2.66243
-10.2677
-3.7853
1.54641
-10.9485
-0.58016
-0.18439
1.01695
2.68126
-0.636776
-1.3582
0.0838855
-1.83106
1.73877
3.22988
0.0452037
-3.06692
-4.42178
-0.0236805
0.679522
-0.264058
-0.406691
3.14656
0.158157
2.53741
-5.71246
0.355737
0.610112
-5.8299
-1.91569
-0.899714
-2.7635
1.03282
-0.0172553
-0.141617
-3.52605
0.760996
0.135406
-12.0168
-4.12376
0.577067
0.985238
2.44979
-3.00842
0.0135563
0.71468
0.489559
-0.142282
-5.40414
2.41479
-6.00936
1.65779
2.14119
1.65154
-7.24819
0.582244
1.60169
-0.909951
-1.72817
-1.54271
1.10605
2.45708
2.45362
1.98954
1.83872
-3.9308
-5.29202
0.718855
0.160455
-4.43686
2.7796
1.67643
0.879446
1.29639
0.840058
-3.67873
-6.45367
2.07387
0.410168
1.20476
-0.0910763
2.26968
1.61561
-0.78787
2.53885
-0.719518
-1.69017
-5.09786
-0.0244211
-4.63334
-1.03503
-2.02458
-5.41772
1.37001
-6.39569
0.453136
-2.76596
0.494346
-4.60259
0.0153624
0.201712
2.63747
-12.1176
-0.391067
-4.48174
0.488764
2.23651
0.877449
-5.19506
-1.31303
-4.20965
1.06684
-9.16156
0.0346862
-2.27739
-0.0500228
-0.523921
1.57015
3.3477
3.23052
0.225312
0.177935
-3.5232
2.63527
1.81415
1.5422
2.03906
-0.14637
2.5921
0.0354727
-9.12667
0.353776
-0.668215
2.13159
-1.42329
-2.63232
1.09841
1.30564
-0.98419
1.22184
2.22014
1.21662
2.19555
0.459358
1.62656
1.46388
0.748957
-1.72968
2.66182
-0.866989
0.629178
-3.74557
-12.1778
0.0201407
0.533447
-0.609108
1.84362
2.25067
0.82206
-3.44266
2.17309
0.722763
-2.86622
1.0612
0.916708
-4.41893
0.567347
2.20707
-0.174616
-2.71178
0.682072
-4.5397
-0.646185
-1.34999
-0.973082
0.76566
1.48957
2.74161
3.09753
-0.0980115
-0.0252195
1.18016
-1.27958
-2.44999
2.30614
-2.6688
-3.54933
0.796797
-4.15263
-2.66994
-0.771422
1.04127
-5.42024
0.798745
2.33611
0.490331
-0.928945
-0.300638
2.59485
0.117502
-2.25103
-1.50823
1.37347
-8.26693
1.5626
-10.8758
2.34418
1.52404
1.2866
-0.843753
-0.775096
2.61602
0.94238
-0.310783
-2.24239
-6.18647
-1.15587
1.55219
1.26088
0.642573
-0.922023
-0.632222
1.29998
-11.3766
0.111793
0.0460224
1.47762
2.93356
-0.365228
-0.0634585
-0.037583
-0.00582661
-0.979888
1.14938
0.865494
-7.3128
-1.02725
0.49526
2.16926
-5.11369
-0.144634
1.5062
2.09443
2.35822
-1.67351
-3.72814
1.2242
1.19565
-0.015947
-4.21049
-0.497169
-5.62959
1.31725
-6.22415
1.07236
-3.31005
-0.202025
-2.75153
0.209227
-9.54763
-0.796456
-0.899981
2.36281
2.25498
1.28845
-2.89805
2.55507
1.45301
-0.657746
-0.204475
-1.55183
-0.240057
-0.878592
-4.61449
-3.23518
1.12297
-4.42266
0.700332
0.0206367
-6.05182
2.59594
1.2489
2.28488
2.20865
-0.93009
-3.51471
-0.223868
3.00124
-0.359928
0.814478
1.56711
0.00554575
1.94674
0.825308
0.198935
1.33012
-0.292296
2.05093
2.2966
1.26998
1.66628
-0.133395
1.38322
0.106404
-5.05353
1.72911
2.56116
0.354727
-0.793646
-5.5683
2.68963
-6.03204
-3.63336
-5.96733
-0.220732
0.00932386
3.01957
0.300402
-0.0249261
2.01208
-0.566185
-0.0569248
-0.909664
1.71157
1.17961
0.933922
-0.97797
1.71862
-0.0311085
2.94875
2.90523
-1.80395
1.72027
-1.37545
0.540588
-1.12395
1.6686
-6.23159
2.26357
-4.06148
1.90911
0.389213
1.09075
2.2418
-9.1715
0.00362735
-0.269344
-5.23544
-0.0170081
-4.80615
-1.78413
-2.10193
-0.888981
2.37726
-11.8732
2.65568
-0.250207
-7.57338
0.0349062
-6.13255
-2.34027
-7.84447
-1.06551
-1.63752
-9.79825
2.33738
-3.90994
2.36794
0.136344
-3.99672
-2.67515
-2.0008
0.753442
0.00475238
2.60467
0.466305
-0.173736
0.0496654
-3.97927
1.49731
-0.789476
1.12343
-0.0422861
-3.52105
0.0876803
-11.6576
0.433573
-0.631306
0.374604
2.19934
1.9762
-0.670866
-0.374225
1.51537
1.56457
2.64462
2.99525
1.07177
-0.262777
1.6186
0.744664
-0.121425
0.0964087
2.57995
-4.15946
0.864222
-6.23085
0.484931
-0.167133
-3.02374
-0.0452388
0.479132
0.621101
3.1188
-0.0851474
1.63287
1.6412
-3.92147
0.485344
-2.58649
1.47645
-3.83752
-2.08313
0.0721231
-0.548095
1.48194
0.52075
2.66539
-1.41514
2.32996
-3.16543
2.98537
1.7759
1.60917
-5.40805
-6.60194
-0.268102
0.00216175
-1.80815
2.06451
2.11754
1.39207
-0.0109131
2.99289
0.78835
1.63502
-2.89693
-3.52455
-0.164023
0.156456
1.76524
-9.92237
-0.888444
-4.29199
-0.132056
2.46762
1.00937
-3.52525
0.61883
-0.291445
-0.399218
0.453199
-0.0440019
1.14025
-5.64701
0.0039434
-5.14347
-0.251295
-4.50896
-4.17278
-4.54938
-4.31309
-0.324968
1.66123
-0.242199
0.898962
-1.20072
2.03011
-3.04921
-0.109688
0.424794
-0.509741
-3.53593
2.40571
1.62497
0.430449
0.135341
2.19159
-3.86123
-4.89399
-2.06071
-0.0343073
-5.62024
1.0559
1.23657
-0.261961
0.488035
2.43331
-0.616126
-0.756365
1.04696
0.598754
-6.33884
2.09202
-3.51483
2.4227
1.11815
2.0113
-6.53884
-6.59364
-2.78821
0.227482
2.34856
-10.7077
1.59564
0.793247
-11.4279
0.386313
-1.71685
2.85404
1.14351
0.141763
0.737052
-0.174727
-1.01006
2.21402
-3.45354
1.40242
1.9284
3.0887
1.8714
-3.41122
-4.4682
-6.25408
0.00129182
2.26542
-1.14371
0.0233011
-1.9386
-4.1158
2.26594
0.446526
-4.68758
-0.0745685
2.16701
2.95961
-0.00791412
0.0139278
2.16724
1.93701
1.28417
2.30706
-1.5491
-5.32205
1.57496
-6.07374
0.506008
-0.192249
-5.79602
2.29003
1.25165
-0.379487
-3.99861
2.11873
-4.46875
-2.27141
-0.220596
0.766836
1.63196
2.35221
-1.88035
-0.0693214
-5.23042
3.09744
3.16078
1.65104
1.86768
0.00416736
-4.54745
2.88308
0.434172
-5.83453
-0.200623
0.0110496
-4.55025
-4.89239
-4.47961
1.14
-0.792766
-1.52636
1.94103
1.78696
-5.82227
-3.30573
-2.0707
0.877368
1.02617
2.28435
-2.02336
0.0120635
-0.16201
0.854954
-3.49851
-0.542035
2.05348
1.77871
0.00213608
2.21808
1.98922
1.3813
0.862569
0.792897
-7.03072
1.66057
0.933661
-11.0387
-0.0466282
-5.26287
2.11743
-6.34607
0.954822
1.0606
1.57407
-5.42706
1.77024
3.29919
-3.52418
0.96993
0.479946
-4.12938
2.84457
-0.225318
0.916546
-3.57493
0.00127824
-0.987064
0.439335
0.402403
1.16115
0.804328
-2.27702
-0.371549
-4.48248
2.24324
0.79847
-3.51289
1.90614
1.51803
2.76812
3.20006
-0.0180392
1.41071
-11.7729
1.11455
-0.134489
0.898219
2.64538
2.26523
-1.31046
-0.0307948
1.36843
-5.4248
-2.92181
-0.16381
0.118348
-2.64328
3.10118
-6.52346
-0.880289
2.17256
0.714175
1.15918
-1.02265
-2.57174
-0.444409
2.05686
-0.42314
0.014478
0.460965
-3.50988
-3.02059
-6.2366
1.82275
1.04409
1.71204
-1.31879
1.30425
-1.65876
1.74462
-5.99168
1.54879
1.58853
2.36203
-4.21882
-3.51721
0.711085
-0.0711651
-4.34451
-0.595518
0.602169
-1.80231
2.72429
-4.96725
-2.62776
1.08494
-4.65876
-1.45316
-6.20104
0.236883
1.24473
1.1569
-1.02755
0.604652
0.974854
1.59961
0.648547
0.00922665
-0.16468
2.95719
-1.61254
0.636572
0.409557
-2.58748
0.464834
-4.48292
1.68404
1.8702
-0.950576
-4.46548
-11.7446
-0.58622
-2.34331
1.12214
-2.16161
-3.08588
0.72284
0.374341
-4.35567
-1.0222
2.42632
3.08729
-0.513824
2.0902
3.03707
0.833709
-1.51305
-6.60266
-0.580273
-11.2189
-1.41002
-2.47157
-10.5971
0.97589
-1.30498
0.85581
0.497956
1.85609
0.499615
1.90504
-2.86879
0.156055
0.609696
2.83202
1.09338
-3.51178
1.0817
-4.53114
-1.02219
2.24637
1.37563
-2.07218
1.5423
-0.884412
-1.33159
1.81864
-2.23538
-6.29644
-3.14058
1.35357
2.02207
2.99436
0.749122
1.53092
-3.75626
1.34363
-0.728204
-2.60222
1.08904
-1.96503
0.569305
1.9856
1.68359
0.456944
2.20938
-6.08593
1.57148
0.683187
1.37063
-0.0523562
1.59938
1.5765
-1.06018
2.01462
-7.83575
-1.75335
0.451523
2.81225
-1.34756
0.866512
0.58202
0.568809
2.7072
0.563177
2.954
-5.97211
-1.23658
1.8615
0.554477
-0.0326158
0.492351
0.466509
-1.25023
1.33093
1.00355
2.81812
1.36251
1.03059
)
;

boundaryField
{
    SideWalls
    {
        type            empty;
    }
    Top
    {
        type            zeroGradient;
    }
    Inlet
    {
        type            zeroGradient;
    }
    Bottom
    {
        type            zeroGradient;
    }
    Outlet
    {
        type            fixedValue;
        value           uniform 0;
    }
    Plate
    {
        type            zeroGradient;
    }
}


// ************************************************************************* //
