/*--------------------------------*- C++ -*----------------------------------*\
| =========                 |                                                 |
| \\      /  F ield         | OpenFOAM: The Open Source CFD Toolbox           |
|  \\    /   O peration     | Version:  2306                                  |
|   \\  /    A nd           | Website:  www.openfoam.com                      |
|    \\/     M anipulation  |                                                 |
\*---------------------------------------------------------------------------*/
FoamFile
{
    version     2.0;
    format      ascii;
    arch        "LSB;label=32;scalar=64";
    class       volScalarField;
    location    "5.1";
    object      p;
}
// * * * * * * * * * * * * * * * * * * * * * * * * * * * * * * * * * * * * * //

dimensions      [0 2 -2 0 0 0 0];

internalField   nonuniform List<scalar> 
5098
(
-0.693704
0.501653
0.226778
2.1412
-0.796477
2.37114
0.0333369
-0.959377
0.241723
0.312857
-0.562444
0.842019
0.498564
2.64938
-0.441411
0.0114174
-0.214201
-2.12388
-4.8127
-0.259652
1.4604
0.00813884
1.1182
3.20117
-4.33317
2.29853
1.4304
1.60497
-4.75568
0.856521
0.72792
2.82778
1.67001
0.0276005
-0.409969
-3.1165
1.74228
1.65339
2.55283
1.29293
2.10364
-8.97955
2.27121
0.208397
-0.192054
0.630076
-0.4205
2.86682
0.738402
2.17859
0.208327
1.91768
-6.79065
1.56038
2.37441
2.22763
1.62258
2.01934
2.83426
-0.173256
-0.21393
-0.785733
-0.432228
0.519614
-6.80596
2.67639
0.0454858
0.121093
1.3678
1.92803
1.56573
-0.0882469
1.43557
0.165392
-0.119516
2.18209
-0.0429486
2.26869
0.329732
2.15471
-0.209701
-7.67379
2.09383
-0.0213256
-2.29497
0.799328
3.39244
-0.0304845
-1.17691
-0.265074
1.00268
-5.35397
0.870256
2.14209
2.56518
0.0347995
1.90829
2.32159
-0.108934
1.42973
-1.28592
2.31089
0.18346
0.0800146
2.28241
-0.449593
1.48427
0.0629841
2.90937
-0.648425
2.03718
-4.53088
1.62923
-5.61285
1.39352
-4.70732
-6.87978
-1.53374
0.0326329
3.17848
1.87926
0.0834309
0.333883
-11.0007
-5.23038
-0.280504
1.50392
1.15562
2.58808
-5.46958
-7.2608
2.76163
2.73012
-1.2926
-0.670304
-1.80548
-1.83167
1.44153
2.58174
1.55897
1.92587
0.039361
1.52317
0.246795
0.636256
0.0811334
1.42009
-0.626708
-1.01961
1.30506
-5.81108
-4.72212
-0.692098
1.69078
3.43449
3.1249
2.02274
-1.09757
2.10928
-4.63645
1.60135
-0.500937
-4.52316
1.92284
-2.89438
0.58096
-0.862917
0.756115
-4.43745
2.00866
0.0176997
2.18208
0.357031
1.61405
0.642153
0.759255
2.0536
-2.87547
2.00606
3.44217
-3.22776
-5.56691
1.90343
-2.99381
1.889
-0.950583
2.23253
1.71
2.15609
-7.57541
-4.51021
0.278031
1.38629
-0.143131
0.612998
-5.49273
-5.29483
-2.01315
0.0198284
1.9734
-7.23088
1.91095
-0.192064
0.505845
1.48855
3.12203
-0.740342
2.6107
1.07998
1.38123
1.74467
1.87914
0.270009
0.558602
-0.781409
-4.80864
-0.141045
-0.988265
-5.26482
0.786394
0.927223
2.27166
0.0852544
0.9193
-5.93064
1.63118
3.3889
1.53002
1.497
0.49061
1.56102
3.26132
-5.78693
0.00624823
0.410954
0.453137
1.05731
-9.03269
-2.12426
1.85719
-8.3014
0.298131
0.150931
2.95435
1.43116
0.954634
2.60425
-0.791106
-0.240498
0.889306
0.359662
1.55463
-5.10151
-8.7684
1.74059
-9.2294
-0.672829
0.305483
2.82703
-0.0231944
-0.94404
-6.64552
-4.9772
1.45262
0.0475603
-1.2953
-4.61568
-0.67353
0.118407
1.8914
-7.48439
-0.0634373
-4.61597
0.119967
2.79553
0.203007
-7.94862
-4.42538
0.885057
1.73056
-6.93866
-0.802823
-6.0495
-0.931586
0.091066
0.0888134
1.72052
0.0954336
0.591704
0.921433
-11.2049
-4.87925
2.93933
-0.135603
1.5064
0.289497
-0.404941
0.666581
1.36827
1.68058
0.0860311
-0.828619
2.23308
1.36952
-1.24642
1.75181
-1.89397
0.782406
1.86006
-0.428923
1.03973
-5.16037
2.32952
-0.160921
0.456044
3.43075
-1.66363
0.0836441
1.17307
3.05479
0.298522
-5.00904
-1.83458
-5.17769
-0.0959657
2.58538
0.442934
1.44922
2.88094
0.035117
1.90807
1.13174
2.58434
0.798902
1.88811
0.167644
0.744125
2.20669
1.34772
1.85822
1.485
1.9601
0.394814
1.62222
-4.49438
-0.0966553
1.47724
-4.73623
-1.50219
0.827515
0.643208
2.98762
3.02788
-6.97684
-0.174135
-5.81652
-1.60707
0.679904
2.54854
-0.108553
1.51233
1.5284
1.11531
-0.00688843
0.16766
2.82491
1.62307
0.986194
0.884745
-9.73201
2.73245
0.217184
-2.7779
-0.223075
-0.0746448
-0.805913
1.92775
0.32606
0.807421
0.00133736
1.55608
-0.246764
1.72334
-0.795345
0.201592
-2.29316
-0.323946
-9.24159
2.06201
0.16795
1.4041
0.459848
1.58025
2.04466
1.05321
-4.80508
2.21462
-4.40339
0.467162
-0.710554
-4.52428
2.98556
2.16909
1.53478
-4.64601
0.428971
1.59449
-1.59877
0.279609
-1.11604
1.52317
-0.257794
-7.24057
-0.000485035
-1.7273
0.0556202
1.38541
2.9423
-2.12134
0.816143
1.54967
2.26814
-0.072019
0.824345
-5.75266
-5.28116
0.14802
-0.493719
0.118812
1.63298
0.0465371
-4.70829
0.0275886
1.75996
-2.03488
-5.15472
0.137395
1.15953
1.23936
-5.64239
1.98414
1.86736
1.12362
-0.123934
1.28276
-1.75695
-2.3852
-0.449185
-4.75148
1.50627
-0.353706
1.06831
1.5669
-0.0917942
-0.328928
0.181303
-9.32868
0.792017
1.64046
-2.96405
2.24195
0.0324668
2.94841
-2.84127
2.06799
-1.44806
-5.86412
-8.73343
-1.0667
2.06289
-4.88928
0.842339
-0.0151762
-2.01325
1.42607
-5.13675
-5.08056
2.29999
-3.14041
0.871963
0.598257
-0.874509
-4.3472
1.39292
0.177901
1.84202
0.275313
-0.655151
0.26734
1.60259
-2.89423
-0.558648
-0.479598
-5.82351
-5.23884
0.00121012
2.44412
-3.56753
2.36324
1.6652
-1.85231
1.13495
-4.92625
-2.06233
-4.75676
-3.51327
1.16036
0.92276
-4.12081
-0.373146
-5.20113
1.54295
1.69885
0.541585
0.715026
1.50654
3.0544
-7.17291
-0.687911
2.43555
-1.72578
-0.696103
2.98924
0.0220238
-3.53467
0.0229537
-5.06344
-4.29978
1.60856
0.902529
0.471631
3.36919
-3.90521
-0.0601679
-0.830686
-0.298171
0.0446407
-1.65957
-5.66459
-0.177076
1.39618
0.188467
-6.95861
1.85649
-0.135671
-0.857229
-0.325815
-0.622889
3.36168
-3.13395
-2.12179
1.86318
-0.726199
-4.54537
-1.01106
-0.32189
-7.12103
2.34667
-0.398608
-1.12065
-0.397184
-0.562915
1.83222
-4.82236
0.127293
-4.26211
-5.21224
0.0301012
-4.03084
-5.08978
0.982516
0.742446
-5.09505
1.43523
1.87664
3.31397
-0.285383
1.81014
2.59317
-1.5205
0.127375
-5.72666
0.716725
0.090372
0.304361
-0.235379
0.009593
1.06628
0.628128
-7.01633
-5.12515
2.95868
-1.48591
-2.88841
-0.279811
1.82614
1.1643
0.977438
-2.6715
-2.41364
0.0363855
2.01095
0.870549
0.520589
2.76435
0.0809609
2.63118
-3.62391
-7.0867
0.0135321
0.0306205
-6.80038
-5.15428
2.69072
-2.679
-2.40018
2.72511
-1.0055
-0.109487
-0.236637
2.93831
-4.76089
2.44298
0.229059
-0.0210835
0.4293
-5.47767
1.31942
-0.273661
-0.213324
-5.36703
1.52334
2.03597
-5.0351
0.0455521
2.02063
2.82895
-7.35944
1.69158
3.31745
-2.44689
1.04617
-0.833173
1.65058
2.40313
2.10629
-4.37581
1.64658
0.589423
-1.89124
1.47271
-0.289407
1.96205
-0.604629
1.71731
1.12099
0.128908
0.0613805
0.567687
1.69641
2.10637
0.115087
-1.433
2.85335
1.82764
2.18844
0.221042
-0.371999
0.0707345
0.0728327
2.77999
2.98927
-3.28771
1.75471
-1.51239
-5.00144
0.199662
1.60567
-5.02742
-4.67431
-1.84113
-1.61092
-0.273456
0.795789
-4.80133
1.78764
2.14197
-4.83075
2.20615
0.022356
1.67207
-6.99552
-1.27306
-0.32157
2.91257
-0.320103
-0.534915
-1.34994
-4.52511
1.47832
-0.934664
1.00624
2.69996
-2.30977
-2.82818
-3.44919
-3.34636
-4.88023
2.14989
-1.04887
2.87502
2.84461
2.67101
-3.61065
-5.33069
-4.47675
-5.02838
0.145229
-4.91519
-4.61899
-8.31828
-3.16342
2.22547
-5.41963
1.98235
-4.22039
2.63897
1.47457
-3.77328
0.217691
-4.77177
3.28881
0.0734281
1.56456
-1.76397
-3.64336
-1.09265
-3.10816
-3.85425
2.1021
-0.556659
-0.735138
-4.70987
-5.80181
1.09
-1.15958
-0.306462
0.0382982
0.478271
0.368521
-6.05768
2.12095
2.66789
-4.55821
1.2529
-3.81255
2.01702
-4.58793
0.210725
1.2184
-1.99407
-0.475468
-5.53105
-0.373843
-7.93134
-0.812215
1.84729
1.30716
-4.2984
-0.222677
1.18199
1.38367
-0.0501594
0.76957
-6.38215
3.33425
1.23445
1.91678
0.178124
0.785777
-7.44475
-7.55516
-0.3001
-7.11047
-0.193723
2.76075
2.3537
-0.503631
0.966826
-0.979424
2.4757
0.895088
-5.68473
-6.76661
-7.7769
-4.77725
-0.0323471
0.174329
1.73349
-1.37558
-0.204377
-4.26061
1.45658
-0.331777
-5.19102
2.22226
1.03844
2.8106
-0.608443
1.80746
2.21425
2.06823
-0.413662
1.89379
-0.373776
0.486745
0.338721
0.181682
1.06738
-5.14142
-7.04063
-1.24363
-7.64702
0.762992
1.66906
0.520911
-5.39008
0.664072
3.41362
-0.873526
1.96198
0.0216743
2.69859
-5.18966
1.56012
-0.144867
-4.93706
2.87898
-0.066756
-4.58647
0.724802
2.97531
1.91078
-0.564187
-0.971799
-1.92957
-3.62169
-3.11721
-5.06437
2.03034
-3.71825
-4.93538
-5.84681
1.36569
0.0275701
-5.1042
-1.12981
-4.55506
1.12946
0.0422972
1.8045
-0.987118
-5.05648
2.7147
-9.46013
-3.66631
-4.91452
0.332267
-5.60018
-7.45636
-4.8445
-0.232123
0.0275445
1.42143
-7.28791
-2.24235
-4.97731
0.174447
-0.991649
0.657063
-0.0542477
-6.11406
1.52136
0.0483111
2.55439
2.05522
0.723246
2.17235
0.512565
1.4432
3.16125
2.20767
-6.23432
-1.55326
0.2308
-1.5419
-0.767521
-4.81956
1.85927
-4.279
2.48805
2.58251
1.75289
1.72838
-4.30288
0.941873
-2.72082
-0.166173
2.74639
2.02038
-0.308363
-0.0996924
-6.35157
-2.41657
0.082502
-4.89326
-2.45927
-0.497032
-0.0556929
-0.92795
0.794655
2.82676
1.79492
2.01544
1.82121
2.10982
0.0401314
-0.374186
-0.625606
-4.69681
0.55814
0.40942
1.49591
1.1195
2.91693
-1.80115
-0.899586
0.0595025
1.63121
-0.213274
-0.150409
-5.14234
3.2538
1.69779
-5.12051
1.70657
-0.643628
-7.24934
1.43209
1.89105
0.984757
0.514118
0.914508
-0.107746
-0.177787
0.192376
2.75941
-1.39935
2.4325
-6.7639
-0.386867
-9.06872
1.33341
2.03745
-1.81712
0.0596383
3.23461
0.478779
1.47921
1.48992
2.99921
0.194337
1.93642
-0.216108
1.9271
0.0728025
-0.300762
2.49638
3.31388
0.520633
-0.947245
0.237694
-1.0367
-4.56469
1.77132
0.851341
-2.75283
1.67765
2.16975
1.65157
1.72571
0.136696
1.77785
2.50978
-1.24998
3.08941
2.13287
1.05004
0.0182562
-1.1705
0.124711
1.84666
0.34094
1.84052
2.13083
1.68569
-2.77845
-3.19137
2.18575
1.27206
2.35227
-0.237317
1.56478
1.95266
1.28884
2.23732
2.19065
-0.26871
-0.621733
1.76335
2.15697
-1.49458
-0.692535
-1.62978
2.11584
0.42589
1.886
3.01446
-3.81525
2.92423
3.19689
0.134263
-1.02203
0.200717
3.39897
-3.85684
2.08254
3.0265
0.719973
-6.35597
0.925736
1.33809
3.16323
1.39719
1.30368
3.28771
2.37065
-0.392135
3.27057
2.69286
-0.439147
-0.711741
-3.53671
0.0152862
0.504998
2.08139
2.6618
-3.84419
-0.196867
1.04049
0.649571
2.28895
-4.44126
2.78705
-1.90759
-5.20079
1.5323
-2.3565
2.07669
-0.577014
1.39615
-1.58255
2.66803
1.84652
1.69453
1.80851
-7.15865
-0.218648
-0.151909
1.16197
1.15718
2.81803
2.01033
0.0144158
1.22904
0.595294
-2.00059
2.64138
-0.311848
2.22017
0.0913802
0.208713
-2.44632
0.371927
0.957669
2.96563
-0.0363843
1.26283
-1.98496
-0.809617
2.55925
2.41764
-3.28428
2.50548
0.638174
-2.50361
0.255249
1.20616
3.35418
-0.243023
-2.96098
2.29062
0.042952
1.83685
-6.08825
-9.27887
0.102455
-5.30635
-7.28902
0.746426
1.91678
-0.19965
-6.92803
0.0131659
-0.289947
-2.28122
0.834264
2.85235
1.3588
1.15458
-0.0872619
-0.155753
0.162842
1.34442
-0.747726
0.0109212
0.0847209
0.00879608
0.286476
1.2222
0.586875
0.786878
1.28849
1.26638
-1.67849
-4.79632
0.295294
-1.23031
3.23572
1.09667
0.677535
-0.0482615
-0.948909
-1.06391
-0.166935
-1.57512
-2.67722
-0.47005
-0.986778
1.91432
0.604589
0.024259
2.06669
-6.92106
-0.728092
2.79528
-3.28952
-2.30391
0.675563
1.62584
-1.59473
0.44153
-1.97753
-0.35321
-0.216833
-0.536827
2.11253
-4.38877
1.13197
0.0737827
-3.83915
-2.27346
-0.337777
1.46201
0.231615
-1.07651
2.79215
-8.77875
1.79792
-0.770914
-3.3028
-2.24544
-0.611261
-7.33778
1.77914
1.63271
1.77877
-0.204201
-8.62622
2.4795
-3.08713
-2.68107
0.0171274
-4.94018
0.0149573
-0.744286
2.54077
-8.55499
-4.73419
-0.992234
1.20095
1.05913
-6.71504
1.1742
0.0945523
-0.709069
0.606987
1.04356
0.747396
0.194777
-6.47469
2.60542
-0.24943
0.00936695
1.08465
0.0181396
1.18441
-7.59911
-0.500473
-0.778048
1.25673
-0.101643
-0.279708
0.78193
0.0107481
0.120492
-0.359019
1.77191
-0.168708
-0.863425
1.62315
1.48766
-0.0782223
0.837275
0.883716
1.66921
2.13357
1.9033
0.25629
2.84898
1.42347
-2.32356
1.28625
-8.66238
-0.0473619
0.0530529
0.688032
-0.691497
2.8771
0.561961
0.449151
0.106843
0.771094
-0.00573229
0.655947
-3.96543
1.39467
0.0496561
1.61326
0.91796
1.67831
-9.33107
2.18592
-6.82099
1.66891
1.76573
0.548586
-0.152645
-1.91118
-0.475709
2.05183
-4.68734
-4.62607
2.00237
1.18977
-0.12485
2.04028
1.26629
-0.965402
2.66123
-2.02708
0.433842
-1.59587
-1.54312
-0.114919
-0.366145
-0.956228
2.94199
0.00661412
0.536215
-0.417371
-1.06905
1.75135
2.15667
0.01264
0.0240035
1.5708
-4.6992
1.63629
1.68121
-0.434127
-0.517879
1.28179
-0.181929
2.98025
-5.35496
1.3226
-0.109635
-1.35479
2.80661
1.90911
0.428438
2.41202
-1.20243
2.22313
2.14508
0.00976723
1.60582
1.63019
1.2839
1.60956
-1.12309
1.7467
0.251212
1.00179
-0.000973551
-4.7014
1.74779
-6.72891
-5.22349
-0.092084
-0.210425
1.37083
-4.42455
1.58731
0.480074
0.811694
1.59847
1.44559
0.612485
0.203778
-1.65886
1.61545
1.0543
-7.63036
-1.33374
-0.0158443
1.68883
-7.34281
-6.54115
1.45949
-6.95046
2.16103
0.995191
-7.75908
-5.54777
1.92107
2.09239
-0.692176
1.41941
-4.99078
-1.04346
-3.64925
0.490135
-0.90552
-5.96693
3.16159
0.927777
-4.98309
0.0294614
-0.744363
1.59929
1.03388
-1.53385
-6.3339
-1.74583
-1.18376
-4.73263
1.3543
2.64892
-0.465447
-5.1252
0.0202061
-7.01677
1.85551
3.19745
-9.7553
1.23731
1.82395
-6.64409
0.570618
2.87804
-3.77381
-1.42943
1.32895
1.43495
1.25224
-0.901637
1.00108
0.00739962
1.15842
-2.18251
0.063447
1.66778
-0.476848
0.386269
1.03817
1.52916
0.973898
0.0858479
0.718837
1.67975
1.23336
1.5824
2.99563
-1.58447
2.80629
-0.0507089
2.75093
3.31755
-6.4737
0.205439
0.406054
1.5478
-4.43666
0.762783
1.10293
0.0359943
1.88469
2.4725
1.94538
1.99787
0.432276
1.25201
-10.7411
3.25917
-6.96007
0.17192
-1.48042
-0.883479
-10.2764
1.68966
1.98752
0.94309
2.0704
-2.39054
0.0856071
2.14941
1.669
-0.16494
-0.619066
-0.00410165
0.205905
0.525645
1.78372
3.12713
1.57248
2.29551
2.21735
1.90023
2.99901
1.08067
1.61629
0.187652
-1.10729
0.945966
1.31733
1.37442
3.29748
0.657017
0.876434
0.00291822
0.0698477
3.16418
0.990125
-0.461497
-3.43413
1.47764
-1.43651
-0.142377
2.37875
1.66114
1.60605
1.77724
-0.279149
2.38837
-4.88203
1.57649
0.298751
0.253063
0.185565
2.63664
0.315407
-0.00359917
1.69845
1.67535
-1.06546
1.46849
2.71108
-0.333811
-4.48363
-6.81955
-4.76265
-0.661474
-6.4382
-0.579581
1.50085
0.667107
0.0614014
1.80709
0.196561
-0.528956
-1.02149
-3.6031
-2.11017
0.22608
-6.68261
-8.07767
1.62433
1.53449
2.31365
-0.335299
0.663471
0.0394549
1.50763
2.57954
-3.91441
0.0263389
0.00377437
2.72795
1.32294
-0.309692
-0.905172
-4.68555
0.0268842
-0.796013
2.87288
0.00607872
0.0024929
0.695178
0.679856
0.0121232
0.913345
0.281445
0.896734
-4.14106
-5.78304
0.300229
-7.75851
-0.0641412
0.871303
-3.32812
1.83339
1.03324
3.06584
0.664327
2.73491
-0.725822
1.87052
0.0576226
-0.128184
-1.49495
2.56961
-0.388803
0.406966
0.321457
-3.61509
-1.99842
0.0124573
0.049759
-0.119662
-0.268161
-0.131033
0.207645
1.06411
2.03349
-4.65122
-1.19399
0.228736
-0.217387
0.0729914
1.80927
0.39511
0.886011
-0.217557
-0.0267663
2.40339
-2.46654
0.856555
0.00328649
0.0452101
-0.499239
2.37027
-2.20093
-0.0208252
-0.0658116
-4.82601
-0.704975
-0.0882655
2.76024
1.97523
0.0159111
-4.31402
-4.81837
1.67169
-0.164956
-0.303896
0.00481888
0.693425
-0.466588
-0.027993
-0.856283
0.00554347
0.69013
-0.82544
1.81189
0.576033
-1.14448
0.111532
0.638647
0.131082
-0.11373
1.75311
0.161104
-0.40422
-0.561193
-0.150819
-0.559935
-0.0758263
1.76522
-3.58222
-1.12918
-0.992299
0.0184843
-1.95871
0.196022
-0.0935927
-0.0121229
2.50419
1.15868
-4.58686
-0.0392867
-4.76495
-0.545125
-0.201196
-0.118828
1.69683
1.07749
1.32676
1.61896
0.258764
-3.49378
-0.999686
-4.58529
-0.0337056
1.89594
-0.0779714
0.708453
-6.52749
2.06007
0.0555872
1.74131
-0.395541
-0.816692
2.21603
0.0333177
0.00848301
-4.01204
2.44861
0.357924
1.45507
1.68027
-2.11915
0.020061
1.56129
-4.65482
2.39892
-0.457359
2.34248
-1.62454
-0.0908107
-0.950349
1.76322
2.28444
-3.5125
1.4144
0.678815
-0.133198
2.5782
0.588319
-4.20442
1.58197
-0.0320655
-0.126078
-0.938866
-3.61901
-0.0319036
-6.94348
0.00254229
1.47836
1.15901
-0.110264
0.0650952
0.712129
-0.124638
1.56041
-0.27291
0.0192432
-0.966896
-0.0243239
0.0742345
-0.0120022
1.48488
0.507517
-0.0279566
-5.21228
1.89944
-0.0973241
-0.396971
-0.120296
0.528718
2.73555
0.279615
0.00325744
1.36405
0.23036
-0.17212
0.24676
-2.84901
0.240762
0.0673682
0.0767078
1.73275
0.00639486
-0.0708549
-8.10129
-0.0236074
0.0354023
-0.297323
1.66223
-0.336481
0.0253347
0.586025
-0.522657
-0.209976
-0.00975262
1.21612
-1.22312
0.18105
-0.767637
0.0930923
0.0195712
0.0166208
0.0169006
-4.11559
-0.588438
-0.644814
0.458361
1.10603
0.0730211
0.732032
0.787229
-0.0287218
0.016633
0.83294
0.0527777
0.0203216
-0.39311
-0.342431
0.337998
-1.14962
-2.29167
0.0196877
0.368663
0.138346
1.00685
0.907286
0.0954463
0.345793
1.69542
0.0717232
-1.66721
-0.00741737
-3.1113
2.28865
1.57803
0.102107
-0.000663252
-0.0748976
0.0969491
0.0356458
-0.0137674
-0.986453
-0.489108
1.53534
0.261635
0.00831337
1.60781
0.095867
2.52879
-0.0789147
0.214733
0.171075
-0.0924478
2.41709
-0.0043111
0.0454603
-1.71174
0.0515469
1.13531
0.62009
-0.0226089
1.65114
0.0879958
1.3735
2.24829
1.10092
0.907189
0.0213259
1.06038
0.0686309
0.370743
-3.61209
-1.99966
0.0673063
2.15581
0.563893
1.63672
0.797074
0.000623661
0.0606605
0.0853868
-0.278632
1.32385
-1.37574
0.0438963
0.0106287
0.043887
-0.0628228
-0.296237
-4.77139
2.78909
-2.80403
-6.4959
2.59986
-0.0495862
0.0480801
0.00893053
0.0450734
1.59249
0.0672529
0.0202786
-4.57082
-1.85219
0.00323233
1.66831
0.0811515
0.0597074
-0.887021
0.0186044
-0.161555
-0.028672
-0.00234037
0.0754956
1.66107
-7.30809
-0.0505474
0.699463
-0.124508
-4.58673
0.116119
-3.74551
0.00247988
1.87774
-4.93656
2.11988
-0.156621
0.0747657
-5.83112
-0.0903594
-0.229628
-0.054036
-3.26296
-0.0198449
2.63714
-0.923013
-3.41989
0.00963239
-2.68923
0.0200119
0.0949404
-7.9377
0.00978629
-0.0235242
-0.221592
0.021594
0.0470445
2.04144
0.484187
0.0048365
0.111025
0.00453133
-8.44341
0.0881569
-3.27901
-0.0203993
-0.189577
1.95485
-0.289088
1.67156
0.00475566
-0.14023
0.00544475
0.00525705
0.0205859
-4.62472
-6.02416
0.0811945
0.980868
1.51367
0.657037
-0.00765528
-0.0130222
0.00865148
1.96903
-0.0324467
0.271684
1.0434
0.00213689
0.00751108
0.216697
-0.000671533
0.0141133
0.0968393
1.69004
0.00489471
1.37852
0.0202661
1.79792
0.0573055
1.24377
0.00931867
0.0105631
-9.28085
0.0186205
-0.0359067
-0.278479
-0.475983
1.26931
-0.00658094
0.643237
-0.0113822
-0.0501747
0.34849
0.0624853
-0.0222782
-9.29239
-6.15261
0.00464702
2.13255
1.50491
0.0144767
-0.0128701
-1.07791
0.0359948
0.444299
0.23432
0.0127267
2.39993
0.000221025
0.0345741
0.0127652
-3.7402
1.68112
-0.0479313
0.0589048
0.0153035
-5.28937
0.150889
0.0437258
-9.77483
0.706131
1.20704
0.0629801
-0.217178
0.127312
1.60854
0.00361969
0.0173079
0.0197609
0.0917454
0.085781
0.0829385
0.0680403
0.0164055
-0.0371137
0.0318556
-0.149838
0.0161266
0.0668511
-0.266674
0.0809291
-0.00613209
0.0987261
3.06485
-0.00940081
0.121565
0.0125422
-0.0408899
0.808378
-0.0125039
0.11075
0.298213
0.0479357
0.0157847
0.000425061
0.0232264
1.63394
0.0141429
-0.0109298
0.101489
0.0207043
0.0220967
0.143951
-0.0234659
1.97201
-0.0808489
-1.29931
1.38772
0.00244788
0.0354674
0.0610461
-0.256328
-7.66703
0.191352
0.243582
0.0209006
0.0813977
0.0329476
-1.74941
1.83188
1.94416
0.0255078
0.083443
0.0907931
-0.0123185
1.62527
0.00864271
0.031213
1.68447
0.0127982
1.6997
0.0651796
0.0360176
-0.103169
0.0564575
0.0126924
2.05722
-0.0133501
0.00228103
-0.310915
-0.335469
1.69606
2.44573
0.00619136
-0.271857
0.0421896
0.0240927
0.00183842
1.79178
-10.2741
-0.000963347
0.0369189
0.104148
-0.011568
0.00754365
0.0646083
-1.82042
0.0019184
0.0395446
-0.997301
1.62475
-3.5154
0.0411046
0.0117086
1.06559
1.08248
0.031683
0.00371547
-4.18706
-10.5183
0.0137311
0.0364871
0.0170792
0.029467
0.00140094
-3.73478
0.0179937
0.0716329
0.0343057
1.61249
0.0198436
0.085447
0.0393162
-0.0708228
0.00978127
1.61334
0.0255048
1.97654
-0.724281
-6.92145
0.0291134
0.0678645
0.0370885
0.0361196
0.0940518
0.0225304
0.0491934
0.0978105
0.0154933
0.0209471
0.0145371
0.0320507
0.0372164
0.00940859
1.71072
0.056741
-0.411584
2.05782
0.0211687
0.0927944
-0.916585
0.585149
0.0325746
-1.38939
0.0277904
0.0335649
-5.19601
-0.13741
0.0312905
-0.642729
0.0324962
-0.0172147
0.146824
0.00135261
-9.77286
-0.108049
0.040553
-1.30326
0.133077
0.0217057
0.0201528
0.0472107
0.0743915
0.0917999
0.0955133
0.312368
0.0114487
0.0226339
0.0321144
-0.89475
0.0209259
0.00786027
0.0184103
-0.0248033
0.0246443
0.0308754
0.0125316
-0.618469
2.72798
0.0461333
0.0130466
0.0502307
-0.205114
1.91262
-0.00398598
0.208127
0.00359409
1.91002
0.0253623
0.627862
0.115694
0.0119171
0.0213189
-0.00754337
-4.60349
0.0799138
0.325539
1.6053
0.0342985
0.00912428
-0.0459282
1.99342
0.0387508
0.0385002
0.0140132
-0.0389098
1.36613
0.0203232
0.0458393
0.0179465
0.0294309
0.0216458
0.0334251
0.709017
-0.393917
2.15734
0.00776177
-0.631278
-0.243884
2.30324
1.33621
0.0153867
0.0254478
0.0589551
0.0529658
1.51624
-0.235869
0.0314577
0.0892275
-7.87426
0.0259949
0.0828499
0.0449581
3.13792
1.03882
1.52649
0.0366916
1.69956
0.0233229
-3.22482
-7.6261
2.26515
-6.83878
-7.24863
0.021586
1.42462
-0.141729
0.0216526
-0.368134
-0.168502
-2.29854
0.310651
0.0109834
0.00872545
1.65988
-0.02136
0.560018
0.0334214
0.0286586
0.0474946
1.70787
0.0303443
-2.85082
0.0640808
-4.65082
-0.000272099
0.0433543
0.060568
2.78337
-6.3099
-0.253052
0.053335
0.0378705
0.037304
1.12069
1.64881
-0.0281608
0.0388415
-5.48184
0.0443331
1.02518
3.07298
0.884705
0.237541
0.0239399
0.0587311
0.029054
0.45516
0.0524525
0.0488745
0.0281575
0.646516
1.60729
1.60639
-7.95883
1.13159
0.0462669
0.0843125
-11.2717
0.108611
0.0501771
1.88222
-0.157253
-5.83357
0.012382
2.67858
-0.622257
-0.198211
0.0521583
-0.940925
-0.194545
-5.0212
2.81169
0.00610979
-0.441805
-6.30147
0.0587945
0.117297
0.273134
-0.356217
-0.199158
-1.44963
-7.29907
1.67023
-0.0195716
-0.0726671
0.0578574
1.12759
-0.0108812
-6.99333
0.0246542
0.0919882
3.19407
0.0218524
-6.64988
2.89728
0.00632573
0.110627
0.047726
0.00756759
1.79165
-7.22276
1.56215
1.69192
-0.0468617
0.0468339
1.70109
0.812273
-0.00199808
-1.28987
-4.52083
0.0123209
1.79635
0.0271319
-0.759283
-4.45958
0.506512
-0.403221
-0.02265
0.0367049
1.61583
0.0561946
0.0278934
-3.44458
0.0229162
0.0243867
0.0545478
-4.77238
-3.64198
0.0508645
0.030651
-0.210258
-0.644046
0.0737954
3.08681
0.0871638
-11.5377
0.441595
0.0214187
1.8557
-0.072955
1.67079
0.0710865
1.53304
-5.03561
0.0990829
2.50558
0.0628647
-0.0469597
1.90814
0.209405
-0.0306653
-0.0479074
1.71623
1.91757
0.0715203
1.9764
2.84214
1.21989
2.02286
-7.42359
-0.00171256
2.59928
-4.9452
0.58413
-0.0190963
1.57973
-2.21808
2.03124
1.94787
2.11125
-0.0487833
-0.0108058
-0.75696
0.0231807
0.114982
-3.36962
-1.35347
-0.00270036
0.0296361
-1.807
0.0645007
-0.262406
0.476755
2.18358
2.337
2.25366
0.128923
1.32181
-0.195668
0.45438
0.128512
0.0429107
3.01065
0.031586
-0.0749654
0.178917
-5.12374
2.43206
-0.0821018
-0.466886
-3.66835
0.132286
0.274263
-0.870026
-5.92605
1.43845
0.0339603
1.40822
1.78354
-3.3573
-0.475703
0.0883771
1.85965
-1.10625
0.00776269
-0.00755783
0.0128925
1.5357
-0.0549248
-0.107194
3.35195
2.42622
-0.0777299
0.0916599
-3.29694
2.75332
1.63015
0.112308
2.94432
0.0230129
1.72158
0.616094
2.75579
0.118023
-3.70536
0.976492
-5.10439
0.0120022
0.0600871
0.113511
-3.75788
2.88583
0.0622199
-0.161262
-0.832624
0.618004
1.12377
3.18431
-0.163141
-0.157814
0.0412743
1.2029
-0.209713
-0.0471278
0.209393
1.61275
0.0281412
-0.140866
-1.20911
0.163262
0.544737
1.66047
0.0242303
2.82261
-0.0807388
-0.169104
1.69463
0.0204766
0.00576952
0.0983851
-0.750938
0.849826
0.0196216
0.731093
-1.71238
-0.175297
1.53619
-1.63464
-0.0686263
-0.207647
-0.127246
-0.158354
1.55623
0.0877449
0.109963
0.00267852
-0.429458
-0.0691103
-0.29982
-5.85911
-0.00474491
0.92734
0.253173
-0.195183
0.326275
0.0528493
-10.6089
-0.114263
1.67017
-0.313458
-0.19186
0.157275
-0.259034
2.52938
-0.150342
0.878077
0.00815628
3.24593
3.08163
0.0487494
-0.551054
-4.83052
-0.000715919
1.38999
1.69063
1.67064
-0.200583
0.0110925
0.125003
2.6753
0.173062
0.0208182
0.484744
-0.244583
0.258418
-0.1991
1.38249
2.65186
0.0453277
0.0662329
-0.203387
1.31059
2.24479
-0.524039
0.630713
-1.19719
3.13714
0.00463014
-0.00204877
1.3153
-1.17266
0.0182883
0.018492
1.62166
0.0117804
0.014673
-0.637361
-4.49835
-0.140959
0.00171026
2.6095
0.778306
2.05566
-0.108234
-0.0951039
3.26032
-0.170121
0.0462912
0.620737
-0.329698
1.38489
1.42418
1.75595
0.00667339
-1.19701
-0.431892
1.64888
-0.397896
0.0158536
0.0551057
1.69199
0.370554
0.0231582
-0.0432654
0.379994
-0.186509
0.0206392
0.0944709
-0.184141
-0.350072
-0.172378
1.18469
2.56364
0.221505
1.85229
1.58699
-1.78647
0.0173703
-9.96541
1.8218
0.101155
-0.136476
-0.307373
-0.157077
-0.174534
0.024538
3.25173
0.00975074
1.76655
1.08571
-0.200504
0.0685174
-0.422582
0.0456194
0.580081
0.127033
-0.0149897
1.20561
-0.193462
-0.298801
1.98627
0.360322
0.398745
0.118985
-3.80898
0.134893
0.846246
-0.0476932
1.31219
0.12817
-0.966312
2.45925
2.1445
0.236707
1.57573
0.0149497
0.751902
1.60184
1.76771
0.0392571
0.065278
-4.2071
-0.145181
1.64043
-1.26012
2.34884
0.0231178
0.954164
-1.43648
-4.62031
1.63901
-0.325573
1.63332
0.3036
0.213213
0.0529022
0.362884
0.0423609
1.50296
0.653178
1.68787
0.506105
2.27074
2.4745
-0.0242371
2.13007
0.0731551
0.00299266
0.648314
2.42463
1.02428
-1.27365
1.78331
0.175886
0.0722444
2.37186
1.62174
2.3136
-0.177455
-0.137136
0.00917785
-8.57525
0.114564
0.0608015
1.4209
-5.4259
1.86482
0.00143668
-0.410842
1.54001
1.78613
0.293989
1.67569
0.0534269
-6.93455
-0.383856
-0.0588596
-4.76009
0.965191
0.98002
-4.97907
-0.364757
0.330339
-0.142601
1.31913
2.40312
2.54032
0.804021
0.565021
-0.0126793
0.375699
1.57957
0.00881023
2.09346
0.112368
-0.119562
-0.484428
-0.380416
1.17737
1.7058
2.09834
1.42695
-0.161586
0.0644123
1.619
1.6095
1.84965
0.230193
2.11391
0.863155
1.67995
1.17224
-0.0465461
0.0516578
1.84374
1.60201
-6.13591
1.72995
-0.240417
0.433785
1.30577
-0.36326
-0.898778
2.77983
2.00427
0.00818919
1.75082
0.526131
1.07949
0.0267355
0.11678
-0.0860277
-0.116169
-0.318933
-3.60785
0.61318
-0.511545
-0.193199
1.64718
2.34742
0.0915239
1.66742
0.192471
3.39207
-2.00617
1.99736
-0.0858653
-4.56515
-2.09932
3.46143
0.274842
-0.162133
3.45757
0.037346
-5.27051
1.69326
3.43702
-0.0232961
3.39288
0.932815
-0.0323525
-0.68485
3.2974
-0.136888
-0.182017
-5.16565
0.252221
-0.0980042
1.98867
3.14571
0.0127803
0.457505
2.08375
0.327881
1.78928
1.40519
0.0577832
-0.231412
-4.84974
3.09306
0.614011
-0.328039
0.276021
-0.0479134
3.04651
1.32691
-0.0818321
-0.440104
2.99664
-2.70834
-0.57301
2.94779
2.00334
-0.72541
-3.28482
-0.95804
0.766547
2.01471
-0.902556
2.87217
1.65564
0.0894441
-1.11229
2.33875
0.264666
0.369338
-0.594448
-6.23586
1.52252
1.68233
0.00603638
1.73273
0.148704
-1.34977
-7.15384
2.73662
1.25265
1.43714
-0.0871774
-1.88539
-2.20053
-2.54523
-2.9203
-3.31804
-3.71764
-0.339004
-4.13236
-5.36657
2.03161
2.69442
1.19847
1.02912
0.306351
1.21447
-5.75384
2.6625
0.00134215
-6.09496
2.18523
-6.72475
-6.38457
0.106981
2.57314
1.49894
0.997819
0.504155
1.65503
-3.18504
-6.62847
2.54092
-6.7339
-0.231858
0.646525
-6.67273
1.57605
2.50066
-0.151947
2.16961
0.090628
1.32194
-6.98271
-0.404077
-0.197555
2.46125
-0.542229
-4.64551
2.42202
0.316227
-1.40165
-0.463052
-6.73992
2.38809
1.75009
0.58071
1.6653
0.439187
-0.0157017
0.01239
-6.68155
-4.96287
2.34377
0.715392
0.0668528
1.73209
0.836259
-4.67
-0.430838
-6.56631
2.30881
-1.60492
1.71353
0.0405023
0.0351732
-6.45002
2.26818
0.737153
-7.95233
2.22148
-6.28764
-0.0827298
-0.388958
-4.62375
0.181162
2.19019
-6.06422
2.13254
-5.91506
-0.0650054
1.07593
0.0154085
0.962214
0.012162
2.08912
-5.71684
1.12635
2.60722
1.74218
-5.5948
-1.93681
2.05339
0.0209833
-1.55198
1.41528
-5.46148
1.64997
2.01912
0.0102591
0.27559
-2.30306
1.65933
1.15839
-0.0746517
0.446995
-5.36474
-4.61646
1.96738
0.55425
-8.06136
0.595702
-10.4771
-6.42193
0.46136
0.793769
1.92811
2.32913
1.74967
2.52029
1.7548
-5.2394
1.22047
0.0566501
-1.10117
0.806009
0.00503602
0.153955
0.966222
1.35708
-0.123933
-5.21483
-1.46219
1.84264
-1.43662
-0.551583
2.09905
1.37116
-0.102572
2.94549
-6.48084
0.466172
0.350239
-5.19535
0.415795
-2.79481
1.78988
2.03157
1.82632
1.10679
-5.17222
1.73823
1.6757
1.6401
1.5772
1.53169
1.4615
-4.38261
1.69477
1.40769
1.90291
1.2904
-10.5668
2.28775
-5.13486
-0.871679
-10.7844
1.27263
-4.93125
2.31933
-5.07166
0.484117
-4.98045
-6.15127
-4.85024
1.63739
-1.13944
0.16561
-4.70591
-6.60979
-0.723376
1.71032
-9.8021
-4.44369
1.78502
1.74671
-0.781521
-5.50825
1.89247
0.357412
-9.5465
0.0938425
0.666873
1.49659
-3.13131
0.0494645
-0.878689
1.85383
-0.167058
-2.39962
-2.22008
0.926404
1.72183
0.169977
-5.36538
0.745123
1.94325
1.40518
-5.34242
1.68187
0.774676
1.43559
-0.309287
1.72523
-0.466937
0.012178
-0.00382825
0.755009
-3.71246
2.55863
0.328118
0.270665
0.28872
-4.43495
2.22644
1.79702
1.50401
1.66655
0.315521
-0.0337933
0.543441
-2.07371
0.953369
-0.921875
0.0762542
1.21268
-4.14827
0.538736
3.12167
0.00771108
0.897024
0.935498
-5.12502
0.114461
1.34175
-0.0917863
0.765299
1.46837
1.66856
1.75551
1.76681
0.0513069
1.97309
-4.64747
0.123698
0.733263
0.070679
-0.557575
0.32268
2.00854
-4.31032
1.66138
-1.53633
-8.8256
0.401036
-3.75701
0.648966
0.0212204
0.342517
1.84522
0.309977
-0.428476
0.12086
0.398648
-0.152036
-0.411257
0.00919304
1.79989
0.149035
-1.20374
1.25686
0.221878
1.27473
-0.0903808
0.0928538
-0.0631372
0.0756106
0.37836
-3.20968
0.310523
0.0305609
0.0569409
1.00778
2.58844
1.21311
-3.58883
1.65594
-0.0220023
1.27736
-0.010617
0.0605961
1.47415
-7.87837
0.0307517
-1.42071
-4.35522
-6.7451
1.70062
-0.176991
2.12177
0.516444
0.00426191
2.67522
2.54713
-0.222413
0.58207
-0.548215
-0.808398
1.9002
-1.84227
0.131665
-4.11914
-0.103488
-3.13679
0.755102
1.11313
0.180898
0.0165591
0.230704
1.62499
-5.96136
-3.5839
1.08462
0.914193
2.52293
0.163522
0.667375
2.59099
2.63055
0.00315013
2.26499
1.31208
1.73376
0.434986
2.36083
1.79301
0.464164
0.0475952
-0.194844
1.28337
1.25994
0.00282892
0.0195493
-0.335876
3.20894
1.32856
1.00519
1.71502
1.00045
0.0189372
1.03341
0.361818
2.24491
-0.327022
0.181113
0.222983
2.88434
0.58512
1.87089
3.22058
1.69153
1.76959
-0.0143849
0.892813
0.00723403
2.00335
3.04415
-5.1759
0.690711
2.9369
-0.119798
0.164949
3.19454
0.887283
-10.0656
0.589846
0.0492233
-4.76072
0.37513
0.039567
0.337204
-0.150992
0.417762
-7.18427
0.140305
2.73514
1.81015
0.928921
1.48143
1.43845
-0.606416
1.64991
-0.0326284
3.38086
-0.489956
-3.43082
0.236205
2.48386
1.62772
1.49075
0.278022
-0.659387
-1.77825
-0.539545
-0.22754
-0.12724
1.41953
-0.0870041
-0.131054
-0.103526
1.79951
0.350262
1.50862
0.00429485
0.764094
0.908601
2.93211
1.47712
0.0559589
1.33014
-5.11894
1.95721
0.103257
1.54672
2.64588
0.14847
0.171123
-1.40832
-0.0153899
1.62713
0.0401623
0.678042
0.0150731
1.4462
-7.36466
-0.358965
2.42302
0.92052
-1.42065
-1.99922
1.84591
2.05516
0.164665
3.27293
1.63765
0.617458
1.31432
0.0334893
1.94137
-1.28192
0.030329
-1.40525
-6.40036
1.67151
0.181995
0.614792
-0.195927
2.81687
1.34393
-0.433818
0.0610924
-0.568173
-3.39787
1.13807
1.3721
1.37416
-5.85228
0.75588
-0.295713
0.92914
-0.377731
1.03485
-0.254365
0.374089
0.273941
0.953702
0.524736
1.78619
-3.08759
0.0848944
0.265
1.66419
2.14753
0.286339
-2.48224
0.106233
0.323814
0.783424
3.13988
1.827
-0.0218148
1.4305
-7.79191
1.66122
-1.46639
1.11595
2.56143
-1.35301
0.345523
-1.10898
1.64875
0.80113
-0.51271
-1.47155
-7.90347
-3.98039
-1.49101
-1.49737
1.83625
1.27483
0.0252807
1.84004
-5.09469
1.76666
0.512033
1.63827
0.140949
0.0953374
1.74457
-4.78513
1.76903
-10.2858
-1.34127
2.69004
-0.57309
0.35062
-0.192203
0.660877
1.19034
2.42076
-1.32184
3.31796
2.96966
-5.17106
2.47772
0.359841
1.72222
3.1056
-2.40807
0.00799275
0.913077
1.72874
0.429372
-10.6903
0.0174759
0.296243
-1.70004
-0.0813923
-0.146357
1.72702
-0.0168134
0.0784131
1.69202
2.22808
-3.97735
2.30722
-1.01043
-3.78441
0.203478
1.05717
1.60579
0.852445
2.17322
1.30108
3.43951
1.65122
-4.41066
3.46887
2.45261
2.5186
1.84794
3.45939
2.57655
0.277326
1.4775
3.41714
0.798881
0.0638506
-0.85554
1.55323
-4.64137
0.981181
1.31715
-0.719317
2.4639
1.70312
-3.53236
-0.651486
0.684999
2.40955
2.37241
-0.217377
-1.1743
-7.48864
-5.07516
2.16571
-0.0864587
0.00424772
-7.01428
3.21967
2.58993
0.0923717
0.957719
-8.35188
-6.52847
2.2382
-0.285012
3.11932
1.70821
-11.2358
0.112442
-6.18879
1.18516
-1.23914
-7.24921
-2.8585
3.05102
-0.276548
-8.62571
0.297263
0.00834321
3.07083
-0.344847
-0.025616
-6.99144
0.486936
-6.32946
2.65162
0.710998
0.829822
-8.8905
0.00757391
0.620515
-0.378015
3.02143
-1.40019
0.31536
1.66473
1.30437
-5.13865
-7.59635
1.61068
-0.50181
-0.89597
2.55454
2.97312
2.38538
0.367251
2.90941
2.49821
1.86106
0.911418
-0.647489
2.06763
1.18496
1.98302
1.95475
2.49532
2.05813
-1.88924
-4.35237
1.66162
-0.802636
1.39175
-7.57629
-1.64011
-5.52472
2.32837
-0.490546
0.658143
-1.27604
2.18097
0.0870481
-1.00105
-0.629848
1.39459
-3.77193
-6.62269
-0.0494869
1.75207
0.641906
-11.0008
-0.531742
-4.97391
-0.104549
0.200634
-0.00204005
-0.470129
0.703851
-4.66925
1.72407
1.7102
-10.7067
-0.541586
-0.754551
-5.66586
0.751286
1.72451
-5.99302
1.38815
1.45703
0.541733
1.89354
1.27388
2.71763
1.97797
2.62552
-5.65496
-2.03176
1.12999
-2.36508
-2.72689
-3.1095
0.855503
-3.51998
-3.94246
0.0723796
0.370205
-5.56752
-0.0364666
0.813619
-1.04022
2.67923
1.48252
3.35989
-5.93276
-4.44871
-4.5484
2.76271
-0.174305
1.14155
-0.0109102
0.728206
-6.25281
-1.34549
0.00701111
1.16538
-7.55828
-6.52469
1.19932
-1.5759
1.65899
-0.0292943
0.772668
-2.93554
2.55995
0.179457
2.71887
0.336392
-6.71528
1.76977
-1.36666
0.816163
-0.519548
-2.04131
-5.47482
-0.243841
2.5209
1.83428
-5.16428
2.50926
2.52479
-3.69933
0.0209518
-6.8536
0.479883
1.59397
-0.339353
-0.847223
2.48139
0.432275
0.0272591
0.341326
-7.06238
-5.18093
2.80325
-1.01834
1.1833
0.287735
1.4126
-0.306121
2.20205
2.44139
-4.05759
-0.0703609
1.70735
-2.84059
1.16143
1.97797
0.0267807
2.40588
-3.83361
-11.0457
0.195085
2.22638
0.00340146
2.30675
-1.39122
1.81945
1.86336
1.54766
0.0554283
-6.7343
2.36443
2.42664
1.74465
-1.48739
-0.159683
0.333645
-2.27149
-1.12201
2.82896
-5.80695
0.674461
-6.63561
2.32939
-4.6367
-0.2375
0.0930017
0.358044
1.75515
-0.274086
-1.32831
3.12747
1.79448
-6.52703
2.28946
1.18225
1.2184
0.054292
0.226515
-2.21275
1.56662
0.0798903
1.99312
2.24544
-6.37836
-0.166066
1.36872
0.976281
-3.90616
1.22339
0.43776
0.0619004
1.23316
-0.0884788
1.26037
2.20816
-6.16555
1.32366
2.2537
1.42579
0.400729
2.16017
-6.03905
1.65542
-0.084308
-3.65571
0.318369
2.50236
-0.378805
1.7101
-8.27334
2.11033
-5.79061
-0.265722
1.25445
2.5935
-1.97549
1.24109
0.711931
-4.6276
1.7742
-5.68207
2.07199
2.3486
1.54051
0.466238
2.64351
-0.0769964
1.67479
-0.208596
-5.52717
0.0236482
2.03777
-3.30305
0.804141
1.08184
-5.41267
1.65157
1.99101
-0.0608897
1.65383
1.17234
-9.85074
2.74181
-6.26409
-3.84951
-10.4041
1.94698
-11.0472
-0.266608
1.79739
1.10776
0.134569
1.10474
-7.25846
0.660033
0.00065239
0.27327
0.869288
2.93925
-8.25638
1.73257
3.17157
1.23806
1.22801
-5.22642
1.66969
0.0144353
0.805601
-1.26679
0.955332
2.19947
-3.05145
-5.20617
1.81685
1.66438
1.21539
1.15468
-0.742781
1.0761
0.62311
1.25582
1.63679
1.74041
-4.33342
0.962308
-5.18728
-0.515439
1.66076
-1.52771
1.76429
1.65563
0.707961
0.614314
2.62005
0.281587
0.145441
1.70193
1.70723
1.39255
1.66097
-4.66813
1.60853
1.55592
0.442049
2.29377
-5.1584
0.92904
1.49521
2.3621
1.43357
1.00054
0.0314308
2.42493
2.36598
0.0859444
1.04769
0.622805
-5.10832
0.721511
1.40548
0.907203
-5.03076
3.20624
2.50905
-1.79872
0.874571
0.246459
-0.000324945
-4.92084
1.01025
0.976725
2.08391
0.136496
-4.77709
2.3971
-0.358909
-1.61818
0.0657743
1.63918
0.88998
1.87314
-2.0457
0.279329
2.89821
3.03616
1.19274
-0.918651
-1.16539
3.34263
0.832604
2.46103
1.49746
-0.175518
0.16857
-1.39982
-0.0675471
2.19959
0.198633
-8.89285
0.640869
0.680056
-1.14236
-9.56072
2.56083
-3.78103
-6.87884
0.309296
0.558657
0.902057
-0.151443
0.313945
0.868194
0.679136
0.630935
0.0589571
2.93183
1.70561
1.92929
2.07332
1.2432
-2.22266
2.88871
-0.633414
0.223523
0.0676052
1.51961
-6.16687
0.433549
2.25375
0.313968
0.112724
0.195686
1.73951
0.799896
-6.6632
-7.01614
1.59991
1.73728
2.64028
1.67428
1.96496
2.27087
2.22993
-0.776254
2.08574
0.252094
0.871977
-5.16295
-2.01876
-1.26832
1.03857
0.380892
2.03193
0.785424
0.541156
-4.70745
-1.10002
1.15148
-0.0385631
0.227267
-11.1882
1.64841
2.54035
-2.61108
0.101323
-2.06798
-2.80276
0.120686
-1.8513
0.661425
1.59162
0.713947
0.00491461
-5.60783
-2.71802
1.74829
-0.54449
-6.57287
-0.327641
-1.67653
0.952403
-6.50134
1.04705
1.25112
3.01781
-0.419889
0.594238
2.43845
0.254563
0.475886
-3.7068
1.01815
-4.60025
-4.4037
-2.39113
0.0650196
0.10911
0.735804
0.481585
-2.57151
0.699584
-9.37517
-0.201334
0.403565
0.468624
-8.54878
2.37281
-0.0554342
1.67239
3.20358
2.42221
3.11411
-1.89664
2.37157
0.286568
0.117676
-1.36661
0.167009
0.326536
0.598298
0.0999687
0.100011
0.807236
-3.01156
1.01707
-3.49524
-4.37213
-0.478235
-1.10753
1.91724
1.26825
-4.62621
1.2625
-5.2947
0.14136
-4.47601
0.0989664
0.235965
-5.11539
-0.384657
-1.15581
1.81645
-0.00532101
-4.30307
-5.89603
1.81611
-1.17208
0.759953
0.492708
-10.1009
0.0959305
-0.00663479
0.000275785
0.268559
-7.9421
-4.77229
-0.0656614
-7.06837
0.357314
0.340141
1.86847
-0.938413
-0.33227
1.36637
-2.85649
-0.441847
0.762818
3.32686
-0.268255
0.409099
-0.632698
0.458895
-3.53205
1.92239
-0.335274
-3.2439
1.70932
0.350275
-7.33526
2.25227
-5.21688
-3.54439
2.46506
1.18748
-0.127579
-0.748034
0.0364153
-8.61536
-0.189875
1.64873
2.07619
-5.52898
0.219874
0.21135
-0.0176916
0.821464
1.63511
0.118016
2.42001
2.57579
-11.4679
0.89722
-0.155852
0.0647487
-5.38125
0.150079
1.48774
0.34386
3.13984
-5.14856
-5.1602
2.6223
-3.684
-4.80735
-8.58879
-2.20089
1.68072
1.60977
-6.14622
-2.51049
1.3505
2.70852
-0.0252212
2.75972
-1.0972
-4.84491
0.380411
-4.9699
-2.40176
-1.12344
0.754287
-1.14981
-1.10344
2.2777
0.71785
0.351252
0.85967
3.372
-4.45554
-6.25633
-5.32231
-0.906874
3.32229
-5.2645
0.649543
0.0407144
0.40993
-5.08207
-5.14236
-0.0151446
0.115765
-0.0868813
-0.0858632
0.00528143
-5.21298
2.86531
-2.73904
-3.52943
2.90982
1.0872
2.42859
-3.63234
1.62683
0.0876365
0.361425
1.39247
1.1065
2.56788
1.0744
-0.0549223
0.765312
0.193161
-2.23804
-9.96959
-0.468548
-0.641979
-4.40133
1.18777
0.905015
0.0574043
0.685249
0.298441
2.75948
1.69572
1.58283
0.400473
-3.70993
1.55092
-3.25874
-2.47457
1.67464
-0.220558
-3.18736
0.0115218
2.62197
-3.0143
2.52549
-0.0112783
2.37543
0.0920221
2.59333
1.31904
1.35889
-5.15952
-0.71126
1.82602
1.31482
-0.809355
-0.178908
-4.51372
0.236459
-1.90297
2.77356
-0.562047
0.715874
-4.29451
0.644804
2.37581
-2.81491
-8.51825
0.752693
2.77799
-1.38241
-1.2621
0.12702
0.382525
-8.45442
-0.143277
1.30368
-7.38928
0.690768
1.80907
2.15649
1.01938
2.31688
2.00844
0.527012
0.118961
-0.797325
2.71391
3.22141
-10.2104
0.569066
-1.18371
-0.0811342
-8.62747
0.432142
2.91095
-4.72229
1.89024
-0.478076
1.05286
2.47508
1.86283
-1.09883
0.378105
1.30406
2.61277
0.254833
0.411076
0.481573
1.8353
1.0206
-4.52645
-2.46801
-1.24077
-4.47729
1.92361
-5.48592
-3.52034
-3.57714
-4.78363
1.54709
-3.7561
0.171213
-0.0960897
1.34064
2.83198
-0.200123
-1.15055
-0.0226031
-1.95178
2.00895
3.34218
0.134741
-3.11601
-7.05098
0.598622
0.489463
-0.167112
-0.644448
3.26611
0.708121
2.70255
-7.38783
0.740389
0.955875
-9.14622
0.0185878
-0.940632
-3.63144
0.956911
-0.104113
0.50545
-4.63599
0.993158
0.649908
-4.64437
-5.13714
0.722567
0.806188
2.62305
-0.971149
-0.250083
0.594009
0.3724
0.112593
-7.83894
2.59367
-6.9562
1.69746
2.29192
1.91885
-5.30307
0.451204
1.8914
-0.566081
0.0357298
-0.226407
1.30247
2.4891
2.59906
2.21414
1.77228
-3.65608
-8.98573
0.861661
0.187569
-7.64609
2.7396
1.95582
1.04653
1.22939
1.22113
-4.84863
-8.30141
2.28687
0.797031
1.14453
-0.0333748
2.44871
1.6265
0.105802
2.66537
0.16209
-1.96618
-6.56754
0.0757952
-8.72618
-0.147937
-2.08646
-1.20847
1.68044
-2.79896
0.948743
-2.81174
0.545859
-6.04988
0.088607
0.179358
2.69564
-4.11718
-0.257058
-6.54121
0.59152
2.20161
1.24376
-8.29202
0.0696187
-4.17629
1.41722
-2.57646
0.0669215
-3.08099
0.233631
0.0850003
1.86564
3.43896
3.34114
0.271744
0.138671
-4.60192
2.66042
1.82775
1.33969
2.02399
0.514184
2.52898
-0.16398
-1.83042
0.10813
0.166811
2.34613
-1.67697
-3.05456
1.43874
1.46173
0.0398696
1.57437
2.42137
1.55092
2.40205
0.881552
1.78601
1.72689
1.14092
0.0235153
2.77239
-0.839156
0.492252
-3.61682
-4.871
0.0455038
0.679171
0.195684
2.09965
2.44963
0.736375
-9.12804
2.34895
0.879673
-3.77028
1.28727
0.736803
-7.35059
0.445767
2.17378
-0.078229
-0.38865
1.02291
-6.30221
-0.905349
-0.909973
0.0931171
0.925872
1.76113
2.88775
3.22091
0.539777
0.590127
1.51672
-1.18213
-3.13072
2.49781
-3.37681
-5.00789
0.983135
-4.32481
-3.981
0.141999
1.22186
-5.91278
1.21736
2.47942
0.607368
0.119571
0.392719
2.71964
0.178914
-2.99987
-1.76284
1.25091
-9.55763
1.85575
-2.97918
2.4961
1.69807
1.20313
0.0881798
-0.906554
2.65169
1.30978
-0.161339
-2.91488
-5.27551
0.0508239
1.64545
1.4982
0.729165
0.0214139
-0.908444
1.48583
-2.89114
0.257974
-0.147182
1.4574
3.06686
-0.224982
-0.0106133
0.372977
0.0157444
-0.605132
1.34206
0.777145
-10.381
0.114479
0.259719
2.35755
-6.28393
-0.6247
1.76927
2.07941
2.54187
0.0529631
-2.21879
1.45755
1.04692
0.347324
-5.18012
-0.943713
-5.18851
1.54812
-2.75745
1.30971
-3.04103
-0.356118
-0.0717525
-0.0450545
-9.06156
0.0720643
0.0421845
2.41018
2.40081
1.14659
-3.54982
2.71825
1.43706
-0.825848
-0.103875
-1.77528
-0.203988
0.102384
-0.668347
-4.21788
1.35483
-5.39525
0.946636
0.0341316
-2.04203
2.55628
1.40878
2.48014
2.31621
-0.963508
-4.51539
0.445476
3.09412
-0.234752
1.13029
1.65769
0.00634423
2.02169
0.733728
-0.0101191
1.20362
-0.234234
2.02322
2.37142
1.59434
1.67513
0.20011
1.5416
0.155273
-6.47304
1.98732
2.57414
0.613346
-0.957668
-5.41158
2.83984
-0.695959
-4.8909
-10.0167
-0.213836
0.0140931
3.08304
0.764999
-0.0846301
2.24513
-1.01758
-0.077318
0.136915
1.88966
1.09473
0.852664
-1.00128
1.46861
0.0129174
3.07111
3.04035
-1.51953
1.96814
-1.25236
0.654355
0.0370899
1.67744
-2.58192
2.46168
-5.19675
2.14443
0.746376
1.27934
2.30326
-2.15729
0.0556222
0.409097
-0.822276
0.541948
-6.88203
-1.56263
-2.81057
-0.927359
2.56104
-3.44102
2.80851
-0.147971
-9.72184
0.436751
-2.21239
-2.5269
-4.58956
-0.0260037
-2.25422
-2.6192
2.40545
-5.17131
2.514
0.288029
-5.19715
-0.0602954
-2.71461
0.65592
-0.127503
2.72429
0.956168
0.490605
0.138557
-5.20058
1.47285
0.139317
1.06395
0.105162
-4.56687
-0.105517
-5.26246
0.501831
-0.637858
0.824287
2.37954
1.76722
-0.411661
-0.265824
1.61346
1.66136
2.79963
2.99508
1.3664
-0.170778
1.65122
1.06583
0.477741
0.270582
2.7409
-5.20327
0.695491
-3.12714
0.851025
-0.0582521
-0.120635
-0.0452736
0.549143
1.08162
3.24015
0.00745307
1.65997
1.71051
-4.83029
0.522859
-4.01595
1.45726
-5.15759
-2.26306
-0.0995263
0.242436
1.66573
1.00118
2.61833
0.0732845
2.51963
-0.157268
3.11538
1.79385
1.62619
-5.81676
-6.35343
-0.21998
0.305012
-2.10319
2.23143
2.29951
1.35294
0.260867
3.11467
0.698442
1.65919
-0.0962344
-4.58517
0.43952
0.70127
1.93282
-2.01703
0.113616
-0.514982
-0.0373442
2.63794
0.928499
-4.55752
0.498898
-0.218368
0.341393
0.53885
-0.569177
0.997553
-5.49627
0.00954627
-0.591797
-0.18348
-5.86345
-0.458723
-8.36633
-10.475
-0.248854
1.83725
-0.186321
0.823176
0.0741861
2.25852
-6.61257
0.531331
0.334618
-0.654826
-5.05057
2.34195
1.64438
0.149147
0.165035
2.39783
-2.48706
-6.75055
-1.75234
0.00549637
-0.675135
1.37881
1.09777
-0.197976
0.363892
2.47537
0.195441
0.108135
1.42856
1.06238
-2.98558
2.28155
-4.4991
2.59922
1.03365
2.18748
-0.890459
-3.12004
-3.44582
0.666295
2.53562
-2.36179
1.62521
0.987082
-6.15856
0.421103
-1.3259
2.99228
1.50889
0.0236127
0.990414
0.00783384
0.0585537
2.37164
-4.67114
1.27436
2.04678
3.12993
1.95841
-9.10875
-6.38435
-2.94264
0.0659696
2.35624
-0.741411
0.139707
-2.57615
-4.72095
2.36744
0.323947
-6.94017
0.0228038
2.30851
3.09122
-0.186946
0.113799
2.27139
2.16466
1.2265
2.4996
-1.16297
-5.95372
1.5726
-7.604
0.987839
-0.088598
-8.10489
2.44651
1.19423
-0.793536
-5.17888
2.31211
-6.4726
-2.52247
-0.192146
0.644236
1.6543
2.53909
-2.56264
-0.0111301
-6.12621
3.2202
3.1417
1.65752
2.11023
0.00575405
-6.81535
2.86891
0.48579
-1.08296
-0.102206
0.0193471
-6.72839
-0.677544
-6.9373
1.31658
-0.829425
0.0495081
2.05004
1.91709
-5.33566
-0.193287
-1.06394
0.709073
1.32643
2.43316
-2.65926
0.12013
-0.323831
1.14428
-4.58803
-0.359104
2.21586
2.03277
-0.000259357
2.30555
2.09188
1.57184
1.16408
1.16219
-10.2508
1.9446
1.28975
-2.83199
-0.193695
-0.777175
2.28142
-5.50857
1.34802
0.914632
1.68378
-0.892811
1.79336
3.32607
-5.03114
0.880668
0.763599
-6.07051
2.98337
-0.166974
1.21264
-5.09105
0.063617
0.126059
0.493955
0.664318
1.07499
1.17852
-2.98715
-0.233559
-5.77507
2.31436
0.714557
-4.46049
2.0061
1.8184
2.90706
3.20338
0.117117
1.73251
-3.81582
1.48027
-0.0465698
1.08357
2.80014
2.41844
-0.866863
0.00820934
1.56277
-1.20738
-5.31525
-0.55779
0.69634
-7.86747
3.05608
-2.85541
-0.586552
2.26762
0.8285
1.0158
0.0229926
-2.44509
0.140873
2.28079
-0.267097
0.138823
0.800383
-4.44144
-0.126928
-3.32862
2.06968
1.38854
1.98837
-1.50727
1.50533
-0.287762
2.0126
-5.42249
1.67145
1.58619
2.40103
-5.12893
-4.56972
0.371451
-0.0127307
-5.73883
-0.663316
0.932551
-2.30593
2.86199
-6.71034
-0.0512497
1.45942
-5.72432
-1.67379
-3.51453
0.255321
0.978064
1.52071
0.0059389
0.691312
1.33002
1.62598
1.10577
0.078867
-0.0711402
3.08833
0.0560584
0.757752
0.690401
-0.963442
0.547074
-0.603762
1.96413
1.95273
-0.911808
-8.01875
-3.38348
0.195615
-7.19294
1.49081
-6.30719
-8.72411
0.602247
0.247608
-0.501746
-0.975428
2.48309
3.17081
-0.75548
2.24386
3.08197
1.02069
0.0387829
-2.73643
0.176326
-3.49937
-1.93496
-3.21008
-2.40698
0.901103
0.0523876
1.22011
0.980602
2.11011
0.843166
2.13827
-0.097189
0.647639
1.0735
2.9715
1.00172
-4.61829
1.4147
-0.599349
0.0133269
2.44501
1.7015
-1.17589
1.83968
-0.198469
-0.269387
2.06224
-0.377851
-3.38899
-5.74177
1.68414
2.23732
3.0094
0.57649
1.63004
-4.24254
1.51519
0.135383
-0.928608
1.46239
-1.0758
1.04082
2.20808
1.96312
0.765264
2.28806
-7.93724
1.66188
0.5673
1.54223
-0.217112
1.59994
1.56698
-0.0212068
2.22739
-1.87093
-0.998256
0.72552
2.95355
-0.313096
1.05438
0.8908
1.03877
2.84855
0.891284
2.98496
-5.70738
-0.822807
2.09825
0.8569
-0.183769
0.807597
0.718758
-0.842394
1.50229
0.852327
2.95889
1.53147
0.902463
)
;

boundaryField
{
    SideWalls
    {
        type            empty;
    }
    Top
    {
        type            zeroGradient;
    }
    Inlet
    {
        type            zeroGradient;
    }
    Bottom
    {
        type            zeroGradient;
    }
    Outlet
    {
        type            fixedValue;
        value           uniform 0;
    }
    Plate
    {
        type            zeroGradient;
    }
}


// ************************************************************************* //
