/*--------------------------------*- C++ -*----------------------------------*\
| =========                 |                                                 |
| \\      /  F ield         | OpenFOAM: The Open Source CFD Toolbox           |
|  \\    /   O peration     | Version:  2306                                  |
|   \\  /    A nd           | Website:  www.openfoam.com                      |
|    \\/     M anipulation  |                                                 |
\*---------------------------------------------------------------------------*/
FoamFile
{
    version     2.0;
    format      ascii;
    arch        "LSB;label=32;scalar=64";
    class       volScalarField;
    location    "2.5";
    object      p;
}
// * * * * * * * * * * * * * * * * * * * * * * * * * * * * * * * * * * * * * //

dimensions      [0 2 -2 0 0 0 0];

internalField   nonuniform List<scalar> 
5098
(
-0.728365
0.451082
0.276746
1.81746
-0.289619
2.03316
0.119904
-0.425317
0.247074
-0.216533
-0.436572
0.736654
0.307257
2.29282
-0.178198
0.0265705
-0.443758
-0.52756
-5.86418
-0.452573
1.31224
0.0366631
0.82318
2.804
-0.526259
1.96762
1.27122
1.306
-5.64341
0.538728
0.56418
2.46048
1.45112
-0.282991
-0.312928
-2.28453
1.475
1.44741
2.20615
0.993074
1.78158
-0.928689
1.94025
0.185785
-0.23449
0.58937
-0.471322
2.49631
0.567999
1.85419
0.156903
1.68522
-1.02949
1.34739
2.03445
1.95657
1.45626
1.70277
2.46651
0.0211267
0.1101
-0.508312
-0.342205
0.32986
-1.12243
2.31959
0.0397818
0.156041
1.1456
1.61821
1.39569
-0.141441
1.13903
-0.142022
0.0746888
1.85356
0.0332252
1.9912
0.0994184
1.8856
0.0126838
-1.60195
1.80479
-0.308678
-0.529252
0.476501
3.07029
0.0641519
-0.634741
0.0838808
0.783926
-6.86104
0.743014
1.81916
2.21646
-0.870782
1.59469
2.04453
0.0840318
1.16638
-0.432706
1.97503
-0.064598
0.139198
2.0056
-0.493806
1.30902
0.137351
2.53565
-0.454527
1.7189
-5.69459
1.40114
-5.60066
1.22727
-6.1631
-1.334
-1.52294
0.0964167
2.78063
1.65612
0.36282
-0.155282
-1.26279
-8.24444
-0.459287
1.28295
0.865571
2.25453
-6.12412
-0.655472
2.39995
2.3702
-1.27443
-0.311079
-0.701949
-1.2558
1.28952
2.22868
1.3406
1.70786
-0.395904
1.22286
0.285806
0.620488
0.115999
1.18455
-0.225358
-0.68225
1.00555
-0.854097
-5.16195
-0.249532
1.49808
3.08772
2.72949
1.70721
-0.392606
1.78599
-5.51573
1.33399
-0.194988
-5.12221
1.64539
-0.537608
0.407653
-0.321677
0.487866
-0.524609
1.7001
-0.625275
1.85808
0.297386
1.31679
0.57269
0.696247
1.75114
-2.05178
1.73511
3.06589
-2.54741
-1.24107
1.6078
-0.537801
1.6239
-0.942178
1.97021
1.44489
1.82911
-4.55743
-5.5011
0.21655
1.0908
0.0571689
0.457347
-6.13456
-1.75069
-0.749299
-0.00289999
1.66818
-0.610888
1.6826
-0.206374
0.460519
1.27703
2.72792
-0.464431
2.25744
0.895711
1.077
1.49468
1.64492
0.22478
0.531766
-0.370134
-5.45606
0.039684
-0.473361
-7.89986
0.699981
0.738844
1.95711
0.117661
0.728082
-3.5296
1.42044
2.98936
1.37117
1.23225
0.146085
1.38084
2.85656
-1.57362
0.0148556
0.319951
0.373501
1.03306
-1.48906
-1.04401
1.61902
-1.66057
0.228172
0.156303
2.57251
1.2663
0.784414
2.25009
-0.467828
-0.437379
0.69761
0.270812
1.25521
-6.73828
-0.866967
1.51214
-1.88314
-0.29584
-0.182764
2.45898
0.0916161
-0.893532
-1.51024
-0.515166
1.1541
0.00607751
-0.520557
-5.54542
-0.436667
-1.45598
1.63924
-3.81343
0.0532428
-5.54062
-1.76619
2.43031
-0.0190033
-0.851689
-0.825406
0.594499
1.47279
-0.616463
-0.323711
-3.16135
-0.427551
-0.333478
-0.289297
1.51633
0.128506
0.419781
0.791329
-1.30565
-10.4481
2.57025
-0.133775
1.2236
-0.107626
-0.211835
0.517809
1.22488
1.45008
0.128696
-0.494463
1.91736
1.20865
-0.519046
1.45033
-1.85868
0.681601
1.57485
-0.467803
0.833026
-6.99343
1.99303
0.0136685
0.275948
3.06577
-1.30816
0.121995
1.00277
2.6662
0.100957
-9.93622
-0.928394
-8.32649
0.0677047
2.23742
0.35265
1.31183
2.5092
0.0868713
1.5954
0.969037
2.23128
0.500963
1.57823
0.163504
0.541894
1.87726
1.10692
1.5785
1.18466
1.64791
0.167955
1.40109
-5.39559
0.131015
1.30664
-5.93855
-1.49473
0.708912
0.307345
2.63817
2.64254
-0.607191
0.00251064
-0.57711
-0.622371
0.572978
2.21995
-0.108369
1.36938
1.26516
0.94085
0.107618
0.186751
2.45659
1.40669
0.894169
0.571058
-2.03865
2.3725
0.124656
-2.73055
0.0662238
-0.210007
-0.507764
1.62893
0.108861
0.548134
0.0865687
1.36827
-0.457938
1.50027
-0.443442
0.25496
-2.29828
-0.311764
-1.29839
1.75174
-0.110963
1.22791
0.25279
1.42064
1.72419
0.961244
-2.63078
1.88449
-6.19654
0.43658
-0.303453
-5.29473
2.60942
1.9111
1.39061
-6.07799
0.37891
1.36985
-0.527124
0.183366
-0.661741
1.37409
-0.147306
-1.41221
-0.000913112
-1.70615
0.0860483
1.2047
2.60879
-2.14379
0.614537
1.32044
1.9721
0.0582465
0.694018
-0.583576
-7.16455
-0.179248
-0.174165
0.0210509
1.3295
0.0646673
-5.55898
0.0150021
1.45956
-2.02114
-8.52337
0.172466
0.863795
1.13342
-3.06624
1.72865
1.58204
0.994304
-0.440748
1.18612
-1.74703
-1.04655
-0.160526
-5.44896
1.29353
-0.452051
0.899828
1.4106
-0.418014
-0.426551
0.252872
-0.918118
0.5877
1.37188
-2.90115
1.91312
0.0839776
2.59392
-2.39647
1.75896
-0.496432
-4.33264
-1.05107
-0.516282
1.74319
-5.14652
0.527816
-0.23392
-1.04129
1.27475
-4.73518
-5.23145
1.98782
-3.01897
0.64482
0.819393
-0.867796
-6.89919
1.09178
0.0513269
1.53373
0.219622
-0.269721
-0.253731
1.39088
-2.7589
-0.21066
-0.475489
-2.63297
-7.78986
-0.0116876
2.10483
-3.62131
2.02874
1.47292
-0.519186
0.835504
-5.46514
-0.517136
-5.52001
-4.08926
1.05439
0.643971
-2.47014
-0.204495
-8.89911
1.37846
1.50113
0.397497
0.559183
1.30951
2.66548
-0.643979
-0.239171
2.15717
-0.530607
-0.263434
2.60386
0.0863236
-3.38121
-0.00199676
-1.30916
-4.55075
1.30685
0.586044
0.296565
2.96572
-0.555921
-0.0562937
-0.34766
-0.308006
0.206545
-1.64404
-5.12309
-0.418495
1.31914
-0.0977102
-0.711868
1.62848
-0.433733
-0.51296
-0.183265
-0.34072
3.00124
-3.04449
-2.13227
1.57461
0.169929
-4.63634
-0.567962
-0.402521
-0.658832
2.01366
-0.445808
-0.574334
-0.422478
-0.203186
1.58501
-8.98209
-0.178038
-7.94842
-7.61821
0.0959808
-0.522459
-6.68073
0.685566
0.423725
-7.6432
1.2632
1.6621
3.01489
-0.198815
1.58858
2.2772
-0.46248
0.134788
-0.79344
0.58765
-0.352616
0.288649
-0.0129128
0.0971541
0.931124
0.554868
-0.659874
-9.99006
2.59059
-1.10272
-0.541519
-0.277569
1.57704
0.863232
0.887653
-2.59608
-2.28493
0.0856492
1.90869
0.565062
0.179969
2.40142
-0.294534
2.27591
-0.533917
-0.612643
-0.231972
-0.355201
-0.837411
-9.33325
2.33258
-2.38237
-2.32316
2.36634
-0.502415
-0.163604
-0.262526
2.56899
-6.10961
2.10286
0.20053
0.0945341
0.224224
-6.69232
1.02728
-0.217154
0.0669756
-0.591556
1.24264
1.79969
-0.518813
0.155756
1.71832
2.50837
-0.707571
1.55478
2.9899
-2.08551
0.847307
-0.366074
1.48497
2.11868
1.83699
-4.89429
1.34438
0.392369
-0.5348
1.24053
-0.162935
1.67372
-0.351196
1.41339
0.833128
-0.309807
0.0817949
0.380451
1.39473
1.78567
0.0915038
-0.488485
2.48335
1.58763
1.91983
0.253828
-0.209021
0.0944688
0.0977203
2.41612
2.62151
-3.23429
1.54401
-0.528287
-6.04782
-0.0548283
1.43133
-5.21156
-5.50401
-0.529461
-0.499758
-0.0600218
0.603737
-4.28099
1.48225
1.85077
-5.60951
1.89342
0.051948
1.48928
-1.35761
-0.445164
0.121321
2.53819
-0.155628
-0.252332
-0.948523
-5.96588
1.27542
-0.348343
0.717852
2.34261
-0.532917
-0.54337
-3.43958
-0.714693
-5.17885
1.82833
-0.769021
2.57586
2.47849
2.31499
-0.540617
-7.97572
-5.21433
-5.27325
0.0843156
-10.7779
-4.68776
-3.76002
-0.542039
1.93516
-6.3059
1.67039
-0.529635
2.28435
1.29281
-6.77922
0.20654
-5.79732
2.88269
0.11152
1.26977
-0.935155
-0.557934
-0.424749
-0.54766
-4.24851
1.84596
-0.197623
-0.267982
-6.27619
-5.00238
0.829712
-0.516395
-0.0564215
0.0679434
0.293377
0.291416
-0.620733
1.80862
2.31509
-5.49891
0.961698
-0.537703
1.71901
-5.33518
-1.19918
0.929446
-0.534104
0.134251
-5.65579
-0.185358
-0.704087
-0.325195
1.60014
1.1041
-4.53373
-0.110952
0.882661
1.27445
-0.0131026
0.449132
-0.623545
2.93282
0.968478
1.69799
-0.111465
0.682774
-0.89965
-0.937561
-0.20581
-0.592393
-0.353612
2.39797
2.06943
-0.486871
0.77666
-0.513705
2.13439
0.587621
-4.54428
-1.57252
-4.64968
-5.47675
0.0814565
0.224694
1.52531
-1.36493
-0.137667
-9.18935
1.16413
-0.470782
-9.40679
1.90826
0.747846
2.44505
-0.251765
1.58811
1.88833
1.75114
-0.233841
1.58678
-0.1075
0.301001
0.298464
-1.42882
0.834548
-8.92404
-0.773143
-0.421092
-0.742879
0.652208
1.37073
0.467176
-7.22011
0.333865
3.03996
-0.505122
1.67833
0.00947756
2.34044
-8.08573
1.40172
-0.360288
-0.582156
2.50709
-0.300502
-4.71756
0.572143
2.59483
1.62527
-0.354848
-0.544384
-1.84886
-9.17724
-2.94966
-10.4265
1.71208
-7.74604
-5.52703
-4.20362
1.07436
0.0187773
-6.82538
-0.647584
-5.14675
1.00973
0.0227623
1.50228
-0.35306
-6.86657
2.35751
-2.64032
-1.79051
-7.97012
0.307601
-5.23045
-1.19951
-1.11298
-0.0220985
0.0557344
1.27773
-0.779864
-0.596684
-6.26397
0.196259
0.164908
0.33113
0.0279878
-2.79768
1.3541
-0.375838
2.28538
1.83565
0.52371
1.8745
0.567852
1.2575
2.76258
1.8806
-1.01263
-0.44776
-0.0582129
-0.445715
-0.586919
-0.524374
1.61688
-4.36639
2.14358
2.23137
1.44799
1.42528
-0.88887
0.723178
-2.06292
0.00354153
2.3871
1.71447
-0.186625
-0.0654231
-2.7738
-0.552001
-0.368781
-5.91717
-1.80497
-0.49891
-0.070004
-0.45519
0.484128
2.46076
1.52149
1.77376
1.6005
1.79008
0.0616553
-0.12611
-0.245518
-7.09456
0.509945
0.197445
1.20154
0.955757
2.54477
-0.619642
-0.609317
0.0869987
1.44271
-0.409954
-0.0720853
-9.04223
2.84922
1.49906
-9.89077
1.40606
-0.466702
-0.857538
1.2976
1.65517
0.793479
0.425211
0.614482
-0.406687
-0.00390781
0.182268
2.39752
-1.37188
2.11859
-0.539708
-0.398819
-1.00563
1.20023
1.7873
-0.791526
0.0890218
2.83181
0.446064
1.22347
1.25843
2.62108
0.130755
1.62674
-0.261086
1.65466
0.0935617
-0.0484316
2.15015
2.94388
0.364568
-0.39285
0.0616491
-0.499479
-6.14449
1.55609
0.745801
-2.62569
1.3743
1.84358
1.35068
1.45616
0.156648
1.57299
2.16606
-0.544348
2.69617
1.80696
0.750821
0.0131692
-1.16768
0.159673
1.53788
0.296028
1.58404
1.80564
1.41691
-0.680231
-0.650833
1.85751
1.10247
2.06361
-0.17466
1.37434
1.66803
1.05634
1.90633
1.92188
0.108892
0.154859
1.45846
1.87121
-0.675687
-0.272816
-1.04233
1.86269
0.289951
1.63278
2.6288
-0.529729
2.54659
2.79529
-0.160722
-0.443116
-0.0531654
3.00408
-3.81236
1.80057
2.64593
0.561379
-2.41845
0.798877
1.13053
2.77218
1.10424
1.05427
2.88541
2.10048
0.10579
2.86471
2.33662
0.132058
-0.496387
-8.38805
0.0266944
0.301941
1.75857
2.30543
-3.8166
0.0155421
0.884957
0.446302
2.04527
-1.72047
2.48512
-0.805208
-1.02916
1.23115
-2.33639
1.83153
-0.234326
1.18061
-0.525445
2.31244
1.54069
1.51378
1.5807
-0.726838
-0.102561
0.0178168
0.859268
0.938509
2.45231
1.6935
0.0240577
0.990602
0.406402
-0.535005
2.28728
0.128824
1.90262
-0.187488
0.0511238
-0.534253
0.248301
0.777084
2.58776
-0.284485
1.08526
-0.52848
-0.358919
2.2094
2.1722
-0.537693
2.15811
0.528485
-0.53642
0.225624
0.905598
2.95846
-0.0882465
-2.94921
1.9572
-0.384767
1.62843
-3.77359
-1.2306
0.146784
-7.04698
-1.00368
0.419079
1.62771
0.0031384
-0.845624
0.0121298
-0.318685
-2.14933
0.718413
2.48265
1.22729
1.00499
-0.368945
-0.385465
0.224683
1.12707
-0.286681
0.0197972
0.0831414
0.00457779
0.0307804
1.0942
0.500365
0.676323
1.10218
0.967124
-1.60686
-4.76229
0.260789
-0.539059
2.83291
0.929074
0.553135
-0.340346
-0.586527
-0.52863
0.0192763
-0.507936
-1.07015
-0.136949
-0.475842
1.62638
0.331357
0.0497815
1.74652
-1.13672
-0.73447
2.43149
-1.83036
-2.01929
0.472384
1.45583
-0.4898
0.320033
-0.502666
0.117312
-0.450766
-0.242132
1.80595
-0.533989
0.875577
0.0940915
-0.546431
-0.520949
-0.145612
1.30425
0.22165
-0.519798
2.42809
-2.90805
1.5601
-0.782006
-3.14311
-2.29608
-0.227994
-5.77118
1.47604
1.45227
1.54427
-0.173306
-0.826413
2.15934
-0.549141
-2.6316
0.0164306
-0.528646
0.0802974
0.185487
2.19451
-3.97325
-5.74849
-0.392828
1.10807
0.947655
-0.934366
1.00161
0.150024
-0.328808
0.457423
0.82431
0.550281
-0.111113
-0.645975
2.29166
-0.0881048
0.0617224
0.845547
0.0155671
1.01477
-0.695696
-0.178853
-0.320756
1.12697
0.0611615
0.128969
0.656693
0.0116468
0.194936
-0.384621
1.55968
-0.0180735
-0.334526
1.3561
1.32235
0.108131
0.784229
0.753256
1.49506
1.83821
1.62063
-0.236488
2.50347
1.21352
-1.81178
1.01958
-0.756301
-0.338946
0.0678014
0.640563
-0.69482
2.52009
0.356509
0.406684
-0.354921
0.57652
-0.322904
0.45841
-5.20458
1.20269
-0.332506
1.38873
0.87828
1.48322
-0.880542
1.90855
-0.549546
1.42752
1.52811
0.472626
-0.324226
-0.876744
-0.483007
1.73147
-0.583064
-5.61802
1.71383
0.932242
0.0695437
1.75285
1.21847
-0.500233
2.32544
-1.86349
0.153485
-0.70708
-0.961417
0.0754193
-0.0857726
-0.376021
2.5653
0.00913103
0.45353
-0.158662
-0.454985
1.54919
1.89333
0.0114375
0.0585349
1.37081
-4.79104
1.33298
1.50936
-0.125429
-0.184896
0.983765
-0.0400955
2.59863
-8.31918
1.21129
0.0370251
-1.34403
2.53038
1.61497
0.232811
2.07608
-0.401061
1.89306
1.85594
-0.700032
1.43908
1.34303
1.08387
1.42756
-1.02899
1.54907
-0.0551023
0.701916
0.00383693
-5.92022
1.58769
-1.89903
-8.01192
-0.0623567
-0.0161192
1.07201
-10.4481
1.36184
0.262225
0.73388
1.42451
1.145
0.280664
0.23511
-0.4692
1.41263
0.77154
-0.742046
-0.608167
-0.386945
1.54913
-0.61966
-0.530612
1.31171
-0.560472
1.83442
0.909973
-0.948148
-6.9681
1.69408
1.85761
-0.245683
1.2631
-10.6205
-0.537811
-6.35183
0.359406
-0.485178
-5.2519
2.76228
0.635514
-9.39836
0.0423875
-0.350271
1.43012
0.804798
-0.63362
-3.88652
-0.531805
-0.418318
-10.7872
1.0544
2.29895
-0.28802
-0.601491
0.0429634
-1.98234
1.8445
2.79712
-2.75602
0.98307
1.51659
-2.79977
0.379281
2.51225
-3.9577
-0.575608
1.23476
1.27631
1.1471
-0.408227
0.786905
0.0162873
0.874313
-2.19265
0.0760907
1.52418
-0.169715
0.27861
0.831922
1.39078
0.927989
0.0921752
0.591172
1.5384
1.1257
1.30319
2.61345
-0.929451
2.44644
0.0696455
2.39236
2.92935
-2.48221
0.222019
0.394932
1.38403
-5.41617
0.686219
0.875623
0.0694554
1.57401
2.13295
1.6314
1.68082
0.436944
0.966167
-1.13797
2.85536
-0.619431
-0.219015
-0.518568
-0.564315
-1.40651
1.58946
1.67672
0.743178
1.75448
-2.39266
0.102667
1.82885
1.36506
-0.108516
-0.245999
0.0187496
-0.024487
0.375496
1.55654
2.73183
1.38433
1.96646
1.89233
1.59491
2.61566
0.951293
1.42066
0.18005
-0.473364
0.664232
1.10623
1.08639
2.89156
0.351506
0.68052
0.00472493
0.0875973
2.7674
0.901374
-0.207429
-0.842434
1.18682
-0.868354
0.0599247
2.04528
1.4815
1.3036
1.57802
0.137211
2.1142
-5.78517
1.28319
0.261196
0.024133
-0.175844
2.28511
-0.213196
-0.353714
1.52413
1.37867
-0.377551
1.30224
2.35212
-0.087038
-0.5216
-0.722859
-5.78105
-0.255151
-0.51898
-0.343339
1.3369
0.470247
0.0700578
1.52937
-0.0848384
-0.207516
-0.718037
-3.85262
-0.712866
0.273575
-0.771092
-2.74347
1.39399
1.35571
1.97788
-0.469757
0.57501
-0.200411
1.33808
2.26899
-1.03886
0.034281
0.0638181
2.37391
1.08997
-0.373567
-0.608319
-5.59068
0.0515645
0.135389
2.51318
0.0671734
0.00581346
0.706059
0.479235
0.0173651
0.771916
0.291204
0.679335
-1.21667
-0.51187
-0.189276
-1.27246
0.0420591
0.612207
-7.58559
1.58866
1.06627
2.67671
0.53172
2.41781
-0.697042
1.65464
-0.235257
-0.220841
-0.459004
2.22483
-0.214355
0.187937
0.190001
-6.11116
-0.581498
0.017564
0.0623622
0.070579
-0.0414905
0.0290438
0.213675
0.971259
1.78334
-4.86658
0.172231
0.258254
-0.0273081
-0.242428
1.5876
0.21116
0.673463
-0.0545258
0.0736516
2.06939
-0.878477
0.641085
0.00400053
0.0614383
-0.155122
2.03104
-0.94947
0.0772361
0.0424933
-7.04296
-0.286328
0.0306054
2.39895
1.7305
0.0234759
-4.93203
-0.715546
1.45746
0.136885
-0.0637299
0.0109029
0.557861
0.114749
0.0747166
-0.367449
0.00730208
0.617505
-0.415649
1.51157
0.259153
-0.495697
0.14549
0.557731
0.15446
0.109299
1.48552
0.145767
-0.108107
-0.19933
0.0336099
-0.416771
0.059132
1.55504
-8.16345
-1.11916
0.157922
0.0271023
-1.93096
-0.144652
0.0500688
0.0313043
2.15754
0.966749
-5.77858
0.0843182
-0.507296
-0.459069
-0.241687
0.0274198
1.50352
0.775231
1.17896
1.42199
0.0527154
-3.45603
-0.36337
-5.4616
-0.418857
1.67045
0.0042875
0.515942
-1.71825
1.75896
0.0654479
1.56115
0.144142
0.15243
1.93794
0.0326713
0.0459072
-1.46761
2.10504
0.137716
1.32307
1.51368
-0.567677
0.0442451
1.38117
-4.37838
2.05897
-0.209862
2.0059
-0.582331
0.0653858
0.156879
1.55054
1.951
-1.65435
1.27102
0.60179
0.0241467
2.22767
0.498892
-0.538906
1.41694
0.0725363
0.144513
-0.400848
-0.54678
0.0713305
-0.562659
0.00353009
1.24928
0.98592
0.0506015
0.0663609
0.68535
0.144117
1.44079
-0.315334
0.0276377
-0.693653
-0.227815
0.0937274
-0.429691
1.21545
0.183088
0.0731673
-7.85976
1.58767
0.042645
-0.476602
0.0249024
0.421087
2.37501
0.0276002
0.00970543
1.06093
0.0330141
-0.00262327
0.0360907
-2.43516
-0.427095
0.0665367
0.0817624
1.50457
0.00718581
0.0745757
-2.44285
0.054558
0.048936
-0.102375
1.47422
-0.0750927
0.0183096
0.341633
-0.479442
0.145385
0.0515928
0.916317
-0.513642
0.20674
0.132985
0.131796
0.0819571
0.0121057
0.0144526
-0.569483
-0.223091
-0.275601
0.382131
0.841692
0.109075
0.674759
0.727463
0.0679456
0.0317762
0.730565
-0.947893
0.0268094
-0.236899
0.161665
0.311648
-0.923149
-0.538208
0.0219344
0.311366
0.160942
0.982553
0.793952
0.134507
0.146491
1.56062
0.0976368
-0.529862
0.0480164
-1.68107
1.95475
1.4067
0.156456
0.0586117
0.0592086
0.10769
0.0505411
0.0816839
-0.502554
0.151145
1.42777
0.268671
0.0709802
1.42811
0.117024
2.23317
0.073032
0.210629
0.223873
0.0514835
2.07382
0.0629515
0.0542111
-0.473085
0.0537963
0.946202
0.568485
0.0813894
1.51565
0.119115
1.12303
1.92784
0.79697
0.823629
0.0813909
0.849623
0.0896415
0.0981907
-1.9094
-0.507587
0.0814446
1.84826
0.532732
1.3533
0.743603
-0.000844122
0.0705561
0.0909964
-0.313742
1.02906
-0.473366
0.0524487
0.00510082
0.0550775
0.0288615
-0.0780816
-0.536014
2.42332
-0.538288
-2.11921
2.27109
0.198097
0.0559594
0.0496727
0.06513
1.31794
0.0689207
0.0606404
-5.6879
-0.468083
-0.0459887
1.49842
0.0862604
0.0687348
-0.895812
0.0187983
0.148464
0.0821914
0.0712344
0.0829813
1.47312
-0.690739
-0.404461
0.60762
0.0372314
-5.88679
0.129557
-0.565275
0.0279785
1.56701
-6.25032
1.84416
-0.00703689
0.0917436
-3.90514
0.0417487
0.00201296
0.0661889
-0.538946
-0.370769
2.30249
-0.500801
-2.40222
0.0143328
-1.76918
0.0524988
0.101311
-5.03564
0.0150793
0.0342784
-0.00517256
0.0787094
0.0589264
1.79393
0.349414
0.00103114
0.144135
0.0618587
-0.749607
0.116356
-2.75799
0.0905704
0.0141413
1.71041
0.123553
1.48673
0.071479
0.0837855
0.029245
0.00848304
0.0237735
-5.51163
-0.633577
0.0991028
0.806248
1.26425
0.588157
0.0372805
0.0556307
0.0356674
1.68377
0.0795574
0.27396
0.85941
0.0270918
0.070299
0.0257661
0.0386889
0.0350646
0.0934598
1.48508
0.00987163
1.12358
0.0797299
1.52351
0.0691304
0.946261
0.0171627
0.0695305
-3.31283
0.068537
0.049175
-0.0494775
0.1353
1.11218
0.0367202
0.401327
0.0791589
0.0515904
0.253325
0.0727152
0.0697056
-0.845572
-3.22351
0.0561922
1.85875
1.33165
0.0448823
0.0531487
-0.504485
0.0274902
0.336812
0.0869722
0.0594185
2.05941
-0.781685
0.0520603
0.0353097
-4.51842
1.49969
0.129687
0.0750564
0.0273326
-9.09691
0.201969
0.0511056
-1.02639
0.606081
1.02045
0.0758581
-0.0761593
0.154683
1.41145
0.0687525
0.0254812
0.0809149
0.1485
-0.36742
0.0952038
0.0744084
0.0478141
0.113016
0.0316138
0.0788481
0.0164817
0.107374
-0.0525713
0.0910616
0.0442786
0.123621
2.68754
0.0541889
0.195794
0.0208585
0.134974
0.596295
0.071528
0.128082
0.213433
0.0541341
0.0354421
0.0183403
0.0272595
1.4346
0.0159542
0.065914
0.142862
0.0303779
0.0340932
0.18705
0.059953
1.67561
0.0562621
-0.563318
1.16245
0.049517
0.0410418
0.0352054
0.129688
-3.04863
-0.042023
0.289359
0.0560501
0.182095
0.022201
-0.717461
1.5831
1.66583
0.0371593
0.0901683
0.0905217
0.0414699
1.41341
0.0131067
0.0562077
1.50196
0.0468076
1.51214
0.0708296
0.0499874
0.156154
0.0658881
0.0189475
1.80039
0.080694
0.00350622
-0.099258
-0.0680951
1.43403
2.10183
0.0120524
-0.0340123
0.0500981
0.0315752
0.00212026
1.48574
-1.7338
0.00332264
0.0420093
0.136354
0.0387565
0.0524479
0.0646093
-1.70204
0.00433782
0.0304241
-0.706809
1.44472
-3.60959
0.0475881
0.0708037
0.922968
0.948111
0.0231192
0.00553494
-9.73224
-1.16915
0.0149232
0.0464248
0.0207455
0.0457967
0.00586409
-5.46241
0.0204692
0.190741
0.0383803
1.45869
0.0270836
0.0884386
0.0535527
-0.341845
0.0221369
1.41405
0.19834
1.71435
0.140339
-0.592837
0.0428388
0.0896376
0.0595914
0.0674344
0.0952264
0.024174
0.0331518
0.0948268
0.03211
0.0426643
0.0411904
0.0413147
0.0604921
0.0459883
1.50072
0.0278729
-0.11221
1.77485
0.0305835
0.116726
-0.416968
0.507397
0.040621
-0.435399
0.0395172
0.0391236
-8.44888
0.103438
0.0404154
-0.433212
0.045975
0.118006
-0.166335
0.00565471
-1.26432
0.0438533
0.0505705
-0.522891
-0.165273
0.0284365
0.0368215
0.0517544
0.17915
0.117403
0.0785928
0.308016
0.0212333
0.0236176
0.0372921
-0.336234
0.0211636
0.0108322
0.0453403
0.0351685
0.0710321
0.0578459
0.0441275
-0.47159
2.37151
0.0472631
0.029967
0.0488357
-0.384933
1.66364
0.0724445
0.225956
0.00346848
1.67328
0.0367318
0.498891
0.129739
0.00765804
0.0269605
0.16226
-5.50463
0.0956297
0.304408
1.30229
0.0400972
-0.0018849
0.0378689
1.67846
0.0508203
0.0285901
0.0294323
0.051956
1.2059
0.0770177
0.0428849
0.0202411
0.0450348
0.0413574
0.0328141
0.656563
-0.426211
1.93541
0.00211109
-0.489063
-0.0290464
2.36038
1.03892
0.0329317
0.0383196
0.0605243
0.0770692
1.3697
-0.0297802
0.0716368
0.0662591
-0.858953
0.0521919
0.0784293
0.041184
2.89457
0.930039
1.34998
0.0510139
1.48206
0.0485503
-0.55595
-0.695433
1.9327
-0.555218
-0.60265
0.0301709
1.12509
0.00764129
0.0457108
-0.128051
0.00288668
-1.62252
0.0193597
-0.467706
0.0317668
1.51364
0.0614622
0.30562
0.0376225
0.0392377
0.066359
1.52105
0.0362647
-0.740944
0.0618657
-5.45355
0.00308129
0.0679242
0.0666102
2.4196
-0.532122
-0.00971468
0.0788936
0.0340482
0.0532934
0.955089
1.46086
0.0489256
0.0616551
-7.85229
0.06393
0.746302
2.68368
0.728918
0.250302
0.102576
0.0884057
0.0387609
0.407912
0.0558793
0.078052
0.0358638
0.560317
1.43026
1.3723
-1.1322
0.931116
0.0712952
0.176239
-1.55845
0.146497
0.063696
1.61532
0.0843455
-6.2009
0.0386497
2.32751
-0.239531
0.0132047
0.099934
-0.4479
0.100377
-5.07509
2.47046
0.115275
-0.261283
-4.60985
0.0826524
0.125629
-0.435756
-0.0936527
0.0364341
-0.849478
-1.7002
1.47177
0.061689
0.192588
0.0665495
0.846365
0.0836996
-2.41177
0.0506223
-0.215037
2.79403
0.0363656
-3.34708
2.52397
0.00493583
0.12595
0.104013
0.0151765
1.5775
-1.16384
1.38262
1.48657
0.103104
0.0869648
1.49305
0.668552
0.147027
-0.907113
-0.549446
-0.410225
1.57531
0.0455456
-0.309888
-10.6161
0.322378
-0.164196
0.0516723
0.0933955
1.42773
0.103177
0.0595967
-6.61784
0.036683
0.0352371
0.0707994
-10.4138
-0.656334
0.201055
0.0487113
0.129476
-0.271449
0.0949965
2.69326
0.101681
-1.517
0.443128
0.0304755
1.54656
0.0497136
1.44562
0.0760914
1.32421
-7.97938
0.129086
2.16368
-0.217114
-0.42447
1.68203
-0.255797
0.0625289
0.014936
1.49162
1.60526
0.0705671
1.66071
2.48821
0.936232
1.70388
-2.66692
0.0632964
2.25388
-6.26049
0.385833
0.111761
1.41945
-1.88896
1.71802
1.64035
1.79352
-0.267677
0.0602956
-0.773654
0.0407542
0.139765
-0.562765
-0.5201
0.0466931
0.0394232
-0.579117
0.123045
-0.0821637
0.216079
1.86144
2.00659
1.92753
0.132127
1.03655
-0.00106518
0.379693
0.123621
0.128513
2.62416
0.0253744
0.114737
0.20153
-10.0433
2.09633
0.106045
-0.131916
-7.78347
0.199159
-0.126272
-0.36956
-0.519388
1.15016
0.0566734
1.15739
1.57012
-0.896979
-0.335902
0.22807
1.55791
-0.978544
0.0101665
0.0315888
0.00197771
1.24472
-0.0853894
0.0896091
2.94623
2.12181
0.0572776
0.120918
-7.65523
2.39818
1.33601
-0.296708
2.64805
0.0296004
1.42396
0.507239
2.42694
0.208966
-1.06933
0.845922
-10.0892
0.0133175
0.0913945
0.214736
-0.531423
2.52229
0.178595
0.0875419
0.156102
0.291907
0.918705
2.78283
0.101975
0.0855231
0.118769
1.09355
0.00146144
-0.2184
0.147007
1.37265
0.121165
0.0337278
-0.409225
0.236972
0.337957
1.35641
0.114309
2.46291
0.104949
0.0361011
1.47931
0.0319503
0.0116437
0.187173
-0.690085
0.764387
0.0263027
0.550679
-0.831481
0.063737
1.24971
-0.514506
0.0323925
0.204544
0.12269
0.0932519
1.25377
0.100781
0.125146
0.011402
-0.278316
0.0453188
-0.0815763
-7.2454
0.0883365
0.67456
0.126462
0.092885
0.276095
0.0981884
-1.07403
0.0815733
1.4887
-0.0878432
0.022808
0.195168
-0.0205415
2.18141
0.0772628
0.578718
0.110979
2.91895
2.69111
0.125943
-0.580368
-6.27163
0.00481882
1.25208
1.51131
1.42319
0.06088
0.0247451
0.219058
2.33684
0.23775
-0.678566
0.389967
-0.295654
0.240349
0.11186
1.24033
2.2988
0.111271
-0.339385
0.0451303
1.18856
1.9653
-0.265545
0.441765
-0.857177
2.74211
0.00353732
0.111414
1.08428
0.179109
0.0269577
0.0280219
1.46334
0.0130122
0.0216815
-0.404746
-4.69462
0.0608037
0.00691085
2.25742
0.703261
1.757
-0.0315017
-0.519287
2.86309
0.0726558
0.182067
0.553317
-0.0736395
1.18067
1.27076
1.53169
0.00735934
-0.486247
-0.138987
1.45232
-0.136325
0.0182523
0.130698
1.48844
0.026907
0.032426
0.108203
0.3246
-0.0197543
0.021491
0.170802
0.0986428
-0.102894
-0.00424435
1.11138
2.2581
-0.136077
1.64687
1.29885
-1.12351
0.0255924
-0.922425
1.51456
-0.259912
0.11615
0.147055
0.0651114
0.0547693
0.0394582
2.89091
0.0104832
1.56438
1.06833
0.0227446
0.104759
-0.409732
0.0756812
0.392327
-0.27767
0.107575
0.980651
0.0587302
-0.0673059
1.74653
0.0311118
0.333685
0.207239
-1.25053
0.211894
0.632707
0.100566
1.09243
0.227613
-0.460908
2.11728
1.82831
-0.0121259
1.27292
0.0175413
0.665974
1.3997
1.53176
-0.191152
-0.377532
-4.2927
0.0404742
1.4535
-0.642413
2.03309
0.0271638
0.762891
-0.519578
-5.51161
1.46055
-0.0860388
1.46612
0.252734
0.205093
0.197628
0.21535
-0.321938
1.20422
0.419543
1.47161
0.282906
1.96314
2.12951
0.109203
1.86107
0.2491
-0.000181231
0.576398
2.08318
0.713732
-1.25323
1.56988
0.131657
0.110149
2.03395
1.38657
1.97895
0.026695
0.0344466
0.203981
-2.61186
0.093299
-1.67535
1.22294
-0.584203
1.64458
-0.012435
-0.137291
1.27083
1.55358
0.188961
1.47841
0.0364786
-0.5882
-0.145228
0.0859476
-5.5702
0.869825
0.845174
-0.554983
-0.105481
0.336156
-0.000929761
1.01811
2.06192
2.21867
0.603426
0.401084
-0.00266392
0.37308
1.32739
0.0183173
1.76938
-0.27458
0.0995603
-0.156527
-0.116153
0.949127
1.49582
1.78288
1.16145
0.0422808
0.0675102
1.45027
1.46307
1.57263
0.12255
1.84915
0.739737
1.49556
0.988656
0.218689
0.15441
1.53595
1.38733
-0.679986
1.51532
-0.00894075
0.21164
1.15327
-0.105582
-0.436228
2.4164
1.79564
0.171095
1.44559
0.44675
0.946108
0.218715
0.200084
0.0435815
0.0456814
-0.0879972
-1.45963
0.351768
-0.181213
0.0238768
1.41549
2.07442
0.241753
1.482
0.243216
3.09226
-1.85263
1.72784
0.231274
-5.99793
-0.618034
3.10156
0.289667
0.0221319
3.07108
0.102762
-7.46036
1.44989
3.03907
-0.310767
2.98972
0.794681
0.220311
-0.499451
2.89365
0.0221932
0.0474548
-8.04504
0.236707
0.160644
1.71226
2.75102
0.0126015
0.464811
1.80053
-0.0692798
1.54351
1.27712
0.103887
-0.456523
-5.09234
2.70195
0.423614
-0.466076
0.269258
0.197953
2.66061
1.08607
-0.0885566
-0.48481
2.61448
-0.990259
-0.496318
2.56932
1.75389
-0.504768
-2.17434
-0.517979
0.668533
1.77542
-0.513341
2.50535
1.49675
0.0812633
-0.512841
2.00145
0.180151
0.415763
-0.240199
-0.557251
1.36325
1.46513
-0.379033
1.5155
-1.25445
-0.73716
-5.70562
2.37656
0.953498
1.28148
-0.256992
-0.535397
-0.537672
-0.540017
-0.541678
-0.543903
-0.529873
-0.076669
-0.52265
-0.511752
1.84248
2.33635
0.935681
0.807764
0.325432
1.11314
-0.512039
2.30838
0.00149249
-0.510952
1.87507
-6.71258
-0.516137
0.175171
2.22105
1.35516
0.90844
0.400281
1.48048
-1.57339
-0.534941
2.19194
-0.556679
0.186122
0.330541
-1.34543
1.41886
2.1534
0.0507567
1.8708
0.117259
1.18986
-0.612292
-0.141373
-0.117902
2.11573
-0.189671
-5.62532
2.07852
-0.043901
-0.852186
-0.154531
-0.961408
2.04773
1.49079
0.456928
1.46791
0.168785
0.0621112
0.0298544
-1.19494
-0.515197
2.00448
0.533085
0.0710336
1.53282
0.647444
-0.59808
-0.147079
-1.50248
1.97414
-0.529075
1.46432
0.0774509
0.00047421
-1.91056
1.93609
0.625914
-0.714024
1.89079
-2.42713
0.0397334
-0.11669
-5.51875
-0.168047
1.86351
-3.0377
1.8054
-3.71224
-0.383698
1.0103
0.00906618
0.824481
0.0403414
1.76453
-4.50014
0.821939
2.31528
1.54791
-5.18226
-0.480919
1.73263
-0.294142
-0.527494
1.26664
-5.90982
1.48874
1.70221
0.0295575
-0.106364
-1.90628
1.47572
1.05739
0.156049
0.106214
-6.57288
-5.50787
1.65167
0.351208
-2.09922
0.390964
-2.34139
-4.61687
0.115867
0.703616
1.61548
2.05649
1.48859
2.21686
1.53735
-7.47126
0.922336
-0.00419077
-0.506747
0.725173
0.0257892
0.176065
0.834759
1.19771
0.0407214
-7.61939
-0.529606
1.53678
-0.527697
-0.361561
1.80244
1.20589
-0.097209
2.56649
-0.73693
0.341086
0.321426
-7.588
0.167895
-1.63795
1.48467
1.76582
1.61154
0.995437
-7.42882
1.43355
1.3703
1.3377
1.27368
1.22985
1.15884
-5.06819
1.39019
1.10628
1.64153
0.993235
-1.31558
2.08694
-7.21971
-0.606635
-1.36689
1.12689
-6.41532
2.00649
-6.98687
0.246945
-6.74693
-0.592685
-6.49646
1.4312
-0.750998
-0.126527
-6.2728
-6.64528
-0.374745
1.48113
-1.98274
-5.92185
1.5741
1.56529
-0.301203
-0.661309
1.65555
0.292652
-1.05434
-0.549927
0.564645
1.33543
-2.67233
0.0416283
-0.411617
1.64538
-0.446289
-1.60034
-0.529827
0.762283
1.48692
-0.728799
-6.85791
0.667659
1.70374
1.15334
-9.375
1.50809
0.608741
1.20244
-0.0988499
1.50669
-0.193291
0.0141126
-0.0231865
0.650962
-2.80519
2.20818
0.0494365
0.0568035
-0.00849385
-5.68114
1.93109
1.58534
1.3305
1.48307
0.3039
-0.180401
0.255281
-1.47905
0.644578
-0.825569
-0.0968057
1.07309
-4.24582
0.334023
2.72384
0.0187701
0.769642
0.813051
-0.580253
0.137666
1.08314
0.178036
0.693264
1.23666
1.45911
1.54301
1.49968
-0.224465
1.73122
-5.56298
0.108512
0.407171
-0.348963
-0.203921
0.0359777
1.72175
-0.55314
1.46208
-1.41079
-0.819681
0.346801
-2.66242
0.312381
-0.395456
0.339706
1.62094
0.24711
-0.150226
0.0956905
0.311313
0.117582
-0.342633
0.0564302
1.49415
-0.525581
-0.452449
1.17184
-0.520064
1.15947
-0.425526
0.112801
0.1667
0.121008
0.024947
-0.539465
-0.193589
0.0788189
0.0557772
0.886008
2.23828
0.96324
-5.3673
1.4791
-0.244738
1.11201
0.0620809
0.067358
1.22102
-1.54664
0.0446465
-1.17593
-0.563811
-0.9665
1.5118
-0.00700624
1.79635
0.301035
0.00687603
2.32671
2.19846
-0.327502
0.538419
-0.28751
-0.339732
1.65228
-1.05081
-0.418685
-4.23721
0.0315156
-3.08269
0.428232
0.863554
-0.516333
0.0188708
0.1144
1.44442
-0.600676
-4.31984
0.869704
0.637399
2.1832
0.235521
0.548207
2.27037
2.30733
0.00296027
2.01062
1.18014
1.53147
0.167692
2.03063
1.57552
0.372345
-0.375057
0.19533
1.16739
1.11969
0.00140234
0.0430794
-0.300955
2.80676
1.18439
0.69841
1.49694
0.850242
-0.265815
1.11305
0.36371
1.96551
-0.0899335
-0.190103
0.276831
2.51394
0.263846
1.65064
3.05963
1.49137
1.4732
0.0296345
0.675176
0.00652818
1.72798
2.65411
-7.49883
0.422197
2.56094
-0.0397833
-0.980187
2.79539
0.573945
-0.978737
0.445175
0.170149
-5.87286
0.323687
0.0533029
0.0955382
0.116953
0.119056
-0.759344
-1.0294
2.6117
1.60305
0.705178
1.18472
1.26816
-0.559368
1.38917
-0.456264
2.99126
-0.172884
-2.90722
0.116224
2.1776
1.41112
1.33935
-0.253652
-0.415023
-1.51199
-0.208211
-0.0114053
-0.210883
1.19602
0.06758
0.0490565
-0.283371
1.51114
-0.038872
1.32732
0.0428767
0.474733
0.662032
2.55725
1.31482
-0.353458
1.11616
-9.65854
1.72092
-0.332778
1.36761
2.37937
-0.247841
0.221269
-0.506214
0.00304488
1.44466
-0.378139
0.604277
-0.240731
1.25411
-5.64285
0.184222
2.08414
0.604078
-0.719341
-0.494005
1.57163
1.7964
-0.231426
2.88186
1.37209
0.517997
1.15833
0.156654
1.62712
-0.508507
-0.397161
-0.574141
-0.803964
1.48285
-0.435332
0.515619
-0.308302
2.46486
1.04997
-0.147676
0.0922404
0.166703
-2.28038
1.07773
1.12793
1.07971
-5.54111
0.458446
-0.064512
0.805809
-0.108267
0.894886
0.189052
0.365468
-0.00623662
0.817227
0.460461
1.48041
-0.980895
0.073021
0.202404
1.46711
1.83894
0.215436
-0.691127
-0.191632
-0.0147963
0.690865
2.84883
1.61394
-0.428102
1.12878
-0.727125
1.43782
-0.690991
0.977448
2.21292
-0.727843
0.102095
-1.08115
1.44068
0.496228
0.176823
-0.488847
-4.96743
-0.574885
-0.472803
-1.47351
1.58678
1.05097
-1.11624
1.54724
-0.546604
1.56756
0.197153
1.42969
0.226472
0.143937
1.48953
-5.42923
1.4651
-1.11677
-0.523059
2.35473
-0.475206
0.351994
-0.629415
0.363079
0.974607
2.07817
-0.748766
2.91262
2.58574
-10.1653
2.16792
0.0667172
1.51196
2.72895
-2.44514
0.00938745
0.772079
1.4387
0.407814
-1.89309
-0.414723
0.222392
-1.16031
-0.256692
-0.153685
1.53058
-0.415482
0.0719978
1.40752
1.93356
-4.28406
1.98214
-0.434325
-3.91778
0.230382
0.88013
1.42946
0.649458
1.85764
1.05334
3.10371
1.37372
-5.79561
3.08969
2.12238
2.21512
1.63857
3.06357
2.25809
-0.233141
1.20098
3.01603
0.755022
0.182741
-0.315677
1.36277
-5.52585
0.838616
1.17188
-0.294101
2.15932
1.51353
-5.57227
-0.554244
0.438518
2.0957
2.0504
0.0118292
-0.764813
-0.640168
-6.41803
1.85043
-0.253404
-0.255939
-1.71555
2.87621
2.25243
-0.361313
0.751822
-1.19622
-0.556883
1.90915
-0.0625645
2.72618
1.44472
-2.04543
-0.61602
-0.509285
1.01981
-0.963286
-1.99736
-2.94225
2.66448
-0.464675
-1.91331
-0.0605195
0.0298489
2.68246
-0.111198
-0.417985
-5.53547
0.467538
-7.03333
2.30424
0.563388
0.645768
-0.809327
0.0445732
0.530187
-0.472961
2.6374
-0.97295
-0.0262328
1.44035
1.04707
-7.32205
-1.77271
1.35409
-0.489728
-0.884602
2.27227
2.59291
2.05079
0.10905
2.53734
2.17621
1.55173
0.797854
-0.502212
1.74514
1.03824
1.66766
1.64916
2.15629
1.77926
-1.28729
-4.66009
1.43051
-0.505326
1.21434
-4.58807
-1.18146
-8.94424
1.9996
-0.16408
0.528653
-1.09167
1.85993
-0.273801
-0.519234
-0.255692
1.22556
-4.03169
-4.77889
0.0440185
1.49437
0.455073
-1.79485
-0.376134
-0.618071
-0.00320355
-0.545521
0.00642108
0.166382
0.473912
-9.92663
1.41893
1.51298
-2.40745
-0.426967
-0.491262
-8.12828
0.629394
1.42863
-4.21174
1.18217
1.17145
0.429404
1.61885
1.20783
2.35843
1.70044
2.27343
-0.684094
-0.535855
0.919414
-0.53941
-0.540815
-0.541864
0.740147
-0.539992
-0.529102
0.0859545
0.284073
-0.510562
-0.0909204
0.622168
-0.605581
2.32268
1.29213
2.95527
-0.509704
-0.603909
-6.07609
2.64843
-0.018189
0.932287
-0.413923
0.625807
-0.512045
-1.24425
-0.34192
0.888404
-0.657278
-0.52064
1.09258
-1.02548
1.40603
-0.247486
0.592738
-1.8886
2.20939
0.175797
2.39017
0.341545
-0.543061
1.56735
-0.638288
0.67473
-0.432047
-2.02549
-3.67048
-0.0403411
2.17275
1.52651
-0.513592
2.16391
2.17731
-9.12168
0.0392707
-0.572025
0.398442
1.34063
-0.0772683
-0.578033
2.13493
0.276105
-0.0448845
0.282533
-0.973472
-8.53887
2.43748
-0.436726
1.02949
0.12079
1.2693
0.179866
1.87408
2.09684
-0.597774
-0.00614992
1.44485
-1.36912
1.07289
1.7206
-0.178713
2.06395
-4.5185
-1.39969
-0.944625
1.96071
0.0196922
1.97311
-1.10589
1.6123
1.55397
1.27683
-0.654134
-1.05466
2.02426
2.086
1.55399
-1.32157
-0.275538
0.213974
-0.510825
-0.688718
2.47492
-0.539573
0.562864
-1.33721
1.9928
-5.55016
-0.267397
0.165656
0.3063
1.55467
-0.327427
-0.845601
2.7666
1.54023
-1.68195
1.95602
1.08403
1.05778
0.153989
-0.145782
-0.500925
1.266
-1.48574
1.67659
1.91392
-2.15386
-0.267718
1.23061
0.663499
-4.23663
1.10962
0.327332
0.189099
1.01862
-0.26707
1.05075
1.87923
-2.73447
1.05309
1.92181
1.2741
0.0494295
1.83311
-3.34918
1.46794
0.0933145
-0.529665
-0.00304591
2.1671
-0.111486
1.49787
-1.64774
1.78442
-4.10668
-0.0594123
1.03486
2.24292
-1.47477
1.13462
0.538791
-5.51443
1.48043
-4.89941
1.74949
2.02071
1.36523
0.175007
2.30053
-0.264909
1.48827
-0.027675
-5.54497
-0.396164
1.71908
-3.05914
0.714286
0.918978
-6.27289
1.50753
1.67463
-0.0731846
1.45854
0.871227
-2.30873
2.40107
-6.28556
-4.13816
-1.77418
1.63279
-2.07066
-0.158725
1.53354
0.960513
0.150897
0.904783
-4.14421
0.59578
-0.397057
0.250009
0.734354
2.5592
-0.908852
1.52563
2.77445
1.02644
1.02174
-7.61507
1.48209
-0.401235
0.65148
-1.05696
0.690364
1.94714
-3.201
-7.65398
1.51121
1.38659
1.00315
0.907853
-0.318136
0.768965
0.499849
0.957982
1.48258
1.4526
-1.84148
0.736154
-7.54432
-0.304645
1.48846
-0.517724
1.45936
1.43678
0.424572
0.387918
2.29466
0.307327
0.157562
1.42007
1.40227
1.16139
1.35707
-0.619178
1.30575
1.2532
0.192033
1.96986
-7.34764
0.750626
1.19299
2.04649
1.13124
0.748951
-0.503358
2.09832
2.05559
-0.312965
0.902002
0.516266
-7.12192
0.648826
1.21205
0.708318
-6.87302
2.83727
2.19991
-0.522008
0.744373
-0.086437
0.0247942
-6.63217
0.80345
0.706864
1.85024
-0.285015
-6.41339
2.1007
-0.476063
-1.34153
0.136967
1.46525
0.709327
1.66101
-0.818534
0.240504
2.52338
2.64709
1.09821
0.173711
-0.503299
3.08739
0.552286
2.14346
1.36162
0.0456049
0.244778
-1.31753
0.0593966
1.95175
-0.151896
-1.29788
0.588783
0.363758
-0.41916
-1.09996
2.22945
-3.40649
-0.679225
-0.0188784
0.330085
0.708252
0.0667807
0.23992
0.68728
0.463744
0.415507
0.0732889
2.55691
1.4549
1.69568
1.8001
1.00394
-1.16804
2.51893
-0.252286
-0.163334
0.118507
1.3053
-7.9633
0.373901
1.99739
0.134168
-0.279831
-0.222578
1.51997
0.678151
-0.820339
-3.44404
1.43091
1.54122
2.35797
1.44074
1.70913
1.93826
1.89889
-0.54915
1.81879
-0.108389
0.67789
-7.61198
-0.943241
-0.45234
0.736101
0.0495898
1.71286
0.632624
0.302322
-5.79297
-0.523162
0.946102
-0.411852
-0.122356
-1.67035
1.46656
2.2535
-0.538156
0.144114
-1.76281
-0.813524
-0.253626
-0.515307
0.556005
1.42556
0.424071
-0.408711
-0.511077
-0.532617
1.53227
-0.214694
-0.524462
-0.275866
-0.481208
0.753593
-0.662652
0.800933
0.970752
2.63427
-0.13339
0.292281
2.09416
0.158017
0.239737
-3.75945
0.760534
-0.527071
-5.86528
-0.537036
0.089246
-0.0961367
0.613225
0.15759
-2.57794
0.36784
-3.35505
0.00375922
0.0539938
0.25946
-1.45533
2.09793
0.0587383
1.49313
2.98387
2.14357
2.71826
-0.53464
2.06861
0.0506081
0.140025
-0.631917
-0.132011
0.212097
0.304102
0.185935
0.159087
0.702309
-0.54398
0.904856
-2.75999
-0.51813
-0.436639
-0.41092
1.6833
0.973113
-6.1919
1.0665
-7.14762
-0.166464
-5.99105
0.862572
-0.12292
-7.10868
-0.371804
-0.405915
1.53634
0.0546002
-4.80454
-0.656496
1.50997
-1.13509
0.454388
0.275356
-2.84068
-0.295385
-0.43285
-0.408287
0.251265
-0.742869
-0.527331
-0.427752
-0.58776
0.0351398
0.234079
1.56933
-0.810493
-0.0628892
1.09426
-0.538769
-0.359869
0.597453
2.92265
-0.0361002
0.137209
-0.286163
0.141266
-3.4375
1.61033
-0.351173
-1.1672
1.47759
0.0102292
-2.55522
1.92712
-7.77708
-2.45455
2.12002
1.03312
0.108994
-0.505544
-0.379272
-0.801221
-0.455383
1.41173
1.83371
-9.38932
-0.149771
0.29504
-0.408453
0.502384
1.34215
0.125847
2.08653
2.23431
-1.73789
0.76484
-0.449671
-0.339342
-2.40385
-0.202606
1.26794
0.357059
2.7402
-7.41634
-8.09088
2.64952
-4.25463
-5.08164
-0.826727
-1.39514
1.39036
1.33472
-6.30928
-1.49717
1.06803
2.36657
0.0494444
2.39827
-0.716788
-4.69991
0.206997
-6.52908
-0.53836
-0.724905
0.444016
-0.451038
-0.875519
1.9533
0.525187
0.0536825
0.745597
2.96609
-5.8761
-2.51439
-6.91072
-0.395448
2.91657
-7.36206
0.541994
-0.356542
0.0592407
-3.45319
-7.08071
-0.368387
0.152871
0.0597535
-0.14322
-0.295323
-8.42737
2.49564
-0.861283
-3.72433
2.53692
0.941698
2.09824
-3.85893
1.46266
-0.185511
0.0374639
1.21187
0.9618
2.23189
0.801211
0.0263061
0.567692
0.00363283
-0.820117
-2.83392
0.167336
-0.37741
-5.73523
0.980475
0.588818
0.0592843
0.504766
-0.0624148
2.41749
1.51185
1.40191
0.226857
-3.94564
1.31709
-2.94243
-0.737237
1.46573
0.17753
-3.32346
0.0480948
2.26633
-1.04066
2.18985
0.0555045
2.03843
-0.279741
2.23879
1.01212
1.05523
-9.11433
-0.279203
1.53077
1.01359
-0.678832
0.111571
-5.58921
-0.66833
-1.66902
2.4209
-0.394215
0.495052
-3.46532
0.468811
2.04673
-1.51982
-1.05635
0.709175
2.41515
-0.510389
-0.432562
0.199749
0.0847844
-3.97152
-0.251509
1.14916
-0.704454
0.528213
1.52208
2.25608
0.896571
2.02025
1.78143
0.182564
0.152483
-0.295586
2.37874
2.83783
-0.945345
0.355791
-0.765905
-0.50568
-4.04571
0.243187
2.53761
-3.15218
1.57671
-0.501009
0.784073
2.13077
1.5538
-0.911825
0.0268288
1.21704
2.26076
-0.0258324
0.309191
0.236884
1.60268
0.815174
-5.76707
-0.537717
-0.728569
-5.62419
1.6867
-0.551654
-3.28758
-0.564978
-5.34253
1.39001
-0.574095
-0.185773
0.0767663
1.07775
2.46238
-0.222057
-0.68272
0.0192485
-1.26741
1.69129
2.93549
0.180133
-1.27434
-4.12787
0.256593
0.392687
0.0342955
-0.637919
2.86021
0.399442
2.34399
-0.628122
0.497764
0.714956
-1.52744
-0.388584
-0.639641
-3.70548
0.793073
-0.205661
0.170938
-5.69321
0.779229
0.365708
-0.669755
-9.56659
0.547371
0.668735
2.26566
-0.355204
0.104178
0.486995
0.30384
0.129876
-0.710001
2.23934
-0.583717
1.50293
1.98538
1.61757
-0.572966
0.382589
1.58056
-0.208757
-0.365451
-0.259983
1.0683
2.1946
2.25692
1.89151
1.58012
-4.89127
-1.11409
0.681179
0.24964
-2.22023
2.55605
1.64264
0.845032
1.12538
0.943866
-5.98269
-0.75401
1.96073
0.549288
1.02247
-0.283706
2.11417
1.45197
-0.301935
2.32269
-0.138991
-1.57802
-0.523907
0.0965065
-2.16015
-0.253072
-1.19693
-0.517034
1.38751
-0.539835
0.635451
-1.25148
0.461262
-7.26484
0.103587
-0.157679
2.36846
-0.611133
-0.0460786
-5.50277
0.47692
1.94873
0.97027
-0.840781
-0.318005
-9.98349
1.13438
-0.594265
0.108397
-1.98771
-0.0256934
0.12284
1.55187
3.04721
2.93575
0.255482
-0.249994
-5.5127
2.34492
1.61392
1.39981
1.78669
0.167334
2.39646
0.191144
-0.491427
0.0306922
-0.116318
2.01123
-1.44773
-2.69194
1.15746
1.2526
-0.384801
1.27222
2.08333
1.26124
2.06369
0.61531
1.54086
1.45299
0.867632
-0.396638
2.42357
-0.453634
0.436501
-4.92759
-0.656035
0.0844074
0.492328
-0.177932
1.77543
2.10755
0.686524
-3.25939
2.02684
0.697911
-3.83693
1.0735
0.64144
-3.00828
0.405025
1.92405
0.110493
-0.280385
0.77845
-8.00216
-0.885997
-0.400705
-0.288834
0.753222
1.47705
2.51584
2.81894
0.205855
0.247562
1.22969
-0.725833
-3.18496
2.15215
-2.57943
-6.4496
0.783717
-9.58315
-3.19459
-0.167832
1.06341
-0.513946
0.923299
2.15696
0.408075
-0.227998
0.0519416
2.37032
0.213297
-2.95955
-1.42551
1.09171
-0.887478
1.54667
-0.58182
2.16524
1.44005
1.06295
-0.362792
-0.678928
2.33302
1.0297
0.0332352
-3.05293
-0.529887
-0.363242
1.42303
1.24589
0.530036
-0.416333
-0.903975
1.26637
-0.538899
0.0176261
0.0854118
1.31069
2.67865
0.000770649
0.0395673
0.158997
0.0304105
-0.233575
1.13266
0.710222
-1.03923
-0.237222
0.165531
2.03114
-0.513478
-0.0410719
1.4909
1.8327
2.19408
-0.285381
-0.765451
1.2203
0.906992
0.161632
-8.22924
-0.818318
-0.512149
1.30299
-0.538552
1.09129
-1.17307
-0.338272
-0.432673
-0.110647
-0.847281
-0.206312
-0.376637
2.12052
2.08561
0.996115
-3.21405
2.3587
1.26671
-0.655996
0.0616652
-1.3438
0.00739837
-0.270087
-0.503105
-4.71314
1.133
-6.38887
0.73373
0.0581206
-0.540212
2.32187
1.21725
2.13357
2.02171
-0.547117
-5.63037
0.108842
2.70719
-0.0299773
0.886968
1.44972
0.0238832
1.76759
0.640942
-0.0365608
1.05249
-0.0141206
1.78923
2.07654
1.30406
1.49618
-0.0965256
1.33436
0.245133
-0.516618
1.67844
2.27519
0.416986
-0.7254
-0.511362
2.47183
-0.39283
-4.77673
-1.56039
0.0270462
0.025702
2.71874
0.488819
0.195076
1.91306
-0.95733
-0.249289
-0.192359
1.62594
0.998591
0.759557
-0.575814
1.7953
0.0322752
2.67955
2.65468
-0.814183
1.66909
-0.77396
0.495001
-0.390549
1.48127
-0.538318
2.11625
-7.82949
1.82603
0.512401
1.08663
2.02202
-0.509829
0.044946
0.0750364
-0.491758
0.245534
-0.563114
-0.834877
-2.86488
-0.567616
2.21078
-0.578786
2.43802
0.00637383
-0.914266
0.216264
-0.539757
-1.32504
-0.563079
-0.447051
-2.27204
-0.528835
2.10616
-7.68433
2.18435
0.220679
-8.7807
-0.420706
-2.41096
0.613084
-0.0409618
2.37625
0.651781
0.149555
0.180872
-8.97989
1.34235
-0.204185
0.91104
0.143278
-5.56657
0.09196
-0.713788
0.267483
-0.341433
0.550073
2.05364
2.02895
-0.133074
-0.037288
1.38405
1.46123
2.43389
2.7335
1.11753
-0.172178
1.46025
0.822651
0.170306
0.228327
2.38053
-7.95612
0.578997
-0.540062
0.608107
0.0396107
-0.439947
0.179008
0.478241
0.775934
2.83405
0.149293
1.46318
1.50472
-5.38269
0.470646
-5.63464
1.29793
-7.66453
-1.35537
0.0359866
-0.126723
1.42857
0.69259
2.42088
-0.2561
2.17168
-0.44676
2.72219
1.57045
1.41994
-0.50944
-0.577816
0.00921705
0.174002
-1.62216
1.92848
1.98297
1.23651
0.174638
2.71737
0.653424
1.47304
-0.433771
-5.52763
0.132789
0.397267
1.66351
-0.490508
-0.24227
-0.494416
0.0611732
2.28412
0.817587
-5.54903
0.405601
-0.0181601
-0.0160203
0.314876
0.170629
0.902275
-0.513846
-0.00554222
-0.383784
0.0182251
-8.84549
-0.484177
-2.00582
-2.38861
-0.00086115
1.58305
0.00963395
0.765263
-0.317791
1.92738
-2.13899
0.179828
-0.0381178
-0.514547
-6.84313
2.17339
1.44692
0.146472
0.237538
2.06032
-0.822294
-0.546395
-0.884068
0.0200074
-0.400187
1.11139
0.957887
7.11431e-05
0.320805
2.17833
-0.180175
-0.185513
1.12547
0.757712
-0.54006
1.96365
-5.68078
2.24088
0.826463
1.8826
-0.419389
-0.537472
-3.40206
0.407747
2.18704
-0.508991
1.44811
0.788793
-0.749082
0.186022
-0.65929
2.61099
1.20702
0.185885
0.781542
0.152997
-0.393081
2.05576
-7.83075
1.11709
1.77675
2.79425
1.71476
-2.57495
-2.18052
-0.539437
0.0359761
2.06085
-0.318357
0.185746
-2.65568
-5.16595
2.07115
0.283
-0.638543
0.179144
1.99712
2.70075
0.130141
0.120396
1.97744
1.84562
1.11375
2.15241
-0.591084
-0.512108
1.37624
-0.667991
0.683043
0.0378525
-0.751163
2.11984
1.07599
-0.754403
-7.92109
1.98898
-1.9541
-1.443
0.0135685
0.576575
1.46205
2.19045
-2.38741
0.0124067
-0.511277
2.81808
2.9666
1.48396
1.7936
0.016543
-6.16069
2.63029
0.41531
-0.49267
0.0367094
0.0250294
-0.905359
-0.485392
-5.53394
1.12299
-0.536545
-0.34717
1.78516
1.65084
-0.515963
-0.456039
-0.422139
0.621003
1.07047
2.11394
-2.75786
0.129331
-0.332343
0.907787
-5.53865
-0.101387
1.91702
1.72021
-0.0130471
2.02114
1.82321
1.32825
0.921928
0.896279
-1.40094
1.63029
1.0164
-0.552652
0.187009
-0.476819
1.97558
-0.540018
1.05198
0.799471
1.48767
-0.487033
1.56865
3.06518
-6.7048
0.831549
0.548813
-7.48488
2.603
0.000593378
0.974288
-6.9957
0.106433
-0.201459
0.40904
0.46289
0.908702
0.908942
-3.11864
-0.00835398
-4.07582
2.03297
0.629103
-5.82118
1.75613
1.51245
2.53059
2.97978
0.168675
1.42778
-0.628107
1.18059
0.0433701
0.864752
2.43484
2.09896
-0.366378
0.0387
1.31191
-0.514271
-2.03683
-0.462699
0.364257
-3.32145
2.97519
-0.538576
-0.204784
1.98014
0.674818
0.8911
-0.416006
-1.14838
-0.15937
1.94871
-0.0591989
0.180629
0.569709
-5.74128
-0.440073
-0.537688
1.75583
1.11068
1.6719
-1.18518
1.27686
-0.258247
1.69491
-0.522741
1.47704
1.43096
2.11528
-9.00265
-5.53546
0.682184
0.00454262
-8.50955
-0.383332
0.700023
-2.321
2.49213
-0.532562
-0.423227
1.15645
-8.99921
-1.30896
-0.54059
0.225375
1.1814
1.21884
-0.41896
0.545325
1.05335
1.44271
0.80055
0.104321
0.0555699
2.69756
-0.298357
0.587589
0.48126
-0.36629
0.443755
-0.499712
1.64837
1.70343
-0.630304
-2.30119
-0.58876
-0.173056
-3.03948
1.1885
-3.4205
-3.02257
0.505799
0.231295
-0.355856
-0.699582
2.18759
2.78752
-0.747729
1.94619
2.73874
0.823232
-0.375718
-0.536666
-0.0761546
-0.621544
-1.9447
-3.37638
-0.515498
0.776345
-0.356373
0.949357
0.669757
1.78426
0.609188
1.82072
-0.435989
0.372111
0.766409
2.59127
0.840022
-5.53912
1.13845
-0.488689
-0.411595
2.10382
1.39606
-0.494758
1.53172
-0.240857
-0.244453
1.74977
-0.269173
-0.537
-1.9926
1.37917
1.91575
2.71658
0.470474
1.43853
-8.31536
1.29084
-0.271931
-0.345038
1.16037
-0.448119
0.732903
1.88667
1.64758
0.545697
2.01
-0.731066
1.42508
0.465809
1.31439
-0.202547
1.43667
1.39285
-0.465166
1.90781
-0.496785
-0.4336
0.514268
2.57618
-0.234079
0.850184
0.662546
0.730944
2.47942
0.658609
2.65956
-0.5266
-0.344084
1.78318
0.63488
-0.15879
0.583747
0.512424
-0.348887
1.26941
0.746914
2.58134
1.31379
0.806021
)
;

boundaryField
{
    SideWalls
    {
        type            empty;
    }
    Top
    {
        type            zeroGradient;
    }
    Inlet
    {
        type            zeroGradient;
    }
    Bottom
    {
        type            zeroGradient;
    }
    Outlet
    {
        type            fixedValue;
        value           uniform 0;
    }
    Plate
    {
        type            zeroGradient;
    }
}


// ************************************************************************* //
