/*--------------------------------*- C++ -*----------------------------------*\
| =========                 |                                                 |
| \\      /  F ield         | OpenFOAM: The Open Source CFD Toolbox           |
|  \\    /   O peration     | Version:  2306                                  |
|   \\  /    A nd           | Website:  www.openfoam.com                      |
|    \\/     M anipulation  |                                                 |
\*---------------------------------------------------------------------------*/
FoamFile
{
    version     2.0;
    format      ascii;
    arch        "LSB;label=32;scalar=64";
    class       volScalarField;
    location    "0.6";
    object      p;
}
// * * * * * * * * * * * * * * * * * * * * * * * * * * * * * * * * * * * * * //

dimensions      [0 2 -2 0 0 0 0];

internalField   nonuniform List<scalar> 
5098
(
-0.096716
0.952004
0.362698
2.09922
0.109211
2.33001
0.7574
0.141954
0.451091
0.58579
-0.134974
0.935181
0.336486
2.60651
0.221146
0.164243
-0.512132
-0.134773
-8.62267
-0.529344
1.76867
0.261341
0.832857
3.19338
-0.203126
2.25346
1.79376
1.5012
-8.44799
0.348327
0.799703
2.7826
1.83683
-0.0658555
0.59149
-0.467873
1.69819
1.80352
2.50344
1.06318
2.05522
-0.131191
2.22418
0.53982
0.500872
1.21623
-0.376078
2.81631
0.832919
2.13126
0.75536
2.00496
-0.392719
1.63792
2.33582
2.2192
1.7013
1.95673
2.78947
0.13146
0.351272
-0.343794
0.499296
0.44059
-0.416416
2.6407
-0.0495765
0.732495
1.43363
1.86165
1.74417
0.433725
1.27148
0.440963
0.421177
2.14326
-0.00966977
2.2462
0.603345
2.19786
0.192583
-0.221715
2.07283
-0.000540602
-0.113591
0.225625
3.59273
0.149968
-0.0213962
0.298786
1.05031
-0.715001
1.05736
2.09918
2.51647
0.556759
1.83215
2.33992
0.447497
1.37365
0.243159
2.27654
-3.87715
0.22932
2.24466
0.106466
1.73509
0.772216
2.864
-0.180503
1.97035
-7.72064
1.76649
-0.609256
1.65628
-3.4877
-0.136877
-0.899594
0.226818
3.15691
1.9795
1.14418
0.568554
-0.246981
-0.766195
-0.569391
1.51332
0.912986
2.55592
-0.645359
-0.191664
2.7195
2.68686
-0.63308
0.323647
0.0971203
-0.582425
1.81673
2.53749
1.62624
2.06641
-1.79851
1.38649
0.489621
1.24627
0.240606
1.55043
0.254426
-0.0988095
1.08398
-0.0113271
-2.18644
0.208042
1.88766
3.60184
3.08482
1.96202
0.240899
2.06149
-8.58219
1.54836
0.247158
-2.88987
1.80506
-0.166805
0.816114
0.153501
0.42908
-0.202221
1.95848
0.513918
2.13589
0.813202
1.51299
0.806424
1.5377
2.00913
-0.32887
2.05607
3.54029
-1.94034
-0.0946769
1.86614
-0.17388
1.77697
-0.0655104
2.29545
1.65426
2.11205
-0.54741
-6.90912
0.254154
1.20904
0.342297
0.709158
-0.682148
-0.269837
0.0954713
0.0264296
1.92102
-0.225261
2.02816
0.506618
1.0952
1.45401
3.08152
-0.00913247
2.56955
1.00004
1.17466
1.82003
2.02391
0.192458
1.15288
0.111749
-7.75522
0.299512
-0.138678
-0.760801
1.34861
0.962613
2.23719
0.181442
0.970257
-0.551925
1.49697
3.4144
1.92553
1.45672
-0.39257
1.76274
3.23687
-0.183073
-0.152114
0.435442
0.551915
1.6076
-0.381612
-0.109218
1.84753
-0.197072
0.781912
0.165267
2.90363
1.65415
1.0461
2.56169
-0.178649
-0.425084
0.925998
0.784681
1.43177
-1.94283
-0.29123
1.83037
-0.411635
0.298918
0.485374
2.77261
0.14154
-0.000318234
-0.453426
-0.228188
1.29031
0.000801458
-0.251815
-8.4821
-0.0742717
0.567065
1.8824
-0.528099
0.585492
-7.89535
0.521997
2.74435
-3.97329
-0.0842392
0.00781305
0.510502
1.746
-0.197512
0.0851495
-0.543295
0.0874027
-1.56957
-1.81541
1.88357
0.179317
0.746198
0.801383
-0.223763
-1.18798
2.90316
0.541083
1.38595
0.580551
0.532671
0.751008
1.66092
1.80564
0.215067
0.478945
2.19757
1.57117
-0.265079
1.67947
-1.52456
1.5077
1.7768
-0.348237
1.04478
-2.00368
2.29444
0.235191
0.203608
3.55813
-0.775321
0.136805
1.16993
3.01183
0.560608
-1.32528
-0.103849
-0.838607
0.429894
2.52848
0.856272
1.95928
2.83752
0.244052
1.83877
1.21155
2.54191
0.338479
1.81809
0.745653
0.719632
2.1709
1.2061
1.78729
1.33021
1.89584
0.669328
1.80118
-7.10115
0.435812
1.5421
-8.0632
-0.80155
1.01323
-0.0816464
3.03893
2.98445
-0.212432
0.255692
-0.203076
0.168718
0.758648
2.50884
0.437484
1.79977
1.47676
1.0299
0.223418
0.513705
2.77588
1.71033
1.57898
0.410468
-0.387627
2.68671
0.651394
-0.775065
0.332368
0.463474
-0.331853
1.87849
0.171986
0.558432
0.226163
1.60049
-0.606265
1.90058
0.24309
0.524454
-1.20163
0.551632
-0.339966
2.02765
-3.59806
1.65054
0.669354
1.84095
1.98835
1.5153
-0.502663
2.17454
-0.758488
0.961261
0.144427
-2.62211
2.94889
2.17535
1.9036
-3.92796
1.01665
1.49592
-0.23274
0.109814
-0.0650231
1.94621
0.425909
-0.427482
0.630163
-0.955544
0.180493
1.65834
3.02099
-1.46703
0.883072
1.60342
2.28447
0.515018
1.41253
-0.197007
-0.7221
0.467851
0.317497
0.543334
1.53276
0.0192072
-8.56172
0.182286
1.69088
-1.10576
-0.892076
0.275705
0.892544
1.55092
-0.483835
2.00095
1.77653
1.43702
-0.708942
1.73267
-1.05568
-0.0860003
0.228199
-6.82711
1.54673
-0.342949
1.06183
1.89255
-0.616249
-0.236371
0.579575
-0.162323
0.766341
1.5512
-1.60023
2.19393
0.201428
2.97899
-1.94825
2.05173
-0.132685
-0.585297
-0.111068
-0.29021
2.00962
-4.80088
0.343504
0.37589
-0.157959
1.86048
-0.623248
-6.93858
2.26132
-1.65066
1.20984
1.57312
-0.222078
-0.790446
1.20059
0.642565
1.77634
0.896126
0.177828
0.519272
1.60194
-1.10348
0.286841
0.37505
-0.432478
-0.774919
-0.068381
2.39679
-1.56504
2.32151
1.92596
-0.157088
0.83881
-8.8046
-0.0881829
-9.00577
-1.32746
1.39779
1.31476
-0.498958
0.564236
-0.80592
1.85299
1.96954
0.712275
1.22213
1.53368
3.01096
-0.307556
0.0319321
2.48381
-0.226894
0.248086
2.942
0.236442
-0.8576
-0.0351166
-0.140342
-2.04034
1.49742
0.418981
0.67387
3.38319
-0.141259
0.673053
0.303328
0.505556
0.823362
-0.799252
-0.605733
-0.405964
1.86264
-2.61664
-0.344882
1.97634
-0.608614
-0.332769
0.6133
0.309995
3.4657
-0.862198
-1.72548
1.8038
0.420676
-3.37689
0.130838
-0.102607
-0.180453
2.30286
-0.266531
0.0331516
-0.152492
0.318524
1.86959
-1.70781
-0.471587
-1.67157
-1.65668
0.200589
-0.195404
-2.55566
0.614645
0.177232
-2.07587
1.63043
2.01741
3.53326
0.433773
1.93826
2.58872
0.198228
0.75551
0.0203078
1.17547
-1.40678
0.990807
0.371889
0.221496
1.38601
1.13371
-0.331682
-0.881908
2.95545
0.00990933
-0.136919
0.60447
1.86614
0.879366
1.74109
-0.891219
-0.771764
0.204733
2.49775
0.42845
-0.310773
2.71313
-1.47798
2.58753
-0.188236
-0.290801
0.360727
-1.01468
-0.37927
-0.891123
2.64637
-0.56755
-0.947926
2.67706
-0.0563162
0.486662
0.420603
2.91846
-3.66482
2.39754
0.745962
0.2026
0.386009
-0.666887
1.12948
0.472156
0.336287
-0.142769
1.40762
2.14807
-0.220207
0.354318
1.9939
2.9163
-0.318976
2.09689
3.47528
-0.499022
1.0926
0.135301
2.05008
2.40916
2.12078
-5.2854
1.54676
0.611599
-0.214736
1.43675
0.539086
1.93741
0.282334
1.63158
0.878372
-1.37682
0.193511
0.556471
1.60734
2.06303
0.751061
-0.0899173
2.80826
1.82818
2.2015
0.941084
0.420343
0.200554
0.197647
2.72385
3.00085
-1.30071
1.95568
-0.234864
-2.06334
-1.48476
1.52406
-5.36552
-8.79894
-0.196574
-0.10288
0.356186
0.908282
-0.662653
1.72239
2.13083
-9.04584
2.14774
0.0639529
1.87125
-0.427569
0.106595
0.44194
2.86557
0.41207
0.330107
0.067469
-5.32805
1.35353
0.160707
0.697769
2.6537
-0.173407
-0.101285
-1.14787
0.0268779
-5.22281
2.10462
-0.0915407
3.01338
2.79476
2.62767
-0.174582
-0.739659
-6.63365
-7.70477
0.764675
-1.01048
-3.60512
-0.499583
-0.146937
2.19585
-0.673962
1.91886
-0.197289
2.59685
1.86738
-1.59849
0.90329
-4.77007
3.2716
0.21684
1.45285
-0.234631
-0.122964
0.154218
-0.117503
-1.74464
2.19075
0.309875
0.127903
-2.4959
-0.596513
0.85768
-0.253335
0.369292
0.170443
0.544598
0.949728
-0.141024
2.07999
2.63226
-1.94185
1.04509
-0.180557
1.95249
-7.80013
0.611838
0.994179
-0.19937
0.424119
-0.654568
0.395016
-0.216049
0.261623
1.84116
1.38954
-4.33655
0.436911
0.910811
1.77598
0.480266
0.204743
-0.162717
3.34421
1.12697
2.03038
-1.371
1.26671
-0.356213
-0.108296
0.552443
-0.287599
0.0312933
2.71292
2.41021
-0.417441
0.99414
-0.281834
2.42718
0.454058
-0.577673
-0.450747
-0.539909
-8.5652
0.0969659
0.572662
1.87327
-0.607739
0.594729
-1.53411
1.3058
-0.506386
-0.813122
2.19756
0.733348
2.76744
0.270459
1.93063
2.16617
2.02067
0.348252
1.81564
0.294315
0.436962
0.870049
0.594006
1.0557
-0.817407
-0.349358
0.231287
-0.100036
1.12827
1.56645
1.03797
-0.6999
-0.0090458
3.5052
-0.288718
1.94791
0.0298248
2.65549
-1.72873
1.78158
-0.069855
-0.134289
2.83221
0.112596
-3.72883
1.12971
2.92944
1.86544
0.462058
0.0668394
-0.632944
-1.19955
-1.46245
-0.917256
1.97183
-1.56302
-0.667437
-0.577086
1.19114
-0.0460183
-1.6236
0.0264915
-2.97991
1.62397
0.610234
1.71889
0.243575
-2.47487
2.67172
-0.399597
-0.259897
-1.93984
0.626699
-0.612251
-0.40028
-0.0401695
0.315359
0.178045
1.74145
-0.343894
0.0233725
-3.14835
0.229428
0.444042
0.00800832
0.501608
-0.529386
1.82231
-2.91894
2.72888
2.29052
0.762908
2.20177
1.12138
1.71615
3.12487
2.16234
-0.10006
0.132267
-0.727005
0.168501
0.278188
-0.21409
1.97698
-2.42071
2.44436
2.54185
1.67821
1.64966
-0.00833264
0.878312
-0.400718
0.184479
2.6929
1.94336
0.615309
0.661465
-0.511417
0.141279
-1.77424
-3.93299
-0.439481
0.331098
0.60642
-0.0587054
0.293662
2.77762
1.75662
2.09736
1.93806
2.06699
0.174986
0.270099
0.210412
-2.10524
0.92378
0.372087
1.35707
1.34875
2.87354
0.100293
0.0720915
0.658498
1.77444
-0.300712
0.384484
-0.915837
3.22624
1.95664
-0.914506
1.61464
0.341007
-0.0828046
1.76445
2.01957
1.0552
0.999764
0.517657
-0.497513
0.48252
0.766655
2.71813
-0.942852
2.43025
-0.283774
-0.0275243
-0.310509
1.70143
2.1422
0.105654
0.177982
3.20723
1.05953
1.41785
1.42282
2.98518
0.702788
1.87021
0.439785
1.96435
0.184625
0.38396
2.45725
3.39188
0.694027
0.230808
-1.95318
0.20968
-1.86375
1.92943
1.20147
-1.09763
1.58457
2.12942
1.55214
1.69502
0.212722
1.96375
2.46024
0.152965
3.04639
2.08692
0.716376
-0.0630227
-0.578096
0.291968
1.77941
0.920442
1.83459
2.08416
1.6299
0.0317269
0.0803852
2.14541
1.38016
2.418
0.393648
1.69493
1.9184
1.22219
2.19991
2.18447
0.335993
0.404318
1.69389
2.0998
0.143757
0.0356009
0.133071
2.18008
0.645865
1.95434
2.96804
-0.192232
2.87341
3.16856
0.391909
0.132679
-2.27901
3.44316
-2.45731
2.04356
2.99881
1.28252
-0.498783
1.24694
1.42466
3.1661
1.22533
1.06488
3.28581
2.4159
0.344077
3.25088
2.64474
0.433426
-0.319456
-1.27738
0.0633572
0.607942
2.03316
2.61975
-2.16439
0.237602
1.30638
0.71391
2.47954
-0.252944
2.90189
0.107211
-0.0723387
1.3983
-1.04114
2.12822
0.586188
1.34887
-0.213407
2.62078
1.75364
1.929
1.87934
-0.0774352
0.572834
0.148082
0.858714
1.16213
2.77146
1.94452
0.0700229
1.18645
0.584817
-0.211882
2.59725
0.448015
2.1795
0.501022
-2.30237
-0.146682
0.582
1.01535
2.92301
0.506264
1.24707
-0.18229
0.278833
2.52043
2.60586
-0.187851
2.46791
1.00564
-0.178869
0.880815
0.940355
3.38709
0.416088
-2.11813
2.25807
-3.41527
2.08056
-0.561485
-0.155043
0.254584
-0.729528
-0.385292
0.120357
1.85124
0.314164
-0.378666
0.0426837
0.248358
-0.777771
1.28907
2.80803
1.71979
1.45584
-0.315632
-0.254809
0.438882
1.31078
0.177439
0.0581394
0.177622
0.0141731
0.353205
1.60146
1.06736
1.21135
1.62003
1.03184
-0.653795
-3.87951
0.38232
0.0839756
3.21097
1.42297
1.19979
-0.248939
0.0949891
0.254015
0.302976
-0.155673
-0.0239764
0.24321
0.0447074
1.8906
0.173275
0.189265
2.01307
-0.412989
-0.0322542
2.74689
-0.260534
-0.570244
0.745886
1.81477
-0.0367058
0.689813
0.041419
0.389158
-0.603315
0.331272
2.09033
-0.187971
0.914575
0.202653
-0.166662
-0.0556418
0.376179
1.75326
0.556369
-0.287734
2.74644
-0.434074
1.91114
-0.0624898
-0.779299
-1.70831
0.302958
-0.570995
1.71347
1.87241
1.84206
0.581297
-0.266853
2.44715
-0.0793921
-1.30742
0.0389402
-0.204732
0.210029
0.470008
2.49204
-0.501427
-8.0742
0.244282
1.51106
1.43834
-0.0820197
1.07376
0.269026
0.444292
0.667687
1.13464
0.781131
-1.15653
-0.130377
2.63368
0.628161
0.0816322
1.12156
0.0462358
1.43104
-0.176943
0.201856
0.288871
1.66445
0.135816
0.328969
0.812501
0.0645585
0.847621
0.47436
1.8577
0.2727
0.151151
1.55247
1.64126
-0.0393521
1.46495
1.46597
1.92285
2.15159
1.84989
0.530429
2.8748
1.24371
-0.431957
1.20265
-0.210213
0.472886
0.159146
1.30878
-0.117624
2.8615
0.621143
0.788386
-1.36603
0.869676
-0.325059
0.669547
-1.69636
1.5043
-0.99109
1.51587
1.3372
1.88603
-0.246469
2.22416
-0.283339
1.6415
1.80066
1.03669
0.116323
0.069076
-0.422606
1.99856
-0.116478
-8.59927
1.98658
1.05215
0.37322
2.02368
1.80046
0.155678
2.62735
-1.40407
-0.120644
0.119027
0.192573
0.410782
0.152823
0.244395
2.89642
-0.131964
1.06551
0.344945
-0.0134188
1.90117
2.12622
0.0370642
0.178694
1.82129
-4.01168
1.53198
1.89569
0.291017
0.213689
1.0589
0.422797
2.93231
-0.737425
1.78812
0.209195
-0.483103
3.01893
1.86404
0.490771
2.36924
0.254211
2.1811
2.11348
0.493982
1.78473
1.54162
1.82231
1.8362
-0.168219
1.94932
-0.641981
0.637252
0.0285438
-4.63841
2.13921
-0.464013
-0.779166
0.659336
0.255241
1.18317
-1.1433
1.64223
0.62876
1.43335
1.76181
1.27217
-0.097446
0.275896
0.0825627
1.80364
0.789132
-0.317951
0.138716
-0.766222
1.94811
-0.292475
-0.258762
1.81005
-0.275452
2.12013
1.41444
-0.350442
-0.660975
1.99294
2.26061
0.24443
1.87767
-1.07742
0.000459156
-1.41103
0.694984
0.119176
-0.602539
3.12752
0.58227
-1.50887
0.0972299
0.0262324
1.72829
0.944172
0.113758
-0.558342
-0.227504
0.155686
-1.01919
1.15566
2.60642
0.542058
-0.0988915
0.0520808
-0.460204
2.47765
3.16578
-0.406493
1.12413
1.75544
-0.505503
0.768101
2.8376
-3.59271
0.179564
1.86192
1.99148
1.95975
0.185585
0.959508
0.0437724
0.935048
-0.914882
0.177655
1.8956
0.290751
0.676406
1.03512
1.75683
1.66142
0.219252
1.16161
1.9034
1.68985
1.48522
2.95121
0.0699511
2.75895
0.254651
2.69987
3.35891
-0.360669
0.428014
0.961663
1.86125
-7.57529
1.29169
1.12082
0.204571
1.8188
2.43354
1.88425
1.93319
1.01949
1.0418
-0.199933
3.24473
-0.317238
0.498458
-0.253302
0.00450868
-0.30588
2.00781
1.92816
1.56957
2.01967
-1.09143
0.210035
2.1067
1.57536
0.444675
0.322909
0.614327
-3.1175
0.805984
1.84931
3.09553
1.86227
2.24844
2.16102
1.83414
2.95592
1.59365
1.8636
0.875291
-0.0988722
0.627313
1.35128
1.21523
3.28479
0.101938
0.841953
0.0134003
0.205726
3.12954
1.418
0.507293
-0.0109483
1.34455
-0.125668
0.273427
2.34276
1.86269
1.49394
1.89364
0.447792
2.53521
-3.55118
1.46345
0.833176
0.590138
0.478793
2.58733
0.550698
0.513392
1.94378
1.57708
0.339188
1.7545
2.66912
0.226801
-0.207463
-0.276581
-8.04687
0.123587
-0.266888
0.344794
1.8279
0.763627
0.169137
1.74899
-0.77149
0.277467
0.197766
-0.971409
0.0477003
0.567834
-0.354545
-0.442418
1.66665
1.89803
2.27603
-0.465305
1.26365
0.432917
1.80441
2.58705
0.0129615
0.0804557
0.217333
2.68212
1.23509
0.0374394
0.0519426
-6.92237
0.182795
0.401978
2.85456
0.218328
0.0155958
1.36393
0.638236
0.0627944
1.2543
0.592187
0.835308
-0.164851
-0.243209
0.510333
-0.390137
0.168257
0.625314
-1.0228
1.92744
1.3241
3.04432
0.812383
2.80844
0.163179
2.02705
-0.0279677
0.483534
0.279184
2.52371
0.428314
0.53548
0.587526
-0.89778
0.0657472
0.0566688
0.144504
0.204642
0.356794
0.247947
0.360841
1.51635
2.08504
-3.62519
0.424915
0.453319
0.312777
0.521303
1.91626
0.29053
1.18536
0.420858
0.178696
2.35653
0.0295358
0.811536
0.0139179
0.141007
0.319144
2.33374
-0.0755297
0.272271
0.169305
-1.97194
0.249223
0.252111
2.72128
2.10007
0.0416421
-5.82927
-0.00217366
1.81608
0.32428
0.32393
0.0246933
0.706189
0.354292
0.21311
0.169676
0.0255613
1.31889
0.242568
1.72403
-0.0571528
0.157905
0.769611
1.26745
0.338143
0.506309
1.8544
0.615221
0.260721
0.204457
0.256372
-0.0205508
0.0369644
1.88309
-0.940415
-0.460127
0.416032
0.200737
-1.45306
0.371622
0.242778
0.173537
2.46382
1.80133
-6.88428
0.237393
-0.215145
-0.233358
0.363537
0.215549
1.94196
0.743835
1.8907
1.6864
-0.802902
-1.68706
0.280665
-6.93215
-1.18224
2.008
0.25882
0.827661
-0.465925
2.01792
0.161112
1.96893
0.355699
0.398913
2.26648
0.0841624
0.0166322
-0.128285
2.40959
0.3133
1.80973
1.89841
0.17806
0.166471
1.84642
-3.95276
2.36032
0.350884
2.30266
0.190489
-0.00614221
0.402916
1.81382
2.24237
-0.229606
1.94887
1.30394
0.246964
2.53716
1.28324
-0.181088
1.85527
0.222441
0.355315
0.124438
-0.155123
0.231115
-0.284436
0.00981769
1.74942
1.50698
0.155625
0.171831
1.30618
0.340045
2.08431
0.262167
0.0745512
0.0888511
0.418751
0.222636
-2.03786
1.45853
-0.192992
0.230537
-1.36389
1.81695
0.163601
-0.477443
0.266391
0.775992
2.69326
-0.636733
0.00853886
1.13684
0.635558
0.111123
-2.81884
-0.560693
0.52609
0.16807
0.635554
1.81886
0.0238495
0.252508
-0.357637
0.204652
0.115427
0.382344
1.93117
0.353342
0.064599
0.285945
-0.375494
0.344796
0.206448
0.957014
-0.233003
0.40264
0.436582
0.252066
0.243876
0.0583944
0.0375519
-0.113645
0.279155
0.308599
0.95647
0.878782
0.208082
1.38703
1.37304
0.2263
0.0712049
1.53536
0.52679
0.078956
0.332383
0.373447
1.04754
-0.283255
-0.192031
0.0636144
0.83994
0.314677
1.42982
1.68764
0.237066
0.413576
1.9557
0.200782
-0.228332
0.203826
-0.250372
2.25043
1.8569
0.251182
0.130244
0.212448
0.22889
0.115723
0.284597
-0.303026
0.381577
1.91576
0.534199
0.214706
1.86887
0.227323
2.57623
0.241004
0.254959
0.389927
0.258997
2.37818
0.212666
0.131978
0.126285
0.127032
1.60593
1.25703
0.222146
1.95373
0.213595
1.32585
2.20597
0.772464
1.44131
0.20282
1.12544
0.189661
0.509104
-0.29165
-0.0254617
0.186648
2.10413
1.20033
1.55088
1.26906
0.00611426
0.151801
0.216611
0.284986
1.12811
-0.0105795
0.12341
0.0127903
0.138779
0.215354
0.31519
-0.194288
2.73848
-0.0567198
-0.481558
2.57524
0.411891
0.134603
0.172552
0.151217
1.52402
0.163096
0.188819
-8.01266
0.120091
0.564776
1.87456
0.210161
0.155678
-0.267468
0.0555812
0.34835
0.166506
0.21382
0.182299
1.95302
-0.15051
-0.74829
1.56531
0.244647
-5.40755
0.260278
-0.0876137
0.151437
1.81066
-3.04088
2.08168
0.257547
0.199426
-0.570129
0.172539
0.399749
0.238933
-0.176176
-0.601704
2.6095
-0.263965
-1.53204
0.0347334
-0.299625
0.13607
0.222518
-0.522412
0.0448855
0.179329
0.360439
0.21377
0.134629
2.06729
0.701999
-0.000688949
0.279895
0.184437
-0.195033
0.235208
-0.617128
0.240615
0.245869
2.03568
0.403172
2.11121
0.0927164
0.405804
0.176924
0.0254415
0.0667274
-8.05543
-0.106225
0.205976
1.07322
1.50238
1.22997
0.123442
0.186039
0.176504
2.03038
0.263583
0.575769
1.29559
0.00939252
0.210375
-0.961928
0.214523
0.0371739
0.218593
1.94552
0.01344
1.33225
0.170277
1.75701
0.149348
1.00862
0.0213241
0.113655
-0.467344
0.196362
0.155329
0.319173
0.34961
1.65665
0.145182
0.406581
0.274974
0.202508
0.711535
0.149384
0.202195
-0.217411
-0.540043
0.162598
2.1024
1.77751
0.0979567
0.214274
0.00105224
0.084253
0.694072
-2.85686
0.121312
2.36197
0.524189
0.086868
0.0819593
-1.62254
1.93332
0.314925
0.134027
0.0710307
-0.779018
0.325759
0.123046
-0.274869
1.24564
1.30065
0.177857
0.458413
0.274554
2.15532
0.0371634
0.0659746
0.134508
0.15609
-1.50242
0.212347
0.173441
-0.0192504
0.225915
0.0765333
0.460756
0.0429706
0.217786
0.296396
0.237586
0.140338
0.175113
3.08004
0.120369
0.327056
0.0243621
0.333787
0.783275
0.195605
0.286397
0.700269
0.127039
0.169476
0.155727
0.0586687
2.1386
0.0304819
0.19192
0.354899
0.0760924
0.0760047
0.271886
0.0938453
1.92676
0.261036
0.0684365
1.31645
0.164774
0.105947
0.122089
0.418364
-0.480947
-3.93086
0.531013
0.163246
0.365923
0.072832
0.0851454
1.8634
1.88714
0.0924798
0.240799
0.209362
0.197089
1.97857
0.0276344
0.196988
1.98557
0.149625
1.93122
0.134715
0.118735
0.336275
0.129013
0.0156414
2.15567
0.229631
0.0115008
0.300267
0.333337
1.69245
2.40644
0.037594
0.382252
0.126063
0.0770257
0.00464049
1.72152
-0.349141
0.000779037
0.101353
0.254549
0.173758
0.205416
0.153151
-0.4919
0.0126891
0.0586785
0.195276
1.93555
-2.91605
0.0938076
0.207074
1.42421
1.49298
0.0721352
0.00797751
-1.2769
-0.189888
0.0473811
0.110393
0.0331261
0.110043
0.0139481
-1.38019
0.0526062
0.420203
0.0989421
1.99681
0.0578047
0.206864
0.128884
-0.0980732
0.0493798
1.72124
0.405755
1.97258
0.382161
-0.299025
0.086748
0.198885
0.140581
0.185155
0.231345
0.0697179
0.0866405
0.20264
0.0139331
0.0570891
0.191784
0.0811903
0.0624919
0.118768
1.91878
0.139935
0.159609
2.04706
0.08544
0.178215
0.0726848
1.0699
0.110848
0.223286
0.0897115
0.0939362
-0.805856
0.385471
0.102211
0.409407
0.105317
0.300377
-1.16789
-0.0166007
-0.305867
0.232367
0.106031
0.179565
-0.131852
0.0742073
0.0836882
0.112245
0.596047
0.194454
0.185887
0.850555
0.0519564
0.0648954
0.0566068
0.293839
0.0814349
0.0201825
0.111821
0.17113
0.201306
0.120405
-0.0157406
-0.255493
2.67377
0.111699
0.0878284
0.10402
-0.138464
1.94722
0.235224
0.394671
0.00736469
1.98542
0.0700961
0.775663
0.263555
0.0193484
0.0741742
0.290794
-7.88587
0.227751
0.611162
1.4943
0.089869
0.0110551
0.212318
1.93393
0.143175
0.093334
-0.0123714
0.245978
1.6621
0.283775
0.0811248
0.0643878
0.120935
0.107873
0.0912517
1.23129
0.24295
2.35993
0.00489433
-0.330929
0.362099
3.02112
1.13882
0.121238
0.0849845
0.148356
0.172719
1.81206
0.294431
0.176866
0.16081
-0.333429
0.114561
0.21472
0.0941468
3.39428
1.50883
1.83483
0.134383
1.88691
0.0403654
-0.00419855
-0.301231
2.22705
-0.260725
-0.279564
0.0752083
1.25166
0.241591
0.119743
0.35976
0.277245
-0.335427
0.435742
-1.95497
0.116904
1.85009
0.221894
0.189377
0.0878454
0.0957906
0.124387
1.84153
0.103772
0.0120523
0.087334
-7.28027
-0.00266247
0.159878
0.169955
2.74214
-0.245178
0.360463
0.182365
0.0903024
0.105936
1.71024
1.91957
0.123909
0.159306
-0.698861
0.147545
0.767699
3.04195
1.31672
0.517662
0.243913
0.194377
0.104852
1.07942
0.133771
0.180981
0.0997789
1.07592
1.85985
1.58487
-0.365211
1.16726
0.173698
0.408212
-0.241566
0.260467
0.15146
1.77906
0.357322
-0.629806
0.110801
2.62406
0.290926
0.201877
0.219964
0.232188
0.431077
-6.4637
2.82868
0.263546
0.348989
-0.578327
0.185368
0.271382
0.501545
0.155933
0.39239
-0.0132794
-0.44056
1.89059
0.168568
0.454194
0.163242
0.895676
0.270707
-0.474604
0.114642
-0.262908
3.16092
0.110392
-0.530584
2.85114
0.0233886
0.25408
0.224012
0.0473582
1.97671
-0.123896
1.96053
1.92677
0.299241
0.200727
1.91193
1.11945
0.327061
0.0428899
-0.172137
-1.88327
1.94007
0.139447
0.165861
-1.07253
0.509545
0.36345
0.18297
0.223954
1.92912
0.213521
0.179165
-1.21684
0.0939151
0.0862753
0.100453
-0.916013
0.0244895
0.379672
0.151444
0.453424
0.130144
0.185923
3.04322
0.224957
-0.242448
0.61072
0.0800313
1.7891
0.199298
1.93678
0.152862
1.62569
-0.745792
0.236651
2.46537
0.135116
-1.08053
2.02528
0.494263
0.236553
0.120508
1.88612
1.85439
0.126695
1.91527
2.82181
1.00741
1.96361
-0.386628
0.192515
2.56002
-2.81685
0.690279
0.291826
1.85418
-1.41258
1.9729
1.88199
2.0659
0.231604
0.114181
-0.00453625
0.0973229
0.253412
0.0185236
-0.26301
0.176239
0.0958153
0.122209
0.22754
0.245668
-0.0120445
2.13272
2.30342
2.19875
0.271544
1.14711
0.423899
0.996353
0.256337
0.295859
2.96181
0.244891
0.316964
0.423104
-0.814351
2.38687
0.251939
0.362191
-0.859015
0.404895
0.427958
0.194665
-0.239975
1.30083
0.080382
1.29255
1.90703
0.00615798
0.292817
0.475858
1.79763
-0.0270002
0.038921
0.173354
0.0185635
1.41392
0.495682
0.285156
3.3551
2.42868
0.243705
0.205239
-1.19056
2.70614
1.53178
0.517543
3.09086
0.0810968
1.63879
0.952169
2.79585
0.541266
-0.0345256
1.366
-0.995474
0.0174014
0.197217
0.402634
-0.197358
2.8441
0.371861
0.33162
0.405124
-0.0487494
1.17978
3.15618
0.488703
0.330174
0.250574
1.67046
0.225937
0.483798
0.721997
1.53974
0.264534
0.264518
0.356575
0.458334
0.726898
1.5695
0.266553
2.77944
0.346186
0.331858
1.84981
0.0822617
0.0175247
0.357558
0.0977944
1.26675
0.0686515
0.737349
0.0521787
0.331008
1.42574
0.142384
0.189686
0.487526
0.374646
0.290139
1.41339
0.0791828
0.242251
0.0161879
0.508942
0.19775
0.272474
-0.688417
0.00897486
0.740619
0.648494
0.381838
0.583279
0.20808
-0.232419
0.410642
2.05417
0.245889
0.424064
0.399927
0.359484
2.48785
0.34316
0.476098
0.501667
3.39171
3.05398
0.25955
0.153876
-2.70718
0.00256619
1.71322
1.92229
1.73069
0.439416
0.0449617
0.382521
2.63821
0.367864
0.537142
0.745963
0.327469
0.387302
0.393903
1.69815
2.60341
0.229067
-3.01488
0.390035
1.67463
2.29642
0.200298
0.717023
0.118277
3.09997
0.0204284
0.249725
1.18729
0.441264
0.0558959
0.0673044
1.89056
0.0258454
0.0123049
0.393836
-4.32853
0.341062
-0.00212582
2.56645
1.29264
2.0287
0.488971
-2.36512
3.2628
0.304326
0.410571
1.02552
0.335314
1.36883
1.79665
1.83948
0.0103957
-0.150056
0.330201
1.87885
0.252895
0.0591538
0.238469
1.82719
0.593843
0.0843684
0.253625
0.926305
0.14681
0.0568442
0.398935
0.352104
0.293127
0.441383
1.5833
2.57623
-0.736997
2.01438
1.48733
-0.0495589
0.0555642
-0.174605
1.75549
-1.18129
0.486191
0.477331
0.419424
0.37553
0.542409
3.33416
0.0219679
1.95488
1.39654
0.405034
0.208278
0.369423
0.185378
0.508277
-1.23735
0.268951
1.21078
0.431889
0.287007
2.06914
0.53065
0.658574
0.602029
-0.128078
0.45528
0.825274
0.514923
1.37002
0.484632
-0.00925131
2.41348
2.11434
-0.450028
1.44889
0.0490718
1.28418
1.7438
1.83354
0.437594
-2.43955
-3.20556
0.433474
1.81638
0.149348
2.3283
0.0752827
1.05629
-0.212055
-8.13207
1.91309
0.308935
1.92363
0.9865
0.434367
0.453602
0.0482955
-0.710585
1.35565
0.442398
1.89306
0.651718
2.29694
2.43408
0.277077
2.14939
0.485824
-0.0203627
1.12931
2.38532
0.633083
-0.754111
1.92678
0.692336
0.548714
2.33301
1.67468
2.27173
0.382818
0.219991
0.466724
-0.426529
0.585497
0.493347
1.24976
-0.170177
2.00387
-0.0252896
0.317651
1.45498
1.96092
0.702647
1.70942
0.132751
-0.303163
0.245277
0.185372
-5.71761
1.41716
1.37614
-0.178847
0.306055
0.61216
0.45627
1.08454
2.36536
2.51849
0.842127
0.700678
0.697439
0.569927
1.54406
0.0416625
2.04682
-1.47869
0.410485
0.302859
0.351104
1.14943
1.92717
2.06763
1.36836
0.429758
0.126752
1.88804
1.87752
1.78804
-1.15376
2.04669
1.20337
1.88636
1.211
0.46074
0.546077
1.75948
1.58998
-0.0800322
1.88756
0.374056
0.577973
1.61458
0.317707
0.0285453
2.73873
2.23805
0.497302
1.67595
1.03654
1.65469
0.482562
0.475371
0.190667
0.300618
0.38226
-0.19535
0.244345
0.27695
0.236036
1.88539
2.50396
0.477503
1.89966
0.45927
3.65877
-0.619692
2.05903
0.485063
-4.60845
0.0864237
3.61291
0.595885
0.359317
3.54378
0.768396
-0.750436
1.74116
3.48586
0.491302
3.41319
1.40041
0.441872
-0.342036
3.28946
0.194419
0.394034
-1.02819
0.885173
0.405361
1.94428
3.11061
0.0381387
0.714214
2.10742
0.526039
1.88175
1.77563
0.21348
-0.630288
-6.52344
3.05481
0.725695
-0.526576
0.561937
0.5103
3.00892
1.2962
0.490074
-0.465538
2.95431
0.0060904
-0.408118
2.90523
2.03076
-0.351723
-0.386298
-0.301918
1.24513
2.1097
-0.338564
2.84689
1.89734
0.54368
-0.287063
2.30142
0.759372
0.734293
0.251725
-0.224514
1.80768
1.90991
-0.936723
1.79754
0.558057
0.00458669
-0.605708
2.69878
1.01148
1.81399
0.433593
-0.220446
-0.214413
-0.206412
-0.204259
-0.210989
-0.20014
0.372852
-0.186182
-0.239076
2.37101
2.66172
1.0847
1.29524
0.622858
1.55977
-0.259826
2.64028
0.00142046
-0.277755
2.15152
-0.639976
-0.286148
0.255318
2.53064
2.02334
1.54046
0.874434
1.98824
-0.191066
-0.299349
2.50616
-0.260205
0.502893
0.0480369
-0.432408
1.83082
2.46722
0.37353
2.15117
0.226641
1.67661
-0.351483
0.292317
0.611043
2.43036
0.210809
-7.98807
2.38954
-0.827385
0.169942
0.306304
-0.407388
2.35518
1.71023
0.783074
1.88998
0.603164
0.167065
0.129515
-0.432982
-0.226395
2.2934
0.874097
0.195667
2.00489
0.937778
-0.0841797
0.329311
-0.445452
2.28138
-0.239565
1.73323
0.193769
-0.0221301
-0.491129
2.2366
1.1717
-0.233672
2.19252
-0.532387
0.24618
0.207363
-8.04542
-2.10362
2.16481
-0.52122
2.08339
-0.58588
-0.480974
1.71168
0.00552746
1.53569
0.15753
2.04085
-0.523981
0.800893
2.70741
2.16998
-0.687173
0.0978595
2.00692
-0.297241
0.191833
1.70505
-0.673633
1.91094
1.95657
0.0291095
0.642259
-1.44629
1.89899
1.44226
0.488176
-0.408277
-0.685139
-8.23696
1.89925
0.685801
-0.311945
0.470092
-0.367595
-0.586041
-0.454014
1.48874
1.86198
2.37355
1.74105
2.4983
1.90113
-0.756328
0.97099
0.591451
-0.235598
1.65985
0.155244
0.277732
1.41369
1.74207
0.279594
-0.786588
-0.255013
1.7982
0.197041
0.465802
2.07401
1.6705
0.497845
2.89787
-0.0638168
0.997972
0.625444
-0.837912
0.605436
-0.185159
1.73084
2.08831
1.97194
1.69477
-0.909661
1.66358
1.59509
1.55061
1.45292
1.38061
1.29219
-6.02678
1.60778
1.21827
1.87339
1.08036
-0.284621
2.61027
-1.05569
0.226091
-0.198604
1.80249
-2.35566
2.28203
-1.28167
0.656644
-1.6528
-0.196242
-2.23441
1.88026
0.149393
-0.20185
-3.05727
-0.650524
0.264668
1.88191
-0.306254
-5.36901
1.96076
1.92596
0.0835009
-0.0440197
2.02566
0.634651
-0.168618
0.539176
1.12688
1.84279
-0.632131
0.550253
0.156764
1.99148
-0.673332
-0.300611
-0.205401
1.42357
1.89636
0.583673
-0.699601
1.30702
2.07471
1.343
-0.798495
1.98393
0.879682
1.49026
0.259145
1.83066
0.355567
0.00364536
-0.0187148
1.23991
-1.96624
2.5207
0.434603
-0.691268
0.521131
-7.44887
2.25351
1.98492
1.7612
1.9328
0.589037
0.470037
0.0544537
-0.177319
0.543161
0.0637421
0.539598
1.5963
-3.36095
0.365111
3.08292
-0.00482639
1.39151
1.44268
-0.156199
0.283491
1.27322
0.504438
1.44232
1.45017
1.92048
1.92931
1.87175
0.514584
2.06516
-8.82068
0.238075
0.112857
-2.24469
0.760619
-0.381934
2.00957
-0.162348
1.70732
-0.348192
-0.25001
0.644538
-0.511898
-0.0753689
-2.50947
0.606842
2.00399
0.0661359
0.303148
0.164845
0.803606
0.488294
0.245387
0.130481
1.72512
0.600411
0.198843
1.63646
0.601253
1.68791
-0.852713
0.469128
0.41315
0.0629166
0.636723
-0.194972
0.575268
0.227779
0.031928
1.42375
2.54193
1.15758
-0.889193
1.8739
0.482611
1.63402
0.0360991
0.126909
1.38088
-0.40707
-0.009071
-0.105572
-0.141494
-0.396832
1.76837
0.105355
2.0743
0.276304
-0.0176909
2.63517
2.50314
0.179231
1.19864
0.334718
0.18403
2.04093
-0.148376
0.574101
-0.703654
0.242877
-2.10663
0.152287
0.91944
0.581072
0.0307885
-0.848111
1.93614
-0.177092
-1.17573
1.14005
0.608092
2.47973
0.486296
1.11172
2.60924
2.64424
0.085095
2.35501
1.66056
1.8082
0.651183
2.31408
1.97222
0.93434
-3.37754
0.468708
1.61742
1.57608
-0.0257037
0.133991
0.347286
3.1884
1.63346
0.631133
1.83738
1.42172
0.53476
1.78497
0.939643
2.25194
0.312659
-0.892921
0.524178
2.84704
-0.0639243
1.997
3.67835
1.76963
1.67841
0.708075
0.841887
-0.0218091
1.96519
2.99853
-1.29541
0.335627
2.89252
0.70196
0.550935
3.16502
0.391349
-0.17194
0.763016
0.340502
-8.10468
0.936182
0.0194196
-0.408168
0.448296
0.63019
-0.0734547
0.564522
3.1815
1.95239
0.839295
1.32768
1.74213
0.227976
1.60492
-2.29131
3.43567
0.261493
-2.52072
-1.97248
2.48348
1.62194
1.90025
0.583489
0.0304806
-0.912342
0.230974
0.415341
0.458645
1.22684
0.43146
0.461021
0.286216
1.7423
0.638242
1.82488
0.167642
0.328967
0.742388
2.89396
1.83677
-1.6824
1.45367
-1.06373
2.06287
-1.0162
1.80066
2.852
-1.75272
0.473446
0.199156
0.544182
1.88947
-3.27275
1.22248
0.238786
1.77164
-0.567416
0.39571
2.37814
0.464652
0.192978
0.0464985
1.76846
2.07197
-1.25524
3.29555
1.55079
0.792598
1.6416
0.308079
1.87571
0.124796
-3.0859
0.0691211
-0.0127229
1.87638
0.55788
0.788603
0.256585
2.79097
1.15573
0.299901
0.18781
0.478103
-1.23355
1.53537
1.28017
1.19636
-0.615212
0.273975
0.38908
1.29982
0.350828
1.48736
0.456535
0.511793
0.359978
1.38514
0.928759
1.71786
-0.0223109
0.174731
0.606718
1.88581
2.09472
0.57644
0.030926
0.14127
-0.550659
1.40329
3.33689
1.99932
-1.92862
1.2498
-0.131224
1.9083
0.108808
1.51917
2.51427
0.0885415
0.37686
-0.27953
1.89904
0.329864
0.481809
0.235081
-0.531499
-0.0740448
0.0343406
-0.937326
1.93095
1.26425
0.50702
1.7849
-0.192528
1.93914
-0.170108
1.90185
0.451534
0.201709
1.80076
-7.7159
1.69467
-0.268937
-0.273117
2.66549
-0.295803
0.476813
-2.75921
0.137087
1.19414
2.38273
0.00975992
3.31138
2.91861
-0.840293
2.4614
0.452464
1.89664
3.13473
-1.75156
0.0341493
1.26093
1.65482
0.62979
-0.342521
-2.46457
-0.994283
-0.135308
0.481221
0.537233
1.80873
-1.26037
0.762461
1.60105
2.21549
-4.83207
2.25943
0.156542
-4.49274
0.353786
1.62232
1.87343
0.900288
2.13884
1.12884
3.63899
1.59808
-6.57658
3.57984
2.4127
2.53048
2.07182
3.52023
2.58734
0.569087
1.42926
3.45172
1.43347
0.537231
0.241354
1.81844
-2.89127
1.4118
1.6822
0.158468
2.4532
1.84583
-1.03923
0.279178
0.433682
2.3504
2.33089
0.408221
0.207114
-0.273931
-9.50906
2.13158
0.46162
0.529912
-0.250103
3.32863
2.54941
0.533018
1.37576
-0.352644
-0.23347
2.19321
0.39217
3.08213
1.73144
-0.338498
0.561048
-0.260591
1.48418
0.0504661
-0.298067
-2.31356
3.01709
-0.57238
-0.252232
-0.766927
0.0889311
3.03282
0.316942
-1.19277
-0.57917
1.03206
-0.657529
2.60581
0.837342
0.912469
-0.19139
0.116969
0.841328
-0.491119
2.98174
0.0483877
0.475115
1.93986
1.17852
-1.07721
-0.433464
1.60578
-0.4331
-0.371552
2.66608
2.93114
2.34532
-0.267577
2.87525
2.49152
1.79114
1.49008
-0.377593
2.02097
1.58807
1.92268
1.89446
2.4519
2.04675
-0.0871299
-0.716512
1.63298
-0.337014
1.69527
-0.524463
-0.102433
-0.744921
2.28873
0.142942
0.701583
-0.115876
2.13182
-0.914665
-0.31672
0.214264
1.64692
-0.837638
-0.572198
0.105198
1.76598
0.710982
-0.273236
0.458996
-0.0620366
0.492208
0.55556
0.0688936
0.463864
0.504474
-0.874608
1.64364
1.8125
-0.36709
0.364459
0.271235
-0.69842
1.14342
1.63764
-0.560038
1.34367
1.32859
0.742714
1.82405
1.7074
2.68171
1.93446
2.57344
-0.036874
-0.216356
1.14442
-0.209447
-0.203835
-0.205327
1.3451
-0.207204
-0.195946
0.655631
0.455851
-0.248598
0.495902
0.87817
-0.122296
2.64715
1.75882
3.36809
-0.268913
-0.0236145
-4.09973
3.23445
0.278049
1.16235
-1.36761
1.09578
-0.282855
-0.371821
-0.54719
0.948809
-0.237188
-0.292293
1.67072
-0.0156479
1.61669
0.502971
0.938051
-0.975473
2.52157
0.758206
2.75786
0.534116
-0.284391
1.91867
0.248445
0.884011
0.399297
-1.21444
-2.16747
0.408433
2.48723
1.76227
-0.233502
2.46419
2.48008
-1.05357
0.196137
-0.292602
0.721864
1.53918
0.371795
0.274656
2.4484
0.746628
0.618367
0.965048
-0.38703
-1.06782
2.75056
0.0749729
1.56363
-0.437404
1.77066
0.463239
2.15987
2.40976
0.00638111
0.487862
1.70442
-0.15983
1.55923
2.0805
0.544463
2.37263
-0.796692
-0.277257
0.560138
2.22945
0.0880634
2.26202
-0.00800787
1.99775
1.79023
1.46458
0.570845
-0.424211
2.32582
2.38793
1.90315
-0.266516
0.36256
-0.083044
0.0409475
0.222272
2.79335
-0.220362
1.02976
-0.440049
2.29217
-7.96542
0.376851
0.296485
0.960184
1.89421
0.249328
0.108296
3.18536
1.73251
-0.466314
2.25976
1.48437
1.59333
0.383248
-1.1117
0.0931525
1.44382
0.5056
1.92648
2.21451
-0.511235
0.389771
1.73603
0.560152
-4.49241
1.62844
0.90705
0.553349
1.23872
0.354455
1.30115
2.17723
-0.53047
1.22023
2.20994
1.80525
-0.601805
2.12589
-0.549936
1.8152
0.144095
-0.196143
0.675264
2.44823
0.36111
1.73743
-0.405641
2.06119
-0.564749
0.247425
1.32307
2.54232
-0.183494
1.62008
0.815994
-8.13763
1.70607
-0.591786
2.02481
2.31152
1.80146
-0.0904659
2.59565
0.48627
1.87378
0.231232
-0.681917
-2.02192
1.98254
-2.94417
1.26865
1.53566
-0.68613
1.89769
1.92627
0.581436
1.89578
0.887006
-0.353886
2.71981
-0.60821
-4.06037
-0.288492
1.87841
-0.324951
0.516374
1.78364
1.69162
0.340591
1.13867
-0.516599
1.10881
-1.07716
-0.836135
1.35438
2.88886
-0.327342
1.94984
3.13839
1.1823
1.3475
-0.76901
1.81831
-1.5483
0.93072
-0.090718
0.736214
2.27316
-2.86249
-0.807374
1.7651
1.62101
1.23133
1.08814
0.154369
0.720985
1.03549
1.02581
1.92942
1.66749
-0.260121
0.837809
-0.863828
0.299127
1.92976
-0.189944
1.69773
1.75926
0.299745
0.414225
2.61097
0.522429
0.290659
1.63083
1.63022
1.34515
1.57307
-0.0163604
1.50458
1.41718
-0.0636812
2.25875
-0.962019
0.995994
1.33594
2.34764
1.25054
0.869634
0.560295
2.38165
2.30086
-2.62821
1.47281
1.0485
-1.14501
1.17717
1.49325
0.922823
-1.43145
3.264
2.51914
-0.179178
1.25872
0.583172
0.211567
-1.9028
1.06425
0.753202
2.19938
-1.34215
-2.60312
2.41474
-0.460499
-0.186876
0.218263
1.92228
0.938959
2.00876
0.0605446
0.225442
2.84506
2.99389
1.54746
0.463119
-0.206337
3.6682
0.480937
2.44089
1.90386
0.254785
0.397303
-0.409936
0.142258
2.31641
-0.87185
-0.161148
1.18028
0.0982914
0.343173
-0.299676
2.54476
-0.720197
-0.257565
-0.538083
0.28698
0.786219
0.286593
-0.230301
0.918039
0.571398
0.500944
0.191862
2.89332
1.83157
2.03875
2.08194
1.12301
-0.0310223
2.85507
0.316121
0.433317
0.215734
1.60633
-0.695823
0.670196
2.35669
-0.357531
-1.41237
0.556788
1.94259
1.24858
-0.422512
-0.527103
1.87237
1.98024
2.77889
1.58708
1.99406
2.2384
2.19542
0.274835
2.12346
-0.821701
0.880574
-1.10615
-0.0404203
0.0686819
0.689767
-0.42825
1.97036
0.735902
0.212613
-8.06184
0.314434
1.19342
-0.93157
0.379411
-0.303833
1.87299
2.61461
-0.196611
0.265737
-0.480595
-0.0297069
-2.34957
0.209519
0.767841
1.87587
0.261821
-1.58277
-0.24741
0.00372462
1.84328
0.333916
-0.288178
0.369286
0.213473
0.959405
-0.112863
0.863842
1.05756
2.97674
0.34524
0.0162088
2.40294
-0.500253
0.0637024
-2.86863
0.857933
-0.241891
-6.01068
-0.204639
0.232626
0.550553
1.17141
-0.241995
-1.80719
0.0388485
-0.461762
0.27781
-0.569512
0.152194
-0.380214
2.4457
0.20918
2.01968
3.51205
2.51741
3.08219
-0.218842
2.35212
0.0156273
0.508048
0.0861666
0.0798381
0.198139
0.0870059
0.352245
0.3413
1.59806
-0.0356734
1.53162
-2.11065
-0.204833
0.128623
0.0749387
2.01563
1.05317
-3.49965
1.3614
-0.783382
-3.53041
-4.72342
1.87712
-0.77828
-1.1751
0.0845321
0.312004
1.74184
0.281446
-5.98628
-0.0906917
1.75629
-0.263713
0.254542
0.698368
-0.397398
-1.49426
-2.35139
-1.48783
-0.467278
-0.2969
-0.238982
-0.970461
-0.251615
0.646021
0.207859
1.80595
0.11859
0.418832
1.24701
0.0553948
0.194902
0.978324
3.32443
0.393326
0.665718
0.149662
-0.259168
-2.28486
1.86242
0.156049
-0.105992
1.8718
-0.516548
-0.471107
2.20372
-0.778217
-1.46251
2.42908
1.51865
0.465705
0.319153
-2.87378
-0.158386
-0.68447
1.79911
2.20303
-0.749877
-0.981156
0.555854
-1.0617
0.282798
1.53701
0.151742
2.37279
2.52918
-0.300544
1.25782
-0.751064
-2.89218
-0.402433
-2.80597
1.61092
0.658794
3.10718
-0.979344
-0.933216
3.30113
-0.98186
-5.21752
-0.161393
-0.0807046
1.58505
1.54641
-0.627969
-0.519361
1.20809
2.68271
0.129826
2.72143
0.170274
-4.91952
0.0160899
-1.92673
-0.199516
0.248092
0.237946
0.102696
0.0841962
2.23234
0.848948
-0.347755
1.34355
3.38098
-6.25621
-0.514467
-0.723795
0.147138
3.31448
-0.778217
0.826086
0.5297
-0.583467
-0.578051
-1.40758
0.491732
0.391776
0.345567
0.526396
0.519702
-1.23536
2.82182
0.00638484
-3.46806
2.86929
1.43268
2.39901
-3.74568
1.71092
0.41548
-0.429325
1.51111
1.52854
2.52911
0.859364
0.284838
0.842338
0.630261
0.0494212
-0.41397
0.437928
0.258973
-7.14047
1.11405
0.415578
0.240548
0.811781
-0.814039
2.75843
1.9511
1.84736
0.175393
-4.12651
1.59212
-2.76946
0.0114401
1.75627
0.425084
-3.20188
0.0504103
2.57767
-0.0645157
2.47148
0.213758
2.33337
-2.58855
2.54554
1.04633
1.13916
-1.01798
0.269043
1.75889
1.0722
0.196542
0.455551
-8.00489
0.59029
-0.493283
2.72446
0.0785839
0.57352
-0.633829
0.717181
2.34139
-0.283503
-0.330374
1.33832
2.73887
-0.184136
0.209643
0.386382
0.592164
-0.489671
0.470143
1.6637
-0.114646
0.867557
1.75587
2.90201
1.38508
2.2952
2.19163
-0.349576
0.327513
0.22182
2.71484
3.25152
-0.19183
0.740205
0.115655
-2.40298
-0.491292
0.132227
2.86865
-0.553526
1.8089
0.136886
0.843625
2.43215
1.78845
0.0197044
-0.610688
1.65885
2.56795
0.302882
0.488015
0.651603
1.9803
1.05909
-7.58913
-0.192112
0.243692
-7.84908
2.01154
-0.204709
-3.29131
-0.0447108
-5.01245
1.91433
-0.0220351
-1.26171
0.280474
1.27635
2.7931
0.467397
-0.0816035
0.760856
-0.0935805
1.9446
3.33865
0.282838
-0.138335
-0.544746
-0.215285
0.902907
0.23553
0.014887
3.24266
0.164195
2.66305
-0.260327
0.514914
0.83505
-0.184374
-1.25789
0.285524
-3.91835
1.39386
0.538307
-0.271687
-7.90228
1.03312
0.206335
0.0428141
-1.22323
0.852874
1.16109
2.58543
0.276473
0.464164
1.00629
0.993637
0.214807
-0.281867
2.54349
-0.235924
1.84844
2.2679
1.85986
-0.18037
0.968224
1.82593
0.35773
-1.38824
0.42124
1.143
2.51379
2.55631
2.1674
1.94864
-1.16435
-0.326901
0.929555
0.503584
-0.448738
3.08892
1.89709
1.06167
1.67415
1.01877
-7.93775
-0.243931
2.24312
0.586531
1.65114
0.518741
2.4015
1.8589
-1.45881
2.62368
-3.11564
-0.322405
-0.277213
0.128981
-0.42295
0.461931
0.0140383
-0.280401
1.58748
-0.193239
0.524042
-0.120898
0.615669
-0.660291
0.332574
0.605711
2.72716
0.0167813
0.227908
-0.595109
0.783578
2.32586
1.07947
-0.306905
-1.82727
-1.02902
1.28509
0.175216
0.188612
-0.926833
-0.00905078
0.188375
1.75853
3.50474
3.34141
-0.1913
0.593826
-8.29943
2.68998
1.97553
2.06596
2.12525
-0.396689
2.92828
0.450386
0.0321675
0.630555
-3.75242
2.30271
-0.340894
-0.672196
1.30827
1.45151
-2.69489
1.44933
2.37989
1.43728
2.36124
0.593774
1.80895
1.67281
0.943101
-1.90666
2.73105
-0.005421
0.946758
-1.06644
0.00763015
0.111009
0.797346
-0.994401
2.05388
2.40766
1.2618
-0.453737
2.29815
0.965758
-4.21967
1.32057
1.15073
-0.496432
0.991723
2.26778
0.227091
0.339678
0.882933
-0.690685
-0.13073
0.0128575
-2.90804
1.00915
1.72039
2.84455
3.18864
-0.220576
-0.203799
1.40081
0.159547
-2.46856
2.45316
-0.503654
-2.36458
1.05077
-0.936817
-0.615391
-3.44729
1.25581
-0.252304
0.986094
2.42897
0.716131
-2.86092
-0.479659
2.6804
0.423393
-2.79754
-0.187341
1.52708
-0.201796
1.78236
0.132124
2.45638
1.71142
1.4874
-1.45512
0.215812
2.67452
1.15946
0.317721
-2.80613
-0.21364
-2.73462
1.79795
1.4126
0.865386
-3.77999
-0.135222
1.3761
0.0552753
0.0729359
0.479972
1.67994
3.02714
0.312501
0.20843
-0.182946
0.141185
0.254705
1.29033
1.34927
-0.244453
-2.4452
0.765399
2.31483
-0.277495
0.809229
1.7199
2.20091
2.49436
-0.425919
0.103153
1.3728
1.41632
-0.19506
-0.818317
-0.307887
-0.232312
1.50833
-0.199946
1.30471
-0.0759444
0.500986
-0.950586
0.470583
-0.179333
0.375875
-3.65277
2.40905
2.36941
1.47866
-0.750428
2.68249
1.6968
0.205232
0.15182
-0.195821
0.347185
-2.61063
-0.371193
-5.08647
1.29314
-0.693912
0.912067
0.0994124
-0.21479
2.80732
1.38901
2.44659
2.31756
0.149331
-8.13494
-0.379176
3.09436
0.311286
1.05446
1.85688
-0.127009
2.07483
1.45549
0.528717
1.59154
0.414758
2.13538
2.37874
1.49178
1.98787
0.211058
1.60135
0.466338
-0.28113
1.92252
2.62257
0.513368
0.132286
-0.240299
2.79418
0.20142
-4.78272
-0.233311
0.38326
-0.0896565
3.12475
0.419597
0.405289
2.21487
-0.480865
0.48691
-2.30183
1.92092
1.42173
1.34307
0.245343
2.58248
0.204946
3.03655
2.99906
0.2136
1.89415
0.226433
0.748959
-3.65857
2.02174
-0.201521
2.42602
-0.816733
2.09299
0.549298
1.35333
2.31949
-0.00106902
0.111823
-0.396596
-0.266564
0.000423437
-0.287958
0.134961
-2.67556
0.240925
2.52226
0.0378295
2.75256
0.269613
-0.220055
0.00301544
-0.208902
-0.195457
-0.150914
-2.23607
-1.97122
-0.00718185
2.40909
-0.875148
2.46971
-0.0911913
-1.52768
-0.944171
-2.04253
1.28686
0.751834
2.67928
0.562083
-0.357315
0.296197
-1.31708
1.76021
-2.53801
1.54954
0.287823
-8.50106
0.47711
-0.0211291
0.680374
0.37564
0.500863
2.34199
2.79335
0.343059
0.397183
1.77867
1.82391
2.75373
3.22454
1.29539
0.449631
1.9027
0.965303
-0.166047
-0.347796
2.70225
-0.801559
1.04131
-0.201854
0.684626
0.259591
-0.810112
0.3937
0.690934
0.737445
3.20289
0.308847
1.93597
1.77539
-3.96362
0.651644
-0.792858
1.85077
-0.922785
-0.0688767
0.481375
-1.03574
1.60404
0.622703
2.9302
-0.467192
2.48563
-0.720761
3.07744
1.9944
1.86327
-0.256713
-0.216013
0.339027
-0.302163
-0.312351
2.22248
2.26039
1.68621
-0.4601
3.07831
1.33856
1.91201
-0.889422
-8.24308
-0.222009
0.173637
1.92115
0.0784037
-3.14837
-0.423344
0.265821
2.58861
1.48656
-8.21176
1.01718
0.348129
-0.754916
0.738553
0.391014
1.38899
-0.23644
0.0621028
0.159348
0.378035
-0.720274
-0.43983
-0.426063
-0.375429
0.35268
1.863
0.292634
1.28024
-2.19671
2.21373
-0.297288
-0.395908
0.558537
0.328622
-1.46366
2.71709
1.89303
0.763244
0.454786
2.35616
0.0569871
-0.290696
0.0354692
0.120469
0.112778
1.25416
1.48787
0.334979
0.950004
2.49483
-1.15397
0.289228
1.23889
0.717013
-0.195557
2.26169
-7.87286
2.53881
1.31559
2.13514
0.11564
-0.184445
-2.38312
0.344676
2.49874
0.0878338
1.9818
1.0697
-0.0286226
0.673532
0.108334
2.95127
1.3585
0.604589
0.954175
0.288758
-1.91788
2.3487
-0.778364
1.57851
2.05872
3.24229
2.04567
-0.368483
-0.506489
-0.199561
0.134269
2.35532
0.155303
0.333892
-2.35997
-3.62224
2.34245
1.00014
-0.323641
0.346923
2.27847
3.05219
0.402691
0.324671
2.30404
2.12689
1.63411
2.46511
0.197785
-0.268933
1.77322
-0.252977
0.607976
0.252242
-0.26625
2.4095
1.68298
-0.239758
-0.843354
2.28281
-0.486966
-0.205206
0.360894
1.16661
1.83113
2.5037
-2.0397
0.11705
-0.269292
3.18974
3.54218
1.9411
2.05934
-0.134199
-0.608442
3.13336
0.737988
-0.203046
0.210162
-0.0975407
-0.416225
-0.299578
-0.586525
1.41767
0.293819
-1.70888
2.04207
1.84812
-0.225255
-0.673815
0.141024
1.15266
1.17792
2.38463
-2.46132
0.298986
0.453084
1.10618
-7.75621
0.31217
2.21256
1.9713
0.0593215
2.31283
2.13265
1.57032
1.0774
0.99002
-0.195543
1.87293
1.15664
0.0597556
0.434725
-0.225845
2.23822
-0.21257
1.15575
1.28666
1.78904
-0.233328
2.00085
3.62852
-1.70098
1.53607
0.66775
-0.683303
2.94013
0.368278
1.13068
-1.33305
0.264668
-1.6331
0.72392
0.60052
1.39352
1.01084
-2.86753
0.344168
-0.580399
2.31696
1.26359
-7.00771
2.02861
1.75013
2.85491
3.5415
0.328913
1.66098
0.0629467
1.32347
0.281216
1.1285
2.75701
2.38327
0.216749
0.233584
1.51151
-0.272505
-0.288178
0.116289
0.0198492
-0.440636
3.60412
-0.187614
0.246224
2.28989
0.960742
1.38965
-2.31521
-0.154468
0.306923
2.23417
0.188213
0.36302
0.666821
-7.3368
-0.798423
-0.202564
2.01967
1.27256
1.92316
-0.0473228
1.45847
0.434189
1.95149
-0.221639
1.80566
1.91093
2.44398
-0.778971
-8.39012
1.41221
0.11108
-0.710467
0.444502
0.830725
-1.55886
2.81106
-0.287899
-1.04414
1.28858
-0.733253
-0.152327
-0.205801
0.0306871
1.89822
1.37175
-2.04805
0.904869
1.20111
1.90774
0.768973
0.253979
0.352265
3.0484
-0.658124
0.907827
0.620339
0.283747
0.713397
-0.389006
1.89641
2.04756
-0.122689
-0.439954
0.0327704
-0.860159
-0.446035
1.3337
-0.478643
-0.406951
1.11111
0.879413
0.251983
0.0597252
2.4803
3.19528
-0.0070245
2.19965
3.16992
1.09206
-1.95728
-0.186373
-3.39282
0.0878162
-1.38642
-3.1295
0.0701537
1.41236
-2.29248
1.06997
0.588589
2.06333
0.710248
2.08986
-0.862139
0.232602
0.719484
2.93093
1.40949
-7.92086
1.32379
-0.382859
-2.2426
2.40004
1.63003
0.117896
1.76973
0.461392
0.449508
2.00753
0.393673
-0.197843
-0.317355
1.59962
2.19998
3.18148
0.950247
1.83458
-0.864395
1.53245
-1.12187
0.238895
1.29689
0.174937
0.675363
2.16673
1.898
0.651087
2.28117
-0.257319
1.75509
1.07862
1.59892
0.494382
1.90268
1.85687
-1.95832
2.19044
0.0861204
0.19328
0.646007
2.91223
0.441031
1.12356
0.81771
0.674943
2.80042
0.791098
3.08995
-0.228101
0.187583
2.04179
0.780932
0.583223
0.715716
0.663705
0.13065
1.51644
1.24453
2.91645
1.54638
1.24843
)
;

boundaryField
{
    SideWalls
    {
        type            empty;
    }
    Top
    {
        type            zeroGradient;
    }
    Inlet
    {
        type            zeroGradient;
    }
    Bottom
    {
        type            zeroGradient;
    }
    Outlet
    {
        type            fixedValue;
        value           uniform 0;
    }
    Plate
    {
        type            zeroGradient;
    }
}


// ************************************************************************* //
