/*--------------------------------*- C++ -*----------------------------------*\
| =========                 |                                                 |
| \\      /  F ield         | OpenFOAM: The Open Source CFD Toolbox           |
|  \\    /   O peration     | Version:  2306                                  |
|   \\  /    A nd           | Website:  www.openfoam.com                      |
|    \\/     M anipulation  |                                                 |
\*---------------------------------------------------------------------------*/
FoamFile
{
    version     2.0;
    format      ascii;
    arch        "LSB;label=32;scalar=64";
    class       volScalarField;
    location    "6";
    object      p;
}
// * * * * * * * * * * * * * * * * * * * * * * * * * * * * * * * * * * * * * //

dimensions      [0 2 -2 0 0 0 0];

internalField   nonuniform List<scalar> 
5098
(
-0.596714
0.531162
0.228666
2.15604
-1.09048
2.37937
0.0581176
-1.142
0.209735
0.267938
-1.91321
0.88356
0.541874
2.66056
-0.59562
0.0116452
-0.90241
-4.91352
-4.23836
-1.04256
1.5188
0.0149416
1.14915
3.20151
-6.44731
2.31014
1.47237
1.63545
-4.22641
0.887675
0.748685
2.84208
1.74192
-0.17452
-0.393832
-2.90398
1.77299
1.68281
2.56252
1.3239
2.11987
-11.7315
2.28324
0.240377
-0.164285
0.634275
-1.48338
2.87969
0.764169
2.19285
0.227529
1.96352
-5.67636
1.59047
2.38263
2.26365
1.67296
2.03965
2.84873
-0.257083
-0.162546
-2.32924
-0.418862
0.557628
-5.64179
2.68788
0.0498549
0.135834
1.38937
1.9511
1.62416
-0.0602232
1.46702
0.172603
-0.183192
2.19458
-0.147149
2.30649
0.351758
2.19321
-0.284849
-7.37345
2.11803
-0.325491
-5.25628
0.830645
3.38159
-0.127764
-1.36195
-0.166132
1.03143
-5.10815
0.898529
2.15713
2.57449
0.0378097
1.9323
2.35403
-0.182156
1.45752
-2.50903
2.31964
0.226748
-0.0288002
2.31223
-0.360858
1.52437
0.0855557
2.92365
-2.16155
2.05608
-4.00703
1.65734
-5.13597
1.44889
-4.27466
-7.62703
-1.36345
-0.0355886
3.18089
1.92768
0.193075
0.271792
-10.6064
-5.09434
-1.11371
1.50714
1.18686
2.60134
-5.12207
-8.74494
2.77442
2.74211
-1.1337
-1.20356
-2.32118
-1.61379
1.4865
2.59145
1.58956
1.96811
0.0699431
1.55448
0.256501
0.647272
0.000868147
1.44735
-0.867131
-1.16027
1.3361
-8.76027
-4.95866
-0.968323
1.70818
3.42166
3.13731
2.04266
-1.95783
2.125
-4.19102
1.62943
-0.662073
-4.96177
1.95535
-5.63632
0.578066
-1.21526
0.787683
-6.58922
2.03008
0.0183325
2.19689
0.430526
1.64445
0.649567
0.758806
2.07433
-2.76877
2.03384
3.42832
-2.9395
-6.66449
1.92801
-5.67726
1.91813
-0.926221
2.2708
1.74063
2.16972
-5.73503
-4.05459
0.368937
1.41785
-0.19054
0.620448
-5.11706
-5.29424
-2.5264
0.0271091
1.99631
-8.13834
1.96238
-0.153053
0.532605
1.54483
3.13569
-0.844404
2.62107
1.13447
1.41294
1.75643
1.92583
0.369058
0.5916
-0.937351
-4.18884
-0.209046
-2.89819
-5.08837
0.844844
0.95323
2.29113
0.0803273
0.945775
-5.19442
1.6572
3.38322
1.55255
1.52628
0.522502
1.61505
3.26821
-5.98073
0.0131805
0.40684
0.46671
1.12339
-7.39105
-2.30634
1.91322
-7.68865
0.371438
0.0751051
2.96352
1.48265
0.991217
2.61455
-2.6257
-0.970673
0.9254
0.432735
1.58564
-4.61507
-8.05366
1.75572
-7.34422
-1.07631
0.293743
2.83891
-0.0595465
-0.932076
-5.48171
-6.71193
1.48416
0.0386325
-3.3604
-4.19297
-2.14977
0.116984
1.93663
-5.70503
-0.057369
-4.17172
0.129659
2.80806
0.258162
-11.4413
-7.17321
0.915537
1.75218
-8.48183
-1.00342
-5.22755
-1.09754
0.119736
0.0689503
1.76021
-0.00491548
0.578328
0.927812
-10.743
-4.88732
2.94258
-0.100205
1.5371
0.243114
-0.423106
0.683668
1.40912
1.71654
-0.0297968
-0.895048
2.24999
1.42101
-3.22726
1.77981
-1.68322
0.778814
1.88718
-1.518
1.06072
-4.67359
2.33806
-0.217232
0.5032
3.41915
-1.45229
0.0735985
1.1895
3.06945
0.322535
-4.90113
-2.03734
-5.01579
-0.16325
2.59489
0.51171
1.50198
2.89507
-0.0239118
1.93211
1.14328
2.59421
0.829345
1.91253
0.204302
0.771882
2.21843
1.34848
1.88493
1.51655
1.98213
0.408823
1.636
-4.05381
-0.16832
1.48251
-4.26195
-1.34234
0.857647
0.675175
2.99936
3.04308
-8.16871
-0.24278
-7.69753
-2.15453
0.625348
2.56277
-0.078164
1.56895
1.55595
1.14235
-0.140519
0.196945
2.83794
1.6474
1.0264
0.915581
-7.72975
2.74398
0.238631
-2.75792
-0.211465
-0.067961
-2.37032
1.95194
0.368346
0.839224
-0.112962
1.57549
-0.963663
1.76737
-0.864515
0.209768
-2.19197
-0.309076
-7.84426
2.08271
0.200367
1.44852
0.471725
1.64926
2.06311
1.10319
-3.93972
2.22607
-2.9616
0.53723
-0.878604
-5.01917
2.98952
2.20866
1.57433
-4.22249
0.478986
1.61868
-3.82304
0.353505
-1.28391
1.5854
-0.292535
-5.79092
0.0267068
-1.5815
0.0399524
1.43217
2.96179
-1.94203
0.83473
1.55817
2.29479
0.00557063
0.871829
-7.78385
-5.09936
0.149951
-0.662768
0.153625
1.66348
0.0674206
-4.21766
0.0199121
1.78784
-1.92029
-5.01382
0.0850891
1.19046
1.29158
-4.16785
2.02181
1.89505
1.14118
-0.60849
1.33433
-1.59252
-2.70479
-0.579689
-4.19331
1.54111
-1.30648
1.09433
1.61216
-0.528762
-1.22052
0.203719
-11.9263
0.820668
1.66836
-2.84863
2.25494
-0.00544727
2.96094
-2.57076
2.08945
-3.91297
-5.1111
-10.7738
-2.91089
2.08105
-4.36029
0.873068
-0.200797
-2.24071
1.44416
-3.41791
-4.40994
2.3171
-3.04178
0.897168
0.696887
-0.740533
-3.15581
1.42431
0.207996
1.86835
0.328392
-0.808027
0.263715
1.63806
-2.84557
-0.769011
-0.428627
-4.61203
-5.07455
0.0133324
2.4549
-3.65394
2.37335
1.72197
-4.47324
1.16592
-4.30555
-5.01709
-4.23425
-3.71924
1.16464
0.942735
-3.62239
-0.383734
-5.09732
1.58248
1.73747
0.539291
0.746937
1.54488
3.06792
-6.43958
-0.81511
2.46465
-4.02249
-0.946842
2.99773
-0.0862527
-3.27064
0.0099433
-5.85973
-4.55443
1.6392
0.933733
0.481784
3.36525
-6.9986
-0.030601
-1.60818
-0.246019
0.151868
-1.5838
-5.1502
-0.811894
1.43341
0.227108
-6.06536
1.89749
-0.653507
-2.4635
-0.320912
-1.33379
3.3551
-3.05574
-1.91076
1.88985
-0.24621
-4.45866
-1.15749
-1.25589
-8.95024
2.35733
-1.39824
-1.32464
-1.46256
-0.754924
1.85516
-4.75246
0.106304
-4.61599
-4.77486
-0.057398
-6.22914
-4.59412
1.01306
0.773126
-4.72278
1.48414
1.92211
3.30743
-0.378801
1.86818
2.60923
-2.91698
0.182021
-9.09477
0.744694
0.114191
0.335931
-0.293364
-0.0949678
1.12629
0.681424
-6.23439
-5.13496
2.96436
-1.47464
-5.84825
-0.278021
1.85065
1.19517
1.01546
-2.63769
-2.3864
-0.0111062
2.06444
0.900812
0.552268
2.77575
0.0349361
2.6419
-6.16866
-6.56657
-0.118209
-0.0908543
-5.83507
-5.08866
2.70251
-2.59771
-2.3672
2.7346
-1.12578
-0.0352446
-0.156381
2.94063
-4.2994
2.45346
0.289574
-0.0785528
0.46819
-5.11293
1.35074
-0.402557
-0.192296
-8.15481
1.55242
2.0789
-6.79489
-0.106556
2.04427
2.85559
-6.49798
1.74585
3.31254
-2.39523
1.04983
-0.980391
1.70867
2.43229
2.14172
-3.95008
1.67673
0.614016
-4.31068
1.50057
-0.335585
1.98795
-1.41741
1.74641
1.15217
0.151024
0.0464512
0.597189
1.72562
2.12293
0.153336
-3.91316
2.8682
1.85822
2.2305
0.266123
-0.492619
0.0274194
0.0202295
2.78958
2.9959
-3.27476
1.80057
-3.76758
-5.24518
0.250011
1.64824
-4.48311
-4.20647
-4.29175
-4.25694
-0.329117
0.821994
-3.28611
1.81542
2.16578
-4.24787
2.22691
0.00235072
1.71013
-5.65862
-3.57914
-0.234096
2.9259
-0.388173
-0.768322
-1.3557
-4.18192
1.51282
-1.27917
1.03689
2.7108
-5.03778
-5.98098
-3.41019
-6.2203
-4.34788
2.16574
-0.890141
2.90095
2.85226
2.68211
-6.33789
-5.10273
-4.04693
-4.38669
0.184159
-4.99836
-4.86538
-6.17473
-6.10902
2.25393
-5.10824
2.00381
-6.53161
2.64987
1.50829
-4.13199
0.258341
-4.34464
3.29311
-0.00786372
1.59538
-1.91803
-6.8217
-3.06567
-6.1985
-4.09148
2.15198
-0.727282
-0.878042
-4.80702
-5.19515
1.11912
-3.12079
-0.369187
0.0142935
0.510068
0.407563
-8.67223
2.13981
2.67705
-4.76658
1.28403
-6.40395
2.04003
-4.15196
0.221296
1.24984
-4.49456
-0.246634
-5.1248
-0.504435
-8.96335
-1.33156
1.88045
1.31779
-3.90485
-0.229381
1.21292
1.42841
-0.0217482
0.800498
-8.57166
3.3309
1.26526
1.97143
0.213799
0.817503
-6.3221
-10.4349
-0.30745
-6.77073
-0.832682
2.7711
2.38422
-1.67316
0.993581
-2.74708
2.48631
0.925469
-5.13756
-5.49602
-5.87805
-4.28611
-0.0407353
0.208884
1.77216
-1.26977
-0.18763
-4.46567
1.48806
-1.26978
-5.11596
2.24174
1.06918
2.8246
-0.771131
1.85795
2.22855
2.08666
-0.598792
1.91823
-0.440875
0.523338
0.408849
0.195458
1.0946
-5.08695
-6.0335
-2.83825
-11.3373
0.824756
1.69866
0.552283
-5.09745
0.695538
3.40301
-2.56579
1.98908
0.0490873
2.71017
-4.79913
1.61546
-0.700399
-7.90127
2.89049
-0.435177
-4.29977
0.773377
2.99048
1.93642
-0.57231
-1.09455
-1.89085
-4.0036
-3.0596
-5.06834
2.05016
-4.24239
-3.24142
-5.15794
1.39735
0.0402154
-4.66826
-1.27503
-5.10256
1.16133
0.0901415
1.8314
-1.73444
-4.63756
2.72356
-7.27244
-3.75247
-4.72801
0.368402
-5.1367
-6.06228
-6.40127
-0.309562
0.00979834
1.47391
-6.28098
-4.20052
-4.46903
0.133707
-0.213298
0.687995
-0.0137072
-5.2266
1.56735
0.0809616
2.5915
2.09382
0.747838
2.19464
0.595359
1.48781
3.172
2.22058
-8.73267
-3.91127
0.274027
-3.70605
-0.775953
-6.77782
1.88334
-4.39767
2.49757
2.5925
1.78136
1.75714
-6.60766
0.968116
-2.61647
-0.208675
2.75518
2.04213
-0.282434
-0.0840914
-5.25105
-5.02163
0.109566
-4.43945
-2.41224
-0.468653
-0.018041
-2.85151
0.824949
2.83466
1.81984
2.06339
1.87528
2.12676
0.0207084
-0.465137
-0.734463
-4.77982
0.575525
0.444495
1.5272
1.17348
2.92247
-2.57816
-0.994001
0.0806319
1.68751
-0.921556
-0.13236
-5.05956
3.26212
1.71922
-5.11098
1.73554
-0.650958
-10.6516
1.48535
1.92859
1.00329
0.571457
0.944744
-0.592566
-0.180937
0.228672
2.77249
-1.22156
2.45284
-6.97047
-1.43885
-8.19516
1.39842
2.0827
-2.15331
0.0340336
3.24213
0.498368
1.50478
1.51753
3.00152
0.260545
1.95936
-0.163855
1.94884
0.020368
-0.365919
2.50506
3.30945
0.527453
-2.33149
0.292825
-1.15498
-4.8131
1.82412
0.914897
-2.71187
1.70748
2.18328
1.6816
1.75154
0.149648
1.81799
2.51964
-1.5715
3.10181
2.14747
1.08082
0.0205644
-1.0449
0.0406611
1.87286
0.389696
1.87159
2.14568
1.71004
-5.09122
-6.4495
2.19826
1.23897
2.38435
-0.286653
1.61121
1.97549
1.31738
2.24819
2.22636
-0.509848
-0.472341
1.7917
2.18611
-1.80619
-0.806377
-1.73995
2.15576
0.44874
1.92273
3.02759
-6.24477
2.93267
3.20314
0.121792
-1.2125
0.249933
3.39164
-3.8009
2.1084
3.03136
0.764834
-5.26102
0.976421
1.35547
3.16378
1.4288
1.30649
3.28612
2.40302
-0.15107
3.27367
2.70318
-0.0748493
-2.24069
-3.95133
0.0120323
0.527785
2.09817
2.67305
-3.91533
-0.246078
1.09332
0.674385
2.32597
-4.50264
2.81538
-2.30615
-7.27342
1.56359
-2.32188
2.11983
-0.634071
1.41536
-3.89461
2.67886
1.87233
1.74995
1.84936
-11.0956
-0.190622
-0.210178
1.1927
1.1864
2.83183
2.03031
0.00976932
1.2574
0.627625
-4.43851
2.6522
-0.0656713
2.23574
0.0694492
0.272819
-5.2728
0.393511
0.982675
2.97145
-0.0843112
1.22949
-4.55007
-1.70566
2.56873
2.45419
-5.82496
2.51446
0.695352
-5.20911
0.276761
1.23693
3.34795
-0.264175
-2.76041
2.29994
0.0811846
1.87769
-5.18604
-10.2523
0.0348313
-5.09524
-6.05026
0.778001
1.94432
-0.250549
-5.86105
0.00986407
-0.185898
-2.23702
0.871734
2.86587
1.39822
1.20635
-0.548599
-0.753755
0.174625
1.35708
-0.980231
0.0209938
0.0656554
0.00258843
0.340069
1.26253
0.635046
0.818238
1.32366
1.29744
-1.62373
-4.75943
0.31972
-1.50069
3.24131
1.1424
0.711157
-0.410408
-1.11036
-0.88976
-0.2264
-4.02633
-3.12091
-0.55764
-1.17597
1.94016
0.63721
0.00525684
2.08462
-5.68935
-0.609102
2.80345
-3.14614
-2.26617
0.702087
1.67913
-4.29336
0.452502
-4.03223
-0.417612
-0.892613
-0.801976
2.13393
-6.71406
1.16003
0.0527774
-6.63445
-5.42611
-0.408805
1.51595
0.257825
-2.9356
2.8054
-6.69004
1.84146
-0.685106
-3.11259
-2.0461
-0.797194
-5.39021
1.80653
1.71189
1.81633
-0.186496
-8.28095
2.49735
-6.44437
-2.60899
0.0118061
-6.92868
-0.0251105
-0.0538147
2.55059
-6.19881
-4.2527
-2.29913
1.24921
1.1146
-9.46278
1.18722
0.028883
-0.733958
0.621619
1.07501
0.767522
0.236403
-9.22947
2.62083
-0.269486
0.00666097
1.11282
0.0134415
1.23713
-9.6506
-0.632766
-1.23902
1.31834
-0.174022
-0.746867
0.79921
0.00924304
0.171508
-0.337911
1.81872
-0.227791
-1.14608
1.64978
1.53786
-0.124834
0.87548
0.881352
1.71803
2.16257
1.92757
0.23803
2.86596
1.44371
-2.27928
1.31636
-9.6526
-0.0240036
0.0440303
0.705361
-0.562642
2.88465
0.582617
0.459733
0.128011
0.792193
-0.268671
0.684868
-4.28301
1.40813
-0.059062
1.64658
0.960217
1.72926
-9.31597
2.21885
-6.8108
1.69904
1.80185
0.595396
-0.698872
-2.21137
-1.58358
2.07
-7.91308
-4.24158
2.02807
1.2165
-0.187183
2.06548
1.3314
-1.06938
2.67123
-1.8135
0.469227
-1.88677
-1.64505
-0.187554
-0.480064
-1.29519
2.95702
0.00867428
0.588694
-0.556407
-3.20136
1.81145
2.19011
0.00918669
0.00382281
1.61305
-4.76597
1.66675
1.71524
-0.541402
-0.643443
1.31293
-0.167416
2.99397
-5.09768
1.36429
-0.167824
-1.27735
2.83742
1.93402
0.458648
2.42283
-2.53528
2.23471
2.17067
0.0210764
1.64999
1.65982
1.3119
1.65581
-1.1167
1.78892
0.29026
1.0323
0.00951899
-4.27524
1.79502
-5.42294
-5.08023
-0.0782188
-0.271924
1.40206
-4.58406
1.6214
0.497092
0.862083
1.63337
1.47711
0.643819
0.173113
-4.35743
1.66084
1.08507
-6.8222
-1.59512
-0.264926
1.72998
-7.02219
-7.2663
1.51281
-7.19101
2.17448
1.05371
-6.64395
-5.08633
1.96008
2.13236
-0.920055
1.46774
-5.00401
-1.24274
-4.05899
0.497851
-1.06738
-5.16434
3.17039
0.958169
-4.80482
0.0293499
-0.866949
1.64694
1.06175
-1.89684
-5.22407
-4.08946
-3.11751
-4.72118
1.38556
2.65821
-0.434914
-8.60097
0.0284441
-5.52263
1.92181
3.2075
-7.32786
1.26451
1.85075
-5.31437
0.580113
2.8832
-3.48093
-1.86052
1.37087
1.49015
1.28228
-1.04947
1.02633
0.0168756
1.18968
-2.1517
0.045129
1.73792
-0.590203
0.410033
1.06184
1.56061
1.0086
0.0527937
0.774195
1.71946
1.27887
1.61064
3.01112
-1.71186
2.81361
-0.105521
2.75933
3.3125
-5.18275
0.197493
0.426853
1.59512
-3.99974
0.800434
1.13129
0.000581889
1.90956
2.48356
1.96794
2.01834
0.505303
1.28359
-11.3693
3.26057
-6.31747
0.177479
-3.68791
-1.01455
-8.75501
1.72484
2.009
0.983278
2.08904
-2.33224
0.0621921
2.16559
1.69914
-0.155111
-0.85525
0.0235111
0.259708
0.539666
1.80584
3.13022
1.61036
2.30811
2.23189
1.9245
3.00578
1.12446
1.66007
0.212952
-3.22721
0.976522
1.33742
1.40622
3.29968
0.686846
0.912089
0.00260438
0.051658
3.17665
1.01909
-0.501305
-5.4674
1.5092
-1.60485
-0.197766
2.38968
1.71473
1.63688
1.82863
-0.0197786
2.42534
-4.54749
1.60728
0.336516
0.285542
0.199245
2.64594
0.250782
-0.0316827
1.72669
1.7049
-1.7816
1.512
2.72315
-0.405464
-6.49116
-5.96317
-4.3021
-0.780588
-7.08564
-0.606787
1.52977
0.689304
0.042577
1.83641
0.234334
-0.695468
-1.03443
-3.4897
-2.91213
0.247835
-5.84624
-6.2511
1.62494
1.59714
2.32274
-1.28612
0.703504
-0.0209204
1.55615
2.60366
-5.2712
0.0269263
-0.0396956
2.73633
1.29391
-1.18202
-1.06977
-4.30418
0.00917768
-0.151648
2.87573
-0.0411968
0.00484991
0.762456
0.710333
0.0113775
0.943818
0.287656
0.923304
-4.89441
-7.01363
0.286545
-6.34613
-0.108207
0.902756
-3.10353
1.86665
1.10429
3.06728
0.69131
2.76382
-0.714669
1.92358
-0.0742933
-0.199354
-2.54837
2.57947
-0.268388
0.42738
0.335713
-2.99665
-3.27263
0.0118436
0.0417855
-0.191461
-0.33857
-0.191572
0.232434
1.09462
2.06762
-4.78578
-0.338428
0.244606
-0.281268
0.0469403
1.8457
0.445296
0.881325
-0.227277
-0.0582764
2.41462
-3.11007
0.883999
0.00336432
0.0501117
-0.663618
2.37855
-2.54286
-0.108678
-0.113351
-4.87919
-0.93808
-0.138841
2.77326
2.02372
0.0112202
-3.9126
-8.44369
1.70051
-0.740059
-0.364294
0.00734941
0.686828
-0.14065
-0.0721914
-1.10152
0.00633411
0.727696
-0.837696
1.83859
0.606488
-1.45998
0.197249
0.647655
0.132513
-0.0178467
1.78699
0.229173
-0.496207
-0.697346
-0.215875
-1.87381
-0.140917
1.79387
-3.20848
-1.02798
-0.250441
-0.00237571
-1.76211
0.226401
-0.157696
-0.0229941
2.51287
1.18103
-4.23752
-0.104184
-6.61748
-1.77938
-0.107262
-0.183494
1.73808
1.10837
1.37052
1.65662
0.315161
-3.53878
-1.92529
-4.1394
-0.264397
1.93101
-0.12288
0.730189
-5.3763
2.08296
0.0418125
1.79184
-1.11427
-0.724884
2.24867
0.0224054
0.00714348
-4.17048
2.45696
0.398942
1.51654
1.75397
-4.14252
-0.00512247
1.59912
-4.71846
2.40749
-0.633355
2.35159
-2.26114
-0.161304
-0.623067
1.79872
2.29433
-3.57417
1.46331
0.701618
-0.197934
2.58802
0.635658
-6.67512
1.63512
-0.0913506
-0.914008
-1.20554
-6.59895
-0.094984
-6.74447
0.000873186
1.5004
1.19998
-0.154239
0.0572604
0.770449
-0.854392
1.62581
-0.854677
0.0188263
-1.0846
-0.183733
0.0423918
0.021874
1.51338
0.538561
-0.0762703
-4.8338
1.92398
-0.149924
-1.40093
-0.175646
0.552463
2.74799
0.326821
0.00652302
1.39546
0.268535
-0.251392
0.298399
-2.72622
0.204696
0.0589615
0.145498
1.76779
0.00168423
-0.114153
-6.20775
-0.0424519
0.0371858
-0.338242
1.72813
-0.415358
0.0218338
0.620661
-1.70864
-1.02779
-0.0351889
1.24691
-3.27788
0.149418
-0.103636
0.029362
-0.0343873
0.0276819
0.0097689
-7.34852
-0.754634
-0.979839
0.508984
1.13595
0.00165883
0.754153
0.825449
-0.0716925
0.0247186
0.834945
0.105967
0.0213345
-0.622183
-0.866249
0.346332
-0.991546
-4.92915
0.0150355
0.42729
0.130934
1.0585
0.960872
0.0517955
0.389208
1.71951
0.070171
-4.00921
-0.0339948
-3.08886
2.29825
1.61504
0.0936207
-0.0119894
-0.108081
0.0662608
0.031651
-0.0924782
-2.73652
-1.00612
1.57866
0.235644
-0.0261083
1.65612
0.0588368
2.55553
-0.141736
0.198815
0.131547
-0.153445
2.42525
-0.0265747
0.0443756
-3.75955
0.0404215
1.17924
0.632702
-0.0767479
1.69938
0.0239826
1.40171
2.26411
1.13179
0.954185
-0.0159744
1.09065
0.0562631
0.381355
-3.48668
-5.07328
0.06289
2.17755
0.586637
1.66542
0.822228
0.0110545
0.0477738
0.0715653
-0.223213
1.35519
-3.9181
0.036544
-0.000127581
0.0387556
-0.10125
-0.368372
-6.94281
2.79927
-6.17618
-5.33632
2.61206
-0.113004
0.0403408
-0.000663023
0.0406958
1.62048
0.0521746
-0.00242656
-4.21251
-4.35805
0.0651695
1.70589
0.0656632
0.0640701
-0.769292
0.015096
-0.871218
-0.0579308
-0.0250166
0.0622018
1.73746
-9.78059
-0.389077
0.730848
-0.179233
-4.21339
0.0274226
-7.16207
0.00962959
1.90283
-4.4218
2.15538
-0.212096
0.063501
-5.18393
-0.128289
-0.253786
-0.0824702
-5.93576
-0.307914
2.64782
-2.70245
-3.13552
0.00334985
-2.6626
0.00563703
0.074819
-5.7134
0.00712932
-0.0446414
-0.273924
-0.0142393
0.0464041
2.07595
0.501239
0.0100272
0.0486204
-0.00896248
-10.059
0.0518443
-3.08061
-0.0882926
-0.252453
1.99425
-0.116281
1.71056
0.0250665
-0.124787
0.009889
0.00407309
0.0161533
-4.17589
-9.17347
0.0273163
1.00149
1.53963
0.665938
-0.00498305
-0.0191051
0.0124569
1.99379
-0.0683348
0.287376
1.05402
0.00567788
-0.0216177
0.281323
-0.0269307
0.017341
0.0609113
1.70958
0.00784558
1.40594
0.012073
1.82004
0.0508263
1.27484
0.0118923
0.00406561
-6.72406
-0.0141682
-0.0512597
-0.325495
-0.917454
1.31372
0.0091885
0.677232
-0.0895199
-0.0954154
0.367817
0.0525948
-0.0620583
-9.77184
-5.18872
-0.00777667
2.16845
1.55263
0.0285439
-0.0498909
-1.32095
0.0253447
0.452864
0.29755
0.00458538
2.4082
0.0466673
0.0344301
0.0177159
-4.05314
1.71904
-0.623662
0.0710754
0.0145028
-5.14673
0.133379
0.0344784
-9.20132
0.731642
1.21084
0.0545953
-0.230399
0.0823504
1.63632
0.0158283
0.0219145
0.0143309
0.0813336
0.109903
0.0669845
0.0647473
0.00678932
-0.0688593
0.0254829
-0.0983291
0.011851
0.0647866
-0.326657
0.0640308
-0.0155847
0.0766947
3.06917
-0.0362376
0.110488
0.00632332
-0.643693
0.836984
-0.0171378
0.083125
0.328313
0.0503206
0.00263606
0.00272187
0.0113338
1.69352
0.00507816
-0.0314531
0.102201
0.0215078
0.0221134
0.117085
-0.0394228
1.99717
-0.132792
-1.48913
1.40769
0.0045853
0.0319157
0.0842699
-0.308081
-5.8855
0.244302
0.237955
0.00998542
-0.053363
0.0190795
-2.17194
1.88422
1.96654
0.0119561
0.0511106
0.0735836
0.0141338
1.66668
0.0101176
0.00428858
1.73963
0.0133277
1.73953
0.0422305
0.028116
-0.655741
0.0399253
0.0108883
2.09351
-0.0623644
0.00254168
-0.375665
-0.407224
1.71955
2.45387
0.00981938
-0.332242
0.0278525
0.0391614
0.00128944
1.81934
-8.32668
0.000445272
0.0326907
0.0626269
-0.0329308
-0.0274128
0.0527268
-1.8105
0.00418127
0.035974
-1.02289
1.67463
-3.28052
0.0319087
-0.0225073
1.11102
1.11648
0.0277398
0.000845908
-4.36794
-11.2113
0.0106308
0.0367191
0.00129087
0.0319467
0.00469107
-4.03239
0.0110785
-0.00820762
0.0203452
1.65853
0.00559221
0.0744653
0.0287209
-0.477826
0.0114101
1.63191
-0.0585418
2.00972
-0.710523
-6.45105
0.0433254
0.071357
0.0334184
0.0171941
0.0588307
0.0142972
0.0336896
0.0695612
0.00554717
0.0062166
0.00721822
0.0320646
0.0467845
-0.0026167
1.7472
0.0441214
-0.51743
2.08892
0.0140055
0.0803712
-1.1128
0.617947
0.0260609
-2.92714
0.0243834
0.0337418
-5.06926
-0.138341
0.0230049
-0.678342
0.0418499
-0.541712
0.156115
0.0111719
-8.51507
-0.160406
0.0415398
-1.71163
0.121144
0.0349043
0.0264985
0.0348905
0.120088
0.0842075
0.07486
0.332437
0.015002
0.0148396
0.0443727
-1.42854
0.00787969
0.00438812
0.0163429
-0.0409427
-0.00569095
0.025185
0.00332991
-1.9881
2.7365
0.0499496
0.0121764
0.0322285
-0.905482
1.94743
-0.0546894
0.149736
0.00231481
1.94998
0.0038093
0.644406
0.0574112
0.0054062
0.0193484
-0.441066
-4.16135
0.044194
0.332853
1.63596
0.0249778
0.00772824
-0.0978284
2.01438
0.0265403
0.0266886
-0.00173006
-0.082027
1.42192
-0.0615177
0.0280145
0.0144923
0.0146323
0.0182022
0.0353731
0.767407
-0.293368
2.19591
-0.00543187
-2.04587
-0.303333
2.3634
1.36753
0.0161937
0.0265875
0.0659813
0.0399826
1.55743
-0.298315
0.0200564
0.0718168
-6.9082
0.0246988
0.0710384
0.0486467
3.14922
1.0795
1.56475
0.0228511
1.72774
2.51078e-05
-7.04333
-7.05895
2.27532
-7.35632
-7.23106
0.0234303
1.45607
-0.197617
0.0123128
-0.459196
-0.232953
-2.27259
0.32077
0.037846
-0.00907698
1.71802
-0.0669895
0.594522
0.0234411
0.0409909
0.051912
1.75692
0.0199708
-4.85158
0.0620358
-4.2233
0.00319533
0.0292515
0.0536716
2.79688
-7.35305
-0.300593
0.0242851
0.0270098
0.0511488
1.16034
1.6826
-0.0388608
0.0294828
-5.1328
0.0335393
1.05596
3.07921
0.883995
0.242929
-0.157367
0.00812973
0.0214717
0.449988
0.0595116
0.0286287
0.0111462
0.694959
1.63506
1.63099
-6.68063
1.16387
0.0244613
-0.0143892
-10.1029
0.0715199
0.0309552
1.90652
-0.194719
-5.131
0.0115114
2.68786
-0.812142
-0.277505
-0.0167318
-1.12248
-0.152283
-4.50423
2.82522
-0.261991
-0.73367
-5.21897
0.0241856
0.0690402
0.216114
-0.473838
-0.204906
-1.64939
-5.73502
1.71821
-0.0336616
-0.0615634
0.0381841
1.15869
-0.059893
-5.47917
0.00547099
0.0220871
3.20533
0.00885772
-5.32163
2.9042
0.00423272
0.0739862
-0.0778009
0.0106943
1.84556
-8.81221
1.59936
1.70962
-0.382661
-0.000539911
1.71094
0.844679
-0.448709
-1.33405
-6.94363
-0.0581286
1.83835
0.0168791
-0.978241
-4.48925
0.539474
-0.509238
-0.0623319
-0.107115
1.65618
-0.0404418
0.0183593
-3.62247
0.0203079
0.0209377
0.0424752
-4.58914
-7.25278
-0.0695729
0.0208146
-0.148209
-0.776034
0.0696421
3.09752
0.0635804
-10.1233
0.528584
0.0191848
1.8815
-0.10812
1.72096
0.0669229
1.60093
-3.68284
0.0775832
2.5162
-0.0445505
-0.320494
1.95194
0.213302
-0.0882732
-0.0909428
1.74722
1.94117
0.0394967
1.99768
2.84736
1.25141
2.04214
-5.53354
-0.0217184
2.60911
-4.62998
0.602944
-0.424707
1.62597
-1.99285
2.05123
1.97062
2.12863
-0.330851
-0.0417629
-0.717838
0.0233902
0.0942596
-7.25365
-3.41111
-0.00778575
0.0212477
-2.67357
-0.144067
-0.345462
0.51303
2.19891
2.34882
2.2674
0.0598767
1.35357
-0.193644
0.476947
0.0633428
-0.256693
3.02209
0.0373752
-0.51071
0.14871
-4.83759
2.44326
-0.35963
-0.555681
-3.19907
0.088919
0.284467
-1.12097
-7.19025
1.47012
0.0516244
1.43593
1.81869
-4.93564
-1.18795
0.0727673
1.88493
-1.09375
0.00671593
-0.0277169
-0.00273895
1.5669
0.0368875
-0.184809
3.34984
2.44941
-0.129903
0.084091
-3.52006
2.76123
1.66043
0.106435
2.96908
0.0176583
1.75038
0.616219
2.77972
0.174675
-4.71882
1.01791
-5.09777
0.00419022
0.00603129
0.118192
-6.07106
2.8893
0.109673
-0.203111
-0.440635
0.64884
1.14867
3.18887
-0.244289
-0.191803
-0.123903
1.26982
-0.278025
-0.0190119
0.2807
1.64038
-0.227549
-0.199409
-2.01521
0.127419
0.557136
1.69063
-0.327616
2.8286
-0.211435
-0.207066
1.73879
0.0279651
0.0119431
0.0307099
-0.736593
0.887257
0.0116911
0.736584
-1.94191
-0.189236
1.56718
-2.67901
-0.110372
0.0194979
-0.216692
-0.376654
1.58719
0.0773641
0.0770362
0.0054728
-0.436536
-0.0905116
-0.359699
-4.11145
0.00257854
0.958152
0.272246
-0.180121
0.329344
-0.0173086
-10.7705
-0.269515
1.72901
-0.377027
-0.175818
0.100209
-0.326494
2.5386
-0.198756
0.908311
0.0183329
3.24685
3.08454
-0.228542
-0.504626
-4.37568
0.00609774
1.4464
1.72975
1.70627
-0.173159
0.0148633
0.0532776
2.68392
0.197963
0.0686871
0.505711
-0.715398
0.230301
-0.159882
1.43141
2.66177
-0.078214
0.0992513
-0.211367
1.34903
2.2791
-0.550622
0.653125
-1.19488
3.15093
0.00703259
-0.162228
1.34361
-0.179844
0.0128043
0.0167106
1.67377
0.00574203
0.0104923
-0.673308
-4.08591
-0.187778
0.000949239
2.61984
0.834742
2.07925
-0.100999
-0.0602179
3.2585
-0.191799
0.0154199
0.682697
-0.407683
1.41248
1.47821
1.79467
-0.00195556
-3.34879
-0.55241
1.67918
-0.493685
0.0160648
-0.111103
1.73391
0.334504
0.0260675
-0.243469
0.403303
-0.263432
0.0160788
0.0389777
-0.172439
-0.431247
-0.151006
1.23977
2.58485
0.253993
1.896
1.61778
-1.89813
0.0138903
-11.4698
1.84877
0.0650153
0.00771429
-0.00494593
-0.134518
-0.191744
0.0577789
3.25116
0.00270357
1.80366
1.14716
-0.208626
0.0571414
-0.414483
0.0102836
0.615665
0.155947
-0.239581
1.23088
-0.174792
-0.350054
2.02307
0.349006
0.413134
0.178063
-4.34817
0.10337
0.871245
0.0190858
1.33685
0.0989258
-1.20302
2.46914
2.16226
0.288143
1.60667
0.012272
0.783268
1.63464
1.80676
-0.0365528
0.0956652
-3.99781
-0.118197
1.6881
-1.51085
2.36497
0.0217383
0.977195
-3.67881
-4.18215
1.68238
-0.400317
1.67263
0.324644
0.250181
0.0292889
0.426119
-0.106606
1.53431
0.687638
1.71539
0.518246
2.29441
2.48312
-0.193933
2.1659
0.100605
0.00629802
0.680943
2.4333
1.05545
-1.10699
1.81778
0.252513
0.0725544
2.38084
1.64784
2.32343
-0.22067
-0.188175
0.00701881
-6.62895
0.18189
0.0899271
1.46996
-7.88021
1.89936
0.000808598
-0.514036
1.56837
1.81218
0.308774
1.72419
0.0598601
-6.54779
-0.4881
-0.181905
-4.37258
0.988825
1.00916
-7.2481
-0.454797
0.314356
-0.114332
1.35025
2.41126
2.55683
0.825044
0.576501
-0.00483988
0.393653
1.60557
0.0089963
2.10978
0.146005
-0.185201
-0.616382
-0.468685
1.20578
1.74935
2.11753
1.45619
-0.144505
0.05646
1.68683
1.68122
1.87231
0.304367
2.15159
0.916503
1.7222
1.18799
0.0268618
0.077224
1.8697
1.62257
-10.1137
1.76924
-0.285825
0.446681
1.35397
-0.454944
-2.79811
2.79336
2.04555
0.0546763
1.77949
0.55977
1.10538
0.0374307
0.0841957
-0.123737
-0.176551
-0.374037
-3.75125
0.646443
-0.65423
-0.250973
1.68243
2.3847
0.108287
1.71355
0.208909
3.38234
-1.99418
2.0284
0.0392907
-4.21707
-3.25116
3.44811
0.295358
-0.200878
3.44482
0.0313676
-5.08165
1.71654
3.4267
0.00602522
3.38843
0.968969
0.0584334
-2.16366
3.30292
-0.180734
-0.208983
-4.93744
0.272876
-0.526676
2.013
3.15973
0.00504584
0.544401
2.11483
0.314106
1.81101
1.44258
-0.0350415
-0.941526
-4.46021
3.10861
0.62775
-1.21338
0.283685
0.0775087
3.06259
1.35477
-0.0480073
-1.52065
3.01285
-3.32179
-1.84208
2.96384
2.04007
-2.17991
-3.0518
-2.69663
0.790987
2.05705
-2.58512
2.88728
1.71224
0.0968026
-2.96558
2.34752
0.331445
0.42059
-0.749749
-7.6267
1.56374
1.69276
-0.174718
1.76983
0.161341
-1.48238
-5.04042
2.74908
1.28337
1.49314
-0.282962
-4.24043
-4.64487
-5.03427
-5.40556
-5.74507
-6.01389
-0.405683
-6.26552
-6.75495
2.07553
2.70608
1.22706
1.06248
0.328476
1.27209
-6.82792
2.67336
0.00270673
-6.84304
2.20422
-4.97436
-6.78556
0.0487886
2.58253
1.5733
1.03648
0.572962
1.71092
-3.23137
-6.70652
2.54959
-6.51429
0.027993
0.677083
-5.51181
1.62328
2.5089
-0.185825
2.1932
0.073003
1.38467
-6.46312
-0.511351
-0.179192
2.46919
-0.64165
-4.19254
2.42994
0.348575
-1.48649
-0.590332
-5.7303
2.396
1.77089
0.576893
1.70481
0.438752
-0.0332252
-0.00538589
-5.61249
-6.63587
2.35226
0.74255
0.0653733
1.78768
0.858418
-8.38088
-0.545701
-5.48205
2.31765
-3.91551
1.74536
0.00297748
0.0306895
-5.37683
2.27798
0.778562
-8.64197
2.23275
-5.29954
-0.149229
-0.470278
-4.18043
0.212801
2.20258
-5.2267
2.14727
-5.18642
-0.461697
1.13178
0.00452992
0.999932
0.0050506
2.10575
-5.14768
1.15707
2.64134
1.78451
-5.13454
-4.81411
2.07169
-0.173167
-2.32827
1.46526
-5.11438
1.70216
2.03897
-0.00849544
0.283496
-2.06549
1.70381
1.19783
0.00297246
0.478602
-5.10507
-4.18764
1.98923
0.569419
-6.62371
0.63324
-7.93926
-4.22675
0.49311
0.81692
1.95155
2.36281
1.77199
2.54153
1.79868
-5.06823
1.25082
0.13462
-3.06259
0.852537
0.0107906
0.0795852
1.00071
1.41404
-0.174707
-5.03362
-3.62622
1.86883
-2.01679
-0.559137
2.12226
1.40568
-0.00915526
2.95848
-10.6031
0.473555
0.371497
-4.98164
0.41752
-2.81074
1.8176
2.06439
1.86999
1.16065
-4.90753
1.76711
1.7057
1.67039
1.60809
1.56266
1.4928
-3.96891
1.72442
1.43891
1.93318
1.32097
-9.47839
2.32817
-4.80865
-0.890184
-10.6136
1.32658
-4.4479
2.33926
-4.68675
0.489979
-4.55062
-8.11046
-4.40804
1.66916
-1.15349
0.188196
-4.28576
-4.78551
-1.81423
1.74366
-7.93553
-4.15269
1.83037
1.79402
-0.957718
-9.64188
1.92276
0.369892
-11.3214
0.153376
0.703279
1.53558
-2.97174
0.101766
-2.51625
1.89457
-0.727541
-2.38021
-4.73476
0.962499
1.76248
0.191809
-5.09952
0.772026
1.98306
1.431
-5.11119
1.72745
0.79647
1.46143
-0.377206
1.77534
-0.628141
-0.00111914
0.00638041
0.798586
-3.40512
2.56806
0.352361
0.325587
0.280983
-4.15786
2.25631
1.83652
1.55725
1.71545
0.320727
-0.00166228
0.575417
-2.04707
0.984159
-0.911576
0.1344
1.25364
-3.8734
0.579206
3.13067
-0.000486868
0.931021
0.977089
-7.77292
0.0550935
1.36841
0.0353526
0.789549
1.50088
1.70568
1.79836
1.79512
0.119718
2.01469
-4.21412
0.0914978
0.764588
0.0987563
-0.636156
0.361166
2.03598
-6.94266
1.70026
-1.53841
-8.9118
0.414101
-3.3237
0.681079
0.0547464
0.367698
1.88732
0.39323
-0.550619
0.0830907
0.464169
-0.0554635
-1.23006
-0.00655777
1.82711
0.185312
-1.75786
1.30296
0.229104
1.31626
-0.507878
0.124171
-0.317759
0.0929411
0.358033
-5.71222
0.276935
0.0300291
0.0541598
1.03906
2.59867
1.24127
-3.17144
1.70032
-0.124835
1.33042
-0.00984637
0.0559457
1.50048
-6.31432
0.0190086
-1.40239
-7.40885
-5.72593
1.75075
-0.218841
2.13679
0.556987
0.00969779
2.68434
2.55687
-0.872182
0.610651
-0.978856
-1.05601
1.93335
-1.99184
0.131188
-3.13652
-0.162626
-2.95381
0.786641
1.14164
0.221804
-0.00102209
0.307849
1.67677
-8.25873
-3.70122
1.11053
0.944899
2.53381
0.168461
0.695567
2.60304
2.64116
-0.00178367
2.30076
1.34859
1.75072
0.432504
2.37283
1.82641
0.520451
0.0820448
-0.0654791
1.33628
1.30179
0.00471238
0.0066483
-0.831133
3.21127
1.37677
1.03599
1.7611
1.04395
-0.0337472
1.11551
0.352812
2.28588
-0.416669
0.21313
0.204114
2.89965
0.615942
1.90682
3.21819
1.73882
1.79725
-0.0148453
0.91965
-0.00115724
2.03564
3.05466
-4.80522
0.722645
2.95249
-0.128019
0.161259
3.20668
0.917663
-11.629
0.574468
-0.112442
-4.29017
0.438661
0.0408226
0.382748
-0.0729597
0.410007
-11.2517
0.134607
2.7753
1.85453
0.957919
1.51283
1.48534
-0.601599
1.67397
0.00062714
3.37308
-0.625582
-3.13529
0.308742
2.50843
1.66728
1.54007
0.264127
-2.14665
-1.58272
-0.671474
-0.241197
-0.17274
1.43016
-0.190759
-0.0894855
-0.467005
1.82619
0.333667
1.55302
-0.00964442
0.794818
0.938864
2.94791
1.52322
0.0886501
1.36926
-5.05569
1.99506
0.124779
1.58518
2.68223
0.176215
0.136521
-2.06145
0.0372299
1.69578
0.0792568
0.695806
-0.151785
1.50337
-5.52138
-0.583361
2.43287
0.952038
-1.66447
-5.19418
1.86915
2.09161
0.192519
3.26971
1.67007
0.634004
1.36021
-0.146259
1.96408
-1.74435
0.0402366
-1.79326
-9.98097
1.71824
0.174414
0.635653
-0.723479
2.82058
1.37545
-0.562434
0.0613697
-0.058949
-3.11312
1.2047
1.39993
1.40588
-3.83802
0.786345
-0.344603
0.983407
-0.464558
1.05645
-0.179117
0.371483
0.310769
0.989094
0.592461
1.81398
-4.05046
0.0507342
0.298563
1.71371
2.16876
0.29883
-3.85658
0.0544734
0.355597
0.816926
3.15049
1.86132
0.01268
1.46204
-10.5715
1.70194
-1.7244
1.16196
2.57141
-1.55425
0.370924
-1.05004
1.67897
0.831345
-0.00215116
-2.3159
-5.59048
-7.62918
-4.26963
-1.3231
1.85817
1.29971
0.0645701
1.86571
-7.20917
1.81688
0.542801
1.70078
0.137477
0.0823984
1.76651
-4.35717
1.79678
-9.64612
-3.40233
2.6971
-1.86982
0.351233
-0.156705
0.690818
1.21453
2.42892
-1.42044
3.32079
2.98049
-5.06123
2.49827
0.380522
1.77073
3.10894
-2.22527
0.00744198
0.958304
1.75676
0.454508
-8.49857
-6.29668e-05
0.363036
-1.73467
-0.18372
-0.169167
1.75863
-0.20713
0.0916709
1.72001
2.2502
-3.61367
2.32111
-1.29979
-3.43835
0.151439
1.10111
1.66342
0.875257
2.19067
1.32861
3.42651
1.67858
-4.14149
3.45533
2.46552
2.53715
1.88911
3.44685
2.59089
0.248025
1.50564
3.40995
0.831604
0.135482
-1.32616
1.59174
-4.9358
1.03134
1.36389
-0.90531
2.48756
1.71535
-3.41004
-0.641153
0.718251
2.4265
2.38806
-0.242527
-1.28574
-7.54001
-4.58008
2.18261
-0.243873
0.0458459
-6.56327
3.22251
2.60069
0.089325
0.961271
-7.02874
-7.62412
2.2506
-0.326731
3.1344
1.73089
-8.60561
0.109003
-6.99487
1.23947
-1.22924
-6.23237
-2.64437
3.05634
-1.07841
-7.36504
0.329066
0.0115387
3.08679
-0.399222
-0.238987
-4.76858
0.507208
-5.16915
2.66147
0.740256
0.841452
-10.6854
0.00911077
0.609541
-1.36405
3.03778
-1.47777
0.326913
1.7093
1.33099
-4.82975
-5.96346
1.62788
-1.68473
-0.748375
2.58982
2.98936
2.39578
0.408224
2.92505
2.51252
1.88659
0.92759
-2.01088
2.085
1.22371
2.00404
1.97745
2.50621
2.08474
-1.92413
-3.10199
1.69219
-2.37814
1.44493
-5.08127
-1.64086
-5.0857
2.34072
-0.593469
0.656353
-1.27298
2.19681
0.0265092
-2.75897
-0.817491
1.43043
-3.31813
-5.30299
-0.0952137
1.7756
0.660515
-9.15408
-0.520545
-8.86703
-0.0560583
0.189128
-0.00273867
-0.0637356
0.736949
-4.20685
1.75325
1.75536
-7.92908
-0.536151
-0.765259
-5.13204
0.811541
1.75339
-4.03877
1.39955
1.48825
0.538592
1.91674
1.34932
2.7297
2.00295
2.63606
-9.82986
-4.43559
1.15412
-4.83954
-5.2281
-5.57537
0.886039
-5.89331
-6.16578
0.100668
0.404724
-6.80819
0.00619182
0.840992
-1.06794
2.69047
1.52377
3.35813
-6.84964
-8.43401
-4.18613
2.7932
-0.218583
1.16137
-0.172942
0.790042
-6.82731
-1.33842
-0.225892
1.19647
-8.31967
-6.76014
1.24482
-1.63919
1.68195
-0.117994
0.792783
-2.68193
2.56893
0.20914
2.73515
0.360579
-6.625
1.7942
-1.17733
0.83172
-0.515244
-1.89389
-5.07946
-0.265851
2.52928
1.86055
-6.71083
2.51904
2.53419
-3.81536
-0.00209631
-6.53421
0.5019
1.61988
-0.416298
-0.879446
2.48941
0.449831
0.10141
0.365816
-5.86658
-4.98217
2.8126
-3.10149
1.21393
0.34412
1.46833
0.00234958
2.21455
2.44923
-8.09908
-0.0347782
1.73389
-2.95507
1.21659
2.0104
0.0829184
2.41369
-3.20534
-9.83176
0.18964
2.26669
-0.00169994
2.31742
-1.37131
1.85951
1.8889
1.57507
0.0483584
-5.68127
2.37254
2.43562
1.78688
-1.49145
-0.510652
0.401054
-5.66646
-1.23609
2.83239
-7.3688
0.736743
-5.55228
2.33793
-4.18969
-0.545472
-0.0151614
0.390581
1.78602
-0.188931
-1.39973
3.13321
1.8142
-5.44176
2.2987
1.22709
1.26293
-0.17517
0.259543
-5.15932
1.59757
0.114298
2.01381
2.2559
-5.34562
-0.460328
1.43332
1.00754
-3.55692
1.28189
0.498036
0.138863
1.25863
-0.389041
1.28201
2.21993
-5.25803
1.35396
2.26456
1.46185
0.432715
2.17365
-5.2082
1.71166
-0.136052
-6.05303
0.327994
2.51419
-0.46986
1.73445
-6.65607
2.12601
-5.16507
-0.317638
1.2722
2.60359
-1.93949
1.30365
0.731723
-4.18541
1.80137
-5.13726
2.08945
2.36137
1.58423
0.49959
2.65323
-0.162623
1.71368
-0.282084
-5.12371
0.056282
2.05689
-3.00842
0.850584
1.12339
-5.11184
1.69551
2.01193
-0.00497746
1.71519
1.20287
-7.42562
2.74725
-4.20501
-3.514
-8.83736
1.96974
-8.48003
-0.155876
1.82104
1.13908
0.100868
1.12939
-4.80569
0.702039
-0.175074
0.355553
0.908072
2.95081
-7.28922
1.77177
3.18494
1.25089
1.25339
-5.05774
1.71873
-0.0762202
0.827
-1.25496
0.986114
2.23854
-2.81562
-5.01259
1.84389
1.69143
1.23389
1.18278
-0.949759
1.10702
0.675858
1.28631
1.67696
1.76786
-4.31765
0.991189
-4.94983
-1.02374
1.68651
-3.85961
1.79267
1.6967
0.739092
0.650474
2.63055
0.305321
0.0755485
1.72902
1.73672
1.41415
1.69114
-8.73992
1.63914
1.58688
0.480745
2.30807
-4.8623
0.958618
1.52638
2.38022
1.46488
1.03066
0.0120739
2.43936
2.3829
0.113586
1.07513
0.684658
-4.74836
0.753243
1.4535
0.927664
-4.61999
3.20714
2.52986
-4.27905
0.931189
0.270316
0.0203198
-4.47174
1.0387
1.0074
2.12496
0.156698
-4.34206
2.42611
-1.35473
-1.60258
-0.0624046
1.67147
0.912961
1.91448
-2.44744
0.24605
2.90742
3.04494
1.21615
-0.104098
-3.22156
3.33502
0.863261
2.47763
1.53339
-0.222096
0.144512
-1.36443
-0.0951346
2.23838
0.233049
-9.51706
0.671942
0.710546
-1.69629
-8.67445
2.57305
-3.27437
-6.14477
0.342336
0.5961
0.942951
-0.208375
0.393268
0.897545
0.712709
0.666864
0.0672383
2.94772
1.75437
1.96268
2.10731
1.27113
-2.33026
2.90412
-0.931376
0.246232
-0.0131609
1.55625
-5.03897
0.456366
2.28982
0.371067
0.14575
0.240226
1.78432
0.838724
-5.80996
-5.49558
1.64521
1.79145
2.6748
1.69802
2.00043
2.28056
2.24088
-0.78211
2.12048
0.283645
0.891812
-4.87059
-2.31896
-3.72235
1.06941
0.412238
2.05101
0.790808
0.577615
-4.24397
-1.30779
1.1709
-0.343172
0.259035
-9.23745
1.67898
2.57429
-5.19109
0.0546322
-2.04363
-4.07806
0.149085
-3.50264
0.685061
1.6446
0.744551
-0.108135
-6.83842
-6.33424
1.78648
-0.773328
-6.7724
-0.733133
-3.02773
0.981456
-9.88341
1.07643
1.28242
3.03374
-0.516218
0.624458
2.44663
0.339279
0.51491
-3.49193
1.04856
-6.5842
-4.13265
-4.87856
0.0724856
0.161613
0.762421
0.512563
-2.40872
0.73141
-6.64831
-0.249018
0.435489
0.511422
-7.0196
2.40559
-0.0792017
1.71423
3.20805
2.45668
3.11871
-4.30822
2.39341
0.34189
0.142801
-1.58167
0.190353
0.398856
0.629173
0.110011
0.0316224
0.824166
-6.56819
1.05508
-3.19768
-6.43654
-0.358418
-1.5367
1.95491
1.29932
-4.22384
1.27384
-5.09739
0.172876
-4.1545
0.242311
0.268077
-4.77305
-1.35945
-1.84708
1.84567
-0.0246125
-3.903
-9.66066
1.84309
-1.13575
0.790368
0.503642
-7.25282
0.129675
0.0258544
-0.131245
0.357665
-7.43883
-6.61794
-0.399572
-7.63842
0.354868
0.41311
1.89334
-0.933009
-0.396795
1.39571
-6.5626
-1.41743
0.783279
3.32704
-0.32343
0.405432
-0.759819
0.490024
-3.42366
1.9458
-1.19284
-3.87546
1.73907
0.381623
-5.67944
2.2663
-5.04962
-3.25477
2.47335
1.23326
-0.0436325
-0.768785
0.072089
-11.0181
-0.813874
1.69148
2.11886
-4.88162
0.251889
0.200823
-0.236335
0.852352
1.66555
0.0746273
2.43177
2.58639
-9.29666
0.933476
-0.702267
0.0797946
-4.48224
0.178927
1.51847
0.384443
3.14482
-4.87797
-4.96589
2.63886
-3.49249
-4.54575
-11.6656
-2.2173
1.70988
1.63706
-5.17625
-2.27738
1.38185
2.71488
-0.0334828
2.77262
-1.13244
-4.58456
0.436948
-4.50856
-5.0155
-1.19312
0.784547
-1.56827
-1.10089
2.29138
0.740267
0.386888
0.916019
3.37029
-4.15795
-5.25904
-5.09827
-1.18585
3.32584
-5.09033
0.690341
0.0222248
0.441969
-3.68325
-4.74165
-0.0211343
0.0955834
-0.12774
-0.0271458
-0.0357566
-4.92128
2.88019
-3.7462
-3.24563
2.92543
1.11933
2.44148
-3.31657
1.69003
0.0514135
0.39347
1.43253
1.15645
2.57894
1.10512
-0.0878211
0.791974
0.231344
-2.75117
-7.09742
-0.158862
-1.74222
-4.14947
1.20465
0.93607
0.078214
0.705795
0.330695
2.76753
1.73791
1.6347
0.453977
-3.37599
1.57462
-2.96535
-3.66328
1.71736
-0.442976
-2.89844
0.00941024
2.63236
-3.75789
2.53704
-0.0222976
2.38474
0.102703
2.6033
1.35079
1.39035
-5.04182
-1.05557
1.85171
1.3459
-0.799295
-0.0837964
-4.17212
0.231759
-1.89363
2.7797
-1.83437
0.748671
-3.35144
0.664153
2.38881
-2.54558
-7.36262
0.779457
2.7913
-3.66042
-1.94164
0.0446766
0.366129
-5.77909
-0.283405
1.34818
-10.5674
0.720461
1.83544
2.21807
1.0569
2.34585
2.05122
0.559152
0.0663521
-1.13046
2.72172
3.22036
-11.2113
0.584353
-1.23494
-0.0470088
-6.01628
0.480374
2.92635
-3.62534
1.91492
-0.430228
1.0833
2.48405
1.88858
-1.09109
0.410033
1.35992
2.62311
0.293895
0.424342
0.487572
1.86893
1.0511
-4.19648
-5.13272
-1.41274
-4.16554
1.96665
-7.40297
-3.20747
-7.31188
-4.49216
1.59632
-7.64974
0.204225
-0.137845
1.36832
2.8466
-0.31434
-1.32803
-0.0227719
-2.00409
2.02897
3.34338
0.0900654
-3.45175
-5.49825
0.630841
0.554742
-0.226765
-0.585255
3.27446
0.73844
2.71454
-7.73667
0.772884
0.986078
-8.79307
-0.0866337
-0.993494
-3.30293
1.00576
-0.120025
0.536777
-4.18323
1.02454
0.681409
-8.71003
-4.9944
0.742466
0.849991
2.63348
-1.49124
-0.114761
0.623581
0.394823
0.00773056
-7.6377
2.60337
-7.79259
1.74325
2.31252
1.9425
-7.60983
0.488473
1.91587
-0.716974
-0.042015
-0.461349
1.33818
2.51232
2.60931
2.22909
1.82734
-3.75348
-7.82701
0.879838
0.191147
-5.92743
2.77768
1.97789
1.07888
1.29763
1.25215
-4.36784
-8.62842
2.30013
0.828816
1.18995
-0.0954188
2.46059
1.67045
0.136505
2.67469
0.186638
-1.93882
-6.96949
0.0739395
-6.87955
-0.322607
-2.18694
-3.16175
1.71015
-5.37551
0.979958
-3.04279
0.601
-5.16436
0.0697787
0.223025
2.70877
-8.21729
-0.315873
-5.25568
0.565602
2.24131
1.2743
-7.54746
0.0511098
-4.01879
1.44832
-5.22052
0.0464237
-2.81075
0.284697
-0.0582832
1.89119
3.42703
3.34099
0.365454
0.190551
-4.18419
2.68699
1.86685
1.4239
2.06863
0.546449
2.56802
-0.0235684
-4.9124
0.179397
0.203021
2.35617
-1.67112
-2.90193
1.4694
1.49082
0.072791
1.60532
2.43149
1.58207
2.41139
0.912847
1.80928
1.75465
1.17167
-0.0207319
2.77755
-0.903564
0.539594
-3.54734
-9.05751
0.00264395
0.698223
0.227311
2.11563
2.45887
0.759264
-6.33978
2.36522
0.889299
-3.42995
1.31136
0.804795
-5.67642
0.48934
2.21461
-0.154477
-0.800165
1.05166
-4.94315
-0.839681
-1.1219
0.116192
0.946323
1.78799
2.90284
3.23198
0.570997
0.622639
1.54781
-1.31916
-2.90709
2.50715
-3.11938
-4.50941
1.00145
-3.88399
-3.31936
0.176537
1.22681
-6.95606
1.24833
2.49284
0.622204
0.137845
0.424045
2.72808
0.146516
-2.72206
-1.74458
1.30249
-10.8248
1.88134
-6.21967
2.50917
1.72113
1.25056
0.11058
-0.91748
2.67301
1.34091
-0.221028
-2.67147
-7.08353
0.0680161
1.68733
1.5231
0.747644
0.0910592
-0.828557
1.50287
-6.57566
0.314209
-0.0687474
1.48914
3.08235
-0.301478
-0.0291873
0.421698
0.0069825
-0.770657
1.36256
0.80982
-10.2508
0.117755
0.327478
2.37101
-6.8502
-0.454437
1.79684
2.1238
2.55193
-0.0837296
-2.90593
1.48037
1.0899
0.403105
-5.04147
-0.795493
-6.74308
1.57409
-5.27289
1.33155
-3.54654
-0.350552
-0.411869
0.0310371
-11.4939
0.00211144
0.0871781
2.43632
2.41818
1.18491
-3.22262
2.73049
1.46077
-0.826694
-0.151299
-1.74942
-0.244091
0.133571
-2.06772
-3.82089
1.37536
-5.11082
0.976059
0.0224465
-4.46207
2.59348
1.42156
2.4883
2.34905
-0.995579
-4.18118
0.476859
3.09647
-0.303394
1.15805
1.68023
0.0111758
2.06279
0.765865
0.0567355
1.24838
-0.263232
2.06762
2.4043
1.62526
1.73203
0.240178
1.57791
0.128983
-6.85359
2.00871
2.60394
0.648996
-0.954197
-6.81747
2.85382
-2.00699
-4.56023
-9.3042
-0.231903
0.00778639
3.08971
0.795939
-0.209914
2.25554
-0.863773
-0.115913
0.146672
1.91226
1.14013
0.876484
-1.05873
1.56239
-0.000339399
3.07854
3.05623
-1.75957
1.992
-1.39243
0.67216
0.0756023
1.74472
-5.10869
2.46987
-5.00937
2.16118
0.77871
1.28477
2.34107
-5.42345
0.0831966
0.440194
-2.49297
0.573217
-6.65785
-1.79287
-2.54476
-0.969525
2.57027
-7.38925
2.82253
-0.196976
-10.2853
0.479815
-4.67061
-2.59424
-7.38767
0.00752952
-2.02559
-6.13277
2.43577
-4.95557
2.52649
0.36946
-4.85382
-0.397474
-2.46198
0.69103
-0.0970388
2.73237
0.986693
0.522163
0.0977562
-4.92243
1.52423
0.168232
1.08861
0.0387344
-4.19296
-0.0241878
-9.16306
0.511059
-0.723227
0.855296
2.3937
1.82628
-0.531092
-0.304548
1.66799
1.68779
2.81334
3.0181
1.39345
-0.204165
1.71102
1.09315
0.5092
0.355771
2.7536
-5.03125
0.762434
-5.60024
0.881836
-0.138653
-0.5869
-0.264838
0.563198
1.1125
3.2503
-0.281982
1.69147
1.73824
-4.59228
0.596381
-2.76319
1.5042
-4.92364
-2.30159
-0.0355782
0.275452
1.68962
1.03209
2.65455
-0.0206159
2.52818
-0.698603
3.13007
1.8354
1.67003
-6.89211
-7.82727
-0.254991
0.370868
-2.06618
2.24998
2.31678
1.40044
0.34021
3.12189
0.731033
1.70896
-0.494304
-4.18334
0.471542
0.731325
1.9572
-5.06541
0.133911
-1.70316
-0.0779693
2.64837
0.966218
-4.18044
0.532829
-0.277211
0.373757
0.553715
-0.373209
1.06175
-6.90263
0.00597126
-1.78956
-0.231892
-4.75279
-1.56237
-6.61312
-7.77838
-0.291073
1.86023
-0.237888
0.836374
0.0753985
2.27015
-5.63904
0.564412
0.299922
-0.667938
-4.63956
2.38577
1.70257
0.227654
0.15575
2.40739
-3.21016
-6.65964
-2.01012
6.67664e-05
-2.04546
1.40764
1.14545
-0.255714
0.40103
2.49875
0.228673
0.0615309
1.46003
1.0933
-5.51448
2.29778
-4.1828
2.60929
1.06627
2.20541
-2.61684
-5.70653
-3.28356
0.699122
2.54473
-5.59194
1.66123
1.00956
-10.1142
0.429988
-1.57493
3.00847
1.54017
0.115382
1.01824
-0.318819
0.0850195
2.38766
-3.45063
1.31261
2.07725
3.14005
1.99823
-6.65128
-5.32312
-5.45029
0.0803195
2.38618
-0.934446
0.0680756
-2.3401
-4.77328
2.39758
0.359011
-6.28716
-0.130981
2.32801
3.10616
-0.112449
0.053472
2.30534
2.18093
1.27369
2.50787
-1.3811
-6.88126
1.61564
-8.0996
1.0185
-0.148818
-8.05352
2.46061
1.23277
-0.650986
-4.98909
2.32677
-5.38717
-2.56616
-0.226908
0.693219
1.69386
2.54797
-2.31696
-0.0247918
-6.89982
3.23054
3.14767
1.72479
2.12781
0.0114008
-5.32578
2.90036
0.513013
-3.00429
-0.15941
0.00939448
-5.77915
-2.144
-5.40299
1.34166
-0.867638
0.00280013
2.08304
1.95194
-6.91834
-0.809569
-1.43171
0.771849
1.35311
2.44729
-2.42457
0.0710484
-0.314644
1.17257
-4.14329
-0.43392
2.23741
2.05257
0.00590794
2.33814
2.12545
1.60198
1.19204
1.19182
-10.1371
1.96724
1.32028
-6.14504
-0.292426
-2.40626
2.29971
-7.27706
1.37949
0.973933
1.72339
-2.61017
1.83598
3.31934
-4.57841
0.924764
0.793494
-4.43785
2.99913
-0.219429
1.24098
-4.71239
0.0649208
0.117187
0.522402
0.697028
1.12142
1.20874
-2.72172
-0.295337
-5.16183
2.35082
0.752654
-4.18224
2.04309
1.84482
2.91751
3.20461
0.0645352
1.76156
-7.69536
1.51191
-0.0746303
1.10938
2.814
2.43301
-1.06947
0.00501231
1.59686
-3.14381
-4.77599
-0.431068
0.728169
-5.36912
3.05878
-5.47189
-0.691674
2.30265
0.870186
1.06881
0.0544627
-2.6933
0.133729
2.29257
-0.336782
0.0693151
0.831622
-4.16754
-0.596498
-5.77097
2.08848
1.41874
2.00924
-1.48765
1.5385
-0.526942
2.03281
-7.05775
1.69286
1.63752
2.4296
-4.19642
-4.18259
0.499125
-0.0277793
-4.47039
-0.692911
0.962955
-2.1486
2.87111
-6.7477
-0.34198
1.49087
-5.0181
-1.65278
-5.90105
0.351975
1.08355
1.55185
0.0381827
0.7211
1.36069
1.66221
1.13662
0.0533185
-0.166852
3.10271
-0.0711371
0.762921
0.722885
-1.41162
0.542864
-1.91262
1.986
1.98457
-0.987497
-6.24715
-7.17196
0.227714
-5.10587
1.52206
-4.41365
-6.08465
0.631376
0.276735
-1.3893
-1.0432
2.50354
3.17113
-0.697861
2.26584
3.09371
1.03744
0.00941407
-5.42414
0.219795
-7.11736
-1.74592
-2.93505
-5.83953
0.920297
0.0530845
1.25019
1.01177
2.12571
0.873875
2.15512
-0.504058
0.679852
1.10447
2.98777
1.03299
-4.16866
1.44381
-1.9253
0.0457532
2.4547
1.73115
-1.5253
1.86583
-0.348053
-0.465004
2.08199
-0.694851
-5.83426
-5.2375
1.71405
2.25193
3.03084
0.643522
1.68018
-3.56817
1.54933
0.16296
-1.3754
1.4938
-1.4178
1.07179
2.22313
1.98493
0.796382
2.32124
-8.2136
1.6974
0.595289
1.56139
-0.185499
1.64932
1.61878
0.00982519
2.24309
-3.53313
-1.3047
0.75575
2.9695
-0.500235
1.07733
0.919642
1.06972
2.85804
0.921273
3.00496
-7.19754
-1.02204
2.11668
0.885506
-0.163925
0.838005
0.747936
-1.0307
1.52832
0.90785
2.97471
1.5564
0.955029
)
;

boundaryField
{
    SideWalls
    {
        type            empty;
    }
    Top
    {
        type            zeroGradient;
    }
    Inlet
    {
        type            zeroGradient;
    }
    Bottom
    {
        type            zeroGradient;
    }
    Outlet
    {
        type            fixedValue;
        value           uniform 0;
    }
    Plate
    {
        type            zeroGradient;
    }
}


// ************************************************************************* //
