/*--------------------------------*- C++ -*----------------------------------*\
| =========                 |                                                 |
| \\      /  F ield         | OpenFOAM: The Open Source CFD Toolbox           |
|  \\    /   O peration     | Version:  2306                                  |
|   \\  /    A nd           | Website:  www.openfoam.com                      |
|    \\/     M anipulation  |                                                 |
\*---------------------------------------------------------------------------*/
FoamFile
{
    version     2.0;
    format      ascii;
    arch        "LSB;label=32;scalar=64";
    class       volScalarField;
    location    "4";
    object      p;
}
// * * * * * * * * * * * * * * * * * * * * * * * * * * * * * * * * * * * * * //

dimensions      [0 2 -2 0 0 0 0];

internalField   nonuniform List<scalar> 
5098
(
-0.789726
0.446583
0.254496
1.96271
-0.54875
2.18591
-0.0394841
-0.749257
0.240129
0.199301
-0.23171
0.765229
0.393317
2.45899
-0.35518
0.0250723
-0.164389
-0.525519
-5.18556
-0.171526
1.3424
0.0198715
0.947939
2.98227
-1.39894
2.1158
1.27142
1.43313
-5.10598
0.677221
0.63282
2.6321
1.56042
-0.112234
-0.423715
-3.132
1.58303
1.50799
2.36642
1.11823
1.92638
-3.77757
2.08878
0.0820299
-0.286331
0.524471
-0.183346
2.67019
0.637513
1.99907
0.150377
1.77292
-6.19585
1.42549
2.18834
2.06964
1.48899
1.84389
2.63822
-0.115757
-0.146525
-0.231897
-0.442834
0.419982
-6.35113
2.48575
0.0754648
0.0952416
1.22661
1.75492
1.44821
-0.160539
1.26404
0.049102
-0.0565831
2.00183
0.00715736
2.11875
0.256302
2.00361
-0.143215
-4.8316
1.92743
-0.13735
-0.579555
0.618579
3.21098
0.00551357
-0.921478
-0.079984
0.888314
-6.33358
0.81341
1.96361
2.37762
-0.0896785
1.73471
2.16885
-0.0506849
1.27461
-0.711499
2.12665
0.00202529
0.125844
2.12774
-0.545712
1.36242
0.00476895
2.70981
-0.233411
1.86196
-4.99985
1.51832
-7.23588
1.27496
-5.33066
-3.81953
-1.58898
0.0565447
2.96029
1.74052
0.1142
0.225868
-6.44046
-6.48965
-0.171743
1.36428
0.987935
2.41138
-7.1316
-3.03377
2.56912
2.53847
-1.34445
-0.417277
-1.2545
-1.68611
1.30821
2.39221
1.41112
1.77571
-0.183477
1.34917
0.254822
0.520342
0.0962407
1.28061
-0.440893
-0.856628
1.13064
-2.36909
-4.36461
-0.482642
1.53083
3.24352
2.91108
1.84715
-0.646008
1.9316
-4.95059
1.44873
-0.389334
-4.42992
1.77222
-0.719125
0.481817
-0.595217
0.60015
-1.43991
1.83456
-0.0434179
2.00234
0.289971
1.44336
0.529097
0.689883
1.88753
-2.76024
1.85624
3.23828
-3.03722
-3.11193
1.73299
-0.763615
1.74079
-1.00181
2.08565
1.55282
1.97673
-9.93463
-4.89421
0.274122
1.2152
-0.071249
0.529725
-6.61099
-3.7679
-1.39745
0.0234648
1.80092
-3.16022
1.76976
-0.294416
0.473414
1.40663
2.90856
-0.743294
2.42136
1.03204
1.20558
1.59268
1.73695
0.266869
0.514469
-0.680642
-5.12405
-0.0862134
-0.287624
-6.28128
0.748074
0.822296
2.10114
0.115926
0.806847
-7.19987
1.48784
3.17193
1.37016
1.34064
0.300905
1.44957
3.04156
-3.70772
0.0369979
0.342392
0.397439
0.972166
-7.95076
-1.72863
1.71753
-5.51221
0.233125
0.136764
2.74998
1.32952
0.888222
2.41455
-0.249266
-0.168071
0.816754
0.278176
1.38207
-5.58535
-5.49097
1.59172
-8.59863
-0.430807
0.192854
2.63106
-0.0228369
-1.00018
-6.79888
-1.80219
1.27976
0.0616592
-0.30975
-4.93642
-0.262856
0.0244201
1.74451
-9.56716
-0.092782
-4.94076
0.0162443
2.60145
0.0444582
-3.12978
-1.96783
0.716694
1.58269
-2.74055
-0.657723
-7.2838
-0.717491
-0.131073
-0.097254
1.59671
0.111095
0.480703
0.812883
-6.50101
-5.70144
2.73609
-0.185911
1.3443
0.19925
-0.39404
0.586167
1.24959
1.54654
0.0843261
-0.783355
2.05745
1.27845
-0.297294
1.58058
-1.92447
0.68482
1.69802
-0.1867
0.920566
-5.56068
2.14494
-0.0877382
0.350286
3.22917
-1.59798
0.101773
1.06114
2.84535
0.210041
-5.52182
-1.49143
-5.71684
-0.0143144
2.39831
0.360445
1.31497
2.68257
0.0435581
1.7347
1.02592
2.39485
0.627021
1.71495
0.153079
0.62913
2.02586
1.20442
1.69912
1.31105
1.78641
0.319889
1.44767
-4.80535
-0.00721002
1.3213
-5.12448
-1.56029
0.764009
0.457947
2.79233
2.82004
-2.87995
-0.112138
-2.23345
-1.09964
0.544725
2.37371
-0.181662
1.39535
1.37513
1.02256
0.0363834
0.0208909
2.62959
1.45332
0.917699
0.706801
-9.05942
2.54076
0.0612732
-2.88361
-0.03997
-0.124357
-0.234047
1.75688
0.260035
0.656101
0.0268281
1.39835
-0.171457
1.58251
-0.693632
0.171435
-2.35363
-0.365743
-7.36915
1.88714
-0.019287
1.25754
0.385208
1.44195
1.86854
0.936724
-4.75273
2.03323
-7.32977
0.416024
-0.538827
-4.19426
2.77968
2.02658
1.40725
-5.28481
0.414479
1.46568
-0.386319
0.243321
-0.890959
1.41031
-0.237057
-6.91551
-0.0410513
-1.78463
0.0672742
1.27395
2.75344
-2.19633
0.714453
1.4129
2.10904
-1.08477
0.739188
-2.16883
-6.42614
0.0456952
-0.364007
-0.105388
1.45872
0.078608
-5.02758
0.0159833
1.58939
-2.09851
-5.71537
0.132539
0.988484
1.10382
-6.33911
1.83536
1.7013
1.03428
-0.162861
1.16545
-1.81792
-1.83532
-0.363078
-5.10623
1.38939
-0.181822
0.974555
1.42317
-0.15506
-0.191394
0.152194
-3.9723
0.68047
1.48554
-3.00905
2.06028
0.0460453
2.75109
-2.72741
1.89431
-0.36464
-7.53855
-3.84504
-0.275845
1.88626
-5.17621
0.664083
-0.107266
-1.63567
1.26504
-7.51135
-5.37585
2.12732
-3.15809
0.787654
0.609683
-0.931256
-7.36315
1.21791
-0.0256785
1.66925
0.202792
-0.497055
0.151061
1.43308
-2.92559
-0.408368
-0.553878
-5.79486
-6.01745
0.0269675
2.25992
-3.44013
2.17939
1.50469
-0.439975
0.962091
-5.1989
-0.521539
-5.05356
-3.59066
1.0437
0.821836
-3.98776
-0.378427
-6.42863
1.40685
1.54407
0.441266
0.644741
1.39921
2.84503
-4.93367
-0.503846
2.27729
-0.41389
-0.489821
2.78303
0.052672
-4.05723
0.00480066
-3.025
-4.11758
1.43492
0.723766
0.385463
3.15067
-1.09299
-0.102246
-0.475355
-0.371454
0.0365828
-1.73088
-7.0067
-0.164478
1.2965
0.0247547
-5.26854
1.7249
-0.160493
-0.248829
-0.281435
-0.374111
3.16213
-3.32139
-2.17566
1.69626
-0.059815
-4.711
-0.90148
-0.203763
-2.80635
2.16338
-0.193524
-0.86681
-0.207419
-0.409927
1.68528
-4.9847
-0.0341014
-4.15977
-5.59221
0.0544038
-1.25189
-5.54456
0.811565
0.562356
-5.29078
1.32172
1.73086
3.14275
-0.247237
1.68829
2.41877
-0.819027
0.118005
-2.21655
0.639204
-0.142226
0.241923
-0.198639
0.0565462
0.987033
0.523887
-5.03352
-6.57422
2.75483
-1.41758
-0.740012
-0.325548
1.66861
0.99013
0.88935
-2.715
-2.43945
0.0440251
1.90803
0.695661
0.332185
2.57134
-0.100332
2.44116
-1.04527
-4.61149
-0.102616
-0.131206
-5.70718
-5.95731
2.49983
-2.79099
-2.46314
2.53314
-0.772642
-0.202296
-0.327979
2.7341
-5.36597
2.25854
0.168667
-0.0452484
0.348558
-7.33637
1.15051
-0.236557
-0.0599365
-1.68012
1.36197
1.88209
-1.81253
0.126319
1.84911
2.64549
-5.20252
1.55869
3.13497
-2.48381
0.947321
-0.699274
1.52383
2.24689
1.95466
-4.62757
1.47349
0.492891
-0.439715
1.33709
-0.332126
1.79556
-0.359325
1.54455
0.954312
-0.107588
0.0716236
0.468181
1.52456
1.9287
0.0690556
-0.394702
2.65589
1.68563
2.0416
0.175051
-0.289787
0.0649066
0.0803167
2.58595
2.78461
-3.27777
1.61155
-0.353472
-4.30444
0.0199713
1.48724
-5.40837
-4.97918
-0.429945
-0.416097
-0.215651
0.70003
-6.66737
1.61494
1.97928
-5.13713
2.03506
0.0112625
1.54337
-6.75477
-0.472164
-0.025061
2.71281
-0.278745
-0.377999
-1.28738
-5.11836
1.40178
-0.644342
0.839071
2.50937
-0.552198
-0.743605
-3.52839
-1.53892
-5.11884
1.97091
-1.01202
2.70392
2.64801
2.48103
-0.988704
-6.93704
-4.74537
-5.33131
0.0844533
-6.54887
-4.92927
-10.6875
-0.808335
2.06241
-6.78237
1.80783
-1.32156
2.44935
1.32755
-3.80471
0.18153
-5.26704
3.06806
0.0828444
1.39498
-1.48829
-1.01808
-0.44669
-0.823933
-3.71169
1.96135
-0.411684
-0.537519
-4.70255
-7.63326
0.935255
-0.284474
-0.225885
0.0365533
0.387864
0.34584
-2.08232
1.94573
2.4787
-4.13675
1.08457
-1.10972
1.84646
-4.86
0.0971277
1.0513
-0.47032
-0.132247
-6.67566
-0.306605
-3.60716
-0.512535
1.69133
1.18538
-4.46009
-0.214024
1.00875
1.27198
-0.0903469
0.589191
-2.31716
3.11433
1.07683
1.78747
0.0180784
0.686199
-5.90713
-3.09989
-0.337812
-4.3522
-0.18968
2.56748
2.1981
-0.194384
0.864669
-0.257628
2.29103
0.719419
-7.17344
-6.91124
-10.349
-5.09127
0.00285816
0.0517742
1.60712
-1.44413
-0.233469
-4.67362
1.28792
-0.178286
-6.75804
2.05157
0.87033
2.61577
-0.450464
1.67388
2.03354
1.89144
-0.311791
1.72132
-0.24197
0.396561
0.25445
0.050199
0.940683
-6.07511
-5.4966
-0.581383
-2.70546
0.689125
1.49867
0.456816
-7.00201
0.480321
3.20866
-0.240482
1.79838
0.0586946
2.50765
-5.46278
1.44039
-0.172313
-1.48804
2.68096
-0.153867
-4.80024
0.656259
2.77131
1.74761
-0.543993
-0.765611
-1.98872
-4.82211
-3.09602
-6.90661
1.85446
-3.81478
-7.98153
-7.38115
1.19735
0.0446534
-5.59191
-0.957268
-4.38115
1.0032
-0.0144896
1.63359
-0.576257
-5.32841
2.52326
-10.0762
-3.1374
-4.93436
0.331731
-6.82932
-6.66482
-2.66683
-0.210673
0.0400374
1.30472
-5.51821
-1.2067
-5.46212
0.177519
-0.105748
0.474027
-0.724069
-7.17099
1.37238
-0.164127
2.38413
1.89543
0.610783
2.00245
0.461289
1.33194
2.94527
2.02713
-2.91666
-0.60086
0.0475713
-0.646852
-0.737031
-1.6639
1.70088
-4.25006
2.3015
2.39382
1.58014
1.55612
-2.10434
0.813448
-2.68274
-0.0743084
2.55337
1.84605
-0.322656
-0.150539
-7.72337
-1.05034
-0.146551
-5.34827
-2.36083
-0.56044
-0.116674
-0.310517
0.617537
2.63039
1.63752
1.8809
1.68835
1.93211
0.0474678
-0.254598
-0.468726
-4.65684
0.498048
0.333163
1.32635
1.01284
2.71405
-1.13108
-0.794584
0.0143251
1.5144
-0.172827
-0.193885
-5.75522
3.03411
1.51088
-6.15287
1.53547
-0.630618
-2.80852
1.31097
1.73958
0.873016
0.437766
0.741812
-0.155481
-0.169349
0.141325
2.56673
-1.4369
2.26431
-3.59116
-0.224975
-5.93426
1.21403
1.89737
-1.35833
0.0629817
3.01547
0.413979
1.32707
1.34667
2.79067
0.112462
1.76296
-0.304455
1.76534
0.0661238
-0.228883
2.30857
3.10847
0.415881
-0.457855
0.115437
-0.831656
-3.88718
1.64579
0.778905
-2.77634
1.50441
1.99024
1.47921
1.566
0.184358
1.64263
2.32386
-0.917687
2.87745
1.95418
0.877884
0.0113063
-1.24011
0.0576198
1.67388
0.265841
1.70094
1.95224
1.52785
-1.46303
-1.37353
2.00544
1.09931
2.19492
-0.222232
1.44839
1.79021
1.14964
2.0555
2.02992
0.0226617
-0.0214613
1.59037
2.00044
-1.09763
-0.53516
-1.45985
1.9629
0.349253
1.73899
2.8075
-1.14064
2.7212
2.97857
0.0124297
-0.803677
0.0155168
3.18323
-3.89036
1.92201
2.81693
0.666714
-7.43015
0.844549
1.21314
2.94763
1.22804
1.17537
3.06662
2.21758
-0.165621
3.04941
2.5026
-0.944512
-0.218199
-4.44059
0.0184972
0.410663
1.90411
2.47148
-3.81807
-0.122775
0.957271
0.549242
2.11917
-3.42211
2.60791
-1.37942
-2.59818
1.35779
-2.42931
1.93944
-0.556048
1.26153
-0.371019
2.47828
1.67459
1.57083
1.66754
-2.49987
-0.183428
-0.111854
0.986915
1.03075
2.62325
1.8357
0.0243667
1.0914
0.491028
-0.475653
2.45202
-0.908961
2.04172
-0.00295587
0.0630316
-0.602836
0.295266
0.849036
2.76053
-0.103253
1.11612
-0.463374
-0.443227
2.3707
2.25253
-0.909344
2.31731
0.588384
-0.604597
0.186781
1.03148
3.13793
-0.225332
-3.03867
2.10746
-0.163789
1.678
-7.75919
-4.65229
0.132807
-6.19964
-6.18524
0.564172
1.75051
-0.126273
-5.71374
0.0161968
-0.359051
-2.30559
0.712077
2.65578
1.23649
1.05454
-0.151598
-0.166797
0.140052
1.23928
-0.542476
0.0222902
0.0764763
-0.000311564
0.228806
1.08851
0.535801
0.694106
1.15521
1.09236
-1.74467
-4.97488
0.301306
-0.908214
3.01629
1.01015
0.584503
-0.142587
-0.84033
-0.934521
-0.105879
-0.388086
-1.97414
-0.355064
-0.831029
1.74814
0.444357
0.0393936
1.89029
-6.40737
-0.805517
2.60069
-3.02653
-2.33522
0.571483
1.50328
-0.446251
0.34577
-0.916584
0.0185821
-0.165205
-0.396013
1.94159
-1.40775
0.978972
0.0721146
-1.06254
-0.591163
-0.290026
1.33975
0.127877
-0.278594
2.59855
-10.2067
1.6541
-0.872989
-3.6713
-2.32163
-0.448139
-10.7857
1.60703
1.5363
1.63546
-0.245087
-5.10974
2.30882
-0.826452
-2.71622
0.00752148
-1.73232
0.034471
-0.123141
2.35422
-11.1458
-5.14187
-0.489301
1.08615
0.975421
-2.84099
1.09935
0.132569
-0.638369
0.525441
0.94169
0.636595
-0.000320742
-2.22335
2.42988
-0.265862
0.023615
0.952328
0.0142623
1.08611
-3.02343
-0.414477
-0.51068
1.14643
-0.0422151
0.0431182
0.683346
0.0115718
0.0860948
-0.417368
1.64394
-0.12269
-0.627616
1.46806
1.37716
0.0263112
0.752463
0.752028
1.5365
1.97649
1.74336
0.150125
2.65552
1.28673
-2.27388
1.12838
-3.84827
-0.138435
0.0514449
0.609526
-0.748302
2.67812
0.467104
0.38608
-0.130576
0.673829
-0.127856
0.55031
-4.11482
1.27374
-0.12138
1.47683
0.846664
1.539
-5.1094
2.03088
-3.83827
1.52752
1.63327
0.480289
-0.182236
-1.48098
-0.189166
1.87563
-1.37719
-4.9983
1.84301
1.03518
-0.0324074
1.87879
1.16851
-0.778492
2.47867
-2.01646
0.267621
-1.17935
-1.36319
-0.0471093
-0.271623
-0.685233
2.74026
0.0205253
0.459864
-0.324191
-0.352839
1.62484
2.00319
0.0126476
0.0310003
1.42545
-5.0385
1.46233
1.54133
-0.336319
-0.398435
1.10858
-0.196968
2.77567
-7.37155
1.20027
-0.0436866
-1.43224
2.64304
1.73919
0.347945
2.2285
-0.618786
2.04161
1.97968
-0.0903185
1.44502
1.46586
1.1591
1.47919
-1.17166
1.61186
0.0643488
0.829494
0.0136417
-5.25304
1.60402
-7.2402
-6.02997
-0.135152
-0.140974
1.19723
-5.52347
1.45662
0.38884
0.738324
1.4459
1.27135
0.427583
0.18692
-0.555542
1.48654
0.889367
-5.23434
-0.998215
-0.142488
1.55883
-4.41266
-3.0223
1.34531
-3.64114
1.98149
0.914412
-6.06012
-7.7825
1.78492
1.93214
-0.48914
1.30671
-6.10933
-0.795659
-4.25826
0.399833
-0.77939
-8.12833
2.94509
0.758662
-5.32992
0.0202569
-0.592419
1.46244
0.898202
-1.1093
-8.16302
-0.421829
-0.495879
-6.79941
1.17978
2.46094
-0.449941
-1.56733
0.0194098
-7.56594
1.78351
2.98017
-10.5138
1.08657
1.65144
-8.02759
0.479802
2.67836
-3.89876
-0.998141
1.20595
1.31481
1.15076
-0.735143
0.87683
0.0148733
0.993288
-2.26526
0.0636583
1.57138
-0.359297
0.298271
0.920392
1.42742
0.898019
0.0716913
0.644894
1.54204
1.09767
1.42093
2.79042
-1.36575
2.61148
0.00381857
2.55825
3.10382
-6.05254
0.195795
0.361861
1.42012
-4.74639
0.686031
0.97631
0.0478258
1.71179
2.28865
1.77173
1.82323
0.356794
1.08638
-5.30452
3.03809
-4.80308
0.0795817
-0.349026
-0.777121
-7.69372
1.52422
1.81323
0.873856
1.89376
-2.44841
0.0692694
1.97042
1.49532
-0.197317
-0.444532
-0.0574643
0.0568784
0.430885
1.62534
2.91019
1.4463
2.11335
2.0366
1.72816
2.79222
0.99664
1.49119
0.132812
-0.32809
0.781053
1.18935
1.20804
3.07667
0.481454
0.805477
0.00181249
0.0676535
2.94872
0.875338
-0.442356
-1.84259
1.30989
-1.22762
-0.0663934
2.19542
1.53469
1.43199
1.64159
-1.1262
2.21264
-5.17996
1.40795
0.240348
0.16158
0.0870193
2.44825
0.228711
-0.0750107
1.53443
1.50593
-0.644467
1.3503
2.5197
-0.231167
-1.51626
-5.39175
-5.10554
-0.496252
-3.0314
-0.524056
1.37814
0.563929
0.0508402
1.64461
0.0536394
-0.431837
-0.978705
-4.1447
-1.3225
0.17075
-5.47133
-9.22454
1.47071
1.44864
2.12942
-0.181027
0.619756
-0.0447362
1.38401
2.40543
-2.32112
0.0237335
0.0238529
2.53677
1.16523
-0.218558
-0.806462
-5.11995
0.0381017
-0.357089
2.67248
0.0293357
0.00384782
0.678221
0.568238
0.0116202
0.833948
0.229334
0.771961
-2.6252
-2.42745
0.190258
-6.88534
-0.0331541
0.718846
-5.46979
1.70199
0.942911
2.85251
0.590636
2.55329
-0.777785
1.73984
-0.0856115
-0.152528
-0.839452
2.38383
-0.390514
0.326308
0.215362
-5.75671
-1.10653
0.0122185
0.0509018
-0.0568349
-0.19548
-0.0809901
0.243335
0.975275
1.88246
-4.80392
-0.108055
0.250024
-0.156965
-0.0231325
1.66627
0.320447
0.780594
-0.218102
0.00469012
2.22055
-1.65272
0.732242
0.00243137
0.0531443
-0.360086
2.18446
-1.67055
0.00267641
-0.0249817
-4.36174
-0.519429
-0.0313463
2.56754
1.83254
0.0086675
-4.55385
-1.82204
1.55079
0.0487389
-0.212347
0.00800776
0.595187
-0.363945
-0.0156941
-0.643738
0.00736151
0.604061
-0.646555
1.64148
0.395358
-0.839499
0.0512692
0.544588
0.150383
-1.34115
1.60638
0.0947076
-0.293165
-0.441436
-0.0904783
-0.259183
-0.0147284
1.63481
-6.12038
-1.20104
-0.167828
-0.00374274
-2.00223
0.0776256
-0.0299931
0.0384532
2.31623
1.02476
-5.05767
0.00670673
-1.68687
-0.212841
-0.281651
-0.0729597
1.54378
0.903699
1.21124
1.51802
0.140985
-3.41392
-0.559484
-4.92083
-0.156425
1.75485
-0.0301026
0.60343
-6.92781
1.89044
0.0551043
1.61627
0.0471835
0.00245515
2.06176
0.02099
0.0272868
-2.9237
2.26139
0.293528
1.3482
1.57446
-1.09459
0.0336096
1.42459
-5.00284
2.21293
-0.355774
2.15779
-1.08047
-0.0287995
-0.0262859
1.61035
2.10109
-2.82625
1.30204
0.607673
-0.0778236
2.38966
0.532768
-1.29664
1.44841
-0.00862041
0.0804915
-0.696709
-0.964108
0.00800795
-4.09557
0.00195091
1.30737
1.05651
-0.0390732
0.0706069
0.668201
0.0636376
1.43416
-0.228381
0.0194923
-0.819489
-0.100009
0.0695187
-0.227747
1.32711
0.323167
0.00466835
-5.61761
1.72623
-0.0376042
-0.185447
-0.0660128
0.439808
2.54341
0.114927
0.00649803
1.18877
0.116106
-0.124659
0.0782873
-2.99189
0.147665
0.0652099
-0.00284949
1.5832
0.0038768
-0.00400773
-7.30795
0.0186337
0.0402025
-0.262962
1.5579
-0.251661
0.00996853
0.441853
-0.195749
0.0688582
0.0174901
1.04196
-0.296963
0.17686
-0.572901
0.0985866
0.0357327
0.0342451
0.0131226
-1.1505
-0.439632
-0.449598
0.373873
0.949285
0.104013
0.649951
0.722754
-0.00862328
0.0271137
0.721342
-0.139201
0.0221419
-0.291801
0.0573376
0.26489
-1.13116
-0.551187
0.0156476
0.302771
0.153684
0.934272
0.84736
0.0984411
0.311108
1.51442
0.0746047
-0.386931
0.0133301
-2.6858
2.10513
1.44083
0.136307
0.031645
-0.00946122
0.10109
0.0353344
0.0147754
-0.256342
0.0480859
1.41658
0.24149
0.0253409
1.48427
0.109309
2.36308
-0.0170215
0.209764
0.168016
-0.0400201
2.22984
0.0142717
0.0480329
-0.789004
0.0429229
1.06086
0.543452
-0.00833829
1.50021
0.0911044
1.2235
2.06971
0.925986
0.847896
0.0350286
0.945037
0.0736519
0.289707
-3.28248
-0.543449
0.0772529
1.98584
0.514647
1.47315
0.715085
0.00887426
0.0474966
0.0815873
-0.363865
1.1528
-0.416252
0.0404935
0.00315464
0.0471089
-0.0210537
-0.214622
-1.62159
2.59439
-0.736971
-7.25451
2.42392
0.108527
0.0431763
0.0351276
0.0506558
1.43242
0.0534146
0.0319411
-4.97259
-0.754679
-0.0917958
1.52752
0.081049
0.0536754
-0.968338
0.00307794
0.0711859
0.00836259
0.0238585
0.0680659
1.55356
-2.72791
-0.149131
0.639123
-0.0685948
-5.14537
0.0919129
-1.04636
0.0290197
1.70481
-5.48689
1.96261
-0.0921011
0.0771231
-7.22615
-0.0303083
-0.168239
-0.021446
-0.855655
-0.139374
2.45544
-0.25052
-3.10848
0.00301859
-2.4796
0.0136336
0.103019
-11.2014
0.00859885
0.0177841
-0.141802
0.0307256
0.0557203
1.89021
0.39494
0.0420732
0.0970027
0.0173832
-3.55435
0.0919841
-3.47309
0.0157697
-0.118483
1.8038
-0.542353
1.52653
0.0247157
-0.212138
0.0291525
0.0045957
0.0187792
-4.95143
-1.96414
0.0824668
0.87402
1.36429
0.577102
0.03043
0.0276887
0.0388873
1.81685
-0.0162175
0.223028
0.951658
0.0217207
0.0283514
0.0674685
0.0156373
0.0027926
0.0780385
1.55528
0.00564789
1.22582
0.00376392
1.63844
0.0517481
1.07108
0.0113317
0.0180492
-11.1092
0.0294451
0.0169128
-0.183624
0.0297272
1.15789
0.0314902
0.501879
0.0308664
-0.0118793
0.251789
0.0531906
0.00693103
-4.66067
-7.6308
0.0201491
1.97217
1.38434
0.0458958
0.0271914
-0.809776
0.0248522
0.365054
0.0983956
0.0259102
2.21361
-0.162553
0.0534623
0.0272585
-3.6968
1.53157
0.0684885
0.0704146
0.0283481
-7.31767
0.162632
0.0417861
-5.8812
0.62007
1.07433
0.0641572
-0.201251
0.130535
1.44391
0.033627
0.0241215
0.00807969
0.0895963
-0.147022
0.0735211
0.0712554
0.00220909
-0.0228665
0.0207354
-0.270676
0.0129546
0.0520411
-0.193188
0.0976585
0.0428071
0.120988
2.85632
-0.000526246
0.1402
0.00713059
0.0933596
0.688283
0.0243058
0.119303
0.210519
0.055492
0.0258391
0.0306784
0.0131172
1.49632
0.0157013
0.0114029
0.141509
0.0231145
0.0196962
0.116366
0.00299802
1.80165
-0.0305484
-1.00885
1.27677
0.0186023
0.0352508
0.0982917
0.0175127
-9.25003
0.0300105
0.211279
0.0344615
0.131455
0.0158682
-1.23878
1.69271
1.78186
0.0189895
0.0849605
0.0951695
0.0353667
1.47428
0.0235062
0.0428829
1.5669
0.0340805
1.56727
0.0450498
0.0357178
0.0920869
0.0374325
0.0108775
1.90248
0.0243994
0.00341774
-0.22437
-0.249821
1.54056
2.25828
0.0102423
-0.199579
0.0405331
0.0392125
0.00104737
1.61936
-8.64755
0.00220804
0.0318952
0.105187
0.0114791
0.00837709
0.0689005
-1.85788
0.0044203
0.0387644
-0.943665
1.4858
-3.61642
0.0338025
0.00862519
0.971292
0.947139
0.0309764
0.00330622
-4.84927
-5.21051
0.0111546
0.0394627
0.00582106
0.0334377
0.00145429
-4.28434
0.0124979
0.140768
0.0287233
1.47063
0.0108543
0.0750359
0.0432797
-0.151139
0.0237218
1.46782
0.116281
1.82881
-0.00328426
-4.54907
0.0420892
0.0782662
0.0445893
0.0520796
0.0939731
0.0208508
0.0332063
0.0816067
0.00940723
0.0129563
0.0250794
0.0320332
0.0459385
0.0227283
1.56234
0.0544401
-0.31976
1.90024
0.0188046
0.0973804
-0.711942
0.5181
0.0313317
-0.702275
0.024712
0.0348654
-5.95635
-0.222639
0.0315963
-0.611699
0.0425092
0.0801608
-0.0204943
0.0271226
-7.1795
-0.0501312
0.0412412
-0.907299
-0.0206844
0.0365343
0.0270168
0.0369859
-0.172698
0.102136
0.0945586
0.251091
0.0130481
0.0190174
0.0582887
-0.57869
0.0118079
0.00359709
0.0309423
0.0231786
0.0311682
0.0324471
0.0139145
-0.215275
2.53606
0.0438423
0.0250386
0.037447
-0.180642
1.74835
0.0360651
0.178141
0.00287643
1.76222
0.0143987
0.547855
0.11907
0.00174813
0.0251641
0.101296
-4.92993
0.0806416
0.26359
1.4309
0.0262441
0.0175755
-0.0192777
1.81859
0.0409531
0.0218183
0.0224247
-0.0127489
1.25065
0.038776
0.0310785
0.0139837
0.0257547
0.0199666
0.0393922
0.610313
-0.475737
1.99412
-0.00321028
-0.207942
-0.164274
2.27264
1.16334
0.0318034
0.0274804
0.0662014
0.0628087
1.38668
-0.168979
0.0414415
0.0843742
-5.71539
0.0339819
0.080114
0.0474492
2.99719
0.951644
1.37819
0.0344405
1.54723
0.00620564
-0.920449
-4.84955
2.08255
-3.33032
-4.04399
0.0271465
1.25091
-0.0817306
0.0280457
-0.2981
-0.10873
-2.18566
0.232228
-0.221185
0.0311744
1.58028
0.0277772
0.409323
0.0257898
0.0452024
0.0550433
1.57961
0.0284218
-1.55273
0.0659537
-4.94561
0.0031488
0.0514776
0.0584406
2.58953
-2.73789
-0.158838
0.052875
0.0294985
0.0579928
1.01339
1.5083
0.0273512
0.0449267
-7.82315
0.0449322
0.861527
2.86245
0.734104
0.187417
0.0652358
0.0647764
0.0306793
0.383345
0.0595794
0.0565574
0.0235862
0.570465
1.45398
1.46147
-6.58169
1.05462
0.0529527
0.146338
-7.02024
0.099146
0.0478443
1.73218
-0.0477991
-8.23283
0.0265946
2.48995
-0.462871
-0.153518
0.0551527
-0.798462
-0.158898
-5.48105
2.61802
0.0693026
-0.305292
-8.4156
0.0574679
0.0987511
0.17752
-0.278277
-0.150048
-1.2052
-7.37869
1.53959
0.0220728
0.0808072
0.0529908
0.963587
0.0459694
-7.9752
0.0128733
-0.0654034
2.97688
0.0197908
-8.30741
2.69585
0.00681251
0.0939404
0.0636844
0.0130227
1.65681
-3.57475
1.41497
1.5064
0.0619353
0.0634872
1.52219
0.727558
0.0918653
-1.21714
-1.42601
-0.159621
1.66028
0.0317011
-0.560417
-6.26154
0.412805
-0.315907
0.0158397
0.0559328
1.47638
0.0642905
0.0447891
-4.54767
0.025527
0.0233415
0.0370004
-7.5538
-1.44814
0.122501
0.0392938
-0.258871
-0.485814
0.0715204
2.87457
0.0629228
-7.23927
0.481083
0.0230941
1.6831
-0.0129411
1.54498
0.0640412
1.44432
-8.72254
0.102675
2.32097
-0.0777163
-0.160021
1.76193
0.112272
-0.0251562
-0.0137782
1.5538
1.74434
0.0369163
1.80222
2.6444
1.05526
1.84739
-7.16779
0.0120354
2.41337
-5.13086
0.489867
0.0648957
1.45662
-2.1447
1.85554
1.7747
1.93316
-0.14204
-0.0021594
-0.828997
0.0267575
0.131661
-0.993642
-0.323895
0.0265939
0.0243134
-1.10075
0.101857
-0.195363
0.320202
2.00357
2.15449
2.07224
0.0825139
1.15688
-0.192885
0.381808
0.104204
0.0861903
2.80313
0.0416276
0.0593373
0.174718
-7.96741
2.24907
0.0386494
-0.346275
-6.67794
0.161607
0.173282
-0.650273
-2.47151
1.27216
0.061719
1.2617
1.65546
-1.92258
-0.306128
0.165564
1.68853
-1.13507
0.00976435
0.0228277
-0.00220874
1.36817
-0.127391
-0.0205128
3.13124
2.25982
-0.0330049
0.105221
-4.76308
2.56173
1.46182
0.00776209
2.77513
0.0217255
1.55204
0.554013
2.56913
0.0101137
-2.30104
0.89008
-5.96822
0.00357857
0.073521
0.110407
-1.13748
2.68661
0.0655423
-0.0168976
-0.0252572
0.434407
1.01602
2.96564
0.00310551
-0.0527753
0.0730336
1.08984
-0.155937
-0.158444
0.123059
1.46836
0.0733495
-0.0798236
-0.724108
0.191252
0.457514
1.4863
0.0752402
2.62726
0.0133208
-0.0929328
1.54206
0.0276253
0.0115647
0.155316
-0.78779
0.77379
0.0189948
0.638475
-1.3653
-0.0925866
1.37201
-0.949929
-0.015864
-0.115889
-0.00888624
0.0432345
1.38172
0.0915717
0.0860768
0.0121458
-0.449448
-0.0131005
-0.201644
-9.50965
0.0206848
0.777864
0.115162
-0.0506412
0.242659
0.0821133
-5.49857
-0.000834045
1.54575
-0.209663
-0.181875
0.176996
-0.192322
2.34137
-0.023972
0.705541
-0.753257
3.06332
2.86702
0.0728207
-0.644064
-5.42402
0.00559977
1.27695
1.55042
1.53833
-0.130383
0.0160751
0.147646
2.4911
0.217081
-0.180562
0.410889
-0.218161
0.211855
-0.124613
1.26554
2.46279
0.0849552
-0.132905
-0.139037
1.20135
2.08899
-0.490394
0.536236
-1.14304
2.92323
0.00781997
0.057023
1.17721
-0.171871
0.0144268
0.0227663
1.50095
0.00895003
-0.00176536
-0.611615
-4.66013
-0.054749
0.00180597
2.42081
0.704931
1.88852
-0.193426
-0.312174
3.04182
-0.0740601
0.126756
0.566303
-0.240657
1.2653
1.29496
1.6162
0.00145603
-0.310689
-0.325608
1.48073
-0.297434
0.0155304
0.0799764
1.55337
0.278293
0.0266405
0.0205269
0.322434
-0.134727
0.0182016
0.14972
-0.0874459
-0.262272
-0.19717
1.0636
2.3916
0.0207499
1.69753
1.42246
-1.59329
0.0199721
-4.35803
1.64926
-0.0802503
-1.35244
-0.869191
-0.191545
-0.124754
-0.816724
3.0516
0.0045246
1.62121
0.987151
-0.171148
0.0398877
-0.479267
0.0545912
0.473434
-0.0900243
0.0487903
1.07137
-0.145042
-0.19506
1.83877
0.270219
0.340853
0.0804158
-2.56696
0.156044
0.731909
-1.10784
1.20009
0.162465
-0.71799
2.27369
1.9677
0.115462
1.40115
0.0132499
0.699524
1.4468
1.62555
-0.0500876
-0.155432
-4.34469
-0.209223
1.48508
-0.966857
2.17383
0.024622
0.847269
-0.341005
-4.9466
1.51178
-0.230107
1.49806
0.226909
0.238386
0.133164
0.270267
-0.11736
1.33056
0.517256
1.51782
0.419644
2.10545
2.28701
0.036249
1.98015
0.126908
-0.000317322
0.584081
2.23822
0.847284
-1.31786
1.63247
0.0948839
-0.499568
2.18666
1.47646
2.12972
-0.105122
-0.0885982
0.0991679
-9.53317
0.0596095
-0.0613897
1.39301
-1.82435
1.71887
0.0101439
-0.315402
1.38138
1.63603
0.180496
1.56469
0.0713198
-4.40234
-0.301197
0.0227918
-5.18007
0.844878
0.876369
-1.62117
-0.278941
0.293852
-0.202662
1.1442
2.21663
2.36625
0.691576
0.469301
-0.031868
0.34729
1.42804
0.0171858
1.91575
-0.09278
0.00672386
-0.355751
-0.297076
1.04567
1.5662
1.9218
1.2708
-0.191517
0.0754251
1.50041
1.50795
1.69126
0.104722
1.96232
0.765152
1.5431
1.06055
0.043426
-0.3119
1.67114
1.47291
-2.06516
1.58143
-0.184512
0.343634
1.2116
-0.269764
-0.342369
2.58614
1.84495
-0.319751
1.57786
0.446006
0.963653
0.0977401
0.151362
-0.017055
-0.0736491
-0.258104
-2.73973
0.459237
-0.386303
-0.123317
1.49054
2.1771
0.155333
1.53482
0.226697
3.22139
-2.03347
1.84524
-0.066328
-5.19076
-1.21197
3.2639
0.258022
-0.0865023
3.24981
-0.015434
-6.04468
1.55449
3.22312
-0.199598
3.17459
0.867481
0.0312626
-0.21515
3.07781
-0.0619358
-0.121777
-5.65322
0.185702
0.0860916
1.82858
2.93139
0.00916094
0.536491
1.92755
0.234844
1.63983
1.26602
0.0822966
-0.171226
-5.34549
2.88134
0.522805
-0.178542
0.254165
-0.113832
2.83787
1.18149
-0.205656
-0.193275
2.79079
-1.86599
-0.20895
2.74469
1.85193
-0.230259
-3.23837
-0.256812
0.661471
1.86746
-0.253483
2.67549
1.52182
-0.374696
-0.28239
2.15373
0.172875
0.352397
-0.432969
-2.55297
1.39433
1.49983
-0.138935
1.58497
-0.00524747
-1.13038
-10.9001
2.54454
1.07814
1.31733
-0.138681
-0.456678
-0.541088
-0.649072
-0.780405
-0.934811
-1.12034
-0.259617
-1.3287
-2.15022
1.87994
2.5032
1.04162
0.924662
0.275835
1.06392
-2.48736
2.4726
0.00195697
-2.85618
2.014
-10.4178
-3.2601
0.0555068
2.3838
1.38879
0.909284
0.43557
1.50666
-2.62706
-3.7004
2.35222
-4.15065
-0.271371
0.466682
-6.5907
1.44304
2.31229
-0.0666891
2.00522
0.117085
1.20102
-4.65132
-0.308663
-0.218512
2.27332
-0.427455
-4.9828
2.23477
0.119955
-1.23205
-0.350472
-5.95943
2.20196
1.59991
0.497265
1.53724
0.34624
0.0209807
0.0236575
-6.35399
-1.84927
2.15839
0.619715
0.0768372
1.5796
0.744577
-1.42398
-0.324155
-6.67913
2.12503
-0.378853
1.56883
0.0628091
0.0292118
-6.93072
2.08578
0.626673
-3.87406
2.0401
-7.07731
-0.0483421
-0.265635
-4.94463
-0.0424869
2.01058
-7.08642
1.95347
-7.0887
-0.147886
1.00104
0.00500839
0.887434
0.0270404
1.91125
-6.84122
0.950907
2.43395
1.57439
-6.80659
-0.668803
1.8771
-0.114677
-0.972622
1.30625
-6.55855
1.49937
1.84444
0.0216619
0.186709
-2.20535
1.51505
1.06066
-0.755359
0.256816
-6.38238
-4.93428
1.79308
0.463693
-6.53635
0.478312
-9.93007
-8.98353
0.27061
0.711177
1.75464
2.17303
1.59273
2.35331
1.63167
-5.97648
1.04615
-0.0283383
-0.281311
0.739143
0.0329913
0.107593
0.874398
1.24464
-0.059974
-5.84071
-0.353836
1.67024
-0.969775
-0.531877
1.93077
1.22857
-0.164542
2.74329
-2.30863
0.354629
0.292359
-5.747
0.324876
-2.46329
1.617
1.87925
1.69003
1.00086
-5.68152
1.56482
1.50121
1.46592
1.40236
1.35704
1.28629
-4.6541
1.52115
1.23265
1.74847
1.11607
-7.09247
2.13976
-5.63602
-0.828112
-5.97123
1.15239
-5.48779
2.15199
-5.5939
0.397935
-5.53837
-2.30633
-5.44888
1.49938
-1.06315
0.0169571
-5.33462
-10.4873
-0.387773
1.55633
-7.32195
-5.04306
1.64111
1.60889
-0.60843
-1.79792
1.73956
0.278473
-4.31972
-0.0906782
0.609433
1.34981
-3.32707
-0.428404
-0.386098
1.71282
-0.165699
-2.22755
-0.533132
0.842503
1.57495
0.0546441
-6.75799
0.670735
1.79795
1.25285
-7.79532
1.54543
0.687594
1.29679
-0.206844
1.59696
-0.352605
0.00940905
0.00994762
0.677064
-3.45134
2.36977
0.257852
0.119502
0.216842
-4.88832
2.06673
1.66129
1.38676
1.53942
0.265921
-0.315506
0.376342
-1.97338
0.777011
-0.951913
-0.195871
1.11523
-4.27718
0.42223
2.90684
0.0123468
0.825267
0.861453
-1.65798
0.126382
1.18929
-0.411513
0.703219
1.35212
1.50419
1.62105
1.62117
-0.21331
1.82503
-4.97221
0.122965
0.551228
-0.14806
-0.555103
0.14811
1.84624
-1.28589
1.53984
-1.57206
-4.7962
0.333552
-3.89374
0.463718
-0.193025
0.307483
1.70108
0.268426
-0.338994
0.113075
0.331986
-1.13081
-0.276362
0.000442753
1.62773
0.00437048
-0.806179
1.13218
0.151048
1.16513
-0.152955
-0.154125
0.104169
0.107843
0.284803
-0.878573
0.22184
0.0387886
0.0692799
0.909001
2.40079
1.06564
-5.22351
1.53617
-0.0999443
1.17205
0.0301737
0.0660849
1.32819
-7.41653
0.0246144
-1.4137
-1.27932
-5.88676
1.57824
-0.101053
1.94334
0.390757
0.0181055
2.48818
2.35928
-0.20629
0.508756
-0.351561
-0.612778
1.75042
-1.6077
0.0228556
-5.61054
-0.0475266
-3.20673
0.573102
0.963734
0.117774
0.000534241
0.109937
1.50004
-2.13131
-3.9354
0.961223
0.751381
2.33906
0.171658
0.585829
2.41602
2.45368
-0.00317344
2.11779
1.16511
1.58278
0.344777
2.17873
1.64005
0.365462
-0.151333
0.0577708
1.15773
1.14249
0.00857317
0.0131201
-0.255528
2.98927
1.22057
0.829293
1.58293
0.904289
-0.0586054
0.990408
0.261156
2.09068
-0.233183
-0.0271956
0.202862
2.68601
0.402876
1.72418
3.10772
1.5668
1.60057
-0.0491691
0.773975
-0.00441542
1.85172
2.83453
-5.64086
0.534702
2.73542
-0.12898
0.0462525
2.97773
0.708944
-4.51954
0.486478
0.115889
-5.13246
0.371128
0.034209
0.18302
-0.576413
0.321437
-2.58678
0.0329591
2.639
1.66263
0.79683
1.31016
1.31151
-0.654131
1.49536
-0.249089
3.1648
-0.368129
-3.28708
0.115602
2.31936
1.5122
1.35788
0.198682
-0.290924
-1.73901
-0.39498
-0.206956
-0.159258
1.30317
0.0113378
-0.236797
-0.161779
1.63304
0.259731
1.38019
0.0168976
0.595437
0.763826
2.73094
1.35258
-0.15805
1.20511
-5.72909
1.81086
-0.131393
1.40081
2.48246
-0.0864194
0.181269
-0.926415
-0.787285
1.52537
-0.167747
0.570005
-0.106871
1.31891
-10.6636
0.0663732
2.23831
0.741835
-1.11205
-0.597558
1.69204
1.90664
-0.0594745
3.05754
1.48179
0.563105
1.20792
0.109746
1.7677
-0.888926
-0.158131
-1.01376
-2.41626
1.53396
0.0828764
0.540749
-0.198809
2.62252
1.17359
-0.342715
0.059204
-0.528179
-3.0596
1.03319
1.22808
1.20368
-8.8202
0.583744
-0.237782
0.837375
-0.287828
0.93383
0.0427822
0.323802
0.195074
0.865842
0.460631
1.6135
-1.9966
0.0498138
0.177507
1.5204
1.97817
0.166773
-1.42251
-0.0411594
0.132522
0.707519
2.97538
1.69345
-0.233239
1.25556
-2.89784
1.51455
-1.10931
1.0157
2.37419
-1.14487
0.294854
-1.18293
1.50637
0.625874
-0.302763
-0.903696
-11.2711
-1.13892
-0.458765
-1.54424
1.68715
1.13912
-0.138473
1.67181
-1.74833
1.63427
0.331199
1.51752
0.162698
0.129531
1.5939
-5.16313
1.59696
-6.16502
-0.327105
2.50447
-0.204821
0.304723
-0.412707
0.488618
1.05879
2.23375
-1.1345
3.09775
2.76457
-7.56429
2.30789
0.283577
1.57684
2.89697
-2.49192
0.0307624
0.801974
1.56248
0.390875
-9.04029
-0.16504
0.208979
-1.53751
-0.1244
-0.173642
1.60573
-0.157192
0.0406302
1.5278
2.05911
-4.1177
2.12696
-0.745977
-3.85054
0.175824
0.967081
1.48094
0.739019
1.99677
1.1531
3.25381
1.48967
-4.9382
3.26501
2.27241
2.35121
1.685
3.24723
2.40194
0.187181
1.31695
3.20047
0.734414
0.0428616
-0.578797
1.41039
-4.6502
0.885866
1.19378
-0.523719
2.2978
1.52955
-4.7523
-0.6659
0.540495
2.23801
2.19616
-0.184196
-1.02436
-4.10489
-5.51369
1.98766
-0.136544
-0.337599
-4.69595
3.02979
2.40842
-0.00777164
0.838524
-6.77995
-2.79299
2.05662
-0.235723
2.90619
1.55635
-9.01026
0.0192184
-2.84431
1.07967
-1.21906
-5.59636
-2.95683
2.84109
-0.177133
-6.49046
0.100718
0.00235839
2.86065
-0.221265
-0.15821
-10.4571
0.432029
-9.57558
2.46509
0.616932
0.736286
-3.88522
0.0326614
0.536722
-0.183043
2.81413
-1.28322
0.234546
1.51404
1.15376
-5.62558
-7.6675
1.46449
-0.199105
-0.942086
2.37884
2.76867
2.20183
0.207192
2.70979
2.32333
1.68834
0.817193
-0.218584
1.89062
1.08054
1.80875
1.78192
2.31157
1.89999
-1.74887
-6.31222
1.51991
-0.237622
1.27565
-10.3838
-1.5308
-8.34693
2.14617
-0.36991
0.509746
-1.29836
2.00139
-0.0876553
-0.270103
-0.45595
1.25492
-4.64225
-8.9123
-0.0189599
1.59874
0.545255
-7.61503
-0.519583
-1.5558
-0.260189
0.0889339
0.000467323
-0.0703923
0.569469
-7.75789
1.5507
1.58081
-9.95166
-0.554163
-0.717446
-8.38108
0.670588
1.55565
-7.88307
1.27836
1.29242
0.442501
1.7358
1.13983
2.52597
1.82136
2.4373
-1.89738
-0.488529
1.00624
-0.587086
-0.706614
-0.849589
0.756865
-1.02096
-1.22537
0.0461792
0.347242
-2.31055
-0.3974
0.707552
-0.878864
2.48862
1.35231
3.14039
-2.6616
-1.32799
-5.19054
2.67221
-0.0970384
1.02085
-0.157352
0.643722
-3.05312
-1.398
-0.12911
1.00292
-3.48882
-3.47099
1.09491
-1.40513
1.50837
-0.0914655
0.676011
-2.607
2.37091
0.141278
2.53454
0.28945
-3.92732
1.62463
-1.16104
0.742876
-0.546729
-2.09976
-4.91195
-0.220989
2.33231
1.66196
-1.98433
2.3227
2.33714
-5.58037
0.0187573
-4.39374
0.426275
1.44207
-0.2597
-0.804469
2.29318
0.353387
-0.0612171
0.269977
-6.09826
-5.65324
2.60803
-0.384031
1.04362
0.200261
1.29962
-0.0535969
2.02136
2.25375
-1.21797
-0.30254
1.562
-2.34177
1.03721
1.82699
-0.460502
2.21915
-5.19641
-7.26479
0.0977948
2.0714
0.0325523
2.12334
-1.36613
1.66417
1.69043
1.38907
-0.0518341
-6.16568
2.17855
2.24066
1.60081
-1.51063
-0.179795
0.246029
-0.673481
-0.994357
2.63355
-2.30575
0.598075
-6.54048
2.14487
-4.95895
-0.212197
0.124509
0.294935
1.62439
-0.363986
-1.19451
2.92815
1.6402
-6.83581
2.10637
1.06943
1.11822
0.111364
0.0262223
-0.827483
1.39311
-0.068069
1.81874
2.06351
-7.03296
-0.178112
1.25216
0.798669
-4.05607
1.1066
0.335063
-0.0808016
1.10814
-0.150159
1.16262
2.02761
-7.10739
1.16412
2.07107
1.31365
0.20778
1.98079
-7.11979
1.53973
0.0359888
-1.0823
0.235427
2.32043
-0.289986
1.57228
-7.68337
1.93188
-6.99765
-0.170268
1.11895
2.40555
-1.90141
1.12228
0.614383
-4.94408
1.60637
-6.84098
1.895
2.16741
1.40267
0.296078
2.45865
-0.128898
1.53377
-0.158796
-6.68625
-0.193087
1.86239
-3.25305
0.696174
0.978082
-6.49991
1.50818
1.81653
-0.156071
1.52268
0.997518
-8.2664
2.55381
-9.54813
-4.00282
-7.07942
1.77314
-8.66502
-0.294786
1.64533
0.991054
0.170379
0.981563
-9.54455
0.581865
-0.150198
0.203313
0.774641
2.73653
-5.86382
1.58434
2.95585
1.11634
1.11019
-5.93476
1.54761
-0.152557
0.756059
-1.27234
0.798286
2.05453
-3.15796
-5.80542
1.64422
1.50464
1.08206
1.00793
-0.560317
0.89997
0.515827
1.08149
1.48196
1.57476
-3.57568
0.826174
-5.71476
-0.330706
1.51083
-0.367691
1.59114
1.52476
0.54216
0.48337
2.44082
0.284269
0.149032
1.53865
1.53323
1.24816
1.48665
-1.42512
1.434
1.38111
0.28923
2.11365
-5.6574
0.834968
1.32022
2.19047
1.25836
0.849886
-0.0708748
2.24711
2.19522
-0.117194
0.949119
0.532171
-5.61776
0.628821
1.31971
0.800142
-5.5707
3.00237
2.34027
-0.424642
0.787134
0.158979
0.0409819
-5.49955
0.907157
0.817249
1.92957
-0.0901393
-5.39281
2.23451
-0.182945
-1.61034
0.0844862
1.46987
0.790583
1.73916
-1.48489
0.25939
2.69767
2.82667
1.06288
-0.433289
-0.302132
3.18973
0.668545
2.28951
1.36236
-0.104309
0.198085
-1.46362
-0.00756351
2.04751
-0.0051178
-4.65237
0.572998
0.500213
-0.748203
-6.38013
2.38321
-4.36393
-5.11349
0.120363
0.425801
0.816102
-0.0879485
0.266463
0.768517
0.553621
0.50643
0.0602464
2.73062
1.58193
1.7792
1.9183
1.09815
-1.87352
2.69058
-0.453329
0.120701
0.0903706
1.39399
-9.57552
0.38322
2.09731
0.184614
-0.095321
0.120655
1.60937
0.712014
-5.57435
-8.68588
1.45691
1.62504
2.46403
1.5219
1.81921
2.08817
2.04827
-0.729528
1.93156
0.0535435
0.763555
-5.60422
-1.57822
-0.435988
0.865007
0.192799
1.85629
0.692525
0.400482
-5.06888
-0.853308
1.02724
-0.152173
0.115835
-8.25453
1.5071
2.36812
-0.649728
0.0750661
-2.06454
-1.68288
-0.101563
-0.961796
0.587298
1.46725
0.545004
-0.156791
-2.32588
-0.769367
1.60759
-0.406018
-3.50487
-0.252004
-0.888123
0.837066
-2.18915
0.898221
1.08781
2.8109
-0.316039
0.420088
2.25092
0.181914
0.331972
-3.79801
0.864193
-1.56904
-4.9809
-0.596605
0.0763996
-0.0116102
0.655416
0.296896
-2.6405
0.516024
-11.1527
-0.118511
0.210929
0.340792
-7.38921
2.21069
-0.0112094
1.5181
3.0718
2.25432
2.89951
-0.457541
2.20388
0.189895
-0.106346
-1.10814
0.0265285
0.290367
0.427995
0.150132
0.151738
0.726395
-0.809438
0.908874
-3.28679
-1.43355
-0.520957
-0.753446
1.76999
1.09698
-5.26586
1.14041
-6.21259
-0.040391
-5.10047
0.32381
0.0370925
-5.60553
-0.244837
-0.724231
1.65405
0.0227079
-4.48935
-1.9651
1.64353
-1.23907
0.584408
0.412082
-10.526
-0.110954
-0.223911
-0.154654
0.220922
-4.91146
-1.70392
-0.159899
-3.39578
0.275345
0.294505
1.69787
-0.954951
-0.218497
1.20589
-0.872879
-0.274602
0.673129
3.10661
-0.209957
0.318885
-0.487718
0.276622
-3.56397
1.74892
-0.238809
-2.28722
1.55721
0.159039
-8.30147
2.07088
-5.84581
-3.21528
2.27736
1.09142
-0.826873
-0.694964
-0.175734
-3.57712
-0.171267
1.5158
1.92129
-8.76558
0.018864
0.189669
-0.154642
0.641595
1.46759
0.103313
2.23786
2.39171
-8.23637
0.777681
-0.168501
-0.127478
-4.94745
-0.074523
1.35723
0.347197
2.92272
-5.64292
-5.62824
2.59179
-4.42525
-5.2597
-3.42734
-1.98573
1.51501
1.45167
-8.87448
-2.19593
1.18698
2.52181
0.0132107
2.56697
-1.00847
-5.34489
0.269807
-5.51573
-0.578354
-0.989524
0.577007
-0.805087
-1.09445
2.09691
0.614777
0.174318
0.768972
3.15228
-5.02741
-7.19541
-6.36728
-0.673243
3.10196
-6.07047
0.58246
-0.0389515
0.217356
-6.18901
-5.60938
-0.0720625
0.149462
-0.0204441
-0.177214
-0.06105
-5.62088
2.66817
-1.7304
-3.65312
2.71004
0.957621
2.24811
-3.75459
1.53323
-0.0291563
0.175651
1.31571
1.00864
2.38597
0.913157
-0.0238646
0.664394
0.0316657
-1.55619
-10.0307
0.010046
-0.356042
-4.89282
1.05758
0.726298
0.0736843
0.59039
0.10137
2.56997
1.56004
1.46283
0.310105
-3.82831
1.40505
-3.18307
-1.47829
1.53187
0.0692099
-3.27485
0.017427
2.43181
-2.05284
2.34369
0.0250871
2.19063
-0.0940743
2.40342
1.14301
1.18338
-5.69733
-0.501397
1.65707
1.13981
-0.816937
-0.400813
-4.88665
0.163628
-1.92094
2.58237
-0.284108
0.586869
-5.21209
0.553581
2.19482
-2.41268
-6.39107
0.677095
2.58448
-0.349962
-0.788577
0.14208
0.28981
-10.7343
-0.159576
1.18154
-2.60587
0.571877
1.64341
2.14927
0.914458
2.15718
1.84954
0.33795
0.129812
-0.552977
2.52933
3.00997
-4.70673
0.476714
-1.06591
-0.297907
-11.2856
0.315628
2.71126
-5.39068
1.71636
-0.569424
0.893547
2.2881
1.68989
-1.10138
0.184528
1.18333
2.42439
0.155333
0.347169
0.396291
1.67928
0.905084
-4.97296
-0.594869
-1.05277
-4.88105
1.78888
-2.00543
-3.46951
-0.992489
-5.11602
1.41715
-1.06867
-0.0433831
-0.0308877
1.185
2.63509
-0.191929
-0.947954
-0.0514082
-1.77011
1.83378
3.12179
0.16116
-2.39401
-9.03943
0.411295
0.426986
-0.105296
-0.740037
3.04592
0.53134
2.51132
-3.77372
0.598585
0.812996
-5.57544
-0.146817
-0.875136
-3.69463
0.86215
-0.144538
0.317891
-4.98087
0.875579
0.483526
-1.57394
-5.59437
0.623878
0.692594
2.43215
-0.642663
-0.432985
0.518513
0.301494
0.108641
-4.55336
2.40378
-3.11483
1.5825
2.12521
1.74693
-1.81501
0.392733
1.71812
-0.423551
-0.134841
-0.206294
1.17664
2.3254
2.41514
2.03364
1.6419
-4.31697
-6.57005
0.771231
0.212173
-8.19586
2.61799
1.78199
0.952312
1.10739
1.05884
-5.23577
-4.33591
2.10517
0.652198
1.02671
-0.0969588
2.26647
1.49028
-0.109438
2.48012
-0.00611599
-1.9299
-3.31514
0.0854511
-8.79165
-0.167339
-1.82372
-0.298249
1.51307
-0.711227
0.770902
-2.2292
0.54531
-8.98304
0.121306
0.0675482
2.51319
-1.28457
-0.186326
-9.19869
0.495782
2.04042
1.08329
-5.41757
-0.113868
-6.53537
1.25427
-1.17257
0.0331371
-2.74987
0.118921
0.0897937
1.69161
3.22764
3.12106
0.245164
0.0404376
-4.91536
2.4834
1.68586
1.29103
1.88206
0.324366
2.4284
0.00435748
-0.539731
0.0167921
-0.00613475
2.16218
-1.6791
-3.26551
1.27659
1.37001
-0.175179
1.40007
2.23705
1.38457
2.21697
0.72473
1.6417
1.56646
0.979666
-0.152835
2.58114
-0.65642
0.412528
-4.49145
-1.58481
0.000831566
0.578713
-0.00789886
1.92183
2.26348
0.646281
-10.1139
2.17307
0.780779
-3.82413
1.15839
0.672326
-8.73768
0.388198
2.01869
0.0121613
-0.280335
0.878299
-9.91241
-0.992044
-0.673357
-0.0965321
0.828186
1.59729
2.68939
3.00268
0.352906
0.402957
1.35185
-1.01828
-3.22641
2.31075
-3.51298
-5.53658
0.880814
-7.38732
-4.53913
-0.0446373
1.09719
-2.59219
1.04704
2.30241
0.514516
-0.0663227
0.201951
2.5315
0.189157
-3.02777
-1.73967
1.13953
-4.47024
1.68268
-1.12807
2.31661
1.55431
1.09803
-0.155158
-0.877245
2.47334
1.14709
-0.142591
-3.01071
-1.94656
-0.137249
1.50935
1.34912
0.642343
-0.177204
-0.994512
1.34219
-0.913107
0.162454
-0.348525
1.32302
2.85702
-0.178014
0.0234382
0.235723
0.0195529
-0.457224
1.19758
0.696007
-5.58572
-0.0682064
0.164012
2.17723
-3.07084
-0.471932
1.60667
1.93518
2.35472
-0.101664
-1.45792
1.31274
0.933425
0.222711
-5.81387
-0.955488
-1.99263
1.39872
-0.717275
1.17492
-2.22898
-0.398954
-0.162181
-0.133621
-3.80788
-0.0566383
-0.161711
2.25292
2.22884
1.02288
-3.93506
2.52646
1.2794
-0.813667
-0.0478613
-1.71951
-0.140187
-0.0974449
-0.220721
-4.44685
1.21665
-6.45301
0.831052
0.0302085
-0.497463
2.41086
1.31108
2.2919
2.15837
-0.847454
-4.90493
0.256471
2.88139
-0.166852
0.988399
1.53149
0.0125031
1.87663
0.667168
-0.0841124
1.09328
-0.203445
1.8758
2.21223
1.42823
1.54188
0.0725552
1.42848
0.169056
-3.28963
1.81314
2.40267
0.500342
-0.928476
-2.1623
2.64366
-0.351394
-5.26795
-6.12583
-0.148767
0.00495996
2.88093
0.604081
0.109862
2.06293
-1.0475
-0.128132
-0.040096
1.73094
0.98559
0.770453
-0.914999
1.53304
0.0156568
2.86001
2.8323
-1.22266
1.79612
-1.04071
0.567642
-0.158076
1.56378
-0.649366
2.2738
-5.7607
1.96561
0.609458
1.1484
2.14759
-0.598675
0.092554
0.220424
-0.235874
0.370795
-4.14757
-1.26759
-2.87108
-0.842263
2.37219
-1.10033
2.61196
-0.0759543
-4.87324
0.299575
-0.54471
-2.15126
-1.39605
-0.241629
-2.30435
-0.720565
2.24511
-5.69487
2.33505
0.228706
-5.50218
-0.155779
-2.64971
0.585241
-0.117008
2.53689
0.781764
0.301436
0.12303
-5.59272
1.35599
-0.0628885
0.967064
0.145039
-4.91306
-0.654586
-1.86614
0.4164
-0.638305
0.663681
2.20041
1.8187
-0.338011
-0.215436
1.52197
1.51941
2.60494
2.84471
1.21537
-0.179874
1.5088
0.924605
0.300222
0.20882
2.54872
-5.84711
0.621517
-0.861428
0.708001
0.0140624
-0.164097
0.125
0.4954
0.906042
3.02012
0.106095
1.50132
1.55641
-5.07546
0.520466
-6.44521
1.34266
-5.67237
-2.0098
-0.438513
0.0431291
1.5218
0.824691
2.49269
-0.0860938
2.33114
-0.164486
2.90247
1.64652
1.48257
-2.49755
-2.54885
-0.145255
0.198908
-2.0384
2.05988
2.12463
1.2161
0.168538
2.89975
0.608305
1.52222
-0.161874
-4.89795
0.262117
0.526504
1.77583
-0.656982
-0.0765067
-0.201901
-0.0199928
2.44888
0.850948
-4.88844
0.44196
-0.147199
0.146211
0.452433
0.0180828
0.923514
-2.19833
0.00521023
-0.313478
-0.104662
-9.46159
-0.191226
-8.30734
-9.08299
-0.174483
1.68277
-0.110674
0.715208
-0.111032
2.0761
-5.46392
0.341434
0.234855
-0.652049
-5.56826
2.21344
1.51021
0.077748
0.182803
2.21314
-1.62676
-3.92295
-1.39523
0.0283312
-0.322132
1.22127
0.995406
-0.125338
0.294582
2.31192
-0.00618715
-0.0296813
1.25327
0.887381
-0.789173
2.10504
-4.91358
2.40818
0.931595
2.01445
-0.373594
-0.838855
-3.50327
0.515387
2.3472
-0.803468
1.46442
0.8766
-2.21882
0.336964
-1.01396
2.78696
1.33411
-0.0699982
0.871987
0.106533
-0.170556
2.19701
-8.19223
1.14563
1.89679
2.94389
1.81328
-8.38844
-7.11432
-0.778835
0.085642
2.19525
-0.56933
0.140974
-2.64953
-4.94147
2.2057
0.268841
-4.85779
0.121747
2.13958
2.87995
-0.276819
0.0827366
2.11491
1.98503
1.11548
2.31121
-0.898896
-2.66728
1.43533
-3.86428
0.81321
-0.0472418
-4.57305
2.2688
1.0799
-0.830657
-5.74388
2.13267
-7.09829
-2.20514
-0.106159
0.577782
1.50513
2.35053
-2.54543
0.0222645
-2.86179
3.00195
3.03065
1.54686
1.93238
0.00976294
-9.96873
2.72621
0.428292
-0.284766
-0.0560249
-0.00243603
-5.78566
-0.21467
-9.71135
1.17597
-0.743495
-0.123442
1.90226
1.76863
-2.02946
-0.170243
-0.76026
0.646661
1.17599
2.2569
-2.74041
0.0850537
-0.377174
1.01008
-4.90124
-0.250832
2.0488
1.85695
0.0106656
2.14732
1.94053
1.43013
1.02414
1.00449
-5.75056
1.77082
1.12958
-1.01426
0.0808598
-0.238171
2.1102
-2.08135
1.17615
0.83423
1.54589
-0.249687
1.66025
3.17139
-5.54713
0.800769
0.640593
-9.99047
2.77879
-0.089706
1.07207
-5.59194
0.0605455
-0.0475787
0.44588
0.548181
0.964171
1.01901
-3.07611
-0.178716
-7.10321
2.16068
0.617239
-4.97032
1.85915
1.64574
2.7062
3.06846
0.143955
1.55911
-1.31809
1.30699
-0.0206539
0.97339
2.60549
2.24197
-0.633783
0.0192523
1.42155
-0.299078
-4.40976
-0.584296
0.512596
-9.09604
2.9805
-0.734027
-0.450579
2.10989
0.788391
0.923805
-0.196135
-1.96357
0.003227
2.09811
-0.196351
0.147922
0.665366
-4.90936
-0.162962
-0.940121
1.89294
1.22691
1.81386
-1.4741
1.37077
-0.23487
1.83714
-2.06832
1.5382
1.4513
2.24237
-8.54944
-4.8951
0.420682
0.0184078
-9.49252
-0.60143
0.793819
-2.37507
2.66391
-3.72614
-0.155411
1.28414
-8.88874
-1.63843
-1.02169
0.237154
0.985901
1.34597
-0.21045
0.62491
1.16867
1.46341
0.930136
0.0495563
0.00312934
2.87699
-0.104628
0.653971
0.569738
-0.644505
0.435125
-0.211534
1.78991
1.79738
-0.809755
-8.55376
-1.14318
-0.00771065
-7.79598
1.31577
-7.38881
-9.19785
0.546328
0.19496
-0.310645
-0.827187
2.32064
2.95878
-0.843813
2.07665
2.89188
0.913527
-0.143497
-0.687607
-0.0189747
-1.29332
-1.99481
-3.31043
-0.735866
0.797452
-0.134589
1.0605
0.803391
1.93161
0.705253
1.95919
-0.162688
0.485832
0.897338
2.76704
0.906615
-4.93906
1.2536
-0.203076
-0.202799
2.25945
1.5274
-0.838113
1.66724
-0.188578
-0.225873
1.88635
-0.27423
-0.960754
-4.50419
1.51005
2.0574
2.84359
0.507736
1.53097
-7.46486
1.38306
-0.0844628
-0.620322
1.28738
-0.768945
0.864378
2.02784
1.78898
0.637772
2.13443
-4.30161
1.52255
0.503743
1.41345
-0.260948
1.46368
1.44391
-0.242686
2.04911
-0.935512
-0.727578
0.60607
2.75086
-0.250254
0.940843
0.757707
0.862638
2.65104
0.754257
2.80353
-2.2903
-0.604633
1.92096
0.726947
-0.214091
0.677243
0.603519
-0.657885
1.37531
0.778108
2.75618
1.40004
0.818807
)
;

boundaryField
{
    SideWalls
    {
        type            empty;
    }
    Top
    {
        type            zeroGradient;
    }
    Inlet
    {
        type            zeroGradient;
    }
    Bottom
    {
        type            zeroGradient;
    }
    Outlet
    {
        type            fixedValue;
        value           uniform 0;
    }
    Plate
    {
        type            zeroGradient;
    }
}


// ************************************************************************* //
