/*--------------------------------*- C++ -*----------------------------------*\
| =========                 |                                                 |
| \\      /  F ield         | OpenFOAM: The Open Source CFD Toolbox           |
|  \\    /   O peration     | Version:  2306                                  |
|   \\  /    A nd           | Website:  www.openfoam.com                      |
|    \\/     M anipulation  |                                                 |
\*---------------------------------------------------------------------------*/
FoamFile
{
    version     2.0;
    format      ascii;
    arch        "LSB;label=32;scalar=64";
    class       volScalarField;
    location    "7.9";
    object      p;
}
// * * * * * * * * * * * * * * * * * * * * * * * * * * * * * * * * * * * * * //

dimensions      [0 2 -2 0 0 0 0];

internalField   nonuniform List<scalar> 
5098
(
-0.243752
0.6555
0.193101
1.67653
-2.22872
1.96499
0.204201
-1.34683
0.175709
0.538853
-5.69793
0.624865
0.0327316
2.3215
-0.794754
-0.0173964
-4.39603
-7.24279
-3.10593
-4.53637
1.55773
-0.0207964
0.267484
3.02093
-5.29711
1.88701
1.40903
0.958037
-3.11787
-0.168602
0.510059
2.53552
1.5137
-2.83437
-0.170895
-2.22275
1.25159
1.40463
2.21995
0.498433
1.62739
-8.78976
1.84951
0.255154
0.076779
0.744077
-5.02073
2.59079
0.506205
1.72776
0.384864
1.92633
-4.13064
1.27064
1.97289
2.08125
1.60856
1.52202
2.5438
-0.306037
-0.00582331
-5.38121
-0.180183
0.132876
-4.13408
2.35335
0.0283421
0.299014
0.942821
1.40137
1.57164
0.137103
0.720499
-0.302009
-0.187557
1.72747
-0.150333
2.15903
0.369465
2.01619
-0.353567
-4.05416
1.7325
-3.21227
-7.59904
-0.265624
3.30889
-0.160434
-1.45744
-0.0220293
0.59914
-4.06041
0.634644
1.67967
2.22926
0.294061
1.368
2.23145
-0.173493
0.844042
-7.92084
1.89243
-1.42344
-0.0970316
2.149
-0.0277365
1.49191
0.229243
2.63714
-5.76793
1.53409
-2.90536
1.37719
-4.18143
1.5018
-3.10764
-5.11127
-0.878283
-0.423088
2.98648
1.88311
0.556252
0.480068
-5.9896
-4.18207
-4.59724
1.18954
0.336563
2.33706
-4.20173
-6.36519
2.45893
2.42201
-0.67253
-5.32702
-2.9593
-0.96547
1.45596
2.23641
1.25182
1.94646
-1.95012
0.837727
0.208619
0.758507
-0.311616
1.00785
-1.93709
-1.17884
0.517941
-8.95706
-3.93186
-2.34869
1.51218
3.33466
2.89283
1.52858
-6.83346
1.63349
-3.14377
1.09776
-0.903803
-3.87538
1.59794
-6.52834
0.438171
-2.60919
-0.0965974
-5.3774
1.53651
0.283247
1.7354
0.604866
0.975584
0.496565
0.866715
1.69041
-2.18007
1.71312
3.31385
-2.09515
-4.9554
1.40422
-6.30022
1.56035
-0.575658
2.1627
1.22035
1.69361
-4.21721
-3.01341
0.410153
0.651206
-0.207084
0.451933
-4.11606
-2.79992
-2.99223
0.0150135
1.48865
-5.30605
1.8964
0.0917269
0.654281
1.22676
2.88717
-0.686796
2.27311
0.798016
0.633432
1.40591
1.85407
0.335638
0.713598
-1.09681
-3.07176
-0.221835
-6.5891
-4.09222
0.911764
0.54864
1.92181
-0.00401734
0.512683
-4.13822
1.27526
3.22331
1.46386
0.938442
-0.820391
1.63168
3.0557
-3.31774
-0.00268817
0.327165
0.364032
1.33611
-4.27209
-2.11378
1.67068
-4.05982
0.565532
0.0192879
2.70614
1.5106
0.685175
2.26525
-6.1938
-4.54192
0.645813
0.64248
0.886505
-3.1008
-4.68273
1.55099
-4.24333
-4.89788
0.567801
2.54355
-0.115867
-0.593319
-4.1338
-5.01212
0.741083
0.025762
-5.85387
-3.14381
-6.20406
0.362047
1.69922
-4.15231
0.107986
-3.13209
0.368539
2.50239
-1.17411
-9.25083
-8.55381
-0.0406279
1.41499
-6.1949
-1.16081
-4.15469
-1.25798
-1.75403
-2.1854
1.54955
-0.141208
0.441834
0.667166
-6.15282
-3.92869
2.73144
0.122413
0.877068
0.542632
-0.253002
0.486827
1.36981
1.48775
-0.256614
-0.720944
1.85699
1.46062
-5.75471
1.16549
-1.09694
0.883379
1.4005
-5.0858
0.636943
-3.19328
1.9159
-0.283308
-0.0460869
3.31117
-0.848274
-0.00730198
0.841296
2.80853
0.341579
-3.80354
-1.90961
-3.59141
-0.168827
2.26321
0.70704
1.42365
2.60277
-0.343591
1.36829
0.804522
2.24005
-0.184068
1.3472
0.347143
0.312489
1.75829
1.01263
1.41497
0.78509
1.44192
0.391073
1.52326
-3.03239
-0.15841
1.16651
-3.2033
-0.875368
0.612298
-0.527691
2.87502
2.77576
-5.57879
-0.310114
-5.90994
-3.11865
0.50897
2.30461
0.0859466
1.47658
1.00336
0.810628
-0.183408
0.216298
2.53777
1.52661
1.08035
-0.120008
-4.34703
2.4271
0.25992
-2.32664
-0.0675351
0.127215
-5.45343
1.43165
0.387639
0.0136316
-0.207643
1.27402
-4.46056
1.5791
-0.726021
0.198706
-1.63912
-0.0866723
-4.45898
1.61574
-1.64964
1.394
0.412155
1.52091
1.54759
1.29508
-2.01473
1.77009
-2.8492
0.631955
-1.17411
-4.11488
2.77194
2.09754
1.47308
-3.09729
0.593827
1.24397
-5.73503
0.413845
-1.31863
1.47759
-0.85711
-4.11045
0.218752
-1.09692
-0.330607
1.45944
2.85247
-1.38429
0.520206
1.25073
2.00261
0.162417
0.939754
-6.14596
-4.1018
-0.102445
-1.47077
0.192278
0.988406
0.0258167
-3.13341
0.00794195
1.18175
-1.39892
-3.56431
0.0249968
0.32311
1.27308
-1.53309
1.70269
1.38399
1.17399
-4.13754
1.50184
-1.09553
-2.64709
-0.769799
-3.07088
1.18701
-4.92521
0.751472
1.49675
-3.96225
-4.93741
0.204768
-8.59491
0.335852
1.13233
-2.18943
1.81197
-0.238656
2.82347
-1.79853
1.63273
-6.80259
-4.16945
-7.55185
-5.61977
1.57796
-3.08735
-0.186642
-2.00813
-2.07155
1.39449
-1.95036
-3.1399
1.96346
-2.35899
0.979117
0.994794
-0.331971
-3.16604
0.648911
0.233987
1.2776
0.512629
-1.06656
0.56276
1.33296
-2.33442
-1.83493
-0.130364
-1.72885
-3.87584
0.00761217
2.07613
-3.05825
1.96606
1.53495
-6.90392
0.27752
-3.16076
-7.78042
-3.14101
-3.40553
1.19361
0.998759
-2.22266
-0.21821
-4.14477
1.48285
1.79476
0.42062
0.84804
1.18416
2.81007
-4.20274
-0.983312
2.36615
-5.77392
-1.80921
2.74916
-0.275853
-2.75985
0.00133314
-4.1242
-3.63723
0.956939
-0.098794
0.409291
3.19686
-7.28489
0.16808
-6.53485
0.0250371
0.513721
-1.14031
-4.1591
-4.36638
1.38539
-1.12768
-4.1891
1.64351
-4.15363
-5.42524
-0.12301
-5.9754
3.24333
-2.57917
-1.31784
1.3677
-0.0160542
-3.30837
-1.15434
-5.03286
-6.92077
1.94725
-5.09386
-1.44443
-5.19562
-1.46303
1.51611
-3.93261
-1.70039
-4.46352
-3.26383
-0.397783
-5.38389
-3.28974
0.0663873
-0.349112
-3.58435
1.51877
1.9021
3.24388
-1.3976
1.60014
2.45321
-8.08092
0.330398
-9.95644
0.851702
-1.78472
0.469462
-0.409145
-0.248528
1.21102
0.925746
-4.20836
-4.18021
2.79925
-1.15098
-7.18776
-0.0570236
1.51734
0.31359
1.07104
-2.17806
-1.93881
-0.314476
2.15349
-0.125783
-0.75989
2.46649
-2.29013
2.29743
-5.91945
-4.22718
-1.76624
-2.91342
-4.15441
-3.89395
2.37216
-2.14797
-1.90561
2.4249
-1.20483
0.247703
0.133043
2.74685
-3.13495
2.07117
0.490791
-0.135254
0.220137
-4.28571
0.564176
-1.4807
-0.0630692
-7.4065
0.908856
2.03969
-5.08047
-0.0968642
1.57872
2.75693
-4.18839
1.86223
3.22857
-1.94024
0.741222
-1.12028
1.56957
2.31284
1.98809
-2.9703
1.01099
0.312131
-6.03214
1.05367
-0.12298
1.52804
-6.05415
1.10973
0.294842
-1.6761
-0.270849
0.263233
1.08438
1.635
0.34578
-7.43301
2.56831
1.55006
2.09917
0.39171
-2.01158
-0.613619
-0.823553
2.49598
2.84161
-2.75233
1.71723
-5.99172
-4.39475
-1.04774
1.34984
-3.1356
-3.13933
-6.2854
-7.32933
-0.450322
0.530253
-1.8042
1.20205
1.82101
-3.12607
1.83452
-0.0156797
1.51785
-4.12367
-9.14837
-0.0385687
2.64293
-1.22804
-3.48939
-1.05076
-3.14623
1.20993
-2.39146
0.13256
2.38915
-6.72304
-7.87794
-2.9383
-9.07942
-3.17324
1.69558
-0.390746
2.83115
2.58992
2.35029
-6.284
-4.28818
-3.03227
-3.18401
0.374245
-4.15433
-3.74045
-4.18144
-6.92715
1.96758
-4.16056
1.47813
-5.59689
2.30872
1.4319
-4.44758
0.415258
-3.25353
3.09114
-0.885743
0.911581
-1.76717
-7.64858
-8.62512
-7.54001
-3.50154
2.01472
-1.28754
-1.08022
-3.97225
-4.1981
0.377738
-5.85257
-0.51153
-0.128807
0.294406
0.529199
-7.53155
1.70552
2.36434
-4.08008
0.469664
-6.07523
1.58788
-3.14115
0.420977
0.429845
-6.1998
-0.0201836
-4.11683
-1.80432
-6.00414
-5.37511
1.56086
0.906056
-2.9428
-0.517409
0.343477
1.37833
0.181309
-0.310169
-7.10106
3.162
0.559684
1.87943
-1.12941
0.917153
-4.16879
-8.39334
-0.0847401
-4.28193
-4.4626
2.46593
2.21293
-5.01566
0.673058
-5.67503
2.11863
-0.0947321
-4.1365
-4.12724
-4.21785
-3.17118
-0.107524
0.214466
1.57373
-0.844465
0.0182113
-4.20228
0.76459
-4.75704
-4.24201
1.86087
0.168386
2.51623
-0.892851
1.79923
1.77835
1.5897
-2.78862
1.36235
-0.620719
0.202208
0.688171
0.440931
0.552488
-3.96038
-4.16043
-9.08458
-9.29525
0.9475
1.05355
0.673328
-4.257
-0.48794
3.28287
-5.67634
1.54399
0.0222678
2.38292
-3.45277
1.63882
-4.18913
-7.62276
2.60875
-3.4451
-3.14911
0.895891
2.71435
1.4884
-0.368189
-1.15314
-1.44375
-4.03273
-2.42245
-4.26049
1.53634
-4.46644
-2.5543
-4.16045
0.636289
0.0287313
-3.09267
-1.23272
-4.00975
1.17449
0.293565
1.24447
-6.50641
-3.50553
2.41781
-4.23097
-2.54909
-3.8993
0.283295
-4.12856
-4.13452
-5.73145
-0.418969
-0.11654
1.44
-4.13735
-8.20137
-3.24437
0.0882551
0.0257905
-0.498933
0.169983
-4.15233
1.47347
-2.10651
2.55341
2.09762
0.342252
1.86709
0.886759
1.49608
2.93738
1.76372
-7.2231
-10.006
-0.985974
-9.95436
-0.525346
-5.26865
1.67826
-3.43782
2.12409
2.23848
1.15784
1.12684
-7.49532
0.411155
-2.09454
-0.286732
2.45879
1.55767
-0.0732294
0.113294
-4.13197
-10.1842
-2.00115
-3.33956
-1.90896
-0.180333
0.197152
-6.87038
-0.25096
2.56169
1.34947
1.9621
1.83466
1.64213
-0.176457
-0.618754
-0.867385
-4.17006
0.716969
0.295245
0.815237
1.25325
2.68204
-4.24153
-0.895047
0.27234
1.6633
-4.53949
-0.0743266
-3.68896
3.0446
1.53915
-4.00589
1.10209
-0.407817
-9.34658
1.44483
1.71806
0.71475
0.730449
-0.0431337
-4.03444
-0.00513459
0.408307
2.45493
-0.70767
2.18562
-4.38216
-5.38034
-4.75668
1.37728
1.96096
-2.32925
-0.499981
3.02488
0.641442
0.959593
1.06168
2.8195
0.482357
1.41604
0.120221
1.65564
-0.807438
-0.514853
2.12727
3.1851
0.421206
-8.19076
-0.630569
-1.20464
-4.35084
1.78341
1.02259
-2.18204
1.0537
1.71271
1.02089
1.2574
0.0785458
1.72474
2.15774
-2.05104
2.85256
1.664
0.158808
0.0123382
-0.628463
-0.0178908
1.2843
0.559315
1.58568
1.66163
1.2213
-8.27524
-9.86203
1.73271
0.915267
2.19734
-0.869045
1.31794
1.56612
0.76874
1.79811
1.97757
-0.0817895
-0.0323136
1.16776
1.88617
-2.06826
-0.965591
-1.49133
1.96927
0.388459
1.63928
2.76424
-5.71848
2.67222
2.98599
-0.595684
-1.39004
-1.2108
3.24133
-2.93061
1.75873
2.81691
0.849506
-4.14121
1.07011
0.951258
2.99352
0.677827
0.960989
3.10824
2.30134
-0.0163729
3.07392
2.38392
0.0860233
-5.50471
-4.12133
0.011566
0.330968
1.59829
2.33637
-3.08277
-0.298841
1.1746
0.338446
2.30663
-2.85869
2.73798
-2.55354
-6.82506
0.847762
-1.83326
2.02368
-0.442321
1.00919
-6.15081
2.34912
1.29756
1.62557
1.57412
-9.94224
-0.00900217
-0.259757
0.298722
0.660315
2.52596
1.50058
-0.0195004
0.693343
0.226926
-5.94934
2.3129
0.0841543
1.82808
-0.286023
-0.798563
-7.07254
0.358132
0.580694
2.73904
-0.0140791
0.913369
-6.53487
-6.94198
2.20865
2.43506
-5.92984
2.14073
0.830334
-6.51395
0.411836
0.369093
3.19721
-0.537366
-2.0681
1.865
-1.98274
1.91733
-4.1493
-6.66785
-0.0865044
-3.99946
-4.13204
-0.352699
1.45084
-0.296658
-4.1502
0.011555
0.157085
-1.79114
1.08123
2.56899
1.37152
1.29644
-3.91735
-4.29708
0.168783
1.02295
-1.63951
0.0104403
-0.0108552
0.00153502
0.407084
1.41813
0.758328
0.911352
1.29904
0.463263
-1.18912
-3.47206
0.25391
-1.83359
3.02981
1.20968
0.823428
-3.55475
-1.11024
-0.346976
-0.249291
-6.69823
-2.96024
-0.7317
-1.25742
1.46055
-0.354057
-0.0947214
1.58048
-4.12913
-0.222421
2.52396
-2.22232
-1.81839
0.319418
1.59338
-8.0202
0.374765
-9.63045
-0.064962
-4.40589
-2.9862
1.7099
-5.73381
0.455401
-0.22831
-6.5837
-8.3727
-1.11221
1.47463
0.240086
-5.64861
2.49606
-4.1909
1.58651
-0.335149
-2.6322
-1.4565
-1.38504
-4.29405
1.19964
1.56136
1.50911
0.0193919
-4.86472
2.22811
-8.46472
-2.01665
0.00841716
-5.38871
-0.202888
0.0711936
2.19617
-4.15911
-3.17711
-8.15312
1.23779
1.21319
-8.15518
0.864552
-0.0583254
-0.57756
0.444301
0.75808
0.394393
-1.15149
-8.03202
2.47181
-0.0901787
-0.0215285
0.53422
0.0137822
1.29129
-7.29425
-0.789879
-4.46708
1.29052
-0.192988
-0.0912514
0.598246
0.00901311
0.309638
-0.0689131
1.53548
-0.307913
-1.86943
1.14306
1.5467
-0.170237
0.942035
0.957798
1.62194
1.84242
1.49726
0.557038
2.72911
1.0526
-1.80668
0.630728
-6.28815
0.215432
-0.0691448
0.800864
-0.168606
2.72165
0.337256
0.370713
-2.01112
0.483525
-3.20702
0.263725
-3.93208
1.07275
-2.71268
1.28435
1.04356
1.60271
-5.6638
1.95701
-4.32098
1.35648
1.65394
0.70928
-4.08265
-2.26632
-4.9814
1.55789
-8.2538
-3.16502
1.62237
0.526178
-0.143121
1.69457
1.51666
-1.10797
2.44164
-1.2019
-0.635278
-2.04377
-1.43533
-0.155475
-0.62289
-2.19869
2.67487
0.00592139
0.744785
-1.25184
-7.4227
1.78618
1.98854
0.00777208
-0.0623142
1.53591
-3.68623
0.993914
1.55261
-0.673244
-0.746793
0.489479
-0.186847
2.72238
-4.3754
1.32418
-0.200647
-0.867652
2.78852
1.41853
0.314929
2.03827
-8.44287
1.7816
1.79752
0.253785
1.53662
1.03766
1.29323
1.57171
-0.759915
1.69113
-1.0053
0.08659
0.00115699
-3.18964
1.89292
-4.12491
-3.95154
0.108613
-0.310067
0.618934
-4.00984
1.26892
0.368284
0.932765
1.33745
0.726423
-0.581023
0.125302
-9.72629
1.62513
0.220542
-4.18172
-1.85279
-3.44065
1.55173
-4.30186
-4.62502
1.45395
-4.45665
1.70124
1.15122
-4.13395
-4.35553
1.69839
2.1171
-1.65948
1.39264
-4.01623
-1.34876
-4.13348
0.401659
-1.14511
-4.25135
2.94141
0.00979909
-3.76959
0.0188001
-1.01661
1.57951
0.449303
-2.31784
-4.15517
-5.83284
-8.96794
-4.12425
0.592644
2.34881
-0.239867
-8.81433
0.0162169
-4.10781
2.04702
2.97895
-4.18512
0.611256
1.25411
-4.11761
0.427961
2.64907
-2.62946
-2.63166
1.32784
1.40651
1.27294
-1.15535
0.49669
0.00627598
0.363439
-1.67432
-0.164252
1.51505
-0.71083
0.356324
0.660721
1.47199
1.05078
-0.223348
0.894344
1.55465
1.27094
0.994377
2.73745
-1.55534
2.55681
-0.162529
2.4755
3.16886
-1.72579
0.153978
0.566799
1.50221
-3.00854
0.881674
0.610799
-0.195506
1.33687
2.12058
1.41853
1.48722
0.795069
0.491323
-6.84822
3.06804
-4.2298
0.306622
-5.78304
-0.935633
-4.85968
1.52297
1.48939
1.03691
1.59667
-1.79019
-0.141522
1.69884
1.04056
-0.254076
-1.75655
0.217606
-0.961519
0.422019
1.55224
2.92633
1.50724
1.88733
1.78655
1.37606
2.7709
1.14196
1.53125
0.38688
-6.9898
0.0760229
0.905866
0.659061
3.10446
-0.432212
0.641793
0.00151264
-0.313153
2.9369
1.06545
-0.316492
-6.85343
0.800201
-1.49949
-0.216364
1.99311
1.7286
0.951955
1.76084
0.0965143
2.37738
-3.51565
0.934319
0.506923
0.323144
0.244771
2.32277
0.449564
0.161147
1.54541
1.06783
-5.81832
1.5092
2.3959
-0.576564
-5.2111
-4.17104
-3.23501
-0.910324
-4.52338
-0.399738
1.454
0.374346
-0.125085
1.32662
-0.839545
-0.844006
-0.762894
-3.11267
-4.43987
0.232658
-4.17703
-4.09237
1.34855
1.49072
1.89608
-4.81554
0.797374
-0.75603
1.49358
2.47438
-5.36023
0.0230072
-0.14899
2.4588
0.973962
-5.11904
-1.01724
-3.23337
-0.0753484
0.0245465
2.68731
-0.174811
0.0033427
0.838881
0.232081
0.00898216
1.03423
0.261121
0.385234
-4.114
-4.77418
0.595333
-4.07937
-0.181281
0.0936608
-3.45177
1.6484
1.15546
2.88068
0.489815
2.65977
-0.398772
1.82752
-2.28864
-0.558695
-6.66379
2.25187
0.139793
0.375709
0.335164
-3.0149
-6.41537
0.00847421
-0.0251348
-0.196994
-0.419953
-0.255962
0.167994
1.12937
1.82902
-3.54724
0.00994221
0.177958
-0.369012
-0.0982428
1.60878
0.174585
0.97776
-0.361654
-0.127228
2.03296
-3.36115
0.329792
0.00333503
-0.0101783
-1.32054
1.96857
-2.5016
-0.165256
-0.174369
-4.42878
-1.44831
-0.199426
2.45451
1.89675
0.00747008
-2.95814
-10.555
1.48158
-0.0950592
-0.482777
0.00776493
0.53852
0.0321563
-0.137918
-1.57609
0.00433126
0.819418
-0.708452
1.26023
-0.594569
-2.02591
0.527219
0.761677
0.0810505
0.129511
1.46581
0.439369
-0.653168
-0.797123
-0.258423
-6.01299
-0.184894
1.50398
-3.35316
-0.63169
-0.00495001
0.00399865
-1.19711
-0.107959
-0.195486
-0.0643437
2.13936
1.19342
-3.18551
-0.160651
-5.06583
-5.47961
0.223098
-0.217484
1.77962
0.189028
1.33303
1.38749
-0.375007
-2.87856
-7.19826
-3.12089
-3.68086
1.66566
-0.195598
0.397339
-4.13859
1.65096
-0.0521608
1.67103
-0.0606571
-0.00561274
2.04423
0.0165364
-0.0138944
-3.09303
2.06913
0.368458
1.45356
1.54474
-8.69101
-0.0679334
1.51974
-3.48152
2.00603
-2.18979
1.93411
-3.57027
-0.184343
-0.0187552
1.52465
1.85981
-2.55873
1.40243
0.805318
-0.225051
2.23463
0.731184
-5.98155
1.51708
-0.157173
-0.0835394
-1.63642
-6.93691
-0.162328
-4.27249
0.000884501
1.42904
1.25908
-0.215517
-0.0511608
0.848579
-0.105471
1.49676
-4.47869
0.0151512
-1.05117
-1.72657
-0.478177
-2.0074
0.889999
-0.723801
-0.157389
-3.23396
1.35181
-0.205833
-4.83648
-0.228121
0.424942
2.42551
-0.772764
0.0012441
0.600872
0.296932
-0.327217
-1.09426
-2.24374
0.477725
-0.0268205
0.364145
1.62124
0.00189692
-0.17355
-2.28457
-0.136559
0.00314883
-0.765699
1.5548
-0.588082
0.0133816
-0.222444
-5.13869
-0.0848101
-0.120817
0.386786
-6.02326
0.104291
0.0414748
-0.226641
-0.241339
0.0171608
0.0103378
-8.25662
-1.21358
-3.36804
0.662931
0.375909
-0.463796
0.844079
0.903075
-0.143373
0.0181466
0.908971
0.284496
0.0143449
-2.92294
-0.0425313
0.500053
-0.492344
-6.2656
0.011404
0.612729
0.0848703
1.11463
1.02522
-0.250576
0.56637
1.52524
-0.0908722
-5.96569
-0.116927
-2.24902
1.8638
1.50751
0.00532768
-0.0487837
-0.176846
-0.147096
-0.00893522
-0.173633
-5.55175
-0.0581808
1.47478
0.178048
-0.138971
1.52739
-0.162316
2.4449
-0.18333
0.144413
0.0879517
-0.200161
2.02833
-0.105594
0.00734006
-9.80599
0.0069797
1.20371
0.749971
-0.149735
1.54997
-0.510853
0.851707
1.85678
0.217931
1.01576
-0.186612
0.696394
-0.12709
0.433087
-2.34752
-8.54663
-0.0906404
1.77375
0.695588
1.05686
0.908735
0.00302103
-0.0116443
-0.0819191
0.0685187
0.560207
-8.06199
-0.00417273
-4.46941e-05
-0.0274758
-0.169014
-0.476799
-5.62269
2.50059
-8.75298
-4.13071
2.38606
0.0139738
-0.0139723
-0.0813965
-0.0497543
1.02427
-0.0416393
-0.089996
-3.15673
-10.4346
0.323432
1.54595
-0.0578987
-0.00448593
-0.381386
0.00976853
-0.0665245
-0.121284
-0.123434
-0.0241923
1.56121
-7.79433
-3.70487
0.823897
-0.227834
-3.16121
-0.153436
-8.67788
-0.0311808
1.32768
-3.1569
1.85903
-0.268984
-0.0596051
-4.14045
-0.189155
-0.27214
-0.158278
-6.22512
-3.49336
2.3908
-5.84019
-2.23816
-0.00143231
-2.04974
-0.0202135
-0.0943272
-4.16728
0.00610584
-0.115559
-0.329921
-0.159506
0.000482784
1.92398
0.408776
-0.00528583
-0.109606
-0.0897531
-7.02315
-0.32899
-2.50711
-0.164521
-0.32056
1.7902
0.0575542
1.55866
-0.00826459
0.00783649
-0.0245748
0.00331673
0.0140293
-3.13043
-8.70329
-0.620778
0.705916
1.0207
0.781663
-0.0557397
-0.0689591
-0.0137022
1.70831
-0.130561
0.251889
0.726538
0.00354765
-0.109879
-0.743452
-0.098953
0.00827146
-0.134764
1.54962
0.00535088
0.792959
-0.0228671
1.37
-0.0101259
0.436395
0.00853671
-0.0338532
-4.05016
-0.114333
-0.117485
-0.41651
-0.0525081
1.29472
-0.0446816
-0.119658
-0.185082
-0.16326
0.328128
0.00277668
-0.141727
-6.04551
-4.14555
-0.0792085
1.92674
1.53988
0.0123913
-0.149292
-1.63471
0.0189238
0.373628
-0.84631
-0.013702
2.00601
0.257533
0.0288304
-0.00677572
-3.66522
1.54451
-0.143572
0.027847
-0.00262483
-4.37249
0.0900647
-0.000155216
-5.42321
0.840913
0.86794
-0.114057
-0.0159531
-0.00196757
1.5143
-0.0134667
0.0134832
-0.020488
0.00872017
-1.92542
-0.0322738
-0.0179835
0.0027226
-0.136091
0.0160823
0.0730247
0.00162363
0.00892406
-0.414983
-0.292447
-0.0629529
0.0215669
2.91177
-0.0936702
0.0730265
2.24968e-05
-0.109415
0.298642
-0.0720126
0.0314484
0.308497
0.0221456
-0.0596743
-0.0428643
0.000896974
1.5534
-0.00159676
-0.0791112
0.0497584
0.0152825
0.014661
0.0835702
-0.107937
1.51122
-0.185462
-1.60281
1.06742
-0.0296634
0.00781233
0.00920273
-0.075622
-4.09665
-1.15306
0.21874
-0.0502128
-0.0303345
0.0181971
-2.62569
1.64418
1.57486
-0.00848124
-0.321492
-0.0762017
-0.0448321
1.53504
-0.00365919
-0.150724
1.64884
-0.043413
1.63201
0.0145706
-0.0179611
-0.0418906
0.0205192
0.000836006
1.91246
-0.164807
0.00174739
-0.530875
-0.571567
1.25072
2.0648
0.00582782
-0.417844
-0.0208282
0.0233591
0.000345532
1.2114
-4.5468
-0.00177782
0.0128975
-0.115545
-0.101134
-0.0849093
-0.005135
-1.39124
0.000815591
0.0200328
-0.771514
1.57716
-2.47525
0.018643
-0.104768
1.17952
1.28583
0.0197218
0.00367012
-4.15451
-6.89307
0.00361029
0.010336
-0.0151897
-0.000717235
0.000589116
-3.93913
0.00772069
0.0165498
0.00337855
1.76875
-0.0084148
-0.0331956
-0.0235863
-3.70319
-0.00503969
1.36167
0.00951889
1.66791
-0.0414295
-4.2498
0.0255528
-0.0118103
-0.0406282
-0.236123
-0.180719
0.00677467
0.0189883
-0.0503613
-0.0033605
-0.00576686
-0.0455772
0.0195376
0.0248919
-0.0630608
1.58669
0.0222048
-0.676341
1.74961
-0.00745997
-0.0378221
-1.37454
0.729567
-0.00914276
-8.94722
0.0105662
0.0201819
-3.87331
0.000300597
0.00266575
-0.438399
0.0198737
-0.194463
-1.48725
-0.00703499
-4.82672
-0.21229
0.0158691
-2.54542
-1.40632
0.0189363
0.0116403
0.0118058
0.137298
-0.016352
-0.016001
0.48821
0.0116086
0.0067812
0.0244974
-4.64959
-0.0153431
0.00168824
-0.0220798
-0.122419
-0.133922
-0.0329386
-0.00337747
-5.56049
2.44364
0.0211761
-0.0144682
0.00682562
-4.53874
1.72614
-0.17688
0.114808
0.00254392
1.74936
-0.0120992
0.471052
-0.0590685
0.00947857
0.00777546
-0.0737256
-3.12626
-0.484376
0.292112
0.949046
0.00961671
-0.00711028
-0.164174
1.4867
-0.0595873
0.0219371
-0.0127028
-0.15398
1.47696
-0.223645
0.0175144
0.00939021
-0.0263534
-0.0114143
0.0263664
1.01039
0.0559007
2.19366
-0.000476923
-5.41233
-0.358247
2.48053
0.571481
-0.027893
0.0149505
0.0124327
-0.233817
1.48595
-0.359135
-0.0968629
-0.0112136
-4.18538
-0.0174875
-0.0188769
0.0251624
3.12078
1.11832
1.65719
-0.047155
1.56149
-0.00495226
-10.5926
-4.26488
1.83318
-4.60385
-4.41319
0.0131129
0.697649
-0.251901
-0.0264602
-0.925088
-0.299729
-1.7919
0.637384
-2.1769
-0.0621953
1.49351
-0.155951
-0.323243
0.0121385
0.0213856
0.0141147
1.70132
-0.0109765
-7.16628
0.0212787
-3.21948
0.00219034
-0.11911
-0.0619395
2.48365
-4.83278
-0.375864
-0.364147
0.0116122
0.0215595
1.18123
1.57239
-0.102929
-0.0847565
-4.416
-0.0682755
0.194838
2.85606
0.962042
0.217724
-0.326612
-0.684875
-0.00709735
0.60971
0.0178338
-0.273396
-0.01383
0.827668
1.52268
1.19224
-4.13372
0.823928
-0.180524
0.00400569
-5.52874
-0.07569
-0.101301
1.5659
-0.110636
-4.32705
-0.0175583
2.38909
-1.26323
-0.343754
-0.620437
-1.22439
-0.020848
-3.26228
2.67778
-0.333525
-3.45692
-4.20421
-0.527313
-0.0263956
0.444584
-0.586083
-0.140091
-1.57895
-4.10063
1.60916
-0.098185
0.0413599
-0.15266
0.330578
-0.193488
-4.09627
-0.0208637
-2.08377
2.97318
-0.0272376
-4.12028
2.64885
0.00617714
-0.0255656
-0.695594
0.00971355
1.75984
-6.42178
1.49052
1.55044
-0.18344
-0.588697
1.53479
0.959961
-0.084421
-1.06066
-6.16076
-3.65589
1.62304
-0.0397422
-1.42542
-4.03545
0.250078
-1.38245
-0.137171
-0.492507
1.55905
-0.798618
-0.0715799
-3.89193
0.00336022
0.00718548
0.0197225
-4.20218
-10.4455
-0.0265606
-0.0526958
0.0150923
-0.932431
-0.00429867
2.85291
-0.0114768
-5.55442
0.382961
0.00473822
1.2983
-0.176496
1.54425
0.00528105
1.27358
-3.5686
-0.072591
2.16512
-2.03069
-3.8153
1.83846
0.488896
-0.153264
-0.157001
1.57189
1.38168
0.010989
1.45971
2.674
0.455459
1.52125
-1.85641
-0.0813135
2.29263
-3.70248
0.369863
-0.198964
1.53338
-1.33117
1.54827
1.44056
1.65165
-2.95241
-0.102555
-0.378154
-0.00547626
-0.013682
-11.1305
-5.74163
-0.0682612
0.00243767
-4.75137
-0.195392
-0.469534
-0.486444
1.74534
1.94252
1.83553
-0.0447433
0.59366
-0.182257
0.602078
-0.0429068
-0.18125
2.76352
0.0157357
-0.122169
0.116699
-4.34236
2.07285
-0.119239
-0.732591
-3.2735
0.0688801
0.464789
-1.54074
-4.87663
0.751412
0.0288017
0.911041
1.58912
-5.77999
-5.31819
0.0983063
1.32619
-0.752584
0.00564796
-0.0884586
0.00269994
0.883007
0.359004
-0.139186
3.17421
2.1971
-0.184572
-0.0360925
-3.87301
2.49722
1.01019
0.194141
2.89265
0.00228462
1.13335
0.734221
2.65965
0.184542
-4.58064
1.09441
-3.91699
0.00311892
-0.87405
0.143692
-5.53324
2.67137
0.140426
-0.0978493
-0.0172287
-0.561295
0.748513
2.97776
-0.0962672
-0.13736
-0.699705
1.25489
-0.348706
0.198565
0.559389
1.21684
-0.45157
-0.254075
-5.79364
0.108306
0.42216
1.02631
-0.34457
2.5865
-0.136778
-0.173505
1.60032
0.0189983
0.00256164
0.0304569
-0.431939
0.961546
-0.000827172
0.562889
-1.87166
-0.109596
0.906712
-6.05537
-0.17499
0.0908026
-0.110391
-0.106556
0.875247
-0.00756692
-0.0178181
-0.000473994
-0.21259
-0.166351
-0.460175
-3.60289
-0.0592661
0.197775
0.2874
-0.0891988
0.294208
-0.965018
-6.32971
-0.116307
1.58476
-0.534874
-0.1355
0.0580623
-0.425315
2.17169
-0.111561
-0.0912573
0.108884
3.16298
2.88215
-0.425406
-0.183195
-3.08123
0.00300237
1.40917
1.57195
1.3734
-0.0708727
0.00284272
0.0349256
2.44163
0.150137
0.257902
0.403763
-4.01103
0.194033
-0.0291518
1.42274
2.3356
-0.829397
-2.06323
-0.177645
1.33891
2.05774
-0.370805
0.385122
-0.899014
2.90454
0.00494907
-0.267138
0.822664
0.0153257
0.00372703
0.00499196
1.53094
0.00633331
0.00448026
-0.454807
-3.05433
-0.156692
-0.00287949
2.27459
0.929199
1.66161
0.0784449
-2.17587
3.08899
-0.140322
0.0521288
0.839234
-0.538404
1.03314
1.42628
1.54668
-0.00418864
-6.57886
-1.01227
1.53725
-0.675489
0.012823
-0.613144
1.46089
0.458245
0.0177972
-0.156776
0.54836
-0.344185
0.0110496
0.0498223
-0.074953
-0.574489
-0.119301
1.25086
2.4507
-1.23725
1.90447
0.973508
-1.6366
0.0085472
-7.52076
1.2498
-2.18981
0.112598
0.0890559
-0.0423646
-0.118162
0.158519
3.1333
-3.55723e-05
1.67651
1.17584
-0.170415
-0.0063763
-0.14446
-0.338414
0.16305
-1.58435
-0.183718
0.728625
-0.0803279
-0.457621
1.88676
0.469279
0.347233
0.181174
-3.60206
0.0830307
0.404575
0.123017
0.947188
0.0920362
-1.55508
2.08907
1.71678
-0.452429
0.906294
0.00557882
0.888915
1.52161
1.66442
-1.05814
-2.09255
-2.99963
0.00827629
1.54679
-1.68762
2.0218
0.0134963
0.601479
-6.19015
-3.13655
1.54908
-0.519744
1.5559
0.471098
0.194367
0.0745608
-0.120463
-2.78634
0.815694
-0.0455882
1.5423
0.387811
1.98576
2.10254
-0.190967
1.89423
0.12583
0.00550955
0.780737
2.03921
0.0990897
-0.626529
1.59781
0.544818
0.118661
1.9722
1.25523
1.8979
-0.18371
-0.26205
0.0763224
-4.14792
0.393139
0.330743
1.15614
-6.63793
1.74078
0.000887928
-0.786363
0.966984
1.64316
0.309221
1.46433
0.0232137
-4.26975
-0.656436
-0.143606
-3.2887
1.04389
1.06726
-6.04658
-0.639006
0.26771
-0.00189569
0.536505
2.00894
2.31584
0.438933
0.433184
0.178793
0.323094
1.1025
0.00521844
1.61316
-1.61938
-0.125288
-1.02577
-0.873432
0.651768
1.68091
1.65689
0.826238
-0.0522878
0.00785616
1.53507
1.53832
1.44189
-0.591681
1.93078
1.06086
1.57991
0.795782
0.097162
0.11888
1.29001
1.29331
-10.3201
1.61125
-0.331256
0.383417
1.38129
-0.625442
-7.28423
2.47893
2.07759
0.10814
1.15374
0.670078
1.14619
0.0973535
0.067973
-0.177123
-0.234483
-0.740362
-2.7597
-0.282301
-1.00685
-0.317506
1.53449
2.32715
0.117686
1.5615
0.167082
3.32484
-1.56823
1.73055
0.105202
-3.12957
-5.57206
3.35256
0.23168
-0.193477
3.32261
0.207361
-3.91016
1.34475
3.28104
0.243423
3.21991
1.0268
0.108329
-5.41697
3.09737
-0.253393
-0.155912
-3.32631
0.434664
-0.0449074
1.63914
2.91362
0.000593821
0.400709
1.78914
0.524583
1.44529
1.40882
-0.979596
-4.44919
-3.30528
2.85139
0.431541
-4.65158
0.243856
0.114371
2.79598
0.792932
0.142454
-4.89595
2.73721
-3.33208
-5.09781
2.6797
1.79105
-5.26953
-2.25423
-5.60366
0.874213
1.88863
-5.53394
2.58761
1.55399
0.1465
-5.572
1.929
0.569156
0.310157
-1.11504
-5.2744
1.51636
1.54312
-3.20203
1.49811
0.349077
-1.35494
-3.86909
2.42585
0.435745
1.42536
-1.946
-5.78793
-5.81679
-5.7904
-5.73658
-5.65019
-5.50809
-0.68214
-5.34358
-4.81667
2.12268
2.37493
0.518398
1.10081
0.283275
1.26173
-4.68931
2.33418
0.00275657
-4.57045
1.82435
-4.28778
-4.45558
-0.0145425
2.22523
1.46772
1.07848
0.756221
1.56255
-2.37936
-4.36384
2.18359
-4.2955
0.090638
-0.479933
-4.13272
1.5262
2.13329
-0.183167
1.83838
0.0072257
1.34954
-4.24338
-0.738085
0.0247361
2.08359
-0.837525
-3.14351
2.03395
-1.18612
-1.28988
-0.935392
-4.14115
1.98943
1.3773
0.44936
1.56335
0.417736
-0.0750457
-0.0502322
-4.13239
-4.9727
1.9338
0.526165
0.00455677
1.63093
0.561121
-9.34081
-0.937044
-4.13416
1.88885
-5.85482
1.42244
-0.423581
0.0225466
-4.14364
1.83626
0.990883
-5.61727
1.77809
-4.15476
-0.200274
-0.620504
-3.1365
-1.52683
1.73536
-4.15757
1.66429
-4.16382
-3.79492
1.15809
0.00280982
1.05243
-0.0377308
1.608
-4.13422
0.247258
2.55447
1.63473
-4.15167
-10.5797
1.55946
-2.78805
-4.4929
1.47181
-4.09874
1.54614
1.51083
-0.0483759
0.366501
-1.37754
1.55421
1.22229
0.0965762
-0.873405
-4.02313
-3.14145
1.44508
0.388699
-2.64768
0.0532911
-4.24422
-2.2579
-0.891975
0.907542
1.39181
2.22184
1.32238
2.386
1.56306
-3.78597
0.383174
0.426806
-6.04427
0.938111
-0.0324024
0.0412928
1.05105
1.3759
-0.234107
-3.61587
-5.74338
1.27572
-3.34048
-0.320272
1.72021
1.51576
0.332852
2.68296
-10.7521
0.614279
0.313369
-3.4316
0.418157
-2.11226
1.20433
1.86971
1.67748
1.19043
-3.25266
1.13329
1.0508
0.994889
0.909164
0.83981
0.744974
-3.00075
1.07506
0.665321
1.62068
0.489203
-5.30093
2.34353
-3.11356
-0.655094
-6.25581
1.29867
-3.06606
2.00817
-3.03906
0.410091
-3.0263
-6.33805
-3.04888
1.53737
-0.90267
-0.953768
-3.07678
-4.10479
-6.90394
1.595
-3.58771
-3.12628
1.63052
1.6184
-1.15513
-10.861
1.73775
0.320597
-7.68948
0.27658
0.790525
1.64542
-2.4007
0.164489
-8.12983
1.78291
-4.25602
-1.87388
-5.9588
1.02107
1.51468
0.323906
-4.17789
0.857682
1.80599
0.86937
-4.4201
1.48168
0.539782
1.04187
-0.500091
1.52273
-1.88703
-0.00045071
0.00190455
0.888508
-2.48974
2.20744
0.568933
-0.675649
0.538739
-3.14774
1.98933
1.64963
1.5293
1.64471
0.275855
0.199358
-0.498179
-1.62774
-0.00521177
-0.594723
0.206101
1.29874
-2.91508
-0.0131814
2.89617
0.00157485
0.993944
1.03805
-6.93042
-0.0513993
0.737498
0.093599
0.881583
1.13419
1.5361
1.58764
1.46343
0.235473
1.82479
-3.14544
-0.00490385
-0.37343
-2.12147
-0.441556
-0.824168
1.613
-6.50259
1.44129
-1.14202
-5.41307
0.345048
-2.34059
-0.518864
-2.07763
0.309104
1.70368
0.118882
-0.762122
-0.0138893
0.650881
0.121789
-5.29698
-0.00672227
1.22387
0.287419
-3.4044
1.30335
0.369733
1.31273
-3.9819
0.161046
-0.0396276
0.0142181
0.436851
-5.8105
0.416836
0.00713562
0.0318659
1.08915
2.25323
0.605322
-3.1298
1.5472
-0.938738
1.34503
-0.0707527
0.0172405
0.990637
-4.10108
0.0112817
-1.04646
-7.26345
-4.14838
1.52042
-0.287793
1.65019
-0.128685
-0.000537496
2.40055
2.19685
-4.48164
0.720224
-4.49483
-1.41702
1.75909
-1.77813
0.400236
-2.51211
-0.217278
-2.23539
-0.33848
0.454878
0.329424
0.00500603
-0.537182
1.53766
-6.79883
-3.4636
0.616854
0.05542
2.19842
0.165267
0.816541
2.41949
2.46975
-0.00469416
2.21184
1.32736
1.53478
0.419689
1.98206
1.66431
0.761849
-2.02189
0.0523274
1.33841
1.32431
0.00314734
0.00011062
-4.35294
3.01206
1.39585
0.0750802
1.49577
1.11348
-0.242858
1.34595
0.50501
2.08925
-0.530535
-1.35167
0.182191
2.60394
-0.591612
1.75726
3.23091
1.48552
1.20771
0.166851
0.421446
0.00400123
1.68843
2.8051
-3.14198
-0.189045
2.66786
0.0708332
0.456834
2.97247
-0.140964
-7.55249
0.450999
-0.0764512
-3.21694
0.54235
0.0270261
-0.63711
0.0943459
0.427655
-10.1436
0.425175
2.80139
1.85981
0.359065
0.788336
1.54753
-0.310914
1.20768
-2.1534
3.22696
-0.920999
-2.2857
-0.583262
2.31074
1.3394
1.45292
0.38564
-6.5238
-0.995958
-0.974723
-0.306401
-0.44936
1.06459
-0.133819
0.072157
-3.29303
1.27297
0.420968
1.47762
-0.06015
-0.202872
0.211291
2.66063
1.45255
-1.79062
0.983945
-3.73573
1.83118
-1.90572
1.64809
2.65168
-1.58664
0.101853
-3.71016
0.175916
1.53786
-1.96605
0.796836
-2.21321
1.47631
-4.32078
-0.0505799
2.04253
-0.0558925
-1.72842
-9.94619
1.45735
1.87393
-1.48153
3.11691
1.34964
0.475368
1.36489
-0.0649968
1.41291
-2.78229
-2.43336
-2.35118
-9.96002
1.74436
0.463313
0.480802
-4.05247
2.62334
0.593679
-0.803685
-0.0253615
0.0801761
-2.21987
1.23238
0.888151
0.638693
-2.66589
-0.243381
-0.566653
1.10818
-0.703263
1.10605
0.0175862
0.304499
0.422088
1.06805
0.763257
1.20108
-4.25874
-0.00323983
0.286658
1.53917
1.77393
0.274846
-5.867
-1.59466
-1.04855
0.902665
3.09271
1.70482
-1.92029
0.703895
-8.17686
1.54318
-1.82715
1.21061
2.2196
-1.53713
0.569495
-0.674212
1.54191
-0.218664
0.0928354
-5.00111
-3.95917
-9.23004
-8.70002
-0.823316
1.49259
0.800747
0.327417
1.31982
-5.78676
1.70418
-0.683016
1.54151
0.134678
-0.00579525
1.38589
-3.24518
1.18287
-5.60288
-5.71041
2.49486
-5.3944
0.292139
-2.40686
-0.393874
0.73912
2.03294
-1.25237
3.12508
2.71719
-4.36271
2.26158
0.495361
1.59262
2.96224
-1.62462
-0.0162893
1.11413
1.16759
0.364407
-4.53607
-3.0842
-0.310467
-1.43324
-0.739672
-0.261514
1.46546
-3.53046
0.266987
1.13494
1.92726
-2.70543
1.92374
-1.82901
-2.54578
0.117156
1.12178
1.52553
0.450115
1.75876
0.737209
3.34871
1.10442
-3.13998
3.34369
2.12498
2.35272
1.93811
3.31228
2.38025
0.536835
0.858574
3.25229
0.907667
0.149831
-3.71485
1.50537
-3.97755
1.0892
1.34517
-1.2733
2.26549
1.49536
-3.54396
-0.362053
-0.0959203
2.12874
2.03983
-0.249947
-1.12444
-4.57828
-3.46618
1.75643
-1.55208
0.224777
-3.17189
3.12289
2.31555
0.249594
1.02965
-4.18386
-5.05804
1.80407
-0.549043
2.88237
1.30264
-4.30235
0.372997
-4.55629
1.32251
-0.92009
-2.48282
-1.95758
2.83374
-4.56455
-3.32146
-1.17341
-0.00160914
2.82468
-0.566954
-3.67746
-3.37744
0.635179
-4.41303
2.36673
0.532858
0.567485
-7.35664
-0.0145387
0.473371
-4.78613
2.76644
-1.22354
0.56795
1.53708
0.701316
-3.15071
-4.06948
1.31765
-5.00516
-0.316671
2.52119
2.70949
1.99823
-0.648085
2.63321
2.22188
1.30693
1.00097
-5.1943
1.57986
1.27311
1.46901
1.45573
2.15958
1.77082
-1.57254
-2.52275
1.2839
-5.40548
1.42425
-2.97798
-1.31435
-4.46308
1.93702
-0.774563
0.49729
-0.91063
1.74692
-2.29843
-5.55592
-1.14085
1.52399
-2.86574
-4.22
-0.158484
1.34634
0.410014
-4.49565
-0.29343
-9.92851
0.138966
0.509861
-0.00756681
0.0635336
0.0389782
-4.06233
1.11589
1.46791
-4.07935
-0.277353
-0.557235
-4.4549
0.956554
1.14375
-1.67868
1.04248
0.787681
0.425061
1.52296
1.31447
2.40284
1.64154
2.30073
-11.1243
-5.81051
0.683174
-5.81114
-5.7718
-5.70286
0.966878
-5.58099
-5.4314
0.28523
0.31079
-4.77937
0.206761
0.475178
-0.951839
2.35542
1.49105
3.18008
-4.63973
-10.4883
-3.09975
2.84373
-0.307708
0.783644
-3.55482
0.946862
-4.51738
-0.95143
-3.17548
0.402763
-5.32896
-4.41823
1.23467
-1.3752
1.23845
-0.626785
0.550112
-1.84934
2.20762
0.37388
2.59151
0.292836
-4.32958
1.6097
-0.575894
0.582135
-0.254346
-1.3621
-3.86915
-0.409357
2.15861
1.27148
-4.92394
2.1526
2.16752
-3.91226
-0.0428024
-4.26946
0.398503
1.13601
-0.645995
-0.672467
2.10886
0.39812
0.376537
0.519807
-4.1425
-3.4314
2.52533
-7.79056
1.35846
-0.054283
1.40888
0.0717042
1.75464
2.05857
-11.3799
0.173757
1.32259
-2.36976
1.22198
1.79152
0.216936
2.01244
-2.88513
-5.42261
0.469628
2.02757
-0.0490655
1.89184
-1.03861
1.69128
1.30576
0.990304
0.290172
-4.13493
1.96042
2.04276
1.60896
-1.1
-3.17549
-0.16345
-10.329
-1.1017
2.62015
-5.25558
0.896481
-4.13163
1.91476
-3.13992
-2.91712
-0.0478115
0.556173
1.59238
0.13437
-1.17423
3.01092
1.42108
-4.1374
1.86344
1.24551
1.30029
-0.0908218
-1.37236
-11.0389
0.899501
0.315951
1.47984
1.808
-4.14949
-2.6825
1.381
0.0289697
-2.68598
1.28489
0.740009
0.147538
0.803686
-2.83672
0.894341
1.75916
-4.16337
0.665099
1.82168
1.39461
-1.01135
1.69937
-4.1618
1.45214
-0.164424
-5.63486
0.385079
2.1824
-0.746401
1.42993
-4.10493
1.63575
-4.16405
-0.413304
0.849998
2.26187
-1.5296
1.29914
0.478476
-3.13877
1.22241
-4.13263
1.58444
1.97341
1.63497
-0.629011
2.37531
-0.488254
1.58104
-0.341905
-4.13902
-2.01818
1.53654
-2.18474
0.928213
1.17056
-4.07057
1.5468
1.47592
0.225239
1.54179
0.314915
-3.23044
2.55508
-3.2001
-2.65777
-4.2708
1.41749
-4.04535
0.229564
1.40823
1.17179
0.0437893
0.689658
-2.45822
0.792219
-3.24404
-0.290272
0.983026
2.67937
-4.28785
1.53525
2.94429
0.884193
0.848864
-3.70902
1.66608
-3.07938
0.583435
-0.907759
0.170989
2.14673
-2.09267
-3.52938
1.24115
1.13602
0.800447
0.533273
-1.29783
0.175849
0.882981
0.437317
1.54129
1.19175
-2.60098
0.368356
-3.33586
-4.83303
1.5417
-6.41898
1.16918
1.40494
-0.257428
-0.0495816
2.43301
0.252132
0.026703
1.16042
1.09261
0.934113
1.02583
-10.9772
0.952734
0.876021
-0.494048
1.91294
-3.17202
0.625134
0.791396
2.05674
0.703689
0.289717
0.172657
2.10173
2.08829
-2.02553
1.12352
0.862186
-3.05721
0.840133
1.1072
0.579666
-3.01384
3.07902
2.32062
-6.59507
1.05699
0.334906
-0.0114491
-3.03233
0.695089
0.172644
2.07014
-1.92922
-3.06245
2.20467
-4.85225
-1.21261
-0.549835
1.53693
0.586843
1.78986
-2.62881
0.198396
2.63803
2.80136
1.22903
0.0656575
-6.26012
3.30071
-0.065936
2.19134
1.44536
-0.265947
0.124111
-0.959448
-0.160884
2.16782
-1.24629
-6.16086
0.770281
-0.435046
-3.61781
-5.05497
2.29403
-2.60192
-4.18339
-0.996979
-0.138433
0.666532
-0.233025
0.172527
0.524644
0.101894
0.0350841
-0.042037
2.65977
1.54339
1.82807
1.80491
0.664851
-2.02287
2.608
-2.76121
0.313574
-0.658018
1.15312
-4.42426
0.367051
2.22055
-0.466644
-1.61463
0.30529
1.56659
0.94635
-4.16877
-4.11825
1.53849
1.55718
2.6127
1.39439
1.73099
1.84046
1.78835
-0.548643
1.8747
-1.25853
0.547634
-3.20089
-2.28657
-8.46065
0.132778
-0.94218
1.53385
0.580708
-0.241087
-3.18196
-1.55093
0.746238
-3.66748
0.13143
-4.93453
1.55877
2.48256
-5.93421
-0.0139705
-1.60275
-5.10657
-1.81071
-8.28878
0.503364
1.51927
-0.280238
-3.42518
-4.71852
-10.2372
1.65717
-2.13072
-4.37991
-3.77291
-7.41185
0.520135
-9.19747
0.373337
0.513914
2.76251
-0.687298
-0.504749
2.05565
-0.000772759
-0.359819
-2.64202
0.285051
-5.23178
-3.135
-5.83499
0.0040691
0.22006
0.867766
-0.764829
-1.79234
-0.429298
-3.83669
-0.268494
-0.983418
-0.215257
-4.17727
2.32276
-0.155764
1.80036
3.18771
2.37892
2.90412
-5.87236
2.11384
0.141241
0.16422
-1.62967
-0.690688
0.294272
-0.458124
0.0286404
-0.00277244
0.91807
-9.34985
1.08924
-2.32247
-5.35319
0.0378496
-2.74937
1.80222
0.47757
-3.08941
0.914813
-3.94654
-1.62971
-3.11374
0.706392
-1.26317
-3.091
-5.56837
-4.58512
1.32825
-0.0725083
-2.92163
-9.82077
1.24083
-0.750992
-0.273698
0.418334
-3.76123
-1.64191
-2.12321
-3.35929
-0.074417
-4.40815
-5.07384
-3.91845
-4.81302
0.408218
0.195557
1.34461
-0.626007
-0.519392
0.72038
-11.2299
-5.68258
0.55578
3.14227
-0.42453
0.411129
-0.973393
-0.7677
-2.6212
1.38911
-5.27185
-3.43923
1.55658
-1.0295
-4.07237
1.83888
-3.76564
-2.34512
2.0891
1.26097
0.111796
-0.572967
-2.04977
-7.87008
-4.35337
1.41672
2.08404
-4.38159
-1.34398
0.191567
-3.46945
-0.234655
1.0238
-0.00720087
2.0648
2.27385
-4.86101
1.11539
-4.2542
-2.05105
-2.01945
-1.67144
1.10285
0.299841
2.9274
-3.20875
-3.39557
2.76472
-3.20478
-3.42286
-8.70171
-1.80911
1.10007
1.07508
-4.35947
-1.50737
0.64634
2.49782
-0.093484
2.45361
-0.915053
-3.31082
-0.223645
-3.04869
-6.0183
-1.0142
-0.308342
-2.61447
-0.793475
1.88147
0.428548
-0.818106
1.00808
3.19181
-3.14163
-4.15036
-3.98494
-1.76597
3.12801
-3.87665
0.502216
0.138409
-0.986547
-1.6145
-3.06813
0.201046
0.0219973
-0.185531
0.235757
-0.0825675
-3.37843
2.58209
-4.45
-2.44203
2.63438
1.27248
2.08965
-2.4968
1.38909
-0.933955
-0.91699
1.09144
1.20188
2.28131
0.288221
-0.150535
0.460776
0.263297
-3.03865
-3.43116
0.0326829
-6.96481
-3.14666
0.836223
-0.100201
-0.0319269
0.450108
-1.18239
2.59941
1.49552
1.58812
0.0111867
-2.52799
1.11991
-2.14175
-5.14579
1.43075
-0.0399478
-2.1361
-0.00638424
2.28617
-3.68524
2.21632
-0.0768808
1.97791
-2.00298
2.25152
0.544569
0.601511
-3.61248
-2.95202
1.29343
0.527828
-0.513526
0.0882306
-3.14746
0.416654
-1.46465
2.54229
-6.26348
0.10937
-2.17497
0.444319
2.01242
-1.69899
-4.28702
0.871056
2.47586
-6.46366
-4.39147
0.0277226
0.443538
-3.2285
-1.27199
1.43583
-8.85885
0.531047
1.29476
2.35704
1.09661
2.06803
2.03619
-0.753669
-0.0225352
-2.61762
2.54445
3.07468
-6.98148
0.407445
-1.03887
-2.219
-3.65313
-0.174088
2.63657
-1.7971
1.34549
-0.11517
0.278468
2.10439
1.30315
-0.773903
-1.0228
1.32028
2.28143
0.213658
0.333265
0.423409
1.73522
0.563124
-3.15657
-6.145
-1.37575
-3.14981
1.71423
-5.6979
-2.34962
-9.63861
-3.40895
1.48717
-10.3099
-1.36851
-0.190961
0.716632
2.54248
-1.09719
-1.30525
0.154729
-1.66841
1.50408
3.15466
0.0355619
-2.7734
-4.15587
-0.623719
0.725626
-0.278855
-0.251096
3.05953
-0.360303
2.38511
-4.80079
0.00425036
0.295119
-4.84337
-3.0386
-0.783197
-2.44545
1.05229
-0.0581436
-0.760192
-3.13707
0.559617
-0.345617
-11.4972
-3.68848
0.466347
1.03708
2.28962
-3.75345
0.0598687
0.748753
0.543313
-0.14971
-4.56622
2.25043
-5.04515
1.53773
1.98668
1.41281
-6.26853
0.632011
1.34878
-0.965428
-2.84617
-2.42196
0.964346
2.3797
2.30805
1.79243
1.81516
-3.65313
-4.48968
0.605323
0.164509
-4.07036
2.77743
1.43381
0.726624
1.27497
0.484032
-3.2778
-5.38831
1.8865
0.0561499
1.19164
-0.202543
2.10543
1.54286
-1.66553
2.41108
-1.43958
-1.5053
-4.42439
-0.0287251
-4.14067
-1.73143
-1.8662
-5.64347
1.08897
-5.92665
-0.0165554
-2.53025
0.456228
-4.43303
-0.00350406
0.273896
2.55651
-11.7078
-0.406993
-4.29305
0.448541
2.19997
0.53421
-4.43435
-2.31362
-3.99432
0.741631
-9.48347
0.0196776
-1.96602
-0.198711
-0.335329
1.31213
3.29338
3.1564
0.134377
0.264317
-3.14402
2.56819
1.7438
1.61954
1.99012
-0.784295
2.60754
0.073977
-9.31076
0.459441
-1.41802
1.94222
-1.26095
-2.38639
0.782314
1.14562
-2.06189
0.905109
2.04211
0.911134
2.01229
0.069829
1.45886
1.21934
0.383706
-2.833
2.5553
-0.804495
0.684871
-3.50596
-11.5392
0.00615995
0.428741
-1.39094
1.622
2.07303
0.852868
-3.04926
2.0064
0.603805
-2.53898
0.855215
0.943553
-4.09388
0.611324
2.16556
-0.160647
-3.99035
0.371384
-4.36278
-0.481955
-1.43089
-1.94612
0.634529
1.2405
2.60956
3.00367
-0.707754
-0.617721
0.870926
-1.22872
-2.1733
2.13407
-2.39516
-3.10472
0.648884
-3.9472
-2.36507
-1.666
0.876102
-4.66453
0.409127
2.18915
0.416365
-1.84319
-0.964324
2.47059
0.10994
-1.9709
-1.33823
1.38141
-6.92657
1.30488
-11.0899
2.19174
1.33868
1.27613
-1.784
-0.652186
2.54241
0.599406
-0.328655
-1.9708
-5.29467
-2.16608
1.42049
1.03724
0.554732
-1.8961
-0.465866
1.11952
-11.5942
0.085242
0.0989726
1.42979
2.82072
-0.376744
-0.0749675
-0.449908
-0.0139636
-1.05172
0.991095
0.896089
-6.10137
-1.91266
0.587629
1.99774
-4.47475
0.040912
1.26345
2.04575
2.19268
-2.5632
-3.92749
1.00774
1.22357
-0.392659
-3.72805
-0.326341
-4.88146
1.09721
-5.78162
0.855557
-3.05328
-0.113095
-3.89906
0.324888
-8.14799
-1.33163
-1.92249
2.2735
2.10581
1.31445
-2.65317
2.40429
1.41293
-0.547291
-0.213794
-1.38545
-0.24426
-1.92421
-5.22417
-2.88283
0.907188
-4.07782
0.487487
0.0121808
-5.85007
2.59495
1.08005
2.10812
2.08626
-0.84148
-3.14508
-0.864518
2.92409
-0.373486
0.529252
1.43273
0.00579587
1.83277
0.854844
0.290717
1.34345
-0.324438
2.01161
2.19436
0.973461
1.57831
-0.326806
1.21704
0.117865
-4.45106
1.49966
2.49883
0.128477
-0.665399
-4.8186
2.55278
-7.37606
-3.24991
-4.98098
-0.222083
0.00872301
2.95838
-0.130192
-0.0169593
1.80862
-0.394195
-0.13703
-1.73574
1.53428
1.18314
0.95323
-0.877534
1.81285
-0.0405431
2.84642
2.78924
-1.7707
1.49643
-1.31998
0.45569
-2.09862
1.59811
-5.83697
2.08473
-3.55497
1.7024
0.0664798
0.926718
2.14044
-9.18957
-0.00070993
-0.916359
-5.77382
-0.541724
-4.27939
-1.72752
-1.83311
-0.779799
2.20922
-11.7674
2.51434
-0.267434
-6.31575
-0.350299
-5.87082
-2.13447
-6.91386
-2.13302
-1.39996
-9.61404
2.23778
-3.3709
2.21929
-0.0599941
-3.56722
-3.80016
-1.73404
0.783867
0.0716739
2.48651
0.00461364
-0.812354
0.050717
-3.5378
1.44944
-1.79346
1.12718
-0.0209301
-3.14741
0.155767
-11.0884
0.416455
-0.531737
-0.0418251
2.03188
2.05804
-0.708519
-0.423999
1.39614
1.42627
2.50175
2.9717
0.801562
-0.515089
1.54198
0.453986
-0.688458
-0.149805
2.43148
-3.68281
0.905999
-5.69906
0.151117
-0.153274
-4.13524
-0.0386432
0.440808
0.187477
3.02768
-0.019651
1.54213
1.52132
-3.54574
0.446803
-2.71002
1.43115
-3.29933
-1.89909
0.138004
-1.32405
1.29731
0.0671242
2.66855
-2.32467
2.15738
-4.23026
2.87853
1.69744
1.54044
-4.69315
-5.58028
-0.278658
-0.336408
-1.61534
1.89849
1.947
1.35856
-0.340511
2.89363
0.823645
1.55012
-4.03553
-3.14718
-0.737005
-0.355266
1.59296
-10.4708
-1.8525
-5.02642
-0.146137
2.31368
1.02357
-3.15076
0.655158
-0.303752
-1.11987
0.415914
-0.0102743
1.15812
-4.84934
0.00634367
-6.39922
-0.250012
-4.31258
-4.95265
-4.09361
-3.5955
-0.349486
1.47965
-0.236482
0.926946
-2.21024
1.82949
-2.21544
-0.730829
0.647003
-0.40185
-3.02688
2.41581
1.54033
0.541993
0.1371
2.009
-3.91517
-4.32762
-1.99403
-0.0495534
-6.74907
0.755096
1.25343
-0.263132
0.545506
2.35008
-1.41365
-1.28335
0.697695
0.162215
-5.82564
1.91673
-3.14883
2.25985
1.11572
1.83947
-7.58671
-6.04981
-2.49834
-0.17766
2.17813
-11.2036
1.52765
0.633372
-10.7102
0.404648
-1.71112
2.73247
0.812505
0.130241
0.515251
-0.0932861
-2.0933
2.05533
-3.35565
1.41835
1.78699
3.04359
1.75336
-2.71463
-4.14772
-5.75838
-0.0187656
2.15241
-1.20444
0.0329157
-1.6857
-3.72642
2.14775
0.508021
-4.21826
-0.0500654
2.01946
2.84989
0.0288565
-0.013721
2.0463
1.73591
1.26944
2.1323
-1.55998
-4.61671
1.501
-5.08831
0.0516949
-0.200138
-4.854
2.13387
1.23765
-0.22044
-3.47814
1.943
-4.14314
-2.04406
-0.212691
0.80812
1.55086
2.18174
-1.62375
-0.0854897
-4.54388
3.00443
3.16165
1.5819
1.65455
0.00398322
-4.36754
2.86637
0.403035
-6.24423
-0.217056
0.0117299
-4.15285
-5.52635
-4.29896
0.967885
-0.681625
-2.59118
1.80942
1.62583
-4.99467
-4.3403
-2.32481
0.912529
0.75102
2.13345
-1.76843
-0.0125974
-0.069507
0.594684
-3.11449
-0.577076
1.89204
1.55439
-0.000328185
2.10683
1.86242
1.19814
0.591219
0.449844
-6.04977
1.4143
0.599837
-11.4088
-0.01357
-5.8731
1.95449
-5.41443
0.591915
1.08798
1.43636
-5.95227
1.68787
3.28089
-3.04185
0.983131
0.231549
-3.99334
2.72216
-0.212426
0.649152
-3.05441
-0.0146636
-1.81386
0.405429
0.174628
1.16656
0.455614
-1.99949
-0.380122
-4.16096
2.13968
0.832671
-3.15369
1.7777
1.2535
2.6432
3.18988
-0.0159462
1.1277
-11.5826
0.780975
-0.146829
0.738951
2.50305
2.10946
-1.39022
-0.0405522
1.17701
-5.66776
-2.25781
-0.0132815
-0.436178
-2.25563
3.11731
-6.04146
-0.915334
2.05898
0.607749
1.17848
-2.09521
-2.43353
-0.839742
1.85981
-0.444526
0.0204014
0.156479
-3.14868
-4.12233
-5.65864
1.60508
0.723105
1.473
-1.1564
1.1078
-2.64137
1.5112
-5.11738
1.40708
1.53247
2.27984
-4.02935
-3.14116
0.843618
-0.0852887
-4.1702
-0.496719
0.303144
-1.57419
2.59713
-4.39396
-3.78384
0.743481
-4.4436
-1.28599
-5.60096
0.194176
1.34814
0.827729
-2.08134
0.529255
0.642717
1.5375
0.218968
-0.0175273
-0.150959
2.84772
-2.55056
0.557242
0.162768
-3.14451
0.427933
-5.15073
1.44139
1.75847
-0.868181
-4.06034
-11.775
-1.34945
-1.80001
0.787463
-1.76725
-2.59605
0.754
0.43442
-5.81519
-0.940971
2.3339
3.0185
-0.35397
1.93403
2.9871
0.680214
-2.57027
-6.14568
-1.43954
-11.1729
-1.19459
-2.18206
-10.8991
0.991306
-2.34305
0.515406
0.0412281
1.63594
0.189157
1.69942
-3.98767
-0.302779
0.173097
2.70807
1.09538
-3.12688
0.771881
-5.20039
-2.08522
2.06954
1.08796
-2.23509
1.28132
-1.47523
-2.16352
1.60286
-3.39131
-5.69453
-2.38193
1.06063
1.83201
2.96026
0.798666
1.40879
-3.57987
1.15904
-1.58886
-3.18036
0.748881
-2.14389
0.125079
1.78976
1.44159
0.183895
2.1008
-5.08945
1.44443
0.714232
1.19326
0.0409865
1.53326
1.51568
-2.12044
1.82606
-8.7645
-1.90862
0.213527
2.68642
-2.18252
0.707214
0.305205
0.125377
2.57738
0.266519
2.9068
-5.06879
-1.30073
1.65175
0.285425
0.0496088
0.21212
0.250237
-1.27747
1.15442
1.03141
2.69322
1.18759
1.07371
)
;

boundaryField
{
    SideWalls
    {
        type            empty;
    }
    Top
    {
        type            zeroGradient;
    }
    Inlet
    {
        type            zeroGradient;
    }
    Bottom
    {
        type            zeroGradient;
    }
    Outlet
    {
        type            fixedValue;
        value           uniform 0;
    }
    Plate
    {
        type            zeroGradient;
    }
}


// ************************************************************************* //
