/*--------------------------------*- C++ -*----------------------------------*\
| =========                 |                                                 |
| \\      /  F ield         | OpenFOAM: The Open Source CFD Toolbox           |
|  \\    /   O peration     | Version:  2306                                  |
|   \\  /    A nd           | Website:  www.openfoam.com                      |
|    \\/     M anipulation  |                                                 |
\*---------------------------------------------------------------------------*/
FoamFile
{
    version     2.0;
    format      ascii;
    arch        "LSB;label=32;scalar=64";
    class       volScalarField;
    location    "3.7";
    object      p;
}
// * * * * * * * * * * * * * * * * * * * * * * * * * * * * * * * * * * * * * //

dimensions      [0 2 -2 0 0 0 0];

internalField   nonuniform List<scalar> 
5098
(
-0.765146
0.443357
0.253711
1.94594
-0.515694
2.17083
-0.00964509
-0.716439
0.240719
0.203229
-0.269402
0.775385
0.375422
2.44115
-0.310542
0.0283581
-0.225296
-0.416753
-5.34737
-0.230013
1.32854
0.0212601
0.926357
2.97419
-0.889352
2.09938
1.29817
1.41505
-5.23393
0.650812
0.617015
2.61508
1.5711
-0.157855
-0.399409
-3.03448
1.5718
1.49945
2.34959
1.09955
1.90879
-2.75772
2.07253
0.0629492
-0.251859
0.508112
-0.23505
2.65387
0.62707
1.98301
0.173647
1.75751
-5.33134
1.40444
2.17322
2.05909
1.48696
1.82636
2.62127
-0.11721
-0.086161
-0.257451
-0.43699
0.401774
-5.51358
2.46798
0.0583867
0.0985189
1.22423
1.7367
1.44819
-0.193983
1.24639
0.0279137
-0.0351535
1.98534
0.0400134
2.09999
0.223632
1.99397
-0.144118
-3.98089
1.91484
-0.183226
-0.454157
0.591105
3.20595
0.0250548
-0.823858
-0.0239687
0.870425
-6.82321
0.789376
1.94718
2.36137
-0.15982
1.71428
2.15069
-0.0309092
1.25662
-0.630771
2.11142
-0.0202708
0.128786
2.11408
-0.527978
1.35674
0.037479
2.69414
-0.267402
1.84322
-5.17517
1.5074
-7.73521
1.26532
-5.54184
-3.09845
-1.58918
0.0579289
2.95152
1.72663
0.13768
0.253258
-5.0271
-7.16528
-0.228923
1.35708
0.966702
2.39424
-7.73453
-2.08982
2.55152
2.52083
-1.34009
-0.390041
-1.11951
-1.64702
1.32327
2.37514
1.39052
1.76038
-0.222564
1.33181
0.256789
0.481936
0.101739
1.27637
-0.402102
-0.809238
1.11212
-1.81337
-4.39684
-0.438091
1.52393
3.23705
2.89916
1.83052
-0.582306
1.9141
-5.05751
1.43448
-0.351761
-4.48367
1.75648
-0.497549
0.479795
-0.535382
0.583069
-0.921264
1.81943
-0.0815026
1.98634
0.285157
1.42561
0.521997
0.660763
1.87504
-2.66513
1.84516
3.23256
-2.99618
-2.56454
1.7201
-0.519589
1.72943
-1.04864
2.07035
1.53949
1.95977
-9.79859
-5.03211
0.23105
1.19737
-0.0448324
0.518296
-7.08046
-3.31346
-1.24809
0.027056
1.78583
-2.17218
1.76553
-0.248046
0.458711
1.38412
2.89634
-0.641053
2.40395
1.00903
1.18753
1.58569
1.7314
0.223422
0.50195
-0.606487
-5.24704
-0.0724106
-0.298202
-6.86834
0.731075
0.809552
2.0824
0.106516
0.796668
-7.26168
1.47697
3.16348
1.39388
1.32605
0.26876
1.42761
3.03134
-3.16393
0.0304504
0.361637
0.38834
0.983894
-6.65493
-1.62869
1.71363
-4.52779
0.233694
0.149757
2.73555
1.30758
0.851863
2.3971
-0.274343
-0.227304
0.783443
0.266259
1.36422
-5.72725
-4.19607
1.57407
-7.35346
-0.399587
0.170337
2.6143
-0.0246096
-1.02501
-6.14075
-1.15407
1.2623
0.0543063
-0.285526
-5.05214
-0.290372
-0.0223641
1.73857
-9.34579
-0.0861054
-5.03992
-0.0871268
2.58425
0.024123
-2.27853
-1.57802
0.694466
1.56576
-1.87057
-0.608609
-7.229
-0.684296
-0.165398
-0.145406
1.57245
0.123874
0.482215
0.796966
-5.07212
-6.26393
2.72217
-0.219645
1.32513
0.195374
-0.319409
0.567137
1.24146
1.54836
0.104425
-0.746491
2.04437
1.26109
-0.278476
1.56251
-1.91927
0.670262
1.68356
-0.238021
0.908758
-5.65524
2.12976
-0.0809663
0.334295
3.22211
-1.56661
0.0853768
1.03053
2.83212
0.185124
-5.95179
-1.37318
-6.05573
-0.000692772
2.3817
0.348062
1.33236
2.6663
0.0464159
1.71433
0.995875
2.37768
0.604006
1.69614
0.166573
0.615899
2.00961
1.19726
1.68544
1.29365
1.76764
0.296078
1.45634
-4.89198
-0.0116262
1.29899
-5.23825
-1.56408
0.728859
0.427898
2.78567
2.80627
-1.9701
-0.098552
-1.49239
-0.989432
0.541612
2.35598
-0.194538
1.4026
1.36271
1.02879
0.0362329
0.00713505
2.6126
1.46954
0.916951
0.680946
-7.71123
2.52341
0.0336382
-2.88663
0.00647423
-0.169848
-0.257251
1.74279
0.236983
0.639513
0.0402317
1.36635
-0.23199
1.56566
-0.689354
0.177517
-2.39368
-0.348672
-6.07196
1.87205
-0.0390266
1.26199
0.369726
1.44079
1.84989
0.945844
-4.44891
2.01729
-7.83676
0.422635
-0.502365
-4.10387
2.76659
2.01314
1.40054
-5.49977
0.433439
1.44934
-0.320925
0.210573
-0.826426
1.40896
-0.238864
-6.08335
-0.0705978
-1.79692
0.0628408
1.27817
2.74921
-2.21766
0.699802
1.41291
2.09226
-1.41297
0.748541
-1.4511
-6.9778
0.0222955
-0.33472
-0.217754
1.44008
0.0577672
-5.1444
0.0121647
1.57164
-2.12692
-6.02014
0.140101
0.967512
1.11618
-5.986
1.82492
1.68923
0.99764
-0.226619
1.17519
-1.82755
-1.68939
-0.34479
-5.26666
1.34911
-0.235771
0.975175
1.42053
-0.217222
-0.242546
0.167609
-2.88712
0.659191
1.47033
-3.04527
2.04428
0.0449608
2.74125
-2.69746
1.87866
-0.338412
-7.75487
-2.87753
-0.271904
1.86853
-5.30768
0.63762
-0.129468
-1.5179
1.29155
-7.71126
-5.45966
2.10824
-3.17584
0.759055
0.628779
-0.923686
-8.09926
1.20022
-0.149308
1.64875
0.195231
-0.484184
0.119951
1.43182
-2.92531
-0.371668
-0.545597
-5.28677
-6.42494
0.0242116
2.24258
-3.47047
2.16318
1.49549
-0.366216
0.940726
-5.28071
-0.431978
-5.16678
-3.71492
1.04537
0.793295
-3.79334
-0.326579
-7.12586
1.40252
1.53687
0.436786
0.606517
1.37066
2.83213
-3.8489
-0.463625
2.25231
-0.334639
-0.457432
2.76974
0.0642973
-4.04587
0.017725
-2.56423
-4.1555
1.4169
0.69813
0.364823
3.1421
-0.734346
-0.118928
-0.437789
-0.375935
0.0571359
-1.75739
-7.38306
-0.223042
1.309
-0.0123322
-4.24311
1.715
-0.222578
-0.265531
-0.260817
-0.360406
3.15604
-3.314
-2.18348
1.68291
0.00689503
-4.7946
-0.807105
-0.248355
-1.91269
2.14695
-0.24364
-0.788098
-0.252725
-0.370982
1.66799
-5.16479
-0.0695634
-4.37708
-5.66225
0.057799
-0.799099
-5.5947
0.787989
0.534516
-5.28286
1.31881
1.71832
3.13925
-0.239993
1.6841
2.39529
-0.71157
0.0940993
-1.66455
0.617395
-0.169863
0.270094
-0.168471
0.0612735
0.974378
0.534405
-3.98946
-7.37529
2.74251
-1.37226
-0.523562
-0.344478
1.65889
0.969414
0.895916
-2.71511
-2.43125
0.0440971
1.9159
0.670316
0.30062
2.55415
-0.150254
2.42358
-0.675265
-3.54755
-0.135927
-0.185315
-4.76735
-6.48149
2.48185
-2.76294
-2.48061
2.51639
-0.749975
-0.195616
-0.315996
2.71957
-5.57142
2.24142
0.137489
-0.0431724
0.327943
-7.98573
1.13127
-0.234298
-0.00813329
-1.10753
1.34147
1.86757
-1.16199
0.128568
1.83387
2.642
-4.10393
1.57109
3.13004
-2.43942
0.939084
-0.633895
1.51168
2.22474
1.94046
-4.72353
1.4549
0.476497
-0.344733
1.33037
-0.297429
1.78137
-0.352557
1.52517
0.932948
-0.12767
0.0719219
0.452954
1.5058
1.91205
0.0491947
-0.366932
2.63933
1.67296
2.02579
0.191831
-0.278002
0.0685469
0.0880557
2.56936
2.77433
-3.28821
1.6186
-0.306586
-4.25557
0.0272759
1.4676
-5.55104
-5.0966
-0.345916
-0.372442
-0.17485
0.683656
-6.74416
1.59478
1.96483
-5.25432
2.01927
0.0169033
1.52055
-5.96394
-0.441815
0.017174
2.69728
-0.26356
-0.354311
-1.21566
-5.34569
1.36476
-0.599294
0.816957
2.49223
-0.413636
-0.549178
-3.54052
-1.25701
-5.23503
1.95492
-0.986268
2.7018
2.63213
2.46357
-0.652524
-7.65719
-4.81626
-5.4077
0.0714929
-7.43981
-4.96035
-10.2342
-0.55891
2.05321
-7.33253
1.79132
-0.847216
2.43172
1.34474
-4.01685
0.170786
-5.46055
3.05832
0.0873225
1.37734
-1.3795
-0.696755
-0.424914
-0.581652
-3.79224
1.94982
-0.375275
-0.496286
-4.58406
-7.98624
0.918552
-0.275241
-0.195759
0.0401094
0.368409
0.377915
-1.38201
1.93145
2.46214
-4.22789
1.06428
-0.719274
1.83146
-4.94097
0.0528952
1.03078
-0.362972
-0.0450299
-7.07731
-0.290419
-2.55697
-0.464143
1.68338
1.15758
-4.53698
-0.214432
0.988208
1.26363
-0.0687352
0.561376
-1.547
3.10658
1.06081
1.78445
-0.0177513
0.681377
-4.86602
-2.31208
-0.329724
-3.27708
-0.229149
2.55066
2.18044
-0.242001
0.846873
-0.266008
2.27392
0.694072
-7.44364
-6.25799
-10.3308
-5.19423
-0.0117702
0.0615948
1.58576
-1.45441
-0.208806
-5.09296
1.26993
-0.23411
-7.5546
2.03502
0.847977
2.5986
-0.427558
1.65618
2.01736
1.87547
-0.297163
1.7043
-0.231521
0.377741
0.266044
-0.0309056
0.925463
-6.65569
-4.47718
-0.522988
-1.89416
0.709554
1.48057
0.428683
-7.66233
0.450727
3.20233
-0.258483
1.78229
0.0606912
2.48996
-5.51527
1.42783
-0.219505
-0.978636
2.66521
-0.190085
-4.89979
0.638245
2.75668
1.73525
-0.527267
-0.69913
-2.00361
-5.58418
-3.09579
-7.83196
1.8363
-4.20817
-8.41891
-7.57875
1.1789
0.0503665
-5.71567
-0.871182
-4.44454
1.01618
-0.00958533
1.61613
-0.518068
-5.32815
2.50673
-8.93521
-2.89111
-4.941
0.298431
-7.17507
-5.72493
-2.22213
-0.170645
0.0431642
1.28815
-4.46506
-1.01864
-5.60166
0.156103
0.0115196
0.444904
-1.0915
-7.0187
1.37675
-0.19896
2.38608
1.89254
0.601298
1.99539
0.47636
1.3215
2.93402
2.01117
-2.2971
-0.535212
0.0439689
-0.570553
-0.718922
-1.06487
1.69904
-4.2899
2.2846
2.37668
1.56042
1.53716
-1.72383
0.798839
-2.60039
-0.0603275
2.53669
1.83263
-0.307991
-0.136805
-7.5133
-0.875978
-0.185227
-5.48568
-2.27273
-0.567987
-0.105661
-0.321289
0.591172
2.6142
1.62386
1.87128
1.67538
1.9158
0.0546414
-0.233208
-0.421549
-4.60738
0.457747
0.309789
1.30858
1.03236
2.69981
-1.01058
-0.715684
0.0101037
1.49826
-0.227969
-0.191548
-6.13255
3.02359
1.51036
-6.79005
1.51701
-0.62531
-2.06547
1.30665
1.72885
0.859407
0.423203
0.717559
-0.215633
-0.159127
0.134812
2.54903
-1.42995
2.24731
-2.59025
-0.262154
-4.68935
1.24649
1.88702
-1.28601
0.0630435
3.00515
0.398761
1.31799
1.35697
2.77862
0.11118
1.74566
-0.299955
1.77172
0.0750996
-0.200243
2.29262
3.10217
0.40649
-0.429376
0.0905167
-0.800401
-4.03349
1.63414
0.796307
-2.7735
1.48544
1.97376
1.46079
1.55278
0.180776
1.63565
2.30687
-0.859731
2.86512
1.93678
0.854967
0.0120607
-1.23931
0.0578717
1.65338
0.264887
1.69401
1.935
1.51558
-1.21256
-1.12572
1.98908
1.07706
2.17593
-0.215111
1.42969
1.77708
1.13797
2.03967
2.02307
0.0424533
0.0519959
1.57047
1.98491
-1.02931
-0.516922
-1.37153
1.9495
0.333021
1.73695
2.79397
-0.739087
2.70725
2.96856
-0.0128879
-0.752837
0.0237273
3.17504
-3.92504
1.91335
2.8056
0.616588
-7.13372
0.8392
1.20103
2.93877
1.20971
1.15602
3.05872
2.19721
-0.0340344
3.0401
2.48586
-0.458326
-0.249504
-5.02601
0.0106914
0.396067
1.88613
2.4537
-3.84087
-0.111475
0.939012
0.535616
2.1254
-3.09732
2.61002
-1.28929
-2.1298
1.34026
-2.46005
1.92298
-0.478768
1.24705
-0.316856
2.46112
1.65682
1.54827
1.65554
-1.75558
-0.192165
-0.123676
0.966044
1.02092
2.60622
1.81649
0.0324936
1.07897
0.477319
-0.364478
2.43453
-0.542798
2.0284
-0.021022
0.063907
-0.449486
0.275845
0.837921
2.74786
-0.130824
1.09007
-0.366568
-0.412937
2.35387
2.25887
-0.598163
2.30106
0.535769
-0.436439
0.228393
1.01156
3.131
-0.209581
-3.07937
2.0921
-0.199225
1.67294
-7.8212
-3.57652
0.135561
-6.66808
-5.21212
0.535705
1.73622
-0.106654
-4.74271
0.0180271
-0.351883
-2.30683
0.718497
2.6392
1.24974
1.04632
-0.205936
-0.219875
0.164239
1.22334
-0.493499
0.0214144
0.0795882
-0.00189861
0.204955
1.09531
0.485851
0.696133
1.17016
1.0734
-1.75135
-5.03315
0.292485
-0.839242
3.00651
0.98378
0.589563
-0.193325
-0.760087
-0.900317
-0.0893628
-0.344248
-1.79881
-0.343031
-0.72682
1.73399
0.426126
0.0450891
1.87223
-5.55652
-0.785506
2.58361
-2.87425
-2.30003
0.558063
1.50156
-0.4055
0.322756
-0.775015
0.0564337
-0.22689
-0.366508
1.92307
-0.902409
0.962565
0.0697115
-0.698584
-0.482106
-0.267694
1.34531
0.129767
-0.275367
2.58115
-9.40145
1.65318
-0.843083
-3.66671
-2.34273
-0.401319
-11.1393
1.58897
1.52656
1.63709
-0.218388
-3.89644
2.29154
-0.60924
-2.75089
0.0110797
-1.11272
0.0428232
0.00209505
2.33751
-10.6019
-5.28055
-0.453861
1.0903
0.960697
-2.15627
1.0739
0.140465
-0.589799
0.510042
0.962277
0.623493
0.000658858
-1.49155
2.40581
-0.224486
0.0159593
0.935275
0.0186189
1.07377
-2.0888
-0.380826
-0.467432
1.16069
-0.0296968
0.0604448
0.684665
0.0117326
0.116696
-0.432524
1.61795
-0.109922
-0.555687
1.45558
1.3633
0.0256451
0.731333
0.758507
1.53681
1.96361
1.72999
0.129145
2.64216
1.29513
-2.20564
1.1116
-2.78153
-0.196516
0.0498299
0.621183
-0.741937
2.66206
0.453307
0.396663
-0.159401
0.655658
-0.17877
0.534462
-4.28145
1.26529
-0.175545
1.47456
0.839303
1.5423
-3.84611
2.01468
-2.81021
1.51485
1.60708
0.477193
-0.216754
-1.3934
-0.239884
1.85719
-0.92746
-5.14576
1.82886
1.0197
-0.00713248
1.86716
1.17965
-0.721843
2.46013
-2.00188
0.25013
-1.1336
-1.27584
-0.0199755
-0.263464
-0.611596
2.72506
0.0138246
0.470044
-0.286321
-0.351507
1.61468
1.98752
0.0123834
0.0331315
1.44767
-5.00192
1.44367
1.52876
-0.318055
-0.373495
1.08972
-0.193018
2.76142
-8.16866
1.19617
-0.0339143
-1.44947
2.64109
1.72675
0.322418
2.21118
-0.548357
2.02574
1.96494
-0.144352
1.44074
1.44873
1.1713
1.47385
-1.17359
1.61674
0.0558108
0.805705
0.0147633
-5.47094
1.61584
-6.6955
-6.53155
-0.1214
-0.121925
1.17918
-6.23948
1.45402
0.372074
0.724587
1.43613
1.25385
0.397486
0.188316
-0.497615
1.47802
0.868584
-4.10304
-0.916399
-0.201692
1.53112
-3.30668
-2.09113
1.35183
-2.62314
1.96489
0.900817
-4.96563
-8.4467
1.775
1.9234
-0.450319
1.31342
-6.77804
-0.740707
-4.53883
0.382786
-0.713605
-8.49618
2.93427
0.735912
-5.57012
0.0187419
-0.550111
1.46425
0.882658
-1.00608
-8.21237
-0.339084
-0.459088
-7.78737
1.16183
2.44423
-0.434721
-1.06963
0.0140765
-6.96591
1.79281
2.9693
-9.25569
1.07053
1.63119
-7.76661
0.467491
2.66384
-3.9606
-0.903912
1.21536
1.32203
1.15687
-0.704728
0.861249
0.0164012
0.972722
-2.29778
0.0683561
1.52445
-0.329966
0.286694
0.909216
1.42083
0.882475
0.0770854
0.608323
1.5109
1.1297
1.40187
2.77609
-1.28282
2.59587
0.0148178
2.54119
3.09702
-5.41466
0.203412
0.347474
1.43295
-4.83885
0.672823
0.971129
0.0473828
1.6915
2.27102
1.75183
1.80391
0.368328
1.06618
-4.01281
3.02944
-3.7652
0.0589648
-0.302308
-0.703055
-6.20894
1.47484
1.79743
0.905193
1.87822
-2.48966
0.0704218
1.95484
1.47625
-0.193296
-0.403686
-0.0348845
0.0257593
0.426298
1.6287
2.90098
1.42693
2.09684
2.02068
1.71184
2.78002
1.01105
1.48513
0.117049
-0.327106
0.761105
1.18311
1.18916
3.06762
0.457493
0.793091
0.00207584
0.0702133
2.93709
0.851915
-0.403208
-1.54469
1.2921
-1.12822
-0.0579407
2.17842
1.52336
1.41374
1.6302
-0.650204
2.20902
-5.21997
1.39032
0.221764
0.0817682
0.0610914
2.4317
0.241403
-0.107379
1.50398
1.48812
-0.571539
1.34908
2.5019
-0.200208
-0.974413
-4.40549
-5.20186
-0.470868
-2.09551
-0.499192
1.37235
0.549907
0.0548678
1.632
0.0220252
-0.395938
-0.916073
-4.18263
-1.16341
0.176123
-4.51272
-8.63093
1.45129
1.4505
2.11411
-0.23747
0.602492
-0.0667338
1.38202
2.3847
-1.99682
0.0206598
0.0300249
2.51965
1.15364
-0.253946
-0.726161
-5.2893
0.041863
-0.105241
2.65503
0.0414538
0.00561028
0.657133
0.551849
0.0111919
0.784319
0.242478
0.758881
-2.28377
-1.61565
0.164007
-5.90336
-0.0383028
0.702735
-6.15584
1.70054
0.984245
2.84173
0.565602
2.54485
-0.798923
1.73001
-0.125354
-0.166817
-0.734824
2.36715
-0.369087
0.301823
0.209531
-6.26647
-0.951256
0.0129507
0.050429
-0.0470754
-0.17082
-0.0631964
0.243134
0.956209
1.87016
-4.86188
0.00653591
0.243166
-0.128343
-0.0458684
1.66197
0.2983
0.753739
-0.200341
-0.00158191
2.20311
-1.47359
0.717383
0.00310192
0.0538284
-0.327884
2.1693
-1.5506
0.0116344
-0.0106305
-4.33425
-0.492912
-0.0306263
2.54993
1.83043
0.00223441
-4.6193
-1.38455
1.55822
0.0660256
-0.191476
0.00687545
0.590842
-0.145467
-0.0093998
-0.571802
0.00549474
0.592548
-0.658938
1.62479
0.368897
-0.765367
0.0630334
0.539918
0.158552
-1.2377
1.61425
0.0761696
-0.27705
-0.408662
-0.0790837
-0.287612
-0.00690792
1.62123
-7.03702
-1.20886
-0.0394042
-0.0067335
-2.00181
0.0520024
-0.0255292
0.02841
2.30007
1.03931
-5.26352
0.0171256
-1.07719
-0.254124
-0.269653
-0.0579446
1.53565
0.881101
1.20245
1.48128
0.116991
-3.43075
-0.498842
-5.02167
-0.212957
1.73774
-0.0201842
0.589821
-6.38383
1.87467
0.054213
1.61838
0.0784805
0.0600177
2.04798
0.0230276
0.0170683
-2.64839
2.2457
0.262873
1.33702
1.545
-0.920146
0.0358182
1.44218
-5.04375
2.19747
-0.332525
2.14243
-0.962034
-0.0167585
0.0508757
1.60176
2.08562
-2.59087
1.30254
0.605411
-0.0588992
2.37264
0.548255
-0.834405
1.44412
0.00519804
0.0938289
-0.669549
-0.647354
0.0163879
-3.03886
0.00242702
1.32621
1.03644
-0.0558586
0.0729894
0.643861
0.0750173
1.44349
-0.246228
0.0211199
-0.776322
-0.119361
0.0718343
-0.269523
1.30898
0.295967
0.00290134
-5.75949
1.70588
-0.047498
-0.237452
-0.0702919
0.439072
2.52576
0.111051
0.00315786
1.17051
0.0327905
-0.115882
0.0840393
-2.94731
0.118044
0.0691819
0.00594009
1.57113
0.0044848
0.00282541
-6.36241
0.0297438
0.0403707
-0.24685
1.52895
-0.22777
0.015974
0.426184
-0.241842
0.0812614
0.0313325
1.02212
-0.283505
0.173393
-0.207483
0.0891912
0.0424335
0.0384653
0.0157806
-0.785378
-0.391563
-0.414285
0.369328
0.931656
0.103272
0.627285
0.701241
-0.00788216
0.0223529
0.749523
-0.323856
0.0231822
-0.276136
0.0907739
0.285002
-1.11141
-0.405027
0.0181076
0.273854
0.171126
0.92448
0.821151
0.0912562
0.276309
1.4912
0.075012
-0.32132
0.0181883
-2.54117
2.08975
1.41428
0.133058
0.0176071
-0.00136733
0.09941
0.0350663
0.0192461
-0.259526
0.0873085
1.38796
0.240705
0.0292528
1.4821
0.106645
2.34136
-0.0133288
0.210901
0.166738
-0.0272563
2.21451
0.0172533
0.0521525
-0.67594
0.046666
1.01871
0.536959
-0.0118927
1.49038
0.0906964
1.21691
2.0522
0.90396
0.8455
0.038999
0.932714
0.0710697
0.269626
-3.07165
-0.46386
0.0786597
1.96816
0.4951
1.45569
0.69353
0.0129316
0.0476466
0.0854668
-0.375561
1.13435
-0.393535
0.0415986
0.00852391
0.0518106
-0.0138222
-0.189287
-1.04114
2.57759
-0.568285
-6.83572
2.40319
0.1264
0.0474723
0.0351739
0.0491122
1.41579
0.0570486
0.0309762
-5.15442
-0.655213
-0.0791068
1.51488
0.0798945
0.0613034
-0.95482
0.011582
0.0963334
0.000398371
0.0324207
0.0662939
1.54943
-1.87346
-0.209114
0.625532
-0.0670644
-5.36957
0.10575
-0.735788
0.0275572
1.68431
-5.66389
1.95348
-0.0724048
0.0755143
-7.39022
-0.0260497
-0.142585
-0.0222892
-0.570263
-0.196921
2.43695
-0.265463
-3.05419
0.00349677
-2.37926
0.0106787
0.107976
-11.2298
0.00921376
0.0249116
-0.121065
0.0307847
0.0521441
1.87733
0.39037
0.0401817
0.103535
0.0215793
-2.52533
0.097672
-3.45471
0.013895
-0.114143
1.79037
-0.271599
1.50895
0.00906404
-0.184584
0.0239322
0.00556798
0.022533
-5.05762
-1.32718
0.0865289
0.859897
1.35551
0.575847
0.0282104
0.0203937
0.0291411
1.81136
-0.021124
0.245819
0.971443
0.00909128
0.03345
0.0742733
0.0289211
0.00135367
0.0857243
1.52199
0.0062073
1.20868
-0.00196239
1.62465
0.0497562
1.05166
0.010831
0.0125285
-10.0636
0.0317796
0.0129501
-0.16988
0.0639176
1.16017
0.0344242
0.485853
0.0302774
0.00564513
0.236598
0.057552
0.00796915
-3.44531
-7.56627
0.0127431
1.96401
1.37898
0.0415245
0.0323531
-0.770056
0.0327883
0.347078
0.0895983
0.0239106
2.19833
-0.270233
0.0358704
0.0276972
-3.83757
1.54259
0.0849928
0.0713028
0.0294441
-8.19114
0.164322
0.0424238
-4.56229
0.626051
1.06685
0.0690078
-0.183135
0.129747
1.4413
0.0190725
0.023564
0.00324258
0.0698446
-0.179129
0.0744454
0.0727642
-0.00302059
-0.0311369
0.0253602
-0.25531
0.016907
0.0489986
-0.169844
0.10435
0.0246601
0.125439
2.84662
-0.00850287
0.117354
0.0049674
0.106934
0.671389
0.00803498
0.13345
0.189324
0.0547433
0.033406
0.0303342
0.018779
1.49766
0.0116363
0.0042156
0.143959
0.0188986
0.0169633
0.119579
-0.00270268
1.788
-0.0224657
-0.936718
1.27144
0.0106072
0.0396026
0.11072
0.0526457
-8.88559
0.000138555
0.22933
0.0353539
0.131516
0.0238212
-1.12584
1.69389
1.77002
0.0183067
0.091378
0.104727
0.0319414
1.48057
0.0225955
0.04274
1.57104
0.0358828
1.56621
0.0451955
0.0395848
0.103559
0.0386402
0.0152418
1.89548
0.0246812
0.00314885
-0.176937
-0.233366
1.52941
2.24277
0.00814718
-0.17299
0.0440579
0.0402767
0.00228522
1.59937
-7.17073
0.00172213
0.0352854
0.104762
0.0192214
0.0171202
0.0672349
-1.8674
0.00404585
0.0525042
-0.885969
1.48683
-3.66943
0.0307817
0.0164975
0.945907
0.95161
0.036656
0.00273566
-5.47393
-3.94422
0.0110663
0.0378988
0.0234604
0.0349583
0.00307283
-4.49138
0.0144697
0.149641
0.0325949
1.47953
0.0146733
0.0832905
0.0438083
-0.200426
0.0251891
1.45523
0.126448
1.81715
0.0580375
-3.5059
0.0368461
0.0772326
0.0449561
0.0579069
0.100708
0.023637
0.0426974
0.0910985
0.00715892
0.0104687
0.0299048
0.0227663
0.0430589
0.0256329
1.56646
0.0697664
-0.301396
1.8935
0.029227
0.0910621
-0.645958
0.508879
0.0362893
-0.618916
0.0234553
0.039916
-6.47224
-0.168288
0.0347406
-0.593797
0.0409018
0.102212
-0.0590228
0.0220292
-5.81985
-0.0431565
0.0369695
-0.820542
-0.0520778
0.0360711
0.0255361
0.0368644
-0.131649
0.0955928
0.106435
0.244925
0.0133293
0.0219905
0.0557226
-0.518594
0.0254242
0.00481537
0.0284837
0.0250534
0.035295
0.0318931
0.00329255
-0.253264
2.51933
0.0491172
0.0269222
0.0404748
-0.229254
1.74679
0.0459048
0.194489
0.00292849
1.75842
0.0121149
0.534179
0.136913
0.00643361
0.0265916
0.107343
-5.03017
0.0831488
0.258646
1.41253
0.0289861
0.0287478
-0.00275344
1.80024
0.0489121
0.0376967
0.0192056
-0.00779179
1.24774
0.0477516
0.0291498
0.0157335
0.0310697
0.0271108
0.0421263
0.620599
-0.460326
1.99568
-0.00157658
-0.246376
-0.143791
2.2716
1.14509
0.0402765
0.0257856
0.0705358
0.0655895
1.38102
-0.149589
0.0396466
0.0876879
-4.57097
0.0353477
0.0823326
0.0549851
2.9893
0.931343
1.37709
0.0369067
1.54817
-0.00191127
-0.718776
-3.70777
2.06695
-2.35545
-2.96729
0.0272189
1.2333
-0.0710551
0.0287255
-0.263692
-0.0905454
-2.09881
0.209587
-0.260639
0.0302501
1.53813
0.0285324
0.392957
0.0282776
0.0414028
0.0484215
1.57545
0.0291921
-1.30431
0.0679646
-5.03753
0.00145137
0.0505846
0.0630023
2.57209
-1.85932
-0.143666
0.0562017
0.0367844
0.0504906
1.00808
1.50977
0.0163889
0.0501202
-8.60417
0.045198
0.841632
2.85112
0.767455
0.203458
0.0796781
0.0707778
0.0364279
0.358688
0.0658197
0.0553867
0.028247
0.569446
1.44483
1.45363
-5.50515
1.03809
0.0516044
0.151423
-5.56381
0.0968162
0.0530462
1.71683
-0.014598
-8.76653
0.0265172
2.47292
-0.424241
-0.144247
0.0582503
-0.696438
-0.112761
-5.57416
2.60352
0.075684
-0.291323
-8.61662
0.0648103
0.100655
0.164796
-0.258154
-0.117669
-1.08932
-6.62551
1.53752
0.0232935
0.113914
0.0624962
0.943051
0.0401354
-7.50495
0.0164531
-0.104554
2.96566
0.0274823
-8.18039
2.68128
0.00594622
0.0914696
0.0687833
0.0130974
1.65366
-2.81211
1.40414
1.51074
0.077311
0.0634277
1.51248
0.680131
0.107327
-1.15348
-0.906527
-0.207521
1.64406
0.0398778
-0.522725
-7.19394
0.3946
-0.29304
0.00709861
0.0717561
1.48229
0.0675
0.0437779
-4.99057
0.0260952
0.0262701
0.0365719
-8.64505
-1.1491
0.138855
0.0434378
-0.171499
-0.445028
0.069171
2.86253
0.0600808
-5.73594
0.45305
0.0238712
1.6628
-0.00830598
1.55242
0.0720534
1.4284
-9.73737
0.0988549
2.30376
-0.111807
-0.217719
1.75644
0.0876506
-0.0171404
0.00610349
1.54404
1.72435
0.0414291
1.78277
2.62567
1.03505
1.82862
-6.40294
0.0146842
2.39623
-5.08931
0.474376
0.0756264
1.45794
-2.11788
1.84034
1.75933
1.91788
-0.173505
-0.0063454
-0.851639
0.024296
0.133769
-0.773925
-0.291374
0.0274675
0.0280842
-0.969395
0.112967
-0.154432
0.304343
1.98772
2.13738
2.05587
0.102413
1.13712
-0.170997
0.370978
0.129319
0.104074
2.78979
0.0395618
0.0675901
0.160079
-9.05771
2.2318
0.0597384
-0.328451
-7.64658
0.173413
0.152535
-0.605003
-1.65716
1.25378
0.0497573
1.25641
1.64886
-1.62891
-0.309584
0.186478
1.6727
-1.13612
0.0103556
0.0352826
0.00175542
1.35039
-0.117173
-0.0110081
3.12259
2.24405
-0.0319658
0.0918249
-5.35813
2.54485
1.44403
-0.0190154
2.77095
0.0286939
1.53449
0.513818
2.55653
0.0395648
-2.00327
0.867736
-6.53509
-0.00364715
0.0803018
0.132317
-0.735458
2.67052
0.0982627
0.00934896
0.0437494
0.405342
1.00415
2.95606
0.0539034
-0.025026
0.0743163
1.11082
-0.141314
-0.236772
0.126738
1.45457
0.0762619
-0.0727753
-0.645723
0.201414
0.440596
1.46738
0.0895762
2.61152
0.0174352
-0.0638184
1.55527
0.0248923
0.0120148
0.154782
-0.806211
0.74188
0.0232165
0.638423
-1.2795
-0.05942
1.35393
-0.816402
0.000987592
0.000838594
0.0122147
0.0639921
1.36376
0.0805377
0.0879679
0.00455751
-0.449486
-0.0213708
-0.182251
-10.2518
0.00912202
0.762431
0.0848516
-0.0136578
0.233386
0.0831625
-4.20125
0.0352229
1.53908
-0.167615
-0.155519
0.200611
-0.173659
2.3248
0.00527279
0.681397
-0.646628
3.05758
2.85761
0.0863168
-0.629829
-5.60657
0.00337061
1.27373
1.53517
1.52991
-0.0845217
0.0144332
0.156644
2.4716
0.207652
-0.434105
0.404402
-0.233727
0.226182
-0.0779872
1.2595
2.44607
0.0886283
-0.168147
-0.111249
1.18491
2.07514
-0.420336
0.517555
-1.08857
2.91109
0.0117977
0.0538457
1.16631
-0.0267298
0.013088
0.0210171
1.49411
0.0128877
0.00875587
-0.582037
-4.74721
-0.0232528
-0.0013981
2.40358
0.698028
1.87381
-0.217225
-0.355272
3.03395
-0.0515171
0.150178
0.526561
-0.221354
1.27078
1.29828
1.61253
0.00140716
-0.308303
-0.289372
1.48604
-0.276061
0.016069
0.0836862
1.55129
0.270761
0.0242593
0.0369054
0.299095
-0.12136
0.0209838
0.166808
-0.0500227
-0.247355
-0.188663
1.09061
2.37117
-0.00170067
1.68762
1.40451
-1.49522
0.018974
-3.18133
1.62882
-0.127867
-1.067
-0.440823
-0.157315
-0.0842635
-1.14743
3.04501
0.00406393
1.62422
1.01416
-0.140684
0.0416843
-0.493416
0.0601709
0.458494
-0.11916
0.0583913
1.06085
-0.112346
-0.177029
1.83077
0.257351
0.326708
0.0983197
-2.28184
0.16467
0.713726
-1.06617
1.19665
0.185118
-0.680283
2.25669
1.95127
0.0910876
1.38304
0.0168899
0.656476
1.46184
1.62616
-0.0732098
-0.188201
-4.41841
-0.196784
1.48551
-0.9078
2.15543
0.0249719
0.829043
-0.304989
-5.05265
1.50354
-0.210697
1.49669
0.219166
0.247844
0.175258
0.254668
-0.170084
1.31299
0.501546
1.52631
0.402633
2.08999
2.27096
0.0368101
1.9666
0.127497
0.00636696
0.554823
2.22247
0.823853
-1.30944
1.62187
0.103502
-0.504614
2.17113
1.4748
2.11419
-0.0736043
-0.0848275
0.146742
-8.7636
0.0319898
-0.169156
1.35239
-1.19214
1.71103
0.0112864
-0.274591
1.36493
1.63726
0.176968
1.55324
0.0811328
-3.35592
-0.268849
0.0392384
-5.35028
0.831165
0.857823
-1.04962
-0.249328
0.3137
-0.19639
1.12564
2.20143
2.34855
0.681186
0.458475
-0.0382843
0.341286
1.41697
0.0160203
1.89772
-0.131025
0.0299631
-0.324629
-0.27225
1.0324
1.56376
1.90664
1.25296
-0.163201
0.0697886
1.48311
1.47775
1.67732
0.114394
1.94502
0.757773
1.54288
1.04698
0.101109
-0.244063
1.65261
1.46048
-1.45257
1.57226
-0.156404
0.325487
1.20777
-0.247184
-0.345973
2.56861
1.84847
-0.201631
1.55788
0.454147
0.955125
0.130587
0.175954
-0.0160478
-0.0613775
-0.241599
-2.48169
0.442185
-0.350547
-0.124872
1.5163
2.16729
0.153092
1.51766
0.231347
3.21538
-2.02468
1.83922
0.00217078
-5.41043
-1.04764
3.2576
0.261193
-0.054224
3.24179
-0.00717307
-6.47372
1.54261
3.21522
-0.276904
3.16603
0.866657
0.0722765
-0.248273
3.06793
-0.0644832
-0.0859774
-5.85204
0.181482
0.113251
1.8152
2.91935
0.0133984
0.479165
1.9142
0.218502
1.62678
1.26858
0.0842632
-0.230843
-5.4457
2.86832
0.509854
-0.234364
0.267399
-0.0682277
2.82418
1.17177
-0.245159
-0.243783
2.77634
-1.66628
-0.250513
2.72942
1.83835
-0.257757
-3.122
-0.267243
0.676378
1.85629
-0.266607
2.65913
1.51088
-0.463256
-0.273882
2.13848
0.171451
0.308831
-0.386024
-1.71796
1.38432
1.50373
-0.195205
1.57931
-0.0510084
-1.03627
-11.3161
2.52687
1.05889
1.33461
-0.152697
-0.3558
-0.399597
-0.45591
-0.528286
-0.621533
-0.72265
-0.236315
-0.855661
-1.40933
1.89009
2.48546
1.02587
0.873779
0.276382
1.11081
-1.66381
2.45516
0.00250637
-1.96444
2.00067
-11.1469
-2.311
0.0410618
2.36698
1.38463
0.892745
0.405963
1.508
-2.4406
-2.70585
2.336
-3.13823
-0.0957601
0.439925
-5.86057
1.4392
2.29648
-0.0416611
1.98761
0.124487
1.2057
-3.61331
-0.272737
-0.217667
2.25785
-0.389912
-5.08506
2.21946
0.085068
-1.16573
-0.314219
-5.07431
2.18682
1.58858
0.494888
1.5398
0.341158
0.0025552
0.022019
-5.57257
-1.19391
2.14301
0.608038
0.077634
1.56547
0.719573
-0.991189
-0.285749
-6.05322
2.10977
-0.31749
1.57511
0.0642855
0.0420768
-6.4817
2.07018
0.625512
-2.78507
2.02387
-6.81866
-0.0420256
-0.248049
-5.04613
-0.0402754
1.99399
-7.03535
1.93592
-7.17672
-0.205484
0.981358
0.00955339
0.857424
0.0276086
1.893
-7.06492
0.929295
2.42532
1.56749
-7.09996
-0.581839
1.85827
-0.161833
-0.860904
1.31517
-6.93241
1.48994
1.82519
0.0248218
0.141775
-2.17385
1.50958
1.05007
-0.44676
0.226507
-6.80163
-5.04069
1.77322
0.448494
-5.56118
0.461425
-8.44824
-9.0295
0.23795
0.698044
1.73444
2.15479
1.58027
2.33313
1.626
-6.35846
1.02628
-0.0217135
-0.279728
0.72396
0.0385815
0.122568
0.859598
1.26933
-0.0513008
-6.20617
-0.308313
1.65
-0.859338
-0.504932
1.91528
1.22493
-0.152852
2.72847
-1.66387
0.36986
0.293783
-6.04037
0.310855
-2.33966
1.59698
1.87324
1.67981
0.987826
-5.9234
1.5452
1.48201
1.44741
1.3842
1.33934
1.26852
-4.73303
1.50186
1.21478
1.74268
1.09732
-5.6282
2.14856
-5.83677
-0.783864
-4.63543
1.15897
-5.65442
2.13517
-5.77222
0.385762
-5.71409
-1.55107
-5.63673
1.49079
-0.985225
-0.0136758
-5.54056
-11.2816
-0.376788
1.5614
-6.06347
-5.27399
1.63997
1.5912
-0.553768
-1.28028
1.7469
0.259003
-3.21465
-0.323148
0.604073
1.35517
-3.31025
-0.78785
-0.380816
1.70628
-0.227572
-2.14237
-0.391679
0.805869
1.58176
-0.0315853
-7.35319
0.65548
1.78769
1.24315
-8.77105
1.52182
0.679844
1.27982
-0.165951
1.59545
-0.332004
0.00483732
0.0173444
0.654049
-3.40036
2.35296
0.229143
0.119957
0.200314
-5.06389
2.05658
1.65296
1.38407
1.5321
0.27733
-0.530291
0.356549
-1.90955
0.752514
-0.959273
-0.506004
1.10498
-4.34707
0.405979
2.89553
-0.00138963
0.822457
0.831236
-1.07616
0.142826
1.17089
-0.242247
0.676233
1.34418
1.50417
1.61826
1.60874
-0.543738
1.81337
-5.09644
0.141846
0.522577
-0.178054
-0.530613
0.136248
1.8317
-0.828783
1.52671
-1.58339
-3.59429
0.343536
-3.78272
0.433584
-0.229916
0.297388
1.70376
0.243063
-0.307832
0.13431
0.320873
-0.924955
-0.287392
-0.0147235
1.60808
-0.117425
-0.719457
1.14402
0.110844
1.15957
-0.213388
-0.241623
0.119276
0.084491
0.273717
-0.581467
0.203765
0.0200812
0.0585684
0.8724
2.38375
1.05103
-5.5938
1.5117
-0.115132
1.17242
0.0209368
0.053294
1.31782
-6.49942
0.019805
-1.3936
-0.849126
-4.98836
1.57034
-0.124321
1.92586
0.375763
0.0196445
2.46989
2.34252
-0.234534
0.500729
-0.333572
-0.582376
1.75019
-1.47886
-0.0118287
-5.67519
-0.0387061
-3.24267
0.544689
0.947766
0.0541376
-0.00578654
0.115847
1.48389
-1.41408
-4.04987
0.950792
0.732736
2.32231
0.187482
0.559678
2.39073
2.4291
-0.00405629
2.10248
1.17747
1.5653
0.328027
2.16137
1.62814
0.364204
-0.188074
0.0907932
1.18803
1.14113
0.00194523
-0.00323964
-0.264388
2.98034
1.21407
0.805672
1.58378
0.881017
-0.0896628
1.005
0.286958
2.07985
-0.201249
-0.0475902
0.208111
2.66985
0.375372
1.71561
3.1062
1.56248
1.58416
-0.0156559
0.759911
-0.00484009
1.84201
2.82187
-5.77707
0.517086
2.72014
-0.0897565
-0.00569151
2.96633
0.68276
-3.33192
0.502143
0.13167
-5.23881
0.396103
0.0333619
0.17373
-0.467732
0.315612
-1.85235
-0.0128963
2.63201
1.6492
0.783226
1.29256
1.3022
-0.66219
1.49142
-0.290697
3.15775
-0.340173
-3.25169
0.10563
2.29522
1.49036
1.35368
0.164145
-0.31016
-1.71876
-0.362245
-0.185666
-0.17747
1.3169
0.0389689
-0.231527
-0.187581
1.61905
0.236049
1.37769
0.03072
0.574882
0.747848
2.71552
1.35996
-0.196262
1.21132
-6.16543
1.80104
-0.152369
1.39504
2.48303
-0.0880095
0.177592
-0.816081
-1.32354
1.50978
-0.201936
0.579776
-0.14024
1.32831
-10.9503
0.0951543
2.22163
0.716563
-1.07128
-0.520188
1.67869
1.89226
-0.0718848
3.05022
1.48901
0.536485
1.19238
0.12614
1.74762
-0.796119
-0.198166
-0.928201
-1.78247
1.52275
0.050957
0.53123
-0.223328
2.60425
1.15522
-0.30551
0.057481
-0.20811
-3.00431
1.06474
1.22694
1.18559
-9.23604
0.561498
-0.207948
0.821222
-0.252533
0.924814
0.0814613
0.347844
0.17295
0.83809
0.441383
1.59332
-1.73793
0.0683571
0.152314
1.51315
1.96198
0.173298
-1.20316
-0.0737808
0.107173
0.708589
2.96828
1.67541
-0.273869
1.23795
-2.0153
1.52226
-1.04485
1.00351
2.35715
-1.03829
0.27043
-1.19989
1.49189
0.60099
-0.109174
-0.798674
-11.2426
-0.811247
-0.42571
-1.53728
1.67329
1.12912
-0.19801
1.65778
-1.12827
1.64112
0.307124
1.52507
0.168345
0.136196
1.59107
-5.27697
1.57794
-4.79334
-0.295148
2.48415
-0.246471
0.284693
-0.457501
0.466731
1.04816
2.2184
-1.03281
3.08832
2.75054
-8.58792
2.2932
0.258345
1.56902
2.88926
-2.52202
0.0367174
0.799985
1.54655
0.375027
-7.4833
-0.208573
0.201944
-1.48375
-0.14236
-0.181568
1.58741
-0.212852
0.0309367
1.51209
2.04602
-4.15074
2.10957
-0.696908
-3.8649
0.188797
0.987394
1.46441
0.725876
1.9802
1.14129
3.24756
1.47414
-5.14996
3.25721
2.25546
2.32794
1.68582
3.23956
2.38118
0.163781
1.29719
3.19223
0.694709
0.0688353
-0.516762
1.41961
-4.56378
0.882634
1.20439
-0.496589
2.28069
1.51042
-5.11774
-0.681752
0.524895
2.21994
2.17962
-0.156523
-0.976487
-2.99987
-5.64008
1.97458
-0.148216
-0.792903
-3.95543
3.0233
2.38996
-0.044285
0.858921
-5.64529
-1.90201
2.04064
-0.21232
2.89362
1.54657
-7.4202
-0.024735
-1.94293
1.07294
-1.15591
-4.7929
-3.0019
2.82993
-0.23591
-5.40672
0.0683955
-0.00180784
2.84731
-0.186394
-0.214094
-10.6459
0.416608
-10.3315
2.44744
0.610547
0.725049
-2.79293
0.0127533
0.516216
-0.236656
2.80003
-1.23714
0.212708
1.52459
1.13663
-5.84924
-6.85742
1.4681
-0.246006
-0.933629
2.37456
2.75381
2.18496
0.19538
2.69404
2.30666
1.66844
0.803089
-0.254551
1.8722
1.06804
1.78975
1.76761
2.29459
1.88823
-1.65831
-6.47261
1.5129
-0.258421
1.26439
-10.2107
-1.49381
-9.29544
2.12918
-0.358194
0.506488
-1.28598
1.98536
-0.13672
-0.27407
-0.433372
1.25012
-4.6937
-9.12322
-0.0122078
1.59001
0.530146
-6.16319
-0.508079
-1.0964
-0.302946
0.0584276
-0.0021785
0.0319206
0.554125
-8.8647
1.53103
1.56375
-8.41924
-0.537935
-0.649875
-9.2126
0.650624
1.53871
-7.8502
1.28797
1.27339
0.438882
1.7241
1.17285
2.50821
1.80761
2.42043
-1.36883
-0.372379
0.993264
-0.42297
-0.485872
-0.564006
0.746765
-0.664253
-0.785535
0.0375135
0.356508
-1.52576
-0.828033
0.694001
-0.846925
2.47095
1.34518
3.13158
-1.80032
-0.960253
-5.41746
2.6648
-0.0787278
1.01908
-0.210734
0.62845
-2.12929
-1.40704
-0.182976
0.983649
-2.50585
-2.49423
1.10998
-1.33539
1.49963
-0.114041
0.672054
-2.54992
2.35441
0.118701
2.51342
0.283714
-2.91686
1.62114
-1.12396
0.71463
-0.541117
-2.12088
-4.82283
-0.20155
2.31634
1.64216
-1.28773
2.30575
2.32048
-6.49875
0.0211927
-3.36107
0.403038
1.43343
-0.230512
-0.749071
2.27758
0.326972
-0.0598836
0.26611
-5.16647
-5.88436
2.59188
-0.377241
1.04321
0.175079
1.30625
0.0480082
2.00533
2.2384
-0.918387
-0.421949
1.55002
-2.18263
1.07462
1.81416
-0.979064
2.20397
-5.34479
-5.7598
0.0379395
2.06328
0.0432478
2.10763
-1.34195
1.65862
1.67005
1.37269
-0.0902442
-5.3212
2.16329
2.22469
1.58672
-1.50988
-0.196134
0.233693
-0.571109
-0.923082
2.61559
-1.5306
0.570687
-5.82822
2.12964
-5.06142
-0.220134
0.131901
0.280447
1.61125
-0.357453
-1.13933
2.92159
1.62725
-6.29543
2.09096
1.08002
1.11541
0.116211
-0.0100664
-0.711662
1.37554
-0.171208
1.79922
2.04762
-6.68225
-0.191158
1.26684
0.774404
-4.09886
1.11658
0.331936
-0.0281696
1.10031
-0.170484
1.14239
2.01121
-6.95932
1.14664
2.05535
1.31703
0.174203
1.9637
-7.14789
1.51234
0.0451617
-0.699871
0.207747
2.30325
-0.256468
1.5637
-6.70786
1.91395
-7.1774
-0.149931
1.10681
2.38888
-1.85226
1.14157
0.602731
-5.0457
1.59043
-7.09815
1.87646
2.14961
1.39471
0.276642
2.44118
-0.142755
1.53899
-0.129254
-7.03861
-0.235144
1.8433
-3.24169
0.696622
0.966033
-6.8938
1.50232
1.7969
-0.117206
1.51943
0.97678
-7.0103
2.53215
-10.0042
-4.05875
-5.73284
1.75304
-7.15743
-0.279921
1.63229
1.0155
0.203661
0.973178
-9.29126
0.566136
-0.206055
0.201132
0.775364
2.72188
-4.65572
1.57743
2.94412
1.10555
1.10194
-6.33178
1.54189
-0.202769
0.714539
-1.25335
0.781949
2.0395
-3.20269
-6.14138
1.62402
1.4899
1.07882
0.99431
-0.516448
0.877478
0.510222
1.06223
1.476
1.55914
-3.25505
0.81313
-5.99429
-0.322241
1.49264
-0.322438
1.57129
1.51628
0.522649
0.467294
2.42039
0.298072
0.170691
1.52378
1.51385
1.24124
1.46782
-1.03369
1.41571
1.36325
0.275219
2.09674
-5.88239
0.814092
1.30256
2.17685
1.24058
0.834851
-0.106099
2.22963
2.17511
-0.150834
0.943139
0.519967
-5.80412
0.622012
1.30824
0.785743
-5.74437
2.99526
2.32163
-0.351513
0.768847
0.0773004
0.0327879
-5.67856
0.897912
0.799751
1.91792
-0.114693
-5.59104
2.21797
-0.239026
-1.5655
0.07968
1.47119
0.776322
1.73111
-1.38796
0.273625
2.6826
2.81426
1.07601
-0.165337
-0.294303
3.18547
0.64973
2.27048
1.36478
-0.0929869
0.191871
-1.46812
-0.00617945
2.0284
-0.0183388
-3.63645
0.560938
0.473051
-0.667443
-5.04762
2.36539
-4.33203
-4.1095
0.100971
0.410747
0.804946
-0.0807841
0.246028
0.748877
0.538906
0.490143
0.0652114
2.71514
1.58252
1.77512
1.90896
1.08216
-1.77191
2.67443
-0.411953
0.0964196
0.0878856
1.40344
-10.4502
0.367155
2.07782
0.180672
-0.132237
0.0306839
1.60552
0.698532
-4.63647
-8.48059
1.45352
1.61522
2.46589
1.53013
1.80677
2.07267
2.0323
-0.721464
1.92243
0.0222243
0.752633
-5.77628
-1.46109
-0.414644
0.841696
0.166972
1.83778
0.675977
0.385419
-5.17384
-0.797409
1.02313
-0.21191
0.0927274
-6.66598
1.50609
2.3588
-0.454354
0.0749791
-2.03588
-1.44877
-0.11738
-0.817145
0.560875
1.45475
0.524428
-0.207705
-1.54191
-0.620957
1.59059
-0.371426
-2.52231
-0.254994
-0.769486
0.826344
-1.49994
0.883903
1.06812
2.79689
-0.286419
0.397963
2.23547
0.163867
0.31858
-3.84945
0.848342
-1.0034
-5.20837
-0.426444
0.0722607
-0.225024
0.622634
0.270718
-2.67638
0.486681
-10.0885
-0.100717
0.178348
0.327897
-6.30721
2.18898
-0.0143064
1.5264
3.06699
2.24048
2.88904
-0.356214
2.18817
0.170377
-0.105913
-1.02837
-0.00294831
0.253206
0.407207
0.131454
0.166204
0.705099
-0.622822
0.904497
-3.24268
-0.915541
-0.50773
-0.68246
1.76764
1.07775
-5.48265
1.12801
-6.66431
-0.0789123
-5.33775
0.349948
0.00880146
-5.80037
-0.272611
-0.643265
1.64108
0.010051
-4.53971
-1.37042
1.62325
-1.25948
0.559782
0.398043
-9.16164
-0.148883
-0.26367
-0.206774
0.206632
-3.74957
-1.09372
-0.219151
-2.40004
0.252682
0.263906
1.68317
-0.960598
-0.216846
1.1882
-0.707892
-0.291416
0.663852
3.09768
-0.179518
0.296211
-0.469052
0.252868
-3.59044
1.7295
-0.264326
-2.04288
1.56475
0.130614
-7.7551
2.0546
-6.23884
-3.15856
2.2617
1.06994
-0.771929
-0.660185
-0.210563
-2.55592
-0.232598
1.53387
1.90873
-9.82562
-0.014532
0.211623
-0.211262
0.614339
1.44996
0.116413
2.22037
2.37423
-6.64492
0.776556
-0.229888
-0.168282
-4.50438
-0.079764
1.34652
0.30527
2.91284
-5.85599
-5.89649
2.59775
-4.5263
-5.30274
-2.45046
-1.89628
1.49806
1.43565
-9.4465
-2.14664
1.1672
2.50181
-0.00047249
2.54935
-0.939486
-5.45393
0.256378
-5.67822
-0.417242
-0.970367
0.550766
-0.713942
-1.04924
2.08052
0.602614
0.158904
0.773119
3.14331
-5.25432
-6.94035
-6.79554
-0.607481
3.09236
-6.48976
0.55771
-0.0799248
0.184066
-6.01124
-5.73179
-0.118916
0.145423
-0.0258861
-0.170199
-0.0841714
-5.79769
2.65165
-1.4929
-3.70586
2.6943
0.955062
2.23178
-3.79564
1.49687
-0.0562573
0.154025
1.29482
1.00233
2.36709
0.894625
-0.0117233
0.650357
-0.0732444
-1.40426
-8.74921
0.0703237
-0.355327
-5.09216
1.05633
0.700459
0.0863257
0.57699
0.0680507
2.54826
1.55725
1.46334
0.29195
-3.85966
1.40261
-3.16447
-1.28107
1.52372
0.106063
-3.29865
0.017701
2.41431
-1.82192
2.32573
0.00961636
2.17491
-0.137505
2.38618
1.12415
1.1651
-6.03575
-0.459946
1.64253
1.12114
-0.824555
-0.327544
-5.03142
0.105096
-1.8992
2.56409
-0.303414
0.571897
-5.11652
0.537593
2.17712
-2.34961
-5.16404
0.654383
2.567
-0.318818
-0.70328
0.150949
0.278451
-10.1731
-0.174078
1.17573
-1.80088
0.570776
1.62971
2.15078
0.89571
2.14564
1.84048
0.306191
0.13818
-0.495672
2.50686
3.00223
-3.46502
0.46092
-1.00899
-0.341535
-10.6834
0.301949
2.69554
-5.18313
1.69591
-0.565997
0.875752
2.27183
1.66952
-1.0977
0.152219
1.21083
2.40733
0.134652
0.367374
0.384433
1.6738
0.884352
-5.1753
-0.428999
-0.965375
-5.03216
1.78027
-1.31312
-3.45549
-0.735485
-5.21718
1.41489
-0.796709
-0.0466954
-0.0445668
1.16625
2.61804
-0.196947
-0.875992
-0.0447394
-1.68188
1.81523
3.11241
0.185546
-2.17593
-8.96784
0.380342
0.389471
-0.0959581
-0.72535
3.03528
0.50625
2.49347
-2.71322
0.582607
0.798074
-4.46945
-0.199509
-0.82411
-3.70719
0.875192
-0.169335
0.288148
-5.07918
0.857081
0.464044
-1.19543
-5.95789
0.612886
0.690298
2.4146
-0.565636
-0.271109
0.491569
0.282255
0.123482
-3.41211
2.38667
-2.15446
1.56541
2.1053
1.73313
-1.19297
0.375857
1.69871
-0.394585
-0.186734
-0.213646
1.18712
2.30258
2.39692
2.01718
1.62955
-4.50494
-5.28156
0.747944
0.220892
-7.45589
2.61216
1.76302
0.946372
1.1211
1.03933
-5.34409
-3.15925
2.08837
0.636205
1.04423
-0.119777
2.24964
1.47982
-0.144375
2.46344
-0.045693
-1.8888
-2.35012
0.0794178
-7.84659
-0.179438
-1.7065
-0.280915
1.49592
-0.48782
0.746195
-2.05312
0.541023
-9.70491
0.132246
-0.0195425
2.49076
-0.981198
-0.162481
-9.61832
0.505468
2.02577
1.06447
-4.2085
-0.16094
-7.49375
1.23447
-0.977381
0.0238941
-2.69751
0.0932961
0.101904
1.67108
3.21998
3.11203
0.219209
-0.121057
-5.02317
2.4681
1.67785
1.30299
1.86841
0.292239
2.42537
0.06979
-0.477606
0.0161524
-0.0448615
2.14633
-1.66047
-3.25476
1.25683
1.33661
-0.211594
1.38209
2.22022
1.36613
2.20092
0.707833
1.62501
1.55285
0.961165
-0.199188
2.56305
-0.6138
0.404303
-4.72542
-1.18277
-0.0123382
0.566903
-0.0394525
1.90396
2.24719
0.626074
-9.12494
2.15697
0.769075
-3.8369
1.15096
0.636177
-8.34915
0.366646
2.00188
0.027156
-0.279184
0.86322
-10.7944
-0.985872
-0.630138
-0.137938
0.812069
1.58299
2.67323
2.99156
0.32284
0.371953
1.33288
-0.958611
-3.27153
2.29419
-3.45184
-5.68839
0.857928
-8.41647
-4.45063
-0.0784733
1.07818
-1.74536
1.02689
2.28507
0.501391
-0.109752
0.172193
2.5141
0.19797
-3.02971
-1.68487
1.13368
-3.27332
1.66384
-0.926232
2.29802
1.54766
1.08259
-0.17165
-0.84246
2.4491
1.12715
-0.09162
-3.045
-1.2607
-0.178731
1.52369
1.34385
0.623523
-0.21083
-0.987033
1.35016
-0.746518
0.140878
-0.375106
1.31236
2.84375
-0.157877
0.0113009
0.224976
0.0268771
-0.4327
1.21857
0.677709
-4.25318
-0.113465
0.160232
2.1608
-2.14607
-0.442707
1.59389
1.92327
2.33762
-0.150865
-1.28173
1.30844
0.928247
0.213232
-6.21821
-0.941264
-1.29604
1.39057
-0.49086
1.16626
-2.01947
-0.405812
-0.222153
-0.131809
-2.73991
-0.0869305
-0.194279
2.23573
2.21252
1.02029
-3.91308
2.5086
1.27696
-0.813701
-0.0598642
-1.67341
-0.115019
-0.129423
-0.254564
-4.52361
1.20597
-6.90601
0.81658
0.0145658
-0.377003
2.41012
1.30863
2.27623
2.1479
-0.813664
-5.06217
0.227129
2.87226
-0.138208
0.974122
1.51373
0.00836187
1.86577
0.648894
-0.0830022
1.08287
-0.174521
1.86276
2.19473
1.41017
1.52061
0.0441251
1.4168
0.179317
-2.3308
1.79928
2.38894
0.484625
-0.905559
-1.41729
2.62691
-0.354668
-5.37262
-4.87483
-0.123716
0.00437176
2.87443
0.585853
0.130823
2.04709
-1.03668
-0.150642
-0.0831905
1.72393
0.990002
0.75916
-0.866341
1.5475
0.0173609
2.84832
2.81862
-1.15915
1.78281
-0.993375
0.553358
-0.193965
1.55946
-0.453676
2.25822
-6.06309
1.94984
0.594064
1.13981
2.13308
-0.505827
0.0980039
0.192181
-0.260709
0.349742
-3.11046
-1.1942
-2.8829
-0.79539
2.35556
-0.877935
2.59458
-0.0737175
-3.63668
0.287224
-0.399372
-2.01295
-0.906012
-0.285619
-2.31003
-0.580233
2.2229
-5.93344
2.31501
0.211019
-5.63066
-0.2154
-2.6294
0.570874
-0.119618
2.51903
0.757381
0.269966
0.118996
-5.80284
1.35026
-0.0857579
0.973732
0.155655
-5.04071
-0.830979
-1.39714
0.402796
-0.593511
0.645948
2.18466
1.8278
-0.308311
-0.184341
1.51999
1.50917
2.58755
2.83716
1.2019
-0.192979
1.49819
0.909917
0.278247
0.197164
2.53091
-6.19098
0.595861
-0.573172
0.692619
0.0342036
-0.225225
0.144405
0.479521
0.883694
3.00903
0.118429
1.49343
1.55751
-5.09378
0.486714
-6.86028
1.35322
-5.91702
-1.89352
-0.523723
0.00741694
1.51519
0.800944
2.48939
-0.131687
2.31508
-0.226252
2.88992
1.64747
1.48347
-1.67456
-1.71692
-0.12332
0.193499
-1.9794
2.04612
2.10944
1.22531
0.164954
2.88882
0.593175
1.51697
-0.222058
-5.00778
0.24105
0.502675
1.76316
-0.572784
-0.113467
-0.248198
-0.0126361
2.43201
0.842216
-5.00541
0.415524
-0.122961
0.112087
0.433643
0.0656875
0.905416
-1.43824
0.012549
-0.323385
-0.0887911
-10.5366
-0.240012
-7.38173
-7.70267
-0.1559
1.67323
-0.0853987
0.709327
-0.156658
2.06024
-4.77079
0.309474
0.223073
-0.642516
-5.73712
2.21956
1.49463
0.0899717
0.199439
2.19689
-1.42973
-2.90889
-1.30071
0.0334967
-0.331127
1.20244
0.9816
-0.0996026
0.283763
2.28902
-0.0423074
-0.0598466
1.23541
0.864707
-0.531279
2.09033
-5.08922
2.39068
0.90345
2.00459
-0.369377
-0.558145
-3.54033
0.498694
2.33076
-0.67645
1.4512
0.864273
-1.6247
0.31771
-0.95527
2.77246
1.3165
-0.0256814
0.856223
0.120578
-0.206956
2.17892
-9.17566
1.14035
1.88316
2.93748
1.79917
-7.26417
-6.75919
-0.52627
0.107171
2.18034
-0.537931
0.141104
-2.66896
-4.89912
2.19447
0.266283
-3.82914
0.141186
2.11968
2.86712
-0.210016
0.0981913
2.10064
1.96969
1.13429
2.29539
-0.859865
-1.80787
1.44528
-2.80097
0.789192
-0.0403983
-3.43087
2.25005
1.09423
-0.818728
-6.02251
2.11688
-6.65185
-2.08074
-0.0795393
0.590483
1.49453
2.3342
-2.53362
0.0359177
-1.97028
2.99094
3.02427
1.5292
1.91723
0.0143103
-10.5096
2.72014
0.410477
-0.289774
-0.0467157
0.00261653
-4.87202
-0.250433
-10.0617
1.18658
-0.744212
-0.171616
1.88986
1.74852
-1.31331
-0.231775
-0.674112
0.618979
1.16229
2.23875
-2.76565
0.0989632
-0.397669
0.994803
-4.99943
-0.240705
2.03367
1.84261
0.0207868
2.13121
1.92861
1.43455
1.01068
0.987134
-4.4885
1.75079
1.11081
-0.844512
0.10462
-0.26608
2.09459
-1.3644
1.15805
0.822783
1.52989
-0.27005
1.65433
3.16695
-5.70179
0.778065
0.626859
-10.9579
2.76428
-0.0571495
1.0564
-5.77578
0.0516317
-0.0896877
0.421032
0.533303
0.95965
1.00111
-3.10295
-0.155719
-7.30024
2.14386
0.629233
-5.18515
1.84978
1.62746
2.6913
3.0631
0.145998
1.53941
-1.04543
1.2894
-0.0103291
0.974662
2.58816
2.22378
-0.614689
0.0220972
1.41659
-0.279596
-3.94702
-0.570119
0.483298
-8.3768
2.98225
-0.501115
-0.41327
2.09744
0.762211
0.908189
-0.236288
-1.79315
-0.0262073
2.08209
-0.162121
0.149911
0.65041
-5.1072
-0.223996
-0.618508
1.87825
1.20749
1.79429
-1.43906
1.37215
-0.239584
1.81886
-1.34216
1.52986
1.44185
2.22191
-9.59628
-5.0132
0.439265
0.0294255
-10.578
-0.589191
0.779864
-2.40404
2.64823
-2.71474
-0.214011
1.26637
-9.87074
-1.59177
-0.668835
0.202457
1.00124
1.32828
-0.254039
0.60147
1.14945
1.45971
0.908212
0.0469849
0.0353914
2.86423
-0.155704
0.658106
0.554803
-0.585528
0.44284
-0.25156
1.77004
1.7885
-0.754945
-7.77655
-0.921138
-0.034981
-7.18896
1.29808
-7.0667
-8.22661
0.507852
0.200553
-0.316349
-0.796086
2.30064
2.9505
-0.835164
2.06169
2.88644
0.902735
-0.189637
-0.478633
-0.0204568
-1.03893
-2.00211
-3.34367
-0.618296
0.787904
-0.177923
1.04253
0.779322
1.91377
0.690501
1.94376
-0.223759
0.467786
0.874844
2.75213
0.867029
-5.03921
1.23459
-0.241776
-0.243833
2.24275
1.50788
-0.759675
1.64797
-0.19736
-0.229767
1.87085
-0.273143
-0.630978
-3.98019
1.49081
2.04126
2.83695
0.481621
1.50589
-8.45192
1.39832
-0.110912
-0.556669
1.26969
-0.699701
0.841387
2.01205
1.76915
0.623328
2.11845
-3.16944
1.53827
0.478499
1.40144
-0.268904
1.45133
1.45187
-0.288822
2.03219
-0.79674
-0.678548
0.589638
2.73581
-0.248951
0.931378
0.74376
0.839587
2.63521
0.740422
2.79687
-1.52369
-0.589412
1.90567
0.712949
-0.249808
0.662818
0.586654
-0.593132
1.36226
0.755204
2.74122
1.3939
0.819481
)
;

boundaryField
{
    SideWalls
    {
        type            empty;
    }
    Top
    {
        type            zeroGradient;
    }
    Inlet
    {
        type            zeroGradient;
    }
    Bottom
    {
        type            zeroGradient;
    }
    Outlet
    {
        type            fixedValue;
        value           uniform 0;
    }
    Plate
    {
        type            zeroGradient;
    }
}


// ************************************************************************* //
