/*--------------------------------*- C++ -*----------------------------------*\
| =========                 |                                                 |
| \\      /  F ield         | OpenFOAM: The Open Source CFD Toolbox           |
|  \\    /   O peration     | Version:  2306                                  |
|   \\  /    A nd           | Website:  www.openfoam.com                      |
|    \\/     M anipulation  |                                                 |
\*---------------------------------------------------------------------------*/
FoamFile
{
    version     2.0;
    format      ascii;
    arch        "LSB;label=32;scalar=64";
    class       volScalarField;
    location    "4.7";
    object      p;
}
// * * * * * * * * * * * * * * * * * * * * * * * * * * * * * * * * * * * * * //

dimensions      [0 2 -2 0 0 0 0];

internalField   nonuniform List<scalar> 
5098
(
-0.699036
0.459263
0.238018
2.08778
-0.694181
2.31654
0.0197968
-0.862287
0.240507
0.298235
-0.288211
0.8517
0.461711
2.59274
-0.441701
0.0138096
-0.101699
-1.29089
-4.92884
-0.125339
1.44225
0.0131372
1.07031
3.11998
-3.14386
2.24457
1.3956
1.55631
-4.87707
0.80451
0.7014
2.76494
1.63623
0.00329019
-0.421052
-3.15133
1.69897
1.60391
2.49767
1.24437
2.0507
-6.95012
2.21737
0.18602
-0.252265
0.578808
-0.203252
2.8025
0.714681
2.12519
0.17078
1.88247
-7.04594
1.52675
2.31979
2.17879
1.60336
1.96844
2.77104
-0.137633
-0.202441
-0.413039
-0.438831
0.487276
-7.09761
2.61922
0.0610023
0.109599
1.33045
1.87776
1.55322
-0.103843
1.38785
0.129269
-0.0984596
2.12736
-0.0213744
2.22527
0.304018
2.10561
-0.177248
-6.94815
2.04818
-0.0288252
-1.41047
0.746694
3.30611
-0.00961594
-1.08184
-0.246452
0.963614
-5.55556
0.853076
2.08892
2.50981
0.00656111
1.85797
2.28072
-0.0831241
1.38536
-1.04044
2.25579
0.113995
0.104093
2.23847
-0.454608
1.44135
0.075853
2.8424
-0.349668
1.98509
-4.66695
1.58751
-6.01874
1.37884
-4.85112
-5.7977
-1.54675
0.0441903
3.0992
1.84076
0.0628477
0.302836
-9.71198
-5.43951
-0.140543
1.45749
1.10874
2.53724
-5.85081
-5.807
2.70161
2.6712
-1.30406
-0.551242
-1.56011
-1.79607
1.41249
2.52674
1.53981
1.88755
-0.0201237
1.47501
0.266488
0.610566
0.100911
1.38619
-0.555481
-0.994814
1.25665
-4.29625
-4.51528
-0.610484
1.63922
3.34543
3.04615
1.97151
-0.905691
2.05587
-4.75135
1.55879
-0.492862
-4.3213
1.88003
-1.87622
0.544466
-0.750356
0.709441
-3.21976
1.95794
-0.0152605
2.12902
0.353534
1.56533
0.61907
0.749414
2.00285
-2.85129
1.96421
3.35015
-3.16021
-4.59698
1.85462
-1.96125
1.8439
-0.988274
2.19319
1.66712
2.10178
-8.69424
-4.61778
0.290999
1.33884
-0.12351
0.573447
-5.73538
-4.85499
-1.72926
0.0128291
1.92336
-5.91892
1.87285
-0.239852
0.498584
1.44289
3.04361
-0.730767
2.55524
1.07801
1.33262
1.68991
1.84017
0.274876
0.508237
-0.707009
-4.91431
-0.12077
-0.542203
-5.4166
0.755022
0.890956
2.22364
0.0962408
0.880702
-6.42736
1.59557
3.29735
1.46682
1.45359
0.43496
1.53454
3.17503
-5.11399
0.0143804
0.413223
0.461317
0.995685
-9.20548
-1.98292
1.85228
-7.65299
0.305626
0.159259
2.88523
1.40838
0.936475
2.5488
-0.421699
-0.1142
0.880283
0.351553
1.50632
-5.26841
-8.0081
1.70419
-9.61888
-0.562548
0.279345
2.76397
-0.00461375
-0.978718
-7.07281
-3.7898
1.40463
0.0539559
-0.732851
-4.72997
-0.366255
0.0933904
1.85735
-8.47501
-0.077673
-4.73394
0.0935146
2.73372
0.139238
-5.94839
-3.3266
0.836088
1.68864
-5.3718
-0.782216
-6.58462
-0.890871
0.0305343
0.0362194
1.69375
0.104907
0.560956
0.927838
-9.85578
-5.00793
2.87401
-0.172987
1.45924
0.277202
-0.432796
0.640023
1.33375
1.65756
0.0984127
-0.794466
2.18569
1.33657
-0.699629
1.70249
-1.90323
0.751414
1.81223
-0.20699
0.999099
-5.32426
2.2746
-0.129366
0.415641
3.33526
-1.65535
0.107414
1.13225
2.97984
0.281667
-5.10224
-1.68479
-5.28636
-0.0626022
2.52972
0.430275
1.41011
2.81537
0.0453464
1.85786
1.08865
2.52925
0.748411
1.83786
0.150326
0.707605
2.15187
1.3029
1.81159
1.43682
1.9094
0.361007
1.5704
-4.60962
-0.0525492
1.43913
-4.88199
-1.51752
0.798268
0.588871
2.91761
2.95455
-5.57609
-0.143765
-4.52453
-1.39062
0.63241
2.4984
-0.140988
1.47915
1.48646
1.08379
0.0198905
0.132169
2.76184
1.57806
0.952221
0.833188
-10.1336
2.67328
0.192272
-2.78373
-0.16817
-0.0856289
-0.431818
1.87904
0.317236
0.76141
0.0230639
1.51413
-0.118491
1.69493
-0.756045
0.204792
-2.32577
-0.358314
-9.07495
2.01175
0.10185
1.39085
0.440237
1.55322
1.99211
0.992783
-5.03044
2.15973
-5.49517
0.429915
-0.650844
-4.35869
2.91742
2.12936
1.49217
-4.79139
0.407183
1.54229
-0.943313
0.272866
-1.0376
1.49263
-0.248226
-7.5518
-0.0128434
-1.74741
0.0674854
1.34815
2.87443
-2.14287
0.779575
1.491
2.22029
-0.159962
0.786962
-4.42462
-5.49892
0.114903
-0.450504
0.106557
1.5845
0.0630145
-4.82099
0.0303675
1.71035
-2.06725
-5.27339
0.149145
1.11147
1.23788
-6.18616
1.95282
1.82198
1.0563
-0.0659743
1.21464
-1.77538
-2.18692
-0.411579
-4.83781
1.47464
-0.172373
1.02935
1.52475
-0.0504933
-0.166097
0.188965
-7.28554
0.757056
1.59773
-2.97184
2.18818
0.0414852
2.88287
-2.80374
2.01765
-0.822939
-6.43934
-6.84486
-0.582954
2.01073
-4.96179
0.790489
-0.0334565
-1.88027
1.37678
-6.18736
-5.19417
2.24972
-3.13456
0.82796
0.565201
-0.888028
-5.33003
1.34453
0.166827
1.79277
0.266355
-0.603093
0.240743
1.57323
-2.893
-0.500468
-0.482301
-6.19432
-5.39287
-0.00081436
2.39018
-3.48352
2.30902
1.6362
-1.07175
1.08632
-5.0676
-1.24073
-4.86456
-3.43216
1.07862
0.861046
-4.20743
-0.383446
-5.39427
1.50394
1.64667
0.520849
0.667468
1.46265
2.97942
-6.84475
-0.596487
2.39001
-1.03216
-0.628271
2.91831
0.0267606
-3.71624
0.0092825
-4.27284
-4.14751
1.56018
0.850934
0.446725
3.27776
-2.65614
-0.084244
-0.653176
-0.314224
0.0174793
-1.70224
-6.00793
-0.0879846
1.33083
0.13667
-6.85007
1.81414
-0.0695918
-0.462295
-0.365649
-0.476829
3.27524
-3.16883
-2.13662
1.81705
-0.513929
-4.51095
-0.911868
-0.181328
-5.51196
2.29266
-0.202309
-1.04265
-0.205239
-0.512839
1.78633
-4.85647
0.079203
-4.13676
-5.35703
0.0470181
-2.88073
-5.28171
0.933762
0.689492
-5.23671
1.40806
1.84391
3.2354
-0.264934
1.77963
2.5457
-1.20296
0.119432
-4.16023
0.67446
0.0264927
0.279137
-0.223217
0.0270872
1.06236
0.574429
-6.79157
-5.3549
2.89237
-1.44009
-1.85761
-0.333845
1.77947
1.11545
0.928494
-2.67122
-2.40585
0.046991
1.94212
0.82001
0.465133
2.70348
0.0338553
2.5751
-2.50013
-6.64312
-0.0132199
0.00054054
-6.89915
-5.25822
2.63314
-2.70486
-2.42099
2.66541
-0.936634
-0.107395
-0.228764
2.87228
-4.90635
2.3889
0.216114
-0.00978092
0.406559
-5.91074
1.27225
-0.247878
-0.188869
-3.81347
1.47594
1.99169
-3.83263
0.0848823
1.97178
2.76552
-7.06469
1.61773
3.23731
-2.44656
1.00592
-0.783925
1.62381
2.36057
2.06214
-4.43926
1.59793
0.558938
-1.14431
1.43168
-0.324299
1.91462
-0.453383
1.66844
1.07434
0.0604015
0.0633042
0.536236
1.64739
2.05371
0.108772
-0.838176
2.7888
1.78011
2.14584
0.196845
-0.339087
0.0759715
0.0760676
2.71814
2.92051
-3.25454
1.71982
-0.87259
-4.74732
0.11792
1.57177
-5.13977
-4.78395
-1.10471
-0.946062
-0.248936
0.771816
-5.63853
1.73887
2.09364
-4.94701
2.15966
0.0188507
1.64046
-7.33455
-0.811153
-0.237554
2.84532
-0.307486
-0.468603
-1.30232
-4.64923
1.42187
-0.820262
0.958611
2.64179
-1.44244
-1.81461
-3.44371
-2.49593
-4.947
2.0972
-1.05063
2.80278
2.78238
2.61405
-2.44394
-5.63735
-4.57637
-5.17295
0.12765
-5.19734
-4.60428
-9.55318
-2.06279
2.17752
-5.72299
1.93164
-3.01582
2.58289
1.43961
-3.78637
0.204505
-4.91031
3.20071
0.0752171
1.51599
-1.66665
-2.45459
-0.700905
-2.03724
-3.73386
2.06216
-0.505456
-0.652202
-4.79779
-6.3763
1.04497
-0.638176
-0.287913
0.0416193
0.456143
0.344623
-4.46477
2.07014
2.61039
-4.34641
1.20595
-2.64282
1.96759
-4.68579
0.163305
1.17164
-1.2206
-0.382847
-5.769
-0.354852
-6.54565
-0.683408
1.8135
1.26011
-4.32933
-0.225322
1.13345
1.34338
-0.0540801
0.71665
-4.82036
3.24494
1.19059
1.88269
0.127494
0.760835
-7.3589
-5.73532
-0.320692
-6.53463
-0.12824
2.69971
2.31055
-0.247679
0.954829
-0.52362
2.42158
0.844357
-6.15974
-7.19842
-8.94621
-4.90984
7.04421e-05
0.135114
1.69918
-1.40539
-0.204763
-4.2336
1.40872
-0.166489
-5.46506
2.1728
0.990911
2.74835
-0.540259
1.76907
2.16088
2.01653
-0.365127
1.84395
-0.314992
0.459801
0.296407
0.130908
1.02818
-5.30291
-6.98986
-0.905058
-5.53893
0.759927
1.61998
0.520939
-5.72225
0.609996
3.32353
-0.45744
1.91514
0.0214226
2.64078
-5.31035
1.5364
-0.0924861
-3.45935
2.81363
-0.0635846
-4.59682
0.688881
2.90501
1.86374
-0.551815
-0.919694
-1.97634
-3.75663
-3.09908
-5.40879
1.97893
-3.60646
-6.1383
-6.33574
1.31847
0.0210835
-5.25159
-1.0555
-4.284
1.0838
0.0464061
1.75482
-0.802172
-5.23274
2.6554
-10.317
-3.54167
-4.99957
0.372344
-5.9173
-7.61207
-3.94317
-0.223339
0.033767
1.39368
-7.13808
-1.77912
-5.14766
0.208315
-0.74317
0.602985
-0.134448
-6.63169
1.491
-0.0136744
2.48389
1.99668
0.689755
2.12768
0.466494
1.41156
3.08046
2.15373
-4.8654
-1.04199
0.158422
-1.08059
-0.758228
-3.59745
1.80514
-4.18441
2.43359
2.52767
1.70401
1.6794
-3.33007
0.901133
-2.70307
-0.141232
2.68628
1.97094
-0.31361
-0.134636
-7.03426
-1.76733
0.0223678
-5.05753
-2.42663
-0.522633
-0.0763762
-0.522699
0.742942
2.76425
1.7522
1.9797
1.78581
2.05758
0.0391245
-0.326912
-0.558248
-4.73814
0.511564
0.391501
1.44786
1.09905
2.85126
-1.52825
-0.86882
0.0528776
1.59978
-0.108767
-0.163368
-5.21808
3.16788
1.65636
-5.2796
1.65741
-0.650957
-5.37122
1.3978
1.85372
0.971202
0.487511
0.864808
-0.0564793
-0.212332
0.17456
2.69937
-1.41166
2.3838
-5.93963
-0.226552
-8.3683
1.31764
1.99489
-1.64376
0.0720432
3.14987
0.446073
1.43816
1.45338
2.92994
0.188108
1.88599
-0.226632
1.8773
0.0736218
-0.285388
2.44237
3.22853
0.497117
-0.664788
0.195654
-0.953988
-4.29428
1.73785
0.83032
-2.7538
1.62899
2.11568
1.60282
1.684
0.152068
1.75036
2.45495
-1.11632
3.01255
2.0788
1.00109
0.0117561
-1.19046
0.132842
1.79732
0.327635
1.79081
2.07698
1.64014
-2.18019
-2.30346
2.13117
1.21681
2.30841
-0.225706
1.53925
1.90542
1.24858
2.18241
2.14329
-0.0984915
-0.365314
1.71468
2.11087
-1.32751
-0.620362
-1.59552
2.07552
0.39657
1.84112
2.94174
-2.66807
2.85746
3.11445
0.0966152
-0.92132
0.11694
3.30705
-3.82106
2.04077
2.95719
0.660678
-6.95714
0.887749
1.29938
3.08414
1.34976
1.24131
3.20071
2.32613
-0.465472
3.18368
2.6348
-1.03936
-0.361713
-3.53345
0.0217263
0.480961
2.02817
2.605
-3.77593
-0.168546
1.01452
0.618508
2.22337
-4.15765
2.71879
-1.70867
-4.11943
1.48402
-2.38493
2.03488
-0.528128
1.36411
-0.922533
2.611
1.79669
1.67037
1.78025
-5.14361
-0.248353
-0.1105
1.11272
1.11906
2.75553
1.95865
0.010267
1.18642
0.561849
-1.22697
2.58524
-0.710587
2.16994
0.0634307
0.134952
-1.54796
0.345034
0.923928
2.89795
-0.0476515
1.19164
-1.20305
-0.608797
2.50481
2.34905
-2.2284
2.45145
0.600416
-1.58686
0.216832
1.15731
3.26455
-0.247826
-2.98375
2.23563
-0.0193351
1.78108
-6.76086
-7.67455
0.113627
-5.48444
-7.35391
0.693094
1.87041
-0.173406
-6.9917
0.0113495
-0.314478
-2.28536
0.771865
2.78793
1.32034
1.14176
-0.0511562
-0.0861707
0.171448
1.30979
-0.673016
0.00990351
0.0874629
0.00718525
0.280577
1.16106
0.554497
0.75112
1.24927
1.21805
-1.72462
-4.75195
0.303061
-1.10678
3.15103
1.05606
0.644636
-0.0347505
-0.900896
-1.04265
-0.148088
-0.906706
-2.42378
-0.426462
-0.920522
1.86785
0.553022
0.0288038
2.01449
-7.1864
-0.741606
2.73381
-3.26324
-2.3
0.64378
1.59209
-0.950723
0.430735
-1.48652
-0.159832
-0.102262
-0.482553
2.06295
-3.17049
1.08725
0.0809367
-2.62572
-1.39679
-0.320193
1.43495
0.209618
-0.584653
2.73081
-9.76147
1.76112
-0.774942
-3.41981
-2.26265
-0.562414
-8.72699
1.72966
1.60457
1.73773
-0.240079
-7.71483
2.43123
-1.98716
-2.69673
0.0124719
-3.71143
0.0226407
-0.695515
2.48577
-9.94038
-4.87196
-0.713869
1.19175
1.04778
-5.08569
1.14723
0.118478
-0.646419
0.572394
1.01484
0.716998
0.116467
-4.75003
2.5576
-0.275024
0.0223411
1.04414
0.0121764
1.15731
-5.85641
-0.456089
-0.668286
1.23382
-0.0756537
-0.0778294
0.757351
0.0113562
0.101132
-0.399072
1.74252
-0.143878
-0.766312
1.57999
1.46395
-0.0428914
0.821314
0.835692
1.64127
2.08784
1.85799
0.22971
2.7898
1.38578
-2.30591
1.24192
-7.01209
-0.0690325
0.0588954
0.639091
-0.707603
2.81527
0.533772
0.454397
0.0418448
0.741562
-0.012011
0.622091
-3.92245
1.34402
0.0137307
1.57371
0.887563
1.65455
-8.14591
2.13647
-6.11402
1.6286
1.72136
0.534674
-0.114107
-1.74509
-0.229607
1.99924
-3.23423
-4.75037
1.95561
1.14392
-0.0876433
1.99572
1.1996
-0.903228
2.6087
-2.02143
0.378285
-1.42447
-1.48877
-0.0896718
-0.326538
-0.84582
2.87341
0.00820636
0.518872
-0.391362
-0.622865
1.71391
2.10912
0.0152739
0.03113
1.5377
-4.79182
1.58782
1.6456
-0.394806
-0.467049
1.2337
-0.191325
2.90935
-5.81031
1.28347
-0.0833068
-1.39538
2.73226
1.86136
0.411982
2.35833
-0.918275
2.16841
2.09809
-0.0164896
1.57514
1.58247
1.24634
1.57868
-1.15556
1.71769
0.182466
0.952503
-0.00037453
-4.82917
1.67334
-7.24556
-5.3226
-0.119699
-0.190987
1.32267
-4.60171
1.54991
0.45861
0.782386
1.55737
1.39739
0.557968
0.209982
-1.04675
1.57987
1.00804
-7.22161
-1.18602
-0.0180423
1.66543
-6.6906
-5.48909
1.42546
-6.0663
2.10678
0.982529
-7.60035
-6.16053
1.8758
2.03898
-0.62805
1.36892
-5.17802
-0.986705
-3.70449
0.468454
-0.863908
-6.70453
3.08077
0.878923
-5.06313
0.0340023
-0.658803
1.57663
0.991612
-1.34979
-7.09953
-1.04801
-0.789467
-5.15169
1.30599
2.59214
-0.442971
-3.57317
0.023634
-7.5683
1.79329
3.11467
-10.841
1.19216
1.77473
-7.36391
0.540028
2.81606
-3.794
-1.25448
1.28428
1.39747
1.19656
-0.843121
0.963462
0.00423205
1.11248
-2.22076
0.0630771
1.65891
-0.435025
0.37626
1.00769
1.49635
0.923404
0.0896372
0.698351
1.66107
1.21849
1.53581
2.92423
-1.53477
2.74727
-0.0328609
2.69181
3.23073
-6.76781
0.226305
0.375972
1.50986
-4.54822
0.719544
1.06497
0.0437978
1.8348
2.4188
1.89462
1.94624
0.382289
1.2057
-8.87188
3.1735
-6.65886
0.145004
-0.848927
-0.882941
-9.99576
1.69891
1.93702
0.900362
2.01894
-2.42238
0.0909898
2.09696
1.62046
-0.173049
-0.568446
-0.00915239
0.155478
0.506846
1.73807
3.0516
1.53396
2.24203
2.16435
1.85043
2.92941
1.03878
1.58382
0.160945
-0.622438
0.899218
1.27735
1.3275
3.20886
0.604738
0.859339
0.00279846
0.0742407
3.08344
0.947445
-0.449841
-2.71339
1.42977
-1.39556
-0.115339
2.32485
1.63104
1.55765
1.74276
-0.81727
2.32656
-5.04041
1.5281
0.266093
0.243682
0.155938
2.57984
0.276588
-0.0214182
1.69025
1.62623
-0.879457
1.4311
2.65286
-0.301772
-3.30002
-6.80433
-4.89384
-0.590313
-5.44454
-0.561769
1.48424
0.636629
0.0639201
1.76095
0.151268
-0.497394
-0.999186
-3.75353
-1.78465
0.231385
-6.73776
-8.82612
1.59166
1.50257
2.25875
-0.166175
0.642028
0.0175635
1.48421
2.5327
-3.24478
0.0315435
0.0164375
2.66982
1.25173
-0.194749
-0.876266
-4.81208
0.0321239
-1.01883
2.81028
0.0171833
0.000144163
0.671832
0.643647
0.0120908
0.844614
0.268429
0.856376
-3.57846
-4.67392
0.279828
-7.88961
-0.0381227
0.82634
-3.85972
1.78428
1.05822
2.99165
0.643082
2.67596
-0.75846
1.82843
0.0238224
-0.123854
-1.191
2.51467
-0.408375
0.396434
0.293367
-4.24648
-1.60521
0.0146887
0.0546154
-0.0931373
-0.248437
-0.112708
0.219816
1.01546
1.9875
-4.57078
-0.843548
0.249605
-0.191278
0.0472343
1.77171
0.374016
0.819807
-0.225981
-0.0049177
2.35019
-2.14584
0.817128
0.00215323
0.0483815
-0.459201
2.31566
-2.00326
-0.00539819
-0.0529979
-4.69492
-0.65665
-0.0697478
2.70035
1.93258
0.017711
-4.39787
-3.4312
1.62045
-0.02737
-0.27838
0.00586087
0.659286
-0.68958
-0.0160594
-0.769995
0.00826804
0.657443
-0.762614
1.76247
0.521835
-1.01275
0.0689459
0.598438
0.150367
-0.313376
1.71005
0.174875
-0.360467
-0.502895
-0.130408
-0.322573
-0.0463948
1.71673
-4.16355
-1.15606
-0.82202
0.0169165
-1.96574
0.159319
-0.0667276
0.0149858
2.45015
1.11447
-4.69827
-0.02219
-3.58058
-0.284219
-0.225412
-0.0969062
1.65431
1.02823
1.30541
1.60346
0.220566
-3.43176
-0.788387
-4.70248
-0.0354787
1.85019
-0.0601816
0.680077
-6.98371
2.01193
0.0590152
1.71221
-0.118311
-0.370032
2.1707
0.035714
0.0247384
-3.67015
2.39448
0.353924
1.43347
1.67201
-1.65686
0.0256261
1.52158
-4.63296
2.34462
-0.4216
2.28791
-1.39137
-0.06214
-0.501538
1.73301
2.22961
-3.32907
1.38109
0.649717
-0.118084
2.52307
0.566693
-2.99506
1.56337
-0.020896
-0.00394494
-0.872469
-2.42412
-0.0150246
-6.32041
0.00259963
1.45191
1.12393
-0.0761312
0.0678736
0.705054
-0.00627459
1.50644
-0.20919
0.021672
-0.965871
-0.0385025
0.0787901
-0.0702013
1.44046
0.452181
-0.005997
-5.33171
1.84947
-0.0616603
-0.198951
-0.0904668
0.522221
2.67631
0.211056
0.008552
1.31547
0.225371
-0.144543
0.167836
-2.882
0.202486
0.0664933
0.111605
1.70108
0.00557592
-0.045674
-8.43688
-0.0109462
0.036403
-0.286286
1.654
-0.311656
0.0180125
0.537528
-0.254951
-0.0304782
-0.00331911
1.16747
-0.673268
0.195911
-1.21009
0.115508
0.0303902
0.0147101
0.0169948
-2.77952
-0.539808
-0.571212
0.445028
1.06153
0.088927
0.704546
0.759551
-0.0138276
0.021317
0.76988
0.0265363
0.0161009
-0.337086
-0.0924289
0.315484
-1.15295
-1.435
0.0180984
0.35367
0.151459
0.996764
0.887494
0.109335
0.366656
1.68306
0.0757186
-0.977574
0.00210923
-2.98932
2.23374
1.55024
0.11947
0.02163
-0.0546688
0.106818
0.0428065
0.00604498
-0.533977
-0.175781
1.5105
0.268666
0.0186016
1.58118
0.109774
2.48139
-0.0491901
0.22222
0.187467
-0.0723573
2.36274
0.00273902
0.0421045
-1.25227
0.048622
1.08801
0.599699
-0.00693985
1.62017
0.0985922
1.33333
2.1973
1.05137
0.875736
0.029469
1.03705
0.0749728
0.365112
-3.58429
-1.22178
0.0713827
2.10788
0.55661
1.58934
0.750807
-0.00199596
0.0618068
0.0939543
-0.292901
1.2764
-0.818545
0.0454239
0.00723656
0.040362
-0.0385533
-0.274237
-3.53371
2.72666
-1.76325
-7.03467
2.54803
0.031728
0.0463857
0.0188299
0.0483448
1.54753
0.0633819
0.0328139
-4.69425
-1.29416
-0.00318408
1.62439
0.0895467
0.0547762
-0.899509
0.0121546
-0.00920571
-0.00812938
0.00436714
0.0774698
1.62834
-5.47086
-0.0332367
0.675621
-0.0957711
-4.70919
0.11936
-2.48769
0.0147733
1.82795
-5.10213
2.07894
-0.133319
0.0802364
-6.30441
-0.0657977
-0.218011
-0.0218689
-2.1767
-0.017482
2.58366
-0.48668
-3.30808
0.0112248
-2.62494
0.0217161
0.0955399
-9.38958
0.0090416
-0.00859007
-0.198673
0.0283598
0.0549454
1.99831
0.465129
0.0125202
0.127792
0.0176398
-6.66838
0.0924469
-3.34215
0.00650929
-0.166529
1.91194
-0.604412
1.63506
0.0189948
-0.180799
0.0165688
0.00497373
0.0168224
-4.74347
-4.32873
0.0893794
0.958089
1.47459
0.632198
0.00299445
-0.00191626
0.0206531
1.92226
-0.0143207
0.267625
0.988158
0.0151823
0.0127454
0.138247
-0.00220087
0.00908404
0.0954173
1.67178
0.00425222
1.33462
0.0189491
1.75458
0.0604265
1.19568
0.0114067
0.0174095
-10.6469
0.0284831
-0.0153408
-0.242983
-0.177361
1.24802
-0.00178471
0.596761
0.0219589
-0.0457596
0.336966
0.0604233
-0.0065824
-7.78831
-6.80082
0.0186877
2.08837
1.48067
0.0185521
0.00348122
-0.988311
0.0276266
0.420926
0.170485
0.0159191
2.3456
-0.0495642
0.0496507
0.017383
-3.63364
1.63408
0.0223556
0.0658672
0.0176172
-5.72931
0.164003
0.0467476
-8.78989
0.670434
1.17475
0.0648033
-0.207989
0.143061
1.58069
0.0207841
0.016894
0.0194862
0.113844
0.0234596
0.0868698
0.0691945
0.0173225
-0.0164316
0.0294954
-0.186333
0.0165677
0.0658256
-0.2421
0.0833037
0.0174877
0.114918
2.9914
0.0087972
0.152047
0.0135296
0.0260919
0.769913
0.00318627
0.12347
0.271402
0.051222
0.017683
0.0137079
0.018888
1.59635
0.0204663
0.00424433
0.118082
0.0233646
0.0278086
0.160404
-0.00728377
1.92354
-0.0561683
-1.18097
1.34052
0.0195907
0.0301089
0.0521535
-0.156852
-8.50243
0.131994
0.238252
0.0284039
0.118395
0.0253479
-1.53809
1.81194
1.89931
0.0316073
0.0855379
0.0884967
0.00328525
1.58717
0.0151367
0.0390254
1.65627
0.0202759
1.65846
0.0635489
0.0346712
0.00664516
0.0602884
0.0104256
2.01535
0.00408155
0.00291552
-0.290138
-0.301651
1.65281
2.39159
0.0100579
-0.251237
0.0442896
0.0226037
0.000526114
1.74271
-10.4891
0.0016905
0.0333754
0.120245
-0.00417676
0.0143786
0.0709364
-1.85667
0.00284491
0.0296614
-0.970759
1.60426
-3.5311
0.0462099
0.0134363
1.02656
1.022
0.0259206
0.00484595
-4.21827
-8.67263
0.0162631
0.0422989
0.00827981
0.0296903
0.000783348
-3.80591
0.0188001
0.120194
0.0346148
1.54176
0.0178405
0.085734
0.039105
-0.0509266
0.0141346
1.57371
0.0828687
1.94026
-0.332198
-6.52595
0.0358744
0.0775429
0.0420371
0.0419094
0.0922075
0.0210411
0.0373875
0.0933593
0.0198306
0.0244002
0.0189525
0.0419018
0.0444318
0.00991292
1.66825
0.0473796
-0.391942
2.01978
0.0149191
0.0983481
-0.840527
0.549169
0.0327779
-1.05183
0.0351105
0.0261507
-5.3486
-0.194092
0.02664
-0.677316
0.0356425
0.0311089
0.0959307
0.0136721
-9.30187
-0.0911536
0.0464456
-1.1384
0.0851732
0.0230955
0.0239308
0.0495607
-0.00252935
0.103447
0.0880745
0.280111
0.0139049
0.0193224
0.035579
-0.766492
0.0115986
0.0082586
0.0251921
-0.00810058
0.0252621
0.0364475
0.0244482
-0.314226
2.66871
0.0396873
0.0146028
0.0475984
-0.118008
1.87634
0.00489646
0.209462
0.00333164
1.87008
0.028499
0.598336
0.114238
0.0055577
0.017342
0.0506917
-4.72316
0.0827291
0.30784
1.55685
0.0324767
0.0093036
-0.0392693
1.94239
0.0378652
0.0306603
0.0197483
-0.0242026
1.35486
0.0266635
0.0494491
0.019948
0.0310081
0.0163387
0.0294898
0.654164
-0.411393
2.09501
0.00722879
-0.313647
-0.21716
2.26273
1.28824
0.0158979
0.0288941
0.0577568
0.0511827
1.48562
-0.215615
0.0417558
0.0962229
-7.54506
0.02742
0.0863543
0.0356579
3.06465
1.00534
1.47233
0.0405706
1.66345
0.0286139
-2.06656
-7.05034
2.21022
-5.8261
-6.44626
0.0209029
1.37649
-0.111216
0.0278766
-0.344766
-0.153059
-2.25271
0.309434
-0.0511699
0.0199235
1.65406
-0.0021839
0.509222
0.0340841
0.0343383
0.0594334
1.67112
0.0340848
-2.26711
0.0629511
-4.75452
0.00137186
0.0490761
0.0584469
2.72223
-5.17633
-0.228099
0.0588829
0.0314546
0.0489111
1.09812
1.61184
-0.00151404
0.0377296
-6.09041
0.0524641
0.979312
3.00003
0.819956
0.233512
0.0365
0.0625342
0.0242817
0.391703
0.0483609
0.0551512
0.0290364
0.624722
1.57338
1.57242
-7.91043
1.11465
0.0530362
0.121546
-10.1736
0.120973
0.0527667
1.83884
-0.127005
-6.59804
0.0179186
2.62109
-0.581962
-0.171809
0.0605234
-0.889991
-0.198437
-5.20612
2.75556
0.041808
-0.365262
-7.11827
0.0631624
0.124531
0.231906
-0.307307
-0.193005
-1.37875
-7.73941
1.63648
-0.0088678
0.0146522
0.0508262
1.08167
0.010374
-7.64814
0.0239261
0.0491873
3.11149
0.0190768
-7.42181
2.83141
0.00686003
0.122867
0.0608272
0.00802523
1.74845
-5.79785
1.52995
1.65264
0.0101483
0.057913
1.66739
0.763761
0.0506461
-1.24916
-3.25889
-0.0287082
1.75678
0.0268164
-0.691358
-4.7953
0.479851
-0.382105
0.00146032
0.049929
1.58784
0.0628287
0.0355779
-3.58397
0.0220377
0.0280754
0.0576201
-5.43581
-2.57383
0.0903245
0.0311958
-0.278592
-0.552172
0.0786132
3.01014
0.0896852
-10.4537
0.469524
0.0252643
1.80612
-0.0535173
1.62227
0.0629345
1.52448
-6.24323
0.11173
2.45156
0.0259024
-0.0401543
1.8669
0.181869
-0.0196324
-0.0418561
1.6889
1.86722
0.0632099
1.92512
2.78207
1.17383
1.97067
-7.84568
0.0150362
2.54391
-5.12893
0.555743
0.0360126
1.5428
-2.19372
1.98019
1.89782
2.05917
-0.0576446
0.00134859
-0.785515
0.0280311
0.120683
-2.18162
-0.770235
0.012045
0.0276215
-1.50648
0.0816129
-0.24576
0.423044
2.1307
2.28343
2.20046
0.127407
1.27521
-0.204209
0.419264
0.117482
0.0691028
2.93826
0.037864
0.0090362
0.21937
-5.84724
2.37911
-0.0240089
-0.425497
-4.44843
0.152264
0.248687
-0.795992
-4.78148
1.39085
0.0496731
1.36753
1.74308
-2.72948
-0.352911
0.0991486
1.81021
-1.12976
0.00709228
-0.00361988
0.00798708
1.48755
-0.0857175
-0.0618293
3.26131
2.37816
-0.0543955
0.116101
-3.52753
2.69537
1.58137
0.0821339
2.87228
0.0180355
1.67224
0.53768
2.70038
0.0782109
-3.13475
0.934949
-5.2448
0.0132127
0.0630907
0.1182
-2.64387
2.82309
0.0519002
-0.11218
-0.422103
0.563604
1.08758
3.10306
-0.0947963
-0.133591
0.069874
1.19941
-0.183284
-0.0917826
0.172253
1.5769
0.0644849
-0.116273
-0.999518
0.170771
0.517776
1.61193
0.0581513
2.76293
-0.0200904
-0.142544
1.66918
0.0246962
0.00521364
0.127902
-0.780392
0.813834
0.0224919
0.68734
-1.56938
-0.150818
1.48837
-1.31508
-0.0547381
-0.30517
-0.0783991
-0.0555573
1.50786
0.106182
0.121573
0.00993062
-0.436742
-0.0401939
-0.270467
-7.198
0.0105029
0.883617
0.224587
-0.161729
0.296227
0.0679932
-8.88474
-0.0411251
1.64322
-0.293242
-0.200763
0.157694
-0.225249
2.47525
-0.103555
0.828246
-0.194794
3.16647
3.00827
0.0728442
-0.567427
-4.9863
0.00186606
1.36667
1.65872
1.63881
-0.196658
0.0135681
0.148178
2.62111
0.206099
-0.0322703
0.466015
-0.196934
0.257192
-0.194995
1.34873
2.59495
0.0694706
0.00391332
-0.192024
1.2679
2.19955
-0.501037
0.604453
-1.15404
3.05793
0.000622452
0.0438926
1.27471
-0.988148
0.022905
0.0214234
1.58204
0.0069233
0.00398907
-0.659564
-4.5283
-0.121067
0.00692197
2.55396
0.782319
2.00852
-0.13598
-0.153599
3.1761
-0.140802
0.103705
0.612579
-0.298936
1.35002
1.41839
1.71895
0.0105458
-0.641569
-0.402772
1.61804
-0.357153
0.0165784
0.0807145
1.65484
0.34486
0.0304488
-0.000982372
0.354178
-0.156462
0.0181729
0.120572
-0.163809
-0.307948
-0.188482
1.16968
2.51746
0.159462
1.81031
1.5392
-1.73449
0.0175348
-7.90839
1.7727
0.0519699
-0.486873
-0.789492
-0.184916
-0.16628
-0.0736361
3.16987
0.013539
1.73245
1.09026
-0.201925
0.0699221
-0.471783
0.052201
0.544916
0.0654427
0.0309213
1.16798
-0.193661
-0.270732
1.94628
0.353122
0.372163
0.0837002
-3.36687
0.16256
0.809416
-0.203209
1.27426
0.141249
-0.891272
2.40469
2.09377
0.196924
1.52731
0.0108877
0.706371
1.56554
1.72784
0.0148698
0.00150552
-4.20351
-0.181238
1.60599
-1.14878
2.29898
0.02248
0.921701
-0.817107
-4.73932
1.61012
-0.299615
1.59214
0.279706
0.213357
0.0822477
0.320686
0.0128242
1.45487
0.608198
1.63906
0.480381
2.22327
2.42046
0.0168186
2.09071
0.0871817
-0.00529594
0.612551
2.37048
0.973699
-1.28336
1.75162
0.137246
-0.0271936
2.31749
1.59234
2.25903
-0.161623
-0.104097
0.041469
-9.34516
0.106021
0.0372053
1.3681
-4.02479
1.82862
0.0020051
-0.383058
1.49631
1.73477
0.250022
1.64757
0.0474556
-6.46199
-0.344393
-0.0243987
-4.88211
0.93572
0.941396
-3.66246
-0.337532
0.313865
-0.16913
1.27054
2.34875
2.49122
0.770424
0.537651
-0.0520668
0.361927
1.53834
0.00991035
2.03994
0.0549034
-0.0780925
-0.447066
-0.348082
1.13565
1.66791
2.04755
1.38411
-0.187218
0.0772895
1.60969
1.59784
1.80472
0.150379
2.06894
0.835081
1.65042
1.12977
-0.049086
-0.0707004
1.79382
1.55926
-4.3575
1.70035
-0.229923
0.41873
1.26092
-0.331462
-0.541301
2.71893
1.94012
-0.142381
1.70208
0.490708
1.05312
0.0325048
0.147481
-0.0576092
-0.0963827
-0.306488
-3.35206
0.562782
-0.479786
-0.160847
1.58973
2.29258
0.11833
1.64169
0.210617
3.3055
-2.02695
1.9601
-0.159153
-4.70139
-1.71569
3.36793
0.286623
-0.142287
3.36315
0.0205407
-5.4341
1.64903
3.34379
-0.0755374
3.30066
0.891651
-0.0440141
-0.34216
3.20959
-0.0955701
-0.176324
-5.26813
0.217737
0.00910138
1.94606
3.0661
0.0117109
0.465347
2.04162
0.32771
1.74757
1.38637
0.0748996
-0.116882
-5.02806
3.01624
0.584872
-0.164133
0.27006
-0.133314
2.97236
1.28676
-0.111337
-0.223157
2.92503
-2.38972
-0.291675
2.87865
1.96002
-0.383578
-3.3271
-0.511962
0.713201
1.97188
-0.485518
2.80781
1.62193
0.0173693
-0.613939
2.28403
0.24831
0.448098
-0.561487
-4.98643
1.4961
1.64108
-0.0108135
1.69963
0.105748
-1.25522
-8.66275
2.6776
1.20399
1.40835
-0.0891788
-1.14792
-1.38192
-1.64521
-1.93849
-2.26229
-2.60641
-0.316476
-2.9748
-4.24372
1.96018
2.63674
1.15416
0.970846
0.294267
1.2115
-4.6965
2.60615
-0.000142922
-5.13114
2.13548
-8.09167
-5.54624
0.128796
2.51826
1.4756
0.952909
0.485565
1.61527
-3.02203
-5.93664
2.48657
-6.22621
-0.519486
0.593062
-7.0513
1.5455
2.44642
-0.129556
2.12135
0.0988398
1.31627
-6.60927
-0.375913
-0.229414
2.4069
-0.489573
-4.7704
2.36749
0.259756
-1.3247
-0.436422
-6.93697
2.33339
1.70497
0.553465
1.62558
0.418138
0.00576674
0.0239742
-6.99074
-3.80274
2.28873
0.702339
0.0731551
1.6965
0.805585
-3.20257
-0.403562
-6.94793
2.25379
-0.937555
1.67761
0.0483273
0.0262984
-6.87558
2.21314
0.685011
-6.68911
2.16648
-6.74259
-0.0616718
-0.344632
-4.74158
0.0975844
2.13565
-6.50762
2.07842
-6.38398
-0.0380959
1.04891
0.0112695
0.915628
0.0199288
2.03566
-6.08579
1.07671
2.54854
1.69513
-5.94971
-1.26022
2.00078
0.00127464
-1.31492
1.38482
-5.71652
1.62606
1.96746
0.0234755
0.245448
-2.27341
1.6246
1.11285
-0.40472
0.390987
-5.56918
-4.73378
1.91631
0.527775
-8.09179
0.555644
-11.2298
-7.66055
0.405719
0.767727
1.87778
2.28621
1.70838
2.47697
1.72201
-5.38291
1.17159
0.0258978
-0.595611
0.780278
0.00921915
0.162217
0.931877
1.33469
-0.103473
-5.33462
-0.844163
1.79355
-1.24559
-0.563986
2.05079
1.32157
-0.136053
2.87635
-4.62883
0.433484
0.347381
-5.30796
0.400147
-2.70543
1.74111
1.98414
1.7903
1.09215
-5.28976
1.68963
1.62701
1.59169
1.52869
1.48336
1.41298
-4.47664
1.64616
1.35921
1.86436
1.24186
-9.82381
2.21723
-5.26321
-0.848099
-9.27552
1.25458
-5.09038
2.26985
-5.21231
0.459136
-5.13121
-4.6845
-5.00506
1.61067
-1.06778
0.118895
-4.85581
-8.03679
-0.514959
1.67438
-9.54915
-4.57038
1.74446
1.7176
-0.728216
-3.83641
1.84185
0.330779
-7.59599
0.0590827
0.620977
1.43426
-3.18185
0.00884194
-0.568285
1.81309
-0.0856459
-2.34234
-1.38809
0.869331
1.68044
0.144858
-5.64281
0.713729
1.90461
1.36492
-5.94641
1.6584
0.748923
1.40455
-0.27826
1.68414
-0.435466
0.0178425
-0.00705834
0.718157
-3.61894
2.50415
0.342199
0.199413
0.296758
-4.55582
2.18084
1.75282
1.4842
1.62975
0.313586
-0.079869
0.490832
-2.0175
0.902695
-0.953253
0.0669798
1.17073
-4.15711
0.497867
3.04306
0.0183311
0.855338
0.89533
-3.74557
0.114221
1.29729
-0.329839
0.756455
1.43082
1.63937
1.72082
1.72006
-0.0103854
1.93999
-4.76022
0.123177
0.679815
0.00429846
-0.536165
0.259522
1.96194
-3.04006
1.61484
-1.57557
-7.64753
0.393441
-3.87746
0.594666
-0.0391435
0.326
1.80128
0.282677
-0.389133
0.117369
0.400127
-0.386749
-0.296076
0.0213659
1.75068
0.124768
-1.0445
1.23387
0.18448
1.23476
-0.0503069
0.0598848
0.0298722
0.104119
0.353059
-2.16693
0.266354
0.0496831
0.0713688
0.962504
2.53318
1.17045
-4.05253
1.63616
-0.0361248
1.24648
0.00561173
0.0729114
1.43587
-8.15797
0.0272058
-1.40609
-3.01458
-6.9158
1.66175
-0.119447
2.0678
0.471209
0.00711428
2.6182
2.49242
-0.162205
0.556061
-0.44561
-0.767514
1.85673
-1.78543
0.0988027
-4.73938
-0.0844045
-3.15343
0.701888
1.07031
0.161823
0.0207119
0.155569
1.61462
-4.4873
-3.6123
1.04374
0.868002
2.46944
0.175202
0.614128
2.54058
2.57947
0.00274778
2.22187
1.28444
1.69491
0.404765
2.30807
1.75268
0.419283
-0.0133936
-0.083116
1.26938
1.22992
0.00556962
0.0316772
-0.262799
3.12664
1.29675
0.954859
1.6686
0.971204
0.00138062
0.980656
0.334308
2.20028
-0.294701
0.116213
0.233623
2.81879
0.530789
1.83135
3.15543
1.66156
1.7207
-0.0214123
0.853826
0.00393917
1.96462
2.97022
-5.29869
0.642352
2.86851
-0.132516
0.141693
3.11213
0.835465
-8.04388
0.550974
0.0961219
-4.90228
0.342439
0.038501
0.276426
-0.262435
0.394998
-5.17916
0.108247
2.67151
1.77323
0.888339
1.43327
1.41217
-0.649331
1.61009
-0.0911442
3.28943
-0.455933
-3.37711
0.17615
2.43594
1.59059
1.46788
0.228804
-0.393436
-1.76752
-0.500202
-0.226952
-0.127535
1.37104
-0.0509657
-0.177819
-0.0952756
1.75293
0.322368
1.4875
0.00170226
0.714697
0.865113
2.86413
1.44878
-0.00283239
1.31701
-5.23572
1.91354
0.0344904
1.50847
2.57136
0.0666528
0.194584
-1.21931
-0.109861
1.60987
-0.0217916
0.634609
-0.0120912
1.41153
-8.67287
-0.120317
2.36884
0.868936
-1.32674
-1.24728
1.80098
2.00356
0.0926336
3.18856
1.60783
0.585708
1.2737
0.0836381
1.89065
-1.13148
-0.0264862
-1.24877
-4.6729
1.64118
0.150679
0.592186
-0.15519
2.75742
1.29663
-0.405246
0.0716838
-1.03743
-3.28271
1.13307
1.32984
1.32668
-7.09253
0.705186
-0.287429
0.904377
-0.352789
0.989541
-0.127593
0.369545
0.261505
0.917546
0.530651
1.73734
-2.65168
0.0658637
0.237488
1.63063
2.09841
0.245968
-2.04063
0.0615068
0.265752
0.740612
3.06238
1.78634
-0.0799817
1.38211
-5.78075
1.61453
-1.32673
1.07745
2.50654
-1.28406
0.352472
-1.14484
1.629
0.750062
-0.746105
-1.22676
-9.43945
-2.6512
-0.904143
-1.50501
1.79438
1.23531
-0.00427105
1.79234
-3.81226
1.73994
0.457108
1.59211
0.15685
0.0994115
1.7022
-4.92448
1.71987
-9.15408
-0.761434
2.63569
-0.284291
0.373041
-0.250843
0.609581
1.1523
2.36646
-1.20863
3.22879
2.89934
-5.71988
2.43027
0.360415
1.69413
3.03067
-2.43622
0.011147
0.8805
1.6808
0.417006
-11.035
-0.0340258
0.244143
-1.61443
-0.0864311
-0.156697
1.68547
-0.0300863
0.0394436
1.64531
2.18175
-4.02361
2.25572
-0.920707
-3.80863
0.207662
1.01047
1.60104
0.818146
2.12318
1.2598
3.34925
1.60612
-4.53847
3.37394
2.40123
2.47218
1.78527
3.36534
2.52549
0.24623
1.43051
3.32408
0.786409
0.0349195
-0.740288
1.52273
-4.67199
0.957471
1.29302
-0.661907
2.41627
1.67777
-3.80826
-0.673625
0.638828
2.36056
2.32225
-0.213581
-1.1283
-6.5931
-5.24533
2.11403
-0.089123
-0.0491045
-6.45915
3.14006
2.5355
0.0644321
0.921051
-8.2616
-5.31759
2.18417
-0.281683
3.04109
1.66564
-11.3478
0.0755292
-5.17877
1.17093
-1.21495
-7.09543
-2.88649
2.97968
-0.139493
-8.41438
0.240173
0.0125224
2.99536
-0.312922
-0.0332516
-8.52467
0.433833
-7.41307
2.59539
0.700385
0.794866
-7.07942
0.0289747
0.580308
-0.186893
2.94855
-1.3621
0.333734
1.61692
1.25989
-5.25957
-8.03762
1.56682
-0.250087
-0.908692
2.49254
2.90273
2.33123
0.30773
2.84272
2.4465
1.81129
0.874633
-0.333647
2.01454
1.15018
1.93171
1.9052
2.44201
2.01347
-1.83709
-5.15881
1.62758
-0.425127
1.34698
-9.07839
-1.5725
-6.30267
2.27513
-0.436382
0.643055
-1.29748
2.12835
0.0427071
-0.546287
-0.602295
1.35521
-4.08494
-7.53158
-0.0311495
1.7108
0.612989
-10.3744
-0.538056
-3.42915
-0.150702
0.173159
0.00248918
-0.406206
0.659785
-5.48497
1.67542
1.67904
-11.434
-0.555601
-0.716306
-6.44127
0.723677
1.6754
-6.97681
1.34967
1.40966
0.520483
1.8501
1.2967
2.65929
1.93454
2.56952
-3.94967
-1.2529
1.09214
-1.50545
-1.78382
-2.09004
0.824686
-2.43204
-2.80008
0.0587825
0.407735
-4.47141
-0.0984915
0.785699
-0.933416
2.62224
1.43748
3.26878
-4.91525
-2.98983
-4.68827
2.69908
-0.153248
1.11024
-0.0300148
0.705107
-5.34497
-1.385
-0.00543032
1.11994
-6.26372
-5.75244
1.16658
-1.49979
1.61935
-0.0426336
0.750134
-2.82309
2.5054
0.150538
2.66769
0.366435
-6.10665
1.725
-1.31939
0.782428
-0.551222
-2.06569
-5.26346
-0.239887
2.46666
1.78475
-4.0133
2.45481
2.47038
-3.99712
0.025214
-6.4165
0.463316
1.55206
-0.315985
-0.834156
2.42713
0.405823
0.0200895
0.308
-7.18531
-5.26656
2.74058
-0.627752
1.12931
0.262105
1.36864
-0.322106
2.14769
2.38696
-2.68082
-0.14846
1.66733
-2.69974
1.15544
1.92656
-0.0480487
2.35125
-4.3105
-10.2522
0.161602
2.18419
0.00605097
2.25245
-1.37123
1.78914
1.81381
1.50315
0.022814
-6.98983
2.30946
2.37253
1.71195
-1.51617
-0.139491
0.285232
-1.4324
-1.06634
2.76873
-4.59439
0.64782
-6.99188
2.27439
-4.75412
-0.200348
0.11843
0.325377
1.71459
-0.292261
-1.26301
3.05126
1.75138
-6.93255
2.23437
1.15737
1.19133
0.0844625
0.169486
-1.49667
1.51832
0.0507156
1.94163
2.19036
-6.81891
-0.146302
1.34476
0.925264
-3.95072
1.21543
0.402844
0.00437341
1.19614
-0.0884961
1.21847
2.15334
-6.61797
1.27828
2.19895
1.37118
0.344662
2.10575
-6.48067
1.62977
-0.0505193
-2.5476
0.296727
2.44975
-0.351838
1.67079
-8.53643
2.0565
-6.2029
-0.247587
1.22209
2.53793
-1.92506
1.23339
0.684169
-4.74582
1.7258
-6.11518
2.01897
2.29627
1.51251
0.411408
2.58836
-0.0855843
1.63922
-0.191834
-5.8194
-0.0342142
1.98568
-3.28171
0.781582
1.03938
-5.65251
1.61587
1.93965
-0.0741039
1.6152
1.12308
-10.0395
2.68552
-7.63954
-3.88502
-9.76061
1.89632
-10.9928
-0.294649
1.75424
1.07062
0.13278
1.07336
-8.58208
0.630463
-0.0190985
0.214798
0.830807
2.87042
-7.84607
1.69338
3.09055
1.18804
1.19785
-5.35837
1.63949
-0.021202
0.767902
-1.26462
0.910489
2.15825
-3.07896
-5.32
1.76795
1.62148
1.17826
1.11185
-0.694181
1.026
0.584458
1.20713
1.60877
1.69302
-4.14306
0.920791
-5.30072
-0.404565
1.64189
-0.879603
1.71564
1.61935
0.657393
0.570121
2.56876
0.291965
0.153312
1.65574
1.65861
1.35665
1.61244
-3.15484
1.56008
1.50749
0.387179
2.24223
-5.28119
0.898944
1.44679
2.31417
1.38506
0.957157
-0.00284156
2.37398
2.31515
0.0227511
1.00669
0.601213
-5.2439
0.683882
1.36296
0.877842
-5.1774
3.12623
2.46148
-1.05924
0.846958
0.220301
0.0164844
-5.07637
0.992669
0.931616
2.03877
0.070311
-4.92951
2.35033
-0.179771
-1.60572
0.100849
1.5999
0.864311
1.83525
-1.8344
0.249702
2.83196
2.96323
1.13798
-1.22038
-0.639692
3.26186
0.785108
2.41129
1.45399
-0.151765
0.184697
-1.44715
-0.0485351
2.15572
0.130015
-7.46291
0.599546
0.626841
-0.981688
-8.82388
2.5083
-4.0398
-6.73335
0.248492
0.51244
0.894
-0.122509
0.280163
0.84179
0.636912
0.588889
0.0638287
2.86395
1.67556
1.89115
2.03177
1.20069
-2.11286
2.82328
-0.571094
0.196061
0.0891269
1.49508
-7.29645
0.429031
2.20691
0.250614
0.0544285
0.167755
1.70254
0.773
-6.75586
-7.82042
1.5728
1.69957
2.57412
1.6246
1.92368
2.21578
2.17491
-0.758077
2.04014
0.194393
0.836183
-5.2741
-1.86354
-0.7775
0.989209
0.324022
1.97985
0.72596
0.492189
-4.84357
-0.996056
1.11197
-0.0301847
0.195137
-10.9758
1.60252
2.48731
-1.6773
0.115595
-2.05728
-2.34177
0.0474279
-1.4465
0.64199
1.57028
0.663289
-0.0263747
-4.50452
-1.7199
1.70731
-0.502383
-5.79707
-0.266838
-1.30759
0.916343
-4.68913
1.00489
1.20527
2.94511
-0.388732
0.541829
2.38418
0.217079
0.423526
-3.71409
0.974244
-3.40278
-4.52477
-1.52422
0.078875
0.0991638
0.683434
0.425922
-2.59881
0.645775
-10.7879
-0.17459
0.347269
0.419246
-8.63692
2.32429
-0.0316771
1.60655
3.13579
2.36897
3.03754
-1.15337
2.32299
0.258525
0.0465712
-1.26814
0.123571
0.323014
0.54636
0.139769
0.117684
0.79667
-1.90698
0.971998
-3.41959
-3.18362
-0.501509
-0.962209
1.87189
1.22058
-4.77174
1.22187
-5.4736
0.081573
-4.60571
0.153274
0.17708
-5.24367
-0.247527
-0.965671
1.77162
0.017093
-4.37305
-4.18737
1.76715
-1.21772
0.708632
0.472097
-11.2072
0.0379899
-0.0660154
-0.0260363
0.223968
-7.26645
-3.59064
-0.0455275
-5.97229
0.329962
0.326563
1.81957
-0.96178
-0.282862
1.32028
-1.83391
-0.300089
0.736494
3.23748
-0.261352
0.374195
-0.577855
0.402901
-3.51698
1.87192
-0.226845
-2.89927
1.66747
0.293409
-8.00813
2.19911
-5.3367
-3.42819
2.41087
1.15151
-0.297605
-0.726717
-0.0250812
-6.65806
-0.0977498
1.57851
2.03166
-6.46829
0.162229
0.221152
-0.0278534
0.768963
1.58609
0.117188
2.36766
2.52119
-11.0672
0.848698
-0.0828715
0.00588123
-5.53208
0.0698588
1.46015
0.400975
3.06135
-5.26647
-5.27013
2.58843
-3.89808
-4.95426
-6.52727
-2.13881
1.63241
1.5663
-7.06822
-2.41403
1.30403
2.65278
0.00545954
2.69991
-1.04762
-4.94929
0.332796
-5.1244
-1.50875
-1.07363
0.702307
-1.00714
-1.09874
2.22534
0.688555
0.290545
0.858758
3.28023
-4.5776
-6.77665
-5.52477
-0.814995
3.23305
-5.42539
0.634688
0.0133694
0.353844
-5.7017
-5.273
-0.0322375
0.138694
-0.0578058
-0.0923782
-0.0140619
-5.3266
2.80067
-2.32963
-3.55477
2.84296
1.04
2.37776
-3.66142
1.59502
0.0530726
0.30314
1.34648
1.07967
2.51315
1.02926
-0.0453628
0.740782
0.184585
-1.96346
-10.9086
-0.250297
-0.452218
-4.5206
1.14594
0.85327
0.0535667
0.656586
0.24142
2.70415
1.65553
1.56069
0.36728
-3.74443
1.51515
-3.23021
-2.06613
1.64774
-0.0578332
-3.2093
0.0160334
2.56608
-2.65124
2.47183
0.0141222
2.32122
0.0353816
2.53791
1.27006
1.31015
-5.26718
-0.634766
1.77769
1.26615
-0.81792
-0.277157
-4.63442
0.191715
-1.91045
2.71507
-0.349344
0.673646
-4.76648
0.617613
2.32446
-2.68012
-8.22023
0.742955
2.71736
-0.791362
-1.05016
0.149107
0.364679
-9.92194
-0.136776
1.27978
-5.39889
0.677912
1.76284
2.11975
0.982983
2.27136
1.96316
0.471657
0.137538
-0.700695
2.65938
3.14004
-8.2941
0.544611
-1.14136
-0.13895
-10.1493
0.385169
2.84401
-5.17908
1.84011
-0.500331
1.0081
2.42097
1.81338
-1.10199
0.32155
1.29677
2.55709
0.230792
0.43118
0.456598
1.79857
0.982571
-4.63976
-1.55512
-1.19913
-4.6001
1.87608
-4.21064
-3.50057
-2.32494
-4.90554
1.52001
-2.45243
0.0938294
-0.0523422
1.29576
2.76843
-0.18233
-1.11028
-0.0589967
-1.898
1.95723
3.25169
0.148787
-2.88262
-7.94261
0.543777
0.467464
-0.146658
-0.657846
3.17936
0.655985
2.64457
-6.34751
0.695447
0.914405
-8.17965
-0.013669
-0.918007
-3.64894
0.943099
-0.117039
0.449961
-4.76571
0.957964
0.597953
-3.17783
-5.22174
0.692737
0.765029
2.56682
-0.82604
-0.41515
0.549562
0.338642
0.113638
-7.01182
2.53838
-5.73922
1.66913
2.24093
1.86956
-3.95431
0.418766
1.84123
-0.540283
-0.00131575
-0.194487
1.25623
2.44349
2.54382
2.16119
1.73959
-3.77454
-8.57917
0.834183
0.199862
-8.23768
2.66836
1.90501
1.02671
1.22673
1.17539
-4.99813
-7.12734
2.23386
0.752085
1.12409
-0.0466229
2.39668
1.59808
0.0461529
2.6109
0.109629
-1.94832
-5.67724
0.0882782
-9.23855
-0.137463
-2.02272
-0.67225
1.63159
-1.82428
0.897603
-2.64222
0.532168
-6.98935
0.100694
0.161893
2.64427
-2.73811
-0.235117
-7.53524
0.541419
2.15068
1.19862
-7.69946
0.0181186
-4.68803
1.37038
-1.90737
0.0727531
-2.97725
0.199305
0.0919922
1.81569
3.3461
3.25077
0.243671
0.12869
-4.71857
2.60964
1.79244
1.28195
1.98377
0.458689
2.45556
-0.118184
-1.12672
0.0792345
0.109424
2.29191
-1.67903
-3.11736
1.39165
1.42814
-0.0209498
1.526
2.36718
1.50253
2.34788
0.835842
1.74025
1.68386
1.09562
-0.021938
2.71439
-0.822021
0.478416
-3.81643
-3.31513
0.0463445
0.64828
0.137152
2.04603
2.39558
0.702948
-10.2994
2.3
0.841206
-3.78652
1.25049
0.733714
-8.12293
0.411501
2.12731
-0.0479028
-0.314203
0.980461
-7.54744
-0.925772
-0.87193
0.0337397
0.897432
1.71476
2.82195
3.13702
0.484527
0.535251
1.46882
-1.10976
-3.15596
2.44345
-3.44138
-5.17164
0.938375
-5.11665
-4.28123
0.0778474
1.19106
-4.8535
1.16969
2.42599
0.578658
0.0618609
0.336352
2.66374
0.188356
-3.00327
-1.74494
1.23504
-7.82083
1.80557
-2.06788
2.4437
1.65617
1.1686
0.0143341
-0.899845
2.60162
1.26353
-0.162798
-2.93956
-4.05415
-0.00616856
1.58353
1.46163
0.678057
-0.0440781
-0.925091
1.44056
-1.87261
0.232212
-0.215289
1.44672
2.99154
-0.201072
0.00969078
0.317355
0.0158733
-0.575899
1.31005
0.747158
-8.95303
0.060218
0.233166
2.30683
-5.37058
-0.603577
1.72447
2.03871
2.48766
0.0220407
-1.89701
1.41939
1.01717
0.29214
-5.3017
-0.957469
-4.03185
1.51019
-1.8049
1.27144
-2.75054
-0.40431
-0.0487923
-0.0656639
-7.03637
0.0358198
-0.0206521
2.36681
2.35168
1.11385
-3.70482
2.65977
1.40859
-0.835366
-0.0678715
-1.73578
-0.187699
0.0373814
-0.346489
-4.28191
1.32001
-5.57665
0.910586
0.0497434
-1.26372
2.47639
1.36124
2.42592
2.27164
-0.875507
-4.63088
0.389491
3.01868
-0.222916
1.08762
1.61993
0.0101069
1.97232
0.715087
-0.0097516
1.17695
-0.234786
1.98209
2.32479
1.54571
1.65128
0.160801
1.5001
0.173068
-5.61338
1.93704
2.52453
0.575566
-0.937611
-4.27627
2.7761
-0.467739
-4.9696
-9.00125
-0.199563
0.0150607
3.00952
0.717039
-0.000166766
2.18997
-1.03235
-0.0884788
0.0837737
1.84896
1.06884
0.796546
-0.932064
1.45613
0.0239567
2.99684
2.96654
-1.44114
1.91914
-1.20626
0.625114
-0.024958
1.65277
-1.66399
2.40749
-5.31064
2.09201
0.702577
1.23064
2.25896
-1.33264
0.0543344
0.352833
-0.420991
0.489032
-6.30839
-1.47495
-2.82517
-0.876631
2.50651
-2.26386
2.74578
-0.111568
-8.11647
0.383832
-1.39288
-2.4223
-3.26657
-0.0829118
-2.26842
-1.64055
2.35857
-5.28285
2.4599
0.247093
-5.31444
-0.0413601
-2.68823
0.614737
-0.155366
2.66802
0.906206
0.434912
0.149898
-5.31375
1.45331
0.0712338
1.02727
0.13003
-4.68596
-0.175612
-3.69848
0.478704
-0.614575
0.777502
2.32999
1.76005
-0.379043
-0.261413
1.5729
1.61356
2.73803
2.91956
1.32646
-0.172461
1.62118
1.0226
0.422367
0.2224
2.68172
-5.32609
0.675229
-2.10531
0.807411
-0.0329533
-0.0670229
0.0411245
0.530625
1.03172
3.15466
0.067419
1.63076
1.65857
-4.9616
0.539755
-4.8837
1.42806
-5.27093
-2.19512
-0.176987
0.185396
1.62788
0.950621
2.54377
0.0351082
2.4654
-0.0814905
3.03727
1.76223
1.58967
-4.74645
-5.03407
-0.203563
0.245457
-2.07125
2.1829
2.25068
1.32775
0.200219
3.03711
0.673075
1.6164
-0.0570464
-4.70148
0.383395
0.649623
1.89146
-1.2824
0.052295
-0.259742
-0.0265692
2.58154
0.88565
-4.67645
0.454097
-0.197858
0.284829
0.516489
-0.275477
0.981335
-4.35608
0.00493261
-0.391959
-0.156522
-7.01739
-0.22959
-8.80477
-10.8368
-0.227045
1.79797
-0.168496
0.772403
0.0200589
2.20421
-6.59961
0.475826
0.317372
-0.681976
-5.19414
2.27055
1.62679
0.106877
0.187765
2.34371
-2.13151
-6.12193
-1.62565
0.0139334
-0.43108
1.33373
1.07232
-0.17757
0.344288
2.43003
0.137954
0.0663541
1.38005
1.0127
-1.98094
2.23319
-4.61469
2.54326
0.982843
2.1389
-0.562553
-2.09439
-3.44671
0.61812
2.4814
-1.54675
1.61277
0.955318
-4.40404
0.391552
-1.22002
2.92096
1.46053
-0.0433261
0.952319
0.0626249
-0.00332334
2.32147
-5.79172
1.24136
2.00174
3.05264
1.91099
-9.6188
-6.86431
-1.95188
0.0498556
2.31103
-0.700719
0.164507
-2.5961
-4.80859
2.32306
0.302061
-6.67213
0.0722906
2.25937
3.01453
-0.239685
0.117183
2.22562
2.11211
1.19113
2.44543
-1.05522
-4.92814
1.53669
-6.45972
0.937946
-0.066368
-7.1543
2.39492
1.14919
-0.807576
-5.2893
2.26212
-6.96209
-2.43373
-0.174041
0.628463
1.62215
2.48486
-2.55245
-0.00480407
-5.14494
3.13614
3.07532
1.64517
2.05832
0.00253259
-7.96341
2.79769
0.480247
-0.57762
-0.0824173
0.0113863
-6.8732
-0.339615
-8.02719
1.2963
-0.815403
0.00611127
2.00266
1.87615
-4.15114
-0.0988131
-0.9375
0.699857
1.28474
2.3799
-2.67912
0.118317
-0.374167
1.10387
-4.69986
-0.31281
2.16554
1.98181
-0.00172013
2.25968
2.04896
1.54528
1.12133
1.11722
-8.88554
1.89386
1.24458
-1.91705
-0.0473298
-0.402466
2.23251
-4.28284
1.30047
0.894421
1.6488
-0.459351
1.75379
3.24619
-5.18278
0.853678
0.724316
-7.43424
2.91254
-0.152173
1.16974
-5.22649
0.0724786
0.0747508
0.49475
0.62547
1.04475
1.13319
-3.0088
-0.21494
-6.21972
2.27029
0.67716
-4.5749
1.96541
1.76856
2.83967
3.13108
0.136741
1.68391
-2.58447
1.43213
-0.0352948
1.06092
2.73839
2.36611
-0.799373
0.0181277
1.52934
-0.675691
-5.22963
-0.579685
0.642514
-8.95039
3.00682
-1.87145
-0.531285
2.22138
0.808794
0.992183
-0.036516
-2.29872
0.0979791
2.22664
-0.24004
0.150049
0.758134
-4.55794
-0.0692322
-2.26961
2.01805
1.34172
1.93694
-1.48314
1.4728
-0.244248
1.96106
-4.22293
1.61535
1.56562
2.3573
-6.18643
-4.68649
0.347669
-0.0117676
-6.96454
-0.63872
0.89155
-2.33297
2.7984
-5.99917
-0.0391396
1.4109
-6.66512
-1.64583
-2.42655
0.239953
0.94029
1.47235
-0.0508846
0.663593
1.28402
1.59193
1.05601
0.0846235
-0.0434879
3.01167
0.0223811
0.717548
0.650381
-0.839257
0.534528
-0.307449
1.91302
1.90475
-0.872795
-8.60828
-2.25975
0.1353
-7.90492
1.44237
-7.09417
-9.6556
0.55436
0.213721
-0.359968
-0.947395
2.43862
3.09229
-0.773013
2.19399
3.00746
0.984486
-0.0109953
-1.76651
0.0963782
-2.41561
-1.94732
-3.234
-1.52619
0.863362
-0.00264805
1.17497
0.929688
2.05625
0.800511
2.0857
-0.05747
0.596421
1.02341
2.90112
0.965124
-4.73523
1.36773
-0.298477
-0.0450989
2.39083
1.65282
-1.04643
1.78987
-0.180789
-0.23365
2.01076
-0.31083
-2.32072
-5.53392
1.63553
2.18543
2.93508
0.554571
1.60188
-5.15728
1.48425
0.0726028
-0.808163
1.41394
-0.97054
0.99054
2.15545
1.91203
0.724744
2.24346
-6.86794
1.60744
0.516136
1.50292
-0.238391
1.58045
1.52898
-0.0772072
2.17656
-1.44965
-0.909828
0.686202
2.88431
-0.274626
1.02708
0.849325
0.98849
2.78454
0.849905
2.91401
-4.53432
-0.778381
2.04632
0.815616
-0.210864
0.766115
0.68109
-0.768924
1.46311
0.828699
2.88946
1.50024
0.879041
)
;

boundaryField
{
    SideWalls
    {
        type            empty;
    }
    Top
    {
        type            zeroGradient;
    }
    Inlet
    {
        type            zeroGradient;
    }
    Bottom
    {
        type            zeroGradient;
    }
    Outlet
    {
        type            fixedValue;
        value           uniform 0;
    }
    Plate
    {
        type            zeroGradient;
    }
}


// ************************************************************************* //
