/*--------------------------------*- C++ -*----------------------------------*\
| =========                 |                                                 |
| \\      /  F ield         | OpenFOAM: The Open Source CFD Toolbox           |
|  \\    /   O peration     | Version:  2306                                  |
|   \\  /    A nd           | Website:  www.openfoam.com                      |
|    \\/     M anipulation  |                                                 |
\*---------------------------------------------------------------------------*/
FoamFile
{
    version     2.0;
    format      ascii;
    arch        "LSB;label=32;scalar=64";
    class       surfaceScalarField;
    location    "7.7";
    object      phi;
}
// * * * * * * * * * * * * * * * * * * * * * * * * * * * * * * * * * * * * * //

dimensions      [0 3 -1 0 0 0 0];

oriented        oriented;

internalField   nonuniform List<scalar> 
7520
(
-0.98563
0.799703
0.185927
-1.32788
-0.195908
1.52379
-0.0858011
-1.86106
1.94686
0.234043
-0.0325758
-0.201467
0.241483
1.93307
-2.17455
-0.0909003
0.0978273
-0.00692702
-0.318805
2.13708
-1.81827
-0.211409
-2.03997
2.25138
-1.55077
1.46497
0.822741
-0.0927694
-0.729972
0.432445
-0.04792
-0.384525
-0.273888
-1.55364
1.82753
0.638033
-0.0479018
-0.590132
-0.0988691
0.137072
-0.0382032
-2.18645
0.955089
1.23137
0.0773055
1.51544
-1.59275
0.300407
-0.0234876
-0.276919
0.0241498
-0.465377
0.441227
0.0339084
0.0220277
-0.055936
-0.0874694
0.387876
-0.389563
-0.28432
0.673883
-1.05125
1.12855
-0.0370978
-0.314128
0.351226
0.139585
-0.141808
0.00222289
0.105185
-0.222047
0.116862
0.253678
-0.245978
-0.00770019
0.86749
1.11958
-1.98707
-0.0364052
0.317675
-0.28127
-0.0198304
0.0537388
0.208975
-0.0355648
-0.17341
-1.12047
1.72742
-0.606945
-0.0478927
-0.0183591
0.0662517
-1.85085
2.03552
-0.184669
0.0729082
-0.295323
0.222415
-0.331702
-1.22991
1.56161
-0.354612
0.972224
-0.617613
0.269391
-0.541217
0.271825
0.823921
-1.5849
0.76098
0.0904124
-0.314139
0.223726
-0.0466215
-0.104235
0.150857
-0.0276021
0.261645
0.283272
-0.518082
0.23481
0.287393
-0.0337149
2.08417
-1.59068
-0.493491
-0.54748
-0.614675
1.16216
-1.46334
1.59144
-0.128103
-0.121449
-0.162073
0.283522
0.264552
-0.0781068
-0.186445
-1.32392
0.203449
0.27437
-0.0766115
-0.197759
1.79538
0.179299
-1.97468
-0.710849
0.264079
0.44677
-0.0322354
0.0329549
-0.000719517
1.07774
0.490109
-1.56785
0.0143207
-0.105221
-0.760607
0.131003
0.629604
0.398655
-1.26057
0.86192
-0.0425978
-0.122749
0.165347
-0.116658
0.0687651
-2.21851
1.15611
1.0624
1.55719
-0.704458
-0.852736
0.039671
0.164917
-0.204588
-1.28804
0.956337
0.794187
-0.156153
0.00614294
-0.0383783
0.00419395
-0.103063
1.18229
-2.42768
1.24539
0.13731
1.65807
-1.26836
0.989183
0.279181
0.315924
-0.237759
-0.0781654
-0.50036
0.899015
-0.118295
-0.568845
0.68714
0.340602
-0.0928233
-0.247778
-0.184743
-0.00867923
0.193422
1.02306
-1.59043
0.567377
0.129433
-0.113143
-0.0162905
1.81224
-0.50632
-1.30592
0.393986
-0.748852
0.354866
1.64782
-1.14397
-0.503848
-0.823829
0.0632215
-1.54421
-0.6743
1.00191
-0.742763
-0.259144
0.236627
-0.620446
0.383819
-0.300004
0.372912
-0.510905
0.535055
0.22629
-0.0173157
0.016552
-0.0469922
0.0304401
1.164
0.648232
-1.98125
2.38046
-0.399208
0.723084
0.83411
-0.984858
1.11622
-0.131365
0.010803
-0.0876509
0.0768479
1.3534
-1.62729
0.241795
0.19617
-0.105757
0.00669591
0.339412
-0.346108
0.00751214
0.085522
-0.0930342
-0.526151
0.3871
0.139051
1.46879
-0.445731
-0.721421
0.619796
0.101624
1.2615
-1.67626
0.414768
-0.0890306
0.112191
-0.0231601
-0.0562376
0.119331
-0.0630938
2.86442
-1.87157
-0.99285
0.524989
-0.408476
-0.577154
-1.33543
0.835073
-1.92557
1.60676
0.165932
-0.0781908
-0.0877411
0.455777
-0.023332
-0.160796
0.159646
0.00115038
-0.102192
0.130874
-0.0286819
1.99781
-1.17389
-0.130979
0.011279
0.1197
-0.751388
0.361824
0.0345506
-0.017803
-0.0167476
0.66929
0.332617
-0.772858
0.489033
0.283825
0.744203
-1.23619
0.491987
0.0383087
0.101277
-0.189647
-0.521202
-0.364688
0.0948394
0.269849
0.998294
-0.175553
0.712243
-0.639821
-0.0724217
-0.0251891
-0.090473
0.115662
-0.264714
0.242305
0.022409
0.703876
-1.87239
1.16851
0.383072
-0.42017
-0.344816
-0.0515002
0.396317
-0.0252662
-0.105713
-0.377597
-0.216917
0.594514
0.142375
0.0319461
-0.174321
-0.0638192
0.206194
-0.584428
-0.18843
-0.732002
-0.489106
1.22111
-1.36847
2.42755
-1.05908
0.383245
-0.395562
0.0123171
-1.15948
-0.175956
-0.0339003
-0.0504214
0.0843217
1.4235
-0.345761
-0.629202
0.409107
0.220095
-0.0308411
0.179974
-0.149133
0.290322
-0.0745997
-0.215722
0.266326
-2.12739
0.31112
-1.77446
-2.8977
1.16935
1.72835
-0.851065
-0.4173
-1.62386
1.67097
-0.0471138
2.15889
0.209651
-2.36854
0.183012
-0.229634
0.760105
0.160107
-0.920212
-0.261491
-0.186874
0.448365
0.38918
-2.01304
-1.84726
-0.00359114
0.0039888
0.0125632
0.0628036
-0.120362
0.0575588
0.284949
-0.327546
1.64489
-0.383395
-0.154915
0.127313
-0.0185551
0.00262309
0.015932
0.753941
-0.421221
-0.33272
-0.443509
-1.74294
-0.0734051
-0.188086
0.0381687
-0.575223
0.537054
0.260308
0.202443
-0.462751
-1.54963
0.925132
0.624498
1.06096
-0.819479
-0.084972
0.464246
-0.379274
-0.227553
0.332739
0.512497
-0.23942
-0.273077
0.593513
-0.586818
0.236276
-0.312887
0.895194
0.320337
-1.21553
0.299029
-0.335434
-0.351959
-1.44086
1.79282
1.2803
0.66414
0.686814
-0.450188
-1.33044
0.975831
-0.709993
0.914983
-0.20499
0.00460662
-0.0328484
0.0282418
0.260147
-0.299655
0.0395085
-0.71435
1.38364
-0.268595
-0.150067
0.418662
0.4065
-0.146192
-0.854681
0.89285
0.598737
-1.07777
0.479032
-0.512892
-0.013259
0.67287
-0.403479
0.140397
-0.0109632
-0.0703503
0.110845
-0.0404947
0.0768432
-0.179035
-0.413287
-0.0774814
0.490768
0.130422
0.210179
-1.04299
-0.547448
-0.753553
-0.796078
0.0225549
0.0637109
-0.0862658
1.00283
-0.0929811
-0.909849
-1.58583
0.217366
-1.20291
2.19827
-0.995359
0.355427
0.15707
-0.387675
0.48419
-0.0965154
-0.759777
0.57013
0.582981
-1.13046
1.75196
-0.0660764
-1.68589
-1.42853
1.89251
-0.46398
-0.023429
0.0862326
0.369779
1.5429
-1.91268
0.0339626
-0.164994
0.131031
-0.132097
1.80272
-1.67062
0.000948825
0.11266
-0.113609
-0.888695
1.23242
-0.343729
-0.107431
-0.652346
0.0379204
-0.451207
0.263562
-0.163833
-1.87938
2.04321
0.0321922
-0.0101645
-1.75369
0.710706
-0.401287
-0.105629
0.506917
0.0971189
-0.122308
0.122611
1.59291
-1.71552
-0.536329
-0.578675
1.115
-0.512773
0.403324
0.109449
2.83156
-1.87598
-0.95558
0.468062
-1.00439
0.0514519
-0.0516413
0.000189478
0.0971151
0.735627
-0.832742
0.0468091
-0.0499337
0.00312461
0.843193
0.802676
-1.64587
-0.229388
-0.492033
-0.0690121
0.185094
-0.116082
-0.901217
0.688268
0.21295
-0.0739802
0.039447
0.0345332
1.4406
-0.437765
1.05062
-1.94714
0.896513
-2.79417
1.21757
1.57661
-1.17026
-1.62391
-0.361884
0.47242
-0.110536
0.437129
-0.261793
-0.175336
1.02
-1.73789
0.717891
0.0285444
1.08321
-1.11175
-0.582284
-0.160479
1.12895
-0.233754
1.29027
1.29782
-2.5881
-0.180766
0.0855788
0.0951874
0.0535484
-0.954766
1.87179
-0.474384
-1.3974
0.134727
-0.100765
0.0544897
0.327431
-0.350919
1.05859
0.813196
0.172075
0.67339
-0.845465
0.359367
-0.0416917
-0.0587855
0.00562173
0.0531637
0.526295
-0.396812
-0.129483
-1.82651
0.876711
0.949801
0.406549
0.0305801
0.883093
-1.61509
0.145293
-0.0065207
-0.138773
0.134192
0.130359
-1.64824
1.588
0.0602358
1.17985
-0.581113
-0.00607835
-0.032688
0.0387664
0.0330301
-0.138564
0.105534
0.120207
-0.21303
1.74425
-0.561966
-0.117627
0.380163
-0.262536
0.0010391
-0.0195942
0.469847
-0.517767
0.703149
-0.363737
-0.667256
0.695801
-0.0114804
-0.0588699
2.13708
0.0111381
-0.0159286
0.00479045
0.0971567
0.605993
-0.201834
0.130869
0.0709651
-0.106584
0.0503463
0.460427
-0.177155
1.44054
-0.680432
0.42688
-0.364178
-0.0627022
0.306473
-1.19517
0.0198434
-0.397441
-2.05051
1.88668
0.0387358
0.012716
-2.26192
0.232064
-0.262905
0.0504337
0.111313
-0.161747
-0.609116
-1.2174
1.5373
1.32712
1.69979
-0.774657
-1.55364
0.159226
0.553017
0.257984
-0.262391
0.00440787
0.171114
-0.235113
0.0639987
-1.25043
0.63575
-0.195982
-0.257375
0.453357
0.258416
-0.351186
-0.10184
-2.01944
2.12128
0.973866
0.217087
-1.5109
1.29382
0.950534
1.08499
-1.3604
1.57374
-1.20396
-0.0552994
0.38715
-0.33185
-0.879791
0.73651
0.143281
-0.239651
0.122023
-0.0835246
0.325945
-0.24242
-0.239073
-0.255156
0.49423
-0.530135
1.81044
-0.27266
-0.364961
0.637621
-0.392525
0.271076
0.235163
-1.22002
-0.100381
0.0415955
0.00879672
-1.88072
0.978208
0.902508
0.371703
-0.419605
0.00859542
-0.0153445
0.398589
1.25872
1.57285
1.65277
-0.517249
-1.13552
0.117923
-0.0433835
-0.0745392
0.69114
0.956681
0.119206
0.138777
0.552672
-2.20594
1.65326
-0.0994348
0.0902604
0.0091744
0.858632
0.610155
-0.214296
-0.0998432
0.726352
-0.554277
-0.569554
1.43704
0.155226
0.0107058
1.24138
-0.497174
0.14505
-0.137538
1.78074
-0.127972
0.100827
0.40094
0.0259403
0.0177033
0.298221
-1.74627
-0.836182
0.938608
-0.102426
0.00596345
-0.119106
1.80058
0.0257069
-1.82628
-0.707486
0.434826
0.223786
0.0665356
-0.306634
0.0688748
0.0295458
-1.17352
1.54131
-1.57751
0.036203
0.00220776
-0.249336
0.247129
-0.607093
1.46572
-0.835527
1.5394
0.0215517
-0.019344
0.757933
-0.2689
1.94868
-0.595278
0.00236323
0.131118
-0.133481
-0.0739109
-0.0888213
0.162732
0.115004
0.00291913
-0.367831
-0.724606
-0.0652622
-0.301691
0.366953
0.938302
1.48925
-1.63586
1.28391
0.112375
-0.457192
-1.00675
0.888453
-1.13152
1.32786
-0.196332
0.524553
-1.68753
1.55543
1.59771
-0.433711
1.31352
0.770647
-0.0676419
0.260625
1.28068
-1.32775
0.298825
1.02893
0.253472
-0.289036
0.392165
0.0143842
-0.213238
0.149418
-0.112089
-1.47859
0.436586
-1.24866
0.81207
-1.52538
1.01269
0.512699
0.202032
-0.770877
-0.228156
0.267827
0.0868316
-0.0705203
0.03465
0.0358703
-0.544833
0.459861
1.07309
0.524628
-1.42853
-0.120992
-0.143722
1.62203
-1.43304
-0.188992
-0.404696
1.9476
-1.63568
2.46725
-0.83157
-0.718421
1.02628
-0.307858
0.0616875
-1.34973
0.140933
-0.402726
-0.267886
0.419089
-0.151203
0.0784565
0.040875
1.33667
0.691925
-1.23627
0.544345
-0.0178007
-1.54513
1.56294
-0.0528272
-0.107969
-0.00494712
-0.459059
0.464006
-0.392307
1.08785
-0.695543
0.198438
-0.137662
-0.0607762
0.258408
-0.251984
-0.00642463
-1.98619
1.79028
2.46217
-0.512962
-1.9492
0.0724547
-0.00633653
-0.0661181
0.00596718
0.165147
0.0907827
-0.603674
-0.828119
1.67131
0.0310768
0.0034738
1.75196
-0.97719
1.07431
0.12927
-0.12927
-0.148002
0.362909
-2.34416
2.24356
-0.929579
-1.31398
-1.28261
0.830657
0.451957
-0.00610374
0.0425466
-0.0364429
1.01656
-1.2107
0.194141
-0.580521
-0.193492
0.774014
0.406764
-1.93954
1.53278
-0.0865116
-0.793279
-0.209217
0.135306
-0.177412
-0.576289
0.7537
0.731411
0.435821
-1.16723
-1.38228
-0.425528
0.682471
-0.256943
-0.630803
0.907011
-0.276208
1.44488
-1.32227
0.308285
-0.373547
0.107922
-0.380506
0.195763
-1.40441
1.53467
-0.130261
-1.22295
1.7487
-0.52575
-0.0171686
0.132987
-0.115818
-1.62007
-0.807602
-0.0315593
0.0117289
-1.66698
0.464068
-0.367472
0.283948
-0.172145
-0.546276
-0.0507225
-0.0487123
-0.806085
2.09636
0.0469745
-0.361102
-1.52386
0.121748
1.40211
0.373561
-0.307785
-0.0657757
-0.869424
0.159431
0.21286
-0.559368
0.346507
1.60515
-0.140522
-1.46463
-0.0236858
0.212211
-0.188526
-0.366831
0.500116
1.09325
-1.59337
-0.692534
1.64762
0.163066
0.696131
0.727367
-0.0650936
1.58197
0.198766
-1.41544
1.39764
0.300605
-0.0288012
-0.271804
0.41956
-0.0888204
-0.33074
-1.98986
0.354177
-0.0918928
-0.426189
-0.579182
-0.257
0.25165
0.798871
-0.208895
-0.589976
0.189536
0.097857
-0.890013
1.36285
-0.472836
0.15277
-0.241592
-0.0593806
0.319527
0.247776
-0.515662
0.0366513
0.422317
-0.458968
-0.0659121
-0.0395093
0.105421
0.690097
-0.140254
-0.549842
-0.0262385
-0.166977
0.193215
-0.287835
0.319507
-0.0316724
0.0101132
-0.290193
0.28008
0.314138
-0.0606667
0.440033
-0.346699
-0.0933344
1.57267
-1.03755
-0.949527
-0.0673154
0.118472
-0.0511564
0.0614722
-0.0716368
-0.273674
-0.239098
1.11088
-0.312014
-0.039735
-1.22622
1.26595
-0.339634
-0.0250546
-0.0061296
-0.578298
0.20871
0.049698
0.170006
-0.169057
-1.33504
-0.0352926
-0.0808503
0.116143
1.31848
-0.998145
1.24661
1.21556
0.240766
-0.0954723
-0.15587
-1.69039
1.84626
0.795325
0.391062
-1.18639
0.26656
-1.04258
0.692757
0.349826
0.326418
0.0471433
0.0217867
0.0750165
-0.0968032
2.11013
-1.12118
-0.988945
0.134871
-0.302085
0.167214
0.743424
0.323943
-1.06737
0.0692057
0.101073
-0.170279
1.71187
0.0129494
-1.72481
-0.454921
-0.0104556
-0.252899
0.299873
0.0356134
0.0438475
-0.0794608
-0.555663
0.0447579
0.0289362
0.0203227
-0.0492589
-0.365192
-0.668744
1.03394
1.12762
0.477525
0.996241
-1.03598
0.767797
-1.1601
-1.91126
1.80942
-0.0287915
-0.0616815
0.251662
-0.593343
0.341682
0.713802
0.985987
1.1104
-1.33238
0.221975
1.23419
-0.538056
-0.131867
0.0884833
-0.0119216
-0.0390245
0.0509461
-1.72221
-0.453231
2.17544
-0.407409
0.44246
-0.0350505
0.0145504
0.11472
0.166036
1.76703
-0.135969
-0.0447972
0.907558
-1.3803
0.472742
-0.70005
-0.371154
1.0712
1.51392
-0.463302
0.726246
0.565747
-0.752621
-0.262387
0.00497286
0.257414
0.021351
-0.194761
-0.459514
1.15144
0.0120903
0.0347188
-0.339833
-0.223311
0.563144
0.0121212
1.00444
0.707985
-1.19709
-0.459602
-0.397465
0.492304
0.753956
-0.926101
0.0785713
-0.0672923
-0.0584174
-0.292502
-1.94335
0.905804
-0.104035
-0.0637229
0.167758
0.0373045
-0.0243381
-0.0129663
0.228189
0.855017
0.198201
-0.0332831
0.0366205
-1.6913
1.65468
0.656823
-0.855863
0.19904
-0.0232576
0.0625539
-0.0392963
-0.769294
1.20588
-0.112856
-0.35717
0.470027
-0.273148
0.486008
-0.974023
1.44987
-0.475844
-0.45943
0.47238
-0.0129498
2.2141
-0.055214
0.473345
-0.150971
-0.322375
-0.588535
0.371618
-0.176772
0.354467
1.35753
1.02293
0.0928791
-1.71992
1.62704
-0.805727
-0.170547
0.976273
-0.278973
0.25123
0.0277435
0.068514
-0.274443
0.205929
-0.0188048
-0.0986822
0.117487
-0.101002
0.00062106
-0.328632
-0.21146
-0.0105871
-0.0901839
0.131779
-0.133102
0.395393
-0.262291
-0.230959
0.273992
-0.0430333
-0.0434262
0.201236
-0.15781
0.790058
-0.365123
-0.0584305
0.0114384
0.474395
-1.11691
0.642519
1.1968
-0.968607
0.00574945
-0.341062
0.335313
-0.930155
-0.746108
-1.3709
1.50821
0.637054
-0.476946
-1.3057
0.805116
0.500586
0.281175
-0.0995615
-0.181613
1.75137
-1.75137
-1.64996
0.105748
-0.307214
-0.24528
-0.608904
0.854184
0.568659
-0.525986
-0.0426728
0.0253828
0.0736183
-0.093009
0.0193907
-0.00263589
0.200162
-0.197527
-0.40337
1.24603
-0.842657
0.413146
0.132034
-0.54518
0.770773
-0.709085
-1.05321
0.247488
-0.042072
-0.215311
0.257383
-0.016353
-1.3114
-0.453332
-1.22531
0.771981
0.351365
0.0103268
0.223528
-0.233855
-0.270756
0.337278
-0.0665212
-0.24228
0.173268
-0.0823683
0.187849
-0.137415
0.0363075
0.135707
0.216065
-0.351772
-0.0245885
-0.0144361
0.339102
0.100932
-0.214716
0.225671
-0.0109544
0.0130698
0.0198613
-0.032931
0.101405
-0.0252191
-0.0761859
-0.0642736
0.166413
-0.102139
-0.540865
1.35294
0.487175
-1.12583
0.638656
-0.150993
-0.0799335
0.230926
-0.0394779
-2.57701
2.61649
0.8804
-0.554162
-0.326238
0.471925
-0.0456954
-0.189418
0.0556875
-0.0734905
-0.0541791
0.18905
0.286698
-0.935627
0.648929
-0.411209
-1.23703
-0.230174
0.764034
-0.533861
-0.111668
0.0864022
0.404493
-0.273957
-0.130536
0.819357
-0.344961
-0.802301
0.568911
-0.540794
-0.0281166
-0.518543
0.32256
-0.158166
0.567273
-0.209537
0.242567
-1.73233
-0.139232
-0.286184
0.53396
0.0236684
-0.232886
0.0148991
0.036047
0.303748
-0.293422
-0.0816881
-1.29408
0.753216
1.98729
-0.184571
-1.87938
2.24016
-1.08511
-1.15505
-0.0827362
0.469836
-0.080934
-0.742895
0.455577
-0.378734
-0.243985
-0.0184019
-0.536239
-0.415984
0.952223
0.125179
0.238168
-0.363346
0.0380581
-0.889123
-1.98282
-0.311978
-0.321935
0.633913
0.605601
0.0512227
-0.242936
-0.0378724
0.280808
0.470366
-0.087294
0.169823
0.111352
2.07005
-1.66329
-0.868742
0.332504
-0.249442
-0.05023
0.299672
-0.04604
-0.125146
-1.08556
0.519012
-0.0354731
-0.483539
-0.0827321
-0.0339256
0.918333
-1.18858
0.27025
-0.658069
-0.0669051
1.81827
-0.573465
-0.543449
1.75696
-2.12434
0.367378
-2.34026
1.82115
0.519114
0.147349
0.103002
-0.25035
0.150134
1.13449
0.0181435
0.823093
-0.841237
0.0572323
0.322931
0.12413
-0.051675
0.040063
-0.354325
0.314262
1.26714
-1.42301
0.0715855
0.32693
-0.399183
0.0722534
-1.55272
-0.0972412
-0.592512
-0.293239
0.225924
0.109762
0.00335473
-0.113116
-0.614899
0.294068
0.320831
-0.391662
0.336362
-1.08362
-0.459711
1.54333
-0.135394
-0.0467805
0.0406768
-0.38006
0.157874
0.222186
-0.386469
1.39915
-0.156298
-0.930923
-0.351691
1.47437
-0.591275
1.02588
-1.42925
-0.00824337
-0.025912
0.0341553
1.05698
-0.626737
-1.54781
-0.337263
-0.0849462
0.42221
-0.054044
0.203462
0.103953
-0.460929
0.356976
0.420005
0.11505
0.549492
0.891045
-0.127127
0.303744
-0.0674678
-0.405819
0.390474
-0.174133
0.0656452
0.108488
0.239585
-0.105534
-0.134051
-0.141921
-0.0412056
0.183126
0.313232
0.124438
-0.437671
0.0869043
0.0287579
-0.187043
-0.062293
-0.0277893
1.19334
0.046258
0.138684
-0.184942
0.0797417
-0.126991
0.0472496
-0.0362733
-0.240779
0.277052
0.615589
0.23725
-0.662777
-0.0831578
0.359137
-0.0741884
-0.395218
0.167665
-0.128209
-0.0367843
1.7955
-0.992829
0.0638687
-0.211534
0.147665
-1.59009
0.219191
-0.106524
0.0139327
0.0925917
-0.0399167
-0.0340636
-0.760334
-1.57993
0.358496
-0.0594671
-0.739101
-1.46684
-0.552039
0.212206
-0.494163
0.114103
0.88969
-0.739003
-1.53988
1.63276
-2.11988
0.397678
-0.159232
0.0282639
0.130968
0.0537878
-0.194856
-0.374201
0.569057
-0.296455
0.0339188
-0.326185
-1.13866
1.46484
-0.502586
-1.1352
1.63779
0.54642
0.350097
-0.896517
0.000593708
0.297541
0.27137
-0.260927
-0.254736
-0.168145
-0.103058
0.271204
0.0874044
0.360961
0.271567
0.132926
0.44894
-0.598162
-0.0250569
0.036195
-0.57589
0.7296
-0.153711
-0.148603
0.452108
-1.36049
0.0764002
-0.0126893
-1.50439
0.460111
0.134403
-1.0799
-0.535193
-0.134881
-0.932325
-0.316478
1.2488
-0.114254
0.569831
-0.197958
1.02862
-0.294971
-1.01222
-0.931129
-1.25547
1.44961
0.0831793
-0.290994
0.0164377
-0.0672015
0.0507638
-0.625151
0.561869
0.0632819
0.684716
-0.792147
-0.22195
0.117916
-1.10457
-0.201127
-0.0313034
-0.0207784
0.0520818
0.0532796
0.636817
-1.43375
-0.183817
1.61757
0.054741
-0.0793295
0.204063
-0.441603
0.237541
-0.233361
0.387442
0.137547
-0.204834
-0.0627339
0.267568
-1.31009
0.835708
-0.294517
-0.00193792
-0.172777
-0.129309
-0.331423
0.0569542
0.0216171
-0.0528589
0.0745716
-0.0164157
-0.0630451
0.29568
1.29232
-0.640349
1.95387
1.01291
0.628582
-0.822074
0.0449259
-1.47868
-0.297778
-0.323591
0.382164
-0.0585735
0.218803
0.0235018
0.0448268
0.0116617
-0.0545027
0.123268
-0.198398
1.84031
-1.64191
0.184068
-0.836414
-0.123352
-0.257704
-0.0698427
0.930919
-0.280972
0.355582
-0.0746107
-0.055648
-1.53767
1.59332
0.564013
0.272446
0.296212
-0.478733
-0.546583
0.948627
-0.402044
0.0397236
0.0164043
-0.0407425
-0.239076
0.811132
-0.572056
0.094635
0.296071
-0.390706
-0.122486
-0.648433
0.770919
-0.275715
-0.0597195
-2.05227
-0.0247641
0.188674
-0.186311
0.0297055
-0.309903
0.0153862
0.339296
-0.661231
2.29184
-0.971664
-1.32018
-0.144428
0.403948
-0.216816
0.420879
-0.247708
-0.293086
-0.173254
-0.013191
0.150207
-0.450211
-0.17935
0.850669
-0.973155
0.136911
-0.0924835
-0.0444274
-0.36819
-1.96905
1.09516
0.873893
-2.01852
1.97904
-1.14039
0.308447
0.831947
-0.0820126
0.31679
-0.234777
0.699212
0.411673
-0.046751
0.196757
-0.0348136
-0.133512
0.0174448
-0.258621
-0.0153365
1.12911
1.16273
-0.012491
0.0181128
1.63912
-1.42947
-0.0344785
-1.39324
1.42772
1.2383
-0.0449687
-0.290456
-0.0770165
0.564989
0.111052
-0.248079
-0.0580103
0.450175
0.796858
-1.56077
0.763907
0.0934201
2.34482
-1.41405
-0.93077
0.00910792
0.00163136
0.0409152
0.618781
0.764859
1.09126
-0.985507
1.03669
-1.53928
-1.23363
0.0104842
1.22314
-1.74119
0.509922
1.23127
0.0912998
0.0404797
2.44088
0.0549403
-2.49582
-0.689481
1.3786
-0.689121
0.0536061
0.220386
-0.804457
0.173654
-0.00307878
0.0418146
-1.34397
0.212448
0.00247816
-0.01762
0.0151418
-0.095762
0.216839
-0.121077
0.136569
-0.478099
0.34153
0.53341
0.405198
-0.518137
-0.0967621
0.0749555
0.852929
-0.939441
-0.0653867
-0.0549757
-0.251154
0.0533948
0.751376
0.283395
-1.03477
-0.397193
0.330051
0.0671422
0.126808
-0.452422
0.325615
-0.636268
-1.59473
0.81041
0.784318
0.123202
0.848201
0.238958
-1.08716
-0.280241
0.219793
-0.243661
0.0238685
0.166647
-0.0356162
-0.246993
0.00405718
-0.287315
-1.37016
0.689725
-0.420116
0.783745
-0.363628
-0.622669
-0.707773
1.71362
-0.735411
-0.10073
0.179669
-1.41372
0.078769
-1.39261
1.31384
0.0438251
0.0310311
-0.0748562
1.06577
-0.787514
-0.27826
0.198576
-0.0186023
-0.0152247
-1.43088
0.808206
-0.587866
1.28062
-0.119321
0.589168
0.294244
0.210194
0.029391
0.805656
-0.37083
-0.00273174
0.687448
-0.944519
0.423317
-1.51095
0.375751
1.00782
-1.06346
-1.58998
1.39159
-0.065812
-1.45588
0.183425
1.27246
0.519374
0.24466
0.0349054
-0.928844
0.683565
-0.1092
-0.124931
0.234131
-2.30859
0.701459
1.60713
0.404099
0.828055
-1.23215
0.0714912
-1.32696
0.760451
0.101837
-0.862288
-0.389157
-0.0678829
-0.938865
-0.0759416
-0.0121356
0.0515827
1.49259
-1.47964
-0.0567953
-0.974106
-0.620622
0.513707
-0.0114703
-1.22216
1.11552
-0.267319
-1.55543
0.00178935
-0.31439
-0.901142
0.328872
-0.321303
1.91126
0.225821
0.149437
-1.23499
0.134306
-0.10236
0.20375
-0.442823
0.327964
-0.554786
0.226822
0.0539449
0.081753
-0.135698
-0.465551
0.31458
0.290994
0.235301
-1.11698
1.13676
-0.0197773
-0.741735
1.10304
-2.14222
1.03918
-0.182577
-0.0566283
0.0911615
-1.47327
0.1379
1.33537
-0.368695
0.893248
-0.664848
0.702906
0.154467
0.960088
0.54877
-1.00837
-0.826661
-0.174016
1.00068
-0.303196
-1.39277
1.06658
-0.121772
0.12483
-0.00305895
0.051022
-0.0903183
0.947855
-1.40737
-0.663254
0.164113
0.499141
0.167143
-0.120141
-0.0470019
-1.07521
0.426777
0.0368235
0.0252803
-0.226747
0.402177
2.28697
0.153913
-0.797928
0.816071
-0.262035
0.0892582
-1.26443
2.22498
-0.960547
-0.074308
0.0635616
0.076835
0.368814
-0.0175884
1.00532
1.19295
0.645476
-0.914376
0.297381
-2.17336
-0.16585
0.130558
0.137894
-1.13604
-0.229853
-0.958731
-0.207428
0.0525134
0.77787
-0.375693
-1.1917
-0.254559
1.1456
0.182148
-1.68558
0.306825
1.37876
-0.0826344
0.470077
1.09448
-1.1211
-0.307424
0.735686
-0.326038
-0.409648
0.867087
-0.306163
-0.560924
-0.175757
0.0380955
0.636319
-0.663344
0.0270259
-1.42854
0.89592
0.53262
0.505183
0.944684
0.00067823
0.109083
0.751462
-0.514213
-2.17943
0.911433
1.26799
-2.04321
1.58998
0.984123
0.719872
-1.70399
0.796904
-0.733682
1.76106
-0.580075
-1.18099
-1.05651
0.169366
-0.080883
-0.179153
-0.10008
0.185659
-0.0368791
0.11474
-0.0778612
-0.21911
0.210431
-1.81176
-0.228214
0.178037
-0.137974
-0.0315261
-0.0184076
0.935934
-0.495181
-0.440753
0.772015
-0.477947
-0.116468
0.122435
-0.161375
1.27178
0.0581157
-0.0142906
-0.336222
-0.738987
-1.48809
0.555762
-0.0651719
-0.0766363
0.123544
0.114995
0.100202
-0.0837639
-0.490146
-0.526382
0.0935074
-0.0771805
-0.0163268
0.176882
-0.722555
-0.445505
1.16806
-0.30826
-0.00164278
-0.116826
1.1554
0.997923
-2.15332
-0.389152
0.935572
0.211755
-0.0844425
0.655693
-0.830257
-0.826637
1.65689
-0.945126
-0.942443
0.526459
0.291938
-0.185677
-0.106262
1.04917
-1.14215
-0.150465
1.98267
-0.879632
-0.177766
0.103166
-0.430227
-0.695604
0.0837735
2.07433
-1.80942
-0.264909
-0.900566
-0.587521
-0.341951
0.162257
0.0651267
-1.02657
-0.213141
1.23971
0.238065
-0.31639
0.411025
-1.64637
-1.41825
0.639923
0.778323
-0.16299
-0.00455986
0.16755
0.94685
-0.581616
-0.365234
0.103356
-0.157859
0.0768577
0.0827882
0.74421
-1.82783
0.753644
0.113443
-0.335222
-0.53352
0.326795
-0.0886274
0.146342
0.293
-1.01556
0.0293372
0.357813
-0.294923
-0.0855822
-0.185364
0.0950312
0.0903323
0.978479
0.782581
0.537547
0.0559475
0.693954
-0.132921
-0.561033
1.68753
-1.3807
-0.388675
-0.147878
0.141124
0.0255233
0.196176
-0.0844661
-0.267306
0.00320675
-0.124978
0.536279
-0.105775
-1.81318
-0.021304
-0.141686
-0.0690221
0.00182059
1.08752
-1.28547
0.845744
-0.40441
-0.441333
0.00399396
0.108197
-0.0167096
0.0191878
0.388231
0.0432812
0.0621402
0.30579
-0.446045
-2.72392
1.18472
1.5392
-0.0953352
0.00768426
-0.019147
0.103131
0.123159
-0.268952
-0.290415
0.655577
-1.48583
-0.0276727
-0.947863
2.10326
0.600925
-0.0638479
-0.537077
-0.586657
-0.48185
-0.0441353
0.0875842
-1.1065
0.490313
-0.722235
0.231922
0.290653
-0.363403
0.0727507
-0.0985046
1.1272
1.34005
-1.355
1.3807
-2.17558
1.66484
0.510737
1.16974
-2.1176
2.41697
-1.15825
-1.04421
-1.05532
-0.0293385
0.0639885
-0.0525243
-0.406534
-1.55185
0.095965
-0.0310086
-1.30137
1.21411
-1.97563
0.761521
-0.053603
0.236615
-0.386438
0.106545
-0.119495
0.991628
1.35319
-2.19561
0.93118
-0.179518
-0.765608
-1.32987
-0.207308
-0.156095
2.01852
-2.07373
-0.125713
-1.09811
-0.0326049
1.28306
-0.782948
-1.77644
1.77601
0.000429592
0.454228
2.16226
0.412557
-0.0360077
-0.37655
1.60755
-0.570851
0.229973
0.0468197
0.728449
-0.734579
0.082923
0.127271
0.716605
0.792969
-1.50957
-0.522099
-0.409033
1.02631
-1.06366
0.0373456
0.444869
-0.480342
-1.70608
0.715164
0.990917
1.05845
0.00732861
-0.923357
-0.208462
1.04862
-1.63989
0.281389
-0.542316
-0.250849
0.418514
-0.622057
0.427201
-1.67367
-0.525444
2.19911
-0.392278
0.516717
-0.454986
0.499743
1.13327
-1.48496
0.0636663
1.35819
-1.99854
-0.265889
-0.298789
0.204728
-1.17334
0.108854
0.690848
0.50583
0.00823359
-0.584522
-1.83088
0.290999
0.0256252
0.100814
-0.126439
0.0680746
-0.310495
1.1333
1.10686
1.24343
-0.973178
0.0998813
-0.0465638
-0.350248
0.440339
-0.433337
0.548387
-0.639122
-0.93544
2.10518
-0.214401
0.337603
-0.625881
-0.706646
1.33253
-1.39402
0.704543
-0.0658654
0.231376
0.0456759
-1.45224
-0.071624
-0.144886
0.6352
-1.45071
-1.27321
2.07433
0.544364
-1.34044
0.984672
-0.579474
-0.227517
0.573341
-0.301971
-0.233493
0.239242
-1.51096
0.242458
-0.789041
1.17128
-2.10672
-0.785563
-0.202683
0.574301
-0.191397
-1.58504
1.22407
-1.75926
1.33586
0.638303
-1.55755
0.919248
1.51801
-0.622094
1.82753
-0.871299
-1.11509
1.98639
0.57429
1.25709
-1.01902
-0.627023
-0.791224
-1.11837
-1.05721
0.44515
-0.873445
1.46442
-0.590975
-0.122598
1.36256
-1.23996
-1.01178
-0.955261
1.96705
0.909198
0.117114
0.233325
0.367496
-0.257219
0.232065
0.0251543
0.00306929
-0.244661
0.476686
-1.37725
-0.67766
-0.37571
-0.24944
-0.132173
0.592284
0.0211386
0.666002
-1.98062
0.612275
1.36834
-0.0156557
-1.63876
1.65441
0.022627
-0.24137
0.0438431
0.563071
-1.79633
1.79633
-0.0990146
-0.0241597
0.123174
-0.60687
1.04269
-0.310088
0.10278
-0.744255
-0.220946
0.581907
-1.355
-0.0268676
-1.26298
0.285785
1.25722
-1.27358
-1.21813
0.19156
-0.141729
0.556615
-0.414887
0.118204
0.518115
0.0746193
-0.0206744
-0.956503
-1.20028
0.187945
1.01234
-1.3773
-0.291396
-0.951117
-1.1911
0.0444704
-0.249305
0.158928
0.353548
-0.601255
-0.0535341
0.0371183
0.360776
-0.287336
-0.334721
-0.966002
1.44755
-0.481545
0.321828
0.193212
-0.218763
0.385739
-0.166976
-0.409552
0.154396
0.383411
-0.534617
0.151206
-1.14025
1.9123
-0.928181
-1.41173
-1.91273
0.375062
-1.7451
0.0491698
0.971111
1.13902
0.146857
-1.048
1.27483
0.259842
0.369204
-0.488525
0.636266
0.617376
0.179528
2.06547
-0.894184
-1.04974
-0.614572
1.66431
1.13721
-0.0145896
-1.12262
-0.0272592
-0.0997321
-0.191276
0.174107
0.131592
1.35356
-1.48515
-1.20019
1.06346
0.136726
1.20019
-1.39159
0.210726
-0.264329
-1.13131
1.06343
0.0768827
-0.0627371
0.091495
-1.66733
0.156421
1.54165
-0.903351
-0.297519
-0.0673355
0.132981
-0.423214
0.86947
0.252108
-0.084894
0.632103
-1.20416
0.173353
-0.234129
-0.566437
-0.0540088
0.614652
-2.0719
0.526763
-0.0710368
0.424548
-0.353511
-1.04341
-0.932221
0.0735487
0.704393
0.475457
-0.872437
0.074509
-0.151127
-0.301295
0.106523
-2.15747
1.11326
0.0696202
-0.0219142
-0.271507
-0.00483658
-0.0480223
-0.100521
-1.39991
0.651792
-1.61405
0.962255
0.0596281
0.243141
-0.302769
-0.0190119
-0.24338
-1.01694
1.30273
0.577932
0.35764
1.32229
-1.1211
0.182563
0.0412237
1.71394
-2.00015
0.286207
0.289526
-0.131652
-0.812545
-0.0497422
0.361116
-0.446062
0.202448
-0.166401
-1.28418
0.246764
-0.0670469
-0.179717
-1.47733
0.188014
1.28932
0.25712
-0.202379
-0.0429292
0.279438
-0.236508
1.17415
-1.18562
-0.202641
0.284394
0.60507
0.249114
-0.101009
0.153091
-0.0499625
0.136365
0.201497
0.647242
-0.848739
-0.419211
-0.0588882
-0.92904
-1.01332
1.94236
0.143092
-0.168764
0.316429
-0.992278
1.97904
-0.0610093
0.114797
0.0493535
0.0580318
0.14695
2.16967
-1.04056
-1.22323
0.769623
-0.527165
-0.923593
2.19158
-0.0468629
0.0901441
-0.255379
0.26993
-0.034695
-0.150247
-0.278903
0.175845
-0.314374
0.646907
-0.29336
1.17431
0.0591672
-0.0640038
0.288102
-0.0645741
0.0361858
0.386421
0.0637534
0.467709
-0.755046
0.205737
-0.235502
0.0297651
0.0829054
-0.0518743
0.172767
0.863005
-1.03577
-0.230548
0.105617
0.467937
-0.582191
2.16934
-1.23104
1.0154
0.90103
0.0996582
0.528511
-1.15954
0.341033
-0.428327
-0.387157
1.51854
0.551506
-1.489
1.489
1.69364
-0.855024
1.09019
-0.0284074
1.53627
-1.50786
0.918265
1.02618
0.73223
-2.4059
0.164667
-1.13782
-1.34574
-0.193525
-1.43719
1.63071
-0.39494
-0.123603
0.0705762
1.1732
0.148529
-0.254063
-0.674729
1.5013
-0.826574
-0.17242
0.255343
-0.0180001
-0.179414
0.505832
2.64675
-1.08053
-1.56623
1.61771
-1.47981
1.11926
0.208599
0.0248534
-0.00330166
0.0309774
1.56194
0.544806
1.01929
0.343564
0.0208007
0.193262
-0.214063
-0.337848
0.208539
0.177957
-0.190074
0.0121169
0.158487
-0.213374
0.0548869
0.496288
-0.421333
0.326728
-0.47533
0.609059
-0.449833
0.0230211
0.0320765
-0.00669364
-0.0337673
0.298625
-0.264857
-0.316157
0.295794
0.0203626
2.07373
-1.66963
0.529193
-0.536914
0.00772034
-1.49259
-0.334632
0.260444
-0.989184
1.90745
0.252937
-0.32278
2.34197
-1.60974
0.240747
-0.308215
-0.154452
0.0897506
-1.32112
0.10342
1.57235
1.28195
-1.07722
-0.102177
0.140486
-0.0852709
-1.49224
-0.287959
0.280259
0.237865
-0.361217
-0.357667
0.283056
-0.0800215
-1.33428
1.29981
-1.43823
1.47443
-1.17752
-0.474329
0.411627
0.672706
0.376832
-0.392169
-0.0562435
0.0773306
0.337276
-0.414607
-0.361791
1.42038
-0.918081
-1.06426
-2.18873
-0.0781198
0.0744186
0.00370124
-0.00859136
1.44481
-1.43622
1.71361
-1.02389
0.315759
-0.374333
2.1528
-0.979593
0.990174
0.647672
-1.63785
0.222224
0.0298849
0.675091
-0.271143
0.17908
-0.798297
-0.0381175
-1.08422
0.638714
-0.39195
0.206273
-0.139316
0.124091
0.299644
-0.359111
-1.0971
1.53166
-0.840516
0.161995
0.056908
0.296479
0.701815
0.309168
0.384786
1.72178
-1.53376
0.295488
-0.355207
1.48461
-1.868
-0.100765
-0.838675
-0.140438
0.0382988
1.00782
0.143574
-0.0267123
-0.0339062
0.0209398
0.000777336
-0.187821
-0.153863
0.110934
-0.558479
1.65364
-1.22595
1.19754
-0.435445
0.961904
-0.462072
0.096404
-0.118426
-0.103524
0.255267
0.928971
0.64837
-1.57734
-0.854755
0.483601
-0.503891
-1.8047
-0.631664
-0.0140449
-0.026792
0.110592
-0.0837997
1.451
0.159187
-0.182347
0.225803
-1.7686
1.75294
0.192481
-0.487404
1.15956
-0.180773
-0.10225
0.283023
1.67271
-0.907851
-0.882962
2.07031
-1.18735
-0.739149
1.42167
-0.682523
-0.312341
0.139922
-0.228011
-0.0184938
-0.0872394
0.105733
0.557804
-0.817587
1.28612
-0.468533
-0.263121
0.0737031
-1.36503
-1.93732
0.928005
1.00931
-1.60778
-0.329139
-0.415116
1.09724
-1.96854
0.264861
-1.00385
1.2849
-1.91656
0.327825
0.455919
1.66421
-0.937959
0.1147
0.0936061
-0.208306
-0.0164536
-0.0481364
0.0890517
-0.0149245
-1.29233
1.30725
-0.153594
-0.391239
-0.0873868
0.10559
-0.018203
1.23938
-1.00043
0.54483
-1.34301
0.798178
0.218646
-0.0641785
1.76314
-0.789277
-0.0151495
-0.217736
0.69951
-0.784976
-0.00717096
0.0642241
-0.359547
0.147683
0.59821
-0.745893
1.80266
-1.88223
0.0795748
-0.299495
0.199652
0.0864852
0.301566
0.567904
1.73926
-0.152906
0.0655188
2.06319
-1.55327
-1.97831
0.863218
0.693811
-2.03591
1.34209
-1.11683
-0.427747
1.54458
0.91463
0.798989
-1.61951
2.00015
-0.380635
-1.4673
1.32678
0.207471
0.589655
-0.797126
-0.0815408
-0.810276
1.3341
-0.52382
-1.61951
1.09126
0.334362
-0.419945
-0.127634
-1.0457
0.225492
-0.759353
-0.0437949
-1.59032
0.804264
0.786055
-0.304968
0.220074
-1.81638
0.75066
1.06572
0.757902
-0.430077
-1.14227
-0.897977
2.06406
-1.37025
1.49678
-0.142721
0.157042
1.7148
-0.621553
-0.789692
1.43792
1.02647
-1.0414
1.90334
-1.3926
1.29991
-1.33945
0.039542
-0.0792158
0.00452112
0.0746947
-0.779813
0.0380786
-1.02066
2.02598
0.35479
-0.107662
0.770828
-0.133774
-0.632202
1.58274
1.03185
0.486164
0.485311
-1.60214
-1.03589
-0.90143
-1.63586
-1.34397
-0.740707
-0.849612
1.96892
-1.29505
-0.673868
0.923197
0.0378334
-1.80643
1.66963
-0.371284
0.294267
0.327411
-0.250081
1.51149
0.713488
0.368547
0.127741
1.74115
0.0117938
-0.151821
2.43879
0.681354
0.225657
0.295748
0.94768
0.788279
0.340669
0.959827
0.749627
-1.70945
-0.203187
-1.5294
0.655958
0.283911
-0.184771
0.29036
-0.176599
0.392742
-0.413554
0.300697
0.05185
0.141572
0.859376
0.682278
1.48869
-1.30062
-0.188067
-0.163443
0.166649
0.551205
-0.0613768
0.0428831
0.00501001
0.331135
0.537276
-0.601124
-1.6075
0.704149
-0.39197
-0.201373
0.27035
0.029523
0.314008
-1.4879
-0.00988823
-0.110253
-0.0610484
-0.117987
-0.190302
-0.000211066
0.190513
0.00757983
0.549227
0.00334725
-0.0360353
-0.316773
-1.42363
-1.04591
0.247168
0.798743
1.6019
-0.68882
-0.913083
-0.743604
1.38484
-0.641233
0.732024
-0.114648
-2.07116
1.1882
-0.124926
1.64037
1.74031
-0.691134
0.0355284
-0.186707
0.151178
0.850395
-0.605735
0.0408417
-1.22646
1.53711
1.58936
-0.358089
-1.62172
1.00714
-1.20914
0.0865252
-0.0342912
0.0142485
-0.178918
0.16467
-0.45577
-0.190504
0.165198
0.0253051
2.1907
0.590493
0.262921
-0.00870507
-0.188239
0.196944
1.54137
-0.744507
-1.63626
1.67409
-0.216952
0.181336
0.198091
-1.01487
-1.05703
-0.679424
1.51191
-0.832488
-1.05733
-0.689924
1.74725
1.92372
-1.68747
-0.236247
0.82188
-0.00471019
-1.03577
-0.965082
-1.33102
-0.0084309
0.753334
-2.21777
1.46444
0.217941
-1.82572
-0.544571
1.57642
-0.373063
-0.0291941
0.402257
-1.19471
-0.958617
-1.54048
0.16498
-0.511678
-1.82135
-0.118213
-0.0395216
0.157735
-0.569938
0.41838
0.151558
0.338337
-0.0109259
0.737832
0.77408
0.079199
-0.0785779
0.0966297
-0.0111077
-1.00186
1.0414
-0.0108205
0.229624
-1.00186
1.7909
-0.804915
-0.00613198
0.471251
-0.145636
-0.901099
1.93403
-1.03293
0.125952
-0.0132917
0.960807
0.57085
-0.300032
1.36243
-0.00732634
0.645162
0.425665
-0.490481
0.0648158
2.22103
-1.46769
0.74331
-1.2653
0.0650169
-1.95385
0.688759
-1.51533
-0.041565
0.400188
-0.358623
1.50335
-0.723469
-0.779879
-0.686772
-1.26188
1.94865
-0.152207
1.5078
-1.53092
0.0231187
0.392586
-1.53124
-1.00589
2.1802
-0.179537
-0.377098
0.556635
0.327993
0.828329
0.675019
0.382624
-0.348705
1.71394
0.699528
2.81322
-1.64387
-1.20382
-2.2006
-2.05107
1.15688
-0.389049
-1.47095
1.76194
-0.415826
-0.989183
0.151374
-0.525575
2.82642
-1.09807
-1.58849
-1.80813
0.0926104
-1.53146
0.79075
1.15735
0.912955
0.93266
0.19906
0.535166
-0.734226
1.12205
0.893713
-2.01576
-0.0119014
0.94282
-0.696016
1.38718
-0.691165
0.360741
1.25697
0.392968
-0.00249345
0.346333
-0.856265
-0.455805
-0.479821
-1.76888
1.61706
0.843655
1.04452
1.76871
0.33423
0.156538
1.54571
0.796251
-0.0404152
1.58885
-0.760516
1.58499
-0.868381
0.150482
0.0688508
-1.56109
-0.0663854
2.31787
-2.25149
0.0120027
1.47669
1.54642
-0.857663
-2.60251
0.979579
1.62293
-1.90809
1.22132
0.612946
0.824977
0.0312238
0.163449
-1.35319
0.82685
0.594823
-1.53531
0.0970796
-1.558
0.261687
1.76888
1.55584
-0.873563
0.105804
-0.0117083
-0.0940956
0.884119
0.704726
0.75818
1.30588
0.269054
0.789391
-1.3333
2.09148
-1.4997
0.0350761
1.68589
-1.67409
1.52166
-0.783825
-1.88377
0.798665
0.849556
1.97687
-0.379055
0.845335
-0.46628
-0.27126
0.300598
0.0586174
0.198766
0.0468108
-1.32039
0.859691
-1.30222
0.447197
0.672061
1.52705
0.86155
-0.559984
-0.0101165
-0.205953
-0.465977
-1.35032
0.0489469
-0.950532
-0.955156
1.90569
-2.11937
0.749119
2.43674
-0.900195
-1.53655
1.02069
-0.12343
0.312421
-0.188992
-0.111138
-1.97124
0.709353
-1.89157
0.990474
0.629141
-1.93481
1.30567
1.02647
1.64971
-1.1644
0.204113
0.0664065
0.0100934
0.187761
-0.406524
1.06784
-2.15011
1.08227
-0.973226
-0.648491
-0.56647
0.403863
-0.527466
-0.654927
-1.54408
-0.0529728
-0.000561299
-0.367214
0.405925
-1.85632
1.53092
0.325394
1.52598
0.910758
1.40491
0.816116
0.697258
-1.06942
1.12966
1.50187
-2.32224
0.854542
1.5078
0.370657
-0.0250401
-1.63626
1.60324
-0.899091
1.22245
-2.86632
0.159338
0.130775
-1.64173
-0.0330108
-0.70837
0.194157
1.73302
-0.983392
-0.0341965
-1.07189
-0.0890916
1.16098
1.06942
-0.0429493
-0.0311709
0.248552
-0.315599
-0.26164
0.21014
0.354343
-0.338957
-0.270516
-0.0291394
-1.86176
0.911232
1.66714
-0.691306
-1.58772
-0.00502769
2.52207
-1.54249
0.257001
1.97966
-0.882417
1.63269
-0.828422
-0.834043
1.45451
-2.15403
0.820731
-0.79853
0.0556348
-1.22188
-0.725251
2.62618
-1.40373
0.948545
-1.59704
0.442128
2.61826
-0.533379
1.04381
-0.51043
1.43483
1.708
-0.984159
-0.723839
-0.743848
-0.18463
0.928478
-1.05097
-1.85632
1.40495
-1.22803
-0.176922
-0.239164
1.11094
-0.871779
-1.45695
0.915395
0.0252373
-0.0135084
0.344936
2.49598
1.98908
-0.813552
0.444857
-1.17385
1.18586
0.0623115
-1.36293
-1.53339
0.00966301
1.52373
0.656248
-0.830264
1.12754
-1.53875
2.13647
-0.851569
-1.33439
1.33439
0.609559
0.89231
-0.138409
0.452671
-0.744885
1.629
-1.44547
1.44547
-2.50993
-2.0201
1.12213
0.458093
0.161703
-1.53842
-0.770957
0.400126
-0.084245
-1.57093
0.0325115
0.432097
-0.934519
1.91359
-0.571102
1.61452
-1.04342
-1.53518
-1.49228
1.29876
-0.0942482
0.40928
-0.588817
1.34961
0.713934
0.669347
1.0243
2.19908
-1.38296
0.798188
0.450555
-0.70558
1.65413
-0.818784
0.155439
-0.913311
1.40495
-1.4624
2.60233
-1.67115
0.929854
-2.1172
-0.782799
1.77372
-0.0115527
1.22803
-1.21837
-0.128473
0.581822
0.100918
-0.682741
-1.48564
1.48564
1.8493
-1.10034
-0.748965
-1.47964
1.29315
0.28327
-1.62354
1.62354
1.07778
0.771516
-0.0179103
2.01523
0.451628
0.104987
-1.39262
0.0627423
1.7986
-0.419841
2.07856
-1.757
2.39683
-1.09901
0.887412
-1.19377
-1.21837
-1.59574
1.59574
-1.47882
2.38958
2.29701
-1.44247
-1.88245
0.893502
2.12242
-1.19256
-0.986238
0.747074
-1.87581
1.05216
0.823642
0.367065
-1.98714
1.07861
1.73127
0.886997
-1.17385
-1.45513
1.45513
0.020784
0.12935
1.11154
-1.12966
0.0181178
1.52151
-1.61706
0.0955496
-1.88314
0.994138
0.889003
0.450032
1.29722
0.17872
-1.11154
-1.52151
-1.22148
1.89082
-1.30697
2.1277
1.68009
-0.672946
1.18586
-0.79802
0.938196
1.00625
-0.830978
-0.92865
-1.18895
0.243545
0.698178
-1.69064
1.29143
-1.24138
-0.584898
0.741907
1.20675
1.07637
1.3406
0.475797
-0.0382723
0.153766
-1.3049
-0.954127
2.25902
1.04137
0.622945
-1.178
-1.26556
2.44356
-2.14757
-0.766425
0.356776
-1.83091
0.730575
-0.67463
0.98552
-1.55119
1.82561
1.03549
-1.86646
-0.519995
0.0367614
-0.682604
1.72397
-0.928798
0.892112
-1.20782
1.83718
-0.629357
1.55937
-0.862116
2.22006
-0.974672
-0.832739
1.86822
-0.817327
0.083645
0.746503
0.688323
-1.0863
-0.0223076
-1.53041
-1.20955
-0.800031
0.424338
0.140181
-0.104653
-1.92816
0.892271
1.03709
-0.602422
0.952613
-2.14518
-0.941939
-0.0412563
0.543577
-0.960448
-0.952076
-1.24123
1.98313
1.06818
0.887801
0.923423
0.914047
1.31133
-0.479385
-1.13628
-1.2484
-1.00944
2.25783
-0.833817
1.76279
1.14194
-1.06839
0.728826
-0.260889
0.915235
-2.165
1.24976
0.177131
-0.942738
-0.534375
-1.19496
-0.968897
-1.11639
0.294027
0.315032
-1.10712
-0.82104
0.774006
1.87046
-0.955337
-0.915118
-0.66814
1.88946
-0.986876
0.413143
0.832307
-1.93942
2.35304
-1.08497
-1.26807
1.93829
-0.73154
-0.388745
0.821292
-1.80293
0.981634
-2.47624
0.997414
-1.81024
-1.04517
-0.807094
2.27024
-1.20239
0.33976
0.0231059
0.00897054
-1.22994
0.947116
-0.542537
-1.26771
-1.16739
-0.805635
1.9589
-1.15326
0.971656
-2.2016
-1.49072
1.0175
-1.85024
-1.84319
0.997487
0.983324
-2.17828
0.981179
-1.24709
-0.162791
1.40988
1.25177
-2.22645
-0.792575
0.314628
1.05501
-1.80398
1.01288
-2.5036
0.756167
1.49521
-1.4498
0.0724949
1.16904
1.15473
0.783561
-2.02431
1.19173
0.832579
-0.0607978
0.337464
0.773479
1.15792
0.877928
-1.8907
1.01277
-1.25031
1.74318
0.18643
-0.884521
1.90202
-0.395981
0.729676
-0.841174
-1.26484
2.10602
1.28392
0.885418
-0.116191
-0.158252
-1.21728
1.9262
-0.771476
0.799688
0.961534
-1.76122
1.55481
-2.51039
2.56769
-1.61394
-1.11169
1.944
-1.12057
-0.818858
1.20662
-2.21606
-0.274655
-0.954979
-0.847947
1.05972
-1.79373
0.734009
-1.58894
1.12943
-1.75879
-0.985934
0.0374481
0.293687
0.154613
0.862854
0.78818
-1.74316
-1.30214
0.448263
-0.618527
1.54678
1.09997
-0.900093
-1.01117
0.988485
1.21707
-2.6208
0.639199
0.920175
0.00930867
-1.15476
-0.761803
0.137422
-0.00443474
1.17874
0.804393
-0.813761
1.5277
-0.141286
1.16796
-1.71049
0.868603
-1.82394
-0.74387
-0.787587
0.0386705
-0.731079
0.847204
0.663083
1.07512
-1.7382
-0.744259
-0.867439
-0.197302
0.235268
0.949823
-1.91027
0.0197324
0.535438
1.00914
-0.163631
0.091258
0.0723725
-0.0211878
0.718605
1.00537
1.9623
2.25137
-1.33732
-0.322876
1.85565
-1.1683
0.489501
1.14829
1.40944
0.101438
1.79251
2.40685
-0.911919
-1.28968
0.0446895
-0.0860669
0.0413774
-1.35632
-0.110982
-0.148024
0.489706
-0.59083
1.46944
-0.115879
0.000473156
-0.298644
0.298171
0.090719
-0.0252755
0.0767962
0.0820157
0.809042
0.833928
-0.0428793
1.31771
1.55374
-0.745537
0.214006
-0.220527
0.00341973
-0.0275795
-0.62557
1.60675
0.856795
0.134821
-0.511919
1.99613
1.23858
2.21406
-1.32195
-0.848039
-0.69561
1.86465
0.521911
1.32465
-2.13225
-0.971279
1.22099
-1.66159
0.440596
0.020908
-0.326545
0.0900365
0.78048
1.60872
-1.36562
-0.243095
-0.143607
-1.35609
-0.127106
-1.09103
0.679904
1.23369
0.0415325
-1.83418
-0.113213
-0.0424138
-0.0776544
0.120068
0.644773
-0.183753
1.13703
-0.95328
1.5482
-0.220874
-1.32732
1.0969
-0.0421932
1.37756
0.929415
1.28584
-0.883331
-1.46646
-0.49592
-0.50771
1.00363
0.104955
1.17504
-0.645327
0.311147
0.334179
2.55078
-1.48259
-1.39358
-1.02523
-0.884406
-0.48127
1.36568
0.0753554
-0.99895
-0.124291
0.432396
-1.65846
1.27999
-0.788004
-0.889859
1.22732
-0.10999
0.0822011
-0.2383
-1.38344
1.19969
-0.727394
0.715493
0.0679342
2.43149
-1.08136
-1.35014
0.722145
-1.09913
1.4742
0.189569
-1.15777
0.968198
1.04648
1.10632
0.0227244
1.5677
-1.07446
-1.07565
-0.105029
0.0189016
-1.74321
0.270153
-0.041934
-0.73784
0.0382697
1.49531
0.936186
-0.808402
1.27704
-0.468637
1.06158
-0.702155
0.197168
-1.54291
1.10017
-1.42211
0.321937
1.05912
-1.66916
-0.872961
1.93642
-0.858348
1.88423
0.52866
-0.330569
-0.0970876
0.0970876
0.157612
-1.15804
-1.11526
0.576317
-0.278075
-1.22512
-1.1955
0.489035
1.70609
0.135029
0.1814
-1.12759
1.85816
1.12351
-1.89498
-2.25397
0.96429
0.0235078
-0.173755
0.516269
1.18527
0.178742
-0.8832
0.533526
-1.33193
2.27905
-0.131716
0.057408
1.07492
-0.0923098
-0.512422
-1.28391
-0.763082
1.88659
-0.0422399
-1.49757
0.683808
0.0281649
0.94173
-0.238473
0.139788
0.0986847
1.00829
-0.114122
-0.242983
-0.116564
-0.082411
0.082411
-0.786984
0.203152
-1.66209
0.8745
0.0364053
-0.0361054
-1.32455
-0.0315867
-0.219278
-0.1016
-0.0544465
-0.220979
1.55517
-0.631746
-0.12365
-0.417578
0.980648
-1.10897
-0.339208
0.0165838
0.322625
-0.0816952
-0.0972234
-0.0820322
-0.354092
-0.0961189
1.52937
-0.795682
-0.282086
0.737062
1.34688
1.04995
0.185247
-0.184774
-0.194134
0.9296
-0.439663
2.04679
-1.2942
-1.52956
2.82377
-0.985507
0.518232
-0.0703499
-0.0657354
-0.0809583
-2.56395
-0.0984978
1.07582
-0.0612205
-1.0146
-1.59227
0.112453
0.642217
-0.159585
0.0787018
0.424073
-0.935948
-0.662831
-1.83299
0.0814437
-0.057936
-0.0964284
-1.41907
0.483122
-1.38503
1.38546
0.0239398
1.13236
1.25679
-2.38915
-0.00343178
-0.135341
0.628666
-0.211845
-0.0764098
-0.842229
0.463173
-1.22374
0.178037
0.648824
0.249644
0.355956
1.05014
1.21421
-2.26436
-0.0882275
-0.524528
1.22892
0.935959
-0.981442
-0.928829
-0.0746888
-0.479015
-0.0580625
0.840454
0.0628541
-0.20869
-0.346096
-0.799391
-0.163812
-0.063623
0.0695051
0.129906
-0.0214182
1.09508
-0.0712597
-0.797784
0.98121
-0.25981
1.36273
0.591147
0.756354
-0.826717
0.0862967
0.97066
-1.63052
-1.13148
2.25867
-0.0708953
-0.140565
-0.166549
1.18063
-2.3121
1.39683
-0.884132
0.737369
-0.0915632
0.31195
-0.729134
-0.573088
-0.124298
0.0464366
-0.897497
1.37329
0.46968
-1.35409
-1.50931
1.04068
1.70354
-0.815698
-0.887841
0.639201
0.0268003
0.206568
0.457154
-0.663722
-1.00684
0.510919
-0.309623
1.73644
-0.0653433
1.36791
-2.41991
1.052
0.848779
-0.676011
0.00648021
-0.122298
1.43356
-0.148446
-0.486845
1.39547
-0.908622
0.951111
-1.35205
0.40094
-1.07374
-0.827565
1.85952
-0.865383
1.18916
-2.45723
1.22084
-0.521334
-1.30351
1.8666
0.191667
0.245661
1.4076
0.402974
0.908983
-1.31196
-0.412673
0.155299
0.18096
-0.978279
-0.873201
-0.733875
1.60708
0.499334
-0.886449
-0.138736
0.00177018
0.136966
-0.438998
2.01184
-1.57421
-1.9366
1.30319
1.27998
0.0272779
0.605673
-1.64909
-0.193974
-0.044499
-0.0508546
-1.50034
0.427698
-0.581292
-0.517784
-1.28357
-1.75597
0.601208
-1.14148
-0.255362
-0.384459
0.877525
1.06692
0.102336
0.973482
-1.48914
2.62149
1.06619
-1.16343
-0.0223185
0.386904
-0.632009
-0.623507
1.25552
-0.015197
-0.0664911
2.07578
-0.445856
-0.0216717
0.00492406
0.992088
-1.19758
-0.0245758
-1.36297
-1.26005
0.303542
0.337269
-1.22713
-1.05887
1.88251
2.44595
0.124099
-2.41521
1.33469
0.780882
1.0081
-0.55692
0.183857
-2.45012
0.899346
0.374588
0.960803
0.23379
-0.861141
1.90182
0.0698939
-0.0819396
0.0120457
1.23369
-1.04412
-1.13273
0.0262319
0.416206
0.315818
1.5628
0.544326
-0.780877
0.0509896
0.930692
-1.26049
-0.91669
0.610527
-1.21294
0.807731
1.06773
-1.4619
1.55898
-1.00257
-0.968263
1.75182
0.442704
-0.942054
-1.92117
0.949887
-0.0706104
-0.617228
0.300455
0.0492873
0.839165
-0.12883
0.0106169
-0.0815411
1.15497
-2.35736
0.973724
-0.437444
0.55792
-1.72232
-0.930481
1.40717
-0.0320751
-1.19439
-1.29336
0.216143
0.0479487
1.38378
0.112997
-1.38276
1.49904
-0.116277
0.519838
1.26727
-1.78711
-1.12134
1.21464
-1.06505
-0.364258
1.42931
0.739391
-0.914944
1.16856
1.37227
-0.889147
-1.63624
0.0222992
0.791224
-1.9776
-1.30226
1.09117
-1.66501
0.573838
1.00221
-0.950752
-0.112598
1.06335
-0.335743
0.316131
-0.0249896
-0.291142
-0.562222
0.170252
0.0118745
1.71211
-0.992237
1.87546
0.541725
-0.200919
-0.340806
0.160323
0.0572063
-0.194621
-0.402866
-0.548391
1.18711
0.258931
-1.13071
-0.974689
1.03488
-0.40338
-0.631495
-0.0396476
-0.0506707
-1.93436
-0.573448
0.820616
-1.14043
-0.202576
-1.05543
-1.25647
1.18784
-0.613545
-1.41048
-0.689673
-0.0263523
0.258417
-0.938557
-1.10746
0.525843
1.78056
-1.17489
-0.760451
0.258963
0.602587
0.731671
1.04204
1.7169
0.802346
-1.02123
-0.896631
0.639631
-0.810347
1.36611
2.32349
-1.27335
0.914853
0.165614
0.328187
-0.345579
0.0173922
-0.128314
-0.00131431
1.05442
-1.34367
-0.828377
1.089
-0.666264
0.854209
0.35746
-0.0142003
-0.674532
-1.05149
0.157228
0.894266
1.49159
-1.66423
0.172644
-2.1606
0.876429
0.186152
-0.459826
1.18671
-0.649166
0.0406732
0.00242363
1.3297
-1.23348
-0.0962153
-1.18949
0.0984661
-0.333118
-1.14314
0.0261581
-0.413808
0.38765
0.212819
-0.239687
0.212873
0.146494
-0.204763
0.614043
-1.47199
-0.423742
1.00167
0.473984
0.208487
-0.0200574
-0.590166
1.18392
1.07476
0.953612
-1.38706
-0.0277402
0.0584434
-0.0584434
0.601983
-0.398234
-1.06613
0.775101
-1.39861
-0.0258337
-0.303901
1.03953
-0.0230403
-0.259003
-1.09305
1.55455
-2.21761
-0.188197
0.989598
0.0680885
0.537904
1.05698
-0.428088
0.38015
0.0479387
0.918286
-0.0125392
-0.905747
-1.05312
0.357767
-1.64044
1.28267
-0.166075
-1.0532
1.10833
-0.0551373
0.499992
-1.56505
-0.901799
0.00866989
-1.14517
0.00535228
-1.22879
1.2202
-1.3707
1.31376
0.0569362
0.203052
0.325608
0.455047
-1.6646
1.20883
-2.34459
1.13576
0.0217169
0.000582847
-0.269431
-1.10769
0.528219
-1.53844
0.13853
0.912619
1.10894
-2.02155
-0.368402
0.879938
0.110198
-0.0316325
-0.0785651
0.103171
-0.103171
1.33979
0.248218
1.38454
1.3409
0.38841
-0.898681
0.0574446
0.176984
0.520004
-1.28462
2.22635
-0.121379
1.61297
-1.58328
-0.40346
-0.184151
0.274483
-0.639256
-0.711424
0.241643
0.469781
-1.22492
1.25852
-0.0335981
0.62161
-1.35074
1.03369
-2.09262
1.05892
1.57479
-0.114355
0.179482
-1.3627
-0.0334736
-0.282916
-1.09573
1.16074
-1.22627
0.154383
0.925544
0.157798
-0.951077
-0.286175
-0.20235
-0.0583078
0.317926
-0.0826574
0.827707
0.747082
-0.163678
0.167735
-1.51977
-1.49993
1.48658
-1.479
-0.913919
1.71291
1.1655
0.850231
-0.0993617
1.39222
0.369726
0.9797
0.176223
-0.0681006
-0.323849
-1.1896
-0.104777
-1.25819
-0.950245
-0.0123433
0.0123433
0.724675
-0.213177
0.911986
-1.78519
0.00516479
-1.99293
-0.000219988
0.000219988
-1.24128
1.4895
-1.08856
-0.00881541
0.00881541
0.396935
1.26114
-0.0203186
0.399682
-0.0186496
0.0186496
0.74012
-0.0217742
0.0217742
0.0368709
1.26679
-1.30367
-0.229799
-0.02904
0.02904
0.223533
-0.073076
0.00137651
0.0716995
0.0273837
-1.2049
0.72513
-1.58725
-0.444597
0.0302543
-0.0302543
-1.68268
-0.55925
-0.471008
-0.339688
0.972232
-0.632545
-1.22966
0.100227
-0.100227
-0.0426881
-0.0673023
-0.0292421
0.0292421
-0.454065
-0.581707
-0.122635
0.122635
-2.19541
-0.95748
-0.0306518
0.0306518
0.284411
0.865966
-0.111815
0.111815
-0.0287464
0.0287464
-0.53332
-0.108491
0.108491
-0.0288033
0.0288033
-0.603882
0.811353
-0.111885
0.111885
-0.53735
0.118405
1.44353
-0.761692
-0.0786021
0.0786021
-0.039376
0.039376
-1.33799
-0.14716
-0.640487
-0.758121
-0.109826
0.109826
0.645108
0.0812443
-1.41405
1.93636
-1.50396
0.308742
-0.30962
0.000878169
-0.161044
-1.38186
0.0459539
-1.01005
1.27297
0.533279
0.196322
-1.96413
0.984535
0.0532885
-0.240447
0.187159
0.0334821
-0.0334821
0.00917116
0.0443298
-1.23872
-0.212145
-0.299533
0.11472
-0.0960731
0.0960731
-0.0836702
0.0836702
-0.0690149
0.0690149
-0.0542329
0.0542329
-0.0494017
0.0494017
1.1971
0.143801
-0.0388146
0.0388146
0.00748224
-0.00748224
0.0464185
-0.0372805
0.0372805
0.227148
-0.0579584
-1.25344
1.18538
-2.03695
0.701565
0.929147
0.00273134
-0.00273134
-0.0414744
0.0414744
0.00939092
-0.00939092
0.439362
-0.4277
0.0900202
0.0107939
0.0135666
-0.0135666
-1.29836
0.0273606
-0.0273606
0.630464
1.33383
-0.526896
-0.318569
0.840479
0.0176539
-0.0176539
-0.0331252
0.0331252
0.0232167
-0.0232167
-1.45421
0.720332
0.344291
-0.275612
-0.0686787
0.000388099
-1.27088
0.161908
-0.0349613
0.0349613
-0.245606
1.29836
0.156763
-1.15731
0.0142462
-0.0142462
-1.30683
-0.0365156
0.0365156
2.07757
-1.8223
-0.00852823
0.00852823
-0.0360776
0.0360776
0.0881738
-0.0881738
0.947316
-1.8755
-0.014021
0.014021
-0.0366605
0.0366605
-0.504893
0.919714
-0.41482
0.985826
-1.79074
-0.613187
-0.399851
1.01304
-1.31044
-0.0524956
0.638323
0.968426
0.0147406
-0.0147406
0.0171123
-0.0171123
-0.0297335
0.0297335
0.858419
-1.6477
0.866665
-2.15129
-1.42238
1.42238
0.729444
-1.32196
-0.517175
0.223816
1.49754
0.0143525
-0.0143525
-0.0385302
0.0385302
-0.964297
-0.504246
0.0110052
-0.0110052
-0.0425241
0.0425241
0.544839
-0.588974
-0.249006
0.383409
-0.0444344
0.0444344
0.00942304
-0.00942304
-1.55219
0.752802
-1.88791
0.788778
0.00776917
-0.00776917
-0.201212
0.0632379
-0.0503979
0.0503979
0.0125018
-0.0125018
-0.0394347
0.0394347
0.0123123
-0.0123123
-1.19839
1.00284
-1.28875
-0.031635
0.89797
-1.63581
-0.0377046
0.0377046
0.0248917
-0.0248917
-0.061147
0.061147
0.0652689
-0.283005
0.522068
0.0157838
-0.0157838
0.2929
-0.225758
-0.0399331
0.0399331
-0.0876729
0.350477
1.69631
0.0934457
-0.932121
0.0284731
-0.0284731
-0.0410835
0.0410835
-1.31675
1.2659
-0.706739
-0.681304
1.38804
-1.40535
-1.15333
0.707125
0.0664014
-0.347252
0.28085
0.0378909
-0.0378909
0.00534554
-0.00534554
-0.0374716
0.0374716
0.556906
0.344179
0.0560086
0.141576
-0.610384
0.468808
-0.470403
0.534157
0.10893
0.103598
-0.212528
0.0684168
-0.0684168
-1.41431
1.41431
-0.0371615
0.0371615
0.493916
-0.399905
-0.411398
0.0703355
-1.11532
-0.0505253
0.0505253
0.0657069
-0.0657069
-0.143971
0.00563791
-0.929861
1.6327
-0.0204113
-1.20925
0.822517
0.0533222
-0.0533222
-0.108907
0.0418332
-0.0418332
1.55271
0.637995
-0.587503
-0.233409
-0.553036
0.405011
0.365891
-0.423953
-0.0794149
-0.233869
-0.0994087
0.333278
-1.88613
1.12433
0.0490603
-0.0490603
0.312357
0.798756
-0.0448597
0.0448597
-0.732816
0.816461
-1.00355
-0.0836098
0.0278702
-1.22626
0.0412885
-0.0412885
-0.045538
0.045538
-0.0456056
0.0456056
-0.0520858
0.0520858
-0.047651
0.047651
-0.0494212
0.0494212
-0.0474085
0.0474085
0.236804
-0.201361
0.0469086
-0.0481105
0.0481105
0.865797
0.0565357
-0.0565357
-0.5277
0.53542
0.242595
0.029058
-0.029058
0.989361
-1.82318
0.605174
-0.00151872
-0.0201529
-0.0906294
-0.345425
0.436054
0.0168626
-0.0168626
0.601823
0.0067498
-0.0067498
-0.0891559
0.00102578
-0.00102578
1.35816
0.90444
-0.219716
-0.00389828
0.00389828
0.143309
0.550364
0.526276
-0.347067
-0.179209
0.0125369
-0.0125369
-0.104784
-1.05325
0.107549
-0.233208
0.239876
-0.273349
-0.928184
-0.0829822
0.822829
-0.287663
0.473994
0.0831717
-1.15099
-1.04387
-0.187976
0.302079
0.0290871
0.0037499
0.862437
0.312809
0.0139859
-0.156328
1.15257
1.15816
0.0690848
-1.22725
0.861944
-0.328665
0.221951
0.917446
-0.835304
-0.0821423
0.426968
-0.0346927
0.0167824
-1.34462
0.94037
0.404248
-1.45623
0.849289
-1.00482
-1.66193
-0.0629103
1.72484
1.37431
-1.68089
-0.933757
-0.906082
-0.972292
-1.37122
0.0275481
0.063574
-0.063574
0.12635
-0.290412
0.624642
0.332842
-0.153633
0.367639
-0.0101539
0.0101539
-0.144663
-0.80489
-0.108421
-1.01003
0.662996
0.0771237
0.29524
-0.331248
0.712798
-1.45833
-0.261174
-0.0278623
0.696316
-0.554546
-0.48932
-0.807283
-0.231827
-0.448556
-0.0823625
1.88234
1.2998
-0.0330039
0.0250095
-0.456205
-1.43609
0.589143
-0.13105
-1.06897
1.73311
1.35241
-0.118228
-0.109982
-1.61483
-1.2881
0.221971
0.268283
-0.0121405
2.62307
-1.57312
0.0129262
-0.0271265
1.29789
0.34451
-0.495638
0.186147
-1.08491
-1.18639
0.707002
-0.46145
-0.844088
-0.50646
-0.653643
-0.0533809
0.0533809
0.0123342
-0.0123342
-1.01179
0.342322
-0.594244
0.251922
-0.555745
1.27294
-0.689559
-0.789898
0.40126
-0.430454
-0.94165
0.21924
-0.260496
0.574281
-1.90319
1.67525
0.227936
-1.13127
1.01867
0.986113
-0.417679
-0.568434
-1.10504
-0.212494
0.0239678
0.990575
-0.981081
1.70621
1.15675
-0.383047
1.12244
-0.282628
0.198162
1.12442
-0.422604
-1.06157
1.06157
-1.28508
0.219679
-0.117713
-0.101966
0.663369
-0.195659
-0.445125
0.292219
-1.49533
1.51845
-0.385372
-0.102032
0.857632
-0.941655
0.0840233
-1.68841
-0.397371
0.000491507
0.0885602
0.94165
0.730562
-1.30167
0.571107
0.270058
2.38616e-05
0.294088
1.09171
-1.3858
0.778323
0.116075
-0.570241
0.121685
0.295078
-0.155157
0.180747
0.000589041
-0.440462
0.149065
-1.25621
0.493714
2.01017
-1.3815
0.245273
0.161619
-0.39249
0.230871
0.234145
-0.62007
0.385925
0.255768
0.0637027
-0.0637027
-0.191745
0.618946
0.657448
1.13227
-1.13227
0.26852
0.0471988
0.17918
-0.503152
1.04796
-0.126818
0.538445
0.321629
-0.121977
2.31262
-0.972568
-1.04879
0.165461
-0.0819798
-0.283793
0.365773
0.253333
-0.453028
-0.495451
0.0053055
-1.16412
0.00681417
1.1708
-0.629991
1.11449
-0.484501
0.310997
-0.0909227
0.957202
-0.118883
0.0531843
0.796465
-1.87211
0.998893
0.882791
0.116102
0.976261
-0.981398
-0.307275
-0.0328856
-0.228289
0.991912
-0.88211
-0.109802
-0.448689
0.0287448
-0.146422
-1.79088
0.514956
-0.187731
0.392935
-0.0768033
-1.28646
2.1858
0.00412976
-0.0868619
0.0942104
0.81057
-0.823109
-0.0308982
0.0308982
-1.49596
0.378975
-0.0847075
2.0037
-0.440712
0.654388
-0.102177
0.0360886
0.0431104
0.452802
0.0114449
0.113724
-0.0645543
0.246704
-0.0239914
-0.389926
0.413917
0.026553
-0.026553
0.0810184
-0.0810184
-0.785106
1.77093
0.774744
-2.04031
-0.0185666
0.0185666
0.981398
-0.491699
0.346062
-0.106335
-0.765892
0.872227
-0.387729
-0.118941
-0.342127
-0.638014
0.274386
0.2619
0.411983
0.666502
-0.406882
0.83122
-0.00966527
0.00966527
-1.49285
1.86258
-0.103083
0.103083
-0.0585546
-0.140701
0.435657
-0.294956
-1.05916
-0.146428
-0.489362
-1.08085
0.0662507
0.633846
-0.486163
0.421934
0.431166
-0.0919716
0.0382043
-0.392296
-0.294591
0.4445
-0.149909
0.699835
-1.31992
0.151623
1.65402
-0.724425
-0.257567
-0.183633
0.4412
-0.17554
0.603238
0.00644296
0.0666321
-0.0730751
-1.27559
-0.244464
0.204942
0.596819
0.109715
-0.0234178
-0.843835
0.0672594
0.0559149
0.393491
-0.594864
0.149504
-0.0339449
-0.167267
-2.15197
-0.907704
1.35912
0.253843
0.0118206
-0.0118206
-0.120045
-0.901939
-0.0301824
-0.0518677
0.652272
-1.34344
-0.0421631
0.18364
-0.141477
-0.0596673
0.0596673
2.00942
-0.440941
-1.56848
0.215081
0.0744452
-0.790171
0.38671
0.177205
-0.0916397
0.261462
-0.0995412
0.300702
-1.35986
-0.802255
-0.0588644
-0.95759
-0.125421
1.92192
0.132942
-0.0723906
-0.0605515
0.0367603
0.332964
0.364771
0.992001
-1.77711
0.275402
-0.201699
-0.253966
-1.25647
0.673692
0.513414
0.0927135
-0.0927135
0.800776
0.262573
-0.453516
-0.0245821
0.143373
-0.0408602
1.23796
-0.186875
-0.524549
-0.248572
1.38372
-0.892363
1.68883
2.3265
-0.0327703
0.165195
0.284165
1.8477
-1.09134
-1.26558
1.39733
-1.58197
-1.47102
-0.274817
-0.345992
0.0745378
0.271454
1.44069
-0.101264
0.0545923
-0.96034
-0.0256598
-0.127833
0.495053
-0.124396
-1.53535
0.153484
0.869172
-0.116339
-0.826399
0.153814
2.13158
-1.0851
0.618337
-0.915856
0.313972
0.0729312
1.87727
0.0165545
-0.357838
-0.442758
0.33162
0.553162
-0.496932
0.124071
0.407165
0.873252
-0.150614
-0.224968
0.375582
1.12302
0.712429
1.60544
0.467339
-0.0760716
-0.108907
-0.106721
-0.229207
0.335928
0.308524
-1.31647
-1.02812
0.0106169
-0.117241
0.454517
1.08912
-0.563274
-1.01681
0.00762953
-0.0416931
0.173889
-0.478121
1.22089
-0.0921343
0.112918
0.26917
0.48453
-0.695386
0.635385
-0.393742
-0.319186
-0.0954348
0.41462
-0.936172
-1.08538
0.0731741
0.0358545
-0.120749
0.0621942
0.900893
-1.61884
0.717945
0.550722
0.0227487
-0.57347
0.698064
-0.608313
-0.969958
1.25387
-0.175112
-0.0151899
-0.0302286
-0.349065
-0.116912
0.377222
0.336435
-0.398728
-0.237871
-0.0738798
0.311751
1.27524
0.148307
-0.148307
0.61016
-0.0964769
-1.48681
-0.103077
-0.242502
0.70718
-0.422769
-0.143982
-0.383484
-0.0125635
0.0125635
-0.210229
-0.138651
0.34888
-0.424495
0.305573
-0.00983418
-0.136566
-0.269958
0.474118
-0.875474
-0.595201
1.44097
-1.71563
0.0648501
-1.03844
-1.18453
2.07352
-1.4972
-0.165699
-0.312422
-0.259632
-0.263725
-0.647128
1.31363
-0.235377
-0.35344
-0.243116
-0.234366
0.477482
-0.250225
0.436377
-1.14452
0.960747
-1.97756
-0.256814
0.33883
0.000777339
-0.597517
0.141461
0.639421
-0.696909
-0.106139
-0.144628
-0.19402
0.338648
-0.322985
0.678658
0.268174
-0.163219
0.398778
-0.153297
1.12464
0.00101215
-0.438598
0.914592
-0.475994
-0.119005
0.562868
-0.443863
-0.156858
-0.143076
-0.0107869
0.62852
-1.4094
-0.35273
-0.433053
0.702222
0.281039
-0.233506
-0.0475332
0.998853
-0.998853
-0.00140974
-0.0826221
-0.0313972
0.218556
1.23026
0.0323802
-0.0521377
0.0197574
0.170787
1.65434
-0.795923
-0.72679
-0.0241287
0.466257
1.39881
-0.608381
1.60038
0.00190547
0.986049
0.898176
-1.58667
-0.165902
-0.0374651
-0.0191812
0.0566463
0.0232159
0.00332363
-0.375607
0.271542
-5.69314e-05
-0.146887
-0.147188
-0.0352463
0.0352463
-0.205974
-0.202297
0.40827
0.207643
-0.249883
1.32481
-0.00339379
0.00222852
-0.923622
-0.230997
0.199411
0.281218
-0.378441
0.207507
-0.764239
1.61369
-0.0590941
-0.44372
-0.563119
0.267053
-0.29845
-0.372811
0.0166943
8.80583e-05
0.245261
-2.04924
0.511696
0.717225
-0.300818
0.230468
-0.0944717
0.151678
0.569556
-0.159545
0.327851
0.484349
-0.812199
0.0767738
-0.00883962
-0.414981
1.28948
-0.838503
-0.426656
0.970982
0.576923
-0.242744
-0.229266
0.453082
0.773994
-0.502263
-0.793889
1.49843
0.39097
-0.595733
0.00906578
-0.182821
-0.033626
0.30301
0.415152
-0.441204
1.39754
0.899548
0.852273
0.0582268
0.768447
-0.481365
-0.287083
0.307715
0.0524416
1.73291
-1.31098
0.321276
-0.397686
0.772157
0.998775
-0.433394
-1.29997
0.115443
-0.00379841
0.209791
0.22347
0.0103199
0.140467
0.0186465
0.585965
0.0124029
0.0146554
0.0147819
0.0213016
0.00483119
-1.35135
1.95889
-0.382281
0.0102136
-0.504447
1.03267
1.27433
-2.09936
0.825038
-0.000363712
0.0350825
0.00665958
0.166498
-0.395763
-0.00737207
0.00737207
0.123057
-0.0317989
-0.974443
1.59605
-0.0826221
-0.241552
0.711333
0.00417571
-0.710931
-0.445363
0.340334
0.235184
0.00408728
-0.798406
-0.258199
-0.0057646
-1.32397
0.035122
-0.273422
0.00556282
-1.32844
0.275187
0.208634
-0.334347
0.804737
-1.60314
-1.08833
0.227738
-0.142278
0.142278
-0.00183615
-0.0528528
0.0096301
-0.154403
0.158429
0.055583
1.78026
0.462818
-1.24896
1.88891
-0.0015543
0.31887
-0.0343271
-1.17058
-0.0393031
-0.0337729
-0.123079
0.220572
-0.422922
-0.129363
-0.06021
-0.0500427
-0.0833558
-1.15536
0.813187
0.000438019
0.106852
0.0783958
0.851118
1.63051
-0.79003
1.1202
-1.09233
0.61992
0.308558
0.462999
0.443232
0.337273
-0.247237
0.224196
1.35908
0.0157793
-0.658108
-0.502966
0.158636
-0.186376
1.2187
-0.301774
0.485631
0.405774
-0.379616
0.291719
-0.0766376
2.23507
0.108853
-0.27622
-0.0334
-0.000759065
0.601307
-0.469641
-0.131667
-1.13143
-0.774456
-0.977321
0.11393
-0.0705979
-0.0433319
0.451793
-0.866613
-0.0331315
-0.839599
-1.6688
-0.0149968
0.215505
-0.582719
0.131745
-0.0019103
-0.00158217
-1.2926
-0.00122394
0.344247
-0.451908
-1.13817
-0.637196
0.518313
1.55268
0.545299
-1.10857
0.602324
0.763786
-0.494453
0.118742
-0.037185
-0.019757
1.42157
-0.481203
-0.975194
0.384219
-0.250048
-1.18515
-0.332205
0.289572
-0.0928381
0.181398
0.00173005
0.0125794
0.918705
0.861854
0.586959
0.661844
-0.788005
-0.67033
-1.13135
-0.731285
0.934734
-0.403893
-0.328794
-0.239377
-0.299784
0.620958
-1.10734
-1.64233
0.0086024
-0.274303
0.331014
-0.0567112
-1.34991
-0.936202
0.00941787
1.45869
0.00361195
-0.387151
-1.42849
-0.4822
0.135134
-0.30842
0.379807
-0.521737
0.141931
0.397714
0.000310072
0.320124
0.455033
-0.0986377
1.85647
-1.70255
-0.634056
0.0545249
-1.39218
0.00511953
0.19603
-0.150076
0.153734
0.951442
0.0944743
0.330644
-0.229205
-0.0564485
1.49169
-0.889368
0.00279689
-0.790594
0.160647
0.00742518
-0.168072
1.62984
-0.825103
-0.584444
-0.383626
-0.147152
0.530778
-0.50871
0.202384
-0.635437
-0.00426188
-0.00302653
0.406458
-0.55044
1.20714
0.471624
0.00270363
-0.157056
-0.48014
1.70196
-0.903299
-0.378245
0.131609
-0.00777181
0.692754
-0.0366372
0.399131
-0.358458
1.37588
-0.614904
-0.32396
0.439036
-0.115077
0.166519
0.447523
-0.731628
-0.500395
-6.76176e-05
-1.10713
0.653618
0.371044
-0.34514
-0.0122305
0.691917
0.68103
-1.37295
0.00201272
-0.348034
0.257405
-0.000701996
-0.159387
-0.421905
-0.193798
-0.388876
-0.533191
0.290075
-0.0690134
-0.0121955
-1.36463
0.298018
0.630039
0.556674
-0.0101128
0.0632592
-0.66824
0.547527
-0.00572402
-1.11079
-0.199298
-0.510444
0.433797
-0.591963
0.040133
-0.467296
0.154875
-0.702249
1.27336
2.678
-1.46336
0.0377342
0.793716
-0.764629
0.835172
0.0787794
0.106879
-0.146974
1.17909
0.391063
-0.385425
-0.018555
0.354812
0.927139
0.729755
-1.08523
-1.09737
1.0716
0.439103
-0.396364
-1.25109
-0.367176
-0.206426
1.88168
1.04512
-0.560774
0.0209398
0.344432
-0.369421
-0.403721
-0.00198416
-0.146018
0.610558
0.16286
-0.590995
0.428135
-0.0997263
-1.15675
-1.32572
0.108325
0.0332647
-0.570082
0.51152
-1.23974
-0.498152
1.41433
-1.83015
0.0266546
0.925989
-0.582493
-0.343496
0.0307004
0.00167989
0.374679
0.0644236
-0.158292
0.491134
-0.189752
-0.0547124
1.20497
1.17177
0.243676
-1.11664
-0.0140449
-0.0179039
0.0561736
-1.02758
-1.07029
-0.183022
0.0829212
-0.0810109
0.745094
-0.0745926
-0.226327
0.300919
0.252762
-0.0848233
-0.261168
0.175526
1.26917
0.67951
0.152914
-0.0100384
-1.89936
-0.18084
0.1558
0.0785045
0.536173
-1.00887
-0.271528
-0.011477
-0.284
0.306499
-0.0224991
-1.24112
0.719025
-1.32609
1.97491
0.00718226
0.0329507
0.850581
0.738779
0.852087
0.0144655
-0.0710367
0.0812503
-0.00692536
-0.00706458
0.0111519
-0.776916
-0.644671
-0.359721
-0.170165
0.515102
0.459558
0.325603
-0.427203
-0.0652046
0.06711
-0.502448
0.303903
-0.0936576
0.523958
0.496999
-0.0121023
0.0121023
-2.66023e-05
0.226338
-0.213935
-1.01507
0.11337
-0.712268
0.0103218
0.0709759
0.361121
1.08216
-0.119905
0.197074
-0.232176
0.0351019
0.495231
-0.373546
0.339629
0.0528158
0.0628317
0.181302
-0.306369
-0.0141725
-0.0448197
-0.174896
-0.567814
-0.0739316
0.377834
-0.523235
-1.72825
-1.2242
2.39924
0.45543
-0.389023
1.63634
0.46894
-0.10305
-1.31988
0.228176
-1.18875
1.55536
-0.366614
0.0302067
-0.0302067
-0.167774
0.0288105
0.138963
0.271877
-0.0850198
-0.186857
-0.242956
0.317494
-0.0313766
-0.448729
0.220719
-1.67085
1.6055
0.442911
0.615612
-1.34004
-0.0395135
0.339913
-0.387492
0.486128
-0.215411
0.00266894
0.345302
-0.191568
-0.267969
0.358688
0.00299384
0.0794172
0.379059
-0.302263
-0.485318
0.279822
-0.368049
-0.630599
1.32692
-1.36262
-0.139514
-0.354939
-0.100164
-0.0846101
0.299664
0.101596
0.833918
0.00661061
-0.159688
0.629174
1.78013
0.290758
-0.752767
0.23218
-0.268285
1.62466
-0.822316
-0.335761
0.0368029
-0.0179013
0.22627
-0.307228
-0.0940063
0.0201778
0.07728
-0.916879
-0.896233
1.89112
-1.03884
-0.000513601
0.470925
-0.0824607
-0.0177658
-0.0497011
1.15123
-1.10153
0.248959
0.318314
-0.056168
-0.00176795
-0.368824
0.305201
1.98536
0.227153
-0.323582
0.193763
-0.317414
-0.43373
-0.155245
-0.0824607
-0.0923917
0.104437
1.13499
0.0704202
-0.0788316
0.109268
0.0444158
0.0229872
0.0638002
-0.0638002
-0.328598
-0.0945614
-0.130118
-0.621453
1.48389
0.0611094
-0.00608916
0.0814445
-0.0495649
-0.411766
0.313268
0.168951
-0.0289609
1.90117
-0.996727
0.0479099
-0.0756261
-0.338182
-0.00724273
0.0288094
-0.923845
-1.05371
0.602039
-0.742471
-0.666926
0.0619672
0.249784
-0.425796
0.975023
0.0214105
0.0341287
0.0275241
-1.73108
-0.0214105
-0.92502
-0.516782
0.165337
-0.0818613
0.0306193
0.33826
-1.31654
-0.602447
-0.488038
-0.117881
-0.1042
0.0702745
0.521606
-0.0202297
-0.563093
0.116074
0.232805
-0.177491
-0.0471303
0.13835
-0.0979674
-0.858922
0.146626
0.192021
0.35907
-0.472283
1.09888
-0.764186
0.324052
0.162076
0.606068
0.475866
0.0744976
0.00240951
-1.57226
1.47253
0.859773
-0.311406
-0.548367
-0.263475
0.0299695
0.0550866
-0.274364
-0.115473
0.338782
0.0452245
0.814409
-0.934974
-0.45014
0.334667
0.0590578
-0.0227503
-0.138442
-1.07279
0.146163
-0.171997
-0.0196875
-0.122775
0.142463
0.00863643
-0.0348188
0.0348188
0.68303
-0.875613
0.109721
-0.00771036
0.00771036
-0.516449
-0.277804
0.129358
-0.268643
-0.200025
0.777404
-0.391479
0.405707
-0.101641
0.129599
0.167425
-0.0289609
1.22175
-0.377676
0.079226
0.0858387
-0.659309
-0.161242
0.573225
-1.46084
-0.588409
0.336099
-0.100769
0.173142
0.200122
-0.563313
-0.14332
0.0272387
-2.53509
-0.952076
-0.036282
-0.456281
-0.389275
0.946181
0.0202822
0.0934943
0.0260539
0.574839
0.16224
-0.182297
-0.0260539
-0.00121665
-0.172577
0.0457343
-0.871993
-0.108624
-0.714486
0.776036
0.271922
-0.0100897
0.375142
0.705036
-1.79014
0.00244358
-0.152938
0.105474
0.0975924
-0.0892092
1.66345
-1.14074
-0.38049
0.021017
0.0734641
1.39967
-0.0554712
0.918938
-0.755033
1.60526
-0.0122028
-0.79839
0.683693
0.0169044
0.271234
-0.0647643
0.122245
-0.640234
0.404857
-0.628349
0.452809
-0.556843
-0.142651
0.892182
-0.2915
-0.107228
-0.00704667
-0.0728132
-0.253041
-0.0133401
0.365105
-0.149699
-0.236264
0.385963
0.11536
0.0187242
-0.110122
1.02101
-0.85555
1.04444
0.0708602
-0.0187242
1.64543
-0.498562
0.153137
-0.0318282
-1.0996
-1.78511
0.04217
-0.153605
0.511678
-0.643345
-1.07375
0.134094
-0.0745482
0.592323
-0.789947
1.23556
0.0600188
0.00709943
-0.126041
-0.912028
1.04459
-0.11976
-0.0780408
-0.180373
-1.10509
-0.0579631
-0.0896445
0.0140075
0.15375
-0.628965
1.34799
-0.0247642
-0.157617
-0.994464
0.000918539
0.236972
0.0695268
-0.0987828
-0.0959782
0.875476
1.76221
0.440789
0.00923183
0.069164
1.48011
-0.561409
0.0726049
1.14246
0.457921
-0.382738
-0.486854
0.367094
-0.0483022
0.159615
-0.222492
-0.0904899
-0.0315618
-0.0967525
0.199285
-0.00430644
-0.00960014
-0.25021
0.141681
0.653903
-0.0411781
-0.165343
0.406065
-0.599557
0.455586
0.362867
1.89588
0.0146282
0.242387
-0.317076
-0.0133612
0.139539
-0.278615
-0.131949
-0.132217
-0.0241364
-1.42033
0.0557073
0.403278
0.133587
0.30279
-1.51674
-0.435868
0.801308
-0.333474
-0.467834
-0.000642654
1.23091
0.49053
-0.084162
-0.168791
0.0414943
-0.51425
-0.401607
1.67102
-0.112079
-0.164297
-0.0169044
-0.00964864
0.0589081
0.0411781
0.805601
-0.441022
-0.931925
-0.213426
0.107267
-0.0494699
0.172827
0.235443
0.0161881
-0.269925
0.222391
-0.253457
0.313081
-0.420309
0.644392
0.593746
0.00997631
0.183865
0.341921
-0.620181
-0.364848
0.226406
0.867021
-0.793023
-0.113935
-0.396749
-0.238688
0.170746
0.166857
0.0320468
-0.856795
0.807094
0.404228
-0.8016
-0.00736717
0.00736717
-0.630492
-0.746761
-0.110416
0.0102522
-0.128539
-0.181309
1.47192
-1.29062
0.0622854
-0.0636952
-0.592272
-1.12529
0.496474
-0.150411
0.659163
0.020356
-0.460531
-0.145559
-0.366392
0.264752
0.0318288
-0.0276531
-0.204748
0.145193
-0.175682
0.0880087
-1.58733
0.149413
-0.543155
0.0294626
0.349489
-0.351983
0.115164
-0.203839
0.218494
-0.932799
-0.31756
-0.133819
0.136813
0.239282
-0.216612
0.354159
0.129448
-0.41368
-0.0685627
1.45995
-0.776919
-1.14917
-1.16082
-0.116855
-1.06547
1.18233
-0.0738257
0.00481222
-0.207982
-0.800432
0.199949
0.158244
-0.0087398
0.0734797
-0.075034
-0.1754
-0.387912
-0.525628
0.0283308
-0.0258873
0.695956
-0.224332
0.335539
0.432504
-1.07827
-0.175121
-0.292175
-0.43394
0.764671
-2.35857
-0.221371
-0.220866
0.0441272
0.28789
-0.159129
0.313195
-0.494351
1.83612
-0.753854
-0.0933338
0.00819176
-0.746845
0.313451
1.06075
1.32956
-1.57934
0.0881219
-0.375838
-0.0269057
-1.35198
-0.2165
1.58899
0.0645437
-0.0688056
0.281473
-0.0510047
-0.190876
-1.25598
0.432321
0.395949
-0.439585
1.78019
-0.328257
-0.0107003
0.0465864
0.0039597
-0.137059
-0.68716
0.0785571
-0.0412523
0.021017
-1.28818
0.0288846
-0.067403
0.0596312
-0.18847
0.00252144
-0.0566938
0.265914
-1.37919
-0.2249
1.12603
0.0161903
-0.722579
-0.370038
-0.27017
-0.614793
0.336664
-0.00794395
-0.00694018
-0.0943237
0.588671
0.0682181
-1.49671
0.337345
-0.380038
0.514226
-0.172838
0.18762
0.422865
-0.921696
-0.0794172
-0.00304356
0.855039
-0.110139
1.2526
-0.074135
0.132752
0.748621
1.24286
-1.2795
0.034882
0.489426
-0.200439
0.185442
-0.131668
0.078093
-0.0799291
0.161487
-0.157738
0.0520017
0.10613
0.922309
0.0317804
0.126007
-1.19148
0.111518
0.481709
-0.284753
-0.196956
0.412239
-1.32348
-0.00430644
0.161248
-0.16689
0.170213
0.439869
-0.0834663
0.00340392
-1.10024
1.13514
0.460183
-0.164179
-1.50615
0.389486
-0.015954
-0.0146738
0.0237809
-1.01524
-0.0892769
1.10452
0.0941605
-0.190482
0.153102
-0.01087
0.000757268
0.00952252
1.3057
0.120843
-0.11065
0.0603307
-0.277304
-0.0355348
-0.114311
-0.0456555
0.0803887
-0.0264486
-0.20183
-0.836608
-0.298477
0.00137205
-1.44907
0.0165009
0.0506091
-0.0484147
0.15158
-0.0119405
-0.015639
-0.202421
0.189486
-0.783259
-0.0705562
-0.0355825
-0.756821
-0.223489
0.0259419
0.521496
-0.366621
-1.55152
2.14068
0.388515
0.0815114
1.10477
-0.0116934
-0.411156
-0.532575
0.250723
-0.233331
-0.0867634
0.03844
0.83507
0.357429
-0.563736
-0.279388
-0.16247
0.97458
-0.404078
-0.064701
0.032902
0.199441
1.47455
-0.0321102
0.371313
-1.4567
-0.337476
0.00601014
-0.154928
-0.628331
0.0783876
-1.14306
0.364891
-0.931105
-0.400631
-0.00854961
-0.530359
-0.303066
0.0893425
-0.455964
0.457035
-0.624963
-0.298427
-0.0927241
-0.368112
-0.240798
0.348176
-0.208056
1.11742
0.0118852
-1.32343
-0.460691
0.639411
0.0988096
0.0870772
-0.514605
-0.550004
-0.430376
0.416179
0.140146
0.024039
-0.131013
-1.40906
0.0754575
0.28205
0.103912
0.684025
0.289521
0.967954
0.756747
0.234313
-0.179788
-0.22895
0.00268775
-0.609949
0.419072
-0.160781
0.135734
0.0518868
-0.103626
0.482047
-0.11918
0.0864001
0.516424
-0.0120139
-0.631331
0.245245
0.0160863
-1.04367
-0.0841358
-0.229803
0.584418
0.13627
-0.0905638
-0.0237475
0.0885511
-0.00535669
0.0342413
-1.51343
0.0934146
-0.121869
1.0622
-0.0377689
-0.00632395
0.715446
0.0133342
0.119031
-0.113888
-1.13122
-0.126207
-0.0972021
-0.187084
0.199718
0.0961182
0.0505522
0.0753899
1.59891
-0.585845
-0.597859
-0.376703
0.307879
-0.0580956
-0.973988
0.455841
-0.00108396
-0.660716
0.100318
-0.295355
0.517542
-0.0225229
-0.397334
0.67172
-1.262
0.241644
-0.864989
-0.67589
)
;

boundaryField
{
    SideWalls
    {
        type            empty;
        value           nonuniform List<scalar> 0();
    }
    Top
    {
        type            calculated;
        value           uniform 0;
    }
    Inlet
    {
        type            calculated;
        value           nonuniform List<scalar> 
18
(
-1.94444
-1.94444
-1.94444
-1.94444
-1.94444
-1.94444
-1.94444
-1.94444
-1.94444
-1.94444
-1.94444
-1.94444
-1.94444
-1.94444
-1.94444
-1.94444
-1.94444
-1.94444
)
;
    }
    Bottom
    {
        type            calculated;
        value           uniform 0;
    }
    Outlet
    {
        type            calculated;
        value           nonuniform List<scalar> 
18
(
2.09953
1.98235
2.04025
1.96378
2.0017
1.95125
1.91252
2.05948
2.08528
2.10013
2.02222
1.9211
2.02378
1.94198
1.87837
1.5853
1.92987
1.50112
)
;
    }
    Plate
    {
        type            calculated;
        value           uniform 0;
    }
}


// ************************************************************************* //
