/*--------------------------------*- C++ -*----------------------------------*\
| =========                 |                                                 |
| \\      /  F ield         | OpenFOAM: The Open Source CFD Toolbox           |
|  \\    /   O peration     | Version:  2306                                  |
|   \\  /    A nd           | Website:  www.openfoam.com                      |
|    \\/     M anipulation  |                                                 |
\*---------------------------------------------------------------------------*/
FoamFile
{
    version     2.0;
    format      ascii;
    arch        "LSB;label=32;scalar=64";
    class       volScalarField;
    location    "10";
    object      p;
}
// * * * * * * * * * * * * * * * * * * * * * * * * * * * * * * * * * * * * * //

dimensions      [0 2 -2 0 0 0 0];

internalField   nonuniform List<scalar> 
5098
(
0.787101
1.05681
0.236089
0.825827
-4.51374
1.215
0.769593
-1.08907
0.250229
0.674803
-10.0407
0.317095
-0.959934
1.69793
-1.05823
-0.0647515
-11.7037
-5.24556
-0.808205
-11.3128
1.74986
-0.0690822
-1.4838
2.6688
-3.06119
1.12966
1.36982
-0.261182
-0.815397
-2.55103
0.260005
1.97023
1.21073
-9.57474
0.572623
-0.794327
0.372953
0.991754
1.58383
-1.10856
0.752446
-2.72502
1.07204
0.498097
0.831766
1.11413
-10.4228
2.057
0.214478
0.904719
0.904255
1.90046
-2.1706
0.774275
1.2299
1.76596
1.55414
0.609163
1.98194
-0.417039
0.0787864
-8.13096
0.59038
-0.709216
-2.17514
1.74039
-0.0359978
0.848082
0.228324
0.435027
1.54914
-0.631398
-0.666999
-1.00522
-0.133223
0.890407
-0.0605297
1.89052
0.647777
1.71744
-0.454673
-0.333787
1.07277
-9.06827
-5.14723
-2.80992
3.19119
-0.0775857
-0.844226
0.07399
-0.0379149
-1.40649
0.304779
0.835348
1.58976
0.147728
0.359279
2.00252
-0.118366
-0.228628
-8.77734
1.121
-6.64817
-0.0218834
1.84971
0.914506
1.51132
0.786214
2.10848
-9.83585
0.600425
-0.664323
0.966025
-1.97636
1.70587
-0.959014
-0.632786
0.516711
-0.100538
2.60554
1.84399
1.77349
0.694264
-2.03962
-1.43998
-10.611
0.689915
-1.32616
1.84043
-1.8976
-2.28052
1.87883
1.83249
0.660448
-9.28954
-2.09607
1.0909
1.48415
1.58366
0.734111
1.97229
-9.21673
-0.474758
0.246046
1.11447
-0.0870913
0.30872
-5.27288
-0.506008
-1.06443
-3.40819
-1.47099
-6.06343
1.22139
3.17118
2.43229
0.625561
-9.10595
0.757123
-0.870402
0.203663
-1.18965
-1.37029
1.01003
-4.00945
0.377127
-5.0878
-1.87903
-3.00038
0.687099
0.0670884
0.920177
1.13587
-0.217004
0.340528
1.19344
1.02695
-0.671884
1.17846
3.0631
0.469656
-0.498511
0.514737
-3.8686
0.964279
0.479545
1.96902
0.344029
0.840214
-2.43315
-0.742672
-0.314385
-0.787089
-0.169652
0.342594
-1.66902
0.228677
-2.04707
-0.0199599
0.61391
-2.24814
1.82184
0.856931
1.0509
0.768441
2.42064
0.0566633
1.63489
0.357315
-0.849827
0.822615
1.77271
-0.535586
1.09354
-0.897459
-0.737865
-0.203321
-8.06362
-1.33884
1.21013
-0.0386067
1.26972
-0.0457198
-0.130898
-2.06342
0.657786
2.88536
1.38091
-0.0761941
-4.4022
1.74349
2.64111
0.28489
-0.0334339
0.339319
0.33459
2.03204
-2.0865
-0.861486
1.28229
-0.515895
1.13064
0.0506282
2.21946
1.64996
0.275424
1.62259
-8.85297
-11.9257
0.28766
1.26274
-0.388985
-0.995799
-1.96831
1.22071
-2.18749
-9.4738
0.383748
1.99285
-0.134425
0.440177
-2.15674
-2.79338
-0.638452
-0.0437287
-6.49239
-0.871699
-9.16763
0.548192
1.31154
-2.45353
0.706939
-0.870398
0.611374
1.93608
-5.36109
-3.05863
-3.67606
-2.04869
0.853369
-2.32933
-0.945357
-2.1083
-0.944454
-7.65074
-10.1472
1.243
-0.0356702
0.373868
0.322715
-2.01525
-1.72638
2.32767
0.845619
-0.300613
0.695986
0.46057
0.310136
1.37184
1.17451
-0.0589547
0.0831246
1.16479
1.61532
-6.59916
0.0821297
0.549398
1.20512
0.588215
-10.5905
0.00475089
-1.08815
1.15339
-0.323963
-1.18596
3.09993
0.995658
-0.0452693
0.334444
2.32337
0.646073
-1.58804
-0.716573
-0.950294
-0.0900256
1.64636
1.31791
1.37065
2.06252
-0.114789
0.364223
0.32496
1.58923
-2.40818
0.348543
0.860373
-0.389884
0.933282
0.514505
0.626306
-0.568219
0.491269
0.591689
1.36547
-0.788499
-0.0749367
0.670215
-0.940633
0.475874
0.304035
-3.47785
2.65236
2.27927
-2.29128
-0.361488
-2.47534
-2.60466
0.344155
1.81435
-0.779042
1.39813
0.0697655
0.377678
-0.0703623
0.45137
1.97942
1.36967
1.30878
-2.42451
-2.18965
1.8423
0.555098
-0.83449
0.0327121
-0.745628
-8.13783
0.542225
-0.546266
-1.57959
-0.08658
0.828739
-10.8602
1.30663
0.0186426
0.299401
-0.0573429
0.660368
-2.03267
0.809855
-8.59593
1.38306
0.490834
1.36845
0.624431
1.89136
-0.401847
0.952419
-1.98656
1.03889
-1.24284
-1.60332
2.35911
1.90545
1.37984
-0.943052
1.01644
0.644686
-5.69375
-0.632311
-0.658697
1.37012
-4.14429
-2.17414
0.87314
0.302149
-0.348727
1.59403
2.67422
0.178265
0.106267
0.753049
1.49793
0.380026
1.21969
-2.5075
-1.42835
-0.727305
-4.56797
0.524313
-0.233527
-0.0492298
-0.849368
-0.0354948
0.115471
0.0911466
-0.946099
0.0539436
-1.38791
1.35577
-0.242083
1.1772
0.520114
1.32586
-11.4366
2.04726
0.329786
-1.1578
-0.963807
-0.751094
0.655948
-11.3832
0.286157
1.36971
-11.9436
-11.6419
0.32011
-2.67559
-0.409287
0.22884
-0.413789
1.02085
-0.152639
2.57392
0.483976
0.848668
-6.78754
-2.09665
-2.09519
-7.00585
0.68758
-0.696658
-2.57751
-3.5071
-0.826454
1.37042
-1.27472
-0.768759
1.33927
-0.535026
1.26394
2.0299
0.850065
-2.1932
-0.818948
0.582404
0.225871
1.06439
-1.14263
0.486766
0.865796
-0.755267
-5.44588
0.754218
-0.134791
-1.13472
-0.0166242
1.38767
-1.11868
1.23653
1.26486
-5.66669
-1.52302
-0.840715
-5.66122
-0.859927
-1.66811
1.3432
1.28241
-0.468912
0.478319
-1.36607
1.37135
2.03413
0.399608
1.18684
0.619741
2.32972
-2.21426
-0.887781
2.20102
-5.4356
-3.85723
2.28269
-0.0893273
-1.44979
-0.0273407
-0.248911
-1.23662
-0.276266
-2.39338
0.474557
2.84452
-3.41676
0.845377
-9.41032
0.84611
1.66366
0.206835
-1.92191
-12.3305
1.38759
-5.8693
-2.21313
1.23655
-11.772
-7.84841
0.558679
-8.25424
3.01634
-1.08997
0.328056
0.483896
0.0828401
-0.881286
-0.511178
-10.7066
-2.42445
1.21359
-11.2324
-0.94524
-10.9743
-3.39396
0.954449
-1.83097
-7.05018
-2.3635
-1.12507
-0.0834447
-3.22696
-1.17625
-1.90192
-2.96304
-1.45329
1.6695
1.91848
3.14659
-5.09952
1.18784
2.14114
-8.95467
0.871404
-3.8901
1.21691
-7.62489
0.943215
-0.539976
-0.0745049
1.49352
1.63065
-2.21791
-1.47861
2.48355
-0.0594184
-4.25098
0.689972
0.979576
-1.45836
1.30851
-0.673918
-0.482021
-0.134712
2.5269
-2.35567
-4.21979
1.89327
-10.2557
1.66331
-3.37881
-2.22299
-3.83585
-11.0215
-2.20544
-1.16389
1.76405
-0.712848
-0.396472
1.85004
-0.662233
1.04919
0.97449
2.37355
-0.981496
1.37728
1.12852
-0.146736
-0.489472
-1.89628
-0.92296
-5.07587
0.0250392
-2.85626
-0.23053
2.03497
-2.77465
-0.0240418
0.786766
2.60855
-2.18885
2.3101
3.06868
-0.528859
0.325531
-0.844356
1.37796
2.08815
1.72381
-0.712044
-0.186517
-0.162174
-5.17951
0.332269
0.537834
0.759578
-7.85847
-0.0273177
-1.38772
-6.85044
-0.392386
-0.298041
-0.0567329
0.774749
0.947355
-6.94745
2.01521
1.06022
1.86585
0.893892
-6.42534
-0.187537
-0.12099
1.94527
2.55289
-1.05344
1.61249
-5.96781
-1.95159
-4.17373
0.875399
-0.739381
-0.862506
-5.35396
-6.53085
-0.545654
0.169818
-1.06065
0.111422
1.22713
-0.830756
1.14904
-0.0814785
1.24437
-2.16684
-7.07351
0.0463685
2.11921
-5.1217
-8.73982
-0.0169242
-0.946806
0.72206
-3.97632
-1.69253
1.79521
-4.75331
-4.55464
-1.30893
-4.67016
-0.780604
0.868843
1.15914
2.74193
2.09833
1.73936
-3.4228
-1.64211
-0.760251
-0.821519
0.982405
-1.72766
-1.23677
-2.39687
-3.86211
1.47651
-1.71223
0.559757
-3.09209
1.68269
1.36964
-2.46618
0.9314
-1.02238
2.69184
-0.0819101
-0.315128
-0.572712
-3.71827
-7.50631
-4.15302
-1.37543
1.78415
-2.66417
-0.984181
-1.56481
-2.09737
-0.971511
-6.96395
-1.09053
-0.227597
-0.105363
0.978062
-2.73885
0.957638
1.78519
-1.81798
-1.08945
-3.27411
0.82462
-0.875642
0.781261
-1.14813
-5.01469
0.0705648
-1.73977
-6.24414
-2.15709
-9.86854
1.04606
0.248207
-0.683577
-3.12555
-1.39347
1.38074
0.827988
-2.90385
-2.58397
2.81367
-0.695332
1.7662
-4.84661
1.25044
-2.15753
-2.55811
0.614889
-2.22716
-9.09007
1.89755
1.88632
-9.54082
0.239767
-7.55673
1.44597
-2.31764
-1.96819
-2.16526
-2.41155
-0.873964
-0.13562
0.413606
1.28154
0.428566
0.672174
-2.17943
-0.560859
-10.3805
-1.501
1.1928
-1.64676
1.9489
-0.843581
1.73906
0.978718
0.718942
-7.16866
0.391211
-0.591657
-0.490549
1.50123
0.76288
-0.312873
-1.1787
-2.19981
-8.40265
-3.05344
1.33853
-0.0882516
1.06607
-1.71602
-3.36685
3.03045
-8.10765
0.802041
-0.0385194
1.78017
-1.31668
1.77836
-10.2849
-3.05292
2.08729
-7.53416
-0.772773
1.29805
2.20271
0.738245
0.403351
-0.628672
-0.0585377
-2.61344
-0.652394
-1.66914
0.626347
-2.59821
-1.75525
-2.01768
-0.7873
-0.0187368
-0.951389
-0.479129
-1.46138
1.31217
0.943645
0.215242
-9.82674
-1.32843
1.84985
-2.28059
-0.325811
-1.70996
0.294483
-1.83554
-2.15546
-1.20938
-0.533836
-0.19007
1.45799
-2.18801
-5.86061
-1.09202
0.146355
0.112696
-3.37069
0.357594
-2.11444
1.38737
-11.1274
2.57287
2.22228
-0.252441
1.29822
1.80249
1.59463
2.49299
0.951109
-1.82498
-7.49862
-3.9207
-7.78874
0.329362
-2.85768
1.35793
-1.06427
1.44354
1.59052
0.0474101
0.00657695
-2.86319
-0.482346
-0.658673
-0.333497
1.90535
0.725192
0.6331
0.763219
-2.20687
-7.82311
-9.81606
-1.10553
-0.525442
0.692028
0.882862
-8.20133
-2.64983
2.0483
0.559026
1.80811
1.81965
0.791492
-0.246634
-0.558491
-0.766889
-1.78979
1.11888
-0.243237
-0.481937
1.50396
2.22839
-3.8159
-0.145146
0.871944
1.68086
-12.2107
-1.42309
-1.04898
2.62176
1.27704
-1.32181
-0.0192637
0.416422
-3.12997
1.44859
1.38311
0.339807
1.20735
-2.13455
-12.2967
0.633821
0.97213
1.87122
0.750351
1.69644
-2.29638
-9.70093
-2.00592
1.44321
1.76612
-1.16322
-0.241345
2.60495
1.07296
0.0485466
0.310993
2.46956
1.14979
0.466017
0.925818
1.17932
-0.146985
-1.23722
1.43783
2.93991
0.420895
-8.08699
-3.50697
-0.585565
-2.07495
1.76
1.37372
-0.588562
-0.120741
0.874479
-0.163141
0.429243
0.111812
1.5995
1.49659
-1.82452
2.38533
0.797039
-1.72787
-0.00539811
0.5928
-0.0224201
0.236178
1.07837
1.12245
0.795824
0.405131
-4.84049
-5.6192
0.899529
0.426404
1.84562
-3.97456
0.887988
0.875004
-0.144773
0.990545
1.5536
0.0211891
0.0500104
0.0553533
1.37294
-1.39516
-0.839683
-0.341748
1.65412
0.496073
1.18493
2.27399
-3.27014
2.1801
2.56913
-1.79096
-1.04375
-5.01597
2.93065
-0.764552
1.15543
2.41566
1.19325
-2.16521
1.39231
0.315315
2.66572
-0.722071
0.45486
2.74977
2.12464
0.101604
2.67862
1.79407
0.231982
-8.68867
-2.75806
-0.01209
0.00483618
0.705285
1.71771
-0.898166
-0.328604
1.46076
-0.165387
2.37583
-0.19822
2.63719
-1.39663
-1.91169
-0.464576
-0.283222
1.86816
0.278156
0.369825
-5.85181
1.74099
0.288276
1.46148
1.13356
-3.4593
0.640471
-0.269625
-1.51378
-0.194525
1.96301
0.554362
-0.0877494
-0.241433
-0.443902
-4.98391
1.69025
0.229196
1.11342
-1.03278
-3.75015
-4.68997
0.534827
-0.0107439
2.3043
-1.23692
0.420575
-5.24572
-8.80426
1.55054
2.49404
-3.60252
1.45851
1.27086
-4.43092
0.899105
-1.35738
2.88119
-2.89515
-0.259418
1.08291
-11.0052
2.12715
-2.19193
-1.64266
-0.00841586
-1.32491
-2.16635
-3.03993
0.619905
-0.339111
-2.19891
-0.00954738
1.144
-0.355732
1.67843
2.01807
1.43245
1.59301
-12.2339
-12.0993
0.256993
0.521492
-2.52075
-0.0109745
-0.0589925
-0.00697598
-0.117558
1.9067
1.13422
1.21465
1.34159
-1.16037
0.118545
-0.951433
0.279578
-1.46346
2.61949
1.46126
1.17051
-11.7098
-0.478327
1.43541
-0.261281
-6.34729
-1.01782
-0.715132
-0.789779
0.658416
-2.4021
-0.170224
0.684471
-2.17224
0.869285
1.99706
-0.442993
-0.421053
-0.256623
1.50532
-6.63109
0.459004
-7.89162
0.0407037
-11.0812
-8.48218
0.982314
-2.97239
-0.805273
-0.233854
-3.30096
-5.5191
-4.73143
1.47866
0.403962
-7.03301
1.92629
-2.37157
1.19456
0.703509
-1.26767
0.179382
-2.52608
-2.29052
0.131561
1.35926
1.01604
0.718046
-2.00509
1.72767
-4.50588
-0.332685
-0.0102036
-2.76828
-0.119869
0.120712
1.54665
-2.28617
-0.903284
-8.42077
1.3414
1.55511
-2.4475
0.414634
0.00848875
0.163469
0.320664
0.353509
-0.134223
-4.48852
-2.80411
2.18368
0.572688
-0.0735186
-0.4192
-0.0109073
1.50307
-2.44839
-0.747657
-9.54515
1.34856
-0.148127
0.0140134
0.345473
-0.00826701
0.836143
0.744424
1.09215
-0.389581
-2.50783
0.299127
1.63237
-0.100683
1.22341
1.23249
1.51572
1.29029
0.775428
0.782009
2.48214
0.43681
-0.455512
-0.579716
-2.16307
-0.0650811
-0.850553
1.15287
0.970959
2.40873
-0.0384483
0.348938
-9.60502
0.0827491
-11.7034
-0.41564
-1.93706
0.579093
-10.9425
0.709998
1.27853
1.43609
-2.03209
1.50769
-2.27745
0.795557
1.43088
1.10512
-7.95774
-0.957167
-9.87216
0.642703
-3.32641
-0.886734
0.934394
-0.711053
-0.0621073
1.05991
2.14949
-0.521202
1.99544
0.57033
-3.08875
-1.20705
-0.332565
-0.0971804
-0.608416
-2.83204
2.15399
-0.00597692
1.19664
-4.41568
-7.74963
1.82032
1.64196
-0.0124415
-0.161524
1.46482
-1.21952
-0.223984
1.32005
-0.590772
-0.67075
-1.10158
-1.43271
2.21744
-1.76222
1.35338
-0.166483
0.378423
2.78224
0.542905
-0.0565041
1.34266
-8.87359
0.969921
1.1644
0.107972
1.37077
-0.0502317
1.34111
1.47794
0.3206
1.55836
-4.07386
-1.87967
-0.00242135
-0.986032
2.26628
-2.18295
-1.17826
0.746475
-0.398137
-0.860587
-2.05505
0.705601
0.153105
1.21282
0.924582
-0.677709
-3.64346
0.190696
-6.71128
1.63005
-1.48912
-2.15416
-1.33146
-11.6563
1.28497
-2.2078
-2.37481
1.44421
-2.27452
0.855914
1.4733
-2.12614
-2.03832
1.27679
2.18602
-2.96598
1.35947
-1.61364
-0.897114
-2.47031
0.436433
-0.709016
-2.2019
2.50631
-1.95497
-1.64171
-0.0257803
-0.85283
1.51844
-0.585589
-1.70624
-2.28768
-5.42834
-7.6685
-1.93215
-0.917963
1.77466
0.496672
-3.36179
-0.0215948
-2.22432
2.57675
2.54411
-2.22701
-0.527086
0.194436
-2.28859
0.325721
2.20618
-0.514271
-2.43084
1.35467
1.35536
1.34174
-0.801677
-0.334681
-0.006253
-1.23205
-0.165748
-0.573924
1.20977
-0.618499
0.499228
0.0824014
1.38715
1.27323
-0.150004
1.28464
1.30526
1.35767
-0.0838423
2.22997
-0.427376
2.07481
-0.114237
1.94176
2.87489
0.0158862
0.207563
1.01412
1.40795
-0.789601
1.18657
-0.223341
-0.173279
0.319538
1.45511
0.442508
0.538648
1.66416
-1.01206
-2.07781
2.68578
-2.22438
0.108946
-6.07723
-0.220349
-2.06726
1.23747
0.585639
1.26635
0.737321
-0.187239
-0.17308
0.879553
-0.146691
-2.2511
-4.10719
0.831426
-5.2291
0.412393
1.15422
2.52955
1.37269
1.13784
0.99718
0.423264
2.33269
1.29724
1.36335
0.950401
-7.73795
-1.75638
0.209979
-0.719926
2.71676
-3.02321
0.305165
-0.000205541
-0.236209
2.4847
1.26652
0.391811
-2.95772
-0.485328
-0.495334
-0.194351
1.28195
1.83622
-0.290657
1.6959
0.269834
2.37471
-1.21399
-0.268508
1.0352
0.669254
-0.0378021
1.72351
0.78634
-0.677057
1.27076
-0.0569411
-9.12621
1.58071
1.79445
-0.541848
-2.98139
-2.2112
-0.944729
-0.788847
-2.38463
0.36672
1.37713
-0.0677779
-0.721067
0.472485
-3.83062
-0.844857
0.169316
-1.75166
-3.32655
0.358656
-2.20977
-2.4224
0.907848
1.38234
1.12555
-10.8659
1.14855
-1.85484
1.45965
2.24158
-1.41128
-0.0619357
-0.121447
1.93778
0.47556
-9.09244
-0.356862
-0.953806
-0.188142
0.13685
2.31799
-0.11471
-0.00488287
1.16716
-0.561496
-0.019626
1.35426
0.365089
-0.466934
-0.680943
-2.52676
0.669397
-2.14377
-0.192147
-1.4446
-2.59919
1.31981
1.33724
2.51954
0.318474
2.50086
0.542303
1.70712
-8.01609
-2.92883
-7.86523
1.64227
1.40835
0.141467
0.583445
-2.31307
-5.91826
-0.0183221
-0.804703
-0.160149
-0.733185
-0.285867
0.203009
1.30563
1.43299
-1.05958
0.11094
0.210583
-0.498895
-0.621281
1.23884
-0.623195
1.25681
-2.01037
-0.134675
1.34183
-1.73405
-0.563295
-0.00150196
-0.663682
-3.61259
1.22661
-1.17657
-0.0954415
-0.193787
-2.04631
-2.03554
-0.20876
1.87059
1.70468
-0.0101164
-0.730319
-4.68617
1.15536
-0.0115118
-0.812759
-0.00924789
0.344622
0.11804
-0.142552
-1.79259
-0.0037222
1.15375
0.0494487
0.252101
-3.4952
-1.97173
1.50688
1.12042
0.110217
0.335209
0.955309
1.05867
-0.563365
-0.702356
-0.258434
-9.16671
-0.118152
1.0357
-2.52443
0.556308
0.111327
-0.0212802
0.406149
-0.796124
-0.156147
-0.102749
1.45838
1.31002
-0.938575
-0.100584
-2.87698
-10.413
1.14788
-0.198485
1.9763
-1.72045
1.36157
0.983512
-2.49374
-0.907553
-9.50512
-0.864554
-11.0353
1.23948
-0.203294
-0.0626698
-2.13859
0.91903
-0.832702
1.51027
0.0236953
0.0630229
1.68662
-0.0833943
-0.0559252
-0.535409
1.36371
-0.166336
1.42406
1.24405
-6.62966
-0.14424
1.446
-1.00859
1.28013
-7.01195
1.18137
-3.38301
-0.118808
0.08067
1.10104
1.07855
-0.393558
1.37491
1.14802
-0.215802
1.58727
1.10773
-3.06225
1.37433
-0.122079
-0.0119997
-1.64543
-3.53179
-0.10911
-2.2553
-0.00133252
1.36782
1.47316
-0.225528
-0.41464
1.1783
-0.0113194
1.37214
-6.3808
-0.0213574
-0.324261
-2.9539
-0.150936
-9.92722
-0.196707
-3.86613
-0.125736
-1.04215
0.329003
-0.219595
-10.0162
-0.227909
0.389148
1.83194
-3.37365
-0.0113789
-0.926659
0.638678
-0.4656
-4.87656
-0.830734
0.829885
-0.331253
0.997304
1.40903
-0.00679919
-0.12924
-0.37779
-0.129495
-0.505612
-3.5287
1.34043
-1.16819
-0.0184857
-1.88553
-9.87186
0.00101906
-0.127689
-1.3137
-6.88732
0.175981
0.193304
-0.0673845
-0.11032
-0.0237328
-0.0144822
-3.6735
-2.07772
-8.69655
1.13665
-1.01421
-0.0996062
1.17744
1.21119
-0.138946
-0.0362803
1.19041
0.608392
-0.0430214
-6.89289
0.0120671
0.974219
1.02888
-4.60489
-0.0318189
1.19405
0.112793
1.32132
1.27013
-0.0836649
0.0808319
1.2604
-0.222047
-5.63054
-0.126275
-0.439579
1.08179
1.37393
0.030156
-0.0942324
-0.143221
-0.0946473
-0.516253
-0.0955616
-7.35341
0.0307549
1.38257
0.225385
-0.127364
1.35685
-0.0807299
2.25587
-0.13258
0.203431
0.154833
-0.172264
1.30554
-0.127937
-0.548193
-7.98478
-0.413145
1.32496
1.10885
-0.132935
1.3816
-0.0793009
-0.0778668
1.14161
-1.66257
1.26017
-0.134291
0.129713
-0.359415
0.22571
-0.41936
-5.97389
-0.327011
1.07682
1.08235
-0.00680398
1.21122
-0.00905499
-0.585576
-0.145957
0.907269
-0.944897
-7.04464
-0.616485
-0.0128077
-0.78743
-0.178763
-0.724024
-2.82214
1.94139
-4.96257
-2.16515
1.94735
0.0552868
-0.777367
-0.140798
-0.82888
-0.00260322
-0.567426
-0.155042
-0.895017
-7.58725
1.06499
1.35277
-0.167789
-0.354533
0.739189
-0.00970161
-0.0165547
-0.137718
-0.131831
-0.248187
1.32972
-2.62918
-11.6569
1.16036
-0.212796
-0.952471
-0.0371011
-4.05335
-0.0858265
0.303985
-1.02452
1.36502
-0.285445
-0.221568
-2.02383
-0.209689
-0.669564
-0.16563
-3.63821
-11.8511
1.90724
-8.06822
0.607987
-0.0103435
-0.54253
-0.0728372
-0.091257
-2.2417
-0.010744
-0.12909
-0.40245
-0.140098
-0.382164
1.67204
0.446467
-0.0425503
-0.040349
-0.136213
-2.3135
-0.086382
-1.10499
-0.10749
-0.378001
1.45753
0.159615
1.35907
-0.0428912
-0.0479123
-0.0835006
-0.00448886
-0.0295883
-0.855515
-3.10492
-0.0847688
0.326837
0.157258
1.1292
-0.098285
-0.111399
-0.0605364
1.23321
-0.145723
0.345695
0.294924
-0.00576161
-0.135389
-3.30213
-0.127495
-0.0116851
-0.12874
1.35423
-0.00250789
-0.276422
-0.0713376
0.616437
-0.435867
-1.19891
-0.0112651
-0.0805183
-2.22175
-0.144133
-0.135449
-0.550311
0.0316565
1.36351
-0.091843
-1.64807
-0.0953331
-0.133789
0.49482
-0.257154
-0.132151
-2.09185
-2.17656
-0.128818
1.52133
1.57358
-0.0270562
-0.125808
-1.37672
-0.0689277
0.429511
-4.07808
-0.059349
1.27776
0.412241
-0.020425
-0.0990409
-1.65677
1.29546
-0.0328182
-0.0255579
-0.0790348
-1.69708
0.137432
-0.526302
-2.0063
1.18038
0.392398
-0.554511
0.62907
0.0319223
1.37604
-0.0513613
-0.0237239
-0.0672003
0.00524201
-8.90384
-0.15237
-0.208352
-0.0205637
-0.15121
-0.0470812
0.00132308
-0.0442372
-0.079972
-0.580548
-0.0926484
-0.100809
0.0297966
2.61529
-0.126337
0.0840107
-0.0278783
-0.0144732
-0.565578
-0.112078
0.0433597
0.518049
-0.266196
-0.13454
-0.0881858
-0.0597676
1.38381
-0.036461
-0.120783
0.0627913
-0.0236641
-0.0273205
0.0983317
-0.131401
0.684968
-0.162768
-0.883244
0.55964
-0.0806978
-0.357852
-0.0756151
0.0338402
-2.4455
-6.04603
0.301028
-0.163406
0.0167538
-0.0253896
-1.67575
1.28096
0.911132
-0.124857
-0.114172
-0.114658
-0.0930465
1.37557
-0.0417669
-0.165941
1.54613
-0.14416
1.49932
-0.23657
-0.396404
-0.0066844
-0.0525258
-0.0318431
1.6071
-0.113324
-0.00207467
-0.571902
-1.01756
0.47231
1.35649
-0.0154341
-0.818341
-0.63618
-0.0540833
-0.000218272
0.131635
-2.12317
-0.00122393
-0.31206
-0.0632334
-0.126436
-0.125013
-0.209506
-0.0557338
-0.0026715
-0.0478158
0.152262
1.46258
-0.447304
-0.10546
-0.132038
1.43067
1.79031
-0.040587
-0.00228014
-2.2862
-2.04657
-0.0304961
-0.366033
-0.0489291
-0.374576
-0.00389368
-2.19969
-0.0427551
0.0648448
-0.271283
2.16136
-0.0534946
-0.119201
-0.539577
-10.6251
-0.0522587
0.948739
0.0673129
1.10095
0.0549754
-2.23769
-0.0773569
-0.161782
-0.562905
-0.184872
-0.111812
-0.0753311
-0.0814036
-0.105493
-0.0353722
-0.0601089
-0.12919
-0.0444464
-0.0416555
-0.128017
1.3494
-0.0684507
-0.633438
1.16427
-0.0900955
-0.0734968
-1.2036
1.10709
-0.330462
-8.79823
-0.182195
-0.18257
-1.09782
0.00672742
-0.278246
0.366529
-0.274189
-0.019168
-7.36255
-0.031825
-2.02276
-0.195314
-0.214736
-2.6016
-4.96415
-0.0348591
-0.126534
-0.29797
0.340135
-0.0498928
-0.0644193
0.973155
-0.0308453
-0.0607078
-0.0604176
-9.09866
-0.0673419
-0.0033724
-0.134791
-0.129865
-0.149298
-0.308339
-0.0275852
-9.93291
1.89608
-0.214424
-0.0743097
-0.152164
-11.1998
1.35678
-0.106904
0.190361
-0.00251788
1.43252
-0.0778095
0.344158
-0.0140931
-0.00596
-0.0917836
-0.0262851
-0.860118
-0.0935166
0.391465
-0.29962
-0.203043
-0.0341529
-0.141561
0.556503
-0.41569
-0.034489
-0.0481603
-0.14372
1.66932
-0.0986931
-0.0620891
-0.0463582
-0.186721
-0.109047
-0.106493
1.73437
1.02576
2.31246
-0.00132253
-9.27597
-0.5633
2.99632
-0.940633
-0.135266
-0.152105
-0.16164
-0.433438
1.4328
-0.508621
-0.271745
-0.0667911
-2.10907
-0.231401
-0.0953603
-0.102647
3.10208
1.29214
1.97654
-0.32124
1.32431
-0.0433237
-5.23445
-2.15473
1.03837
-2.31908
-2.2304
-0.0999955
-0.720056
-0.256688
-0.151823
-3.43358
-0.34055
-0.461612
0.351291
-10.6958
-0.11752
1.17315
-0.121561
-2.1975
-0.154421
-0.146381
-0.164856
1.65637
-0.23794
-3.90162
-0.0690582
-0.953436
-0.00222407
-0.430494
-0.688929
1.90782
-2.4361
-0.465886
-0.21372
-0.145697
-0.142315
1.31549
1.4333
-0.127914
-0.364778
-1.97994
-0.69321
-1.50676
2.43825
1.23769
0.319883
-0.0704946
-0.149745
-0.196607
1.05613
-0.148729
-0.319147
-0.152854
1.23027
1.36708
0.462937
-2.10699
0.361888
-0.315736
0.0512511
-1.67291
-0.0478848
-0.588182
0.997887
-0.0383943
-2.18298
-0.0877326
1.83354
-1.88553
-0.414483
-0.118481
-0.829603
-0.0247481
-0.874411
2.40273
-0.0625524
-7.60593
-2.30229
-0.175532
-0.0118929
0.836572
-0.64056
-0.349602
-0.634263
-2.20415
1.47307
-0.126659
0.0815552
-0.599425
-1.27079
-0.102537
-2.2818
-0.103941
-9.03846
2.53218
-0.118279
-2.33613
2.16694
0.00108982
-0.0339796
-0.1096
-0.015477
1.67068
-1.2881
1.37553
1.31041
-0.0355859
-0.122846
1.27024
1.31785
-0.0280053
-0.0415879
-2.92758
-10.8878
1.30536
-0.201257
-1.7697
-2.09935
-0.288022
-5.23509
-0.131856
-0.071891
1.44355
-0.0951334
-0.229448
-2.62473
-0.133349
-0.139825
-0.0968729
-2.00773
-5.45223
0.0420666
-0.246369
0.0853865
-0.881202
-0.136465
2.39298
-0.103476
-1.84983
0.300611
-0.102267
0.262753
-0.159251
1.31023
-0.136005
0.799271
-1.98827
-0.0595633
1.51632
-5.10987
-10.9975
1.67972
0.46473
-0.138026
-0.155051
1.3091
0.389331
-0.11554
0.502416
2.33065
-1.05831
0.589765
-0.323329
-0.122151
1.70351
-1.37914
0.0496066
-0.0459363
1.43851
0.639192
0.673503
0.52137
0.818758
-6.03849
-0.124475
0.616549
-0.188058
0.0144596
-5.43701
-6.37266
-0.117556
-0.193647
-4.54134
-0.0408963
-0.550732
-2.61877
0.945541
1.21655
1.06852
-0.0151264
-0.819745
-0.907328
1.03198
-0.00454928
-0.0251446
2.27889
-0.0646917
-0.0246455
0.164674
-1.97675
1.39717
-0.0111002
-0.801277
-2.37746
0.133041
0.129196
-1.63216
-2.49264
-0.554349
-0.0697158
0.0343219
1.23976
-2.16738
-7.23597
0.165869
0.357913
0.294781
-0.0113903
-0.122741
-0.00620049
-0.343542
1.29023
-0.0558477
2.81047
1.73292
-0.171106
-0.0603454
-2.7654
2.00037
-0.142872
-0.199132
2.7942
-0.102167
0.048806
1.1326
2.45609
0.362951
-1.15223
1.37647
-1.36902
-0.00369286
-0.140727
0.2195
-3.33698
2.25265
0.217717
0.00137526
0.061099
-3.47261
0.155572
2.57075
0.0050292
-0.0907654
-0.0768679
1.3475
-0.403586
0.0540312
1.35784
0.520787
-0.0595538
-0.274966
-8.25555
0.164896
0.345586
-0.172356
-0.0593957
2.12876
-0.0273768
-0.188898
1.41211
-0.076364
-0.0229014
0.0855275
0.49861
1.23238
-0.0778875
0.345196
-0.765465
-0.0966114
-0.27037
-6.64541
-0.170009
0.169976
-0.00133103
-0.00930707
-0.43489
-0.0281433
-0.0331197
-0.0156985
0.52414
-0.168769
-0.592407
-1.96542
-0.0974338
-1.19535
0.582453
-0.0128605
0.426841
-0.122832
-2.11122
-0.0114142
1.39714
-0.542439
-0.573007
0.128737
-0.503617
1.50174
-0.0346527
-2.22322
0.32378
3.01735
2.49283
-0.0507173
0.735394
-0.943342
-0.00365277
1.42798
1.34242
0.839411
-0.108959
-0.042935
0.103075
1.9754
0.199674
0.513948
0.401809
-5.91739
0.267981
0.0207578
1.47391
1.73304
-0.0710771
-10.6811
-0.348267
1.4102
1.66809
0.372061
0.0272388
0.0922088
2.44213
-0.0106273
-0.0608132
-0.0333147
0.135021
-0.0543976
-0.0720062
1.35208
-0.0196758
-0.0165958
0.339308
-0.729906
-0.117062
-0.00694582
1.64136
1.24304
0.955606
-0.535768
-11.5993
2.7471
-0.125131
0.112152
1.29113
-0.784578
0.444449
1.41198
1.16958
-0.0113524
-7.49346
-2.84231
1.3445
-0.945078
-0.0363282
-0.105273
1.05014
0.615546
-0.0975694
-0.0368673
1.00314
-0.475158
-0.0459021
0.11046
-0.0350945
-0.734589
-0.942802
1.39183
2.19818
-5.14208
2.0141
-0.165853
-0.439907
-0.0479171
-2.37312
0.184819
-10.353
0.329281
0.246574
-0.169538
-0.142076
0.428953
2.90611
-0.0185585
1.4946
1.34601
-0.545965
-0.0702966
0.67965
-0.183482
-0.64189
-6.7
-0.0466393
-0.077084
-0.205527
-0.549594
1.66707
0.409745
0.427401
0.325047
-0.691494
0.149555
-0.296197
0.34822
0.343675
0.163158
-1.45279
1.39792
0.939324
-2.7008
-0.374427
-0.0324497
1.20445
1.38205
1.45658
-2.18946
-11.0057
-0.728165
-0.310974
1.35576
-1.1363
1.40764
-0.084569
0.0633735
-6.3009
-0.859867
1.37529
-0.70011
1.41476
0.969278
0.216979
0.134688
-1.43791
-11.0997
-0.509551
-1.39029
1.29316
0.220539
1.44766
1.40989
-0.0526094
1.43278
0.195372
-0.00153495
1.1383
1.3254
-1.92428
0.753151
1.26856
1.3921
0.347261
1.23546
0.611719
1.13194
-0.245761
-0.295944
0.127197
-2.39757
1.05922
0.583424
0.664452
-2.66771
1.49753
-0.00220949
-1.51136
-0.0704879
1.38148
0.562427
1.06864
-0.0785502
-2.24638
-0.846084
-0.0430711
-1.00514
1.2644
1.28229
-2.75011
-1.06749
0.29906
-0.57095
-1.04351
1.2784
1.85496
-0.11207
0.360765
0.779642
0.361568
0.267552
-0.0295526
0.724227
-7.90478
-0.035639
-2.23343
-2.77325
-0.256264
1.59627
0.857174
-0.280941
-0.330354
-0.11165
1.34958
1.35536
0.71746
-2.83446
1.55868
1.51085
1.37743
0.209425
0.150989
0.315498
0.268851
0.750586
-3.79323
1.38267
-0.779558
0.223692
1.53232
-0.937575
-7.95732
1.90177
2.27304
0.260801
0.0369654
1.06601
1.30018
0.154646
0.137154
-0.18614
-0.246274
-3.04428
-0.406763
-2.16199
-1.80735
-0.364322
1.34285
2.29371
0.19764
1.35481
0.224021
3.26404
-0.191722
1.23697
0.196926
-0.943931
-4.73677
3.16711
0.294844
-0.188677
3.05927
0.78374
-1.20518
0.730447
2.96559
0.284213
2.86897
1.26223
0.187414
-8.64722
2.69732
-0.272216
-0.234218
-0.919136
0.973155
-0.0116772
1.00347
2.45283
-0.0243242
0.317123
1.23523
0.484233
0.840461
1.4179
-0.107987
-10.5506
-0.93581
2.37225
0.242164
-10.1577
0.31304
0.245924
2.30274
-0.154524
-0.107115
-9.61703
2.22681
-1.3702
-8.94933
2.15385
1.38355
-8.2494
-0.68501
-7.57098
1.1845
1.61304
-7.55577
2.0431
1.33189
0.418893
-6.89028
1.17284
1.26024
0.313795
-1.56182
-2.41843
1.48177
1.32405
-11.2706
1.06965
0.744786
-0.415754
-2.01723
1.83334
-1.22916
1.40634
-3.41972
-5.17044
-4.69608
-4.28307
-3.93148
-3.62804
-3.35947
-2.01795
-3.12133
-2.63396
2.37097
1.76785
-0.752396
1.31677
0.348553
1.35776
-2.51814
1.71634
0.00122011
-2.41819
1.16394
-2.21593
-2.33917
-0.00884688
1.56907
1.37221
1.27845
1.31385
1.38676
-0.45652
-2.2849
1.51492
-2.251
0.187126
-3.18679
-2.1567
1.42394
1.44765
-0.149563
1.23325
0.00416782
1.40471
-2.23013
-1.26722
0.705463
1.38045
-0.877451
-0.879375
1.31289
-5.70752
-0.25983
-1.84876
-2.19313
1.25211
0.717026
0.367792
1.37179
0.424993
-0.120405
-0.110965
-2.17733
-2.7698
1.17237
0.305506
-0.0886939
1.44474
0.189466
-3.74516
-2.25002
-2.1628
1.11738
-5.7259
0.910624
-0.121324
-0.0272354
-2.15147
1.04326
1.59068
-2.12516
0.962303
-2.12995
-0.188302
-0.714513
-0.863266
-6.29508
0.901453
-2.06378
0.796451
-1.99582
-12.2644
1.33389
-0.0222955
1.28015
-0.110219
0.714787
-1.86537
-1.61537
2.44355
1.45297
-1.77872
-7.04939
0.644143
-10.8589
-5.05733
1.55347
-1.58348
1.33339
0.569162
-0.097754
0.733765
0.687751
1.34912
1.37091
0.256694
-4.3506
-1.40916
-0.864438
0.47357
0.162308
-0.201498
-0.972723
-2.13489
-1.13609
-4.57301
1.23832
0.395212
1.96149
0.571424
2.07506
1.21301
-1.06638
-1.33394
1.25443
-7.40778
1.26705
-0.101894
0.0859104
1.27237
1.40082
-0.243287
-0.945035
-5.97387
0.227025
-3.70263
0.450742
1.03675
1.87089
1.3255
2.17113
-3.90291
1.03683
0.387001
-0.859474
0.39119
-0.503171
0.115268
1.54682
1.38248
1.34245
-0.817388
0.000830018
-0.127642
-0.224485
-0.368645
-0.494257
-0.652485
-0.768204
-0.0929794
-0.797631
1.11021
-1.12286
-2.04011
2.50472
-0.813509
0.215288
-1.75098
1.35507
-0.944386
1.4221
-0.837519
0.34217
-0.883881
-2.46694
-0.918257
1.35875
0.0532697
-3.70119
-0.939172
-2.07963
-7.90804
1.36892
-0.757944
-0.936252
1.3256
1.36722
-1.01366
-4.20006
1.45044
0.449321
-2.28325
0.632793
1.15842
2.01654
-1.05573
0.456837
-7.56912
1.62468
-11.176
-0.487909
-4.7199
1.30436
1.15159
0.734966
-1.61503
1.18891
1.5227
-0.0774527
-1.84159
1.14035
0.254488
0.383574
-0.57302
1.13914
-6.34302
-0.0178004
-0.00200581
1.19957
0.378258
1.5479
0.226724
-3.07857
0.502008
-0.905888
1.53007
1.36071
1.54731
1.56348
0.330558
0.291643
-2.87573
-0.390519
-2.13429
0.380329
0.538532
1.48448
-0.677028
-1.11627
2.45273
-0.00634028
1.24913
1.26832
-2.83513
-0.00452642
-0.359434
0.233471
1.1992
0.553921
1.29323
1.2568
0.930798
0.556796
1.50939
-0.871779
0.0204138
-3.07718
-10.7249
0.286803
-3.49507
0.901635
-3.04887
1.04645
0.0888599
-2.03436
0.39981
-0.790508
-3.44011
-11.3351
0.365556
1.42291
-0.962923
-1.08346
0.00355301
1.19174
0.269998
-6.95756
-0.0278735
0.155829
0.683927
-5.04842
1.40756
0.806799
1.40169
-11.2973
0.440845
-0.0037643
0.019774
0.615784
-3.67923
0.745856
-0.07166
-0.0232575
1.30659
1.61762
-0.487382
-2.24602
1.33411
-2.29194
1.47769
-0.101413
-0.102283
0.14107
-2.17931
-0.0209725
0.0490642
-3.17223
-2.19127
1.17642
-0.306172
0.777933
-1.45127
-0.0202146
1.87143
1.5374
-7.45026
1.09463
-8.61228
-1.49766
1.49085
-0.555773
0.376894
-1.52247
-0.212175
-0.381763
-2.96529
-0.748827
0.767176
-0.00788365
-2.69408
1.36756
-2.58821
-1.87613
-0.160116
-1.73512
1.5761
0.249263
1.20753
2.05197
2.12489
-0.0135689
2.0718
1.39029
1.19045
0.526734
1.27827
1.41828
1.45063
-10.9403
0.0783286
1.4327
1.4401
-0.00557314
-0.0524752
-6.39968
2.62212
1.51809
-1.95346
1.08811
1.36667
-1.15069
2.15469
0.963862
1.74755
-0.610782
-5.52607
0.251438
2.06203
-3.48219
1.52936
3.35357
1.11547
0.18135
0.750052
-0.34158
-0.000478092
1.09944
2.33722
-0.942054
-2.04542
2.14353
0.69063
0.742413
2.52973
-2.52331
-2.33754
0.364194
-0.0146278
-0.950926
0.998088
-0.0236233
-2.97374
0.186697
0.536846
-3.54797
0.593129
3.01941
1.95131
-0.639022
-0.546468
1.77385
0.564608
0.438206
-11.5306
2.93715
-1.47423
0.209362
-3.25562
1.93052
0.81468
1.38102
0.770428
-8.51068
0.761702
-1.41504
-1.25636
-2.69369
0.488405
-0.0496606
-0.0729733
-5.63768
0.330255
0.684304
1.41962
-0.110675
-2.38073
-1.0938
2.13271
1.40806
-8.18578
0.40132
-1.25574
1.56774
-8.58375
1.88466
2.69642
-6.34904
0.153672
-4.55727
0.435138
1.34013
-11.0606
1.1446
-5.00897
1.53722
-2.33438
0.00950727
1.33878
-2.2617
-0.90156
-6.29336
0.761412
1.51923
-5.99276
2.8063
0.856025
0.347858
1.47282
-0.0177577
0.431866
-3.18523
-10.7931
-1.98539
-3.59293
1.87782
0.624822
0.354598
-6.45869
2.23475
-0.879234
-1.25305
-0.0779489
0.191875
0.721268
1.39333
0.0500004
-0.802264
-1.47284
-2.53854
-1.8427
1.5165
-1.47885
1.30416
0.0552478
0.345566
-0.104302
1.35234
1.26078
0.110433
-1.47982
-0.0872976
0.490865
1.29989
1.09417
0.43885
-3.94423
-4.21217
-4.68321
1.19796
3.022
1.46768
-9.52643
-0.722035
-2.73059
1.3274
-1.02381
1.42987
1.57293
-0.66777
0.10487
0.463037
1.35917
-2.52942
0.168692
-6.03687
-2.10125
-4.08251
-6.79297
0.611838
0.88071
-0.00518227
0.441494
0.390404
-2.70849
1.5442
-3.65289
1.33689
0.224876
0.0114295
0.754998
-0.924867
0.0974772
-2.03895
-6.27092
2.09041
-9.96626
0.314739
-13.5018
-2.83717
-0.00266686
1.31333
-0.298217
2.73717
2.22287
-1.81645
1.81309
0.153355
1.33485
2.68437
0.0188983
-0.0614183
1.57072
0.14977
0.368513
-2.10462
-10.8645
-2.35951
-0.270696
-2.52472
-2.176
0.997818
-11.0325
0.838088
0.124282
1.36585
-0.478881
1.21311
-1.88439
-0.247833
0.187301
1.28597
1.36253
-0.183766
1.00671
-0.266658
3.2164
0.125805
-0.923149
3.11427
1.49819
1.98815
2.17056
3.01608
1.96824
0.771356
-0.279393
2.91966
1.20895
0.268861
-8.03718
1.41539
-1.49556
1.33992
1.38976
-1.53196
1.84621
1.16642
-2.37912
0.508299
-1.67061
1.58883
1.40847
-0.725029
-0.219914
-2.18631
-1.20145
1.02002
-3.10317
0.485636
0.148972
2.94077
1.7855
-0.0372178
1.26056
-2.07354
-2.36913
1.00705
-2.21611
2.41202
0.59042
-1.77297
0.383754
-2.42603
1.57599
0.100532
0.161301
-0.15753
2.41641
-10.4021
-0.387545
-5.37042
-0.00298924
2.33849
-0.585545
-10.9944
-1.81627
1.07692
-2.27087
1.81769
0.318458
0.23046
-2.35748
-0.0538959
0.348043
-9.92678
2.26455
-0.156208
0.411208
1.30882
-0.384323
-0.841235
-2.2297
0.83287
-9.31058
0.931009
2.46754
2.19164
1.28514
-3.00441
2.099
1.68938
0.27925
1.25318
-8.57098
0.675562
1.46174
0.520014
0.553567
1.51905
1.245
-0.355277
-1.48248
0.605836
-7.87769
1.50438
-1.58122
-0.171725
-2.01349
1.21543
-0.903971
0.339021
0.176516
0.956261
-10.196
-7.20568
-1.43355
1.83291
-1.76163
-2.37592
-0.157709
0.628164
0.107612
-1.3624
0.485562
-3.87603
-0.000807606
0.745313
-0.00821896
0.107528
-1.19713
-2.11568
-0.0264392
1.01921
-1.9838
0.535399
0.253591
-2.09024
1.41087
0.0755394
-0.949951
0.487866
-0.474528
0.369314
0.854337
1.37744
1.80334
1.02915
1.68276
-4.33181
-4.92633
-0.0436231
-4.47531
-4.09851
-3.772
1.23316
-3.48357
-3.22393
0.865673
0.322686
-2.57164
0.390739
-0.0320067
-0.152678
1.74158
1.52946
2.8159
-2.46361
-4.35574
-0.949271
3.1243
-0.389568
0.231913
-10.9624
1.44325
-2.3735
0.221394
-11.6947
-1.10402
-2.18423
-2.30671
1.33259
-0.256535
0.503137
-1.94
0.278729
0.853779
1.54585
0.921477
2.32107
0.330733
-2.26268
1.31341
1.44886
0.279214
0.569929
0.141273
0.305797
-1.81408
1.4816
0.228251
-2.70011
1.48359
1.49734
-2.55825
-0.114943
-2.23725
0.38575
0.339397
-1.65598
0.177304
1.41435
0.510707
1.14852
1.02482
-2.17764
-1.02584
1.98765
-7.63277
1.79284
-1.72367
1.39958
0.121865
0.93433
1.34653
-5.10297
0.171661
0.639424
-0.62313
1.35602
1.4321
0.50051
1.283
-1.8729
-2.02829
0.801556
1.61052
-0.104635
1.12626
0.0357195
1.43407
0.265526
-0.0130723
0.0991543
-2.18861
1.21172
1.33286
1.33801
0.0734354
-4.92708
-1.59897
-6.08655
-0.253297
2.20785
-2.50653
1.39696
-2.17877
1.14992
-0.867326
-4.83001
0.0102641
1.05637
1.27772
1.03419
-0.161714
2.78127
0.756528
-2.16288
1.08101
1.3693
1.46559
-0.0123066
-6.65504
-7.305
-0.369883
0.649383
0.526074
1.00396
-2.14468
-4.34072
1.39595
-2.06678
-0.513615
1.38488
1.40093
0.323688
0.102051
-4.65231
0.303157
0.933754
-2.10684
-0.558269
1.02679
1.3593
-5.03264
0.850334
-2.03194
1.09901
-0.0903134
-3.38459
0.696223
1.56766
-1.75431
0.942124
-2.17492
0.755447
-1.93587
-0.476232
0.212151
1.63104
-0.315748
1.37847
0.193955
-0.860238
0.223796
-1.82695
0.68022
1.27435
1.83776
-3.1727
1.85787
-2.16738
1.39321
-0.393747
-1.68569
-10.2228
0.607749
0.104898
1.21663
1.39863
-1.49232
1.34995
0.51973
0.934141
1.31723
-1.47116
-0.960866
2.17155
-1.77102
-0.515462
-1.02382
0.432811
-1.48699
1.39171
0.712198
1.33574
0.10489
0.0295501
-1.17969
1.1392
-11.1235
-2.26823
1.28958
2.17276
-2.06284
1.18704
2.49178
0.325118
0.243764
-1.00166
1.6143
-10.7558
0.29268
0.152687
-1.37871
1.99906
-0.20848
-0.891198
0.173531
0.197598
0.143642
-0.58286
-1.45
-1.75908
1.46094
-1.22375
1.37204
0.200717
-0.150847
-0.689117
-0.825616
-8.09932
1.34245
-6.22803
0.0588861
0.979777
-2.37206
-1.32847
2.03783
0.275394
0.0721379
0.190082
-0.0616844
0.153462
-0.173815
-4.54226
-0.29256
-0.429697
-2.58487
1.20966
-0.803758
0.180211
-0.572602
1.47148
-0.728106
-1.04661
-0.330574
1.48342
1.55934
-10.7528
1.31788
1.41376
-0.815936
1.16701
0.609227
0.101613
-0.863061
2.83069
1.91658
-5.69924
1.46562
0.720617
-0.0447806
-0.903277
0.217281
-1.43385
2.02071
-9.37193
-0.933158
1.79843
-10.4262
-0.053441
-0.0851222
1.36429
0.159582
1.60523
-1.45268
0.242052
2.13251
2.34516
1.35191
0.186847
-7.2876
3.3014
-1.9984
1.66937
1.37018
-0.275424
0.185404
0.242978
-0.166025
2.08226
-5.03438
-1.33457
1.12361
-3.07436
-5.65807
-1.97855
1.77561
-1.3943
-2.21395
-4.21984
-1.53651
0.310504
-0.217865
-1.25602
0.00144547
-0.944114
-1.07637
-0.0891175
2.13025
1.25244
1.61587
1.30478
-0.363511
-0.69249
2.06669
-7.55922
0.0542499
-0.0988814
0.502189
-2.22843
0.386963
2.14824
-2.39975
-7.32365
0.726332
1.22682
1.28884
-2.21021
-2.39337
1.41572
1.21635
2.56692
0.913838
1.28618
1.04955
0.976182
0.294567
1.46091
-5.57985
0.0721818
-0.890319
-0.91597
-7.198
-1.83068
-4.39435
0.611261
0.320059
-1.86066
-0.919477
-1.18398
0.103885
-11.3964
-0.337636
-2.00835
1.39752
2.35273
-4.22217
-0.00417061
-0.276688
-2.43471
-8.52446
-7.30367
0.3365
1.3693
-2.51713
-10.9154
-2.56956
-5.54362
1.47041
-6.48007
-2.31149
-5.99349
-8.13101
-0.180744
-3.21848
-0.863065
-0.928586
2.26081
-0.79911
-3.10869
1.34345
-1.73872
-2.16664
-0.551927
-1.11615
-2.93738
-0.934667
-4.46316
-0.0863724
0.572208
1.23472
-3.95957
-0.108613
-3.18938
-2.0621
-0.33979
-4.89584
-1.6713
-2.1042
2.20896
-0.160317
2.12428
3.17681
2.28581
2.49384
-5.12936
1.6101
-1.02095
0.400554
-0.81679
-2.19134
-0.498173
-2.89754
0.0527614
0.0534723
1.2204
-4.96688
1.28033
0.349792
-3.0168
1.19394
-4.01836
1.57074
-1.10021
-0.951903
0.388653
-1.23039
-9.72355
-0.941461
2.38781
-5.5025
-0.841821
-8.44382
-7.35996
0.457736
-0.11303
-0.601077
-3.59535
0.171616
0.385924
-2.66331
0.428951
-1.92089
-7.78388
-11.5946
-10.8682
-1.73358
-2.10488
-2.8486
-11.0181
-2.27701
0.658028
-0.705089
0.400955
0.337174
-0.609155
-0.474978
-6.02925
-7.4537
0.311434
2.76795
-1.11053
0.589961
-0.964059
-3.82476
-0.60845
0.404731
-7.8166
-0.854953
1.28144
-4.74215
-2.34135
1.08101
-1.04651
0.60167
1.3891
1.43446
0.236636
0.227067
-11.1972
-2.57645
-10.7165
1.0575
2.0882
-2.06353
-6.00619
0.269732
-11.1828
-2.72214
-0.111641
0.00275361
1.39532
1.6911
-1.87048
1.63089
-10.8389
-10.4864
-0.0674508
-7.10464
0.440912
0.315727
2.51113
-0.832399
-0.901806
3.1861
-1.94282
-1.04088
-2.75701
-0.451781
0.0378577
0.122489
-2.27027
1.06459
-0.705959
2.06959
-0.126999
1.86886
0.0172607
-0.883723
-1.69038
-0.919524
-4.47223
-0.11158
-2.75971
-3.28531
0.19402
1.15209
0.0169865
-3.55618
1.31426
2.82557
-0.926576
-2.1304
-1.31677
-2.10369
2.73546
-1.13089
0.343162
-0.420775
-5.01358
-0.488724
-0.912687
-0.52303
0.045668
-0.186234
0.992644
-0.98351
-1.10007
2.0336
-2.05079
-0.398328
2.0996
1.71762
1.44474
-0.393245
0.933581
-2.24038
-4.06163
0.5992
1.40101
1.72767
-1.27289
-0.165129
0.0193071
0.634456
-1.80535
-1.62844
0.067169
-7.56626
-0.917399
0.297214
-2.40827
-0.10591
0.143674
-5.5131
2.26278
1.14455
1.56868
-1.05379
-0.378184
0.368066
0.185157
-3.19184
1.00802
0.00116354
-0.132518
-0.0490899
1.64734
-1.16832
1.6203
-0.110784
1.24643
-10.2752
1.60241
-1.03116
-0.909829
-1.08853
-7.49746
0.337213
-1.06354
0.401707
0.137689
-0.888369
0.831479
-0.163343
2.08935
-8.29939
-0.985733
-1.09378
0.210711
1.3303
1.25465
-2.03278
1.18905
1.89755
-6.67879
-6.32934
0.0829255
0.476653
-1.67835
-3.40475
1.72601
-2.96206
0.333979
0.377829
2.88375
1.2825
1.57718
2.09667
-4.19605
0.0221976
-5.93572
2.18802
2.78532
-2.20489
0.220314
-0.0834277
-11.3244
-1.97963
-1.53565
2.10329
-0.658414
0.32713
0.787611
-1.23663
1.41409
0.25984
0.231025
-4.93723
1.37401
1.65246
-0.382764
0.333366
0.441414
1.52905
-0.187702
-0.912261
-4.38103
-0.545804
-0.899097
1.31958
-2.58418
0.0285016
-4.54172
-1.07005
1.38872
-4.6703
-5.4632
-0.193871
-0.424443
1.98113
-3.65191
-0.560527
0.752179
-0.42184
0.570007
2.77235
0.101122
-0.570033
-2.42123
-3.79896
1.27407
-0.292682
0.718778
2.64046
-2.87425
1.78044
-2.22194
-1.4267
-0.909624
-0.870772
-10.826
0.0893771
-0.226431
1.2963
-1.40002
-4.00437
-0.878755
-0.138454
-2.54526
-5.20577
-1.35601
0.13223
1.55641
1.65448
-7.28331
0.137562
1.16605
1.01663
-0.0356489
-2.12605
1.59867
-2.31811
1.22767
1.41815
0.501585
-2.6406
1.09744
0.345047
-1.15585
-10.7019
-4.46315
0.424581
2.12127
1.7453
1.0219
1.86321
-2.12124
-2.00098
0.271726
0.231413
-2.3023
2.91982
0.473477
0.233433
1.36674
-0.956329
-1.01169
-2.06489
1.15001
-1.38274
1.32204
-1.44813
1.4537
1.38553
-7.2688
1.91654
-7.93647
-0.252233
-2.33747
-0.0751273
-2.26438
-3.65106
-0.522669
-6.60587
-0.00176478
-4.02952
-2.16539
-0.72791
0.31406
-2.23307
-0.00370765
0.669978
2.25723
-5.36861
-0.473341
-2.36077
0.350165
2.20285
-0.831545
-2.05582
-10.2685
-2.30064
-0.537566
-6.50813
-0.0638754
0.879869
-1.59865
-0.0742354
0.269783
3.0049
2.78241
-1.26387
0.648772
-0.870482
2.36574
1.55868
2.37068
1.87843
-4.27373
2.82716
0.11734
-6.3138
1.23884
-8.03465
1.19922
-0.0505223
-1.01614
-0.454525
0.627068
-11.0092
-0.373132
1.34061
-0.286063
1.29394
-1.56993
0.873805
0.317913
-1.09799
-10.6683
2.12387
-0.0581405
1.13416
-2.20458
-4.98594
-0.0224657
0.091467
-6.07007
0.739086
1.37395
1.1711
-1.487
1.35695
0.244473
-0.238775
0.140147
1.37807
-2.39997
1.06329
2.14402
-0.0783743
-6.96649
-0.80906
-2.21109
0.587546
-1.32408
-10.2972
0.22496
0.315382
2.06894
2.56679
-3.89633
-3.70176
-0.338592
-0.386434
-0.290618
1.45377
-0.867522
-0.982999
0.14839
-2.26149
-1.1081
-10.3032
0.37159
-2.4854
-1.21633
1.63155
0.19389
-10.2024
-4.6158
1.98493
0.164692
0.072239
-0.156543
1.64883
-2.20745
0.286221
-7.21062
1.60421
0.710022
1.42701
-7.33171
0.255248
2.30702
-0.770483
-0.463333
-0.11281
-2.67439
-10.538
1.05553
0.234201
0.335546
-11.0198
0.623301
0.507824
-6.31736
-0.994118
0.118729
1.39303
2.33518
-0.453337
-0.118845
-2.37384
-0.0705082
-1.22925
0.436246
1.1933
-2.08505
-9.91972
1.30068
1.3229
-2.37707
1.75743
0.366838
1.94313
1.5343
-10.5046
-2.53199
0.23206
1.63225
-2.18785
-1.0061
1.06153
-2.70397
0.313323
-4.08581
0.0985513
-0.710346
0.665815
-11.086
1.14027
-2.6547
-3.15182
-11.0226
1.95728
1.53869
1.70672
-1.32606
1.80606
1.39384
0.355595
-0.209298
-0.221405
-0.421453
-10.6528
-8.54977
-0.665255
0.158103
-1.53133
-0.261094
-0.0489868
-4.88291
2.70611
0.552961
1.41447
1.62193
-0.019841
-0.887962
-4.31317
2.59368
-0.444262
-0.538489
1.08604
0.000752515
1.46323
1.18746
1.0027
1.6555
-1.09318
1.95493
1.81164
-0.183926
1.38607
-1.5882
0.639437
0.191505
-2.34118
0.618248
2.32706
-0.789016
0.263747
-2.62943
1.9977
-7.53453
-0.823759
-1.13832
-0.452857
-0.00631731
2.71459
-2.03487
0.0271722
1.00583
0.963173
-1.57553
-9.51656
0.895486
1.36767
1.22674
-0.0235962
2.75319
-0.0931862
2.41244
2.29508
-0.832204
0.651327
-0.446801
0.242958
-10.8849
1.40864
-4.26623
1.38273
-0.910744
0.901379
-1.2004
0.37731
1.78325
-5.88197
-0.0785571
-4.41115
-8.6293
-3.06822
-2.25368
-0.725435
0.0817715
0.0682497
1.5488
-5.91384
1.93916
-0.288278
-2.1268
-2.08898
-4.6544
-0.650765
-2.99989
-11.2853
0.321042
-5.47172
1.86469
-0.85015
1.65121
-1.39397
-1.3814
-11.2873
0.372412
1.13316
0.692046
2.01829
-2.08892
-4.3185
0.0842501
-1.27311
1.39826
-9.44263
1.29293
0.0353325
-0.882362
0.276743
-4.68166
0.35715
0.209537
-1.86039
1.37427
2.90684
-0.869187
-1.2964
1.0157
1.0531
1.92702
2.94064
-0.213097
-2.904
1.32945
-0.636724
-3.47223
-1.75516
1.84097
-0.991338
1.36879
-3.75833
-1.16694
-0.0622529
-10.9504
-0.0002086
0.341459
-1.73007
2.59337
-0.0145291
1.34381
1.18944
-1.19334
0.330534
-2.03382
1.38153
-0.844031
-0.499597
0.183715
-6.41344
0.643769
-1.96814
2.81293
-9.72212
1.48049
-10.991
2.40864
1.4955
1.3744
-2.50938
-2.3934
-0.498514
-2.05095
-0.346273
1.28816
1.28659
1.38184
-2.1591
2.46154
1.15724
1.32711
-10.9857
-0.87604
-3.51279
-2.82959
0.984146
-6.77153
-10.6133
-9.30082
-0.149226
1.69549
1.25698
-0.885198
1.09657
-0.483826
-5.53084
0.30697
0.043641
1.50106
-2.60957
-0.00316375
-7.62706
-0.283542
-2.10515
-9.61833
-2.25499
-1.36941
-0.702075
0.841195
-0.307118
1.21111
-10.2845
1.03925
0.0719546
-4.09153
0.654474
0.439282
-0.88186
2.61906
1.34006
1.46084
0.216565
1.29279
-2.1227
-2.26635
-0.833541
-0.106989
-7.89498
-0.394803
1.61397
-0.364431
1.02808
2.05963
-6.68105
-3.04179
-0.741785
-1.77644
-3.86527
1.23766
-0.898757
1.60807
1.34757
1.20478
-7.72812
-3.6957
-0.514933
-1.9315
1.50887
-6.93132
1.36569
0.0906821
-4.00568
0.560659
-1.02584
2.22294
-0.532823
0.276845
-0.262093
-0.0258804
-10.9828
1.45808
-2.04423
1.75182
1.30515
2.88424
1.36255
-0.826523
-2.13208
-3.91085
-0.0908452
1.72802
-1.18369
0.0810097
0.0893546
-1.29012
1.696
0.997383
-2.22367
-0.00102891
1.47475
2.37327
0.0757185
-0.0104461
1.59702
0.957966
1.36517
1.44663
-1.08969
-2.46118
1.39109
-2.16694
-2.00191
-0.196969
-2.09061
1.53355
1.35884
1.03264
-0.879427
1.25716
-2.13721
-0.557233
-0.299524
1.18176
1.34902
1.51343
0.347889
-0.121879
-2.41753
2.57108
3.27315
1.39189
0.830878
-0.000318941
-2.34027
2.89615
0.356589
-7.78176
-0.216544
-0.00275385
-2.20287
-9.22635
-2.38571
0.407106
0.139344
-10.4368
1.3558
1.09081
-2.67432
-10.8337
-2.8055
1.34004
-0.277251
1.56037
0.0130889
-0.0225324
0.714364
-0.360113
-0.857425
-0.697966
1.29774
0.690142
-0.00112962
1.69087
1.42003
0.53886
-0.415875
-0.896255
-1.56417
0.426541
-0.716082
-7.00224
0.0205664
-9.17671
1.34875
-2.54962
-0.897296
1.46192
0.992452
-8.5516
1.47197
3.26452
-0.909229
1.24151
-0.692345
-2.03177
2.21017
-0.228517
-0.34301
-0.878933
-0.095321
-9.76231
0.34412
-0.720925
1.37151
-0.925831
-0.0816307
-0.445185
-1.97626
1.76188
1.16651
-0.919957
1.34108
0.213071
2.1312
3.2245
0.0358295
-0.00512765
-5.76231
-0.573377
-0.15633
0.204732
1.93103
1.52114
-1.36195
-0.101489
0.494057
-6.66338
0.10725
1.22412
-3.24101
-0.95104
3.33589
-3.95819
-0.939287
1.6317
0.298152
1.55399
-11.1763
-0.912046
-2.31759
1.08204
-0.513304
0.0662755
-1.00804
-0.909776
-11.0301
-3.60363
0.766751
-0.531146
0.515762
-0.047084
0.416033
-4.91519
0.585282
-2.6287
0.947708
1.40437
1.98931
-2.09309
-0.874479
2.05651
-0.120744
-2.07223
0.273256
-0.827067
0.0271079
2.08437
-2.28779
-11.108
-0.654531
-2.0994
-0.138735
-3.46954
-0.925767
2.34148
-0.510558
-11.1651
0.333229
-0.668656
1.37025
-1.67487
-0.0858175
-0.0676541
2.37259
-10.5568
0.3211
-0.786324
-5.70506
0.358162
-8.89751
0.468905
1.38483
-0.0890106
-2.3218
-6.16034
-5.75984
-0.522425
-0.576196
-0.597275
-1.08689
1.15953
0.95455
-7.11952
-0.1652
1.99992
2.72273
0.652486
1.35941
2.80504
0.169756
-10.516
-4.11068
-6.355
-5.95123
0.358206
-0.20663
-6.29915
1.24562
-10.4229
-0.827785
-2.01872
0.757204
-1.00407
0.904699
-11.152
-2.34072
-1.76213
2.19155
1.32388
-0.858324
-0.420228
-9.04102
-11.394
1.37147
-0.0639472
-2.30308
0.24815
-4.13389
-5.07695
0.77402
-5.97736
-3.55619
0.259353
-0.114622
1.0908
2.87553
1.30318
1.03163
-2.25577
0.529357
-6.72708
-6.30622
-0.64086
-2.35902
-1.85247
1.02687
0.473013
-0.841519
1.70738
-2.10402
1.0999
1.12967
0.582535
0.779283
1.3905
1.40248
-10.7578
1.09288
-8.12568
-2.10915
-0.685675
2.16494
-5.75102
0.169297
-0.724949
-1.84912
2.05403
-0.853733
2.75849
-2.54089
-1.22767
0.844642
-0.710316
0.770872
-0.837752
-0.558681
-1.1518
0.556831
1.41803
2.1751
0.593199
1.42053
)
;

boundaryField
{
    SideWalls
    {
        type            empty;
    }
    Top
    {
        type            zeroGradient;
    }
    Inlet
    {
        type            zeroGradient;
    }
    Bottom
    {
        type            zeroGradient;
    }
    Outlet
    {
        type            fixedValue;
        value           uniform 0;
    }
    Plate
    {
        type            zeroGradient;
    }
}


// ************************************************************************* //
