/*--------------------------------*- C++ -*----------------------------------*\
| =========                 |                                                 |
| \\      /  F ield         | OpenFOAM: The Open Source CFD Toolbox           |
|  \\    /   O peration     | Version:  2306                                  |
|   \\  /    A nd           | Website:  www.openfoam.com                      |
|    \\/     M anipulation  |                                                 |
\*---------------------------------------------------------------------------*/
FoamFile
{
    version     2.0;
    format      ascii;
    arch        "LSB;label=32;scalar=64";
    class       surfaceScalarField;
    location    "10";
    object      phi;
}
// * * * * * * * * * * * * * * * * * * * * * * * * * * * * * * * * * * * * * //

dimensions      [0 3 -1 0 0 0 0];

oriented        oriented;

internalField   nonuniform List<scalar> 
7520
(
-0.860064
0.67764
0.182425
-1.27249
-0.227028
1.49952
-0.119399
-1.75448
1.87388
0.282614
-0.040227
-0.242387
-0.330921
2.96504
-2.63412
-0.115819
0.125007
-0.00918797
-0.302644
2.0491
-1.74646
-0.0626791
-2.33324
2.39592
-1.50351
1.38411
0.380846
0.165893
-0.546739
0.389958
0.157119
-0.547076
-0.212537
-1.42014
1.63268
0.403854
0.268349
-0.672202
-0.126733
0.17432
-0.0475868
-2.65953
1.10241
1.55712
0.0741814
1.40406
-1.47824
-0.16653
0.00336442
0.163166
-0.0650454
-0.20102
0.266066
0.0311251
0.0094371
-0.0405622
0.0758288
-0.242359
-0.479321
-0.172655
0.651977
-0.951843
1.02602
-0.083225
-0.377309
0.460534
0.210553
-0.173191
-0.0373615
-0.0311428
0.088211
-0.0570682
0.301892
-0.293763
-0.0081294
0.913585
1.0894
-2.00299
-0.0584631
0.394307
-0.335844
-0.000235037
0.0313601
0.327157
-0.0685926
-0.258564
-0.914181
1.58171
-0.667534
-0.0621849
-0.0246118
0.0867967
-1.87717
2.08168
-0.204512
1.03703
-0.81734
-0.219694
-0.296273
-1.17103
1.46731
-0.210107
0.847377
-0.63727
0.275168
-0.617372
0.342204
0.857975
-1.6536
0.795629
0.102961
-0.376773
0.273812
-0.0716371
-0.147734
0.219371
-0.0319947
0.314609
-0.071049
-0.451349
0.522398
0.34258
-0.0406871
1.70628
-1.4063
-0.299983
-0.477562
-0.584379
1.06194
-1.47552
1.57362
-0.0981055
-0.042255
0.111113
-0.0688576
0.33352
-0.105351
-0.22817
-1.24998
0.335796
0.328304
-0.0916419
-0.236662
1.72679
0.15782
-1.88461
-0.692722
0.174875
0.517848
-0.0247897
0.0279648
-0.00317512
1.13145
0.507471
-1.63892
0.0176056
-0.133424
-0.780693
0.0575124
0.723181
0.29318
-1.23922
0.946039
-0.0551189
-0.143817
0.198936
-0.151117
0.0889324
-2.45337
1.33415
1.11922
1.60313
-0.491856
-1.11127
-0.0562633
-0.110156
0.166419
-1.19997
0.903696
0.786283
-0.382429
0.026719
-0.0515087
0.0055169
-0.13225
1.28114
-2.75591
1.47477
0.150074
1.57671
-1.37695
1.01929
0.357667
0.378645
-0.280582
-0.0980631
-0.575522
0.868702
-0.712515
-0.105791
0.818307
0.413535
-0.103621
-0.309913
-0.0212798
0.546712
-0.525432
1.28184
-1.81874
0.536898
0.163846
-0.142945
-0.0209005
1.9874
-0.510477
-1.47692
0.509009
-0.819979
0.310971
1.22603
-0.899163
-0.326868
-0.921231
0.140538
-1.72447
-0.728901
0.344402
-0.532487
0.188084
0.275158
-0.714373
0.439215
0.480903
0.55613
-0.472587
0.407542
0.351683
-0.024526
0.0571648
-0.0431813
-0.0139834
1.31314
0.674262
-1.92258
2.51772
-0.595143
0.583265
1.01986
-1.12103
1.11857
0.00245425
-0.0382617
-0.0570758
0.0953374
1.39537
-1.60791
0.288077
0.233342
-0.13038
-0.222463
0.213832
0.0086306
0.00757338
0.113533
-0.121106
-0.593542
0.35549
0.238052
1.64158
-0.359737
-0.862203
0.692131
0.170072
0.656678
-0.232251
-0.424427
-0.113083
0.142293
-0.0292101
0.657894
-0.117974
-0.539921
2.5912
-1.7343
-0.856896
0.566521
-0.385351
-0.474713
-1.35393
0.778411
-1.86458
1.56193
0.210421
-0.0949398
-0.115481
0.408984
-0.0190258
-0.205014
0.203481
0.00153309
-0.0883321
0.10124
-0.012908
2.07423
-1.21625
-0.16349
0.0544015
0.109088
-0.755495
0.276173
0.0346885
0.0176121
-0.0523007
0.574613
-0.230211
-0.639375
0.395446
0.243928
0.742668
-1.71069
0.968023
0.0891122
0.121441
-0.100587
-0.592136
-0.24149
0.018804
0.222686
0.685591
-0.304745
0.509276
-0.491263
-0.018013
0.0575482
-0.0859996
0.0284514
0.270508
-0.242498
-0.0280105
0.722703
-1.95315
1.23045
0.445484
-0.528709
-0.361822
-0.102964
0.464786
-0.0853833
-0.0781062
-0.179945
-0.0936064
0.273551
0.179357
0.0390761
-0.218433
-0.0763184
0.255676
-0.499783
-0.139592
0.0408407
0.186785
-0.227626
-1.91485
2.60942
-0.694569
0.25612
-0.281692
0.0255722
-1.09227
-0.26166
-0.0427645
-0.0652014
0.107966
1.49282
-0.361373
-0.612505
0.478562
0.133942
-0.236612
0.579491
-0.342879
0.360517
-0.0886973
-0.271819
0.255578
-2.01006
0.289101
-1.76462
-2.37047
1.18004
1.19042
-0.879674
-0.49728
-2.42252
2.09865
0.32387
2.21132
0.106296
-2.31761
0.237555
-0.309192
0.884073
-0.687016
-0.197056
-0.261184
-0.0572407
0.318425
-0.061566
-2.36095
-1.89318
0.0160195
0.0552565
0.00190825
0.0819538
-0.166727
0.0847735
0.33527
-0.390389
0.0449026
0.611775
-0.189054
0.15706
-0.0072959
-0.00173013
0.00902603
0.868725
-0.448148
-0.420577
-0.563186
-2.09634
-0.109437
-0.151748
0.0499672
-0.647901
0.597934
0.0836589
0.0101646
-0.0938235
-1.37897
0.754369
0.624599
1.01959
-1.35051
-0.254985
0.645214
-0.390229
0.0456537
-0.0767965
0.606709
-0.287641
-0.319069
0.195858
-0.418321
0.280087
-0.371729
0.862487
0.252124
-1.11461
0.35026
-0.408723
-0.323739
-1.35112
1.67486
1.27913
0.665318
0.79119
-0.516032
-1.18214
0.972031
-0.74451
1.01102
-0.266514
-0.0452972
-0.0133266
0.0586239
0.21074
-0.245604
0.034864
-0.0329408
0.607554
-0.305766
-0.191174
0.49694
0.0711876
0.0124713
-0.929994
0.979961
0.521101
-0.949269
0.428169
-0.479304
-0.114237
0.775622
-0.500454
0.177871
-0.0140255
0.0362235
-0.0238785
-0.012345
0.0666452
-0.154977
-0.766866
0.238224
0.528642
0.145815
0.267719
-1.36202
-0.45672
-0.776682
-0.602286
-0.0204219
0.110366
-0.0899444
0.397573
0.0450237
-0.442597
-1.65296
-0.261891
-1.26387
2.32008
-1.05621
0.41664
0.190069
-0.0665963
0.0922378
-0.0256415
-0.737686
0.637099
0.540441
-1.018
1.71015
-0.0471939
-1.66296
-1.49205
1.97044
-0.478383
-0.0354219
0.117376
0.323123
1.54116
-1.86428
0.0418793
-0.205285
0.163405
-0.177452
1.86232
-1.68487
-0.00434147
0.163734
-0.159393
-0.9705
1.34124
-0.37074
-0.0248156
-0.71287
-0.349669
-0.417197
0.301129
-0.266059
-2.17144
2.4375
0.019613
-0.0101759
-2.0676
0.705578
-0.337731
-0.0726819
0.410413
0.0941107
-0.0365625
0.151516
1.56782
-1.71933
-0.38166
-0.702325
1.08399
-0.588474
0.474297
0.114177
3.06558
-1.96704
-1.09854
0.599265
-0.980925
0.135149
-0.135043
-0.000105907
0.0742864
0.814883
-0.88917
0.094133
-0.0940214
-0.000111582
0.864036
0.784558
-1.64859
-0.322956
-0.539248
-0.143182
0.336993
-0.193811
-0.924209
0.630955
0.293253
-0.113926
0.05611
0.0578158
0.643539
-0.245965
0.970233
-1.77895
0.808722
-2.59805
1.11101
1.48704
-1.0888
-1.50925
-0.328399
0.348417
-0.0200186
0.00639227
0.0828097
-0.089202
1.1612
-1.65712
0.495919
-0.00775086
1.14815
-1.1404
-0.0808993
-0.451587
1.03897
-0.176486
1.36267
1.24833
-2.611
-0.244843
0.132979
0.111864
-0.0580654
-0.866143
1.83127
-0.378416
-1.45286
0.169672
-0.127793
0.071253
-0.0297368
0.0331012
0.963925
0.86735
0.203853
0.572239
-0.776092
0.436819
-0.0425117
-0.032387
-0.0484642
0.0808512
0.00221505
0.015632
-0.017847
-1.8904
0.928699
0.961701
0.0977332
-0.0913409
0.215101
-0.17426
0.432071
-0.406989
-0.0250818
0.163561
0.169959
-1.58955
1.5432
0.0463545
1.05498
-0.533875
0.0237282
-0.0692955
0.0455673
-0.0056262
0.0687905
-0.0631643
0.159104
-0.262726
1.90151
-0.620362
0.0920739
-0.114971
0.0228974
0.000746795
-0.0080427
0.801403
-0.644284
0.310362
-0.0965302
-0.737653
0.729903
0.0604668
-0.0242434
2.0491
0.00414644
-0.0109709
0.00682443
0.0822001
0.228162
-0.252438
0.166087
0.0863516
-0.0732329
0.731127
0.463633
-0.534682
0.531849
0.352224
0.58173
-0.421417
-0.160313
0.31996
-1.29046
-0.0170826
-0.162862
-2.30225
2.03619
0.103811
0.0313387
-2.36493
0.276172
-0.512784
0.123508
-0.099838
-0.0236696
-0.66061
-1.22979
1.26295
1.32825
1.5221
-0.767729
-1.42014
0.0227168
0.486559
0.242837
-0.183466
-0.0593715
0.18466
-0.310606
0.125946
-1.15867
0.574289
-0.277386
-0.280628
0.558014
0.402718
-0.236825
-0.0958026
-1.94697
2.04278
0.805033
0.274327
-1.54568
1.27135
0.987522
1.09416
-1.10752
1.50483
-1.1817
-0.0571123
0.450538
-0.393426
-0.81528
0.774482
0.0407984
0.120671
-0.028597
-0.111489
0.393906
-0.282417
-0.210666
-0.187498
0.398164
-0.537918
1.81704
-0.340783
-0.408853
0.749636
-0.00779269
-0.0344623
0.130234
-1.25126
-0.130467
0.0980801
0.0119236
-2.10146
1.04909
1.05236
0.555618
-0.28727
0.00995928
-0.0430955
0.299216
1.30475
1.76083
1.66073
-0.460813
-1.19992
0.155734
-0.0525763
-0.103157
0.479571
0.74646
0.16221
0.0806272
0.320967
-2.0297
1.70873
-0.0452513
0.0178528
0.0273986
1.06907
0.57251
-0.266186
-0.110587
0.67486
-0.471007
-0.534067
1.44765
0.198535
0.0118862
1.57332
-0.830654
0.181956
-0.174383
1.84051
-0.179777
0.126908
0.495607
0.0861224
0.0256496
0.352996
-1.70676
-0.930743
0.86552
0.0652237
0.00789449
-0.15084
1.89232
0.00190299
-1.89423
-0.822479
0.481696
0.285906
0.0746105
-0.366345
0.0857632
-0.0286971
-0.870466
1.54296
-1.61649
0.0735299
0.00383594
-0.223172
0.219336
-0.572573
1.64164
-0.886976
1.60968
0.0229888
-0.0191529
0.639605
-0.244158
1.91328
-0.51791
-0.0112059
0.234134
-0.222928
-0.154901
-0.0235309
0.178432
0.153487
0.00224711
-0.0836789
-0.767308
0.00191153
-0.068655
0.0667435
1.52452
1.08489
-1.4281
1.10436
0.166308
-0.52813
-1.32764
0.615129
-1.10745
1.35694
-0.249487
0.545769
-1.65328
1.47582
1.83502
-0.521888
1.27047
0.435816
-0.0888776
0.218026
1.32494
-1.33893
0.335404
1.00353
0.335903
-0.404495
0.0359881
0.061745
-0.262701
0.186383
-0.254342
-1.15196
0.293362
-1.10308
0.809718
-1.59731
1.21229
0.385023
0.427804
-0.533595
0.110457
-0.16672
0.110874
-0.636947
0.431818
0.205129
-0.691199
0.436214
1.22271
0.612313
-1.49205
0.116674
0.153834
1.69095
-1.45661
-0.234333
-0.333196
1.87435
-1.60203
2.28989
-0.687854
-0.605426
0.878288
-0.272862
0.0809102
-1.28088
0.0748054
0.00800434
-0.317401
0.49276
-0.175358
0.378551
-0.496525
1.36373
0.452393
-0.941172
0.48878
-0.0468916
-1.5413
1.58819
-0.0670106
-0.138003
0.0619012
-0.416013
0.354112
-0.252389
0.694404
-0.442015
0.243921
-0.169297
-0.0746233
0.352278
-0.217934
-0.134344
-1.95667
1.72964
2.88283
-0.712399
-2.17043
0.0971427
0.019648
-0.116791
-0.0338755
0.218536
0.194151
-0.673455
-0.818548
1.68258
0.0420585
-0.00737001
1.71015
-1.06926
1.14354
-0.101554
0.101554
-0.398723
0.506423
-2.42901
2.24254
-0.919673
-1.32286
-1.2357
0.558209
0.677491
-0.0539894
0.122068
-0.0680787
0.967236
-1.11738
0.150141
-0.486344
-0.169924
0.656268
1.52171
-1.95085
0.429136
0.00528484
-0.820565
-0.255044
0.100143
-0.153261
-0.476148
0.629409
0.580748
0.543932
-1.12468
-1.44568
-0.438832
0.759218
-0.320387
-0.875888
0.835746
0.0401429
1.46034
-1.30883
0.132624
-0.130713
0.0558491
0.403769
-0.425049
-2.06321
2.17671
-0.113499
-0.796833
1.40426
-0.607425
-0.0253099
0.180117
-0.154807
-1.88853
-0.867379
-0.0173718
0.0171367
-1.74314
0.479277
-0.442602
0.331113
-0.138788
-0.466638
-0.0756805
0.0304292
-0.745245
2.10792
0.080584
-0.457893
-1.54356
0.166492
1.37707
-0.0777327
-0.082329
0.160062
-0.963573
0.219062
0.266541
-0.657739
0.391197
1.61758
-0.192003
-1.42558
0.0470304
-0.204442
0.157412
-0.266498
0.153044
1.33359
-1.48663
-0.867575
1.96998
0.120853
0.737628
0.755195
-0.0375295
1.55957
0.280935
-1.42399
1.3771
-0.210196
0.0792903
0.130906
0.226685
0.0547361
-0.281421
-1.77951
0.177477
0.058044
-0.509393
-0.501863
-0.428881
0.327474
0.651005
-0.141838
-0.509167
0.225702
0.116877
-0.651548
1.56713
-0.915579
0.219832
-0.243363
-0.053898
0.264638
0.286392
-0.603794
-0.02622
0.332043
-0.305823
-0.124471
-0.0383418
0.162813
0.181373
0.395103
-0.576476
-0.0126149
0.131459
-0.118844
-0.343978
0.379685
-0.0357078
-0.00435158
-0.208534
0.212886
0.445175
-0.109272
-0.509497
-0.434713
0.94421
1.48217
-1.06684
-0.936152
-0.200421
0.253265
-0.0528448
0.0479853
-0.0581612
-0.329414
-0.259059
0.94419
-0.293185
0.0307513
-1.23785
1.2071
-0.261602
0.020112
-0.0326908
-0.467092
0.184625
0.167654
0.222712
-0.227053
-1.05118
-0.0479723
-0.105904
0.153876
1.20075
-0.948627
1.50216
1.38067
0.0484687
0.383603
-0.154896
-1.76917
1.92407
0.769368
0.259212
-1.02858
0.0354325
-0.930391
0.601057
0.329334
-0.0597585
-0.0179742
-0.0292573
0.0711838
-0.0419265
1.96276
-1.01758
-0.945179
0.158672
-0.359422
0.20075
0.697731
0.180386
-0.878117
0.0837385
0.120795
-0.204534
1.74063
0.0268785
-1.76751
-0.267237
0.0662166
-0.313292
0.393876
0.0273233
0.0405589
-0.0678823
-0.52292
0.0503328
0.0191019
0.0132389
-0.0323408
-0.192129
-0.586507
0.778636
1.07616
0.541419
0.994104
-0.963353
0.641521
-0.89391
-1.83311
1.73731
-0.117774
0.0317743
0.310704
-0.558126
0.247422
0.673253
0.848845
1.1341
-1.27867
0.144571
1.29978
-0.562152
-0.175923
0.123347
-0.0128965
0.0658249
-0.0529284
-2.03404
-0.479077
2.51311
-0.368117
0.491305
-0.123188
-0.0133755
-0.0881788
0.680645
2.2844
-0.168535
-0.0763078
1.17076
-1.74505
0.574287
-0.520907
-0.376624
0.897531
1.38647
-0.416241
0.610598
0.48333
-0.540571
-0.326747
0.0124156
0.314331
0.0392568
-0.297821
-0.491341
0.943734
0.0339629
0.0601701
-0.242333
-0.0631689
0.305502
0.0272253
0.940011
-0.25201
0.438795
-0.38995
-0.343644
0.362448
0.661142
-0.79993
0.147512
-0.0931103
0.0596149
-0.0265137
-1.94359
0.876749
0.907127
-0.701822
-0.205305
0.0409905
-0.0312642
-0.0097263
0.260882
0.887264
-0.14779
0.0376343
0.0421999
-1.59198
1.54978
0.00961051
0.691521
-0.701131
-0.0939728
0.0921565
0.00181634
-0.764814
1.05818
-0.103952
-0.282672
0.386624
-0.310253
0.576794
-1.05681
1.40117
-0.34436
-0.327153
0.369566
-0.0424132
2.19484
0.016474
0.49234
0.188455
-0.680796
-0.332503
0.238897
-0.210025
0.189156
1.58282
0.934904
0.274699
-2.60827
2.33357
-0.871108
-0.20355
1.07466
-0.117905
0.179741
-0.0618359
-0.864795
0.0224364
0.842359
-0.10689
0.0425509
0.0643389
-0.0527679
-0.0776992
-0.539929
0.0848355
0.00337554
-0.00368977
0.10177
-0.214375
0.515439
-0.301064
-0.301311
0.396412
-0.095101
-0.108748
0.145684
-0.0369364
0.716417
-0.43763
0.000902094
-0.0440834
0.522369
-0.606697
0.0843283
1.27171
-1.01082
-0.0696753
-0.338843
0.408518
0.113194
-0.345445
-1.30672
1.4568
-0.243993
-0.443023
-1.24241
0.82611
0.416305
0.530672
-0.035699
-0.494973
1.69856
-1.69856
-1.73459
0.0101225
-0.522338
-0.140653
-0.63756
0.778213
0.464286
-0.482852
0.0185659
0.028094
0.0655415
-0.182332
0.116791
-0.0692241
0.264586
-0.195362
-0.301492
1.10827
-0.806777
0.220251
0.00981117
-0.230063
0.732115
-0.651205
-1.14689
0.275779
-0.0690169
-0.280514
0.349531
-0.0724229
-1.26651
-0.333712
-1.07958
0.745863
0.921775
-0.070022
0.213669
-0.143647
-0.331504
0.456548
-0.125044
-0.387968
0.244786
-0.0966141
-0.0244153
0.147923
0.0465268
-0.00299556
-0.0148227
0.0178182
0.0466349
0.01919
0.337864
-0.847361
0.222248
-0.12947
-0.0927776
0.0179695
0.0113308
-0.0293003
0.0511861
0.0707562
-0.121942
-0.078881
0.20863
-0.129749
-0.406493
1.21621
0.374444
-0.980646
0.606201
-0.191692
-0.088751
0.280443
0.0515741
-2.70127
2.64969
0.779831
-0.521066
-0.258766
0.39448
-0.117267
-0.193339
0.0789029
-0.0612907
-0.0662194
0.224891
0.289366
-0.852659
0.563294
-0.401596
-1.18796
-0.513395
0.657604
-0.144209
-0.0694669
-0.0159164
0.495856
-0.351815
-0.144041
0.270175
0.252194
-1.01405
0.353947
-0.353268
-0.000678652
-0.635089
0.357703
-0.0714702
0.550033
0.0622024
-0.0678286
-1.61833
-0.115971
-0.340142
0.626534
-0.0518689
-0.203175
-0.0761198
0.0231914
0.212166
-0.282188
-0.0930707
-1.15441
0.747918
1.96904
-0.106716
-2.17144
2.25133
-1.1
-1.15133
-0.182653
0.538143
-0.183043
-0.738188
0.38277
-0.316125
-0.295884
-0.0308623
-0.290571
-0.55263
0.843201
-0.0570025
-0.0300121
0.0870146
0.100584
-0.980257
-1.90477
-0.352876
-0.383489
0.736365
-0.652044
0.661655
-0.29471
-0.0526358
0.347346
0.599185
-0.153701
0.105351
0.425321
2.17693
-0.655222
-0.801047
0.510476
-0.296011
-0.0706955
0.366706
-0.0559007
-0.0915077
-1.02587
0.54914
0.073238
-0.622378
-0.108314
-0.0428037
0.973285
-1.27178
0.298492
-0.625828
-0.0479002
1.74646
-0.497782
-0.108915
0.715356
-1.98335
1.268
-1.7533
0.935339
0.817966
0.196935
0.118347
-0.315281
0.150608
0.956943
0.116996
0.8002
-0.917196
-0.0698678
-0.0451034
0.209338
-0.112195
0.414666
-0.618598
0.203932
1.34221
-1.4971
0.0436337
0.0434034
0.0187854
-0.0621888
-1.75227
0.01768
-0.669229
-0.176606
-0.0238141
0.146636
0.00224765
-0.148884
-0.704812
0.354306
0.350507
-0.45125
0.394137
-0.95762
-0.427184
1.3848
-0.152553
-0.106647
0.0526576
-0.8468
1.09085
-0.244053
-0.256893
1.46918
-0.20029
-0.671429
-0.56427
0.406885
-0.191784
1.00654
-1.30803
0.0129839
-0.0406017
0.0276178
1.08346
-0.344109
-2.29001
-0.38481
-0.164088
0.548897
-0.0615608
0.247943
-0.036003
-0.0942506
0.130254
0.345892
0.0616493
0.994705
-0.462856
-0.0876812
0.360911
-0.0808238
-0.332875
0.289779
-0.168283
-2.73314e-05
0.16831
0.299121
-0.102767
-0.196354
-0.176795
-0.0483536
0.225148
0.0574348
0.000635891
-0.0580707
0.112146
-0.0836947
-0.172189
-0.0509825
-0.0176022
1.10924
0.0249303
0.226715
-0.251645
0.0897886
-0.151536
0.0617469
0.0130845
-0.0133065
0.000221975
0.230416
0.311366
-0.750198
-0.0985282
0.428019
-0.092749
0.0526757
-0.00702202
-0.161043
-0.0442418
1.78906
-1.0045
-0.048658
-0.179503
0.228161
-1.53007
0.223345
-0.0760428
-0.0253786
0.101421
-0.0557366
-0.0581892
-0.826928
-0.926377
0.439704
-0.0894438
-0.527927
-1.50177
-0.355704
0.11337
0.233018
-1.07982
0.663716
-0.808871
-2.06327
2.33797
-2.39803
0.363996
-0.094948
-0.0482431
0.143191
-0.0153827
-0.311948
-0.381336
0.693283
0.108258
-0.0853607
-0.155238
-1.6614
1.81663
-0.953344
-0.412086
1.36543
0.239758
0.543606
-0.783364
0.0115952
0.177848
0.176099
-0.304111
-0.299683
-0.215663
-0.111963
0.327626
-0.0298346
0.34826
0.309498
0.186358
0.0544392
-0.693018
-0.0184521
0.0225985
-0.376482
0.481227
-0.104746
-0.219211
-0.0135991
-1.3137
0.123952
-0.0135856
-1.16921
0.260237
0.0133141
-0.429911
0.25565
-0.173602
-1.02819
-0.254058
1.28224
-0.0821748
0.464945
-0.687442
1.24565
-0.382309
-1.02237
-0.921221
-1.19578
1.34592
0.143863
-0.154655
0.0576848
-0.124913
0.0672278
-0.764664
0.640919
0.123745
0.747
-0.771816
0.325077
0.58205
-1.12479
-0.117625
0.0528853
-0.0926786
0.0397934
-0.552825
0.734198
-1.36988
-0.160633
1.53051
-0.00842696
0.0550619
-0.322591
-0.648513
0.971105
-0.288306
0.485259
0.0812623
0.0922821
0.0730687
-0.165351
-1.2595
0.881084
0.0495941
0.0586639
-0.208929
-0.150493
-0.440776
0.0930715
0.0544404
-0.0829189
-0.010794
-0.0232384
-0.0446439
0.311755
1.23144
-0.446711
1.71718
1.03034
0.535442
-0.705366
0.0297943
-1.39967
-0.224794
-0.378494
0.471892
-0.093398
-0.204191
-0.0383068
-0.0522325
0.0230471
-0.0684968
0.157429
-0.233358
2.16208
-1.92872
0.103145
-0.816015
-0.146027
-0.30501
-0.0853793
0.297969
-0.329956
0.426121
-0.0961647
-0.180092
-1.625
1.80509
0.272888
0.188594
0.275692
-0.294281
-0.468576
1.00987
-0.54129
0.0829604
0.0232345
-0.0544987
0.341735
-0.741615
0.39988
-0.0632574
0.442639
-0.379382
-0.182645
-0.550638
0.733283
-0.32321
-0.0855129
-2.00387
0.0426791
0.276118
-0.287324
0.0788298
0.127019
-0.0774252
0.381487
-0.764976
2.51245
-1.04004
-1.4724
-0.161515
0.4583
-0.811037
0.488446
-0.204445
-0.148823
-0.222243
-0.00592708
1.08471
-0.603809
-0.114267
0.777429
-0.960074
0.177173
-0.115645
-0.0615281
-0.440992
-1.86211
1.06688
0.795231
-2.13005
2.18162
-0.994951
0.244196
0.750755
0.019247
0.157884
-0.177131
0.654135
0.290055
-0.157402
0.235868
-0.00610709
0.035331
0.0547296
-0.304172
-0.0476429
1.28248
1.22997
-0.0648124
0.0163481
1.58508
-1.47878
-0.0533583
-1.38353
1.43689
1.13144
-0.0221994
-0.340195
-0.102407
-0.385008
0.141994
-0.304413
-0.0408783
0.0768664
0.74689
-1.27101
0.524123
0.142804
2.13815
-1.25657
-0.881573
0.0308416
0.0498312
0.072237
-0.187025
0.794579
0.901228
-0.891106
0.57821
-1.53155
-1.20191
-0.0551392
1.25705
-0.952044
1.16392
-0.211879
0.116484
-0.0147146
2.3816
0.0589299
-2.44053
-0.453021
1.22375
-0.770729
0.111849
0.284563
-0.701284
-0.174605
-0.0189749
0.122786
-1.36183
0.254375
-0.0232095
0.0401871
-0.0169776
-0.175084
0.207811
-0.0327275
0.054433
-0.409796
0.355363
0.648169
0.21735
-0.566122
-0.138691
0.004773
0.871259
-0.865974
-0.0820621
-0.0846653
-0.301313
0.0646514
0.848419
-0.537141
-0.311278
0.314442
-0.970811
0.656369
0.465747
-0.649275
0.183527
0.656177
-1.48681
0.779525
0.707287
-0.0145941
0.853962
0.32027
-1.17423
-0.171004
0.264812
-0.292332
0.02752
0.205979
-0.0425741
-0.30402
0.00931052
-0.348647
-0.661394
1.01362
-0.576423
0.835915
-0.259493
-0.471912
-0.710226
1.82569
-0.776594
-0.107479
0.205119
-1.33167
0.0467907
-1.31342
1.26663
0.0734127
0.0857735
-0.159186
0.147071
0.356548
-0.503619
0.528277
0.0512134
0.0404417
-1.28941
0.817503
-0.552467
1.15352
0.106343
0.69506
0.361447
0.27735
0.0217713
0.931392
-0.449696
0.0856056
0.661395
-0.927451
0.335315
-1.47322
1.06114
1.06658
-1.24667
-1.95842
1.72507
0.0478562
-1.43194
0.238447
1.19349
0.160449
0.497155
0.0612095
-0.8555
0.714847
-0.176032
-0.125859
0.30189
-2.24273
1.39496
0.847763
0.433881
0.787905
-1.22179
0.0416999
-1.23748
0.824306
-0.00511546
-0.81919
-0.221806
-0.668947
-0.658698
-0.0049243
-0.0200343
0.0761443
1.54291
-1.51603
-0.00515153
-0.903011
-0.583801
-0.0891913
0.0613291
-1.26324
1.19135
-0.337388
-1.47582
0.05568
-0.227265
-0.887347
0.390396
0.0527766
1.83311
0.215992
0.11758
-1.14345
0.170058
-0.130982
0.147204
-0.35787
0.336379
-0.621332
0.284952
-0.0469215
-0.0219188
0.0688404
-0.650355
0.83881
0.0519177
-0.0497027
-1.07527
1.17438
-0.0991057
-0.723266
0.790778
-2.09239
1.30161
-1.23549
-0.0736867
0.131503
-1.41868
0.10536
1.31332
-0.464304
1.01007
-0.699955
0.800539
0.147319
0.861604
0.512653
-0.902603
-0.86172
-0.226364
1.08808
-1.04801
-1.84293
1.68769
-0.152027
0.156157
-0.00413044
0.109655
-0.107839
0.723996
-1.21534
0.302104
0.737794
-1.0399
0.099125
0.607734
-0.706859
-1.00989
0.459254
0.0514614
0.0316677
-0.274055
0.430938
2.26016
0.121435
-0.767253
0.884249
-0.314285
0.105356
-1.03724
2.36908
-1.33184
-0.0911498
0.0793147
0.0985566
0.462378
-0.00184414
1.07388
1.2462
0.539086
-0.783245
0.300404
-2.26744
-0.210891
0.162918
0.100155
-1.04878
-0.264071
-1.00771
-0.254688
0.0656333
0.890681
-0.459743
0.0426607
-0.882308
0.419452
0.22302
-1.73717
0.269676
1.4675
-0.0327993
0.518058
0.761819
-1.187
-0.305057
0.847193
-0.367193
-0.48
0.98815
-0.421699
-0.566451
-0.217315
0.0480179
0.724369
-0.691278
-0.0330912
-1.47096
0.977805
0.493154
0.434014
0.967155
0.00182944
0.144807
0.86399
-0.552624
-2.22733
1.19896
1.02837
-2.4375
1.95842
1.03369
0.550522
-1.58421
0.877415
-0.736877
1.45073
-0.535696
-0.915037
-1.12579
0.221128
-0.0977807
0.037853
-0.105536
0.238515
-0.0679411
0.162953
-0.0950119
0.621318
-0.0746061
-1.87776
-0.455477
0.672735
-0.258069
-0.0416565
-0.0523649
0.759067
-0.430373
-0.328694
0.882001
-0.527695
-0.182353
0.148478
-0.0823097
1.21641
0.130957
-0.0575447
-0.242742
-0.76715
-1.54332
0.515133
-0.0423821
-0.130809
0.16772
0.155149
0.159002
-0.101317
-0.55077
-0.293838
0.141628
-0.0998833
-0.0417445
0.218882
-0.932485
-0.15795
1.09043
0.0739033
0.0531159
0.0131399
1.36934
1.03434
-2.40368
-0.537327
0.777086
0.26142
-0.104361
0.588063
-0.845049
-1.06583
1.91088
-0.880302
-0.86796
0.315329
0.283554
-0.0851823
-0.198372
0.841229
-0.796205
-0.220152
2.00077
-1.20999
-0.228057
0.13936
-0.391975
-0.58867
-0.0120607
2.01289
-1.73731
-0.275582
-0.991506
-0.551814
-0.0510824
0.19959
0.0859257
-0.98972
-0.291265
1.28099
0.264002
-0.545345
0.482087
-1.56218
-1.24386
0.587665
0.656191
-0.24076
-0.00395651
0.244716
1.01005
-0.727125
-0.282929
0.132082
-0.200579
0.0962094
0.107271
0.67523
-1.63285
0.785389
0.202762
-0.486835
-0.314212
-0.0734957
0.0434836
0.180906
0.0519884
-0.984473
0.0302335
0.420305
0.730274
-0.326505
-0.62252
0.684432
-0.0619118
0.819441
0.631291
0.416246
0.042504
0.272645
0.241421
-0.514066
1.65328
-1.3836
-0.156439
0.439511
0.174872
0.0311075
0.10847
0.0165343
0.00128396
0.00446906
-0.156496
0.550165
0.0364301
-1.75466
-0.0381237
-0.202636
-0.0877393
-0.0371733
1.09954
-1.78698
0.702024
-0.326301
-0.375723
0.00539964
0.136894
-0.0260517
0.00284222
0.365137
0.034965
0.127848
0.578905
-0.183802
-2.61964
1.26854
1.35109
-0.0757556
0.0186799
-0.0428475
0.143461
0.208222
-0.327512
-0.330226
0.897719
-1.74277
-0.0365292
-0.940661
2.31
0.516218
-0.0928767
-0.423341
-0.473374
-0.378578
-0.104274
0.109657
-1.13041
0.392244
-0.675769
0.283525
0.414156
-0.253497
-0.160659
0.19235
0.951132
1.33875
-1.3817
1.3836
-2.90521
1.93738
0.96783
1.4003
-2.34096
2.6675
-1.36275
-1.08889
-1.14472
0.530768
-0.0989502
-0.11369
-0.302323
-1.47964
0.0477048
0.0218218
-1.30049
1.19494
-1.9805
0.785555
-0.0810832
0.318638
-0.333809
0.0565069
-0.0989201
0.907557
1.23059
-2.33286
1.29562
-0.0870723
-0.79323
-1.33507
-0.508404
0.254907
2.13005
-2.11357
-0.059006
-1.16988
0.0648066
1.09937
-0.946327
-2.06497
1.98192
0.0830493
0.294939
2.35475
0.394838
0.113146
-0.507983
1.45251
-0.874299
0.278901
0.0793767
0.60082
-0.633511
0.125621
0.151729
0.740374
0.629492
-1.36987
-0.408548
-0.21979
1.0878
-1.03783
-0.049972
0.671021
-0.597783
-1.48615
0.623505
0.862647
-0.441672
0.588743
-1.03694
0.192503
0.850484
-1.04227
0.324651
-0.628762
-0.0211031
0.0140811
-0.737781
0.425834
-0.924823
-1.42363
2.34845
-0.167247
0.167883
-0.51769
0.568023
1.26964
-1.83391
0.16478
1.28786
-1.73457
0.108056
-0.0541848
0.250908
-1.26173
0.074582
0.603058
0.537269
0.00685143
-0.483
-2.61802
0.554753
-0.0980347
0.0231824
0.0748524
0.0883205
-0.370737
1.15579
1.09554
1.33095
-1.03246
0.0650399
0.0238864
-0.0082544
0.502687
-0.444403
0.506052
-0.533814
-0.870023
2.27033
0.0113247
-0.0259188
-0.919452
-0.684937
1.60439
-1.21381
0.760791
-0.0809432
0.0358172
-0.0355952
-1.44694
-0.0966162
-0.21226
0.604504
-1.46671
-1.15293
2.01289
0.584143
-1.18643
0.941275
-0.723925
-0.15285
0.443363
-0.267264
-0.303962
0.234287
-1.37903
0.401971
-0.870546
1.40724
-2.27726
-0.814702
-0.14097
0.379866
-0.246421
-1.81855
1.10599
-0.850343
1.36143
0.638826
-1.74928
1.11046
1.47335
-0.495543
1.63268
-0.659055
-1.35857
2.01763
0.509473
1.34068
-1.07668
-0.643718
-0.600139
-1.85671
-1.04849
0.470104
-1.01505
1.60001
-0.584956
-0.16445
1.37201
-1.20756
-1.0185
-0.945221
1.96372
0.882637
0.205164
0.297868
0.406201
-0.296231
0.0867785
0.209453
0.0777296
-0.321093
0.461733
-1.45324
-0.541496
-0.42311
-0.341554
-0.0676661
0.327903
0.388122
0.430185
-1.96469
1.11611
0.848583
-0.0516275
-1.6119
1.66353
0.0491259
-0.308353
0.112991
0.305874
-1.59087
1.59087
-0.492578
-0.0542228
0.546801
-0.454418
0.99835
-0.324714
-0.18369
-0.706626
-0.0772089
0.425468
-1.3817
0.197832
-1.35974
0.290479
1.21603
-1.28845
-1.25371
0.263993
-0.0380451
0.185495
-0.14745
0.180546
0.543823
-0.0635642
0.0166426
-1.03978
-1.20862
0.117979
1.09064
-1.37098
0.436199
-1.11939
-0.973003
-0.0772711
0.169553
0.19441
0.268393
-0.472839
-0.0468487
0.0236104
0.423996
-0.421459
-0.316322
-1.20191
1.57652
-0.374611
0.365969
0.192148
-0.218453
0.452175
-0.233722
-0.316749
0.129251
0.296294
-0.663487
0.367193
-0.925714
1.80704
-0.773351
-1.56165
-2.2139
0.588893
-2.20082
0.0616915
0.885604
1.07715
0.0903797
-0.977726
1.79795
0.378761
0.78713
-0.680787
0.628568
0.612285
0.26513
2.19052
-0.783282
-0.63995
-0.773645
1.41359
1.19236
-0.0911469
-1.10121
-0.0523971
-0.0991384
-0.245733
0.220423
0.180004
1.35395
-1.53395
-1.47864
1.24667
0.231974
1.47864
-1.72507
0.259632
-0.340716
-1.67548
1.00653
0.105483
-0.091775
0.00808029
-1.6623
0.116623
1.7395
-1.10068
-0.264489
-0.136532
0.136505
-0.501426
0.704055
0.298793
-0.0980431
-0.0537868
0.453667
0.209403
-0.284027
-0.643386
-0.070987
0.58398
-2.07652
0.535218
-0.114116
0.524438
-0.410322
-1.05842
-0.922079
0.154532
0.633865
0.421111
-0.936018
0.168765
-0.437012
-0.212263
0.161314
-2.34423
1.25534
0.0535243
-0.101363
-0.180825
0.0547109
-0.13763
-0.0658198
-1.35288
0.603516
-1.91938
1.31586
0.0864803
0.297713
-0.384193
0.0669104
-0.250376
-1.09939
1.38987
0.270101
0.506985
1.29589
-1.187
0.225089
0.0608171
1.66262
-1.90045
0.237832
0.526572
0.564281
-0.854586
0.0353957
0.406395
-0.570483
-0.0667062
0.0898976
-1.13391
-0.162921
0.139581
0.0233399
-1.52722
0.224439
1.30278
-0.0892631
0.0808362
0.000853005
-0.0665344
0.0656814
1.21556
-1.15423
0.0652451
-0.087164
0.603073
0.17514
0.0971337
-0.0573403
-0.101217
0.085301
0.238527
0.681974
-0.920502
-0.436795
0.0269988
-0.917432
-1.02322
1.94066
0.167343
-0.0447886
0.27295
-0.812899
2.18162
-0.11905
0.103667
0.0808909
0.12748
0.100374
2.38989
-1.10741
-1.28919
0.908493
-0.506522
-1.3062
2.33457
-0.0992962
0.134261
0.106806
-0.120182
-0.00738239
-0.244263
-0.342298
0.230335
-0.312336
0.571424
-0.303031
1.33368
0.153946
-0.0992348
0.205289
0.00838025
0.0468373
0.0714112
0.00545525
0.47349
-0.89495
0.248976
-0.2896
0.0406243
0.175413
-0.0896391
0.295799
0.631193
-0.926992
-0.296493
0.170635
0.3942
-0.476374
2.52725
-1.00272
1.02701
0.886029
0.01018
0.433443
-1.3099
0.387483
-0.541184
-0.344474
0.678254
1.49868
-1.55893
1.55893
1.44295
-0.944623
1.07486
-0.0798394
1.55132
-1.47148
0.910478
1.03397
1.26905
-2.19387
0.0888334
-1.04891
-1.34721
-0.155529
-1.46355
1.61907
-0.452247
-0.182842
0.0919585
1.27912
0.219924
-0.322691
-0.676876
1.66091
-0.984036
-0.192362
0.317983
0.0219158
8.35184e-05
-0.0598421
2.53744
-1.07785
-1.4596
1.55595
-1.45059
1.09777
0.259163
0.0287269
-0.00573814
0.00130212
1.56651
0.468765
0.597263
0.969864
0.0289344
0.234356
-0.26329
-0.402669
0.252176
0.216184
-0.233646
0.0174627
0.192701
-0.2627
0.0699984
0.377451
-0.372678
0.373909
-0.593121
0.546032
-0.523316
0.0591183
0.0301726
-0.00207865
0.00806188
-0.262145
0.254083
0.152587
-0.148717
-0.00387009
2.11357
-1.67969
0.084031
-0.111914
0.0278829
-1.54291
-0.397935
0.305186
-0.999224
1.9097
0.297498
-0.382878
2.47817
-1.20913
0.284179
-0.365003
-0.194271
0.586953
-1.27172
-0.602697
1.3486
1.37748
-1.12657
-0.101621
0.190733
-0.142305
-1.47419
-0.340783
0.332654
0.281409
-0.427435
-0.426687
0.330523
-0.126031
-1.34203
1.28867
-1.44359
1.51712
-1.1199
-0.614597
0.454284
0.76523
0.438927
-0.486569
-0.0974811
0.188008
0.379281
-0.567289
-0.416812
1.38074
-0.751781
-1.20982
-2.07885
-0.109644
0.105424
0.00421978
-0.0373863
1.44949
-1.4121
1.03373
-0.0201117
0.366819
-0.460217
2.11628
-0.837161
1.21238
0.642935
-1.85532
0.264815
0.0339782
0.649239
-0.190938
0.232838
-0.859671
0.0436556
-0.973872
0.815922
-0.357118
0.271936
-0.0937511
0.134193
0.348885
-0.438329
-1.04329
1.14979
-0.670222
-0.416987
0.0614393
0.272115
0.413476
0.282128
-0.00948285
1.78414
-1.55971
0.344866
-0.430379
1.31859
-0.706819
-0.00729308
-0.858681
-0.178295
0.0485468
1.06658
-0.0747289
0.0176607
-0.0191767
0.00945038
0.00127641
-0.173466
0.0619302
-0.0610772
-0.527607
1.59449
-1.25499
1.17516
-0.55984
0.875169
-1.28644
0.132264
-0.518295
0.843372
0.343529
0.899968
0.558508
-1.45848
-0.716816
0.340192
-0.991032
-1.2517
-0.491647
-0.00784591
-0.0951411
0.0771045
0.0180367
1.40902
0.196291
-0.225502
-0.131246
-1.77382
1.72219
0.479857
0.250417
1.12441
-0.257798
-0.0238461
0.281644
0.938699
-0.144119
-0.715857
2.27675
-1.5609
-0.67978
1.59409
-0.914306
-0.392897
0.200535
0.32075
-0.0405474
-0.0607294
0.101277
0.812559
-1.03403
1.26247
-0.228438
-0.333458
0.140119
-1.59923
-1.85843
0.764755
1.09368
-1.6106
-0.188623
-0.518003
1.30183
-1.96088
0.169251
-0.936401
1.23747
-1.72912
0.48216
0.353756
0.995312
-0.384714
-0.0198962
-0.0473872
0.0672834
-0.247762
0.124834
-0.0525968
-0.00326869
-1.23942
1.24269
-0.299921
-0.391278
-0.0248194
0.0967887
-0.0719693
1.32531
-1.00504
0.467155
-1.29151
0.824351
0.283974
-0.136656
1.61032
-0.805289
0.0742194
-0.277395
0.619649
-0.843856
0.07204
-0.787874
-0.0294661
-0.301111
0.273657
0.0274545
1.50373
-0.583116
-0.920613
-0.363483
0.252897
0.0295737
0.510578
0.193478
1.37775
-0.138551
0.113732
1.57858
-0.414659
-2.0689
0.710324
0.853027
-2.25154
1.39851
-1.57043
-0.290483
1.86091
0.94818
0.877507
-1.48617
1.90045
-0.414287
-1.48515
1.29315
0.27243
0.61618
-0.88861
-0.0952407
-0.918109
1.25212
-0.334012
-1.48617
0.901228
-0.45497
0.128465
-0.184919
-1.07681
0.544149
-0.688358
-0.575941
-1.65606
0.909564
0.746492
-0.361558
0.263514
-1.82923
1.16657
0.662657
0.83929
-0.357131
-1.34567
-0.793138
2.41997
-1.56695
2.22007
-0.17695
0.194556
1.69637
-0.362782
-0.92313
1.59739
0.89557
-0.898839
2.49815
-1.53032
1.26994
-1.30171
0.0317755
-0.102708
0.00590692
0.096801
-0.841039
0.117774
-1.08047
2.15436
0.307478
-0.0881423
0.315835
-0.559829
-0.656745
1.64427
0.921327
0.55202
0.411327
-1.98176
-1.13876
-0.719669
-1.4281
-1.32787
-0.718907
-0.937149
2.415
-1.33325
-1.08175
0.844854
0.0248279
-1.79864
1.67969
-0.44516
0.342753
0.489315
-0.301308
1.85362
0.515465
0.319524
0.0579276
1.71476
0.0074242
-0.104772
2.36494
0.888474
-0.0527284
0.316268
1.01468
0.706297
0.332677
1.18053
0.767985
-1.94852
0.194525
-1.68297
0.667915
0.308224
-0.107679
0.204467
-0.166279
0.368894
-0.343024
0.239071
-0.351995
-0.173437
1.02461
0.714897
1.37624
-1.22198
-0.15426
-0.201169
0.205638
0.560915
-0.0665082
0.0259608
-0.00593843
0.17013
0.431401
-0.524277
-1.82347
0.722791
-0.289131
-0.268994
0.338466
0.05541
0.340519
-1.55677
0.845948
-0.238215
-0.0513255
-0.103652
0.202621
-0.0215109
-0.18111
0.0305177
0.381435
-0.0039961
-0.0652994
-0.368367
-1.13543
-1.11031
0.333072
0.777236
1.34857
-0.472131
-0.876443
-0.847289
1.2606
-0.413313
0.802543
-0.190258
-2.2833
1.56744
-0.114354
1.51841
1.22587
-0.384639
0.04349
-0.229175
0.185685
0.701622
-0.204468
0.115658
-1.26989
1.57963
0.564121
-0.776
-1.50235
0.728708
-1.25892
0.157704
-0.0334938
0.0172604
-0.218607
0.201346
-0.318727
-0.232139
0.201194
0.0309458
2.47986
0.404831
0.300801
-0.0103413
-0.228862
0.239203
1.27977
-0.53288
-1.63071
1.65553
-0.264881
0.222306
0.0333362
-1.02477
-1.05174
-0.664179
1.66554
-1.00136
-0.820082
-0.610933
1.43102
2.254
-1.68184
-0.572155
0.996733
-0.00850231
-1.15038
-0.901774
-1.32497
0.0232615
1.28644
-2.63506
1.34862
0.20578
-1.81638
-0.528492
1.44982
-0.60183
1.05617
-0.454343
-1.42768
-0.975996
-1.52971
-0.738779
0.304066
-0.810855
-0.276565
-0.174811
0.451376
-0.686523
0.466029
0.220494
0.445092
0.0442233
0.709967
0.955573
0.0337895
-0.111489
0.128418
-0.0148846
-0.867064
0.898839
0.0153982
-0.219589
-0.867064
1.62689
-0.778043
-0.00823741
0.616143
-0.432616
-0.74286
1.82723
-1.08437
0.183338
-0.019604
0.819774
0.330019
-0.301089
1.42031
0.0502151
0.505985
0.335501
-0.489497
0.153996
2.76594
-1.47951
0.684097
-1.32477
0.116148
-1.90216
0.708486
-1.69252
0.163178
-0.0633835
-0.0997944
1.63963
-0.932463
-0.707169
-0.290943
-1.50454
1.79549
-0.517339
1.52319
-1.54305
0.0198681
0.315197
-1.97659
-1.05669
2.39037
-0.392539
-0.283722
0.67626
-0.146129
0.721059
0.918573
-0.0273076
-0.0580531
1.66262
0.861996
2.51914
-1.3391
-1.51559
-2.48437
-2.18288
1.39959
-0.359468
-1.81012
2.36488
0.0637249
-0.958402
0.257942
-0.639277
2.11351
-0.923085
-1.59286
-1.80417
0.0848397
-1.64009
0.921178
1.47396
0.802798
0.925947
-0.0993024
0.543532
-0.444229
1.44057
0.70892
-2.14949
0.491191
-0.193221
-0.788471
1.27852
-0.490047
0.330422
1.22553
0.318025
-0.028246
0.022831
-0.628322
-0.441774
-0.410885
-1.72155
1.61678
0.802559
1.24392
1.27522
-0.0370922
0.565734
1.20774
1.27043
0.0419111
1.62988
-0.908825
1.41042
-0.670043
0.18595
0.114012
-1.5882
-0.0424225
2.32108
-2.27866
0.0152643
1.36097
1.72239
-1.0139
-2.5598
1.27766
1.28214
-1.50649
1.21554
0.627951
0.969442
-0.0163317
0.211103
-1.23059
0.69156
0.902526
-1.58106
0.137473
-1.31588
0.233507
1.72155
1.74239
-1.0275
0.134116
-0.0146144
-0.119502
0.758404
0.871479
0.70736
1.71261
-0.412432
-0.0292399
-1.76242
2.46978
-1.51206
0.0864776
1.66296
-1.65553
1.67549
-0.965521
-1.88856
0.788563
0.98422
1.12929
-0.479846
0.956075
-0.476229
-0.321484
0.351718
0.0917479
0.257783
-0.0151064
-1.27335
0.688809
-1.30954
0.364912
1.42732
0.921135
0.64707
-0.136493
0.153331
-0.234625
-0.566364
-1.29433
-0.00616285
-0.853797
-0.939611
1.79341
-2.63301
1.06606
2.67902
-1.27499
-1.40403
0.907134
-0.169495
0.394212
-0.224716
0.189347
-1.9591
0.454561
-1.7478
1.00494
0.560595
-1.66161
1.10102
0.89557
1.98528
-1.57395
0.0254058
0.12362
-0.00667238
0.2536
-0.472053
1.09913
-2.03672
0.937592
-0.679213
-0.82314
-0.813028
0.449832
-0.632674
-1.28439
-1.55351
-0.0418288
-0.00501989
0.243745
0.340538
-1.86
1.54305
0.316944
1.43091
1.24811
1.61872
1.14723
0.667585
-0.933895
0.98025
1.61013
-2.70134
1.22184
1.52319
0.302394
-0.0320147
-1.63071
1.80295
-1.08016
1.34024
-2.67934
0.146584
0.103785
-1.48281
-0.0760053
-0.811013
0.258389
1.97442
-1.20644
-0.0803138
-1.63294
0.254138
1.3788
0.933895
-0.0383249
0.0131169
0.107882
0.0316983
-0.334161
0.231197
-0.0316696
-0.0457556
-0.221789
-0.023815
-1.73947
0.885673
1.50518
-0.533148
-1.46133
-0.0169113
2.683
-1.40533
-0.0622175
1.96043
-0.658602
1.66494
-0.755378
-1.13925
1.59134
-2.68478
0.922362
-0.867046
0.128857
-1.09704
-0.681917
2.6005
-1.26026
0.762004
-1.58514
0.3122
2.25944
-0.405985
0.893889
-0.487905
1.62468
1.97375
-1.19094
-0.782809
-0.76114
-0.250903
1.01204
-1.27588
-1.86
1.23387
-1.0707
-0.163169
0.179109
1.10789
-1.287
-1.35754
0.750611
0.0215981
-0.00446134
0.30416
1.94726
2.02472
-0.924873
0.460569
-1.01728
1.03255
0.0612016
-1.28318
-1.3823
0.00773942
1.37456
0.689597
-0.915961
1.17494
-1.57654
1.9702
-0.732722
-1.18652
1.18652
0.896467
0.713665
-0.467767
0.671699
-0.859666
1.61807
-1.3976
1.3976
-2.48412
-2.10992
1.31678
0.558583
0.133548
-1.39921
-0.884511
0.434816
-0.122677
-1.42963
0.0304166
0.0358159
-0.657045
1.92143
-0.512248
1.91866
-1.40641
-1.37199
-1.47805
1.32253
-0.0686544
0.314733
-0.707272
1.58175
0.721028
0.526565
0.916381
2.74641
-1.59918
0.743025
0.289858
-0.821443
1.58345
-0.91875
0.227472
-0.861879
1.23387
-1.62147
2.9009
-1.60528
0.845749
-2.40665
-0.71417
1.57682
0.611199
1.0707
-1.06296
-0.15969
0.652764
-0.266669
-0.386096
-1.4315
1.4315
1.56985
-0.999922
-0.569926
-1.51603
0.878544
0.571276
-1.62276
1.62276
1.026
0.543853
-0.144007
2.16718
0.200304
-0.0148093
-1.33865
0.00357759
1.86465
-0.397149
2.41982
-1.68878
2.44247
-1.19414
0.8927
-1.47446
-1.06296
-1.66948
1.66948
-1.50049
2.7486
2.75078
-1.52894
-1.74708
0.801897
2.36527
-1.51952
-0.930684
1.10979
-1.66045
1.01912
0.641327
0.353863
-2.24239
1.47303
1.05747
1.20197
-1.01728
-1.5124
1.5124
-0.0284295
0.179038
0.95608
-0.98025
0.0241698
1.55482
-1.61678
0.0619594
-1.71046
0.980213
0.730243
0.573867
0.857148
0.337428
-0.95608
-1.55482
-1.04557
1.57213
-1.70154
2.6239
1.50794
-0.779233
1.03255
-0.634456
0.93344
1.011
-0.691333
-0.890803
-1.45016
0.296307
0.72849
-1.80735
1.21221
-1.31144
-0.582784
0.319452
1.47603
1.16325
1.50425
0.432238
-0.0346743
0.12843
-1.28234
-0.83971
2.12205
0.733139
0.680455
-1.07272
-1.25088
2.32361
-2.42616
-0.86988
0.38988
-1.46869
0.468764
-1.1364
1.27897
-1.4262
1.82614
0.998585
-1.68992
-0.934291
-0.0533803
-0.725348
1.45849
-0.905145
1.04487
-0.843958
1.29222
-0.448262
1.38536
-0.717776
2.53443
-1.05966
-0.722769
1.72135
-0.890699
0.153822
0.958782
0.665902
-1.26054
-0.175472
-1.5768
-1.66656
-0.912802
0.453059
0.174304
-0.130814
-1.82361
0.684853
1.52615
-0.405471
0.948237
-2.46776
-0.786596
-0.0550446
0.145776
-0.955023
-0.858722
-1.68846
2.00791
1.28462
0.805276
0.796627
1.15159
1.15355
-0.402794
-1.34444
-1.49438
-1.07778
2.57216
-0.740236
1.6402
1.19641
-1.04188
0.596398
-0.202199
0.907026
-2.53361
1.62659
0.0931255
-0.886356
-0.492268
-1.47792
-0.925889
-1.30786
0.491954
0.0540785
-1.23592
-0.587695
0.478717
1.7219
-0.885404
-0.836493
-0.292069
1.50761
-1.00214
0.38068
0.574466
-1.81039
2.28878
-1.11717
-1.17161
1.75564
-0.279601
-0.367861
0.704543
-1.62301
0.918466
-2.75275
1.25226
-1.24943
-0.985375
-0.846478
2.1988
-1.09967
0.363123
0.0215899
0.00858275
-1.56073
1.21966
-0.649945
-0.599484
-0.503361
-0.475795
1.88247
-1.40667
1.00863
-2.56936
-1.47378
0.969736
-1.6925
-1.61983
0.782593
1.01962
-2.49754
0.804215
-1.24994
-0.213705
1.46364
1.51138
-2.57103
-0.899817
0.372122
0.957065
-1.52699
1.24603
-2.71982
0.676609
1.71931
-1.38738
0.0164034
1.00015
1.38552
0.370114
-2.23941
1.61888
0.620532
0.0171406
0.0165143
1.09137
1.22801
0.86122
-1.78247
0.921253
-1.76069
1.45241
-0.282745
-0.783543
1.75328
-0.0371085
0.775458
-0.709084
-1.73374
2.44283
1.11761
1.40964
-0.688461
0.710897
-1.46475
1.76829
-0.382768
0.46923
0.978909
-1.44814
1.56836
-2.6669
2.8144
-1.55418
-1.30144
1.87591
-1.29249
-0.517891
1.48891
-2.56669
0.468251
-0.871624
-0.751384
0.888401
-1.44994
0.561536
-1.6642
0.775212
-1.22347
-0.938354
0.0741172
0.0960128
0.210504
0.890153
0.662766
-1.53439
-1.64346
0.453697
-0.640451
1.5128
1.02464
-0.757085
-1.09853
0.842592
1.3571
-2.61735
0.643492
0.741869
0.0106272
-1.07821
-0.650911
0.185473
-0.00535577
1.54629
0.461619
-0.98143
1.70246
-0.167409
0.574715
-1.22466
0.774039
-1.65944
-0.736937
-0.903148
-0.039078
-0.941304
0.581021
0.559786
0.790986
-1.35077
-0.63859
-0.78006
-0.20211
0.156991
0.830712
-1.78573
-0.0722254
0.446345
1.41457
-0.0726904
0.0790078
-0.00631743
-0.0430027
0.658951
0.799535
1.91641
2.68071
-1.52911
-1.27439
1.70353
-1.14326
0.858914
0.506517
1.45165
0.0304275
1.335
2.70391
-1.00299
-1.56637
-0.0422309
-0.0425225
0.0847534
-1.34117
-0.143988
-0.207822
0.455244
-0.648759
1.52975
-0.175803
0.276164
-0.731012
0.454848
0.00063448
-0.0313652
-0.00128925
-0.00632779
0.509735
0.89426
-0.279707
2.07766
1.41294
-0.59544
0.0597945
-0.466784
0.194698
-0.248921
-0.670619
1.47483
0.902182
0.360581
-0.644302
2.0805
1.66277
2.64645
-1.60157
-0.824275
-0.427848
1.428
1.07639
1.54903
-2.41641
-0.98726
0.365746
-1.36117
0.995421
0.0264474
0.0634857
0.00219566
0.779407
1.57442
-0.497254
-1.07717
-0.171786
-1.34027
-0.198845
-1.05487
0.735515
1.18592
-0.0931372
-1.41251
-0.208202
-0.0224462
-0.124553
0.146999
0.654891
-0.576653
1.5688
-0.992146
1.73275
-1.03504
-0.697706
0.907149
-0.00963283
1.32296
1.07914
0.300029
-0.888893
-1.46705
-0.579603
-0.527154
1.10676
0.0674934
1.21605
-0.450693
0.0581661
0.392527
2.65618
-1.37156
-0.417091
-1.13354
-1.12514
-0.332908
1.45805
-0.0337491
-0.85916
-0.131794
0.688024
-1.91984
1.6938
-0.725773
-1.24813
1.26464
-0.106382
0.0887802
-0.230623
-1.55401
0.977361
0.343064
0.148127
0.00437112
2.55298
-1.2527
-1.30028
0.607615
-1.18688
1.77578
-0.112965
-1.30269
1.41566
1.16756
0.948718
0.0858671
1.54079
-0.932335
-1.10439
-0.183
0.0761778
-1.49775
0.0544846
-0.0628065
-0.698215
0.0446221
1.46898
1.08401
-1.02887
1.69051
-0.661637
1.21731
-0.541489
0.227039
-1.57425
0.982738
-1.54801
0.565273
0.658756
-1.71226
-0.879656
1.50064
-0.740637
1.74718
0.148943
-0.115606
0.0418753
-0.0418753
0.222335
-1.22738
-0.670317
0.88468
-0.257758
-1.45515
-1.24072
0.964734
1.31908
0.0588294
0.21412
-1.06911
1.53787
1.20413
-1.5869
-2.62169
1.05531
0.0845223
-0.328785
-0.566472
1.08163
0.440797
-0.932652
0.584392
-1.4329
2.65255
-0.179821
0.0886716
1.27101
0.0358662
-0.486506
-1.10436
-0.45911
1.66324
-0.0552442
-1.6748
0.693375
0.00715686
1.12344
-0.273711
0.0188419
0.254869
1.25084
-0.128858
0.789831
-0.819297
0.0754968
-0.0754968
-0.768999
0.121457
-1.81124
0.908094
0.0731335
-0.0471065
-1.54255
-0.0409451
-0.220467
-0.167275
-0.06829
0.163261
1.48469
-0.688065
-0.133149
-0.53336
0.839234
-1.08302
-0.245318
-0.00127593
0.246594
-0.100436
-0.121502
-0.0986984
0.523886
-1.12769
1.49767
-0.712474
-0.236795
0.358891
1.26717
1.1753
0.723043
-0.446879
0.12399
0.814073
-1.13682
1.98458
-0.860258
-1.29612
2.15638
-0.891106
0.656875
-0.0835945
-0.0759683
-0.0947813
-2.62426
-0.154194
1.19365
0.495907
-1.68956
-1.51867
0.0680795
0.640383
-0.21216
0.114379
0.429104
-0.995991
-0.689895
-1.75063
0.224537
-0.140014
-0.109382
-1.50857
0.512576
-1.62097
1.70402
0.0769461
1.16795
1.16243
-2.33038
-0.334456
0.309374
0.920751
0.0435895
-0.11975
-0.945285
0.465439
-1.30774
0.23093
0.918587
-1.06628
0.41424
1.09186
1.10571
-2.19757
-0.114637
-0.480116
1.11398
0.852726
-0.855854
-0.92988
-0.111332
-0.413026
-0.0103154
1.00395
0.101191
-0.268437
-0.352895
-0.946314
-0.172973
-0.0934625
-0.200886
0.129645
0.038665
1.07876
-0.0992664
-0.713007
0.951454
-0.246873
1.34291
0.374269
0.851193
-0.843276
0.162192
1.00963
-1.74572
-1.22824
2.17937
0.0237451
0.0610903
-0.170548
0.972386
-2.20062
1.46846
-1.08344
0.810438
-0.164175
0.448738
-0.806501
-0.503034
-0.180559
0.0855471
-1.03523
1.46747
0.334191
-1.45934
-1.55386
0.892221
1.97019
-0.86238
-1.10781
0.866022
-0.435837
0.224432
0.359468
-0.583899
-1.08486
0.505258
-0.576497
1.94662
0.796911
1.27426
-2.34619
1.07192
0.750634
-0.454835
0.00980503
-0.164612
0.875914
-0.152056
-0.452055
1.469
-1.01694
1.2655
-1.50959
0.244092
-1.06077
-0.582051
1.72181
-0.741595
1.23233
-2.40394
1.1112
-0.491547
-1.30944
1.62262
0.20458
0.377753
1.33098
0.193835
1.19359
-1.38742
-0.490565
0.209936
0.995465
-1.11787
-0.606549
-0.811211
1.41776
0.433234
-1.01541
-0.190254
0.00330426
0.18695
-0.477818
2.23864
-1.58289
-1.79546
1.21818
1.22628
0.0164053
0.560959
-1.96737
-0.440366
0.166655
-0.00624839
-1.41995
0.414267
-0.714188
-0.332184
-1.34696
-1.54063
0.462421
-0.780987
-0.235151
-0.256112
0.877556
1.06689
-0.328322
1.52197
-1.40667
2.57462
1.29187
-1.27419
-0.0262971
0.517876
-0.765164
-0.265059
1.03022
-0.0732335
-0.0198372
1.5163
-0.38314
-0.0495847
-0.00271598
1.04064
-1.15817
-0.105071
-1.42574
-1.35133
0.311556
0.0551275
-1.30325
-1.06106
1.70239
2.39476
0.118013
-2.3337
1.25586
0.553462
0.912719
0.3744
-0.976229
-2.30693
0.803426
0.153369
0.91272
0.280321
-0.715693
1.60791
0.00450633
-0.0166503
0.0121439
1.38249
-1.49545
-1.08183
-0.048588
0.496399
0.306144
1.51517
0.341809
-0.749524
0.0700021
0.791928
-1.51448
-1.017
0.595302
-1.10474
0.561551
1.14535
-1.45099
1.58846
-1.01756
-0.937572
1.65645
0.377264
-1.22745
-1.79687
0.809611
-0.0839741
-0.709346
0.340979
-0.549594
1.16472
-0.362693
0.0861274
-0.138678
1.20184
-2.30151
0.919168
-0.369004
0.519609
-2.09356
-0.998562
1.4603
-0.107028
-1.16286
-1.37887
0.252296
0.104589
2.17153
0.0485384
-1.38027
1.53528
-0.155003
0.55438
1.64658
-2.20096
-1.37986
0.800603
-1.11158
-0.401184
1.51276
0.335107
-0.639851
1.49845
1.4711
-0.958522
-1.5676
0.0134168
0.600139
-2.00818
-1.2021
1.44776
-1.99633
0.548571
1.50244
-0.984918
-0.0269823
1.0119
-0.327808
0.584529
-0.228283
-0.356245
-0.548973
0.259842
0.0338737
1.5819
-1.03138
1.7069
0.465272
-0.116731
-0.34854
0.203543
0.444082
-0.296159
-0.085398
-0.220353
1.03628
-0.112405
-1.17459
-1.33229
0.850562
-0.0737174
-0.776844
-0.10125
-0.00658891
-1.80404
-0.540526
0.873598
-1.16252
-0.128982
-1.63102
-1.26889
1.09425
-0.584775
-1.58053
-0.696641
-0.177306
0.453478
-0.94921
-1.20238
0.475256
2.09576
-1.5348
-0.749272
0.443495
0.203575
0.62425
0.952567
1.52039
0.841153
-1.05612
-0.926724
0.497843
-0.883962
1.3991
2.25821
-1.16635
1.21906
0.198593
0.385407
-0.406311
0.0209039
0.327654
-0.00478098
1.11921
-1.34481
-0.858435
1.07646
-0.740459
0.858438
-0.258922
0.234885
-0.54464
-0.952847
-0.34738
1.30023
1.4667
-1.66888
0.202183
-2.25975
1.12585
0.20132
-0.530734
1.15426
-0.738014
-0.07839
0.0045647
1.39297
-1.23268
-0.160284
-1.22989
0.175018
-0.304543
-1.1958
0.37425
-0.50699
0.13274
0.151991
0.0458409
0.248704
0.188115
-0.398527
0.71326
-1.48522
-0.52133
0.79143
0.550955
0.208263
-0.023537
-0.630467
1.03975
1.13962
0.934685
-1.3838
-0.0329216
0.101797
-0.101797
0.482616
-0.335412
-1.08541
0.845443
-1.1105
-0.0307932
-0.29848
1.11336
-0.0276682
-0.0501919
-1.4594
1.53585
-2.12814
0.0229197
0.895971
-0.197884
0.426046
1.08346
-0.208277
0.184893
0.0233836
0.997141
-0.0957793
-0.901362
-1.0995
0.374911
-2.18487
1.80996
-0.236691
-1.06717
1.18477
-0.117605
0.535875
-1.64745
-1.022
0.0407799
-1.44195
0.0406919
-1.23517
1.19779
-1.38873
1.27943
0.109295
0.0416137
0.107329
0.446977
-2.11354
1.09875
-2.20126
1.10251
0.0356038
0.000692215
-0.27453
-1.09711
0.373183
-1.46521
0.112323
0.815644
1.05526
-1.8709
-0.454769
0.684832
0.14122
-0.0405875
-0.100632
0.262369
-0.262369
1.43718
0.312029
2.02594
1.89183
0.502459
-0.892659
-0.0245378
0.210048
0.636101
-1.44112
2.56456
-0.151189
1.61789
-1.60218
-0.478311
-0.599461
0.537549
-0.65362
-0.667538
0.278609
0.388928
-1.2195
1.3164
-0.0969035
0.560406
-1.36691
1.08839
-1.93183
0.84344
1.31467
-0.131628
0.217554
-1.46076
-0.187966
-0.357379
-1.1027
1.21885
-1.56237
-0.0705663
0.700462
0.0670162
-0.887581
-0.883381
0.202594
-0.0762606
0.307188
-0.150197
0.89305
0.421623
-0.20579
0.215101
-1.50226
-1.51295
1.58918
-1.55867
-0.997277
1.87478
1.56032
0.895131
-0.249465
1.87284
0.492036
1.18738
0.208192
0.0165451
-0.373663
-1.05795
-0.173468
-1.25227
-0.949594
0.0211715
-0.0211715
0.680175
-0.273975
0.959442
-1.56599
0.00145686
-1.55148
-0.0230797
0.0230797
-1.20818
1.68417
-1.44008
-0.033039
0.033039
0.371596
1.20512
-0.00457189
0.452071
-0.0392979
0.0392979
0.599353
-0.0391864
0.0391864
0.0832272
1.23642
-1.31965
0.163573
-0.0448769
0.0448769
0.210872
-0.0652649
0.0666214
-0.00135655
0.00519868
-1.1251
0.756259
-1.47404
-0.503911
0.0424001
-0.0424001
-1.57531
-0.601949
-0.103244
-0.357257
1.06117
-0.703917
-1.2652
-0.129642
0.129642
-0.0566329
-0.0497496
-0.0402482
0.0402482
-0.543564
-0.383427
0.157652
-0.157652
-2.04789
-0.672942
-0.041678
0.041678
0.389624
0.728887
0.142254
-0.142254
-0.0387287
0.0387287
-0.72986
0.132883
-0.132883
-0.0385262
0.0385262
-0.632421
0.904851
0.124133
-0.124133
-0.52249
0.146001
1.42051
-0.761842
0.0864991
-0.0864991
-0.0523653
0.0523653
-1.33186
-0.202092
-0.718566
-0.391936
0.102831
-0.102831
0.563662
0.111198
-1.25657
2.45362
-1.7656
-0.0117777
-0.00515769
0.0169354
-0.203418
-1.37083
-0.10613
-1.06067
1.36147
0.463044
0.018183
-1.91231
1.07515
0.213278
-0.0734095
-0.139869
0.0441966
-0.0441966
0.0167352
0.109026
-1.27188
-0.486473
0.790539
-0.0881788
0.0738929
-0.0738929
0.0642282
-0.0642282
0.0561635
-0.0561635
0.0492144
-0.0492144
0.0494467
-0.0494467
1.95674
-0.064914
0.0460712
-0.0460712
-0.0326224
0.0326224
0.126363
-0.0490573
0.0490573
0.324597
0.00214642
-1.26866
1.14312
-1.87584
0.656914
0.962161
0.0288479
-0.0288479
-0.0545742
0.0545742
0.0254266
-0.0254266
0.504755
-0.481708
-0.128626
0.151808
0.0228678
-0.0228678
-1.36908
0.0358996
-0.0358996
0.621581
1.3055
-0.445005
-0.331087
0.877537
0.0180815
-0.0180815
-0.0433201
0.0433201
0.0159545
-0.0159545
-1.23149
0.420282
0.478255
-0.335746
-0.142509
-0.00594143
-1.31527
0.232251
-0.0457212
0.0457212
-0.29288
1.36908
0.143321
-1.1869
0.00737172
-0.00737172
-1.73863
-0.0476658
0.0476658
2.48855
-2.14502
-0.00921808
0.00921808
-0.0470953
0.0470953
0.204897
-0.204897
1.01131
-1.78467
-0.00918142
0.00918142
-0.0477876
0.0477876
-0.576919
1.00191
-0.424986
0.870093
-1.64814
-0.264186
-0.470889
0.735075
-1.25561
-0.0275655
0.654076
0.820758
0.0123565
-0.0123565
-0.0343489
0.0343489
-0.0385996
0.0385996
0.734063
-1.53935
0.993143
-2.43426
-1.42575
1.42575
0.588153
-1.25738
-0.561858
0.258827
2.07448
0.018298
-0.018298
-0.0505232
0.0505232
-1.03507
-0.513177
0.0222941
-0.0222941
-0.0559228
0.0559228
0.430975
-0.53525
-0.0801193
0.0934334
-0.0586293
0.0586293
0.0290249
-0.0290249
-1.7248
0.778489
-2.23205
1.04517
0.00616295
-0.00616295
-0.683469
0.425399
-0.0665238
0.0665238
0.0479998
-0.0479998
-0.0524983
0.0524983
0.0481057
-0.0481057
-1.16038
0.979759
-1.31188
0.038539
0.738455
-1.43667
-0.0504229
0.0504229
0.0739791
-0.0739791
-0.103313
0.103313
-0.0190562
-0.258338
0.518693
0.0431376
-0.0431376
-0.0975417
0.753911
-0.0536392
0.0536392
-0.544408
1.11579
0.86879
0.00836169
-0.867043
0.0567231
-0.0567231
-0.0551723
0.0551723
-1.19821
1.19196
-0.50369
-0.480245
0.983935
-1.45437
-1.1139
0.80987
0.142899
-0.502993
0.360094
0.0513301
-0.0513301
0.00159826
-0.00159826
-0.0506101
0.0506101
0.317904
0.155972
-0.219355
0.368729
-0.673242
0.304512
-0.133682
0.139138
0.276244
-0.192192
-0.0840519
0.148162
-0.148162
-1.40653
1.40653
-0.0506247
0.0506247
0.549022
-0.477986
-0.469375
0.130532
-1.14794
-0.0372221
0.0372221
0.107269
-0.107269
-0.16481
-0.0897226
-0.894395
1.61969
-0.0973583
-1.16784
0.949345
0.0285004
-0.0285004
0.0976843
0.0582537
-0.0582537
1.18168
1.29818
-0.564296
-0.270131
-0.516374
0.308552
0.323304
-0.33362
-0.0948075
0.0525949
-0.586001
0.533406
-1.71111
1.0602
0.016138
-0.016138
0.436276
0.835136
-0.0632464
0.0632464
-0.745687
0.89951
-1.01414
-0.160089
0.0881132
-1.24849
0.00490339
-0.00490339
-0.0650758
0.0650758
-0.0660997
0.0660997
-0.0759048
0.0759048
-0.070549
0.070549
-0.0738533
0.0738533
-0.0720839
0.0720839
0.203827
-0.257426
0.0631549
-0.0745344
0.0745344
0.914481
0.0905343
-0.0905343
-0.232644
0.260527
0.234833
-0.00522607
0.00522607
0.960542
-1.70078
0.55012
-0.0447388
-0.00484591
-0.128805
-0.370977
0.499782
-0.0142028
0.0142028
0.320541
-0.0173986
0.0173986
-0.0302383
-0.0195238
0.0195238
1.36211
0.899567
0.154911
-0.0168078
0.0168078
0.0846524
-0.378243
0.300255
0.0310782
-0.331333
0.0108947
-0.0108947
-0.170632
-1.05675
0.151677
-0.361837
0.444709
-0.632675
-0.944495
-0.154033
0.590282
-0.0467498
0.503404
0.152921
-1.04325
-0.792283
-0.958079
-0.121739
0.115249
-0.0119391
0.879794
-0.080251
0.00675526
-0.0808059
1.07491
1.20956
0.0853311
-1.29489
0.618461
-0.155417
0.224181
0.99659
-0.843108
-0.153482
0.533845
-0.0671349
-0.0768726
-1.38701
0.974529
0.412486
-1.37046
0.702925
-1.04909
-1.83471
-0.228296
2.06301
1.46186
-1.77388
-0.815706
-0.877452
-0.895031
-1.32514
-0.0196688
0.0749943
-0.0749943
0.158015
-0.56513
0.528038
0.148376
-0.424793
0.484588
-0.00368126
0.00368126
-0.206374
-0.84199
-0.0198893
-0.904771
0.919407
-0.320055
0.472713
-0.359567
0.744254
-1.33969
-0.347335
-0.0571603
0.63108
-0.625166
-0.167118
-0.834758
-0.167376
-0.303473
-0.0989305
1.77128
1.31292
-0.0764958
-0.032453
-0.208956
-1.34881
0.646288
-0.0877049
-1.06622
1.73154
1.40707
-0.107291
-0.136365
-1.63115
-1.35458
0.269171
-0.0348843
-0.00873042
2.68621
-1.51091
0.232546
0.00233945
1.23959
0.250756
-0.687768
0.0522766
-1.11773
-1.04954
0.646747
-0.123563
-0.758543
-0.3714
-0.522511
-0.107839
0.107839
0.0260777
-0.0260777
-1.10458
0.00998765
-0.505462
0.495475
-0.643843
1.38593
-0.618261
-1.0372
0.615918
0.440255
-0.81763
0.260326
-0.315371
0.571711
-2.29747
1.29874
0.99873
-1.07951
1.05253
0.765691
-0.262822
-0.50287
-1.1281
0.201938
-0.0445262
1.01232
-0.839581
1.59584
1.19166
-0.406204
0.741311
0.0613241
-0.0447898
0.766512
-0.353036
-1.0024
1.0024
-1.23012
0.265557
-0.140208
-0.125348
0.773149
-0.299658
-0.359889
0.221338
-1.52125
1.54112
0.668612
-0.418195
0.87922
-0.894741
0.0155217
-1.57421
-0.484716
-0.138834
0.0862369
0.81763
0.69363
-1.18581
0.492185
0.156679
-0.0013355
0.283259
1.14964
-1.43289
0.656191
0.144948
-0.680164
0.376691
0.364233
-0.163698
0.219944
0.00236231
-0.646668
1.08287
-1.20114
0.115438
2.36745
-1.4467
0.0801234
-0.152635
0.196661
-0.0440262
0.197219
-0.453771
0.256552
0.192857
0.122546
-0.122546
-0.313361
0.739195
0.610275
1.08502
-1.08502
0.0722381
0.0922527
0.0618204
-0.649231
1.118
-0.23993
0.694215
0.385809
-0.132912
2.18997
-0.851217
-0.993836
0.104943
-0.150306
-0.282004
0.43231
0.258212
-0.459274
-0.4631
-0.0876699
-1.12127
-0.0656312
1.21196
-0.328871
0.800525
-0.471654
0.367327
-0.103813
0.973035
-0.152924
-0.0215454
0.606047
-1.71044
0.953426
0.912643
0.0407834
0.893825
-0.918322
-0.691885
-0.0341416
-0.313193
0.933373
-0.892921
-0.0404514
0.468127
-0.339662
-0.0694547
-1.74124
0.532923
-0.0589362
0.543034
0.0414949
-1.27083
2.07426
0.00543657
-0.11375
0.176948
0.800141
-0.89592
0.00522693
-0.00522693
-1.56212
0.457466
-0.114712
1.93353
-0.572968
0.735245
-0.123488
-0.0377393
0.0715288
0.514603
0.130611
0.147431
-0.0857397
0.244746
0.0379898
-0.178275
0.140285
0.0381803
-0.0381803
0.147072
-0.147072
-0.766069
1.63616
0.692713
-1.9436
-0.0178764
0.0178764
0.918322
-0.644271
0.211655
0.195862
-1.03095
0.835084
-0.0585404
-0.114921
-0.415031
-0.654356
0.394863
0.332968
0.319009
0.602701
-0.488305
0.941364
-0.00582884
0.00582884
-1.89043
2.38247
-0.109858
0.109858
-0.09566
-0.219773
0.498794
-0.279021
-1.14921
-0.18667
-0.688856
-1.30206
-0.3875
0.312541
-0.613653
0.408508
0.420237
0.369543
1.10101
-0.577124
-0.337316
0.533557
-0.196241
0.388275
-1.36076
0.217496
1.5627
-0.748624
-0.251333
-0.326503
0.577836
-0.317241
0.731508
0.00840253
0.0881576
-0.0965602
-1.25173
-0.479508
0.304698
0.576333
0.11236
0.0498324
-0.915324
0.571926
-0.0251244
0.298181
-0.567175
0.0712792
-0.283272
-0.400197
-2.09656
-0.736701
1.35379
0.264101
0.0200606
-0.0200606
-0.101091
-0.930622
0.063579
0.0640584
0.74193
-1.23198
-0.0488451
0.21963
-0.170785
-0.107815
0.107815
1.97326
-0.288813
-1.68445
0.838487
-0.311915
-0.890878
0.412567
0.24589
-0.330771
0.436122
-0.116763
0.296713
-1.44592
-0.805544
0.0179017
-0.92562
-0.15692
2.41578
-0.0369096
-0.00185411
0.0387637
-0.532214
0.234208
-0.0311777
0.903466
-1.66953
0.345135
-0.205016
-0.313536
-1.26889
0.79353
0.242745
0.0988093
-0.0988093
0.830418
0.181482
-0.551563
0.311575
0.244275
0.317679
1.63906
-0.228935
-0.438603
-0.166634
1.40245
-0.890016
1.49606
2.16627
0.196313
0.0900972
0.300908
1.39846
-0.547267
-1.42327
1.27215
-1.62158
-0.475086
-0.1084
-0.522111
0.243925
0.278186
1.44189
-0.115756
0.13155
-1.03291
-0.100323
-0.166236
0.45357
-0.151176
-1.56198
0.191144
1.04755
-0.0403843
-0.845971
0.184614
2.09616
-0.928602
0.53407
-0.798559
0.379401
0.138475
1.86425
-0.135627
-0.415274
-0.685654
0.875001
0.622704
-0.607079
0.159624
0.0670194
0.946001
-0.311469
-0.212672
0.524141
1.13202
0.660536
1.66054
0.484255
-0.0323399
0.0976843
-0.172513
-0.231942
0.404455
0.0396549
-1.2615
-0.93976
0.0861274
-0.243922
0.623203
1.15401
-0.678753
-0.900995
0.00959293
-0.0677821
0.226243
-0.542966
1.22931
-0.153828
0.125398
0.219876
0.409533
-0.633419
0.584078
-0.305469
-0.368687
-0.132272
0.500959
-0.873149
-0.997751
0.0120936
0.00496575
-0.575144
0.479484
0.749534
-1.51605
0.766521
-0.0499315
-0.359383
0.409314
0.73512
-0.148167
-1.0264
1.33462
0.141199
0.0614219
-0.00840744
-0.401285
-0.165079
0.412264
0.281892
-0.332874
-0.285007
-0.0822031
0.36721
1.28146
0.144088
-0.144088
0.602418
-0.121142
-1.48104
-0.120622
-0.285688
0.808356
-0.418731
-0.200507
-0.432167
-0.00674499
0.00674499
-0.266177
-0.14838
0.414557
-0.501777
0.21494
-0.00625895
-0.200368
-0.271685
0.578198
-0.878225
-0.680236
1.73629
-1.26804
0.0264004
-0.973727
-1.21862
2.53973
-1.65505
-0.227108
-0.315858
-0.292859
-0.145768
-0.6116
1.2143
-0.442133
-0.265138
-0.24275
-0.292466
0.535216
-0.30831
0.50963
-1.37688
1.00224
-1.90324
0.049852
-0.0561798
0.00127641
0.182139
-0.218124
0.771586
-0.057881
-0.121087
-0.205805
-0.201658
0.407463
-0.00422504
0.674529
-0.0300962
0.0975896
-0.00958201
-0.184436
1.878
0.00215186
-0.46057
1.01546
-0.55489
0.0259532
0.26452
-0.290474
-0.102567
0.0664619
-0.00453171
0.541238
-1.29076
0.0980908
-0.358045
0.577922
0.459953
-0.324061
-0.135892
0.895454
-0.895454
-0.00142981
0.0539859
-0.26866
0.128791
1.18386
-0.0635898
0.0854464
-0.0218566
0.232439
1.55162
-0.817558
-0.782306
-0.038276
0.350476
1.26021
-0.586796
1.49026
0.00294932
0.817693
0.929484
-1.62399
-0.248661
-0.0288821
0.035972
-0.00708993
-0.0529665
-0.00937067
-0.286286
0.252879
0.000202488
-0.176046
-0.393515
-0.0469288
0.0469288
-0.210221
-0.263128
0.473349
0.247187
-0.302431
1.28046
-0.00874986
0.00321638
-0.875142
-0.27907
0.238125
0.327538
-0.44904
0.256952
-0.868463
1.49379
0.0206126
-0.447015
-0.637846
-0.151924
-0.116735
-0.407786
0.081742
-0.158615
0.291359
-1.93791
0.450328
0.663654
-0.355132
0.271537
0.25353
0.190552
0.774138
-0.218193
0.232434
0.40449
-0.636924
0.0745301
-0.070159
-0.464641
1.37273
-0.938556
-0.520201
0.86201
0.379186
0.0133414
-0.32495
0.583777
1.09843
-0.473194
-0.550765
1.31156
0.295546
-0.694073
-0.0330195
-0.295766
-0.0423254
0.335074
0.165091
-0.398836
1.30253
0.815222
0.841229
-0.0113951
0.719487
-0.404714
-0.314773
0.358199
-0.245037
1.81137
-1.40286
0.368102
-0.487852
0.718973
0.917189
-0.500998
-1.27765
0.0590264
-0.00486065
0.231335
0.270589
0.00973278
-0.141292
-0.0142859
0.504779
-0.00966466
-0.0080647
-0.00694917
-0.0289738
0.000232327
-1.28013
1.82133
-0.334295
-0.00377456
-0.615849
0.989031
1.17392
-2.05106
0.877141
-0.0039024
0.0640725
-0.00342129
0.326105
-0.651056
-0.00943783
0.00943783
0.0590274
0.0199804
-1.04461
1.60502
0.0539859
-0.274482
0.66341
-0.00255877
-0.62843
-0.558926
0.375926
0.0121185
-0.00478628
-0.836426
-0.196217
-0.00742051
-1.27493
0.105497
-0.33612
-0.00212702
-1.38099
0.324241
0.170491
-0.229497
0.698244
-1.53467
-1.01044
0.189629
-0.124536
0.124536
-0.00240112
-0.068184
-0.00172647
-0.186976
0.193647
0.0273363
1.63169
0.486595
-1.90784
1.77576
-0.00194453
0.304896
-0.00761429
-1.11748
0.0421703
-0.107435
-0.163552
0.929707
-0.727112
-0.183717
-0.655224
0.417009
-0.148388
-1.1235
0.866995
0.000570418
0.306569
0.416474
0.778375
1.47788
-0.600346
1.14861
-1.0605
0.642719
0.369323
0.242514
0.463308
0.364489
-0.297615
0.269946
1.23487
0.0225136
-0.775939
-0.093936
0.192516
-0.225438
1.09707
-0.609144
-0.367086
0.583259
-0.209009
0.502456
0.33603
2.17616
0.174588
0.000978511
-0.0061362
-0.00305513
-0.181396
0.742546
-0.56115
-1.05091
-0.676823
-0.855181
0.128762
-0.0246039
-0.104159
0.525988
-0.950975
0.0347128
-0.85962
-1.41209
-0.0574729
-0.419512
0.663257
0.166208
-0.00270654
0.00673087
-1.31623
-0.0060177
0.286733
-0.374875
-1.09339
-0.578462
0.425539
1.35318
0.494722
-1.17347
0.55964
0.839456
-0.60435
0.18124
-0.0448234
-0.0567349
1.47311
-0.498586
-1.05934
0.47438
0.0615981
-0.807114
-0.399089
0.299559
0.119298
-0.0330613
0.00207546
0.0258734
0.946957
1.1488
0.527451
0.754793
-0.656073
-0.683621
-1.15902
-0.585381
0.921177
-0.483399
-0.388819
-0.190774
-0.369503
-0.085726
-1.15768
-1.92821
0.108497
-0.230408
0.276211
-0.0458025
-1.35412
-0.886423
-0.00539301
1.47274
0.00456222
-0.333906
-1.43044
-0.200759
0.231837
-0.37753
0.317004
-0.429302
0.112298
0.0478527
-1.4626e-05
0.277862
0.349097
-0.172327
1.83273
-1.7113
-0.74648
-0.235976
-1.33823
-0.0455771
-0.201749
0.0956184
-0.0375951
0.957286
0.131436
-0.0558913
0.0863187
-0.0829334
1.50542
-0.945784
-0.00872168
-0.848813
-0.15331
0.0487432
0.104567
1.56107
-0.862826
-0.522161
-0.402451
-0.269696
0.672147
-0.577337
0.159371
-0.517416
-0.0123625
-0.00499267
0.448465
-0.648971
1.24951
0.459788
0.00151589
-0.192404
-0.386059
1.7036
-0.915041
-0.272082
0.254137
-0.0112346
-0.585693
-0.0485144
0.0902228
-0.168613
1.45226
-0.656631
-0.333914
0.592266
-0.258352
0.390836
0.322424
-0.778269
-0.597246
-0.0010239
-1.20922
0.657657
0.26336
-0.403688
-0.0101295
0.759665
0.568542
-1.32821
0.00176935
-0.409179
0.280374
-0.00245052
-0.290601
-0.423587
0.188192
-0.45669
-0.598052
0.355302
0.215895
-0.00897671
-1.3579
0.298235
0.497717
0.656542
-0.00319587
0.122174
-0.633649
0.313714
-0.00212518
-1.13838
-0.121116
-0.642381
0.494078
-0.565549
0.574265
-0.532078
0.21622
-0.667227
1.15941
1.84946
-1.04886
0.0347209
0.864455
-0.749206
0.486382
0.0908067
0.147708
-0.199796
1.19833
0.103806
-0.193529
-0.0159445
0.367711
1.14974
0.761139
-1.09033
-0.962239
1.12454
0.406408
0.0374163
-1.24671
-0.499922
-0.917309
2.21605
0.814116
-0.409626
0.00945038
0.320576
-0.548859
-0.289328
0.17574
-0.574463
0.468137
0.350817
-0.662032
0.311215
-0.0772318
-1.19166
-1.37591
0.146122
0.115183
-0.610074
0.508697
-1.06942
-0.587697
1.73845
-1.67472
-0.107613
1.00151
-0.590783
-0.41073
-0.138192
0.0746024
0.432824
-0.0264156
-0.444379
0.592755
-0.308779
-0.170729
0.923988
1.23087
0.167726
-1.04738
-0.00784591
-0.0502867
0.0949089
-0.997636
-1.14636
-0.233987
0.105528
-0.102822
0.843651
-0.208489
-0.289224
0.497712
0.336622
-0.229754
-0.292357
0.210611
1.20313
0.71015
0.386932
-0.00865836
-2.06075
0.140327
-0.172341
-0.459608
0.254607
-0.982659
-0.326181
0.0678431
0.0493887
-0.063421
0.0140323
-1.11002
0.701474
-0.547531
1.46612
0.0643064
0.509959
0.807419
-0.243298
0.746076
0.0121105
0.0545584
-0.058333
-0.228555
0.0420069
-0.0467932
0.050661
-0.730111
-0.250814
-0.226398
0.530558
0.448593
0.367017
-0.534292
-0.0871896
0.0901389
-0.528029
0.311734
-0.118932
0.650292
0.429022
0.0284105
-0.0284105
0.0041497
-0.0938934
0.0842288
-0.774543
0.23242
-0.599162
0.0147061
-0.0694438
0.10526
1.30585
0.0100056
0.277185
-0.367479
0.0902941
0.606912
-0.230221
0.309636
0.04067
0.0661803
-0.0766981
-0.313099
0.622139
-0.51306
0.667971
-0.554137
-0.214894
0.526627
-0.597008
-1.68165
-1.12392
2.33997
0.611482
-0.487862
1.63638
0.381768
-0.0584633
-1.29128
0.271535
-1.25444
1.59707
-0.342626
0.0326502
-0.0326502
0.420279
-0.563271
0.142992
0.178945
-0.0944218
-0.0845229
-0.289626
0.533551
0.0269953
-0.679272
1.00002
-0.946945
1.74386
0.523461
0.533447
-1.28207
-0.0293774
0.465523
-0.190539
0.0956471
-0.409103
0.0202489
0.496186
-0.533781
0.0691062
-0.0684717
0.0130094
-0.0885062
-0.0365128
0.0352235
-0.418839
0.323775
-0.438412
-0.582738
1.21382
-1.59374
-0.206842
-0.397508
0.355891
-0.80277
-0.403594
1.01951
0.743512
0.00370963
0.125319
0.381686
2.08655
0.294387
-0.621879
0.276781
-0.323888
1.27713
-0.435975
-0.500845
0.136412
-0.0602345
0.267812
-0.362593
-0.0506481
0.025343
0.0115813
-0.871202
-0.841339
1.81103
-0.969798
-0.00601715
0.415294
0.102655
0.0269868
-0.0557039
1.20139
-1.14568
0.176953
0.37308
-0.224027
0.0840123
-0.448837
0.355374
2.04647
0.275605
-0.384987
0.253242
-0.386391
-0.337231
-0.198019
0.102655
0.0336769
-0.021533
0.67643
0.489706
-0.0475812
0.151727
-0.0172194
0.0290726
0.0254955
-0.0254955
-0.296732
-0.102147
-0.0667538
-0.462412
1.34221
0.0906372
-0.0740512
0.0403022
-0.0257266
-0.511571
0.357377
0.170734
-0.0382897
1.79444
-0.894874
0.0552864
-0.319643
-0.187347
-0.046864
-0.0308622
-0.93926
-0.963976
1.1245
-0.691658
-0.599104
0.0712345
0.295975
-0.534613
0.916049
0.035284
0.0317675
0.0652409
-2.13024
-0.035284
-0.923459
0.183967
0.280258
-0.106143
0.00671642
0.313832
-1.4317
-0.562065
-0.155695
-0.0693183
-0.133725
0.0909211
0.850929
-0.0255926
-0.520948
0.128036
0.286521
-0.142569
-0.0448443
0.362396
-0.270673
-0.874841
0.153952
0.253511
0.38444
-0.592642
1.14095
-0.721157
0.17275
-0.0771026
0.421539
0.476252
-0.854495
0.00306373
-1.76941
1.69218
0.808817
-0.412968
-0.395848
-0.420084
0.0960234
0.119317
-0.339784
-0.0929832
0.406802
0.0342302
0.856129
-0.732105
-0.359493
0.26651
0.0765614
-0.0300346
-0.145846
-1.04076
0.176819
-0.207613
-0.0782864
0.116178
-0.0378913
0.0113601
-0.0549304
0.0549304
0.631563
-0.872224
-0.158722
-0.00194558
0.00194558
-0.429848
-0.345321
0.193265
0.311166
-0.366487
0.548158
-0.291605
0.265252
-0.113214
0.0544088
0.0416983
-0.0382897
1.27085
0.0303673
-0.147103
0.407646
0.00166845
-0.219649
0.538658
-1.40771
-0.530203
0.380553
-0.119881
0.113563
0.224283
-0.633486
-0.254598
0.0607869
-2.54295
-1.34136
0.00541106
-0.351883
-0.478582
0.796487
0.0919563
0.121839
0.0357402
0.523994
0.19763
-0.221167
-0.0357402
0.0448755
-0.209323
-0.263296
-0.662193
-0.196795
-0.699125
0.727656
0.390339
-0.015868
-0.00803121
0.84393
-1.77253
0.00173568
-0.190599
-0.00163557
0.196208
-0.0614547
1.66339
-1.24483
-0.429259
0.0277536
0.29763
1.31744
-0.0684589
0.863325
-0.487171
1.3823
-0.0204646
-0.741972
0.598576
0.0248426
0.323014
-0.083703
0.0133392
-0.780354
0.338221
-0.74523
0.42799
-0.414171
0.144362
0.88089
-0.246833
-0.0860411
0.0401768
0.201525
-0.326046
-0.0143965
0.377372
-0.512515
0.558637
-0.0461214
0.13046
0.0245395
0.47582
0.954922
-0.849979
1.01841
0.0129264
-0.0245395
1.72575
-0.563565
0.192588
0.00348068
-1.05439
-2.15481
0.0584661
0.051584
-0.589785
0.0286346
-1.09929
0.210335
-0.0873198
0.4425
-0.667321
1.12467
0.0834459
-0.0509645
-0.0639568
-0.857449
1.02119
-0.191909
-0.0301298
-0.344141
-1.14294
-0.208086
-0.138306
-0.54871
0.343404
-0.523643
1.22512
0.00776321
-0.0684212
-0.9893
-0.00514658
-0.0445801
-0.0188409
-0.151521
-0.1463
0.990713
1.80386
0.202832
0.653807
-0.237334
1.73578
-0.788819
-0.0298568
1.05472
0.43554
-0.346664
-0.59956
0.407651
-0.00657412
-0.0932639
-0.230422
-0.143469
-0.358843
0.686497
-0.0782776
-0.000851462
0.0544768
-0.30135
0.135834
0.625038
-0.0873749
-0.111501
0.563086
-0.536737
0.371927
0.414545
1.98565
-0.0229947
0.277915
-0.389248
-0.0150962
0.280869
-0.306768
-0.216716
0.109532
-0.0278081
-1.38329
0.0253955
0.0256471
0.145046
0.364583
-1.44963
-0.408245
0.755837
-0.364279
-0.391558
0.0332056
1.15065
0.582305
-0.535032
-0.296637
0.0136163
-0.436778
-0.361781
1.89567
-0.0446095
-0.216693
-0.0248426
-0.0133377
0.122693
0.0873749
0.697383
-0.336843
-0.991364
-0.263442
-0.18472
0.0190747
0.179131
0.294219
0.259169
-0.404317
0.268425
-0.311279
0.244001
-0.330042
0.635768
0.559698
-0.00140655
0.221367
-0.608198
0.104579
-0.432642
0.286795
0.936326
-0.751189
-0.176915
-0.324281
-0.193135
0.00065706
-0.0265759
-0.0233871
-0.902182
0.846478
0.408681
-0.893397
0.0172183
-0.0172183
-0.642962
-0.810277
0.69029
-0.334399
0.237569
-0.240234
1.50122
-1.26098
0.0849425
-0.0863723
-0.627969
-1.06833
0.631726
-0.420071
0.712077
0.0586018
-0.288452
0.2355
-0.431567
0.318353
-0.0497701
0.0472113
-0.175088
0.047701
-0.308015
-0.236393
-1.51359
0.200482
-0.505951
0.0349934
0.262388
-0.290634
-0.0648907
0.0798612
-0.0879259
-1.01532
-0.27832
0.151514
-0.138504
-0.484965
-0.289982
0.371245
0.126037
-0.320465
-0.0885636
1.35029
-0.718731
-1.22157
-1.06386
0.116652
-1.50118
1.38453
-0.0134339
0.229329
0.15767
-0.823782
-0.090984
0.162465
-0.0911859
0.0935886
-0.0955331
-0.235686
-0.3978
-0.546238
0.015679
-0.0139433
0.803159
-0.343372
0.291071
0.340049
-1.76438
-0.239038
-0.29304
-0.434247
0.827716
-2.25668
-0.258971
-0.392129
-0.0103323
-0.481827
-0.366318
0.312574
-0.648581
1.70155
-0.763958
-0.0954817
0.578904
-0.829269
0.32827
1.00583
1.29551
-1.51021
0.0191416
-0.290851
-0.0527969
-1.32647
-0.357979
1.58558
0.0156547
-0.0280172
0.332944
-0.0614063
-0.355852
-1.28841
0.500124
0.716417
-0.469234
1.97348
0.0325705
-0.0783261
0.167061
0.0322776
-0.115492
-0.629324
0.100545
0.452956
0.0277536
-1.18804
0.200453
-0.0118532
0.000618628
0.0777969
-0.0611413
0.0295966
0.200791
-1.34482
-0.279462
1.18705
0.00694858
-1.01594
-0.00119174
-0.341651
-0.624692
0.355387
-0.0105362
-0.072548
-0.043208
0.667393
0.0828678
-1.51331
0.461447
-0.455984
0.441064
0.0711818
-0.078131
0.387368
-1.00254
0.0885062
0.0141487
0.861968
-0.0995486
1.15427
-0.101499
0.193247
0.670221
1.24921
-1.29772
0.072738
0.352906
-0.370552
0.313079
-0.185662
0.0996635
-0.102065
-0.180821
0.168882
0.072154
0.174474
0.911099
-0.0392583
-0.0455973
-1.45558
0.383746
0.552695
-0.311972
-0.240723
0.47876
-1.31942
-0.000851462
0.46674
0.146521
-0.155891
0.435586
-0.121861
0.00109411
-1.02118
1.36897
0.390813
0.0569511
-1.55877
0.537685
0.135976
-0.21041
-0.101483
-1.37898
0.074871
1.30411
-0.0444655
-0.229259
0.0382488
0.0305159
-0.0337117
0.0301505
1.18525
0.848851
-0.165901
0.0331682
-0.25904
-0.593365
-0.161843
0.016744
0.0853342
-0.0189632
-0.130991
-0.842736
0.0144009
0.00151935
-1.44632
0.0228894
0.0672495
-0.0624138
0.201774
-0.0353542
-0.213567
-0.25036
0.186495
-0.884049
-0.0346496
-0.0864374
-0.82302
0.132043
0.0719717
0.588581
-0.372361
-1.80643
2.13417
0.31743
0.0691944
1.05158
-0.0142183
-0.463575
-0.604174
0.295589
-0.274685
-0.137833
-0.0426796
0.804955
0.0254578
-0.653211
0.00467198
-0.169895
0.919709
-0.429345
-0.010742
0.0307225
0.234245
1.36822
0.0422018
0.354978
-1.35273
-0.0889396
-0.0416798
-0.213184
-0.670865
-0.0108774
-1.07632
0.420255
-0.863096
-0.368087
-0.00757207
-0.604852
-0.359408
0.140866
-0.513227
0.522581
-0.711459
-0.31468
-0.121121
-0.41832
0.0550585
0.167266
-0.242836
1.1912
-0.029928
-1.32942
-0.384888
0.722316
0.251307
0.114848
-0.550216
-0.580752
-0.531396
0.335705
0.207083
0.0158995
-0.153183
-1.3559
0.102481
-0.508015
0.461893
0.747568
0.448964
1.02784
0.404348
-0.0782862
-0.15769
-0.00444006
-0.0583489
-0.709022
0.35317
0.18303
-0.0613227
-0.0168083
-0.125162
0.595235
-0.18069
0.111833
0.428091
-0.35827
0.386905
-0.0374533
0.0664829
-1.06412
-0.0408967
-0.154976
0.682126
0.169479
-0.126305
-0.035538
0.124536
0.0381001
0.162353
-1.45366
0.143218
-0.269536
0.865542
0.00177823
-0.00928752
0.652567
0.0849752
0.0697304
-0.138808
-1.11248
0.0678525
-0.152318
-0.321654
0.234183
0.144733
0.0674519
0.101457
1.9251
0.299298
-0.0589723
-0.444231
0.362005
-0.0660294
-1.05369
0.84878
-0.0075846
-0.751374
0.089852
-0.288806
0.452779
-0.0291082
-0.360472
0.755335
-1.35747
0.398205
-0.917568
-0.634394
)
;

boundaryField
{
    SideWalls
    {
        type            empty;
        value           nonuniform List<scalar> 0();
    }
    Top
    {
        type            calculated;
        value           uniform 0;
    }
    Inlet
    {
        type            calculated;
        value           nonuniform List<scalar> 
18
(
-1.94444
-1.94444
-1.94444
-1.94444
-1.94444
-1.94444
-1.94444
-1.94444
-1.94444
-1.94444
-1.94444
-1.94444
-1.94444
-1.94444
-1.94444
-1.94444
-1.94444
-1.94444
)
;
    }
    Bottom
    {
        type            calculated;
        value           uniform 0;
    }
    Outlet
    {
        type            calculated;
        value           nonuniform List<scalar> 
18
(
2.23361
1.9616
2.13881
1.91514
2.01115
1.88027
1.81375
2.18929
2.23375
2.25749
2.07386
1.81797
2.10913
1.85025
1.77248
1.5443
1.82851
1.36865
)
;
    }
    Plate
    {
        type            calculated;
        value           uniform 0;
    }
}


// ************************************************************************* //
