# Moment      
# CofR        : (0.000000e+00 0.000000e+00 0.000000e+00)
#
# Time        	total_x total_y total_z	pressure_x pressure_y pressure_z	viscous_x viscous_y viscous_z
9.90005        -1.842655e+02 8.062404e+01 1.887078e+03 -1.838044e+02 8.045045e+01 1.882982e+03 -4.611321e-01 1.735986e-01 4.096311e+00
9.9001         -1.932254e+02 8.595121e+01 1.961732e+03 -1.927645e+02 8.577580e+01 1.957656e+03 -4.608892e-01 1.754098e-01 4.076147e+00
9.90015        -1.965700e+02 8.850585e+01 1.984630e+03 -1.961091e+02 8.832902e+01 1.980568e+03 -4.609185e-01 1.768271e-01 4.062306e+00
9.9002         -1.976376e+02 8.971813e+01 1.988543e+03 -1.971765e+02 8.954013e+01 1.984491e+03 -4.611182e-01 1.780006e-01 4.052417e+00
9.90025        -1.977408e+02 9.030551e+01 1.984643e+03 -1.972794e+02 9.012651e+01 1.980598e+03 -4.614273e-01 1.790054e-01 4.045209e+00
9.9003         -1.974092e+02 9.059969e+01 1.977432e+03 -1.969474e+02 9.041981e+01 1.973392e+03 -4.618024e-01 1.798820e-01 4.039896e+00
9.90035        -1.969913e+02 9.076896e+01 1.970134e+03 -1.965291e+02 9.058830e+01 1.966098e+03 -4.622131e-01 1.806551e-01 4.035960e+00
9.9004         -1.966231e+02 9.090124e+01 1.963679e+03 -1.961604e+02 9.071990e+01 1.959646e+03 -4.626397e-01 1.813417e-01 4.033052e+00
9.90045        -1.962402e+02 9.095381e+01 1.957658e+03 -1.957772e+02 9.077185e+01 1.953627e+03 -4.630700e-01 1.819547e-01 4.030929e+00
9.9005         -1.959882e+02 9.101724e+01 1.953194e+03 -1.955247e+02 9.083473e+01 1.949164e+03 -4.634966e-01 1.825050e-01 4.029414e+00
9.90055        -1.958876e+02 9.110973e+01 1.950575e+03 -1.954237e+02 9.092673e+01 1.946546e+03 -4.639160e-01 1.830005e-01 4.028393e+00
9.9006         -1.957258e+02 9.113941e+01 1.947265e+03 -1.952615e+02 9.095596e+01 1.943237e+03 -4.643249e-01 1.834483e-01 4.027765e+00
9.90065        -1.957138e+02 9.122365e+01 1.945720e+03 -1.952491e+02 9.103979e+01 1.941692e+03 -4.647218e-01 1.838537e-01 4.027460e+00
9.9007         -1.956728e+02 9.126526e+01 1.944177e+03 -1.952077e+02 9.108104e+01 1.940149e+03 -4.651058e-01 1.842215e-01 4.027423e+00
9.90075        -1.957106e+02 9.133090e+01 1.943309e+03 -1.952451e+02 9.114634e+01 1.939281e+03 -4.654765e-01 1.845557e-01 4.027610e+00
9.9008         -1.957565e+02 9.139183e+01 1.942756e+03 -1.952907e+02 9.120697e+01 1.938728e+03 -4.658339e-01 1.848597e-01 4.027986e+00
9.90085        -1.957691e+02 9.143435e+01 1.941981e+03 -1.953030e+02 9.124922e+01 1.937952e+03 -4.661782e-01 1.851366e-01 4.028521e+00
9.9009         -1.957814e+02 9.145630e+01 1.941361e+03 -1.953149e+02 9.127091e+01 1.937332e+03 -4.665097e-01 1.853893e-01 4.029189e+00
9.90095        -1.958549e+02 9.152417e+01 1.941389e+03 -1.953881e+02 9.133855e+01 1.937359e+03 -4.668288e-01 1.856203e-01 4.029968e+00
9.901          -1.959138e+02 9.157366e+01 1.941458e+03 -1.954466e+02 9.138783e+01 1.937427e+03 -4.671360e-01 1.858318e-01 4.030840e+00
9.90105        -1.959828e+02 9.163590e+01 1.941590e+03 -1.955154e+02 9.144988e+01 1.937558e+03 -4.674318e-01 1.860260e-01 4.031786e+00
9.9011         -1.959788e+02 9.165417e+01 1.941038e+03 -1.955111e+02 9.146797e+01 1.937005e+03 -4.677165e-01 1.862047e-01 4.032790e+00
9.90115        -1.959845e+02 9.167319e+01 1.940609e+03 -1.955165e+02 9.148682e+01 1.936575e+03 -4.679908e-01 1.863693e-01 4.033846e+00
9.9012         -1.959826e+02 9.169240e+01 1.940080e+03 -1.955143e+02 9.150588e+01 1.936045e+03 -4.682551e-01 1.865217e-01 4.034936e+00
9.90125        -1.960137e+02 9.172718e+01 1.940030e+03 -1.955452e+02 9.154052e+01 1.935994e+03 -4.685099e-01 1.866631e-01 4.036051e+00
9.9013         -1.960729e+02 9.177746e+01 1.940305e+03 -1.956042e+02 9.159066e+01 1.936267e+03 -4.687556e-01 1.867947e-01 4.037185e+00
9.90135        -1.960420e+02 9.177605e+01 1.939647e+03 -1.955730e+02 9.158913e+01 1.935608e+03 -4.689928e-01 1.869174e-01 4.038332e+00
9.9014         -1.960492e+02 9.179237e+01 1.939525e+03 -1.955799e+02 9.160534e+01 1.935485e+03 -4.692219e-01 1.870320e-01 4.039486e+00
9.90145        -1.960653e+02 9.181625e+01 1.939422e+03 -1.955958e+02 9.162911e+01 1.935382e+03 -4.694433e-01 1.871395e-01 4.040643e+00
9.9015         -1.960757e+02 9.183839e+01 1.939206e+03 -1.956061e+02 9.165115e+01 1.935165e+03 -4.696574e-01 1.872403e-01 4.041800e+00
9.90155        -1.960467e+02 9.183680e+01 1.938657e+03 -1.955768e+02 9.164946e+01 1.934614e+03 -4.698646e-01 1.873351e-01 4.042955e+00
9.9016         -1.960558e+02 9.185027e+01 1.938558e+03 -1.955858e+02 9.166284e+01 1.934514e+03 -4.700653e-01 1.874243e-01 4.044107e+00
9.90165        -1.961393e+02 9.189597e+01 1.939338e+03 -1.956691e+02 9.170846e+01 1.935292e+03 -4.702598e-01 1.875083e-01 4.045256e+00
9.9017         -1.961304e+02 9.190560e+01 1.938997e+03 -1.956599e+02 9.171801e+01 1.934951e+03 -4.704484e-01 1.875876e-01 4.046396e+00
9.90175        -1.961463e+02 9.192159e+01 1.938870e+03 -1.956757e+02 9.173393e+01 1.934822e+03 -4.706314e-01 1.876623e-01 4.047530e+00
9.9018         -1.961487e+02 9.193476e+01 1.938772e+03 -1.956779e+02 9.174703e+01 1.934723e+03 -4.708090e-01 1.877330e-01 4.048655e+00
9.90185        -1.961150e+02 9.192317e+01 1.938283e+03 -1.956440e+02 9.173537e+01 1.934233e+03 -4.709813e-01 1.877998e-01 4.049769e+00
9.9019         -1.960969e+02 9.192219e+01 1.937944e+03 -1.956258e+02 9.173433e+01 1.933893e+03 -4.711488e-01 1.878631e-01 4.050873e+00
9.90195        -1.961609e+02 9.196144e+01 1.938606e+03 -1.956896e+02 9.177351e+01 1.934554e+03 -4.713115e-01 1.879230e-01 4.051965e+00
9.902          -1.962164e+02 9.198444e+01 1.939275e+03 -1.957449e+02 9.179646e+01 1.935222e+03 -4.714698e-01 1.879796e-01 4.053051e+00
9.90205        -1.961785e+02 9.198248e+01 1.938622e+03 -1.957068e+02 9.179445e+01 1.934568e+03 -4.716240e-01 1.880332e-01 4.054128e+00
9.9021         -1.961663e+02 9.198312e+01 1.938404e+03 -1.956946e+02 9.179503e+01 1.934348e+03 -4.717739e-01 1.880840e-01 4.055192e+00
9.90215        -1.961142e+02 9.196124e+01 1.937722e+03 -1.956423e+02 9.177311e+01 1.933666e+03 -4.719198e-01 1.881321e-01 4.056244e+00
9.9022         -1.960917e+02 9.195566e+01 1.937397e+03 -1.956196e+02 9.176748e+01 1.933339e+03 -4.720619e-01 1.881777e-01 4.057284e+00
9.90225        -1.960852e+02 9.195966e+01 1.937293e+03 -1.956130e+02 9.177144e+01 1.933235e+03 -4.722001e-01 1.882209e-01 4.058312e+00
9.9023         -1.960571e+02 9.195023e+01 1.936930e+03 -1.955848e+02 9.176197e+01 1.932871e+03 -4.723349e-01 1.882618e-01 4.059329e+00
9.90235        -1.960410e+02 9.194765e+01 1.936705e+03 -1.955686e+02 9.175934e+01 1.932645e+03 -4.724661e-01 1.883005e-01 4.060332e+00
9.9024         -1.960163e+02 9.194393e+01 1.936340e+03 -1.955437e+02 9.175559e+01 1.932278e+03 -4.725940e-01 1.883372e-01 4.061324e+00
9.90245        -1.960131e+02 9.194227e+01 1.936305e+03 -1.955404e+02 9.175389e+01 1.932243e+03 -4.727187e-01 1.883718e-01 4.062305e+00
9.9025         -1.959856e+02 9.193223e+01 1.935965e+03 -1.955127e+02 9.174383e+01 1.931902e+03 -4.728404e-01 1.884046e-01 4.063275e+00
9.90255        -1.959676e+02 9.192882e+01 1.935722e+03 -1.954946e+02 9.174039e+01 1.931658e+03 -4.729591e-01 1.884355e-01 4.064235e+00
9.9026         -1.959451e+02 9.192216e+01 1.935476e+03 -1.954721e+02 9.173369e+01 1.931411e+03 -4.730750e-01 1.884646e-01 4.065183e+00
9.90265        -1.959248e+02 9.191420e+01 1.935201e+03 -1.954517e+02 9.172571e+01 1.931135e+03 -4.731881e-01 1.884921e-01 4.066121e+00
9.9027         -1.959071e+02 9.191055e+01 1.934968e+03 -1.954338e+02 9.172203e+01 1.930901e+03 -4.732985e-01 1.885180e-01 4.067049e+00
9.90275        -1.958813e+02 9.190612e+01 1.934663e+03 -1.954079e+02 9.171757e+01 1.930595e+03 -4.734064e-01 1.885423e-01 4.067966e+00
9.9028         -1.958495e+02 9.188772e+01 1.934292e+03 -1.953760e+02 9.169915e+01 1.930223e+03 -4.735118e-01 1.885652e-01 4.068874e+00
9.90285        -1.958478e+02 9.188917e+01 1.934237e+03 -1.953742e+02 9.170058e+01 1.930167e+03 -4.736148e-01 1.885866e-01 4.069772e+00
9.9029         -1.957963e+02 9.187371e+01 1.933613e+03 -1.953225e+02 9.168510e+01 1.929542e+03 -4.737153e-01 1.886070e-01 4.070655e+00
9.90295        -1.957849e+02 9.187199e+01 1.933450e+03 -1.953111e+02 9.168336e+01 1.929379e+03 -4.738136e-01 1.886263e-01 4.071528e+00
9.903          -1.957645e+02 9.186486e+01 1.933210e+03 -1.952906e+02 9.167622e+01 1.929138e+03 -4.739097e-01 1.886442e-01 4.072392e+00
9.90305        -1.957399e+02 9.186012e+01 1.932869e+03 -1.952659e+02 9.167145e+01 1.928796e+03 -4.740038e-01 1.886610e-01 4.073247e+00
9.9031         -1.957088e+02 9.184696e+01 1.932494e+03 -1.952347e+02 9.165829e+01 1.928420e+03 -4.740957e-01 1.886766e-01 4.074092e+00
9.90315        -1.956936e+02 9.183979e+01 1.932331e+03 -1.952194e+02 9.165110e+01 1.928256e+03 -4.741857e-01 1.886913e-01 4.074927e+00
9.9032         -1.956712e+02 9.183030e+01 1.932077e+03 -1.951969e+02 9.164160e+01 1.928001e+03 -4.742738e-01 1.887048e-01 4.075753e+00
9.90325        -1.956342e+02 9.181294e+01 1.931646e+03 -1.951598e+02 9.162422e+01 1.927570e+03 -4.743600e-01 1.887174e-01 4.076570e+00
9.9033         -1.956253e+02 9.181356e+01 1.931524e+03 -1.951509e+02 9.162483e+01 1.927447e+03 -4.744444e-01 1.887292e-01 4.077377e+00
9.90335        -1.955813e+02 9.179061e+01 1.931008e+03 -1.951068e+02 9.160187e+01 1.926930e+03 -4.745270e-01 1.887400e-01 4.078174e+00
9.9034         -1.955648e+02 9.178685e+01 1.930814e+03 -1.950902e+02 9.159810e+01 1.926735e+03 -4.746080e-01 1.887500e-01 4.078963e+00
9.90345        -1.955536e+02 9.179159e+01 1.930627e+03 -1.950789e+02 9.160283e+01 1.926547e+03 -4.746872e-01 1.887592e-01 4.079742e+00
9.9035         -1.955137e+02 9.176830e+01 1.930187e+03 -1.950389e+02 9.157954e+01 1.926106e+03 -4.747648e-01 1.887676e-01 4.080511e+00
9.90355        -1.954875e+02 9.175767e+01 1.929873e+03 -1.950126e+02 9.156889e+01 1.925791e+03 -4.748408e-01 1.887753e-01 4.081272e+00
9.9036         -1.954602e+02 9.174710e+01 1.929542e+03 -1.949853e+02 9.155831e+01 1.925460e+03 -4.749152e-01 1.887823e-01 4.082023e+00
9.90365        -1.954162e+02 9.172831e+01 1.929016e+03 -1.949412e+02 9.153952e+01 1.924934e+03 -4.749882e-01 1.887887e-01 4.082765e+00
9.9037         -1.954142e+02 9.173153e+01 1.928971e+03 -1.949391e+02 9.154274e+01 1.924888e+03 -4.750596e-01 1.887943e-01 4.083498e+00
9.90375        -1.953852e+02 9.172051e+01 1.928617e+03 -1.949101e+02 9.153171e+01 1.924533e+03 -4.751296e-01 1.887993e-01 4.084223e+00
9.9038         -1.953400e+02 9.169822e+01 1.928103e+03 -1.948648e+02 9.150941e+01 1.924019e+03 -4.751982e-01 1.888037e-01 4.084939e+00
9.90385        -1.953249e+02 9.169563e+01 1.927899e+03 -1.948497e+02 9.150683e+01 1.923813e+03 -4.752655e-01 1.888075e-01 4.085646e+00
9.9039         -1.952839e+02 9.167561e+01 1.927427e+03 -1.948085e+02 9.148680e+01 1.923341e+03 -4.753313e-01 1.888108e-01 4.086343e+00
9.90395        -1.952666e+02 9.167149e+01 1.927206e+03 -1.947912e+02 9.148268e+01 1.923119e+03 -4.753959e-01 1.888136e-01 4.087032e+00
9.904          -1.952489e+02 9.166164e+01 1.927010e+03 -1.947734e+02 9.147282e+01 1.922922e+03 -4.754591e-01 1.888160e-01 4.087712e+00
9.90405        -1.951923e+02 9.163855e+01 1.926322e+03 -1.947168e+02 9.144973e+01 1.922234e+03 -4.755211e-01 1.888179e-01 4.088382e+00
9.9041         -1.951716e+02 9.163081e+01 1.926072e+03 -1.946960e+02 9.144199e+01 1.921983e+03 -4.755818e-01 1.888193e-01 4.089044e+00
9.90415        -1.951432e+02 9.161941e+01 1.925727e+03 -1.946675e+02 9.143059e+01 1.921638e+03 -4.756413e-01 1.888203e-01 4.089697e+00
9.9042         -1.951118e+02 9.160599e+01 1.925354e+03 -1.946361e+02 9.141717e+01 1.921263e+03 -4.756996e-01 1.888210e-01 4.090341e+00
9.90425        -1.950807e+02 9.159305e+01 1.924979e+03 -1.946049e+02 9.140423e+01 1.920888e+03 -4.757568e-01 1.888212e-01 4.090977e+00
9.9043         -1.950588e+02 9.158431e+01 1.924716e+03 -1.945830e+02 9.139549e+01 1.920624e+03 -4.758128e-01 1.888212e-01 4.091604e+00
9.90435        -1.950250e+02 9.156947e+01 1.924313e+03 -1.945491e+02 9.138065e+01 1.920221e+03 -4.758677e-01 1.888207e-01 4.092222e+00
9.9044         -1.949954e+02 9.155724e+01 1.923955e+03 -1.945194e+02 9.136842e+01 1.919862e+03 -4.759215e-01 1.888200e-01 4.092831e+00
9.90445        -1.949619e+02 9.154263e+01 1.923557e+03 -1.944860e+02 9.135381e+01 1.919463e+03 -4.759742e-01 1.888190e-01 4.093432e+00
9.9045         -1.949316e+02 9.153014e+01 1.923189e+03 -1.944555e+02 9.134132e+01 1.919095e+03 -4.760259e-01 1.888177e-01 4.094025e+00
9.90455        -1.948981e+02 9.151562e+01 1.922790e+03 -1.944221e+02 9.132680e+01 1.918695e+03 -4.760766e-01 1.888161e-01 4.094609e+00
9.9046         -1.948668e+02 9.150264e+01 1.922410e+03 -1.943907e+02 9.131383e+01 1.918314e+03 -4.761263e-01 1.888142e-01 4.095185e+00
9.90465        -1.948337e+02 9.148836e+01 1.922010e+03 -1.943575e+02 9.129955e+01 1.917914e+03 -4.761750e-01 1.888120e-01 4.095753e+00
9.9047         -1.947958e+02 9.147221e+01 1.921572e+03 -1.943195e+02 9.128340e+01 1.917475e+03 -4.762227e-01 1.888096e-01 4.096314e+00
9.90475        -1.947545e+02 9.145420e+01 1.921094e+03 -1.942782e+02 9.126539e+01 1.916997e+03 -4.762696e-01 1.888069e-01 4.096867e+00
9.9048         -1.947183e+02 9.143799e+01 1.920671e+03 -1.942420e+02 9.124918e+01 1.916574e+03 -4.763155e-01 1.888040e-01 4.097413e+00
9.90485        -1.946848e+02 9.142417e+01 1.920261e+03 -1.942084e+02 9.123537e+01 1.916163e+03 -4.763606e-01 1.888008e-01 4.097952e+00
9.9049         -1.946479e+02 9.140844e+01 1.919820e+03 -1.941715e+02 9.121964e+01 1.915721e+03 -4.764048e-01 1.887973e-01 4.098485e+00
9.90495        -1.946092e+02 9.139214e+01 1.919355e+03 -1.941328e+02 9.120335e+01 1.915256e+03 -4.764482e-01 1.887935e-01 4.099011e+00
9.905          -1.945697e+02 9.137512e+01 1.918886e+03 -1.940932e+02 9.118633e+01 1.914786e+03 -4.764909e-01 1.887894e-01 4.099531e+00
9.90505        -1.945234e+02 9.135544e+01 1.918330e+03 -1.940468e+02 9.116666e+01 1.914230e+03 -4.765327e-01 1.887851e-01 4.100045e+00
9.9051         -1.945159e+02 9.135207e+01 1.918252e+03 -1.940394e+02 9.116329e+01 1.914152e+03 -4.765738e-01 1.887805e-01 4.100553e+00
9.90515        -1.944938e+02 9.134146e+01 1.918001e+03 -1.940172e+02 9.115268e+01 1.913900e+03 -4.766144e-01 1.887755e-01 4.101060e+00
9.9052         -1.944563e+02 9.132794e+01 1.917534e+03 -1.939796e+02 9.113917e+01 1.913433e+03 -4.766543e-01 1.887702e-01 4.101561e+00
9.90525        -1.944059e+02 9.130469e+01 1.916946e+03 -1.939293e+02 9.111593e+01 1.912844e+03 -4.766935e-01 1.887646e-01 4.102057e+00
9.9053         -1.943684e+02 9.128987e+01 1.916491e+03 -1.938917e+02 9.110111e+01 1.912389e+03 -4.767320e-01 1.887588e-01 4.102549e+00
9.90535        -1.943232e+02 9.126977e+01 1.915958e+03 -1.938464e+02 9.108102e+01 1.911855e+03 -4.767699e-01 1.887527e-01 4.103036e+00
9.9054         -1.942840e+02 9.125389e+01 1.915486e+03 -1.938072e+02 9.106515e+01 1.911383e+03 -4.768072e-01 1.887463e-01 4.103518e+00
9.90545        -1.942400e+02 9.123471e+01 1.914965e+03 -1.937632e+02 9.104597e+01 1.910861e+03 -4.768439e-01 1.887396e-01 4.103997e+00
9.9055         -1.941994e+02 9.121790e+01 1.914477e+03 -1.937225e+02 9.102916e+01 1.910373e+03 -4.768800e-01 1.887326e-01 4.104471e+00
9.90555        -1.941552e+02 9.119886e+01 1.913953e+03 -1.936783e+02 9.101014e+01 1.909848e+03 -4.769156e-01 1.887254e-01 4.104943e+00
9.9056         -1.941115e+02 9.118127e+01 1.913438e+03 -1.936345e+02 9.099255e+01 1.909333e+03 -4.769506e-01 1.887179e-01 4.105410e+00
9.90565        -1.940898e+02 9.117257e+01 1.913151e+03 -1.936129e+02 9.098386e+01 1.909046e+03 -4.769852e-01 1.887100e-01 4.105874e+00
9.9057         -1.940422e+02 9.115196e+01 1.912581e+03 -1.935652e+02 9.096326e+01 1.908474e+03 -4.770192e-01 1.887019e-01 4.106335e+00
9.90575        -1.940072e+02 9.113790e+01 1.912167e+03 -1.935301e+02 9.094921e+01 1.908060e+03 -4.770528e-01 1.886936e-01 4.106793e+00
9.9058         -1.939624e+02 9.111894e+01 1.911632e+03 -1.934853e+02 9.093026e+01 1.907525e+03 -4.770858e-01 1.886849e-01 4.107248e+00
9.90585        -1.939174e+02 9.109992e+01 1.911095e+03 -1.934403e+02 9.091125e+01 1.906987e+03 -4.771185e-01 1.886760e-01 4.107700e+00
9.9059         -1.938711e+02 9.108034e+01 1.910542e+03 -1.933940e+02 9.089167e+01 1.906434e+03 -4.771507e-01 1.886668e-01 4.108150e+00
9.90595        -1.938690e+02 9.108231e+01 1.910501e+03 -1.933918e+02 9.089365e+01 1.906393e+03 -4.771824e-01 1.886574e-01 4.108597e+00
9.906          -1.937907e+02 9.104743e+01 1.909597e+03 -1.933135e+02 9.085878e+01 1.905488e+03 -4.772138e-01 1.886476e-01 4.109041e+00
9.90605        -1.937473e+02 9.102961e+01 1.909040e+03 -1.932701e+02 9.084098e+01 1.904930e+03 -4.772447e-01 1.886377e-01 4.109482e+00
9.9061         -1.936647e+02 9.099269e+01 1.908091e+03 -1.931874e+02 9.080406e+01 1.903981e+03 -4.772753e-01 1.886275e-01 4.109920e+00
9.90615        -1.936138e+02 9.096908e+01 1.907500e+03 -1.931365e+02 9.078046e+01 1.903390e+03 -4.773054e-01 1.886170e-01 4.110356e+00
9.9062         -1.935708e+02 9.095195e+01 1.906979e+03 -1.930935e+02 9.076335e+01 1.902868e+03 -4.773352e-01 1.886064e-01 4.110790e+00
9.90625        -1.935174e+02 9.092855e+01 1.906345e+03 -1.930401e+02 9.073995e+01 1.902234e+03 -4.773646e-01 1.885954e-01 4.111221e+00
9.9063         -1.934785e+02 9.090946e+01 1.905895e+03 -1.930011e+02 9.072087e+01 1.901784e+03 -4.773936e-01 1.885843e-01 4.111649e+00
9.90635        -1.934562e+02 9.090410e+01 1.905585e+03 -1.929787e+02 9.071553e+01 1.901473e+03 -4.774223e-01 1.885729e-01 4.112077e+00
9.9064         -1.934075e+02 9.088340e+01 1.905004e+03 -1.929301e+02 9.069484e+01 1.900891e+03 -4.774507e-01 1.885612e-01 4.112502e+00
9.90645        -1.933583e+02 9.086228e+01 1.904410e+03 -1.928808e+02 9.067373e+01 1.900297e+03 -4.774787e-01 1.885494e-01 4.112924e+00
9.9065         -1.933032e+02 9.083873e+01 1.903757e+03 -1.928257e+02 9.065020e+01 1.899643e+03 -4.775064e-01 1.885373e-01 4.113344e+00
9.90655        -1.932524e+02 9.081698e+01 1.903149e+03 -1.927748e+02 9.062846e+01 1.899036e+03 -4.775337e-01 1.885251e-01 4.113761e+00
9.9066         -1.931969e+02 9.079356e+01 1.902483e+03 -1.927194e+02 9.060505e+01 1.898369e+03 -4.775606e-01 1.885127e-01 4.114175e+00
9.90665        -1.931356e+02 9.076367e+01 1.901822e+03 -1.926580e+02 9.057517e+01 1.897708e+03 -4.775873e-01 1.884999e-01 4.114589e+00
9.9067         -1.930929e+02 9.074505e+01 1.901290e+03 -1.926153e+02 9.055656e+01 1.897175e+03 -4.776137e-01 1.884867e-01 4.115002e+00
9.90675        -1.930376e+02 9.072030e+01 1.900633e+03 -1.925600e+02 9.053182e+01 1.896518e+03 -4.776398e-01 1.884733e-01 4.115413e+00
9.9068         -1.929854e+02 9.069922e+01 1.900013e+03 -1.925077e+02 9.051076e+01 1.895897e+03 -4.776656e-01 1.884598e-01 4.115821e+00
9.90685        -1.929274e+02 9.067333e+01 1.899335e+03 -1.924497e+02 9.048488e+01 1.895219e+03 -4.776910e-01 1.884463e-01 4.116225e+00
9.9069         -1.929063e+02 9.066733e+01 1.899036e+03 -1.924285e+02 9.047890e+01 1.894920e+03 -4.777160e-01 1.884325e-01 4.116626e+00
9.90695        -1.928348e+02 9.063499e+01 1.898246e+03 -1.923570e+02 9.044658e+01 1.894129e+03 -4.777408e-01 1.884186e-01 4.117025e+00
9.907          -1.927846e+02 9.061312e+01 1.897635e+03 -1.923068e+02 9.042472e+01 1.893518e+03 -4.777652e-01 1.884045e-01 4.117421e+00
9.90705        -1.927302e+02 9.058922e+01 1.896985e+03 -1.922524e+02 9.040083e+01 1.892867e+03 -4.777893e-01 1.883901e-01 4.117815e+00
9.9071         -1.926762e+02 9.056542e+01 1.896342e+03 -1.921984e+02 9.037704e+01 1.892224e+03 -4.778132e-01 1.883757e-01 4.118207e+00
9.90715        -1.926208e+02 9.054105e+01 1.895685e+03 -1.921430e+02 9.035269e+01 1.891566e+03 -4.778367e-01 1.883610e-01 4.118596e+00
9.9072         -1.925639e+02 9.051593e+01 1.895009e+03 -1.920860e+02 9.032759e+01 1.890890e+03 -4.778600e-01 1.883462e-01 4.118983e+00
9.90725        -1.925056e+02 9.049023e+01 1.894317e+03 -1.920277e+02 9.030190e+01 1.890198e+03 -4.778829e-01 1.883312e-01 4.119367e+00
9.9073         -1.924399e+02 9.046145e+01 1.893536e+03 -1.919620e+02 9.027314e+01 1.889416e+03 -4.779055e-01 1.883160e-01 4.119748e+00
9.90735        -1.924024e+02 9.044431e+01 1.893095e+03 -1.919244e+02 9.025601e+01 1.888975e+03 -4.779280e-01 1.883007e-01 4.120128e+00
9.9074         -1.923404e+02 9.041704e+01 1.892360e+03 -1.918624e+02 9.022875e+01 1.888239e+03 -4.779501e-01 1.882852e-01 4.120505e+00
9.90745        -1.922809e+02 9.039077e+01 1.891655e+03 -1.918030e+02 9.020250e+01 1.887534e+03 -4.779719e-01 1.882695e-01 4.120880e+00
9.9075         -1.922165e+02 9.036260e+01 1.890890e+03 -1.917385e+02 9.017434e+01 1.886769e+03 -4.779935e-01 1.882537e-01 4.121252e+00
9.90755        -1.921653e+02 9.033927e+01 1.890286e+03 -1.916873e+02 9.015104e+01 1.886164e+03 -4.780148e-01 1.882378e-01 4.121622e+00
9.9076         -1.920980e+02 9.030939e+01 1.889486e+03 -1.916199e+02 9.012117e+01 1.885364e+03 -4.780358e-01 1.882217e-01 4.121989e+00
9.90765        -1.920440e+02 9.028667e+01 1.888881e+03 -1.915659e+02 9.009847e+01 1.884759e+03 -4.780566e-01 1.882055e-01 4.122354e+00
9.9077         -1.919865e+02 9.026002e+01 1.888168e+03 -1.915085e+02 9.007183e+01 1.884045e+03 -4.780771e-01 1.881891e-01 4.122717e+00
9.90775        -1.919238e+02 9.023220e+01 1.887424e+03 -1.914457e+02 9.004403e+01 1.883300e+03 -4.780974e-01 1.881726e-01 4.123077e+00
9.9078         -1.918602e+02 9.020408e+01 1.886669e+03 -1.913821e+02 9.001592e+01 1.882546e+03 -4.781174e-01 1.881560e-01 4.123434e+00
9.90785        -1.917958e+02 9.017560e+01 1.885905e+03 -1.913176e+02 8.998746e+01 1.881781e+03 -4.781372e-01 1.881392e-01 4.123789e+00
9.9079         -1.917315e+02 9.014720e+01 1.885142e+03 -1.912533e+02 8.995908e+01 1.881018e+03 -4.781567e-01 1.881224e-01 4.124141e+00
9.90795        -1.916668e+02 9.011863e+01 1.884373e+03 -1.911886e+02 8.993053e+01 1.880248e+03 -4.781759e-01 1.881054e-01 4.124490e+00
9.908          -1.916015e+02 9.008985e+01 1.883597e+03 -1.911233e+02 8.990177e+01 1.879472e+03 -4.781949e-01 1.880884e-01 4.124836e+00
9.90805        -1.915358e+02 9.006089e+01 1.882816e+03 -1.910576e+02 8.987282e+01 1.878690e+03 -4.782136e-01 1.880712e-01 4.125180e+00
9.9081         -1.914694e+02 9.003168e+01 1.882026e+03 -1.909912e+02 8.984363e+01 1.877901e+03 -4.782321e-01 1.880539e-01 4.125520e+00
9.90815        -1.914025e+02 9.000226e+01 1.881230e+03 -1.909243e+02 8.981423e+01 1.877105e+03 -4.782503e-01 1.880365e-01 4.125858e+00
9.9082         -1.913352e+02 8.997266e+01 1.880429e+03 -1.908569e+02 8.978465e+01 1.876302e+03 -4.782683e-01 1.880190e-01 4.126193e+00
9.90825        -1.912679e+02 8.994312e+01 1.879627e+03 -1.907896e+02 8.975512e+01 1.875501e+03 -4.782860e-01 1.880015e-01 4.126525e+00
9.9083         -1.911948e+02 8.991116e+01 1.878755e+03 -1.907165e+02 8.972318e+01 1.874628e+03 -4.783035e-01 1.879838e-01 4.126855e+00
9.90835        -1.911260e+02 8.988088e+01 1.877936e+03 -1.906477e+02 8.969291e+01 1.873808e+03 -4.783207e-01 1.879661e-01 4.127180e+00
9.9084         -1.910555e+02 8.984996e+01 1.877095e+03 -1.905772e+02 8.966201e+01 1.872967e+03 -4.783376e-01 1.879483e-01 4.127503e+00
9.90845        -1.909856e+02 8.981942e+01 1.876261e+03 -1.905073e+02 8.963149e+01 1.872134e+03 -4.783544e-01 1.879304e-01 4.127823e+00
9.9085         -1.909146e+02 8.978827e+01 1.875413e+03 -1.904362e+02 8.960036e+01 1.871284e+03 -4.783708e-01 1.879124e-01 4.128140e+00
9.90855        -1.908418e+02 8.975639e+01 1.874544e+03 -1.903634e+02 8.956849e+01 1.870415e+03 -4.783870e-01 1.878944e-01 4.128454e+00
9.9086         -1.907699e+02 8.972504e+01 1.873685e+03 -1.902915e+02 8.953716e+01 1.869557e+03 -4.784030e-01 1.878763e-01 4.128765e+00
9.90865        -1.906963e+02 8.969287e+01 1.872806e+03 -1.902179e+02 8.950501e+01 1.868677e+03 -4.784187e-01 1.878581e-01 4.129072e+00
9.9087         -1.906225e+02 8.966066e+01 1.871924e+03 -1.901441e+02 8.947282e+01 1.867794e+03 -4.784341e-01 1.878398e-01 4.129376e+00
9.90875        -1.905510e+02 8.962951e+01 1.871067e+03 -1.900725e+02 8.944169e+01 1.866937e+03 -4.784494e-01 1.878215e-01 4.129677e+00
9.9088         -1.904685e+02 8.959352e+01 1.870082e+03 -1.899900e+02 8.940572e+01 1.865952e+03 -4.784643e-01 1.878032e-01 4.129974e+00
9.90885        -1.903919e+02 8.956024e+01 1.869164e+03 -1.899134e+02 8.937245e+01 1.865034e+03 -4.784790e-01 1.877848e-01 4.130268e+00
9.9089         -1.903132e+02 8.952627e+01 1.868220e+03 -1.898347e+02 8.933850e+01 1.864090e+03 -4.784934e-01 1.877664e-01 4.130558e+00
9.90895        -1.902372e+02 8.949220e+01 1.867320e+03 -1.897587e+02 8.930445e+01 1.863189e+03 -4.785076e-01 1.877480e-01 4.130844e+00
9.909          -1.901701e+02 8.946167e+01 1.866523e+03 -1.896916e+02 8.927394e+01 1.862392e+03 -4.785215e-01 1.877293e-01 4.131129e+00
9.90905        -1.900988e+02 8.942982e+01 1.865665e+03 -1.896202e+02 8.924211e+01 1.861534e+03 -4.785353e-01 1.877104e-01 4.131412e+00
9.9091         -1.900174e+02 8.939459e+01 1.864687e+03 -1.895389e+02 8.920690e+01 1.860555e+03 -4.785488e-01 1.876916e-01 4.131691e+00
9.90915        -1.899388e+02 8.935966e+01 1.863707e+03 -1.894603e+02 8.917198e+01 1.859575e+03 -4.785621e-01 1.876728e-01 4.131967e+00
9.9092         -1.898505e+02 8.932274e+01 1.862724e+03 -1.893720e+02 8.913508e+01 1.858592e+03 -4.785751e-01 1.876539e-01 4.132238e+00
9.90925        -1.897689e+02 8.928710e+01 1.861741e+03 -1.892903e+02 8.909946e+01 1.857609e+03 -4.785878e-01 1.876351e-01 4.132504e+00
9.9093         -1.896867e+02 8.925125e+01 1.860755e+03 -1.892081e+02 8.906364e+01 1.856622e+03 -4.786002e-01 1.876163e-01 4.132768e+00
9.90935        -1.896055e+02 8.921586e+01 1.859781e+03 -1.891269e+02 8.902826e+01 1.855648e+03 -4.786124e-01 1.875974e-01 4.133027e+00
9.9094         -1.895052e+02 8.917102e+01 1.858581e+03 -1.890266e+02 8.898344e+01 1.854448e+03 -4.786244e-01 1.875785e-01 4.133283e+00
9.90945        -1.894138e+02 8.913217e+01 1.857484e+03 -1.889351e+02 8.894461e+01 1.853350e+03 -4.786360e-01 1.875597e-01 4.133533e+00
9.9095         -1.893275e+02 8.909448e+01 1.856450e+03 -1.888488e+02 8.890694e+01 1.852316e+03 -4.786473e-01 1.875408e-01 4.133779e+00
9.90955        -1.892303e+02 8.905208e+01 1.855290e+03 -1.887516e+02 8.886456e+01 1.851156e+03 -4.786584e-01 1.875219e-01 4.134021e+00
9.9096         -1.891718e+02 8.902662e+01 1.854585e+03 -1.886931e+02 8.883911e+01 1.850451e+03 -4.786693e-01 1.875031e-01 4.134260e+00
9.90965        -1.890814e+02 8.898726e+01 1.853504e+03 -1.886027e+02 8.879977e+01 1.849369e+03 -4.786800e-01 1.874842e-01 4.134495e+00
9.9097         -1.890203e+02 8.896154e+01 1.852768e+03 -1.885416e+02 8.877407e+01 1.848633e+03 -4.786903e-01 1.874653e-01 4.134726e+00
9.90975        -1.889170e+02 8.891513e+01 1.851533e+03 -1.884383e+02 8.872768e+01 1.847398e+03 -4.787005e-01 1.874464e-01 4.134953e+00
9.9098         -1.888231e+02 8.887396e+01 1.850409e+03 -1.883444e+02 8.868653e+01 1.846274e+03 -4.787103e-01 1.874275e-01 4.135177e+00
9.90985        -1.887302e+02 8.883310e+01 1.849295e+03 -1.882515e+02 8.864569e+01 1.845160e+03 -4.787200e-01 1.874087e-01 4.135395e+00
9.9099         -1.886355e+02 8.878989e+01 1.848160e+03 -1.881568e+02 8.860250e+01 1.844025e+03 -4.787293e-01 1.873898e-01 4.135610e+00
9.90995        -1.885408e+02 8.875344e+01 1.847035e+03 -1.880621e+02 8.856607e+01 1.842899e+03 -4.787383e-01 1.873711e-01 4.135819e+00
9.91           -1.884493e+02 8.871304e+01 1.845939e+03 -1.879705e+02 8.852569e+01 1.841803e+03 -4.787471e-01 1.873526e-01 4.136021e+00
9.91005        -1.883507e+02 8.866950e+01 1.844756e+03 -1.878719e+02 8.848216e+01 1.840619e+03 -4.787555e-01 1.873340e-01 4.136220e+00
9.9101         -1.882547e+02 8.862746e+01 1.843605e+03 -1.877759e+02 8.844015e+01 1.839468e+03 -4.787637e-01 1.873155e-01 4.136414e+00
9.91015        -1.881565e+02 8.858446e+01 1.842429e+03 -1.876777e+02 8.839717e+01 1.838293e+03 -4.787717e-01 1.872971e-01 4.136603e+00
9.9102         -1.880567e+02 8.854080e+01 1.841234e+03 -1.875779e+02 8.835352e+01 1.837098e+03 -4.787793e-01 1.872787e-01 4.136787e+00
9.91025        -1.879542e+02 8.849607e+01 1.840007e+03 -1.874754e+02 8.830881e+01 1.835870e+03 -4.787867e-01 1.872604e-01 4.136966e+00
9.9103         -1.878855e+02 8.846574e+01 1.839180e+03 -1.874067e+02 8.827849e+01 1.835042e+03 -4.787937e-01 1.872422e-01 4.137139e+00
9.91035        -1.877831e+02 8.842045e+01 1.837959e+03 -1.873043e+02 8.823322e+01 1.833821e+03 -4.788007e-01 1.872239e-01 4.137310e+00
9.9104         -1.876708e+02 8.837174e+01 1.836625e+03 -1.871920e+02 8.818454e+01 1.832488e+03 -4.788073e-01 1.872057e-01 4.137477e+00
9.91045        -1.874989e+02 8.829604e+01 1.834558e+03 -1.870201e+02 8.810885e+01 1.830420e+03 -4.788134e-01 1.871878e-01 4.137633e+00
9.9105         -1.874362e+02 8.826862e+01 1.833803e+03 -1.869574e+02 8.808145e+01 1.829665e+03 -4.788194e-01 1.871699e-01 4.137786e+00
9.91055        -1.873300e+02 8.822202e+01 1.832531e+03 -1.868512e+02 8.803487e+01 1.828393e+03 -4.788251e-01 1.871521e-01 4.137933e+00
9.9106         -1.872221e+02 8.817488e+01 1.831240e+03 -1.867433e+02 8.798775e+01 1.827102e+03 -4.788304e-01 1.871344e-01 4.138075e+00
9.91065        -1.871144e+02 8.812764e+01 1.829952e+03 -1.866355e+02 8.794052e+01 1.825814e+03 -4.788356e-01 1.871169e-01 4.138212e+00
9.9107         -1.870088e+02 8.808145e+01 1.828682e+03 -1.865300e+02 8.789435e+01 1.824544e+03 -4.788403e-01 1.870994e-01 4.138342e+00
9.91075        -1.868786e+02 8.802431e+01 1.827124e+03 -1.863997e+02 8.783723e+01 1.822985e+03 -4.788446e-01 1.870820e-01 4.138466e+00
9.9108         -1.867709e+02 8.797716e+01 1.825833e+03 -1.862920e+02 8.779010e+01 1.821695e+03 -4.788487e-01 1.870648e-01 4.138583e+00
9.91085        -1.866585e+02 8.792789e+01 1.824488e+03 -1.861797e+02 8.774084e+01 1.820349e+03 -4.788524e-01 1.870477e-01 4.138694e+00
9.9109         -1.865478e+02 8.787955e+01 1.823158e+03 -1.860689e+02 8.769252e+01 1.819019e+03 -4.788558e-01 1.870308e-01 4.138800e+00
9.91095        -1.864270e+02 8.782619e+01 1.821713e+03 -1.859481e+02 8.763918e+01 1.817574e+03 -4.788589e-01 1.870140e-01 4.138899e+00
9.911          -1.863142e+02 8.777687e+01 1.820364e+03 -1.858353e+02 8.758987e+01 1.816225e+03 -4.788617e-01 1.869973e-01 4.138992e+00
9.91105        -1.861846e+02 8.772001e+01 1.818812e+03 -1.857057e+02 8.753303e+01 1.814673e+03 -4.788642e-01 1.869809e-01 4.139078e+00
9.9111         -1.860598e+02 8.766533e+01 1.817321e+03 -1.855810e+02 8.747837e+01 1.813182e+03 -4.788664e-01 1.869646e-01 4.139158e+00
9.91115        -1.859278e+02 8.760642e+01 1.815719e+03 -1.854490e+02 8.741947e+01 1.811580e+03 -4.788682e-01 1.869484e-01 4.139231e+00
9.9112         -1.858376e+02 8.756764e+01 1.814656e+03 -1.853587e+02 8.738070e+01 1.810517e+03 -4.788698e-01 1.869324e-01 4.139299e+00
9.91125        -1.857122e+02 8.751268e+01 1.813158e+03 -1.852333e+02 8.732576e+01 1.809019e+03 -4.788710e-01 1.869166e-01 4.139359e+00
9.9113         -1.855929e+02 8.746010e+01 1.811726e+03 -1.851140e+02 8.727320e+01 1.807586e+03 -4.788719e-01 1.869010e-01 4.139413e+00
9.91135        -1.854509e+02 8.739801e+01 1.810026e+03 -1.849720e+02 8.721112e+01 1.805886e+03 -4.788724e-01 1.868855e-01 4.139459e+00
9.9114         -1.853220e+02 8.734151e+01 1.808482e+03 -1.848431e+02 8.715464e+01 1.804342e+03 -4.788726e-01 1.868703e-01 4.139498e+00
9.91145        -1.851928e+02 8.728473e+01 1.806935e+03 -1.847139e+02 8.709788e+01 1.802796e+03 -4.788724e-01 1.868553e-01 4.139529e+00
9.9115         -1.850647e+02 8.722847e+01 1.805400e+03 -1.845858e+02 8.704162e+01 1.801261e+03 -4.788719e-01 1.868406e-01 4.139553e+00
9.91155        -1.849482e+02 8.717726e+01 1.804000e+03 -1.844693e+02 8.699044e+01 1.799860e+03 -4.788710e-01 1.868260e-01 4.139571e+00
9.9116         -1.847775e+02 8.710240e+01 1.801959e+03 -1.842986e+02 8.691558e+01 1.797819e+03 -4.788698e-01 1.868117e-01 4.139579e+00
9.91165        -1.846520e+02 8.704723e+01 1.800461e+03 -1.841732e+02 8.686043e+01 1.796321e+03 -4.788682e-01 1.867976e-01 4.139580e+00
9.9117         -1.845083e+02 8.698448e+01 1.798727e+03 -1.840294e+02 8.679769e+01 1.794587e+03 -4.788662e-01 1.867837e-01 4.139573e+00
9.91175        -1.843750e+02 8.692598e+01 1.797136e+03 -1.838961e+02 8.673921e+01 1.792996e+03 -4.788638e-01 1.867701e-01 4.139558e+00
9.9118         -1.842361e+02 8.686502e+01 1.795471e+03 -1.837573e+02 8.667826e+01 1.791332e+03 -4.788611e-01 1.867568e-01 4.139535e+00
9.91185        -1.841032e+02 8.680697e+01 1.793875e+03 -1.836244e+02 8.662023e+01 1.789735e+03 -4.788580e-01 1.867437e-01 4.139504e+00
9.9119         -1.839523e+02 8.674043e+01 1.792068e+03 -1.834734e+02 8.655370e+01 1.787928e+03 -4.788545e-01 1.867309e-01 4.139464e+00
9.91195        -1.838080e+02 8.667728e+01 1.790337e+03 -1.833292e+02 8.649056e+01 1.786197e+03 -4.788506e-01 1.867183e-01 4.139416e+00
9.912          -1.836616e+02 8.661289e+01 1.788580e+03 -1.831827e+02 8.642619e+01 1.784440e+03 -4.788464e-01 1.867060e-01 4.139360e+00
9.91205        -1.835145e+02 8.654840e+01 1.786816e+03 -1.830357e+02 8.636170e+01 1.782677e+03 -4.788417e-01 1.866940e-01 4.139295e+00
9.9121         -1.833662e+02 8.648327e+01 1.785032e+03 -1.828873e+02 8.629659e+01 1.780893e+03 -4.788367e-01 1.866823e-01 4.139221e+00
9.91215        -1.832166e+02 8.641774e+01 1.783238e+03 -1.827377e+02 8.623107e+01 1.779099e+03 -4.788312e-01 1.866709e-01 4.139139e+00
9.9122         -1.830661e+02 8.635178e+01 1.781425e+03 -1.825873e+02 8.616512e+01 1.777286e+03 -4.788254e-01 1.866598e-01 4.139048e+00
9.91225        -1.829228e+02 8.628911e+01 1.779682e+03 -1.824440e+02 8.610246e+01 1.775543e+03 -4.788191e-01 1.866490e-01 4.138947e+00
9.9123         -1.827160e+02 8.619778e+01 1.777368e+03 -1.822372e+02 8.601114e+01 1.773229e+03 -4.788124e-01 1.866385e-01 4.138837e+00
9.91235        -1.825719e+02 8.613461e+01 1.775602e+03 -1.820931e+02 8.594798e+01 1.771463e+03 -4.788052e-01 1.866284e-01 4.138716e+00
9.9124         -1.824402e+02 8.607693e+01 1.774004e+03 -1.819614e+02 8.589031e+01 1.769865e+03 -4.787977e-01 1.866186e-01 4.138587e+00
9.91245        -1.822356e+02 8.598716e+01 1.771543e+03 -1.817569e+02 8.580056e+01 1.767404e+03 -4.787896e-01 1.866091e-01 4.138447e+00
9.9125         -1.820847e+02 8.592099e+01 1.769729e+03 -1.816059e+02 8.573439e+01 1.765591e+03 -4.787811e-01 1.866000e-01 4.138297e+00
9.91255        -1.819220e+02 8.584965e+01 1.767772e+03 -1.814432e+02 8.566306e+01 1.763634e+03 -4.787722e-01 1.865913e-01 4.138137e+00
9.9126         -1.817540e+02 8.577601e+01 1.765751e+03 -1.812752e+02 8.558943e+01 1.761613e+03 -4.787628e-01 1.865829e-01 4.137968e+00
9.91265        -1.815799e+02 8.570055e+01 1.763699e+03 -1.811012e+02 8.551398e+01 1.759561e+03 -4.787529e-01 1.865748e-01 4.137787e+00
9.9127         -1.813992e+02 8.562103e+01 1.761476e+03 -1.809205e+02 8.543446e+01 1.757338e+03 -4.787426e-01 1.865672e-01 4.137596e+00
9.91275        -1.812894e+02 8.557050e+01 1.760246e+03 -1.808107e+02 8.538394e+01 1.756109e+03 -4.787318e-01 1.865599e-01 4.137395e+00
9.9128         -1.810978e+02 8.548686e+01 1.757925e+03 -1.806191e+02 8.530031e+01 1.753788e+03 -4.787207e-01 1.865529e-01 4.137186e+00
9.91285        -1.809143e+02 8.540653e+01 1.755717e+03 -1.804356e+02 8.521998e+01 1.751580e+03 -4.787091e-01 1.865463e-01 4.136966e+00
9.9129         -1.807303e+02 8.532564e+01 1.753468e+03 -1.802516e+02 8.513910e+01 1.749332e+03 -4.786969e-01 1.865401e-01 4.136735e+00
9.91295        -1.805635e+02 8.525268e+01 1.751505e+03 -1.800848e+02 8.506615e+01 1.747368e+03 -4.786843e-01 1.865343e-01 4.136493e+00
9.913          -1.803757e+02 8.517032e+01 1.749251e+03 -1.798970e+02 8.498379e+01 1.745115e+03 -4.786712e-01 1.865288e-01 4.136240e+00
9.91305        -1.801963e+02 8.509159e+01 1.747099e+03 -1.797177e+02 8.490507e+01 1.742963e+03 -4.786576e-01 1.865239e-01 4.135975e+00
9.9131         -1.799983e+02 8.500381e+01 1.744722e+03 -1.795196e+02 8.481729e+01 1.740586e+03 -4.786435e-01 1.865193e-01 4.135699e+00
9.91315        -1.798101e+02 8.492116e+01 1.742470e+03 -1.793315e+02 8.473464e+01 1.738335e+03 -4.786289e-01 1.865151e-01 4.135411e+00
9.9132         -1.796176e+02 8.483654e+01 1.740158e+03 -1.791390e+02 8.465003e+01 1.736023e+03 -4.786137e-01 1.865113e-01 4.135112e+00
9.91325        -1.794231e+02 8.475103e+01 1.737821e+03 -1.789445e+02 8.456452e+01 1.733686e+03 -4.785980e-01 1.865080e-01 4.134800e+00
9.9133         -1.792238e+02 8.466352e+01 1.735435e+03 -1.787452e+02 8.447701e+01 1.731301e+03 -4.785817e-01 1.865052e-01 4.134476e+00
9.91335        -1.790333e+02 8.458077e+01 1.733142e+03 -1.785547e+02 8.439426e+01 1.729008e+03 -4.785649e-01 1.865028e-01 4.134140e+00
9.9134         -1.788204e+02 8.448699e+01 1.730600e+03 -1.783419e+02 8.430049e+01 1.726467e+03 -4.785475e-01 1.865009e-01 4.133790e+00
9.91345        -1.786069e+02 8.439316e+01 1.728044e+03 -1.781284e+02 8.420666e+01 1.723911e+03 -4.785296e-01 1.864995e-01 4.133428e+00
9.9135         -1.784293e+02 8.431556e+01 1.725907e+03 -1.779508e+02 8.412906e+01 1.721774e+03 -4.785111e-01 1.864986e-01 4.133053e+00
9.91355        -1.782189e+02 8.422225e+01 1.723348e+03 -1.777404e+02 8.403575e+01 1.719215e+03 -4.784920e-01 1.864981e-01 4.132665e+00
9.9136         -1.779991e+02 8.412629e+01 1.720745e+03 -1.775207e+02 8.393979e+01 1.716612e+03 -4.784723e-01 1.864981e-01 4.132264e+00
9.91365        -1.777987e+02 8.403889e+01 1.718389e+03 -1.773203e+02 8.385239e+01 1.714257e+03 -4.784521e-01 1.864986e-01 4.131850e+00
9.9137         -1.775738e+02 8.393949e+01 1.715678e+03 -1.770953e+02 8.375299e+01 1.711546e+03 -4.784312e-01 1.864996e-01 4.131423e+00
9.91375        -1.773484e+02 8.384103e+01 1.712997e+03 -1.768700e+02 8.365453e+01 1.708866e+03 -4.784098e-01 1.865012e-01 4.130982e+00
9.9138         -1.771420e+02 8.374869e+01 1.710435e+03 -1.766636e+02 8.356219e+01 1.706305e+03 -4.783877e-01 1.865032e-01 4.130527e+00
9.91385        -1.769185e+02 8.365047e+01 1.707744e+03 -1.764401e+02 8.346396e+01 1.703613e+03 -4.783650e-01 1.865058e-01 4.130058e+00
9.9139         -1.766829e+02 8.354765e+01 1.704969e+03 -1.762045e+02 8.336114e+01 1.700839e+03 -4.783417e-01 1.865089e-01 4.129575e+00
9.91395        -1.764444e+02 8.344127e+01 1.702051e+03 -1.759660e+02 8.325476e+01 1.697922e+03 -4.783177e-01 1.865126e-01 4.129077e+00
9.914          -1.762083e+02 8.334046e+01 1.699304e+03 -1.757300e+02 8.315394e+01 1.695176e+03 -4.782930e-01 1.865169e-01 4.128563e+00
9.91405        -1.759783e+02 8.323870e+01 1.696500e+03 -1.755000e+02 8.305218e+01 1.692372e+03 -4.782676e-01 1.865217e-01 4.128034e+00
9.9141         -1.757373e+02 8.313260e+01 1.693605e+03 -1.752590e+02 8.294608e+01 1.689477e+03 -4.782416e-01 1.865271e-01 4.127490e+00
9.91415        -1.754948e+02 8.302599e+01 1.690690e+03 -1.750166e+02 8.283945e+01 1.686563e+03 -4.782148e-01 1.865332e-01 4.126930e+00
9.9142         -1.752488e+02 8.291815e+01 1.687754e+03 -1.747706e+02 8.273161e+01 1.683628e+03 -4.781874e-01 1.865398e-01 4.126355e+00
9.91425        -1.749934e+02 8.280600e+01 1.684699e+03 -1.745153e+02 8.261946e+01 1.680573e+03 -4.781593e-01 1.865470e-01 4.125764e+00
9.9143         -1.747483e+02 8.269867e+01 1.681786e+03 -1.742702e+02 8.251212e+01 1.677661e+03 -4.781304e-01 1.865548e-01 4.125157e+00
9.91435        -1.745101e+02 8.259258e+01 1.678850e+03 -1.740320e+02 8.240602e+01 1.674726e+03 -4.781008e-01 1.865632e-01 4.124534e+00
9.9144         -1.742230e+02 8.246771e+01 1.675464e+03 -1.737449e+02 8.228114e+01 1.671340e+03 -4.780705e-01 1.865723e-01 4.123893e+00
9.91445        -1.739680e+02 8.235570e+01 1.672416e+03 -1.734899e+02 8.216911e+01 1.668293e+03 -4.780394e-01 1.865820e-01 4.123236e+00
9.9145         -1.737020e+02 8.223865e+01 1.669226e+03 -1.732240e+02 8.205206e+01 1.665104e+03 -4.780075e-01 1.865923e-01 4.122562e+00
9.91455        -1.734345e+02 8.212186e+01 1.666024e+03 -1.729566e+02 8.193526e+01 1.661902e+03 -4.779749e-01 1.866033e-01 4.121871e+00
9.9146         -1.731543e+02 8.199824e+01 1.662643e+03 -1.726763e+02 8.181163e+01 1.658522e+03 -4.779414e-01 1.866149e-01 4.121161e+00
9.91465        -1.728785e+02 8.187664e+01 1.659312e+03 -1.724006e+02 8.169001e+01 1.655191e+03 -4.779072e-01 1.866273e-01 4.120434e+00
9.9147         -1.725903e+02 8.175041e+01 1.655879e+03 -1.721124e+02 8.156377e+01 1.651759e+03 -4.778721e-01 1.866403e-01 4.119688e+00
9.91475        -1.723082e+02 8.162578e+01 1.652460e+03 -1.718304e+02 8.143913e+01 1.648341e+03 -4.778361e-01 1.866541e-01 4.118924e+00
9.9148         -1.720528e+02 8.151426e+01 1.649435e+03 -1.715750e+02 8.132759e+01 1.645317e+03 -4.777995e-01 1.866684e-01 4.118143e+00
9.91485        -1.717536e+02 8.138285e+01 1.645841e+03 -1.712759e+02 8.119616e+01 1.641723e+03 -4.777619e-01 1.866835e-01 4.117343e+00
9.9149         -1.714515e+02 8.125025e+01 1.642222e+03 -1.709737e+02 8.106355e+01 1.638106e+03 -4.777235e-01 1.866993e-01 4.116524e+00
9.91495        -1.711633e+02 8.112230e+01 1.638717e+03 -1.706856e+02 8.093559e+01 1.634602e+03 -4.776843e-01 1.867158e-01 4.115685e+00
9.915          -1.708603e+02 8.099082e+01 1.635140e+03 -1.703827e+02 8.080408e+01 1.631025e+03 -4.776441e-01 1.867331e-01 4.114828e+00
9.91505        -1.705512e+02 8.085516e+01 1.631431e+03 -1.700736e+02 8.066840e+01 1.627317e+03 -4.776031e-01 1.867511e-01 4.113951e+00
9.9151         -1.702193e+02 8.070944e+01 1.627447e+03 -1.697417e+02 8.052267e+01 1.623334e+03 -4.775611e-01 1.867699e-01 4.113052e+00
9.91515        -1.699407e+02 8.058686e+01 1.624100e+03 -1.694632e+02 8.040008e+01 1.619988e+03 -4.775183e-01 1.867894e-01 4.112135e+00
9.9152         -1.696212e+02 8.044586e+01 1.620263e+03 -1.691437e+02 8.025905e+01 1.616152e+03 -4.774745e-01 1.868096e-01 4.111197e+00
9.91525        -1.693027e+02 8.030626e+01 1.616446e+03 -1.688253e+02 8.011943e+01 1.612336e+03 -4.774298e-01 1.868306e-01 4.110239e+00
9.9153         -1.689846e+02 8.016668e+01 1.612638e+03 -1.685072e+02 7.997983e+01 1.608529e+03 -4.773842e-01 1.868524e-01 4.109261e+00
9.91535        -1.686884e+02 8.003731e+01 1.609147e+03 -1.682111e+02 7.985044e+01 1.605039e+03 -4.773376e-01 1.868749e-01 4.108261e+00
9.9154         -1.683627e+02 7.989323e+01 1.605173e+03 -1.678854e+02 7.970634e+01 1.601066e+03 -4.772902e-01 1.868982e-01 4.107242e+00
9.91545        -1.682227e+02 7.983179e+01 1.603491e+03 -1.677454e+02 7.964487e+01 1.599385e+03 -4.772420e-01 1.869221e-01 4.106206e+00
9.9155         -1.670767e+02 7.933124e+01 1.589781e+03 -1.665995e+02 7.914430e+01 1.585676e+03 -4.771919e-01 1.869475e-01 4.105131e+00
9.91555        -1.669440e+02 7.927142e+01 1.588064e+03 -1.664669e+02 7.908445e+01 1.583960e+03 -4.771400e-01 1.869745e-01 4.104014e+00
9.9156         -1.665958e+02 7.912043e+01 1.584034e+03 -1.661187e+02 7.893342e+01 1.579931e+03 -4.770872e-01 1.870021e-01 4.102878e+00
9.91565        -1.662532e+02 7.896941e+01 1.579844e+03 -1.657761e+02 7.878238e+01 1.575742e+03 -4.770334e-01 1.870306e-01 4.101720e+00
9.9157         -1.658946e+02 7.881215e+01 1.575550e+03 -1.654176e+02 7.862509e+01 1.571450e+03 -4.769785e-01 1.870600e-01 4.100539e+00
9.91575        -1.655007e+02 7.863865e+01 1.570780e+03 -1.650238e+02 7.845156e+01 1.566681e+03 -4.769225e-01 1.870902e-01 4.099334e+00
9.9158         -1.651600e+02 7.849019e+01 1.566747e+03 -1.646832e+02 7.830307e+01 1.562649e+03 -4.768655e-01 1.871214e-01 4.098104e+00
9.91585        -1.647590e+02 7.831441e+01 1.561933e+03 -1.642822e+02 7.812726e+01 1.557837e+03 -4.768072e-01 1.871535e-01 4.096850e+00
9.9159         -1.644236e+02 7.816847e+01 1.557920e+03 -1.639469e+02 7.798129e+01 1.553824e+03 -4.767479e-01 1.871865e-01 4.095571e+00
9.91595        -1.640419e+02 7.799561e+01 1.553289e+03 -1.635652e+02 7.780839e+01 1.549194e+03 -4.766876e-01 1.872204e-01 4.094269e+00
9.916          -1.637287e+02 7.785830e+01 1.549517e+03 -1.632521e+02 7.767104e+01 1.545424e+03 -4.766264e-01 1.872549e-01 4.092950e+00
9.91605        -1.632894e+02 7.766604e+01 1.544248e+03 -1.628128e+02 7.747875e+01 1.540156e+03 -4.765640e-01 1.872903e-01 4.091603e+00
9.9161         -1.628695e+02 7.748335e+01 1.539243e+03 -1.623930e+02 7.729603e+01 1.535153e+03 -4.765002e-01 1.873268e-01 4.090228e+00
9.91615        -1.624504e+02 7.730003e+01 1.534213e+03 -1.619740e+02 7.711266e+01 1.530125e+03 -4.764351e-01 1.873646e-01 4.088822e+00
9.9162         -1.620019e+02 7.710398e+01 1.528805e+03 -1.615256e+02 7.691657e+01 1.524718e+03 -4.763686e-01 1.874035e-01 4.087387e+00
9.91625        -1.615652e+02 7.691250e+01 1.523565e+03 -1.610889e+02 7.672505e+01 1.519479e+03 -4.763009e-01 1.874435e-01 4.085923e+00
9.9163         -1.611200e+02 7.671735e+01 1.518230e+03 -1.606438e+02 7.652986e+01 1.514145e+03 -4.762319e-01 1.874846e-01 4.084431e+00
9.91635        -1.606807e+02 7.652478e+01 1.512956e+03 -1.602046e+02 7.633725e+01 1.508873e+03 -4.761615e-01 1.875268e-01 4.082910e+00
9.9164         -1.601960e+02 7.631175e+01 1.507132e+03 -1.597199e+02 7.612418e+01 1.503051e+03 -4.760898e-01 1.875701e-01 4.081359e+00
9.91645        -1.597559e+02 7.612053e+01 1.501850e+03 -1.592799e+02 7.593291e+01 1.497771e+03 -4.760166e-01 1.876147e-01 4.079777e+00
9.9165         -1.592735e+02 7.590937e+01 1.496094e+03 -1.587975e+02 7.572171e+01 1.492015e+03 -4.759421e-01 1.876604e-01 4.078165e+00
9.91655        -1.587824e+02 7.569279e+01 1.490124e+03 -1.583065e+02 7.550508e+01 1.486047e+03 -4.758661e-01 1.877073e-01 4.076521e+00
9.9166         -1.583152e+02 7.548897e+01 1.484566e+03 -1.578394e+02 7.530122e+01 1.480491e+03 -4.757887e-01 1.877553e-01 4.074846e+00
9.91665        -1.578095e+02 7.526746e+01 1.478490e+03 -1.573338e+02 7.507966e+01 1.474417e+03 -4.757098e-01 1.878047e-01 4.073139e+00
9.9167         -1.573171e+02 7.505152e+01 1.472578e+03 -1.568414e+02 7.486367e+01 1.468506e+03 -4.756295e-01 1.878552e-01 4.071399e+00
9.91675        -1.568151e+02 7.483113e+01 1.466491e+03 -1.563396e+02 7.464322e+01 1.462421e+03 -4.755476e-01 1.879070e-01 4.069626e+00
9.9168         -1.562731e+02 7.459306e+01 1.460038e+03 -1.557976e+02 7.440510e+01 1.455970e+03 -4.754641e-01 1.879600e-01 4.067819e+00
9.91685        -1.558101e+02 7.439536e+01 1.454469e+03 -1.553347e+02 7.420734e+01 1.450403e+03 -4.753792e-01 1.880144e-01 4.065980e+00
9.9169         -1.552851e+02 7.416038e+01 1.448146e+03 -1.548098e+02 7.397231e+01 1.444082e+03 -4.752928e-01 1.880702e-01 4.064107e+00
9.91695        -1.547766e+02 7.393856e+01 1.441957e+03 -1.543014e+02 7.375043e+01 1.437895e+03 -4.752048e-01 1.881271e-01 4.062201e+00
9.917          -1.546455e+02 7.390324e+01 1.440329e+03 -1.541704e+02 7.371505e+01 1.436269e+03 -4.751154e-01 1.881852e-01 4.060263e+00
9.91705        -1.534401e+02 7.335510e+01 1.425998e+03 -1.529651e+02 7.316686e+01 1.421940e+03 -4.750232e-01 1.882455e-01 4.058266e+00
9.9171         -1.526000e+02 7.298498e+01 1.415911e+03 -1.521251e+02 7.279667e+01 1.411855e+03 -4.749293e-01 1.883072e-01 4.056233e+00
9.91715        -1.521475e+02 7.278854e+01 1.410459e+03 -1.516726e+02 7.260017e+01 1.406405e+03 -4.748333e-01 1.883706e-01 4.054152e+00
9.9172         -1.516245e+02 7.255933e+01 1.404146e+03 -1.511498e+02 7.237090e+01 1.400094e+03 -4.747357e-01 1.884354e-01 4.052036e+00
9.91725        -1.510961e+02 7.232821e+01 1.397882e+03 -1.506215e+02 7.213971e+01 1.393832e+03 -4.746364e-01 1.885016e-01 4.049885e+00
9.9173         -1.502317e+02 7.195007e+01 1.387503e+03 -1.497572e+02 7.176150e+01 1.383455e+03 -4.745350e-01 1.885694e-01 4.047689e+00
9.91735        -1.496400e+02 7.169183e+01 1.380390e+03 -1.491656e+02 7.150319e+01 1.376345e+03 -4.744315e-01 1.886391e-01 4.045445e+00
9.9174         -1.490753e+02 7.144398e+01 1.373608e+03 -1.486009e+02 7.125527e+01 1.369565e+03 -4.743262e-01 1.887101e-01 4.043163e+00
9.91745        -1.484755e+02 7.118133e+01 1.366416e+03 -1.480013e+02 7.099254e+01 1.362375e+03 -4.742191e-01 1.887827e-01 4.040841e+00
9.9175         -1.478135e+02 7.089168e+01 1.358483e+03 -1.473394e+02 7.070282e+01 1.354445e+03 -4.741101e-01 1.888568e-01 4.038479e+00
9.91755        -1.471989e+02 7.062227e+01 1.351067e+03 -1.467249e+02 7.043334e+01 1.347030e+03 -4.739991e-01 1.889326e-01 4.036074e+00
9.9176         -1.466277e+02 7.037249e+01 1.344218e+03 -1.461538e+02 7.018348e+01 1.340184e+03 -4.738863e-01 1.890098e-01 4.033629e+00
9.91765        -1.451975e+02 6.974544e+01 1.327029e+03 -1.447237e+02 6.955635e+01 1.322998e+03 -4.737716e-01 1.890887e-01 4.031142e+00
9.9177         -1.447283e+02 6.954135e+01 1.321377e+03 -1.442547e+02 6.935218e+01 1.317348e+03 -4.736529e-01 1.891706e-01 4.028571e+00
9.91775        -1.440627e+02 6.925017e+01 1.313360e+03 -1.435892e+02 6.906092e+01 1.309334e+03 -4.735324e-01 1.892541e-01 4.025960e+00
9.9178         -1.433503e+02 6.893835e+01 1.304817e+03 -1.428769e+02 6.874901e+01 1.300793e+03 -4.734098e-01 1.893393e-01 4.023302e+00
9.91785        -1.426793e+02 6.864465e+01 1.296733e+03 -1.422061e+02 6.845523e+01 1.292713e+03 -4.732851e-01 1.894262e-01 4.020600e+00
9.9179         -1.419187e+02 6.831191e+01 1.287641e+03 -1.414455e+02 6.812240e+01 1.283623e+03 -4.731581e-01 1.895150e-01 4.017849e+00
9.91795        -1.411356e+02 6.796772e+01 1.278149e+03 -1.406626e+02 6.777812e+01 1.274134e+03 -4.730289e-01 1.896057e-01 4.015047e+00
9.918          -1.403602e+02 6.762858e+01 1.268844e+03 -1.398873e+02 6.743888e+01 1.264832e+03 -4.728972e-01 1.896983e-01 4.012194e+00
9.91805        -1.395799e+02 6.728796e+01 1.259523e+03 -1.391072e+02 6.709817e+01 1.255513e+03 -4.727630e-01 1.897928e-01 4.009288e+00
9.9181         -1.387735e+02 6.693565e+01 1.249820e+03 -1.383008e+02 6.674576e+01 1.245814e+03 -4.726263e-01 1.898893e-01 4.006329e+00
9.91815        -1.379317e+02 6.656749e+01 1.239713e+03 -1.374592e+02 6.637750e+01 1.235710e+03 -4.724872e-01 1.899878e-01 4.003316e+00
9.9182         -1.370823e+02 6.619577e+01 1.229535e+03 -1.366100e+02 6.600568e+01 1.225535e+03 -4.723454e-01 1.900885e-01 4.000247e+00
9.91825        -1.362424e+02 6.582800e+01 1.219416e+03 -1.357702e+02 6.563781e+01 1.215418e+03 -4.722011e-01 1.901912e-01 3.997123e+00
9.9183         -1.353820e+02 6.545202e+01 1.209132e+03 -1.349100e+02 6.526172e+01 1.205138e+03 -4.720541e-01 1.902961e-01 3.993942e+00
9.91835        -1.345360e+02 6.508211e+01 1.198909e+03 -1.340641e+02 6.489171e+01 1.194918e+03 -4.719046e-01 1.904031e-01 3.990704e+00
9.9184         -1.341992e+02 6.493869e+01 1.194699e+03 -1.337275e+02 6.474818e+01 1.190712e+03 -4.717528e-01 1.905119e-01 3.987418e+00
9.91845        -1.321962e+02 6.406015e+01 1.170800e+03 -1.317246e+02 6.386952e+01 1.166816e+03 -4.715964e-01 1.906244e-01 3.984035e+00
9.9185         -1.313766e+02 6.369488e+01 1.160935e+03 -1.309052e+02 6.350414e+01 1.156955e+03 -4.714371e-01 1.907392e-01 3.980587e+00
9.91855        -1.304136e+02 6.327463e+01 1.149249e+03 -1.299423e+02 6.308377e+01 1.145272e+03 -4.712750e-01 1.908561e-01 3.977081e+00
9.9186         -1.294157e+02 6.283953e+01 1.137385e+03 -1.289446e+02 6.264855e+01 1.133412e+03 -4.711100e-01 1.909754e-01 3.973511e+00
9.91865        -1.284498e+02 6.241683e+01 1.125728e+03 -1.279788e+02 6.222573e+01 1.121758e+03 -4.709419e-01 1.910972e-01 3.969876e+00
9.9187         -1.274475e+02 6.197964e+01 1.113681e+03 -1.269767e+02 6.178842e+01 1.109715e+03 -4.707707e-01 1.912215e-01 3.966174e+00
9.91875        -1.263602e+02 6.150266e+01 1.100603e+03 -1.258896e+02 6.131131e+01 1.096641e+03 -4.705963e-01 1.913483e-01 3.962403e+00
9.9188         -1.252699e+02 6.102516e+01 1.087566e+03 -1.247995e+02 6.083368e+01 1.083607e+03 -4.704186e-01 1.914779e-01 3.958561e+00
9.91885        -1.241639e+02 6.054171e+01 1.074260e+03 -1.236937e+02 6.035010e+01 1.070306e+03 -4.702376e-01 1.916101e-01 3.954647e+00
9.9189         -1.230696e+02 6.006403e+01 1.061100e+03 -1.225995e+02 5.987228e+01 1.057149e+03 -4.700532e-01 1.917451e-01 3.950660e+00
9.91895        -1.219121e+02 5.955817e+01 1.047190e+03 -1.214422e+02 5.936629e+01 1.043243e+03 -4.698652e-01 1.918830e-01 3.946597e+00
9.919          -1.206960e+02 5.902562e+01 1.032540e+03 -1.202264e+02 5.883359e+01 1.028597e+03 -4.696738e-01 1.920236e-01 3.942458e+00
9.91905        -1.195567e+02 5.852843e+01 1.018867e+03 -1.190872e+02 5.833626e+01 1.014929e+03 -4.694786e-01 1.921673e-01 3.938239e+00
9.9191         -1.183326e+02 5.799300e+01 1.004099e+03 -1.178633e+02 5.780069e+01 1.000165e+03 -4.692796e-01 1.923140e-01 3.933938e+00
9.91915        -1.170948e+02 5.745169e+01 9.892708e+02 -1.166257e+02 5.725922e+01 9.853412e+02 -4.690769e-01 1.924637e-01 3.929558e+00
9.9192         -1.158352e+02 5.690053e+01 9.741256e+02 -1.153664e+02 5.670791e+01 9.702005e+02 -4.688703e-01 1.926165e-01 3.925095e+00
9.91925        -1.145449e+02 5.633777e+01 9.586195e+02 -1.140762e+02 5.614499e+01 9.546990e+02 -4.686598e-01 1.927724e-01 3.920547e+00
9.9193         -1.131965e+02 5.574700e+01 9.424000e+02 -1.127280e+02 5.555407e+01 9.384841e+02 -4.684452e-01 1.929317e-01 3.915912e+00
9.91935        -1.118973e+02 5.517982e+01 9.267904e+02 -1.114291e+02 5.498672e+01 9.228792e+02 -4.682265e-01 1.930942e-01 3.911188e+00
9.9194         -1.104861e+02 5.456213e+01 9.098148e+02 -1.100181e+02 5.436887e+01 9.059085e+02 -4.680037e-01 1.932601e-01 3.906375e+00
9.91945        -1.090718e+02 5.394400e+01 8.928277e+02 -1.086040e+02 5.375057e+01 8.889262e+02 -4.677765e-01 1.934295e-01 3.901469e+00
9.9195         -1.076647e+02 5.332854e+01 8.758982e+02 -1.071972e+02 5.313494e+01 8.720017e+02 -4.675449e-01 1.936024e-01 3.896468e+00
9.91955        -1.061603e+02 5.267042e+01 8.578002e+02 -1.056930e+02 5.247664e+01 8.539089e+02 -4.673088e-01 1.937789e-01 3.891372e+00
9.9196         -1.046588e+02 5.202096e+01 8.397491e+02 -1.041918e+02 5.182701e+01 8.358629e+02 -4.670686e-01 1.939589e-01 3.886184e+00
9.91965        -1.027803e+02 5.119290e+01 8.171806e+02 -1.023135e+02 5.099876e+01 8.132997e+02 -4.668220e-01 1.941438e-01 3.880862e+00
9.9197         -1.012167e+02 5.050827e+01 7.983536e+02 -1.007502e+02 5.031394e+01 7.944782e+02 -4.665709e-01 1.943324e-01 3.875443e+00
9.91975        -9.960460e+01 4.980416e+01 7.789893e+02 -9.913828e+01 4.960963e+01 7.751194e+02 -4.663150e-01 1.945251e-01 3.869919e+00
9.9198         -9.792912e+01 4.906777e+01 7.588256e+02 -9.746307e+01 4.887304e+01 7.549613e+02 -4.660544e-01 1.947215e-01 3.864295e+00
9.91985        -9.625107e+01 4.834195e+01 7.386709e+02 -9.578528e+01 4.814703e+01 7.348124e+02 -4.657884e-01 1.949224e-01 3.858556e+00
9.9199         -9.454771e+01 4.759557e+01 7.181877e+02 -9.408219e+01 4.740044e+01 7.143350e+02 -4.655172e-01 1.951278e-01 3.852702e+00
9.91995        -9.263829e+01 4.676093e+01 6.951914e+02 -9.217305e+01 4.656559e+01 6.913447e+02 -4.652409e-01 1.953380e-01 3.846738e+00
9.92           -9.082508e+01 4.596972e+01 6.734755e+02 -9.036012e+01 4.577417e+01 6.696348e+02 -4.649594e-01 1.955529e-01 3.840660e+00
9.92005        -8.896295e+01 4.515225e+01 6.510413e+02 -8.849828e+01 4.495648e+01 6.472068e+02 -4.646697e-01 1.957708e-01 3.834417e+00
9.9201         -8.700764e+01 4.429812e+01 6.275230e+02 -8.654327e+01 4.410213e+01 6.236949e+02 -4.643741e-01 1.959935e-01 3.828047e+00
9.92015        -8.496492e+01 4.340520e+01 6.029528e+02 -8.450084e+01 4.320898e+01 5.991312e+02 -4.640724e-01 1.962211e-01 3.821546e+00
9.9202         -8.297725e+01 4.253570e+01 5.790405e+02 -8.251348e+01 4.233925e+01 5.752256e+02 -4.637645e-01 1.964538e-01 3.814912e+00
9.92025        -8.080014e+01 4.158571e+01 5.529140e+02 -8.033669e+01 4.138902e+01 5.491058e+02 -4.634502e-01 1.966915e-01 3.808141e+00
9.9203         -7.871136e+01 4.067076e+01 5.276727e+02 -7.824823e+01 4.047382e+01 5.238715e+02 -4.631293e-01 1.969344e-01 3.801229e+00
9.92035        -7.659283e+01 3.974144e+01 5.022289e+02 -7.613003e+01 3.954426e+01 4.984347e+02 -4.628019e-01 1.971823e-01 3.794177e+00
9.9204         -7.437124e+01 3.877165e+01 4.755603e+02 -7.390877e+01 3.857421e+01 4.717733e+02 -4.624676e-01 1.974357e-01 3.786979e+00
9.92045        -7.209185e+01 3.777352e+01 4.481233e+02 -7.162972e+01 3.757582e+01 4.443437e+02 -4.621264e-01 1.976945e-01 3.779633e+00
9.9205         -6.968248e+01 3.672173e+01 4.191686e+02 -6.922071e+01 3.652377e+01 4.153965e+02 -4.617777e-01 1.979592e-01 3.772127e+00
9.92055        -6.726420e+01 3.565689e+01 3.901089e+02 -6.680278e+01 3.545866e+01 3.863445e+02 -4.614216e-01 1.982294e-01 3.764463e+00
9.9206         -6.475367e+01 3.457011e+01 3.598842e+02 -6.429261e+01 3.437160e+01 3.561276e+02 -4.610579e-01 1.985064e-01 3.756635e+00
9.92065        -6.215396e+01 3.343232e+01 3.286031e+02 -6.169327e+01 3.323353e+01 3.248545e+02 -4.606863e-01 1.987896e-01 3.748636e+00
9.9207         -5.955803e+01 3.229923e+01 2.974052e+02 -5.909772e+01 3.210015e+01 2.936647e+02 -4.603065e-01 1.990793e-01 3.740462e+00
9.92075        -5.678285e+01 3.108438e+01 2.640192e+02 -5.632294e+01 3.088500e+01 2.602871e+02 -4.599182e-01 1.993756e-01 3.732108e+00
9.9208         -5.403685e+01 2.988387e+01 2.309886e+02 -5.357733e+01 2.968419e+01 2.272651e+02 -4.595214e-01 1.996786e-01 3.723570e+00
9.92085        -5.119087e+01 2.864042e+01 1.967599e+02 -5.073175e+01 2.844043e+01 1.930450e+02 -4.591157e-01 1.999887e-01 3.714842e+00
9.9209         -4.822207e+01 2.734031e+01 1.610834e+02 -4.776337e+01 2.714000e+01 1.573775e+02 -4.587009e-01 2.003060e-01 3.705917e+00
9.92095        -4.518789e+01 2.601365e+01 1.245934e+02 -4.472961e+01 2.581302e+01 1.208966e+02 -4.582767e-01 2.006303e-01 3.696795e+00
9.921          -4.206157e+01 2.464556e+01 8.698064e+01 -4.160373e+01 2.444459e+01 8.329318e+01 -4.578428e-01 2.009623e-01 3.687463e+00
9.92105        -3.888354e+01 2.325548e+01 4.873349e+01 -3.842614e+01 2.305418e+01 4.505557e+01 -4.573988e-01 2.013022e-01 3.677918e+00
9.9211         -3.554388e+01 2.179578e+01 8.587055e+00 -3.508694e+01 2.159413e+01 4.918905e+00 -4.569445e-01 2.016502e-01 3.668150e+00
9.92115        -3.222812e+01 2.034540e+01 -3.128812e+01 -3.177164e+01 2.014339e+01 -3.494628e+01 -4.564797e-01 2.020065e-01 3.658157e+00
9.9212         -2.864756e+01 1.878076e+01 -7.434471e+01 -2.819156e+01 1.857839e+01 -7.799264e+01 -4.560038e-01 2.023714e-01 3.647927e+00
9.92125        -2.505319e+01 1.720928e+01 -1.175768e+02 -2.459768e+01 1.700653e+01 -1.212143e+02 -4.555164e-01 2.027454e-01 3.637450e+00
9.9213         -2.134361e+01 1.558467e+01 -1.621983e+02 -2.088859e+01 1.538154e+01 -1.658250e+02 -4.550173e-01 2.031287e-01 3.626722e+00
9.92135        -1.733744e+01 1.383177e+01 -2.103659e+02 -1.688293e+01 1.362825e+01 -2.139817e+02 -4.545057e-01 2.035218e-01 3.615724e+00
9.9214         -1.358207e+01 1.218373e+01 -2.554529e+02 -1.312809e+01 1.197980e+01 -2.590573e+02 -4.539811e-01 2.039254e-01 3.604444e+00
9.92145        -9.431487e+00 1.038955e+01 -3.055665e+02 -8.978044e+00 1.018521e+01 -3.091594e+02 -4.534436e-01 2.043393e-01 3.592886e+00
9.9215         -5.156334e+00 8.526005e+00 -3.570036e+02 -4.703438e+00 8.321246e+00 -3.605847e+02 -4.528966e-01 2.047592e-01 3.581144e+00
9.92155        -8.367457e-01 6.632030e+00 -4.089512e+02 -3.844103e-01 6.426840e+00 -4.125203e+02 -4.523355e-01 2.051900e-01 3.569101e+00
9.9216         3.661504e+00 4.664478e+00 -4.630573e+02 4.113264e+00 4.458847e+00 -4.666140e+02 -4.517608e-01 2.056312e-01 3.556769e+00
9.92165        8.289144e+00 2.641309e+00 -5.187192e+02 8.740315e+00 2.435226e+00 -5.222633e+02 -4.511716e-01 2.060835e-01 3.544128e+00
9.9217         1.318317e+01 4.997423e-01 -5.775748e+02 1.363373e+01 2.931950e-01 -5.811060e+02 -4.505676e-01 2.065473e-01 3.531170e+00
9.92175        1.819948e+01 -1.693404e+00 -6.379266e+02 1.864943e+01 -1.900427e+00 -6.414444e+02 -4.499480e-01 2.070231e-01 3.517879e+00
9.9218         2.325227e+01 -3.901597e+00 -6.987461e+02 2.370159e+01 -4.109108e+00 -7.022503e+02 -4.493124e-01 2.075112e-01 3.504248e+00
9.92185        2.862630e+01 -6.252939e+00 -7.633773e+02 2.907496e+01 -6.460950e+00 -7.668676e+02 -4.486604e-01 2.080119e-01 3.490267e+00
9.9219         3.420650e+01 -8.692628e+00 -8.305137e+02 3.465449e+01 -8.901154e+00 -8.339896e+02 -4.479912e-01 2.085259e-01 3.475919e+00
9.92195        3.994548e+01 -1.119640e+01 -8.995418e+02 4.039279e+01 -1.140546e+01 -9.030030e+02 -4.473041e-01 2.090538e-01 3.461190e+00
9.922          4.575384e+01 -1.373730e+01 -9.694176e+02 4.620043e+01 -1.394690e+01 -9.728637e+02 -4.465988e-01 2.095958e-01 3.446071e+00
9.92205        5.188966e+01 -1.642065e+01 -1.043234e+03 5.233553e+01 -1.663081e+01 -1.046665e+03 -4.458747e-01 2.101522e-01 3.430553e+00
9.9221         5.828053e+01 -1.921308e+01 -1.120138e+03 5.872566e+01 -1.942381e+01 -1.123552e+03 -4.451308e-01 2.107240e-01 3.414611e+00
9.92215        6.494385e+01 -2.213257e+01 -1.200273e+03 6.538822e+01 -2.234389e+01 -1.203671e+03 -4.443662e-01 2.113117e-01 3.398228e+00
9.9222         7.216444e+01 -2.529420e+01 -1.287143e+03 7.260802e+01 -2.550611e+01 -1.290525e+03 -4.435798e-01 2.119163e-01 3.381380e+00
9.92225        7.816182e+01 -2.790787e+01 -1.359305e+03 7.860459e+01 -2.812041e+01 -1.362669e+03 -4.427742e-01 2.125358e-01 3.364123e+00
9.9223         8.579807e+01 -3.124799e+01 -1.451165e+03 8.624001e+01 -3.146116e+01 -1.454511e+03 -4.419456e-01 2.131731e-01 3.346374e+00
9.92235        9.352116e+01 -3.462032e+01 -1.544135e+03 9.396225e+01 -3.483415e+01 -1.547463e+03 -4.410928e-01 2.138290e-01 3.328109e+00
9.9224         1.016872e+02 -3.819263e+01 -1.642375e+03 1.021274e+02 -3.840714e+01 -1.645685e+03 -4.402151e-01 2.145043e-01 3.309313e+00
9.92245        1.099542e+02 -4.180635e+01 -1.741806e+03 1.103935e+02 -4.202155e+01 -1.745096e+03 -4.393116e-01 2.151996e-01 3.289966e+00
9.9225         1.186184e+02 -4.559683e+01 -1.846057e+03 1.190568e+02 -4.581274e+01 -1.849328e+03 -4.383816e-01 2.159152e-01 3.270055e+00
9.92255        1.275536e+02 -4.950285e+01 -1.953567e+03 1.279910e+02 -4.971950e+01 -1.956816e+03 -4.374241e-01 2.166521e-01 3.249558e+00
9.9226         1.368270e+02 -5.355934e+01 -2.065142e+03 1.372634e+02 -5.377675e+01 -2.068371e+03 -4.364379e-01 2.174111e-01 3.228448e+00
9.92265        1.466523e+02 -5.785056e+01 -2.183347e+03 1.470877e+02 -5.806875e+01 -2.186554e+03 -4.354214e-01 2.181934e-01 3.206693e+00
9.9227         1.568284e+02 -6.230781e+01 -2.305810e+03 1.572628e+02 -6.252681e+01 -2.308994e+03 -4.343733e-01 2.189998e-01 3.184266e+00
9.92275        1.676460e+02 -6.703053e+01 -2.435858e+03 1.680793e+02 -6.725036e+01 -2.439019e+03 -4.332921e-01 2.198310e-01 3.161137e+00
9.9228         1.787488e+02 -7.188175e+01 -2.569442e+03 1.791810e+02 -7.210244e+01 -2.572580e+03 -4.321796e-01 2.206894e-01 3.137335e+00
9.92285        1.908866e+02 -7.719687e+01 -2.715545e+03 1.913176e+02 -7.741845e+01 -2.718658e+03 -4.310308e-01 2.215756e-01 3.112759e+00
9.9229         2.032961e+02 -8.261825e+01 -2.864807e+03 2.037260e+02 -8.284075e+01 -2.867895e+03 -4.298431e-01 2.224919e-01 3.087352e+00
9.92295        2.156647e+02 -8.803262e+01 -3.013538e+03 2.160933e+02 -8.825605e+01 -3.016599e+03 -4.286171e-01 2.234381e-01 3.061131e+00
9.923          2.289351e+02 -9.381138e+01 -3.173433e+03 2.293624e+02 -9.403580e+01 -3.176467e+03 -4.273494e-01 2.244163e-01 3.034019e+00
9.92305        2.435752e+02 -1.002207e+02 -3.349525e+03 2.440012e+02 -1.004461e+02 -3.352531e+03 -4.260375e-01 2.254287e-01 3.005963e+00
9.9231         2.581382e+02 -1.065839e+02 -3.524745e+03 2.585629e+02 -1.068104e+02 -3.527722e+03 -4.246803e-01 2.264763e-01 2.976942e+00
9.92315        2.735151e+02 -1.133203e+02 -3.709669e+03 2.739384e+02 -1.135479e+02 -3.712616e+03 -4.232764e-01 2.275600e-01 2.946926e+00
9.9232         2.898058e+02 -1.204518e+02 -3.905812e+03 2.902276e+02 -1.206805e+02 -3.908728e+03 -4.218238e-01 2.286829e-01 2.915869e+00
9.92325        3.069136e+02 -1.279132e+02 -4.111965e+03 3.073340e+02 -1.281431e+02 -4.114849e+03 -4.203188e-01 2.298437e-01 2.883705e+00
9.9233         3.247311e+02 -1.357020e+02 -4.326347e+03 3.251498e+02 -1.359330e+02 -4.329197e+03 -4.187590e-01 2.310446e-01 2.850387e+00
9.92335        3.435979e+02 -1.439590e+02 -4.553328e+03 3.440151e+02 -1.441913e+02 -4.556143e+03 -4.171415e-01 2.322903e-01 2.815837e+00
9.9234         3.636603e+02 -1.527395e+02 -4.794625e+03 3.640757e+02 -1.529731e+02 -4.797405e+03 -4.154627e-01 2.335833e-01 2.779982e+00
9.92345        3.848647e+02 -1.620166e+02 -5.049860e+03 3.852784e+02 -1.622515e+02 -5.052603e+03 -4.137194e-01 2.349260e-01 2.742754e+00
9.9235         4.073151e+02 -1.718259e+02 -5.319993e+03 4.077270e+02 -1.720622e+02 -5.322697e+03 -4.119071e-01 2.363219e-01 2.704057e+00
9.92355        4.308560e+02 -1.821163e+02 -5.603290e+03 4.312660e+02 -1.823541e+02 -5.605954e+03 -4.100226e-01 2.377735e-01 2.663823e+00
9.9236         4.560676e+02 -1.931329e+02 -5.906617e+03 4.564756e+02 -1.933722e+02 -5.909239e+03 -4.080619e-01 2.392832e-01 2.621971e+00
9.92365        4.818510e+02 -2.044060e+02 -6.216976e+03 4.822571e+02 -2.046469e+02 -6.219554e+03 -4.060188e-01 2.408568e-01 2.578365e+00
9.9237         5.103181e+02 -2.168932e+02 -6.559558e+03 5.107220e+02 -2.171357e+02 -6.562091e+03 -4.038907e-01 2.424945e-01 2.532965e+00
9.92375        5.401410e+02 -2.299206e+02 -6.918201e+03 5.405427e+02 -2.301648e+02 -6.920687e+03 -4.016686e-01 2.442008e-01 2.485604e+00
9.9238         5.716521e+02 -2.437036e+02 -7.297708e+03 5.720515e+02 -2.439496e+02 -7.300144e+03 -3.993568e-01 2.459830e-01 2.436240e+00
9.92385        6.051615e+02 -2.583512e+02 -7.700891e+03 6.055584e+02 -2.585990e+02 -7.703276e+03 -3.969426e-01 2.478441e-01 2.384698e+00
9.9239         6.411851e+02 -2.741093e+02 -8.134426e+03 6.415795e+02 -2.743591e+02 -8.136757e+03 -3.944194e-01 2.497888e-01 2.330837e+00
9.92395        6.799637e+02 -2.910671e+02 -8.601203e+03 6.803555e+02 -2.913189e+02 -8.603478e+03 -3.917790e-01 2.518238e-01 2.274479e+00
9.924          7.208215e+02 -3.089183e+02 -9.093070e+03 7.212105e+02 -3.091722e+02 -9.095285e+03 -3.890132e-01 2.539556e-01 2.215449e+00
9.92405        7.648616e+02 -3.281664e+02 -9.623019e+03 7.652478e+02 -3.284226e+02 -9.625173e+03 -3.861146e-01 2.561902e-01 2.153586e+00
9.9241         8.112542e+02 -3.484862e+02 -1.018133e+04 8.116373e+02 -3.487448e+02 -1.018342e+04 -3.830729e-01 2.585339e-01 2.088683e+00
9.92415        8.618938e+02 -3.706267e+02 -1.079077e+04 8.622737e+02 -3.708877e+02 -1.079279e+04 -3.798787e-01 2.609944e-01 2.020537e+00
9.9242         9.166180e+02 -3.945823e+02 -1.144906e+04 9.169945e+02 -3.948459e+02 -1.145101e+04 -3.765196e-01 2.635826e-01 1.948879e+00
9.92425        9.758818e+02 -4.205222e+02 -1.216242e+04 9.762548e+02 -4.207885e+02 -1.216429e+04 -3.729818e-01 2.663073e-01 1.873419e+00
9.9243         1.039343e+03 -4.482782e+02 -1.292624e+04 1.039712e+03 -4.485474e+02 -1.292803e+04 -3.692515e-01 2.691800e-01 1.793858e+00
9.92435        1.107931e+03 -4.782811e+02 -1.375131e+04 1.108297e+03 -4.785533e+02 -1.375302e+04 -3.653144e-01 2.722110e-01 1.709897e+00
9.9244         1.181832e+03 -5.106087e+02 -1.464073e+04 1.182194e+03 -5.108842e+02 -1.464235e+04 -3.611514e-01 2.754152e-01 1.621128e+00
9.92445        1.263267e+03 -5.461822e+02 -1.562161e+04 1.263624e+03 -5.464610e+02 -1.562314e+04 -3.567426e-01 2.788070e-01 1.527128e+00
9.9245         1.352099e+03 -5.849975e+02 -1.669075e+04 1.352451e+03 -5.852799e+02 -1.669218e+04 -3.520699e-01 2.824105e-01 1.427481e+00
9.92455        1.448417e+03 -6.271491e+02 -1.785042e+04 1.448764e+03 -6.274354e+02 -1.785174e+04 -3.471030e-01 2.862379e-01 1.321577e+00
9.9246         1.553791e+03 -6.732625e+02 -1.911802e+04 1.554133e+03 -6.735528e+02 -1.911923e+04 -3.418190e-01 2.903081e-01 1.208924e+00
9.92465        1.670260e+03 -7.242289e+02 -2.051966e+04 1.670596e+03 -7.245235e+02 -2.052075e+04 -3.361866e-01 2.946471e-01 1.088852e+00
9.9247         1.798596e+03 -7.803984e+02 -2.206469e+04 1.798926e+03 -7.806977e+02 -2.206565e+04 -3.301711e-01 2.992810e-01 9.606303e-01
9.92475        1.938779e+03 -8.417685e+02 -2.375203e+04 1.939103e+03 -8.420728e+02 -2.375285e+04 -3.237227e-01 3.042342e-01 8.232393e-01
9.9248         2.097523e+03 -9.111549e+02 -2.566260e+04 2.097839e+03 -9.114645e+02 -2.566328e+04 -3.168006e-01 3.095470e-01 6.757799e-01
9.92485        2.271636e+03 -9.873214e+02 -2.775775e+04 2.271946e+03 -9.876366e+02 -2.775827e+04 -3.093486e-01 3.152634e-01 5.170525e-01
9.9249         2.465588e+03 -1.072217e+03 -3.009290e+04 2.465890e+03 -1.072539e+03 -3.009324e+04 -3.013150e-01 3.214189e-01 3.459774e-01
9.92495        2.684276e+03 -1.167888e+03 -3.272402e+04 2.684569e+03 -1.168216e+03 -3.272419e+04 -2.926261e-01 3.280710e-01 1.609842e-01
9.925          2.932778e+03 -1.276578e+03 -3.571704e+04 2.933061e+03 -1.276913e+03 -3.571700e+04 -2.831979e-01 3.352862e-01 -3.972887e-02
9.92505        3.212524e+03 -1.399002e+03 -3.908408e+04 3.212797e+03 -1.399346e+03 -3.908382e+04 -2.729308e-01 3.431385e-01 -2.582737e-01
9.9251         3.533842e+03 -1.539526e+03 -4.295074e+04 3.534103e+03 -1.539877e+03 -4.295025e+04 -2.617117e-01 3.517143e-01 -4.970564e-01
9.92515        3.897405e+03 -1.698600e+03 -4.732865e+04 3.897654e+03 -1.698961e+03 -4.732789e+04 -2.494040e-01 3.611166e-01 -7.589771e-01
9.9252         4.321992e+03 -1.884328e+03 -5.243994e+04 4.322228e+03 -1.884699e+03 -5.243889e+04 -2.358444e-01 3.714717e-01 -1.047521e+00
9.92525        4.811167e+03 -2.098491e+03 -5.832929e+04 4.811387e+03 -2.098874e+03 -5.832792e+04 -2.208336e-01 3.829288e-01 -1.366918e+00
9.9253         5.385210e+03 -2.349473e+03 -6.523909e+04 5.385414e+03 -2.349868e+03 -6.523737e+04 -2.041249e-01 3.956860e-01 -1.722484e+00
9.92535        6.061232e+03 -2.645293e+03 -7.337601e+04 6.061418e+03 -2.645703e+03 -7.337389e+04 -1.854433e-01 4.099396e-01 -2.119933e+00
9.9254         6.866548e+03 -2.997610e+03 -8.306769e+04 6.866712e+03 -2.998036e+03 -8.306512e+04 -1.644005e-01 4.259852e-01 -2.567571e+00
9.92545        7.838718e+03 -3.422899e+03 -9.476994e+04 7.838858e+03 -3.423343e+03 -9.476687e+04 -1.405186e-01 4.441862e-01 -3.075609e+00
9.9255         9.028938e+03 -3.943427e+03 -1.091011e+05 9.029051e+03 -3.943892e+03 -1.090974e+05 -1.132108e-01 4.650009e-01 -3.656566e+00
9.92555        1.050495e+04 -4.589351e+03 -1.268791e+05 1.050503e+04 -4.589840e+03 -1.268748e+05 -8.166384e-02 4.890328e-01 -4.327649e+00
9.9256         1.234444e+04 -5.393872e+03 -1.490166e+05 1.234449e+04 -5.394389e+03 -1.490115e+05 -4.484941e-02 5.171155e-01 -5.111264e+00
9.92565        1.472862e+04 -6.436048e+03 -1.777170e+05 1.472863e+04 -6.436599e+03 -1.777110e+05 -1.221825e-03 5.503228e-01 -6.038883e+00
9.9257         1.787258e+04 -7.812189e+03 -2.155854e+05 1.787253e+04 -7.812779e+03 -2.155782e+05 5.118038e-02 5.901843e-01 -7.153011e+00
9.92575        2.207172e+04 -9.649584e+03 -2.660916e+05 2.207161e+04 -9.650223e+03 -2.660831e+05 1.152497e-01 6.389496e-01 -8.515168e+00
9.9258         2.796423e+04 -1.222773e+04 -3.370525e+05 2.796403e+04 -1.222843e+04 -3.370423e+05 1.953231e-01 6.999383e-01 -1.021769e+01
9.92585        3.658917e+04 -1.599937e+04 -4.408771e+05 3.658887e+04 -1.600014e+04 -4.408647e+05 2.984245e-01 7.786418e-01 -1.241086e+01
9.9259         4.991440e+04 -2.183101e+04 -6.012557e+05 4.991396e+04 -2.183189e+04 -6.012404e+05 4.367170e-01 8.836420e-01 -1.534953e+01
9.92595        7.212436e+04 -3.154739e+04 -8.686201e+05 7.212373e+04 -3.154842e+04 -8.686006e+05 6.311871e-01 1.031445e+00 -1.948351e+01
9.926          1.133330e+05 -4.958660e+04 -1.364697e+06 1.133320e+05 -4.958786e+04 -1.364671e+06 9.260510e-01 1.255295e+00 -2.574900e+01
9.92605        2.033968e+05 -8.899819e+04 -2.448846e+06 2.033954e+05 -8.899982e+04 -2.448809e+06 1.423397e+00 1.631798e+00 -3.631044e+01
9.9261         4.724596e+05 -2.067138e+05 -5.688294e+06 4.724571e+05 -2.067162e+05 -5.688235e+06 2.453632e+00 2.411648e+00 -5.816850e+01
9.92615        2.199647e+06 -9.618346e+05 -2.648171e+07 2.199641e+06 -9.618396e+05 -2.648157e+07 5.970286e+00 5.070508e+00 -1.328057e+02
