/*--------------------------------*- C++ -*----------------------------------*\
| =========                 |                                                 |
| \\      /  F ield         | OpenFOAM: The Open Source CFD Toolbox           |
|  \\    /   O peration     | Version:  2306                                  |
|   \\  /    A nd           | Website:  www.openfoam.com                      |
|    \\/     M anipulation  |                                                 |
\*---------------------------------------------------------------------------*/
FoamFile
{
    version     2.0;
    format      ascii;
    arch        "LSB;label=32;scalar=64";
    class       volScalarField;
    location    "5.6";
    object      p;
}
// * * * * * * * * * * * * * * * * * * * * * * * * * * * * * * * * * * * * * //

dimensions      [0 2 -2 0 0 0 0];

internalField   nonuniform List<scalar> 
5098
(
-0.63228
0.51893
0.235228
2.16783
-0.930142
2.39106
0.0509399
-1.05612
0.231586
0.279926
-1.1746
0.87658
0.541466
2.67002
-0.525044
0.0127665
-0.528318
-3.57312
-4.516
-0.625446
1.50248
0.0112014
1.1531
3.21878
-5.63293
2.3209
1.45071
1.63782
-4.46107
0.892587
0.750367
2.85048
1.72965
-0.0149613
-0.395178
-2.99751
1.77346
1.69095
2.57389
1.32613
2.13155
-11.0931
2.29413
0.225512
-0.205328
0.644121
-0.942797
2.88934
0.762479
2.20429
0.214675
1.95407
-6.14124
1.60749
2.39413
2.26175
1.66681
2.04969
2.85714
-0.228679
-0.201417
-1.57197
-0.415229
0.557638
-6.12313
2.69718
0.0476045
0.121941
1.40106
1.9598
1.61776
-0.0761159
1.46897
0.193073
-0.155269
2.20701
-0.0991208
2.30177
0.361113
2.19264
-0.255092
-7.6913
2.12408
-0.107934
-3.84109
0.835692
3.40629
-0.0830817
-1.26195
-0.218018
1.03454
-5.17817
0.897833
2.16878
2.58586
0.0437072
1.94118
2.34919
-0.153265
1.46068
-1.77107
2.33175
0.240605
0.0348676
2.30581
-0.387158
1.51243
0.0632422
2.93282
-1.34955
2.06722
-4.22293
1.65669
-5.27834
1.43058
-4.50545
-7.57003
-1.4265
0.00733928
3.19816
1.91596
0.191045
0.304169
-11.3103
-5.13661
-0.685375
1.52429
1.19073
2.60846
-5.22315
-8.44515
2.78356
2.7517
-1.1783
-0.93015
-2.06149
-1.66237
1.48494
2.60148
1.58435
1.95999
0.077821
1.55583
0.269745
0.639049
0.0442682
1.45567
-0.726601
-1.13772
1.33823
-7.67891
-4.97535
-0.810365
1.72289
3.44847
3.1499
2.05271
-1.42668
2.137
-4.38471
1.63424
-0.578752
-4.91341
1.95087
-4.39692
0.591432
-1.02611
0.792748
-5.76025
2.03766
0.023056
2.20777
0.40297
1.647
0.65036
0.756468
2.08061
-2.83122
2.03474
3.45552
-3.02817
-6.40837
1.93489
-4.48972
1.91863
-0.98066
2.26454
1.74049
2.18202
-6.40403
-4.23151
0.335251
1.41995
-0.170425
0.637623
-5.23862
-5.45227
-2.27127
0.0305346
2.004
-8.09298
1.95302
-0.203666
0.512307
1.54782
3.14757
-0.82114
2.63091
1.12777
1.41425
1.76396
1.91509
0.337074
0.594025
-0.892152
-4.51083
-0.179477
-1.92835
-5.14269
0.827778
0.958186
2.29906
0.0897189
0.948118
-5.42763
1.64902
3.40716
1.56852
1.53017
0.528071
1.60721
3.28561
-6.09655
0.00819848
0.409236
0.462015
1.12694
-8.22563
-2.22866
1.9024
-8.07809
0.35221
0.111618
2.97495
1.46947
0.996948
2.62437
-1.63719
-0.570324
0.924775
0.407226
1.58764
-4.86889
-8.72979
1.75509
-8.23273
-0.865635
0.306145
2.84856
-0.0510961
-0.967021
-5.92417
-6.09862
1.48572
0.0442914
-2.37896
-4.37881
-1.34337
0.131756
1.93241
-6.36802
-0.0611633
-4.34848
0.13886
2.81763
0.265652
-10.3013
-5.98423
0.920339
1.76149
-8.11802
-0.949411
-5.49921
-0.99398
0.128927
0.115875
1.75474
0.0514674
0.592457
0.926756
-11.4449
-4.8372
2.95792
-0.144713
1.5399
0.260784
-0.426118
0.698602
1.40366
1.71519
0.034759
-0.8731
2.25999
1.40824
-2.28626
1.78457
-1.73315
0.78784
1.89015
-0.960034
1.06752
-4.9318
2.35006
-0.195939
0.502847
3.44636
-1.4944
0.0711414
1.19649
3.07995
0.329881
-4.92137
-1.9126
-5.08666
-0.139784
2.60594
0.491663
1.48976
2.90397
0.00775367
1.94096
1.15731
2.6042
0.834118
1.92026
0.173553
0.775104
2.23085
1.35909
1.88841
1.51785
1.9915
0.418341
1.64122
-4.21776
-0.148231
1.49904
-4.44021
-1.4092
0.874505
0.680397
3.0037
3.05277
-7.9568
-0.218435
-7.02518
-1.87265
0.643699
2.5684
-0.0866007
1.56126
1.5613
1.1341
-0.0779618
0.179368
2.84729
1.63972
1.01153
0.920486
-8.67324
2.75398
0.231594
-2.74585
-0.234618
-0.0775501
-1.60121
1.95948
0.358232
0.843708
-0.0640281
1.59204
-0.587855
1.76161
-0.861504
0.195939
-2.26954
-0.329653
-8.6452
2.08983
0.219861
1.43397
0.484735
1.63305
2.0744
1.10333
-4.34106
2.23835
-3.43318
0.511948
-0.776854
-4.89462
3.00493
2.20174
1.58235
-4.45361
0.453038
1.6241
-2.80273
0.331439
-1.21519
1.57339
-0.269374
-6.42263
-0.012576
-1.6592
0.0463742
1.42005
2.9637
-2.02873
0.834836
1.58844
2.29342
-0.0173966
0.853279
-7.02621
-5.16624
0.167023
-0.571108
0.137577
1.66587
0.0580271
-4.4379
0.0224921
1.79272
-1.99875
-5.0794
0.10992
1.19408
1.25968
-4.77782
2.01462
1.89904
1.14609
-0.338045
1.33595
-1.67298
-2.54621
-0.523934
-4.47586
1.54219
-0.807087
1.09864
1.61279
-0.27689
-0.739207
0.19472
-11.3852
0.824635
1.67175
-2.93876
2.26595
0.0135472
2.96471
-2.6455
2.09578
-2.67359
-5.34017
-10.466
-2.0214
2.09187
-4.68677
0.878189
-0.0662077
-2.13301
1.43489
-4.06056
-4.76849
2.32365
-3.12924
0.873632
0.695129
-0.762025
-3.50258
1.42569
0.194267
1.87544
0.303099
-0.712907
0.272926
1.63266
-2.86674
-0.657838
-0.468671
-5.14164
-5.13691
0.0114231
2.46568
-3.66012
2.38437
1.71378
-3.23595
1.16956
-4.59263
-3.57082
-4.47498
-3.6372
1.15712
0.888021
-3.87747
-0.386927
-5.12125
1.58556
1.73009
0.552981
0.733848
1.55415
3.07902
-6.89576
-0.794361
2.46337
-2.97925
-0.813229
3.0104
-0.0213789
-3.35636
0.0180579
-5.68747
-4.53611
1.64134
0.938401
0.490833
3.38856
-5.60601
-0.0716539
-1.19129
-0.292624
0.150478
-1.64068
-5.36865
-0.459986
1.4413
0.241454
-6.51414
1.90552
-0.364064
-1.67838
-0.299044
-0.956111
3.37632
-3.07306
-1.97678
1.89525
-0.528015
-4.61898
-1.09463
-0.706404
-8.46571
2.3682
-0.86888
-1.19
-0.874891
-0.652015
1.86407
-4.75962
0.158708
-4.50753
-5.01363
-0.00781904
-5.36108
-4.83911
1.01767
0.778515
-4.90418
1.46887
1.9125
3.32744
-0.336467
1.86429
2.6113
-2.12729
0.143592
-7.77044
0.72526
0.127322
0.310962
-0.262993
-0.0342375
1.11072
0.68829
-6.66457
-5.08246
2.97364
-1.46363
-4.49543
-0.305991
1.86026
1.19851
1.00509
-2.63873
-2.37786
0.0123831
2.064
0.905932
0.557806
2.78591
0.0926616
2.65156
-5.09519
-6.94877
-0.00777841
0.005266
-6.27206
-5.08998
2.71181
-2.60536
-2.37611
2.74523
-1.08115
-0.0529372
-0.186828
2.95473
-4.5396
2.46428
0.264425
-0.0608968
0.462536
-5.24893
1.35364
-0.346962
-0.209187
-7.03082
1.55596
2.07073
-6.17253
-0.0127317
2.04827
2.85514
-7.015
1.74586
3.33081
-2.39339
1.06182
-0.924309
1.70009
2.43025
2.14521
-4.14302
1.6795
0.616969
-3.20816
1.50723
-0.356865
1.99128
-0.968409
1.75047
1.15621
0.166596
0.0576114
0.598261
1.72932
2.13407
0.134928
-2.61666
2.87661
1.86542
2.22606
0.237992
-0.433823
0.0470415
0.0500224
2.80047
3.00352
-3.29208
1.79888
-2.70685
-5.24029
0.261766
1.645
-4.81143
-4.41542
-3.15358
-2.89679
-0.312176
0.82315
-3.88192
1.82108
2.16883
-4.52303
2.23516
0.0123243
1.71326
-6.22003
-2.32249
-0.29352
2.93555
-0.351922
-0.653964
-1.34024
-4.37398
1.52574
-1.09653
1.0415
2.72123
-3.76543
-4.50365
-3.42388
-4.82786
-4.64151
2.17643
-0.910181
2.9028
2.86431
2.69211
-5.16662
-5.17749
-4.20636
-4.70989
0.147641
-4.86354
-4.81653
-6.97851
-4.79458
2.25439
-5.20709
2.0131
-5.60859
2.65958
1.49509
-3.88276
0.22695
-4.5477
3.3121
0.0440687
1.59762
-1.85453
-5.36654
-1.97907
-4.77586
-4.04832
2.14413
-0.643471
-0.841412
-4.77065
-5.34388
1.12475
-2.17731
-0.340776
0.0243896
0.506964
0.383837
-7.66615
2.14679
2.68792
-4.75552
1.28753
-5.30647
2.04392
-4.32684
0.247765
1.25336
-3.35444
-0.36122
-5.28116
-0.430734
-8.93257
-1.04385
1.88238
1.32969
-4.11559
-0.224674
1.2162
1.42973
-0.0380399
0.805759
-7.78027
3.35266
1.26981
1.95927
0.231488
0.80043
-6.91429
-9.5479
-0.306666
-7.10412
-0.435209
2.78166
2.37859
-1.09203
0.994941
-1.88761
2.49733
0.930479
-5.32963
-5.99994
-6.58344
-4.52187
-0.0520191
0.2039
1.77223
-1.32541
-0.204501
-4.35496
1.49007
-0.790586
-5.08294
2.24995
1.07361
2.83319
-0.685748
1.84899
2.23913
2.09708
-0.515658
1.92599
-0.427088
0.522614
0.417727
0.215956
1.09875
-5.10028
-6.53061
-1.95886
-10.0913
0.811804
1.702
0.516146
-5.17867
0.700903
3.42774
-1.72783
1.99169
0.0454186
2.71974
-5.00926
1.60498
-0.351057
-6.65815
2.9005
-0.184076
-4.5384
0.744224
2.99964
1.93981
-0.562273
-1.01088
-1.91083
-3.76731
-3.11871
-4.98108
2.06034
-4.00882
-3.83626
-5.39514
1.39973
0.0423805
-4.90063
-1.21525
-4.98393
1.14871
0.0537803
1.83725
-1.31414
-4.83848
2.73441
-8.2099
-3.77328
-4.78438
0.344
-5.32249
-6.71706
-5.86436
-0.274425
0.018793
1.457
-6.82561
-3.18719
-4.71349
0.144506
-0.596873
0.693474
-0.0222521
-5.50321
1.55872
0.0920027
2.58945
2.08707
0.752111
2.19898
0.598881
1.47178
3.18604
2.23232
-7.94645
-2.63294
0.284928
-2.52541
-0.765954
-6.05337
1.8825
-4.44461
2.50812
2.60252
1.78617
1.76141
-5.62867
0.971217
-2.65948
-0.190656
2.76572
2.0499
-0.293974
-0.0937503
-5.61404
-3.65422
0.119434
-4.65126
-2.43643
-0.509696
-0.049641
-1.81351
0.830245
2.84568
1.82553
2.05525
1.85819
2.13754
0.0364335
-0.437766
-0.680626
-4.72464
0.578455
0.439005
1.52928
1.16105
2.93596
-2.20424
-0.964581
0.0629517
1.67726
-0.527421
-0.139429
-5.09159
3.27875
1.7257
-5.06064
1.73948
-0.649174
-9.4511
1.4787
1.92495
1.00702
0.555986
0.949577
-0.3142
-0.173349
0.201867
2.78136
-1.2532
2.45489
-7.09268
-0.818475
-8.92978
1.37948
2.07714
-1.97322
0.0413278
3.25881
0.496682
1.51085
1.52458
3.01522
0.228968
1.96782
-0.194604
1.95217
0.0493113
-0.33394
2.51567
3.32848
0.532116
-1.57083
0.293807
-1.10488
-4.78804
1.8141
0.893287
-2.73791
1.71071
2.19536
1.68448
1.75562
0.169219
1.81705
2.53046
-1.4088
3.11391
2.15974
1.08501
0.0237418
-1.09436
0.0710493
1.88007
0.363204
1.87581
2.15772
1.71519
-3.96976
-4.8184
2.21053
1.2892
2.37825
-0.269316
1.60372
1.97947
1.32417
2.26046
2.22257
-0.487486
-0.703794
1.79667
2.18701
-1.63486
-0.752576
-1.71332
2.15053
0.455325
1.92441
3.03824
-5.24573
2.94437
3.21971
0.157692
-1.14475
0.263203
3.41604
-3.90112
2.11282
3.0465
0.723708
-5.63205
0.957061
1.36716
3.17897
1.43104
1.33396
3.30647
2.40057
-0.205086
3.29279
2.71382
-0.11655
-1.47249
-3.71275
0.0104739
0.527176
2.10991
2.68255
-3.95788
-0.224748
1.07014
0.677676
2.32282
-4.56248
2.81565
-2.08829
-6.52554
1.56486
-2.34848
2.11118
-0.638572
1.42986
-2.80276
2.68924
1.87907
1.74412
1.84429
-9.59606
-0.197496
-0.199468
1.19608
1.19401
2.84069
2.04117
0.0168314
1.26149
0.629052
-3.34003
2.66206
-0.103957
2.24444
0.101678
0.278103
-3.94802
0.401914
0.990038
2.98563
-0.0588064
1.26987
-3.35164
-1.22031
2.5789
2.4524
-4.7413
2.52487
0.672373
-3.96929
0.256927
1.23992
3.37057
-0.251174
-2.88702
2.31217
0.0894863
1.86954
-5.45777
-10.3838
0.0826978
-5.16301
-6.64841
0.7831
1.94729
-0.229643
-6.35396
0.0127519
-0.187572
-2.24012
0.874306
2.87521
1.37255
1.19423
-0.258218
-0.391478
0.166925
1.36004
-0.862362
0.0193974
0.0748968
0.00649975
0.322096
1.25931
0.628809
0.80489
1.31477
1.29987
-1.66148
-4.90778
0.33377
-1.36323
3.25873
1.11308
0.702336
-0.17484
-1.0849
-0.92079
-0.19705
-2.8287
-2.92116
-0.49184
-1.10451
1.94331
0.642826
0.0160275
2.09574
-6.21171
-0.634642
2.81433
-3.23487
-2.25808
0.706144
1.67328
-2.88835
0.455577
-2.92955
-0.50636
-0.539523
-0.659095
2.13976
-5.77959
1.16573
0.0625498
-5.43276
-3.87756
-0.371906
1.50327
0.249686
-2.04233
2.81447
-7.53702
1.83913
-0.730619
-3.16821
-2.13063
-0.705942
-6.04565
1.8116
1.6974
1.81209
-0.208451
-8.83921
2.50183
-4.87606
-2.66882
0.0158334
-6.18999
-0.00255395
-0.290175
2.56142
-7.06266
-4.44115
-1.57366
1.22193
1.10562
-8.58172
1.18516
0.0696162
-0.739803
0.638972
1.07469
0.774228
0.24938
-8.19579
2.62353
-0.261851
0.0031851
1.11793
0.0189215
1.21133
-9.18914
-0.566303
-1.00337
1.29707
-0.146571
-0.641259
0.827455
0.00996503
0.152034
-0.375871
1.8181
-0.209168
-1.01039
1.65445
1.52467
-0.108317
0.857249
0.882792
1.71109
2.16357
1.93179
0.255419
2.86704
1.4492
-2.28662
1.32097
-9.7879
-0.0287631
0.0475885
0.705588
-0.576558
2.89146
0.585894
0.454821
0.143366
0.796733
-0.0853278
0.689027
-4.15741
1.4191
0.0339322
1.64043
0.969781
1.7213
-9.81966
2.21973
-7.00423
1.70257
1.79927
0.575921
-0.353038
-2.05286
-1.03317
2.08137
-6.53082
-4.4284
2.0334
1.222
-0.170844
2.0693
1.3326
-1.03096
2.68088
-1.86284
0.476617
-1.71761
-1.59951
-0.160528
-0.440208
-1.13148
2.96603
0.00874692
0.583587
-0.478465
-2.04593
1.79458
2.18622
0.00888802
0.0103073
1.60846
-4.75715
1.66925
1.71397
-0.485308
-0.583911
1.31535
-0.173918
3.00388
-5.15134
1.36535
-0.144024
-1.33269
2.8394
1.94047
0.454467
2.43364
-1.8069
2.2468
2.17627
0.017714
1.63837
1.66366
1.3052
1.65175
-1.14267
1.78742
0.300856
1.0368
0.00531683
-4.49143
1.79357
-5.92623
-5.1314
-0.092396
-0.240924
1.4039
-4.40591
1.6185
0.497682
0.848944
1.63306
1.47842
0.649309
0.186159
-2.97385
1.64724
1.08984
-7.3609
-1.46008
-0.102853
1.72163
-7.38274
-7.1873
1.50816
-7.32549
2.18668
1.04062
-7.26963
-5.21623
1.96151
2.12508
-0.807319
1.47272
-4.94046
-1.12496
-3.78416
0.507816
-0.988692
-5.39846
3.18521
0.96292
-4.8653
0.0270844
-0.822955
1.63782
1.06736
-1.70698
-5.56914
-3.0193
-2.05222
-4.58806
1.38723
2.66875
-0.422231
-7.10816
0.0251115
-6.10693
1.92028
3.22249
-8.30961
1.26991
1.85736
-5.77223
0.588407
2.89702
-3.63989
-1.64769
1.36696
1.48227
1.29112
-0.991475
1.03332
0.0155307
1.1938
-2.18054
0.0531823
1.72758
-0.533332
0.402159
1.0617
1.56723
1.01441
0.0654824
0.753498
1.71421
1.26711
1.61458
3.02042
-1.6815
2.8259
-0.079488
2.76996
3.3331
-5.77216
0.196716
0.414115
1.59291
-4.16694
0.793576
1.13759
0.0169073
1.91775
2.49438
1.97761
2.02908
0.510736
1.28694
-11.7573
3.27978
-6.70351
0.187583
-2.66316
-0.977133
-9.66388
1.70386
2.01843
0.963621
2.0993
-2.38766
0.0727052
2.17602
1.70215
-0.163071
-0.74672
0.0106905
0.26434
0.540779
1.80888
3.14727
1.60933
2.31855
2.24215
1.93225
3.02018
1.11364
1.65547
0.185909
-2.119
0.981383
1.35323
1.40865
3.31967
0.692396
0.903778
0.00262946
0.061203
3.18975
1.01044
-0.500004
-4.53379
1.51108
-1.55736
-0.174194
2.40041
1.70175
1.6389
1.81646
-0.0647904
2.42073
-4.70532
1.60971
0.314021
0.293594
0.206958
2.65702
0.29806
-0.0137213
1.70639
1.70835
-1.37774
1.50053
2.73232
-0.377897
-5.7311
-6.36662
-4.47685
-0.729668
-7.02302
-0.576346
1.5225
0.693192
0.0485894
1.83667
0.247878
-0.616424
-1.03486
-3.49323
-2.53816
0.251376
-6.21462
-7.00988
1.62659
1.59188
2.3346
-0.78654
0.692367
0.0323869
1.54566
2.60236
-4.6813
0.0240187
-0.0198855
2.74675
1.33443
-0.655631
-1.04469
-4.50599
0.0168568
-0.296361
2.88762
-0.0206612
0.00591633
0.739624
0.714107
0.0126955
0.925584
0.291912
0.927582
-4.60781
-6.66226
0.298301
-7.03782
-0.0952244
0.907363
-3.03651
1.86313
1.11866
3.082
0.700738
2.76177
-0.735039
1.91138
0.0443471
-0.169198
-1.96476
2.5903
-0.271091
0.423225
0.348122
-3.15723
-2.62935
0.00984038
0.041068
-0.163608
-0.305957
-0.165434
0.249975
1.09075
2.0659
-4.85423
-0.826421
0.251513
-0.257095
0.0749648
1.84315
0.435228
0.866302
-0.222449
-0.0496769
2.42541
-2.80862
0.889648
0.00413887
0.0481081
-0.568185
2.39008
-2.38068
-0.0659219
-0.086701
-4.88018
-0.831563
-0.110681
2.78196
2.01702
0.0133111
-4.05892
-6.84422
1.71322
-0.490949
-0.332744
0.00689157
0.69848
-0.2427
-0.0538753
-0.984341
0.00469863
0.715006
-0.830111
1.84452
0.612248
-1.30196
0.203162
0.645031
0.135373
-0.045428
1.78763
0.216879
-0.456772
-0.627771
-0.188077
-1.13302
-0.116679
1.80128
-3.18693
-1.07385
-0.588579
0.0055651
-1.81786
0.232855
-0.1319
-0.0294753
2.52339
1.17526
-4.4302
-0.0711134
-5.94042
-1.12835
-0.111925
-0.158921
1.72889
1.11236
1.35752
1.65116
0.311934
-3.56832
-1.43987
-4.30065
-0.122027
1.93152
-0.105598
0.73481
-5.8139
2.0885
0.046837
1.7863
-0.955263
-1.08955
2.24435
0.0222391
0.00142803
-4.17402
2.46785
0.385618
1.50829
1.72724
-3.07278
0.00625452
1.59838
-4.78806
2.41871
-0.531731
2.36311
-1.93758
-0.134888
-1.07626
1.79684
2.30622
-3.60403
1.45795
0.693319
-0.168638
2.59824
0.596346
-5.65389
1.61076
-0.0638511
-0.511525
-1.09289
-5.27469
-0.0672056
-7.01203
0.00132873
1.48804
1.18026
-0.133116
0.0617647
0.741536
-0.489406
1.62411
-0.511908
0.0173844
-1.0748
-0.0699087
0.0574984
0.0282529
1.51747
0.544402
-0.0571477
-5.04482
1.93237
-0.132445
-0.888762
-0.154461
0.54176
2.75708
0.335569
0.00195992
1.39711
0.269909
-0.220297
0.309774
-2.75611
0.236862
0.0653575
0.130651
1.76979
0.00403499
-0.0976228
-7.0114
-0.0346821
0.0387289
-0.316709
1.70215
-0.379673
0.0267044
0.625751
-1.11459
-0.662148
-0.0202906
1.24988
-2.28257
0.155945
-0.215243
0.058077
-0.00776323
0.0267834
0.0113972
-5.88449
-0.661076
-0.797127
0.483145
1.1415
0.0440036
0.746152
0.813848
-0.0540882
0.0217297
0.84294
0.0900767
0.0259186
-0.510735
-0.815095
0.323395
-1.01189
-3.73979
0.0169541
0.406728
0.136949
1.06508
0.936712
0.0736063
0.363478
1.70834
0.0730523
-2.92525
-0.0196059
-3.15583
2.31019
1.61245
0.105616
-0.0149621
-0.0927135
0.082351
0.0281357
-0.0607465
-1.88896
-1.01415
1.57616
0.266938
-0.00925759
1.64362
0.0784827
2.55556
-0.120165
0.217552
0.143366
-0.130011
2.43639
-0.0147431
0.0496062
-2.63667
0.0461427
1.19126
0.619651
-0.0536964
1.69488
0.0557569
1.40744
2.27121
1.13559
0.941719
0.00340743
1.09707
0.0607959
0.375664
-3.58511
-3.50508
0.0654998
2.18413
0.567419
1.66925
0.81213
0.00908336
0.05165
0.0750899
-0.265364
1.35763
-2.57611
0.0400808
0.0045993
0.04435
-0.0896069
-0.332666
-6.10292
2.80957
-4.56986
-5.76303
2.61847
-0.110297
0.0449397
0.0048177
0.044111
1.62436
0.0609826
0.00464757
-4.38663
-3.00951
0.0426263
1.71736
0.073042
0.0664418
-0.806265
0.0184805
-0.56811
-0.049061
-0.0112231
0.0687928
1.72295
-9.08044
-0.188079
0.720728
-0.158265
-4.41476
0.0729954
-5.57873
0.00448281
1.91096
-4.67387
2.15083
-0.191617
0.067594
-5.40041
-0.11137
-0.244591
-0.0818336
-4.77447
-0.118535
2.65695
-1.81721
-3.22925
0.00323163
-2.70596
0.0130488
0.0927893
-6.5024
0.00865619
-0.0346002
-0.251808
0.00499888
0.0429664
2.0773
0.503876
0.00744599
0.0714998
-0.00875001
-9.92162
0.0777458
-3.16028
-0.0619497
-0.221125
1.992
-0.155516
1.7212
0.0149737
-0.125032
0.00625543
0.0042832
0.019779
-4.36107
-7.89215
0.0555663
1.00324
1.54655
0.657058
-0.00934206
-0.016421
0.00947965
1.99934
-0.057744
0.298273
1.07117
-0.00132859
-0.00530775
0.288085
-0.0103602
0.0192298
0.0786963
1.70681
0.00746443
1.40936
0.017321
1.82649
0.0528069
1.27765
0.00983335
0.00504168
-7.68906
-0.00255708
-0.0460169
-0.305408
-0.928094
1.29869
0.0063517
0.681669
-0.0582245
-0.0686727
0.365208
0.0591312
-0.0471535
-10.1504
-5.51121
-0.00408349
2.1651
1.55018
0.025853
-0.036243
-1.18542
0.0339756
0.462611
0.301282
0.0126155
2.41945
0.0416587
0.0315183
0.0149861
-3.95133
1.72348
-0.292715
0.0669404
0.0153883
-5.12357
0.145066
0.0359731
-9.86681
0.711031
1.22263
0.0584647
-0.238158
0.0973299
1.62861
0.00808936
0.0217189
0.0197655
0.0827256
0.12244
0.0738674
0.0691878
0.0100802
-0.0614218
0.0270852
-0.130238
0.0131927
0.0713327
-0.299941
0.0810743
-0.018814
0.0904887
3.07857
-0.033275
0.122337
0.00839744
-0.281371
0.841698
-0.0178125
0.0962816
0.328028
0.0498906
0.00881871
-0.00395499
0.0175474
1.68343
0.00635834
-0.0285519
0.112509
0.0215061
0.0176342
0.128024
-0.0380284
2.00063
-0.115891
-1.39449
1.4225
-0.00415853
0.0379934
0.0899294
-0.334302
-6.58624
0.252775
0.242072
0.0134125
0.0111168
0.0273774
-1.9567
1.86542
1.97268
0.0136128
0.0673995
0.0868464
-0.00265736
1.66332
0.00681083
0.0164634
1.73309
0.0120603
1.73233
0.054374
0.0323205
-0.390175
0.042903
0.013966
2.09495
-0.0374676
0.00208759
-0.352211
-0.379347
1.72513
2.46483
0.00651563
-0.306386
0.0308037
0.0368606
0.00210393
1.82517
-9.31189
-0.00227957
0.0369292
0.0806681
-0.018896
-0.0165564
0.0547759
-1.81808
0.00296228
0.043989
-1.01914
1.66322
-3.42124
0.0303046
-0.00809935
1.09483
1.11387
0.0332268
0.00183242
-4.21767
-11.5942
0.00963447
0.0323035
0.00862751
0.034291
0.00317526
-3.84636
0.011383
0.0198387
0.022977
1.65781
0.0117513
0.0805242
0.0365394
-0.209627
0.00812362
1.63879
-0.0326629
2.00757
-1.01239
-6.78209
0.0345737
0.0669523
0.0352404
0.0284909
0.0818836
0.0173786
0.0461197
0.0854157
0.00667197
0.009563
0.0106187
0.0264045
0.0413786
0.00867733
1.74183
0.0554641
-0.447526
2.08933
0.0215557
0.0926959
-1.00989
0.59578
0.028265
-2.06975
0.0192242
0.0412019
-5.10203
-0.126433
0.0317793
-0.648124
0.0393394
-0.207963
0.190528
0.00251073
-9.35172
-0.133727
0.038491
-1.51237
0.167977
0.0310288
0.0250147
0.0376136
0.106429
0.0937866
0.0938278
0.323527
0.0125952
0.0192637
0.0439723
-1.14679
0.0175004
0.00462806
0.0154438
-0.0344149
0.0128724
0.0254667
0.000461934
-1.2847
2.74688
0.0547075
0.0137029
0.0395796
-0.474188
1.94376
-0.026716
0.176831
0.0031238
1.94788
0.0104771
0.646814
0.0941063
0.011719
0.0258532
-0.197945
-4.33832
0.0660026
0.327198
1.63805
0.0296975
0.00612935
-0.0726485
2.02412
0.0328732
0.0336081
0.00374004
-0.0620895
1.40704
-0.0166309
0.031239
0.01231
0.0212678
0.0240182
0.0396238
0.771654
-0.306083
2.1914
-0.000763818
-1.33708
-0.280197
2.35732
1.36953
0.0186723
0.0257011
0.0656777
0.0524306
1.55397
-0.26578
0.0210368
0.0762627
-7.5131
0.0276601
0.0785234
0.0566505
3.16115
1.06834
1.55798
0.0269672
1.72395
0.00655901
-5.19561
-7.52797
2.28746
-7.38353
-7.48541
0.0255761
1.45759
-0.179782
0.0150329
-0.411502
-0.202166
-2.28996
0.311729
0.04994
-0.00461415
1.71338
-0.0472399
0.600066
0.0250952
0.034743
0.0435936
1.75077
0.0225803
-3.90599
0.0685945
-4.38661
0.00144867
0.0348089
0.0612893
2.80558
-7.13104
-0.275397
0.0395808
0.0333202
0.041885
1.15618
1.67809
-0.0357207
0.0367871
-5.18628
0.0339313
1.06077
3.0948
0.886813
0.252441
-0.0425917
0.0341871
0.0301463
0.450345
0.0616096
0.0400811
0.0170334
0.670573
1.6365
1.63799
-7.36358
1.17014
0.0328335
0.0299068
-10.955
0.088199
0.0373924
1.90879
-0.18575
-5.31935
0.0108898
2.69837
-0.730508
-0.243139
0.0208596
-1.02754
-0.172614
-4.76023
2.82858
-0.0951561
-0.601463
-5.55029
0.0389542
0.0911836
0.264588
-0.438989
-0.203947
-1.56262
-6.39044
1.71222
-0.0241178
-0.0950567
0.052082
1.16304
-0.0317246
-6.04834
0.0140452
0.102131
3.21965
0.0181087
-5.77023
2.91644
0.00525949
0.0857509
-0.000149608
0.0111374
1.83709
-8.52471
1.59397
1.71186
-0.194182
0.0257037
1.71089
0.836522
-0.178301
-1.31268
-5.95688
0.0119018
1.83679
0.0231985
-0.869787
-4.35367
0.537791
-0.448193
-0.0507494
-0.0250857
1.6476
0.0181884
0.0225721
-3.45974
0.0240942
0.0182319
0.0449912
-4.48536
-5.50735
-0.03068
0.0278149
-0.177373
-0.715859
0.0728653
3.11032
0.0740178
-11.0275
0.501691
0.0189608
1.88898
-0.0942124
1.72341
0.0757491
1.59104
-4.02092
0.0873468
2.5271
0.0592461
-0.157435
1.94505
0.220965
-0.0632363
-0.0677956
1.74075
1.95014
0.0568212
2.00804
2.85676
1.25498
2.05329
-6.31383
-0.019416
2.61959
-4.77152
0.606936
-0.183796
1.62757
-2.04277
2.06112
1.97953
2.13877
-0.132843
-0.0269042
-0.773956
0.0213351
0.111394
-5.37304
-2.44688
-0.00884992
0.0240122
-2.26023
-0.02404
-0.304264
0.519431
2.20911
2.35932
2.27754
0.0909819
1.35633
-0.195752
0.466707
0.104565
-0.0690672
3.03323
0.0350871
-0.303455
0.145369
-4.77483
2.45395
-0.240452
-0.499259
-3.23014
0.105436
0.288685
-1.01305
-6.84263
1.47221
0.0403136
1.44308
1.81925
-4.21068
-0.792353
0.0768594
1.89184
-1.11365
0.00832485
-0.0172855
0.00575786
1.56907
0.0411058
-0.165744
3.37205
2.45147
-0.109806
0.081904
-3.30105
2.77261
1.66332
0.122299
2.97058
0.0228364
1.75459
0.597273
2.77885
0.168231
-4.29346
1.00193
-5.09071
0.0081486
0.0405688
0.117144
-5.13339
2.90338
0.10279
-0.197639
-0.870636
0.65441
1.15715
3.20573
-0.239157
-0.178095
-0.0283196
1.25069
-0.253645
-0.0253028
0.282226
1.64373
-0.0772843
-0.174458
-1.55943
0.147183
0.562243
1.69347
-0.110074
2.84156
-0.169114
-0.202993
1.73098
0.0252345
0.0101024
0.0568754
-0.747126
0.875901
0.0121139
0.773093
-1.81703
-0.196259
1.56945
-2.1313
-0.0918281
-0.0509437
-0.194069
-0.323928
1.58884
0.074787
0.0904868
0.000572571
-0.437072
-0.0857836
-0.329564
-4.68285
-0.00824029
0.963339
0.26922
-0.196486
0.332867
0.0218748
-11.308
-0.227863
1.71892
-0.341057
-0.185784
0.133662
-0.303417
2.54893
-0.191756
0.913208
0.0419048
3.26117
3.10006
-0.0644395
-0.549799
-4.61553
0.00251968
1.42954
1.72017
1.70764
-0.188441
0.0135542
0.0861424
2.69475
0.181559
0.0555747
0.500059
-0.440121
0.242156
-0.176969
1.43536
2.67244
-0.00279795
0.111897
-0.208757
1.35546
2.27605
-0.549977
0.658848
-1.17258
3.16307
0.00949269
-0.0822854
1.34957
-0.578171
0.0126747
0.0181944
1.67516
0.0109493
0.0174747
-0.652246
-4.32502
-0.168387
-0.00275834
2.63004
0.824262
2.0855
-0.106969
-0.0539014
3.27773
-0.190038
0.0224694
0.687774
-0.370642
1.41704
1.46267
1.79124
-0.00292064
-2.28447
-0.494198
1.67098
-0.456705
0.0159191
-0.017086
1.7302
0.359739
0.0195488
-0.152662
0.391668
-0.233928
0.019281
0.0658223
-0.184212
-0.395111
-0.161339
1.22666
2.58555
0.263077
1.8873
1.62061
-1.88516
0.0170048
-11.4696
1.85533
0.12984
-0.0226978
-0.0404933
-0.137831
-0.192221
0.0477468
3.26631
0.00200517
1.8
1.13667
-0.205187
0.0636681
-0.445503
0.0253249
0.617018
0.165727
-0.121804
1.23663
-0.182743
-0.318754
2.01977
0.349436
0.419502
0.165579
-4.17716
0.117637
0.875352
-0.00307385
1.34156
0.104676
-1.06577
2.47984
2.17038
0.288977
1.6084
0.0156694
0.7719
1.6254
1.80269
0.0294482
0.107706
-4.17783
-0.124168
1.6791
-1.36623
2.37156
0.0239453
0.983138
-2.59934
-4.36523
1.67906
-0.355406
1.67294
0.288131
0.248315
0.0287873
0.421541
0.0123103
1.53612
0.691452
1.72375
0.523632
2.2943
2.49373
-0.10928
2.16302
0.0910369
0.00976277
0.664551
2.44423
1.05948
-1.13909
1.81064
0.257371
0.0636945
2.39212
1.64453
2.33497
-0.206453
-0.171875
-0.0120269
-7.45469
0.150972
0.0861134
1.48252
-6.9004
1.89744
0.00158914
-0.470518
1.57165
1.8142
0.31888
1.71056
0.0671251
-6.8607
-0.453395
-0.123976
-4.56627
0.977875
1.00794
-6.36494
-0.416406
0.33321
-0.126312
1.35228
2.42257
2.56113
0.828588
0.582794
-0.0105297
0.393472
1.61138
0.00979069
2.1217
0.151986
-0.163633
-0.551156
-0.426767
1.21119
1.74863
2.12526
1.46066
-0.150248
0.0545294
1.65683
1.66316
1.87738
0.308837
2.1466
0.902124
1.71471
1.19565
-0.00672608
0.0903703
1.8762
1.63739
-8.4526
1.76108
-0.266407
0.446433
1.33969
-0.4157
-1.74649
2.80192
2.04039
0.064946
1.78427
0.548761
1.09947
0.0237082
0.0925743
-0.110533
-0.152548
-0.340934
-3.74643
0.6518
-0.574615
-0.229106
1.68651
2.3803
0.0995325
1.70722
0.209381
3.40837
-1.98705
2.02618
0.0102852
-4.41346
-2.69913
3.47649
0.304138
-0.189318
3.47282
0.0272717
-5.14821
1.71527
3.45339
-0.00412562
3.41242
0.960414
0.0325771
-1.42282
3.32153
-0.168768
-0.195697
-5.0626
0.249775
-0.360544
2.01753
3.17177
0.00743076
0.528151
2.11215
0.308251
1.81525
1.43296
0.0172842
-0.573719
-4.66056
3.11906
0.637608
-0.762225
0.290691
0.0555363
3.07207
1.35976
-0.0650378
-0.975723
3.02165
-3.03963
-1.20832
2.97224
2.03252
-1.46274
-3.16202
-1.85336
0.79082
2.05526
-1.76349
2.89552
1.7039
0.0816872
-2.0817
2.35915
0.322574
0.361064
-0.682008
-7.24949
1.55714
1.69607
-0.0482967
1.76636
0.178791
-1.39245
-5.77991
2.75796
1.28606
1.47619
-0.159949
-3.1855
-3.5726
-3.96322
-4.35671
-4.74074
-5.08783
-0.37062
-5.43318
-6.30633
2.07253
2.71526
1.23277
1.02123
0.326666
1.24108
-6.52854
2.68285
0.00346327
-6.69096
2.21285
-5.51772
-6.78272
0.0671262
2.59268
1.55314
1.0214
0.553633
1.70743
-3.26749
-6.8331
2.56004
-6.73571
0.00680219
0.682482
-5.97478
1.62008
2.51965
-0.173606
2.19729
0.093083
1.36633
-6.82152
-0.460856
-0.195544
2.48025
-0.585235
-4.37245
2.44127
0.354464
-1.45346
-0.535342
-6.16028
2.40766
1.77603
0.596908
1.70602
0.448478
-0.0278117
-0.0021575
-6.0526
-6.04802
2.36416
0.74294
0.0672807
1.785
0.86357
-6.72267
-0.488957
-5.91184
2.32987
-2.84691
1.74036
0.0226406
0.0380293
-5.7861
2.29041
0.78183
-8.7331
2.24526
-5.64896
-0.124872
-0.434427
-4.36243
0.2319
2.21522
-5.5101
2.15943
-5.42333
-0.216089
1.11754
0.0116583
0.97287
0.0068631
2.11754
-5.34357
1.16073
2.63823
1.79259
-5.29495
-3.32261
2.08313
-0.0245585
-1.93968
1.46323
-5.2227
1.68886
2.04988
-0.00655357
0.309238
-2.12019
1.70262
1.18995
0.00536206
0.484259
-5.18528
-4.36904
1.99921
0.57466
-7.27638
0.635456
-8.984
-5.03383
0.498873
0.807653
1.96066
2.35994
1.77745
2.54112
1.79608
-5.13635
1.254
0.13371
-2.09704
0.833641
0.0104566
0.109015
0.987411
1.40889
-0.152006
-5.116
-2.6204
1.87586
-1.72658
-0.536124
2.12704
1.39847
-0.0045666
2.96841
-8.92273
0.45811
0.369261
-5.08671
0.422698
-2.85668
1.82318
2.06519
1.8623
1.15741
-5.04432
1.77142
1.7088
1.67283
1.60987
1.56416
1.49416
-4.1204
1.72796
1.44045
1.92996
1.32348
-10.3206
2.32649
-4.98137
-0.882116
-11.2149
1.31306
-4.69826
2.34534
-4.89264
0.498214
-4.77998
-7.44124
-4.64475
1.66032
-1.12901
0.212089
-4.51461
-5.37173
-1.2132
1.73703
-8.84956
-4.31943
1.82525
1.78454
-0.915491
-7.82842
1.92419
0.382975
-11.252
0.141003
0.644597
1.53156
-3.03375
0.0841932
-1.61635
1.89318
-0.425763
-2.41731
-3.61678
0.925923
1.75553
0.200213
-5.19123
0.765843
1.97921
1.43683
-5.07843
1.7252
0.796933
1.47446
-0.355982
1.77219
-0.537513
0.00107543
0.00470919
0.790791
-3.50741
2.57821
0.333938
0.333121
0.274931
-4.29542
2.25765
1.83382
1.54901
1.717
0.318441
-0.0107884
0.581637
-2.04456
0.988762
-0.926249
0.104538
1.23848
-4.06115
0.580742
3.14488
-0.00206291
0.916401
0.967848
-6.65764
0.0954258
1.37294
0.0376654
0.773369
1.50296
1.69643
1.78794
1.80394
0.10615
2.01073
-4.41228
0.110575
0.769871
0.113873
-0.639366
0.370036
2.04063
-5.84588
1.71355
-1.55266
-9.37674
0.404811
-3.52405
0.686199
0.063654
0.372791
1.88381
0.378379
-0.509022
0.105599
0.448932
-0.0995661
-0.760129
-0.00707584
1.83311
0.171579
-1.4746
1.27784
0.26866
1.3049
-0.275961
0.127063
-0.221978
0.0804368
0.381665
-4.65457
0.318181
0.0228126
0.0541128
1.01878
2.6094
1.2467
-3.25851
1.6934
-0.0565958
1.31165
-0.0144803
0.053666
1.50866
-7.04127
0.0282032
-1.39704
-6.06822
-6.17121
1.73965
-0.2174
2.14899
0.560057
0.00844631
2.69442
2.56733
-0.475481
0.59379
-0.767001
-0.961783
1.93593
-1.96935
0.145316
-3.47236
-0.137789
-3.07931
0.791741
1.14725
0.245036
0.0040426
0.309919
1.65551
-7.36753
-3.62035
1.11675
0.949791
2.54457
0.167806
0.660494
2.60723
2.64626
0.00101063
2.29589
1.33057
1.74228
0.447313
2.38317
1.81753
0.520171
0.0925711
-0.150439
1.3293
1.30436
0.00401097
0.00808167
-0.557325
3.2293
1.36703
1.04034
1.76595
1.02975
0.00549596
1.11645
0.33911
2.27823
-0.38621
0.223645
0.205775
2.90796
0.621495
1.90277
3.23813
1.72749
1.80275
-0.0211954
0.922918
0.00398865
2.03538
3.06694
-5.01217
0.72774
2.9612
-0.142992
0.178746
3.22051
0.922893
-11.6559
0.591496
-0.0362365
-4.47181
0.411884
0.0423848
0.389611
-0.101231
0.424311
-9.69891
0.151575
2.77701
1.84521
0.961314
1.51463
1.4715
-0.609227
1.68056
0.00851901
3.39691
-0.567818
-3.22797
0.307691
2.50673
1.67792
1.52963
0.30214
-1.3056
-1.62208
-0.606146
-0.234254
-0.156549
1.43351
-0.147892
-0.109219
-0.232574
1.83225
0.361926
1.54446
-0.000209543
0.799583
0.944431
2.95637
1.51617
0.0954098
1.36514
-5.07666
1.99544
0.142008
1.57588
2.68242
0.195032
0.145914
-1.73963
0.028482
1.67382
0.0863284
0.690185
-0.0174143
1.47634
-6.14302
-0.695803
2.44372
0.956443
-1.54966
-3.53037
1.87338
2.08368
0.207375
3.2886
1.66534
0.651513
1.33863
-0.0534338
1.97376
-1.53744
0.0668575
-1.59552
-8.55071
1.70717
0.190239
0.64727
-0.40114
2.83234
1.37782
-0.511096
0.0624405
-0.107009
-3.20818
1.21333
1.40565
1.40794
-4.5567
0.791035
-0.317546
0.966857
-0.419089
1.05079
-0.283891
0.377674
0.298753
0.969084
0.59012
1.81964
-3.63196
0.0755542
0.288293
1.70819
2.17557
0.290556
-3.22256
0.126473
0.363184
0.812067
3.16074
1.85825
0.018723
1.46323
-9.84896
1.70548
-1.58458
1.1383
2.58219
-1.47475
0.357646
-1.10089
1.66585
0.836335
-0.117333
-1.85629
-6.40548
-5.94054
-2.79023
-1.36618
1.86241
1.30628
0.0568955
1.87238
-6.40301
1.81789
0.548804
1.6995
0.137454
0.105084
1.76992
-4.57053
1.80198
-10.3631
-2.43643
2.70608
-1.21111
0.340441
-0.150199
0.696314
1.22074
2.44007
-1.35467
3.34091
2.99132
-4.96901
2.50151
0.368501
1.76081
3.11942
-2.32394
0.00790915
0.948604
1.76188
0.451697
-9.52308
0.0426383
0.36238
-1.71277
-0.125465
-0.160324
1.76831
-0.0813092
0.0759094
1.72466
2.25209
-3.74543
2.33048
-1.17254
-3.55366
0.165475
1.08977
1.63653
0.880068
2.19854
1.33429
3.45429
1.68304
-4.29086
3.48368
2.47581
2.53823
1.88344
3.47452
2.59522
0.272793
1.50935
3.43535
0.817847
0.119159
-1.07348
1.5843
-4.81376
0.999373
1.36954
-0.788835
2.48896
1.72261
-3.37083
-0.643751
0.722517
2.43154
2.39736
-0.232775
-1.24129
-7.80262
-4.77188
2.18978
-0.148106
0.0224903
-6.90154
3.23488
2.60905
0.103876
0.946719
-7.7551
-7.40299
2.26196
-0.30237
3.1455
1.73598
-9.71444
0.124896
-6.8439
1.22864
-1.21797
-6.74401
-2.7629
3.07218
-0.667181
-7.98975
0.335338
0.00661224
3.09666
-0.37119
-0.103766
-5.55409
0.486242
-5.45893
2.67147
0.733084
0.853745
-10.5067
0.000764585
0.633628
-0.864446
3.04678
-1.46238
0.308203
1.70726
1.33554
-4.9964
-6.67013
1.63846
-1.09126
-0.767462
2.58582
2.9979
2.40669
0.415304
2.93334
2.51993
1.89401
0.919819
-1.33407
2.09666
1.21195
2.01434
1.98654
2.51688
2.08746
-1.91125
-3.53004
1.69237
-1.60541
1.41359
-5.98778
-1.62163
-5.09778
2.35085
-0.530072
0.647783
-1.27629
2.20656
0.101024
-1.90988
-0.725623
1.42132
-3.45372
-5.73327
-0.0775934
1.78077
0.665441
-10.128
-0.51213
-7.13051
-0.0680823
0.205995
-0.00528718
-0.232988
0.740255
-4.17911
1.75738
1.75527
-9.0197
-0.535558
-0.756089
-5.20687
0.793885
1.75751
-4.7914
1.39303
1.49092
0.537253
1.92073
1.33249
2.73872
2.00334
2.64644
-8.01205
-3.37072
1.16217
-3.76548
-4.16225
-4.54438
0.875216
-4.92258
-5.28388
0.0923858
0.381817
-6.43162
-0.00304221
0.844683
-1.02851
2.69981
1.50119
3.38067
-6.62276
-6.60207
-4.3907
2.8022
-0.199383
1.1626
-0.0616109
0.774248
-6.75243
-1.3603
-0.0637525
1.20082
-8.38518
-6.82519
1.22814
-1.61788
1.68823
-0.0608397
0.78646
-2.75875
2.57923
0.187833
2.73766
0.349091
-6.81597
1.79557
-1.21966
0.845767
-0.515455
-1.9829
-5.23463
-0.255493
2.53989
1.86742
-6.18587
2.52967
2.54463
-3.70652
0.00862572
-6.78915
0.504562
1.62471
-0.380188
-0.883419
2.50032
0.453277
0.0965182
0.342481
-6.41188
-5.08998
2.8234
-1.95073
1.20792
0.336184
1.45544
-0.1028
2.22653
2.46044
-6.21358
-0.0410498
1.73531
-2.93364
1.17911
2.00256
0.0632854
2.42521
-3.38884
-10.6772
0.212654
2.26316
0.00237552
2.32885
-1.37277
1.85141
1.89654
1.57949
0.0606289
-6.12027
2.38437
2.44641
1.78142
-1.49218
-0.295328
0.397876
-3.92844
-1.17262
2.84564
-6.8763
0.719348
-5.98748
2.35001
-4.37186
-0.374665
0.0477269
0.377332
1.78685
-0.204745
-1.38332
3.14227
1.82018
-5.87711
2.31107
1.21985
1.25568
-0.0481881
0.265397
-3.63594
1.59938
0.111244
2.02451
2.2684
-5.72931
-0.285759
1.41978
1.01181
-3.69108
1.27868
0.496135
0.121053
1.26323
-0.191607
1.288
2.23251
-5.57311
1.35789
2.2764
1.46883
0.438521
2.18615
-5.48314
1.71095
-0.115859
-5.06701
0.347444
2.52447
-0.42688
1.73291
-7.42595
2.13804
-5.37607
-0.282991
1.27277
2.61417
-1.93542
1.2919
0.738584
-4.36991
1.80706
-5.32046
2.10111
2.37125
1.57245
0.506703
2.66315
-0.117674
1.7045
-0.25094
-5.25787
0.0632025
2.06809
-3.09985
0.818351
1.10227
-5.2009
1.6922
2.0224
-0.0484235
1.70528
1.20631
-8.43533
2.75666
-4.91238
-3.66103
-9.74928
1.97927
-9.5762
-0.153011
1.82361
1.12137
0.128821
1.13972
-5.70761
0.686759
-0.0520884
0.351891
0.871111
2.96097
-7.93631
1.7638
3.19774
1.26778
1.2528
-5.1298
1.7187
0.00175552
0.842605
-1.25136
0.991257
2.23114
-2.9328
-5.10491
1.85017
1.69733
1.2372
1.18766
-0.853258
1.11088
0.667727
1.28913
1.66588
1.77306
-4.39749
0.996585
-5.07016
-0.766235
1.68017
-2.72604
1.79756
1.69471
0.743941
0.654005
2.63678
0.322708
0.112603
1.73407
1.74038
1.42545
1.69387
-6.88711
1.64119
1.58845
0.486915
2.31626
-5.01724
0.959545
1.52775
2.38892
1.46627
1.03623
0.0302418
2.4486
2.38605
0.129594
1.06879
0.668656
-4.94051
0.738239
1.46321
0.928607
-4.83979
3.22033
2.53093
-3.10373
0.912379
0.289259
0.00636734
-4.70894
1.03909
1.01259
2.11879
0.176163
-4.57615
2.42389
-0.846672
-1.5971
0.00188935
1.67016
0.915004
1.90606
-2.25197
0.314157
2.91821
3.05793
1.19832
-0.292006
-2.1924
3.35909
0.868036
2.48298
1.53752
-0.200773
0.149703
-1.39582
-0.0828857
2.2343
0.24466
-9.7185
0.657858
0.715959
-1.41278
-9.41043
2.58137
-3.45949
-6.53292
0.351207
0.600035
0.932176
-0.186953
0.383037
0.903541
0.715162
0.669768
0.0703583
2.95603
1.75148
1.96089
2.10735
1.27659
-2.31134
2.91232
-0.774936
0.248189
0.0347722
1.54959
-5.29797
0.450413
2.2854
0.375569
0.152045
0.245695
1.7739
0.828028
-6.1827
-6.05199
1.63743
1.78534
2.67269
1.69892
1.99933
2.29293
2.25329
-0.780795
2.11571
0.29053
0.895888
-5.03239
-2.17714
-2.3829
1.07366
0.419192
2.06204
0.817527
0.582601
-4.42424
-1.20386
1.17739
-0.1601
0.259728
-10.2202
1.6824
2.5714
-4.07125
0.0750255
-2.03328
-3.50363
0.167243
-2.63287
0.692146
1.63356
0.749428
-0.0170876
-6.47055
-4.53595
1.78582
-0.647197
-6.86604
-0.510074
-2.31817
0.982233
-8.57429
1.08213
1.28615
3.043
-0.465816
0.630243
2.45766
0.324555
0.520133
-3.63852
1.0541
-5.83301
-4.28928
-3.79625
0.0665037
0.135492
0.735981
0.5185
-2.51199
0.736544
-7.65843
-0.233684
0.441213
0.514617
-7.80231
2.40198
-0.0752873
1.71078
3.22166
2.45387
3.13476
-3.22118
2.39527
0.331549
0.126647
-1.47163
0.209992
0.377406
0.634852
0.104572
0.0643166
0.80931
-4.87757
1.05087
-3.29264
-5.6441
-0.36068
-1.31103
1.95675
1.30215
-4.44607
1.28408
-5.16047
0.192868
-4.33862
0.200586
0.275633
-4.95754
-0.775661
-1.47913
1.84849
-0.0232426
-4.04663
-8.09532
1.8495
-1.17658
0.795291
0.513751
-8.32496
0.135608
0.0345766
-0.0339559
0.34776
-7.92145
-5.94086
-0.207427
-7.67727
0.3778
0.396488
1.90043
-0.943242
-0.36834
1.3996
-4.73905
-0.849583
0.772518
3.34809
-0.294105
0.42117
-0.675603
0.496552
-3.53417
1.95448
-0.691747
-3.59998
1.73704
0.388341
-6.33468
2.27587
-5.12222
-3.35115
2.48421
1.20852
-0.0680251
-0.771924
0.0805366
-10.5727
-0.48537
1.71446
2.1118
-4.93446
0.258431
0.194287
-0.093088
0.857565
1.66802
0.100817
2.442
2.59622
-10.334
0.930284
-0.410386
0.103852
-4.92051
0.198673
1.5224
0.354177
3.161
-5.02003
-5.0665
2.6488
-3.5153
-4.69494
-10.8122
-2.23813
1.71389
1.642
-5.42737
-2.34395
1.38495
2.72524
-0.0402527
2.78133
-1.11512
-4.77454
0.43639
-4.75452
-3.86092
-1.15988
0.789848
-1.37372
-1.09369
2.30113
0.74395
0.395398
0.898732
3.39309
-4.32745
-5.59002
-5.16771
-1.05517
3.34568
-5.15104
0.699566
0.0442239
0.447707
-4.25746
-4.96195
-0.0161724
0.104676
-0.113648
-0.0548454
-0.0033886
-5.07892
2.88871
-3.3006
-3.38402
2.93383
1.11408
2.45203
-3.4462
1.68824
0.100682
0.401568
1.44396
1.15197
2.58749
1.11006
-0.0731114
0.796089
0.22944
-2.5021
-8.14646
-0.400307
-1.13171
-4.28349
1.20394
0.940868
0.0801705
0.711263
0.336668
2.77441
1.73362
1.62999
0.448141
-3.49951
1.58325
-3.05473
-3.11572
1.71106
-0.476526
-3.00273
0.00997657
2.64212
-3.42238
2.54691
-0.0245954
2.39583
0.131073
2.61325
1.3525
1.39196
-5.09168
-0.882123
1.85852
1.34801
-0.801102
-0.120012
-4.32455
0.275461
-1.87907
2.7919
-1.09892
0.75205
-3.71903
0.67101
2.39853
-2.63966
-8.07723
0.76064
2.79987
-2.51731
-1.5573
0.083593
0.376415
-6.75076
-0.208182
1.33545
-9.56012
0.712984
1.84139
2.2135
1.04985
2.34706
2.04336
0.564551
0.088705
-0.947701
2.72894
3.23613
-11.3402
0.588135
-1.22774
-0.0399954
-6.95247
0.481408
2.93495
-4.09005
1.9232
-0.479297
1.08862
2.49465
1.89602
-1.09358
0.415829
1.32859
2.63379
0.286817
0.407386
0.497767
1.86994
1.05204
-4.37424
-3.94657
-1.36799
-4.30869
1.96502
-6.70774
-3.30685
-5.55408
-4.63956
1.58378
-5.81844
0.219555
-0.13141
1.37349
2.85488
-0.265632
-1.27305
-0.0350579
-1.99901
2.03965
3.36448
0.11705
-3.31184
-6.05656
0.63606
0.532251
-0.199456
-0.628645
3.29138
0.743627
2.72366
-7.89019
0.777152
0.991369
-9.2377
-0.00234611
-0.989887
-3.41494
0.960411
-0.116712
0.542374
-4.35637
1.02265
0.686325
-6.87389
-5.06479
0.748994
0.844347
2.64322
-1.22378
-0.139958
0.588618
0.364536
0.0677661
-8.02181
2.61339
-7.7246
1.7421
2.31529
1.95022
-6.72321
0.457126
1.92371
-0.644613
0.0288711
-0.336719
1.33218
2.51294
2.61899
2.23831
1.81419
-3.65229
-8.57988
0.889958
0.195652
-6.64255
2.78088
1.98739
1.08315
1.281
1.25614
-4.55159
-8.91602
2.30966
0.833457
1.16768
-0.060727
2.4709
1.66626
0.144347
2.68512
0.209824
-1.9309
-7.00501
0.0791766
-7.7254
-0.225457
-2.18728
-2.23689
1.71366
-4.26542
0.984394
-2.96144
0.584479
-5.36162
0.0840028
0.22247
2.71286
-6.30514
-0.288224
-5.65022
0.581146
2.2352
1.279
-8.14402
0.0946711
-3.97081
1.4513
-3.84293
0.0545915
-2.8954
0.28135
0.0187699
1.8988
3.45385
3.36262
0.347765
0.18164
-4.36272
2.6861
1.86199
1.42125
2.06202
0.551844
2.57628
-0.10556
-3.29987
0.174531
0.220666
2.36739
-1.66407
-2.9498
1.47253
1.4992
0.0823332
1.60703
2.44227
1.58426
2.42225
0.917398
1.81775
1.75919
1.17623
0.034688
2.78982
-0.858112
0.514449
-3.49964
-7.17572
0.0196048
0.701863
0.234675
2.12767
2.46954
0.74474
-7.38198
2.37501
0.898145
-3.54534
1.31809
0.806811
-6.32524
0.445944
2.20778
-0.122923
-0.588602
1.05737
-5.29714
-0.892637
-1.01352
0.136425
0.948646
1.79285
2.91148
3.24672
0.5766
0.627701
1.5503
-1.23517
-3.03911
2.51771
-3.23966
-4.76378
1.00833
-3.87811
-3.5815
0.194807
1.23274
-6.68684
1.25166
2.50076
0.629569
0.1638
0.430183
2.73959
0.167426
-2.80962
-1.73029
1.28751
-10.8791
1.88805
-4.6119
2.51788
1.72241
1.2414
0.128215
-0.910256
2.67373
1.34432
-0.190347
-2.77628
-6.44402
0.0893097
1.70172
1.53167
0.791953
0.0848624
-0.875636
1.51036
-4.76595
0.302345
-0.0994461
1.47341
3.09252
-0.269829
-0.0245871
0.426038
0.0109926
-0.716004
1.35201
0.79441
-10.757
0.153106
0.324987
2.3806
-6.78912
-0.490137
1.80108
2.11134
2.56235
0.0318374
-2.59514
1.4902
1.07902
0.405843
-5.09437
-0.805653
-6.21875
1.57974
-4.20072
1.3385
-3.30922
-0.374118
-0.217457
0.0221214
-11.0591
0.0764565
0.0915559
2.43184
2.42533
1.17597
-3.34239
2.73946
1.46231
-0.822518
-0.140727
-1.75046
-0.228271
0.148166
-1.37466
-3.9849
1.38641
-5.1976
0.979486
0.0205594
-3.38446
2.59651
1.43861
2.49915
2.35031
-0.961532
-4.33807
0.482635
3.10958
-0.267275
1.16257
1.69659
0.00760596
2.05367
0.749715
0.0212672
1.23345
-0.248645
2.06002
2.40005
1.62755
1.72786
0.245145
1.58344
0.139086
-6.87952
2.01844
2.60217
0.651438
-0.936239
-6.36702
2.86269
-1.27332
-4.80613
-9.98781
-0.224797
0.00971712
3.09749
0.800919
-0.199376
2.268
-0.878957
-0.0984337
0.179622
1.91497
1.14632
0.8791
-1.03065
1.54862
0.00142468
3.09304
3.06588
-1.6425
1.9973
-1.33142
0.686301
0.0879535
1.72927
-4.02
2.48078
-5.09693
2.17048
0.782686
1.31211
2.33466
-3.75988
0.0816871
0.446509
-1.64779
0.579462
-6.91593
-1.67631
-2.63144
-0.959765
2.58048
-5.48708
2.83098
-0.182787
-10.6336
0.484287
-3.58498
-2.59142
-6.18744
0.0145365
-2.09402
-4.40071
2.43019
-5.06254
2.53414
0.359753
-5.01632
-0.201139
-2.52998
0.676716
-0.108315
2.7434
0.9914
0.527811
0.128059
-5.06343
1.51045
0.189226
1.08209
0.0649088
-4.35961
-0.0481364
-7.46148
0.520724
-0.700715
0.860087
2.40424
1.81896
-0.481768
-0.282933
1.6664
1.7096
2.82181
3.02218
1.39839
-0.184001
1.697
1.09875
0.515864
0.34788
2.76238
-5.10765
0.737485
-4.5645
0.886956
-0.100818
-0.333573
-0.196571
0.560715
1.1164
3.26583
-0.136774
1.68537
1.74695
-4.70863
0.573835
-3.18377
1.49166
-5.04355
-2.31618
-0.0641194
0.281214
1.68955
1.03645
2.65999
0.071849
2.53873
-0.408991
3.14141
1.83491
1.66585
-6.602
-7.41268
-0.239017
0.37165
-2.06351
2.25638
2.32659
1.38157
0.337749
3.13682
0.713185
1.70904
-0.271915
-4.35637
0.478883
0.736613
1.95763
-3.51993
0.157042
-1.1063
-0.0588398
2.6591
0.962289
-4.34381
0.491724
-0.253588
0.379512
0.558573
-0.65843
1.04828
-6.45667
0.010295
-1.10394
-0.212771
-4.98362
-0.999601
-7.41235
-8.83552
-0.274351
1.86505
-0.217115
0.828643
0.107048
2.28153
-6.12047
0.569353
0.315601
-0.663161
-4.86053
2.38621
1.68442
0.235127
0.157384
2.41838
-2.89823
-6.85803
-1.87675
0.000448606
-1.2701
1.41231
1.13076
-0.23424
0.368533
2.49751
0.234472
0.125865
1.46137
1.09731
-4.43882
2.30737
-4.33929
2.61921
1.03711
2.21419
-1.66701
-4.5858
-3.40909
0.703594
2.55506
-3.95716
1.64158
1.01781
-8.47193
0.440731
-1.44027
3.01731
1.54144
0.092203
1.0232
-0.1494
0.0963894
2.39417
-3.75348
1.30243
2.07698
3.14793
1.98901
-7.6237
-5.70423
-4.38905
0.0954205
2.3854
-0.849843
0.0935194
-2.42556
-4.76332
2.39841
0.324417
-6.67476
-0.0694887
2.32977
3.11701
-0.144716
0.0821913
2.30303
2.1889
1.26132
2.51858
-1.25226
-6.6569
1.61104
-8.23629
1.02302
-0.126555
-8.43317
2.46902
1.21371
-0.662906
-5.07923
2.33573
-5.77754
-2.57355
-0.21396
0.674747
1.68971
2.55833
-2.3832
-0.0201291
-6.74977
3.24572
3.16447
1.70292
2.13784
0.0102485
-5.78758
2.90397
0.505159
-2.04499
-0.136537
0.0163971
-6.19177
-1.40205
-5.91095
1.34408
-0.872531
0.0590585
2.08128
1.95402
-6.3883
-0.483326
-1.25251
0.777717
1.3586
2.45428
-2.51784
0.0976626
-0.348387
1.1785
-4.32043
-0.399099
2.24233
2.06276
0.00316392
2.33643
2.12472
1.59781
1.19711
1.19679
-10.6787
1.97685
1.32476
-4.50719
-0.378495
-1.56968
2.30659
-6.66229
1.38152
0.959263
1.72811
-1.74287
1.83281
3.34185
-4.81998
0.911798
0.798184
-4.91969
3.00811
-0.197337
1.24636
-4.917
0.0656584
0.164539
0.51724
0.699807
1.10977
1.21335
-2.82151
-0.266746
-5.36878
2.34657
0.737952
-4.33998
2.03829
1.85077
2.92783
3.22255
0.0913331
1.76579
-5.87201
1.51334
-0.0632789
1.11201
2.82246
2.44026
-0.971512
0.00319144
1.59802
-2.22473
-5.08764
-0.432645
0.733302
-6.29893
3.07419
-4.32727
-0.631679
2.2997
0.877543
1.05331
0.0638351
-2.58652
0.172674
2.30371
-0.31402
0.103017
0.836104
-4.31351
-0.34273
-4.75683
2.09823
1.42233
2.01973
-1.49272
1.54349
-0.411165
2.04309
-6.50688
1.70783
1.62402
2.42581
-4.33021
-4.35184
0.482639
-0.0147805
-4.75848
-0.685848
0.968317
-2.2415
2.88169
-6.90949
-0.169418
1.49213
-5.1081
-1.64904
-4.92191
0.328933
1.07226
1.55326
0.0459041
0.745551
1.36466
1.65749
1.14033
0.0586963
-0.125114
3.11379
0.0377174
0.772195
0.725766
-1.19018
0.533058
-1.2625
1.99604
1.97747
-0.947673
-7.00515
-5.34681
0.236009
-5.9456
1.52339
-5.17782
-7.07533
0.608257
0.245525
-0.891459
-1.00954
2.50299
3.18508
-0.747944
2.26931
3.10001
1.04252
0.0570594
-4.23871
0.235088
-5.37162
-1.81274
-3.04617
-4.11281
0.915344
0.0845676
1.25498
1.01604
2.13774
0.878869
2.1635
-0.279497
0.684709
1.10831
2.99631
1.03312
-4.35067
1.44758
-1.26346
0.0541502
2.4654
1.73473
-1.35436
1.87251
-0.276166
-0.373771
2.09016
-0.542416
-4.81522
-5.56561
1.71729
2.2611
3.03416
0.612316
1.67822
-3.64117
1.5498
0.174233
-1.14992
1.49507
-1.25616
1.07581
2.23217
1.99503
0.800944
2.31872
-8.46291
1.70795
0.567983
1.57903
-0.2241
1.6339
1.61817
0.0180244
2.25138
-2.63377
-1.16036
0.75967
2.97811
-0.41336
1.08468
0.925429
1.07384
2.86832
0.926984
3.00696
-6.72902
-0.930393
2.12472
0.891239
-0.197348
0.843028
0.751683
-0.958513
1.5371
0.901954
2.98348
1.56215
0.947663
)
;

boundaryField
{
    SideWalls
    {
        type            empty;
    }
    Top
    {
        type            zeroGradient;
    }
    Inlet
    {
        type            zeroGradient;
    }
    Bottom
    {
        type            zeroGradient;
    }
    Outlet
    {
        type            fixedValue;
        value           uniform 0;
    }
    Plate
    {
        type            zeroGradient;
    }
}


// ************************************************************************* //
