/*--------------------------------*- C++ -*----------------------------------*\
| =========                 |                                                 |
| \\      /  F ield         | OpenFOAM: The Open Source CFD Toolbox           |
|  \\    /   O peration     | Version:  2306                                  |
|   \\  /    A nd           | Website:  www.openfoam.com                      |
|    \\/     M anipulation  |                                                 |
\*---------------------------------------------------------------------------*/
FoamFile
{
    version     2.0;
    format      ascii;
    arch        "LSB;label=32;scalar=64";
    class       surfaceScalarField;
    location    "5.6";
    object      phi;
}
// * * * * * * * * * * * * * * * * * * * * * * * * * * * * * * * * * * * * * //

dimensions      [0 3 -1 0 0 0 0];

oriented        oriented;

internalField   nonuniform List<scalar> 
7520
(
-1.00343
0.78295
0.220478
-1.34206
-0.214174
1.55623
-0.025862
-1.89697
1.92283
0.229706
-0.0322987
-0.197408
0.122801
1.53849
-1.66129
-0.0875065
0.0940931
-0.0065866
-0.286177
2.09377
-1.80759
-0.198519
-1.81389
2.01241
-1.5071
1.48123
0.845551
-0.0651252
-0.780426
0.194152
-0.276317
0.0821653
-0.282668
-1.63644
1.91911
0.709196
-0.110605
-0.598591
-0.0972485
0.134399
-0.037151
-1.93845
0.907094
1.03136
0.125543
1.56861
-1.69416
0.0846095
-0.0798107
-0.00479877
-0.204439
-0.0609452
0.265384
0.0193369
0.0494266
-0.0687635
0.0147493
0.0698602
-0.395272
-0.289579
0.684851
-1.06999
1.19553
-0.0300117
-0.311328
0.34134
0.130289
-0.140988
0.0106994
0.0452436
-0.249693
0.20445
0.249528
-0.242461
-0.00706635
0.859372
1.1301
-1.98948
-0.0346704
0.31251
-0.27784
-0.0584178
0.0777547
0.194642
-0.0306932
-0.163949
-1.15408
1.74462
-0.590542
-0.047169
-0.0180573
0.0652263
-1.84091
2.03893
-0.198015
-0.301179
0.221833
0.0793463
-0.292645
-1.26396
1.5566
-0.440294
0.994749
-0.554456
0.267931
-0.542984
0.275053
0.794337
-1.54723
0.752897
0.0882291
-0.308329
0.2201
-0.0438924
-0.0999688
0.143861
-0.0267516
0.256458
0.353143
0.131053
-0.484196
0.28327
-0.0337422
2.12158
-1.60302
-0.518561
-0.514512
-0.633499
1.14801
-1.4725
1.6121
-0.139604
-0.102039
0.00658354
0.0954553
0.257147
-0.0748909
-0.182256
-1.34399
0.189917
0.270066
-0.0756083
-0.194458
1.79742
0.178091
-1.97552
-0.73201
0.268033
0.463978
0.128082
-0.114056
-0.0140262
1.05488
0.48729
-1.54217
0.0141192
-0.101626
-0.758369
0.131323
0.627046
0.391867
-1.26942
0.877552
-0.042781
-0.120748
0.163529
-0.115589
0.0684199
-2.19458
1.11284
1.08175
1.49477
-0.69463
-0.800139
-0.0058085
0.0840261
-0.0782176
-1.28004
0.987399
0.829941
-0.120745
0.0310774
0.0970047
0.00390128
-0.10115
1.1098
-2.27461
1.16481
0.129614
1.66781
-1.23611
0.974345
0.261764
0.312192
-0.234044
-0.078148
-0.512883
0.90475
0.221303
-0.883442
0.662139
0.3362
-0.0928958
-0.243304
0.347686
-0.421561
0.0738753
0.805167
-1.45529
0.650121
0.125246
-0.109325
-0.0159209
1.84957
-0.749613
-1.09996
0.387829
-0.739213
0.351385
1.68172
-1.18652
-0.495204
-0.8222
0.0638311
-1.4758
-0.718787
1.31643
-0.352963
-0.963464
0.216101
-0.599052
0.382951
-0.213675
-0.0875044
-0.305816
0.101378
0.21136
-0.0167179
0.00973027
-0.0496188
0.0398885
0.935008
0.914564
-1.85671
2.13475
-0.278041
0.650789
0.843981
-0.951526
1.11506
-0.163533
-0.012
-0.0366017
0.0486017
1.34416
-1.62682
0.237767
0.191652
-0.103423
0.444465
0.244331
-0.688796
0.00735434
0.0826272
-0.0899816
-0.538385
0.391326
0.14706
1.31075
-0.50558
-0.717744
0.623878
0.093866
0.799622
-1.26077
0.461149
-0.0858076
0.10823
-0.0224223
0.00361907
-0.00681546
0.00319639
2.55068
-1.38793
-1.16275
0.519152
-0.449068
-0.55436
-1.34954
0.836653
-1.9299
1.64373
0.163435
-0.0772279
-0.0862074
0.0637015
0.130451
-0.156019
0.15481
0.00120905
-0.141249
0.207748
-0.0664986
1.92267
-1.12834
0.0054374
-0.00534007
-9.73304e-05
-0.76185
0.366578
-0.0128144
-0.0479725
0.0607869
0.217563
1.09886
-0.799512
0.486603
0.312909
1.33775
-1.93609
0.598339
0.0286329
0.101656
-0.194219
-0.537792
-0.382903
0.0983008
0.284602
1.07488
-0.229327
0.224663
-0.203659
-0.0210039
-0.0166491
-0.0379684
0.0546175
-0.0624301
0.0504587
0.0119714
0.687709
-1.78773
1.10003
0.383564
-0.413576
-0.341163
-0.0532928
0.394456
0.0316296
-0.0261922
-0.0690744
-0.372625
0.4417
0.141224
0.031034
-0.172258
-0.0621799
0.203404
-0.618589
-0.180923
-0.234117
-0.551259
0.785376
-0.917832
1.97298
-1.05514
0.404846
-0.419686
0.0148392
-1.1586
-0.190932
-0.0327683
-0.0490168
0.0817852
1.42687
-0.371991
-0.647879
0.423344
0.224535
-0.000990561
0.113917
-0.112926
0.28559
-0.0739944
-0.211595
0.245222
-2.14219
0.320494
-1.79299
-2.30587
0.775581
1.53029
-0.838086
-0.398023
-1.27766
1.17441
0.103248
1.98713
0.247305
-2.23444
0.178718
-0.22261
0.0148475
1.15825
-1.1731
-0.24567
-0.344609
0.590278
0.171691
-1.44935
-1.83782
-0.00309332
-0.00513683
0.0148671
0.0623506
-0.116347
0.0539963
0.281427
-0.324208
1.07064
-0.271016
-0.151346
0.124594
-0.0398183
0.00794549
0.0318728
0.754259
-0.424475
-0.329784
-0.443236
-1.49521
-0.0183913
-0.227278
0.034713
-0.581025
0.546312
0.248385
-0.00569446
-0.24269
-1.57065
0.939219
0.631426
0.733056
-0.610255
-0.0500139
0.442508
-0.392494
-0.271064
0.316307
0.510445
-0.241609
-0.268836
0.972367
-0.527902
0.233216
-0.308825
0.9026
0.330098
-1.2327
0.296741
-0.331411
-0.34781
-1.44491
1.79272
1.2754
0.669047
0.675222
-0.459121
-1.34177
0.901473
-0.705747
0.923114
-0.217367
0.013882
-0.0366811
0.0227991
0.273956
-0.318061
0.0441052
-1.42733
1.6449
-0.263607
-0.154297
0.417904
0.277736
-0.0293516
-0.851704
0.886417
0.561711
-1.06747
0.505755
-0.514969
-0.0234162
0.674077
-0.406147
0.135738
-0.0104928
-0.483183
0.296607
0.186575
0.0755947
-0.216844
-0.328656
-0.127301
0.455957
0.130567
0.205632
-0.864481
-0.590807
-0.752629
-0.818016
-0.00658311
0.0514708
-0.0448877
1.56654
-0.457908
-1.10863
-1.34044
0.422606
-1.16607
2.14452
-0.978447
0.35216
0.158286
-0.417022
0.352361
0.0646608
-0.76801
0.573791
0.613645
-1.12816
1.75262
-0.0534372
-1.69918
-1.45093
1.91471
-0.463783
-0.0223586
0.0847092
0.393978
1.44046
-1.83444
0.0328224
-0.16263
0.129808
-0.142532
1.79518
-1.65265
0.00170094
0.10742
-0.109121
-0.903835
1.23994
-0.336109
-0.122351
-0.645659
0.0870569
-0.415713
0.270043
-0.150478
-1.70241
1.85289
0.0153655
0.0340611
-1.63525
0.770767
0.062815
-0.25119
0.188375
0.0562125
-0.0728616
0.118037
1.58837
-1.70641
-0.580729
-0.548284
1.12901
-0.502102
0.396896
0.105207
2.53228
-1.65114
-0.881139
0.445043
-1.02577
0.0169706
-0.0154899
-0.00148063
0.100545
0.73155
-0.832095
0.0392984
-0.0432505
0.00395214
0.821385
0.824669
-1.64605
-0.221272
-0.496472
-0.0574488
0.163356
-0.105907
-0.933869
0.710624
0.223245
-0.0697445
0.0385973
0.0311472
1.70284
-0.1363
1.0815
-2.03733
0.955832
-2.8164
1.24053
1.57587
-1.19924
-1.61716
-0.370828
0.487763
-0.116934
0.474869
-0.382833
-0.0920358
0.806456
-1.65124
0.844788
0.0138103
1.09845
-1.11226
-0.890472
0.537509
1.14393
-0.241333
1.08307
1.26366
-2.34673
-0.175226
0.0802167
0.0950092
0.0488658
-0.982735
1.86873
-0.484062
-1.38467
0.131962
-0.0991393
0.126516
-0.004707
-0.0751037
1.06712
0.801608
0.189005
0.673454
-0.862459
0.354563
-0.042053
-0.0338573
0.0671911
-0.0333338
0.433565
-0.445823
0.012258
-1.81153
0.86311
0.948422
0.323841
0.151028
0.669917
-0.904034
0.422268
-0.0210354
-0.401233
0.131252
0.125894
-1.7906
1.73741
0.0531898
1.17291
-0.611199
0.0571958
0.0543693
-0.111565
-0.0233938
-0.212832
0.236226
0.116754
-0.20965
1.67276
-0.562961
-0.0187131
0.16569
-0.146976
0.00218646
-0.0420047
-0.150081
-0.126237
0.8664
-0.622069
-0.672139
0.68595
-0.39206
-0.091123
2.09377
0.0258821
-0.0246122
-0.00126992
0.00561873
0.860781
-0.197732
0.128175
0.0695575
0.0326
-0.0289809
-0.197266
0.550409
1.50337
-1.48852
0.410983
-0.366004
-0.0449787
0.296717
-1.20055
0.190079
-0.259153
-1.85962
1.70914
-0.0244366
0.0414072
-2.05814
0.216417
-0.217408
-0.0726746
-0.00459897
0.0772736
-0.608949
-1.20258
1.61508
0.9356
1.72294
-0.783716
-1.63644
0.155624
0.0690385
0.106749
-0.0163637
-0.0903853
0.180205
-0.238756
0.0585511
-1.25511
0.621609
-0.191895
-0.26119
0.453084
0.324923
-0.390048
-0.111146
-1.99475
2.1059
0.991988
0.189502
-1.49631
1.3068
0.948575
1.09035
-0.690796
1.52794
-1.13396
-0.0523091
0.383855
-0.331546
-0.886268
0.752183
0.134084
-0.100201
0.0814875
-0.0824844
0.322234
-0.23975
-0.261672
-0.25802
0.519692
-0.534658
1.81006
-0.282177
-0.362357
0.644534
-0.11635
0.0143112
0.259216
-1.21074
0.00135968
-0.035217
0.00828551
-1.84467
0.991358
0.853315
0.356014
-0.466619
0.00874514
-0.0193247
0.424171
1.06903
1.46326
1.64123
-0.537887
-1.10334
0.116597
-0.0436932
-0.0729041
0.729151
0.95257
0.092145
0.0146039
0.646349
-2.08871
1.44236
-0.0560937
0.0772842
-0.0211905
0.605378
0.705369
-0.210591
-0.0977373
0.740609
-0.551604
-0.566417
1.42579
0.152984
0.0104509
1.81915
-0.4814
0.14161
-0.134256
1.76495
-0.123726
0.0991934
0.396334
0.0146492
0.0177591
0.294433
-1.75181
-0.835845
0.975932
-0.140087
0.0057275
-0.115052
1.75896
0.0517092
-1.81066
-0.707842
0.425665
0.219157
0.0664329
-0.302331
0.0682871
0.0185619
-1.20508
1.54715
-1.57769
0.0305404
0.0118485
-0.283563
0.271714
-0.659269
1.26465
-0.822272
1.50998
0.0366758
-0.0248273
0.794196
-0.307593
1.94143
-0.597273
0.00513436
0.116962
-0.122096
-0.0689017
-0.09386
0.162762
0.113549
0.00304839
-0.226943
-0.731835
-0.250272
-0.11991
0.370182
0.612865
1.36011
-1.7173
1.36949
0.110122
-0.451285
-0.767687
0.98899
-1.14387
1.32814
-0.184271
0.532987
-1.77607
1.63354
1.7946
-0.859588
1.30291
0.818672
-0.0664797
0.279828
1.26732
-1.33447
0.313292
1.02118
0.246175
-0.276868
0.396562
-0.0727212
-0.208627
0.146447
-0.098077
-1.50494
0.486916
-1.22399
0.737079
-1.3565
0.901291
0.455207
-0.157375
-0.726067
-0.0997762
0.0939677
0.0885523
-0.00107171
0.166814
-0.165742
-0.534786
0.484772
0.836805
0.957792
-1.45093
-0.0395739
-0.0228562
1.61814
-1.42549
-0.192653
-0.402032
1.84249
-1.65927
2.53381
-0.874547
-0.762761
1.05791
-0.295152
0.0921834
-1.37223
-0.00608686
-0.376746
-0.26859
0.417047
-0.148457
-0.0188533
0.0120378
1.31961
0.709377
-1.27656
0.56718
0.00276338
-1.55914
1.55638
-0.0516008
-0.104419
-0.0053644
-0.469501
0.474866
-0.562567
1.44216
-0.879588
0.193662
-0.134171
-0.0594911
-0.29731
0.268113
0.0291964
-1.97565
1.76148
2.14178
-0.471653
-1.67012
-0.0618324
0.0366196
0.0252128
0.0138061
0.166399
0.0865264
-0.601496
-0.854427
1.67581
-0.0287037
0.0158892
1.75262
-0.968901
1.06945
0.101096
-0.101096
-0.128372
0.317373
-2.17408
2.24728
-0.925813
-1.32147
-0.777647
0.805579
-0.0279314
-0.0865235
-0.258732
0.345255
1.02576
-1.21632
0.190562
-0.585699
-0.231041
0.81674
0.7959
-2.00647
1.21057
-0.0755513
-0.810716
-0.206199
0.137297
-0.208497
-0.586352
0.794849
0.767021
0.419674
-1.18669
-1.30044
-0.406981
0.656187
-0.249207
-0.799886
1.14112
-0.34123
1.44188
-1.32384
0.0389638
-0.289236
0.0442125
-0.0764904
0.424176
-1.19085
1.09955
0.0913004
-1.28677
1.80555
-0.518782
-0.0164592
0.128723
-0.112264
-1.50872
-0.765891
-0.0561808
-0.00223697
-1.64341
0.477338
-0.36458
0.282095
-0.209002
-0.553759
0.0343885
-0.0904822
-0.78656
1.86963
0.042503
-0.353831
-1.53082
0.129256
1.40156
0.817521
-0.683298
-0.134223
-0.870122
0.164375
0.218761
-0.563453
0.344692
1.59005
-0.13278
-1.45727
-0.0396623
0.0374737
0.00218868
-0.376193
0.713106
0.780704
-1.49381
-0.552773
1.45987
0.223113
0.675207
0.75166
-0.121057
1.57706
0.187895
-1.39285
1.39562
0.0444611
-0.0742018
0.0297407
0.11131
-0.179836
0.0685262
-2.03142
0.37215
-0.0837182
0.214772
-0.612035
-0.22381
0.249602
0.854811
-0.265972
-0.588839
0.187145
0.0961253
-1.17835
1.79405
-0.615701
0.149291
-0.243151
-0.0678603
0.341817
0.245405
-0.513994
-0.200885
0.269566
-0.0686813
0.0968851
-0.0334204
-0.0634647
0.828942
-0.930925
0.101982
-0.034882
-0.070789
0.105671
-0.283813
0.314608
-0.0307946
0.063874
-0.397774
0.3339
0.299578
-0.0534034
0.193866
0.269697
-0.463563
1.4528
-1.03573
-0.953747
0.010265
-0.358807
0.348542
0.0853283
-0.0512672
-0.269736
-0.232366
1.14301
-0.288202
-0.0365927
-1.23507
1.27167
-0.35314
-0.0297624
-0.0338033
-0.584786
-0.0960971
-0.201213
0.165753
-0.164052
-1.38484
-0.034319
-0.0782313
0.11255
1.33189
-1.00179
1.12225
1.01952
0.375589
0.0466786
-0.138308
-1.62592
1.76423
0.728698
0.479628
-1.20833
-0.0164434
-1.04416
0.653127
0.391034
0.835891
-0.0183696
0.0120896
0.0402943
-0.0523839
2.16765
-1.16944
-0.998212
0.131736
-0.296227
0.164491
0.711754
0.423942
-1.1357
0.0689389
0.0987326
-0.167672
1.72459
0.0157794
-1.74037
-0.169527
0.108582
-0.24907
0.291573
0.0579269
-0.00972659
-0.0482003
-0.0385805
-0.267236
0.0482353
0.0108366
-0.0590719
-0.47993
-0.666085
1.14601
1.13747
0.452577
0.985473
-1.02207
0.732801
-1.29537
-1.87172
1.76057
0.0317436
-0.069712
0.253651
-0.607273
0.353623
0.724403
0.998532
1.10963
-1.33221
0.222585
1.22909
-0.553879
-0.128242
0.084549
0.0741749
-0.379071
0.304896
-1.61756
-0.403517
2.02107
-0.407798
0.447829
-0.0400303
-0.00335769
0.104453
0.22305
1.31544
-0.135691
-0.0395346
0.805891
-1.89233
1.08644
-0.75557
-0.345645
1.10121
1.58519
-0.503691
0.275504
0.562686
-0.907294
-0.257858
0.0042094
0.253648
0.0189167
-0.182866
-0.473628
1.18301
0.00795414
0.0313442
-0.297796
0.039022
0.258774
0.0169122
1.00885
0.418958
-0.970217
-0.430516
-0.411917
0.510218
0.739697
-0.948699
0.0394609
-0.0448009
-0.120385
0.0452811
-1.93599
0.900264
-0.00263616
0.0986231
-0.0959869
-0.272226
0.217476
0.0547501
0.235925
0.862521
0.0930555
-0.00902946
-0.00457033
-1.64461
1.64918
0.318006
-0.817922
0.499916
-0.00948695
0.0570259
-0.0475389
-0.711452
1.19837
-0.136957
-0.363838
0.500795
-0.269259
0.48802
-0.934977
1.00589
-0.0709112
-0.589382
0.530969
0.0584122
2.04032
-0.0531924
0.0976707
-0.279577
0.181907
-0.324418
-0.0482075
-0.173522
-0.00974717
1.18357
0.951176
0.210842
-1.41869
1.20784
-0.803241
-0.173018
0.976259
-0.162491
0.199234
-0.036743
0.113416
0.11653
-0.229946
-0.0208239
-0.193285
0.214109
-0.0460917
0.0474513
-1.1302
-0.258508
0.00881458
-0.10349
0.0682727
-0.122029
0.384878
-0.262849
-0.225177
0.259122
-0.0339448
-0.0131689
0.141093
-0.127924
0.801049
-0.379846
-0.0712529
0.0216341
-0.085052
-0.610857
0.695909
1.21004
-0.974119
0.00670392
-0.348941
0.342237
-0.769829
-0.490942
-1.38017
1.50978
1.14931
0.00894315
-1.34663
0.83379
0.51284
0.212964
-0.0912379
-0.121726
1.7496
-1.7496
-1.57944
0.103646
-1.05552
-0.241037
-0.612551
0.853588
0.577638
-0.536479
-0.0411593
-0.198051
-0.0426364
0.056487
-0.0138506
0.00460668
0.200107
-0.204714
-0.484002
1.27895
-0.794951
0.311339
-0.127293
-0.184046
0.793134
-0.700951
-1.04282
0.239579
-0.0385836
-0.210138
0.248722
0.00310959
-1.33758
-0.495296
-1.21612
0.720821
0.640803
0.0161134
0.226766
-0.242879
-0.267598
0.324621
-0.0570234
-0.222812
0.165363
-0.0804524
-0.0739278
0.00125324
0.0352602
0.0103872
0.223994
-0.234381
-0.281229
-0.0978414
-0.178277
0.372143
0.00142828
-0.0373274
0.0358991
-0.0285432
-0.0758656
0.104409
0.0594683
-0.0836697
0.0242014
-0.0627538
0.164428
-0.101674
-0.595216
1.33229
0.55518
-1.14748
0.592301
-0.1466
-0.078104
0.224704
-0.0681578
-2.3577
2.42586
0.888473
-0.586449
-0.302024
0.439405
-0.0368886
-0.201867
-0.0288412
-0.0191313
-0.0538707
0.185606
0.301068
-0.951346
0.650278
-0.460974
-1.32962
-0.195047
0.831011
-0.635963
-0.0182551
0.0498847
0.399613
-0.268425
-0.131187
0.365271
-0.450323
-0.70571
0.19851
-0.346563
0.148053
-0.518988
0.327093
-0.156225
0.579569
-0.28522
0.261826
-1.76056
0.372631
-0.289853
0.535258
0.0258456
-0.232044
0.36998
-0.0650844
0.314647
-0.298533
-0.0807398
-1.29066
0.695446
1.98757
-0.192389
-1.70241
2.24419
-1.07763
-1.16655
-0.0932545
0.48458
-0.0630225
-0.759178
0.502775
-0.42718
-0.24044
-0.0174171
-0.589651
-0.405009
0.99466
0.0123934
0.173446
-0.185839
0.0273525
-0.865438
-1.99932
-0.308968
-0.329702
0.638669
0.625943
-0.307937
-0.239116
-0.0370072
0.276123
0.461656
-0.0780916
0.158901
0.0540629
2.00019
-1.20429
-0.906371
0.31672
-0.246202
-0.0490547
0.295257
-0.0460463
-0.129474
-1.08685
0.239465
-0.295718
0.0562523
-0.0821328
-0.0334561
0.911918
-1.18123
0.269311
-0.652687
-0.0579909
1.80759
-0.0509612
-0.559896
1.35244
-2.05767
0.705228
-2.02812
1.46205
0.566074
0.144449
0.101158
-0.245608
0.153898
1.19138
0.0165056
0.823356
-0.839862
-0.0305245
0.196214
-0.0162786
-0.0455537
-0.0279069
-0.26331
0.291217
1.24686
-1.38517
0.149202
0.21697
-0.165175
-0.0517951
-1.45819
-0.121252
-0.576972
-0.548535
0.5588
0.106278
0.00342253
-0.109701
-0.601882
0.281715
0.320166
-0.386832
0.334523
-1.08245
-0.550909
1.63336
-0.113229
0.160177
-0.246701
0.100738
-0.586009
0.485271
-0.152389
1.05368
-0.152119
-0.833817
0.0561698
0.803276
-0.133359
0.954423
-1.43842
-0.0456692
0.0345493
0.01112
1.09244
-0.489379
-1.17191
-0.339626
-0.0724224
0.412049
-0.0524695
0.198917
-0.0813379
-0.182847
0.264184
0.309217
-0.20784
-0.179638
1.68301
-0.174661
0.300287
-0.067071
-0.424709
0.405384
-0.173336
0.0695376
0.103798
0.240035
-0.106687
-0.133347
-0.14065
-0.0396267
0.180277
0.28442
-0.0500207
-0.2344
0.006818
0.0477995
-0.206477
-0.0770863
-0.0609937
1.20241
-0.133687
0.0662752
0.0674116
-0.0182283
-0.0104586
0.028687
0.0325231
-0.438007
0.405484
0.305644
0.241149
-0.648129
-0.0327753
0.355966
-0.0745381
-0.316105
0.0450412
-0.127277
-0.0353535
1.80284
-0.978175
0.0862218
-0.22367
0.137448
-1.59579
0.215627
-0.0930139
0.0776763
0.0153375
-0.0390407
-0.0307038
-0.547731
-1.48039
0.35391
-0.0571693
-0.820532
-1.26818
-0.181924
-0.115872
-0.661373
0.762112
0.986628
-0.71571
-1.19747
1.40831
-1.91996
0.302405
-0.239865
0.12121
0.118655
0.0967878
-0.176965
-0.389822
0.566787
-0.0999381
-0.0470384
-0.430987
-0.895129
1.32612
-0.779643
-1.0901
1.86974
0.608062
0.343551
-0.951614
0.00301939
0.374452
-0.175941
-0.259353
-0.254641
-0.165166
-0.10091
0.266076
0.239949
0.35033
0.272204
0.127408
0.294807
-0.598821
-0.0112561
0.0371381
-0.630571
0.866347
-0.235776
-0.141372
0.229364
-1.08737
0.0568731
-0.0054023
-0.884778
0.09895
0.34275
-0.709668
-0.194366
-0.130902
-0.90968
-0.324081
1.23376
-0.14712
0.649895
0.128814
0.676765
-0.287654
-1.0021
-0.933891
-1.25612
1.44669
0.0744008
0.050034
0.00769807
-0.0575258
0.0498278
-0.622445
0.567979
0.0544663
0.665598
-0.787949
0.158427
-0.161063
-1.11357
-0.233057
-0.326049
0.299629
0.02642
0.97874
-0.149797
-1.45414
-0.147893
1.60204
-0.0257541
-0.255475
0.245038
0.0508502
-0.295888
-0.227053
0.381448
0.137704
-0.0858584
-0.000355937
0.0862144
-1.30453
0.820467
-0.141053
0.0411148
-0.169761
-0.126465
-0.321001
0.0270679
0.012393
0.217373
0.32913
0.0516232
-0.0998236
0.32507
1.41234
-0.657242
1.96015
1.00919
0.619209
-0.85025
0.003572
-1.45772
-0.183315
-0.321953
0.377244
-0.0552916
0.0650188
-0.01456
-0.0108928
0.0100632
-0.0537334
0.122153
-0.11326
1.68684
-1.57358
0.202848
-0.848507
-0.12168
-0.254241
-0.0699673
0.24338
-0.277818
0.352627
-0.0748091
-0.0207391
-1.42785
1.44859
0.634894
0.270315
0.307323
-0.624952
-0.575056
0.951076
-0.37602
-0.0102437
-0.0439317
0.261408
-0.416055
0.967581
-0.551525
-0.135651
-0.111153
0.246805
-0.135474
-0.639865
0.775339
-0.27318
-0.0582316
-2.02909
-0.0114371
0.178582
-0.173448
0.0203448
-0.0869834
-0.0540695
0.329304
-0.659006
2.18349
-0.93742
-1.24607
-0.0592606
0.421045
0.241273
0.00376496
-0.346623
5.96178e-05
-0.168049
-0.0142069
-0.361841
0.148166
-0.255481
0.855209
-0.990683
0.134951
-0.0915008
-0.0434502
-0.378537
-1.93906
1.02856
0.910498
-1.87229
1.80413
-1.15931
0.35554
0.803765
0.0606912
0.072133
-0.132824
0.653147
0.489867
-0.0771998
0.19386
-0.107063
-0.0906939
-0.00635245
-0.257497
-0.0109288
1.04239
1.1411
0.0746872
-0.0074961
1.58079
-1.33348
-0.0384042
-1.38975
1.42815
1.2382
-0.0357825
-0.28783
-0.0767502
0.36097
0.0376028
-0.24327
-0.00760239
0.404164
0.649188
-1.64468
0.995495
0.0713103
2.38368
-1.429
-0.954683
0.0120721
-0.31687
0.0581379
1.41441
0.23049
1.26413
-1.16048
1.07371
-1.85335
-1.2299
0.0303266
1.19957
-1.30199
-0.060883
1.36287
-0.00432703
0.0725998
2.33035
0.0336757
-2.36402
-0.700455
1.97469
-1.27423
0.0442299
0.214892
-1.01997
0.220084
-0.0044939
-0.0199427
-1.33847
0.194594
-0.00533506
-0.0100586
0.0153937
-0.0926746
0.217512
-0.124837
0.141678
-0.487052
0.345375
0.523599
0.452333
-0.507944
-0.0939374
0.0758451
0.873154
-0.948705
-0.0652332
-0.0511137
-0.246879
0.0524216
0.0866637
1.32289
-1.40956
-0.597585
0.950723
-0.353138
0.0518348
-0.40585
0.354015
-1.01364
-1.58615
0.748131
0.83802
0.0310873
0.825931
0.259531
-1.08546
-0.376325
0.216103
-0.238649
0.0225454
0.163954
-0.0341464
-0.242898
0.0037816
-0.28321
-1.50107
0.0125508
-0.391796
0.788882
-0.397085
-0.712131
-0.629635
1.71838
-0.727024
-0.0988207
0.175438
-1.41185
0.0437367
-1.38113
1.33739
-0.162705
0.0485195
0.114186
1.01904
-1.19884
0.179803
0.133359
-0.019442
-0.0973409
-1.45141
0.739276
-0.613684
1.26681
-0.345018
0.194937
0.290676
0.210123
0.0299118
0.804078
-0.378414
-0.0212906
0.686888
-0.972343
0.434551
-1.84162
0.751524
1.17024
-1.19098
-1.44937
1.33611
-0.168555
-1.45807
0.195425
1.26264
0.601125
0.229886
0.0319574
-0.931101
0.690064
-0.105328
-0.130293
0.23562
-1.69277
0.292034
1.40074
0.338442
0.78466
-1.1231
0.0529323
-1.30906
0.769495
0.109581
-0.879076
-0.0518587
0.209925
-0.977611
-0.0492812
-0.0111423
0.0497396
1.49103
-1.47525
0.0103508
-1.01533
-0.570818
0.781473
-0.0285235
-1.20138
1.10669
-0.28076
-1.63354
-0.00289815
-0.316283
-0.916416
0.327855
-0.0289207
1.87172
0.222046
0.135626
-1.22248
0.132794
-0.10176
0.200367
-0.462039
0.315804
-0.534009
0.218206
0.279974
0.0209873
-0.300961
-0.0350717
-0.244506
0.111207
0.322358
-1.12996
1.15199
-0.0220298
-0.737
1.13512
-1.93581
0.800689
-0.654032
-0.0562627
0.0874099
-1.49117
0.136776
1.35439
-0.359325
0.892312
-0.658722
0.686075
0.163219
0.974523
0.587829
-1.01835
-0.826688
-0.164561
0.991249
-0.595621
-1.2756
0.844614
-0.11878
0.121971
-0.00319102
0.041138
-0.0886769
0.971893
-1.44552
-0.568616
-0.28935
0.857966
-0.148193
0.117509
0.0306848
-1.06841
0.428542
0.0356829
0.0249336
-0.222341
0.397932
2.0886
0.241744
-0.794833
0.811338
-0.256651
0.0868894
-1.17971
1.90163
-0.721926
-0.0742459
0.0615927
0.0741455
0.362418
-0.0210778
0.965486
1.17904
0.638023
-0.945616
0.321921
-1.97306
-0.162021
0.127702
0.124469
-1.12626
-0.216463
-0.964767
-0.202674
0.0513284
0.776549
-0.378617
-1.48162
0.563227
1.11978
0.177741
-1.68184
0.33615
1.3457
-0.0843249
0.465772
0.667977
-1.15417
-0.296755
0.729185
-0.306204
-0.422981
0.854572
-0.282889
-0.571683
-0.171144
0.0369736
0.630744
-0.65082
0.0200752
-0.971071
0.333579
0.637491
0.316882
0.689006
0.000579274
0.105699
0.747598
-0.506449
-1.92975
0.716323
1.21343
-1.85289
1.44937
0.853621
0.795631
-1.64925
0.790349
-0.726518
1.79747
-0.595902
-1.20157
-1.04315
0.165008
-0.0804591
-0.0921106
-0.102273
0.182489
-0.0307238
0.108683
-0.077959
-0.267334
-0.154227
-1.65301
-0.160885
0.0619023
-0.0898093
-0.0306874
-0.0125632
1.02215
-0.504779
-0.517374
0.761859
-0.480144
-0.109681
0.123488
-0.158093
1.26772
-0.155609
-0.00709666
-0.318631
-0.749776
-1.47377
0.564095
-0.0717647
-0.0692235
0.119748
0.0771104
0.0909885
-0.0832904
-0.501053
-0.243386
0.0869865
-0.0760084
-0.0109781
0.172235
-0.905528
-0.479462
1.38499
-0.129877
0.0428932
-0.0463717
1.08399
1.00755
-2.09155
-0.384709
0.992771
0.206739
-0.0821448
0.645829
-0.825966
-0.690175
1.51614
-0.931182
-0.976887
0.571879
0.293854
-0.189721
-0.104133
0.814086
-1.27199
-0.14749
1.70391
-0.568786
-0.173936
0.0999413
-0.417381
-0.730099
0.0853928
1.98907
-1.76057
-0.228496
-0.88487
-0.588905
-0.1957
0.15929
0.0647972
-1.02436
-0.196693
1.22105
0.245278
0.274832
-0.410483
-1.64104
-1.61885
0.71013
0.908721
-0.154686
-0.00474794
0.159434
0.945958
-0.556032
-0.389925
0.102701
-0.156434
0.0747109
0.0800994
0.851634
-1.93408
0.759146
0.0954265
-0.317666
-0.588706
0.2012
-0.0277542
0.144924
0.269372
-1.1749
0.0272444
0.356611
-0.530966
0.454476
-0.0817573
-0.00823862
0.089996
0.98605
0.811419
0.566775
0.061071
0.676505
-0.506956
-0.169548
1.77607
-1.43992
-0.234642
-0.398964
0.139508
0.0244467
0.201179
-0.00802283
-0.226359
0.00380307
-0.122583
0.538926
0.021494
-1.8098
-0.0190695
-0.135617
-0.0678684
0.0103426
1.0218
-0.892981
0.894118
-0.453976
-0.440141
0.00380785
0.104422
-0.00887589
0.00354083
0.395328
0.0921282
-0.155593
-0.45391
-0.477015
-2.35199
0.911904
1.44009
-0.0455194
0.00891772
-0.0172411
0.099047
0.112313
-0.276312
-0.287141
0.542305
-1.36827
0.232864
-0.961442
2.04544
0.625031
-0.0841779
-0.540853
-0.623817
-0.489969
-0.04651
0.0865046
-1.09963
0.503565
-0.729263
0.225698
-0.133813
0.0142525
0.11956
-0.185672
1.22245
1.31136
-1.38822
1.43992
-1.76552
1.3059
0.459614
1.08024
-2.04168
2.17064
-1.10161
-1.04397
-1.0172
-0.0307457
0.197559
-0.0517841
-0.417717
-1.54668
0.088613
-0.0561289
-1.27608
1.21098
-1.97766
0.766678
-0.0504898
0.229208
-0.419609
0.199163
-0.140751
0.981568
1.40212
-1.92855
0.748847
-0.159449
-0.771733
-1.3241
0.168021
-0.153768
1.87229
-1.92548
-0.135084
-1.09294
0.100039
1.24638
-0.533274
-1.58163
1.63897
-0.0573468
0.469434
1.95642
0.43141
-0.0696046
-0.361805
1.83432
-0.760608
0.225663
-0.215623
0.725139
-0.758942
0.0842183
0.125905
0.565403
0.911883
-1.47729
-0.569841
-0.453288
1.01194
-1.06708
0.0551394
-0.105497
-0.19022
-1.73182
0.739329
0.992492
1.30402
-0.284982
-0.654188
-0.0248246
0.83494
-0.968299
0.279735
-0.539088
-0.27068
0.315721
-0.621572
0.444607
-1.2044
-0.787531
1.99193
-0.344666
0.294646
-0.242585
-0.024651
1.03746
-0.981295
0.0409696
1.3608
-2.01804
-0.135083
-0.445609
0.200626
-1.17475
0.076632
0.706318
0.442798
0.0292457
-0.615598
-1.52895
0.331484
0.097044
0.353939
-0.450983
0.0670984
-0.306848
1.15745
1.08673
1.25773
-0.988419
0.0744585
-0.175501
-0.270323
0.425926
-0.27354
0.0657008
-0.683354
-0.944625
2.02486
-0.259122
0.290209
-0.591593
-1.1328
1.72439
-1.7548
1.05435
-0.0649987
0.313895
0.091589
-1.46383
-0.06699
-0.132267
0.635832
-1.06615
-1.28584
1.98907
0.554941
-1.37296
1.01032
-0.557992
-0.211475
0.18641
-0.362352
-0.242664
0.249368
-1.6209
0.209948
-0.785004
1.08014
-2.02476
-0.797017
-0.334509
0.286302
-0.0764997
-1.50513
0.866899
-1.06127
1.34023
0.741434
-1.49587
0.754431
1.20575
-0.87217
1.91911
-0.927757
-1.04216
1.96991
0.534327
1.27269
-1.02742
-0.661734
-0.957117
-0.894065
-0.871451
0.446765
-0.668705
1.42409
-0.755381
-0.14543
1.3844
-1.23897
-1.00637
-0.953374
1.95974
0.909407
0.102533
0.239653
0.350647
-0.417901
0.269025
0.148876
0.000978375
-0.244129
0.486496
-1.37137
-0.755962
-0.381307
-0.241138
-0.290687
0.389637
-0.310863
0.973001
-1.98592
0.860956
1.12496
-0.0339253
-1.65231
1.68624
0.0402449
-0.244657
0.0399427
0.609951
-1.85165
1.85165
-0.0421209
-0.0133188
0.0554397
-0.642055
1.06173
0.0837147
0.0843061
-0.770954
-0.320543
0.670873
-1.38822
-0.0724996
-1.27138
0.302475
1.2912
-1.28809
-1.20206
0.177703
-0.278835
0.417686
-0.13885
0.12843
0.502314
0.335252
-0.0552785
-0.974659
-1.18091
0.19784
0.983074
-1.40256
-0.31099
-0.712043
-1.22377
-0.0239748
-0.0618837
0.155138
-0.147756
-0.198867
-0.0130855
0.0647087
0.369018
-0.270572
-0.351
-0.775861
1.27886
-0.502996
0.302738
0.197712
-0.227501
0.393977
-0.166476
-0.428349
0.170329
0.415649
-0.52507
0.10942
-1.12906
1.8297
-0.976081
-1.28144
-1.70761
0.279757
-1.38344
0.0487435
1.00074
1.16692
0.129148
-1.04556
1.15562
-0.056071
-0.21971
-0.125308
0.657796
0.606006
0.184343
2.01426
-0.934124
-1.06573
-0.786874
1.85261
1.12866
0.00630762
-1.13497
0.0838245
-0.0942832
-0.187096
0.170637
0.118928
1.33658
-1.45551
-1.25961
1.19098
0.0686355
1.25961
-1.33611
0.207652
-0.258142
-0.828669
1.03859
0.0735074
0.0985131
-0.0507136
-1.66694
0.170636
1.51063
-0.769195
-0.32949
-0.062137
0.131675
-0.423555
0.944676
0.247586
-0.0830948
0.609247
-1.16077
0.16992
-0.229411
-0.553242
-0.0458099
0.661505
-2.0799
0.52076
-0.0692562
0.423848
-0.354591
-1.03531
-0.942343
0.0615823
0.670586
0.502324
-0.885793
0.0909602
-0.092028
-0.313822
0.0995692
-2.08221
1.03824
0.0488351
-0.0190749
-0.279458
0.11114
0.106233
-0.060772
-1.41398
0.664225
-1.49326
0.829038
0.0568576
0.239806
-0.296664
0.111182
-0.127545
-1.00966
1.31214
0.625222
0.367549
1.29645
-1.15417
0.17991
0.0392471
1.67741
-1.98446
0.30705
-0.0121661
-0.573843
-0.811941
-0.067135
0.366522
-0.438945
0.35703
-0.422114
-1.21223
0.00727435
-0.0744608
0.0671864
-1.46668
0.189197
1.27749
0.392798
-0.418552
0.0592079
0.299008
-0.358216
1.167
-1.19553
-0.351785
0.372772
0.603141
0.250448
-0.348468
0.374888
0.159256
-0.109371
0.180629
0.641908
-0.822537
-0.426002
-0.0610507
-0.921368
-1.01055
1.93192
-0.0241101
-0.25139
0.388839
-1.00742
1.80413
0.2325
-0.135712
0.0434496
0.0460448
0.055402
2.06396
-1.02158
-1.21428
0.755954
-0.546007
-0.648763
1.86219
0.27359
-0.181462
-0.165551
0.162194
0.186305
-0.118894
-0.279157
0.178247
-0.289876
0.132785
-0.280541
1.08552
-0.255256
0.366396
0.299562
-0.0727962
0.0362962
0.328154
0.0760106
0.479881
-0.750453
0.202299
-0.231455
0.0291563
-0.257043
0.305563
0.17517
0.89058
-1.06575
-0.235274
0.104982
0.480723
-0.627843
1.75313
-1.14027
1.02308
0.909132
0.101717
0.55928
-1.07465
0.344491
-0.422583
-0.374559
1.17552
0.824677
-1.48794
1.48794
1.72538
-0.824938
1.08415
-0.0255439
1.53208
-1.50654
0.926354
1.01809
0.848128
-2.05253
0.13032
-1.121
-1.34776
-0.206309
-1.43532
1.64163
-0.397972
-0.121016
0.0700987
1.00917
0.152488
-0.259175
-0.863121
1.53394
-0.670816
-0.171898
0.256117
-0.0267305
-0.0997282
0.935619
2.59167
-1.00596
-1.58571
1.62763
-1.49085
1.13366
0.194482
0.0345292
0.00214666
0.029011
1.55936
0.569938
1.13226
0.661793
0.0204112
0.189728
-0.210139
-0.332003
0.205537
0.174419
-0.186358
0.0119398
0.155078
-0.208849
0.0537713
0.509552
-0.433706
0.328719
-0.470091
0.0404296
0.115195
0.0149801
-0.218065
0.0200145
-0.525465
0.504187
0.0212776
-0.178782
0.155177
0.023605
1.92548
-1.58704
0.423721
-0.338855
-0.0848665
-1.49103
-0.3321
0.257561
-0.99107
1.91742
0.249759
-0.319726
2.05937
-1.21124
0.237576
-0.304647
-0.151413
-0.300847
-1.3282
-0.0495702
1.60332
1.28811
-1.08749
-0.107773
0.136406
-0.0895049
-1.48819
-0.283502
0.276436
0.234708
-0.356388
-0.355677
0.280868
-0.0746203
-1.33831
1.2999
-1.45426
1.4848
-1.17343
-0.465149
0.42017
0.650264
0.37714
-0.388069
-0.0500188
0.0572133
0.341719
-0.398933
-0.357846
1.42497
-0.968022
-1.01473
-1.99182
-0.0764929
0.0726725
0.00382035
-0.00375028
1.41756
-1.41381
1.43125
-1.4187
0.315583
-0.370875
2.00709
-0.997918
0.845744
0.707767
-1.55351
0.218982
0.0286042
0.698995
-0.27795
0.174846
-0.788157
-0.0603498
-1.34008
0.86062
-0.395656
0.205935
-0.158813
0.0614719
0.298806
-0.355976
-1.09801
1.56601
-0.836862
-0.101289
0.0554848
0.375072
0.699806
-0.00877148
0.685276
1.72052
-1.53133
0.294121
-0.352353
0.959737
-1.23075
-0.108991
-0.839714
-0.13913
0.037456
1.17024
0.245756
-0.0413067
0.119105
-0.0643545
0.00465608
-0.211133
-0.240851
0.300059
-0.600499
1.62906
-1.23643
1.21088
-0.42112
0.992998
-0.810404
0.10155
0.229615
-0.0711877
0.181715
0.855158
0.714697
-1.56986
-0.916042
0.570397
-0.0566873
-1.63608
-0.67062
0.043239
0.224438
0.109878
-0.334316
1.44258
0.155313
-0.177735
0.0764437
-1.76682
1.7329
-0.441256
-0.0897107
1.17331
-0.18596
-0.101552
0.287512
1.55449
-1.324
-0.937028
2.00441
-1.06738
-1.02822
1.69625
-0.668021
-0.317894
0.145996
-0.330959
0.0584243
-0.0953807
0.0369564
0.768585
-1.1035
1.25129
-0.147785
-0.271467
0.0695995
-1.61982
-1.94726
0.975338
0.971921
-1.6233
-0.365328
-0.405626
1.03305
-1.96081
0.234586
-0.984362
1.27548
-1.9461
0.299535
0.489347
1.63915
-1.36365
0.0360696
0.228632
-0.264702
-0.0423113
-0.323831
0.381969
-0.0058677
-1.37553
1.3814
-0.126014
-0.408771
0.13445
-0.0467935
-0.087656
1.25107
-0.99154
0.525467
-1.33485
0.80938
0.217454
-0.0542355
1.78245
-0.790462
-0.0159797
-0.216065
0.655611
-0.763007
-0.024942
0.163313
0.0585204
0.528485
0.11808
-0.646565
1.13869
-1.40064
0.261944
-0.29899
0.201252
0.0855091
0.313919
0.630757
1.76399
-0.157269
0.291718
1.36736
-1.42824
-1.94905
0.906894
0.865902
-1.99827
1.13237
-0.924952
-0.508295
1.43325
0.931128
0.787254
-1.64734
1.98446
-0.337123
-1.45919
1.32641
0.193151
0.586667
-0.779819
-0.0281156
-1.18038
1.45642
-0.276044
-1.64734
1.26413
0.48761
-0.0331342
-0.138814
-1.03593
0.184303
-0.820266
0.193127
-1.72488
0.853512
0.87137
-0.300011
0.216916
-1.47812
0.387757
1.09036
0.760209
-0.460674
-1.06779
-0.93412
1.98896
-1.12306
1.29914
-0.139149
0.153269
1.52147
-0.740762
-0.560965
1.47553
1.20307
-1.20894
1.62106
-1.16145
1.35491
-1.41212
0.0572161
-0.0779081
0.00430725
0.0736009
-0.753318
0.0163181
-0.99992
1.96541
0.401158
-0.129444
0.606416
0.542889
-0.600978
1.54955
0.14466
1.06109
0.519434
-1.44439
-0.987351
-0.959908
-1.7173
-1.34689
-0.83082
-0.894062
1.65845
-1.10455
-0.553899
0.94647
0.0391883
-1.80601
1.58704
-0.369648
0.292898
0.305315
-0.248102
1.24119
0.660437
0.383428
0.126123
1.7086
0.0243041
-0.161102
2.2497
0.829683
0.311433
0.296758
0.960972
0.790226
0.353708
0.826513
0.755776
-1.58229
-0.370742
-1.4598
0.791094
0.284275
-0.0446028
-0.00219068
-0.212226
0.415753
-0.439647
0.30269
0.307523
-0.233648
0.716778
0.793852
1.63265
-1.43725
-0.195391
-0.160589
0.164393
0.554698
-0.00316591
0.0615902
0.0329243
0.120703
0.530534
-0.614711
-1.53428
0.765084
-0.406153
-0.201121
0.265853
0.0257206
0.315134
-1.44347
-0.0471288
0.164637
-0.0716673
-0.145177
-0.00871396
0.00478944
0.00392452
-0.0206246
0.589205
-0.014948
0.0693173
-0.319086
-1.13731
-1.04162
0.23787
0.803745
1.6637
-1.28749
-0.376208
-0.897048
1.81734
-0.920288
0.721152
-0.115146
-2.01032
1.0733
-0.156112
1.72473
1.80042
-0.986337
0.0342618
-0.183289
0.149028
0.902769
-0.672883
0.0363646
-1.23189
1.52251
1.28381
0.0790612
-1.82526
1.03839
-1.22028
0.0853084
0.000571339
0.0134946
-0.175543
0.162048
-0.0498382
-0.186774
0.162307
0.0244669
1.65214
0.559372
0.260697
-0.00868666
-0.184433
0.19312
1.59906
-0.949876
-1.63569
1.67488
-0.213358
0.179211
0.0241277
-1.01863
-1.06127
-0.870698
1.60357
-0.732874
-0.23969
-1.70501
1.9447
1.64565
-1.48459
-0.161064
0.66324
0.0797769
-0.993925
-0.956465
-1.39826
-0.0138653
0.865898
-2.0242
1.1583
0.221859
-1.84516
-1.42401
1.56867
0.13518
-0.503435
0.368255
-1.11249
-0.97906
-1.44978
0.444494
-0.174797
-1.2866
-0.0918053
-0.0198301
0.111635
-0.570898
0.424095
0.146803
0.327463
-0.0221473
0.893257
0.710315
0.0118651
0.0355862
0.0932569
-0.0106297
-1.15172
1.20894
0.00338051
0.0616382
-1.15172
1.8146
-0.816071
-0.00633586
0.437963
-0.0839477
-0.963379
1.96049
-0.997114
0.120078
-0.0126581
0.958339
0.607675
-0.307012
1.38876
-0.019855
0.70266
0.437365
-0.593947
0.156582
2.05014
-1.18424
0.754443
-1.23546
0.0545477
-1.96195
0.837056
-1.50787
-0.566706
0.763404
-0.196698
1.71424
-0.722965
-0.991274
-0.855852
-1.09455
1.9504
0.144483
1.49077
-1.52063
0.0298618
0.455234
-1.35036
-0.989056
2.07457
-0.140985
-0.410937
0.551922
0.0714806
0.985716
0.728523
0.12965
-0.176688
1.67741
1.2372
2.23592
-1.46034
-1.6142
-2.10154
-2.01159
1.07746
-0.314739
-1.17341
1.50489
-0.1014
-0.99711
0.13509
-0.524913
2.19271
-0.662417
-1.58415
-1.82029
0.113884
-1.61987
0.78905
1.06727
0.937137
0.938077
0.327826
0.568896
-0.896723
1.03404
0.944317
-1.97836
-0.345306
0.588686
-0.529844
1.89525
-1.3654
0.375041
1.25258
0.416356
-0.0109712
0.250858
-0.915013
-0.461843
-0.489503
-1.71109
1.54998
0.838759
0.831984
1.40393
0.353354
0.102603
1.18038
0.878986
0.0103747
1.77624
-0.790523
1.6196
-1.0542
0.146626
0.0767021
-1.56489
-0.0504331
2.0377
-1.98727
0.01327
1.61938
1.58281
-0.745754
-2.15629
0.877518
1.27877
-1.94536
1.08951
0.904264
0.571264
0.0222666
0.169271
-1.40212
1.02833
0.667913
-1.55291
0.0986563
-1.3243
0.261869
1.71109
1.55437
-0.760521
0.102174
-0.0111671
-0.0910071
0.978438
0.797801
0.881426
1.10753
0.604396
0.699623
-1.12065
2.00208
-1.49102
0.0337548
1.69918
-1.67488
1.64867
-0.755412
-1.87809
0.800453
0.682604
1.5101
-0.363246
0.839172
-0.475927
-0.270696
0.29794
0.0546724
0.194049
0.0387132
-1.32681
1.10869
-1.28167
0.456731
0.843814
1.14812
0.927877
-0.613958
-0.348082
-0.204564
-0.467228
-1.35142
0.0753311
-0.990668
-0.945494
1.93616
-1.99378
0.870725
2.12393
-0.891115
-1.23281
1.02723
-0.119128
0.306424
-0.187296
-0.40993
-1.96599
0.871443
-1.93096
0.967578
0.833621
-1.96526
1.13164
1.20307
1.50962
-0.990185
0.0565988
-0.298191
-0.0493757
0.181266
-0.408767
0.904455
-2.33178
1.42733
-1.04656
-0.778701
-0.840296
0.408371
-0.529387
-0.835485
-1.80717
-0.0375226
0.0244371
-0.409245
0.388074
-1.84968
1.52063
0.329043
1.2218
0.902128
1.14642
0.903714
0.190234
-1.24173
1.29492
1.75686
-2.10079
0.916546
1.49077
-0.148099
0.0370151
-1.63569
1.54808
-0.782991
0.91535
-2.37569
-0.249038
0.095293
-1.71619
0.0534685
-0.715293
0.208844
1.62009
-0.86431
-0.0218424
-0.878303
-0.213457
1.09176
1.24173
-0.0386579
0.0433369
-0.0906396
0.0161788
-0.265969
0.212676
0.0945657
-0.148635
-0.288102
-0.0299596
-1.90583
0.91516
1.7322
-0.830724
-1.65808
-0.0360815
2.15237
-1.27485
0.410939
1.97901
-0.945962
1.77774
-0.924231
-0.704045
1.7766
-2.01715
0.896495
-0.80439
0.0452123
-1.29043
-0.7469
2.20531
-1.28996
1.02429
-1.80299
-0.00438498
2.08654
-0.591002
1.07688
-0.485876
1.5675
1.59614
-0.856298
-0.739847
-0.722492
-0.186408
0.9089
-1.07752
-1.84968
1.53703
-1.37243
-0.164607
-0.335891
1.12681
-0.790917
-1.56278
0.964283
0.0303251
-0.0325621
-0.229566
2.07618
1.98467
-0.811009
0.451684
-1.32907
1.34234
0.0613788
-1.49863
-1.60643
-0.0047257
1.61115
0.647386
-0.811947
1.17208
-1.63306
2.15159
-0.876115
-1.44909
1.44909
0.751662
1.00519
-0.0621081
0.353325
-0.808906
1.78734
-1.50048
1.50048
-2.10235
-1.98436
1.05024
0.453443
0.170435
-1.64251
-0.766345
0.387931
-0.0800014
-1.67732
0.0348115
0.419743
-1.05551
2.04345
-0.604075
1.47961
-0.875538
-1.24838
-1.51087
1.30456
-0.057945
0.443499
-0.584484
1.52906
0.849936
0.697387
1.02799
2.06177
-1.15806
0.925704
0.110801
-0.781786
1.80608
-0.810168
0.159348
-0.920932
1.53703
-1.6593
2.25463
-1.50579
0.950908
-2.01829
-0.795051
1.78754
0.0243614
1.37243
-1.37715
-0.125655
0.61047
0.317365
-0.927835
-1.52545
1.52545
1.91247
-1.04812
-0.864358
-1.47525
0.204475
1.3642
-1.66172
1.66172
1.03121
0.881263
0.0876203
1.97898
0.183951
0.233735
-1.40503
0.0809351
1.77637
-0.430677
1.9728
-1.77727
2.1728
-0.909145
0.883174
-1.08762
-1.37715
-1.61007
1.61007
-1.22431
2.12644
2.10053
-1.18399
-1.94838
0.950164
2.03254
-1.08163
-1.0292
0.693311
-1.9356
1.02199
0.913603
0.331629
-1.84034
0.905544
1.26295
0.823587
-1.32907
-1.41605
1.41605
0.0278974
0.126
1.26769
-1.29492
0.0272276
1.46649
-1.54998
0.0834981
-1.93726
0.974171
0.963087
1.57874
0.365963
0.148173
-1.26769
-1.46649
-1.21738
1.91477
-1.12508
2.02158
1.81829
-0.779904
1.34234
-0.904386
0.939017
1.00543
-0.915263
-0.944918
-1.09676
0.248117
0.808619
-1.49121
1.21317
-1.2142
-0.596461
0.867473
1.08293
0.913959
1.25668
0.399492
-0.167621
-0.0785511
-1.27705
-0.983039
2.26009
1.05062
0.801987
-1.31029
-0.918615
2.2289
-2.07582
-0.759466
0.336486
-1.91139
0.863277
-0.789581
0.919555
-1.62073
1.82219
1.02445
-1.93972
-0.721099
0.023614
-0.806281
1.8569
-0.939083
0.936685
-1.08087
1.89852
-0.817655
1.84181
-1.65158
2.10526
-0.940452
-0.903465
1.92792
-0.810385
0.0838668
0.618524
0.94898
-1.02522
-0.0097555
-1.44844
-0.989152
-0.795905
0.417288
0.136822
-0.10256
-1.94159
0.954242
0.817821
-0.813719
0.964648
-2.04628
-0.992174
-0.0405988
0.351
-0.95799
-0.983066
-1.09084
1.95832
0.881005
0.968837
1.00556
0.942477
1.31006
-0.506292
-1.06059
-1.16784
-0.977619
2.14546
-0.87868
1.73384
1.13578
-1.07419
0.785325
-0.304602
0.954157
-2.05632
1.10217
0.155448
-0.927182
-0.541753
-1.11118
-0.964272
-1.04533
-0.341784
0.382214
-1.0448
-0.89679
0.888131
1.91974
-0.941917
-0.977827
-0.833886
1.92339
-1.0001
0.419482
0.915652
-1.96046
2.23877
-0.850648
-1.38812
1.95061
-0.867689
-0.395268
0.90923
-1.88833
0.979103
-2.17187
0.947563
-1.89459
-1.03049
-0.839038
2.29672
-1.39226
0.342089
-0.163018
-0.0550471
-1.09212
0.942451
-0.790762
-1.10383
-1.17983
-0.899489
1.96125
-1.06176
0.969856
-2.06198
-1.25232
1.02155
-1.92502
-1.93487
1.01201
0.97766
-2.08884
1.02618
-1.25685
-0.166883
1.42374
1.14095
-2.0814
-0.795221
0.315077
1.03072
-1.89508
0.948108
-2.20042
0.695518
1.31689
-1.46059
0.0580319
1.06464
1.06139
0.889221
-1.98279
1.07187
0.910921
-0.0710157
0.374458
0.75235
1.0557
0.81381
-1.85343
1.03962
-1.09466
1.78322
-0.0476472
-0.9272
1.94875
-0.344942
0.787554
-0.907424
-1.1081
2.01552
1.10709
0.646044
0.241457
-0.124927
-1.12388
1.94342
-0.882024
0.820817
0.999274
-1.82009
1.31857
-2.19971
2.26668
-1.60048
-1.03801
1.95367
-1.04393
-0.916526
1.11898
-2.0966
-0.101528
-0.947275
-0.941059
1.03351
-1.90195
0.86844
-1.71475
1.05757
-1.87522
-0.992544
0.102486
0.0182172
0.157296
0.913478
0.90415
-1.85142
-1.14285
0.434552
-1.00129
1.48208
1.10959
-0.944693
-1.00325
0.998735
0.999632
-2.28959
1.52743
0.314384
0.00571299
-1.149
-0.797099
0.133094
-0.00437131
1.05903
0.899284
-0.768949
1.61888
-0.138802
1.07955
-1.87031
0.945912
-1.88783
-0.863473
-0.756397
0.0391992
-0.527762
0.923235
0.827137
1.05077
-1.8779
-0.861571
-0.916122
-0.228408
0.241241
1.0012
-1.95919
-0.058396
0.587719
0.845528
-0.178455
0.0925002
0.0859551
-0.0183359
0.851183
1.00572
1.94825
2.05264
-1.11016
-0.758136
1.96871
-1.18391
0.766732
1.10301
1.16507
0.00856142
1.8847
2.11263
-0.935477
-1.1265
0.0589568
-0.0925192
0.0335624
-1.38046
-0.0787253
-0.145679
0.499302
-0.795677
1.46103
-0.124453
-0.476265
0.389555
0.0867101
-0.0293157
-0.0245178
-0.052777
-0.0457799
0.886494
0.837094
0.17755
0.978073
1.59834
-0.85906
0.279127
-0.300162
-0.0105643
-0.00275445
-0.723308
1.74948
0.886961
0.0915614
-0.502498
1.97115
1.0994
2.07832
-1.14164
-0.855292
-0.84175
1.90639
-0.0503774
1.20691
-1.97281
-0.958427
1.10358
-1.88939
0.785819
0.020393
-0.32251
-0.0357065
0.775568
1.89601
-1.20973
-0.686279
-0.129862
-1.36116
-0.122672
-1.07939
0.724794
1.31866
0.108542
-1.94412
-0.0986266
-0.0488672
-0.0707945
0.119662
0.6359
-1.23004
1.6599
-0.429858
1.86376
-0.621477
-1.24228
1.04295
-0.0383932
1.39279
0.910998
1.13787
-0.915244
-1.47621
-0.492877
-0.497865
0.990742
0.0510574
0.928482
-0.249115
0.399864
-0.150749
2.18655
-1.30555
-1.1583
-1.02472
-0.753881
-0.474129
1.22801
0.123129
-0.999791
-0.121862
0.447655
-1.57508
1.84678
-1.24844
-0.798057
1.17251
-0.0519708
-0.00902297
-0.243678
-1.5768
0.346763
-0.651161
0.305855
0.137879
2.13124
-0.948256
-1.18299
0.812437
-1.02365
1.3034
0.294128
-1.13192
0.837788
0.872618
1.13447
0.0899995
1.69363
-1.28587
-1.04591
-0.0944537
0.109353
-1.86136
-0.0666337
-0.0401967
-0.855643
0.124101
1.28872
0.842519
-0.529699
1.79532
-1.26562
1.00771
-0.310692
0.198278
-1.54603
0.212607
-1.3055
1.09289
1.2253
-1.64455
-0.886417
1.89339
-0.90286
1.85728
0.363362
-0.339234
-0.00034516
0.00034516
0.146766
-1.13831
-1.07592
0.497008
0.0587597
-1.03737
-1.19686
0.546879
1.87159
0.134028
0.254811
-1.03888
1.90215
1.04119
-1.92321
-2.08215
0.955649
-0.282605
0.163711
1.16964
1.44607
0.203686
-0.898317
0.447489
-1.08401
2.02646
-0.126157
0.0519114
1.02862
-0.180077
-0.482159
-1.36949
-0.872119
1.91331
-0.0417272
-1.54767
0.778718
0.0155187
0.916302
0.0210968
0.17962
-0.200717
0.911701
-0.111903
-0.241036
0.299557
-0.0101955
0.0101955
-0.77826
0.550866
-1.7366
0.980199
0.0355452
-0.0357207
-1.17115
-0.0312803
-0.231524
-0.0938632
-0.053711
-0.666434
1.69503
-0.689468
-0.120742
-0.412621
1.02257
-1.11156
-0.356311
0.011993
0.344318
-0.082341
-0.0981154
-0.0821501
-0.271148
0.419313
1.64373
-0.813421
-0.254045
0.867512
1.25417
0.918635
-0.490969
0.0147039
-0.0972941
0.971718
-0.0208968
1.42163
-0.440415
-1.91461
2.35503
-1.16048
0.507211
-0.0699386
-0.0645204
-0.0799525
-2.2538
-0.0929513
1.10112
-0.256652
-0.844473
-1.5804
0.0895478
1.45297
-0.153619
0.0731599
0.426689
-0.244411
-0.574892
-1.78913
-0.110747
-0.171858
-0.0944736
-1.06269
0.818282
-1.25576
1.19841
-0.1407
0.993485
1.30402
-2.29751
-0.197946
-0.203287
0.541097
-0.28644
-0.0724857
-0.836218
0.472973
-1.20604
0.170112
0.135791
0.614266
0.011677
0.936291
1.33224
-2.26853
-0.0887803
-0.558569
1.22915
1.00416
-1.04579
-0.9134
-0.0720684
-0.491437
-0.0494161
0.619588
0.0577819
-0.197746
-0.336263
-0.739048
-0.165407
-0.0618543
0.508888
0.129826
-0.0260282
1.03004
-0.0702576
-0.790618
0.986043
-0.260109
1.35208
0.608068
0.315155
-0.828914
-0.0137594
0.948208
-1.8379
-1.09195
2.3144
-0.109929
-0.148579
-0.176723
1.24577
-2.33772
1.18022
-0.725013
1.0544
-0.079703
0.294595
-0.694415
-0.587253
-0.116636
0.0386771
-0.637624
1.03712
0.487235
-1.24112
-1.74596
0.480333
1.58874
-0.82023
-0.768507
0.69672
0.276282
0.221122
0.450859
-0.671981
-0.991453
0.498576
-1.39919
1.69041
-0.0920581
1.40809
-2.35746
0.949369
0.878264
-0.703094
0.00612881
-0.118392
0.384024
-0.154193
-0.611914
1.18341
-0.571493
0.821505
-1.26319
0.441682
-1.05776
-0.905061
1.90389
-0.929717
0.967596
-2.35571
1.21182
-0.556206
-1.3127
1.9113
0.201806
0.119868
1.32249
0.41961
0.807463
-1.22707
-0.413828
0.152638
-0.0332834
-0.957879
-0.921419
-0.860665
1.78208
0.542597
-0.425202
-0.134005
0.00160506
0.1324
-0.375046
1.8383
-1.35719
-1.99129
1.31216
1.36828
0.0131183
0.63139
-1.50693
0.331413
-0.310317
-0.0349449
-1.58578
0.449838
-0.575853
-0.546605
-1.17984
-1.77083
0.621829
-1.29102
-0.11024
-0.0934189
0.87266
1.07178
0.244897
0.856227
-1.48407
2.47755
0.963227
-1.08448
-0.0210819
0.373899
-0.647076
-0.667999
1.31508
-0.00664773
-0.0740921
1.837
-0.422386
0.0506906
0.0100963
0.968319
-1.18579
-0.0155869
-1.38131
-1.28259
0.30793
0.390265
-1.18832
-1.00677
1.92037
2.27162
0.128008
-2.37766
1.37169
0.938296
1.01955
-0.401711
0.536891
-2.4249
0.917808
0.372375
0.961057
0.227719
-1.35842
1.83876
0.00802381
0.000852698
-0.00887651
1.16771
-0.873581
-1.12584
0.0262079
0.41181
0.309341
1.5054
0.580377
-0.723727
0.050314
0.990488
-1.48538
-0.908078
0.625189
-1.55028
0.904532
0.996782
-1.43383
1.53249
-0.967871
-0.955664
1.72431
0.475234
-0.794207
-1.95807
0.99964
-0.0684341
-0.609074
0.289988
0.267352
0.721638
-0.0952684
0.00346314
-0.0725911
0.970169
-2.36243
0.983271
-0.444345
0.579917
-1.5701
-0.912368
1.39886
-0.0434847
-1.18841
-1.28432
0.196828
0.119693
1.04016
0.258981
-1.3753
1.4805
-0.105194
0.557106
1.06572
-1.62283
-1.03757
0.478576
-1.07797
-0.344657
1.42262
0.753625
-0.982952
1.06609
1.25208
-0.433793
-1.64578
0.0453061
0.957117
-1.95258
-1.38555
0.927011
-1.52816
0.601153
0.781941
-0.96182
-0.0968716
1.05869
-0.344216
0.262362
0.0169951
-0.279357
-0.578796
0.172644
0.0100196
1.65598
-0.860351
1.90131
-0.0314764
0.0523715
-0.0208951
0.156859
-0.124413
0.125666
-0.510399
-0.555454
1.41607
0.350534
-1.14145
-0.836808
1.15747
-0.45765
-0.699824
-0.0301325
-0.0585444
-1.95702
-0.57578
0.81365
-1.15716
-0.17769
-0.887018
-1.33009
1.17548
-0.641149
-1.86611
-0.709451
-0.000930935
0.217348
-0.392487
-1.10081
0.544774
1.64045
-1.00906
-0.788072
0.291493
0.636384
0.742837
1.04471
1.72423
0.436776
-0.889422
-0.908808
0.684998
-0.78776
1.35186
2.27497
-1.33868
0.770046
0.162233
0.325105
-0.342681
0.017576
0.182486
-0.000910635
1.00452
-1.3297
-0.798298
1.07813
-0.645269
0.843108
0.0032382
-0.020623
-0.760261
-1.04929
0.285224
0.76407
1.4838
-1.65641
0.17261
-1.92772
0.715494
0.179773
-0.449509
1.19583
-0.629054
-0.0660503
-0.00068932
1.34004
-1.24378
-0.0962541
-1.18892
0.109531
-0.343207
-1.0302
-0.0463186
-0.417934
0.464252
-0.100485
0.0279854
0.211346
0.143217
-0.170716
0.614216
-1.44628
-0.432151
1.05737
0.45827
0.197917
-0.0188969
-0.586862
1.31427
1.00013
0.953095
-1.37965
-0.0265151
0.0528416
-0.0528416
0.620569
-0.420202
-1.05928
0.82105
-1.48905
-0.0247257
-0.295799
1.02735
-0.0221259
-0.330901
-0.932287
1.64126
-2.31607
-0.335731
1.00399
0.26633
0.594451
1.09244
-0.362298
0.170155
0.192143
0.909554
-0.00935178
-0.900202
-1.03482
0.431118
-1.43116
1.00004
-0.162527
-1.06039
1.08656
-0.0261699
0.477181
-1.55515
-0.874488
-0.26086
-0.971057
-0.0800432
-1.22684
1.22309
-1.35661
1.30039
0.0562114
0.26627
0.0970926
0.50438
-1.49353
1.21129
-2.37191
1.16062
0.0201095
0.000548521
-0.270019
-1.13004
0.57205
-1.52076
0.106776
0.938536
1.10979
-2.04833
-0.364245
0.952498
0.106544
-0.0307763
-0.0757679
0.0801798
-0.0801798
1.16219
0.338129
1.07018
1.21771
0.36922
-0.901166
0.0613036
0.176648
0.517961
-1.12934
2.04564
-0.133324
1.61713
-1.56716
-0.415697
-0.0705195
0.160515
-0.625825
-0.710505
0.233607
0.476898
-1.21972
1.26779
-0.0480751
0.632481
-1.3269
1.0018
-2.20723
1.20543
1.64187
-0.112855
0.177652
-1.38166
-0.0955171
0.370349
-1.10091
1.15546
-1.1363
0.257996
0.998306
0.137354
-0.94807
0.316054
-0.441362
-0.0575152
0.322887
-0.0816456
0.889022
0.752845
-0.160281
0.164063
-1.52236
-1.51032
1.5338
-1.55443
-0.921104
1.70836
1.12256
0.612727
-0.0710881
1.09303
0.411861
0.848891
0.157189
-0.0684405
-0.327215
-1.2684
-0.120321
-1.26099
-0.896422
-0.0189196
0.0189196
0.68624
-0.222736
0.961457
-1.88288
0.00584557
-1.44914
0.00405246
-0.00405246
-1.21361
1.38501
-0.943332
-0.00469268
0.00469268
0.4013
1.26651
-0.00522517
0.407848
-0.0149287
0.0149287
1.01409
-0.0188808
0.0188808
0.0177752
1.29283
-1.3106
-0.056883
-0.0272843
0.0272843
0.243001
0.016709
-0.085344
0.068635
0.0130717
-1.1865
0.408699
-2.06028
-0.456728
0.0295053
-0.0295053
-1.6814
-0.555567
-0.488933
-0.329115
0.969265
-0.64015
-1.22927
0.0281286
-0.0281286
0.0628672
-0.114838
-0.0286453
0.0286453
-0.456298
-0.609452
-0.0401
0.0401
-2.19665
-0.993855
-0.0300752
0.0300752
0.267489
0.997919
-0.0434805
0.0434805
-0.028184
0.028184
-0.231739
-0.0482113
0.0482113
-0.0282113
0.0282113
-0.604561
0.797713
-0.0558766
0.0558766
-0.482537
0.133628
1.42573
-0.765172
-0.0468471
0.0468471
-0.0384477
0.0384477
-1.31335
-0.142157
-0.68492
-0.804129
-0.0691137
0.0691137
0.645625
0.0949833
-1.429
1.68526
-1.23761
0.354815
-0.211577
-0.143238
-0.167144
-1.37889
0.029859
-1.01954
1.28023
0.564075
0.302272
-1.87122
0.873298
-0.149602
-0.226772
0.376374
0.0324087
-0.0324087
0.00824431
0.0452147
-1.23362
0.35177
-0.526567
0.104453
-0.102453
0.102453
-0.106028
0.106028
-0.106606
0.106606
-0.106284
0.106284
-0.119936
0.119936
0.92095
0.296764
-0.128751
0.128751
0.124149
-0.124149
0.0434288
-0.0359801
0.0359801
0.216979
-0.0644449
-1.27313
1.17441
-2.05052
0.707338
0.93429
-0.118101
0.118101
-0.0398813
0.0398813
-0.110584
0.110584
0.430688
-0.420625
0.398328
-0.0443881
-0.108469
0.108469
-1.28815
0.0261246
-0.0261246
0.622978
1.33883
-0.542375
-0.320084
0.669723
-0.0958051
0.0958051
-0.031581
0.031581
-0.0993872
0.0993872
-1.51247
0.651801
0.328575
-0.272802
-0.0557727
-0.0145604
-1.28155
0.16999
-0.0332411
0.0332411
-0.233075
1.28815
0.127903
-1.14143
-0.04434
0.04434
-1.06241
-0.0346625
0.0346625
1.80853
-1.62682
-0.00910762
0.00910762
-0.0341797
0.0341797
0.0713145
-0.0713145
0.845762
-1.82184
0.0335919
-0.0335919
-0.0347282
0.0347282
-0.51492
0.909112
-0.394192
0.984719
-1.80079
-0.651738
-0.425395
1.07713
-1.43956
-0.0590698
0.744025
1.00546
-0.0195657
0.0195657
0.120368
-0.120368
-0.0281416
0.0281416
0.875455
-1.66592
0.813242
-1.94258
-1.42099
1.42099
0.752321
-1.32929
0.0188799
-0.299421
1.32916
-0.00500529
0.00500529
-0.0364271
0.0364271
-0.985831
-0.502309
0.00994269
-0.00994269
-0.040235
0.040235
0.543567
-0.590077
-0.042835
0.385585
-0.0420608
0.0420608
0.0170406
-0.0170406
-1.55686
0.817812
-1.68722
0.663577
0.0135815
-0.0135815
-0.0969854
0.00717617
-0.0477883
0.0477883
0.0215345
-0.0215345
-0.0372955
0.0372955
0.0230151
-0.0230151
-1.2216
0.998201
-1.31269
-0.0141112
0.900392
-1.75603
-0.0356731
0.0356731
0.0324645
-0.0324645
-0.0557982
0.0557982
0.0663921
-0.282457
0.523458
0.0203924
-0.0203924
0.48142
-0.834558
-0.0377988
0.0377988
0.163061
0.109649
1.31199
0.0825127
-0.922227
0.0257947
-0.0257947
-0.0390078
0.0390078
-1.38954
1.3546
-0.701188
-0.729574
1.43076
-1.40314
-1.13951
0.759621
0.0530042
-0.326914
0.273909
0.0220806
-0.0220806
0.0142708
-0.0142708
-0.0355847
0.0355847
0.590422
0.125489
0.637915
0.101935
-0.617025
0.51509
-0.293912
0.369923
-0.327242
0.216902
0.11034
0.0567545
-0.0567545
-1.40979
1.40979
-0.035292
0.035292
0.498444
-0.407974
-0.41937
0.0704282
-1.1142
-0.0183881
0.0183881
0.0605461
-0.0605461
-0.163852
-0.0821223
-1.03369
1.46314
-0.0343536
-1.19492
0.769306
0.0203745
-0.0203745
-0.0774905
0.0396879
-0.0396879
1.26645
0.3857
-0.541271
-0.226123
-0.561662
0.415983
0.38403
-0.433446
-0.0786114
-0.139926
0.605761
-0.465835
-1.90908
1.11199
0.0232145
-0.0232145
0.346568
0.678
-0.0425375
0.0425375
-0.719473
0.80334
-1.00639
-0.0790674
0.0112442
-1.23285
0.0293194
-0.0293194
-0.0431168
0.0431168
-0.0430726
0.0430726
-0.0492014
0.0492014
-0.0448301
0.0448301
-0.0464352
0.0464352
-0.0443577
0.0443577
0.255982
-0.196951
0.0455379
-0.0448504
0.0448504
0.860347
0.0523018
-0.0523018
-0.336081
0.251215
0.244608
0.0349523
-0.0349523
0.909073
-1.78775
0.0580796
0.0708253
-0.0201347
-0.0892641
-0.331502
0.420766
0.0411991
-0.0411991
0.631978
0.0431035
-0.0431035
-0.220189
0.0430035
-0.0430035
1.3796
0.830978
0.170269
0.0329073
-0.0329073
0.248726
0.550029
0.252557
-0.635148
0.382591
-0.0111724
0.0111724
-0.0801615
-1.05814
0.0950702
-0.210819
-0.47983
0.384313
-0.921954
-0.0812989
0.935356
-0.36646
0.477104
0.0815848
-1.14546
-1.14257
0.352996
0.409116
0.0330779
0.0126491
0.767613
0.165555
0.0356453
-0.185908
1.17138
1.16737
0.0499795
-1.21735
0.954654
-0.390579
0.225901
0.905882
-0.828255
-0.0776264
0.416386
0.187947
-0.100327
-1.35713
0.916048
0.44108
-1.46119
0.870653
-0.986928
-1.55908
-0.000157368
1.55923
1.36419
-1.0872
-0.993087
-0.915353
-1.0083
-1.36763
0.0379297
0.0662824
-0.0662824
0.12364
-0.288811
0.642165
0.375855
-0.153233
0.432359
-0.0122343
0.0122343
-0.145815
-0.810171
-0.110761
-1.02225
0.777003
0.237082
0.267683
-0.337287
0.622323
-1.48138
-0.253525
-0.0233428
0.653249
-0.589631
-0.552939
-0.819112
-0.285026
-0.496656
-0.0827077
1.9159
1.33022
-0.0373964
-0.0122998
-0.214245
-1.37768
0.59662
-0.143177
-1.06223
1.73128
1.35899
-0.129899
-0.11355
-1.62682
-1.2772
0.217925
0.345725
0.0056368
2.34764
-1.429
-0.0138971
-0.00672592
1.2769
0.376429
-0.468457
-0.0445886
-1.07005
-1.18051
0.674216
-0.314351
-0.864378
-0.594341
-0.701027
-0.0457
0.0457
0.00855745
-0.00855745
-1.00102
0.401524
-0.602317
0.200794
-0.591474
1.16465
-0.703176
-0.863466
-0.0293056
-0.474129
-1.03334
0.216111
-0.25671
0.588194
-1.37609
1.27479
0.101306
-1.14615
1.04927
1.05737
-0.480712
-0.576661
-1.11994
-0.011833
0.0140216
1.00142
-1.47534
1.88404
1.23502
-0.428313
1.18194
-0.194787
0.186764
1.1819
-0.482095
-1.09876
1.09876
-1.28724
0.215152
-0.11467
-0.100482
0.657886
-0.178005
-0.551216
0.393947
-1.51127
1.54113
-0.530881
0.44117
0.865557
-0.949033
0.083476
-1.78117
-0.384534
0.280424
0.101544
1.03334
0.688314
-1.30855
0.620239
0.258834
-0.00964707
0.302092
1.06409
-1.36618
0.908721
0.112921
-0.56984
0.0731835
0.299999
-0.154003
0.177605
0.00160587
0.0858492
-0.39684
-1.25232
0.134215
1.74502
-1.20392
0.387804
-0.074694
-0.49607
0.570764
0.22762
-0.773344
0.545724
0.305278
0.0554828
-0.0554828
-0.17051
0.615117
0.666795
1.18912
-1.18912
0.282806
0.0235389
0.229973
-0.479549
1.04949
-0.107661
0.527831
0.32001
-0.118758
2.32632
-1.01496
-1.05752
0.142278
-0.0782847
-0.293464
0.371748
0.263953
-0.455579
-0.496533
-0.00452031
-1.16198
0.0205529
1.1652
-0.64882
1.16283
-0.514015
0.306281
-0.0893647
0.956904
-0.128414
-0.000852079
1.06268
-2.10859
1.02724
0.883721
0.143524
1.00054
-1.02314
0.212555
-0.0337552
-0.21977
1.00074
-0.876574
-0.124165
-0.540667
0.507533
-0.155428
-1.7645
0.5119
-0.255672
0.357984
-0.0956224
-1.24512
2.16293
0.00393616
-0.0860689
0.0804725
0.817199
-0.82655
-0.0396977
0.0396977
-1.50517
0.377443
-0.0845452
2.04503
-0.419461
0.657166
-0.101708
0.0761105
-0.0642453
0.456228
-0.0137199
0.112878
-0.064134
0.267754
0.156678
-0.625048
0.46837
0.0256849
-0.0256849
0.0722007
-0.0722007
-0.798045
1.78276
1.10411
-2.02273
-0.0201713
0.0201713
1.02314
-0.474754
0.390806
-0.121497
-0.752333
0.87383
-0.46539
-0.119499
-0.354261
-0.649718
0.252632
0.263696
0.421155
0.61927
-0.408863
0.826151
-0.0094853
0.0094853
-1.24203
1.65389
-0.110388
0.110388
0.0550461
-0.134108
0.433185
-0.299076
-1.07373
-0.127585
-0.0546879
-1.07688
0.232408
0.529159
-0.000674397
0.446618
0.590693
-0.265133
-0.454104
0.182957
-0.292499
0.445606
-0.153108
0.699843
-1.3318
0.147885
1.77937
-0.807648
-0.268348
-0.160611
0.428959
-0.148439
0.598277
0.00630021
0.066126
-0.0724262
-1.28658
-0.204671
0.184841
0.611103
-0.0136863
-7.30503e-05
-0.842799
0.00410512
0.0513346
0.407309
-0.60843
0.155375
0.00841201
-0.105397
-2.05896
-1.04105
1.37228
0.244845
0.00463054
-0.00463054
-0.106753
-0.895745
-0.0264821
-0.121853
0.597033
-1.96244
-0.0406881
0.180067
-0.139379
-0.053284
0.053284
1.84362
-0.490558
-1.35306
-0.473216
0.46105
-0.784409
0.368712
0.177515
-0.0441624
0.203063
-0.0993215
0.295305
-1.36903
-0.802055
-0.0653126
-0.656444
-0.122316
1.49279
-0.00639108
0.00444929
0.00194179
0.790417
0.344734
0.476172
0.996061
-1.79411
0.283051
-0.213451
-0.250315
-1.33009
1.103
0.313072
0.096242
-0.096242
0.795638
0.263054
-0.435105
-0.417936
0.127985
-0.238803
1.15975
-0.174654
-0.535851
-0.350325
1.38262
-1.02524
2.08791
2.35032
-0.228691
0.171826
0.280095
1.54353
-1.22837
-1.15956
1.39621
-1.55983
-1.49951
0.17463
-0.320583
0.0433808
0.277203
1.43008
-0.0991669
0.0441167
-0.944319
-0.0150886
-0.124805
0.114279
-0.262377
-1.52947
0.15058
0.714558
-0.106676
-0.820506
0.150154
1.98176
-1.10915
0.592037
-0.921527
0.312071
0.0618287
1.2787
0.184167
-0.230158
-0.0818047
-0.328126
0.557302
-0.475618
0.125405
0.322868
0.894705
-0.123059
-0.234075
0.357134
1.05793
0.590557
1.44714
0.454344
-0.152131
-0.0774905
-0.103423
-0.241239
0.344662
0.116797
-1.32808
-1.04384
0.00346314
-0.095069
0.436788
1.08526
-0.540485
-1.02545
0.00784681
-0.0385506
0.168169
-0.467765
1.23108
-0.0858397
0.113737
0.308703
0.486146
-0.692298
0.630242
-0.396635
-0.318862
-0.0958019
0.414664
-0.939409
-1.10892
0.0570878
-0.00673624
-0.00812013
0.0631662
0.979036
-1.58146
0.602421
0.0994972
0.46072
-0.560218
0.366456
-0.667303
-0.982988
1.26726
0.00760858
-0.0163225
-0.010977
-0.349805
-0.117423
0.364333
0.35372
-0.430806
-0.236155
-0.0719103
0.308065
1.08013
0.162709
-0.162709
0.606136
-0.080166
-1.48699
-0.101969
-0.240712
0.700476
-0.432987
-0.143886
-0.385501
-0.00228842
0.00228842
-0.214915
-0.133498
0.348413
-0.427572
0.313683
-0.010236
-0.13051
-0.278257
0.473896
-0.882213
-0.613488
1.03336
-1.13488
0.143868
-1.06248
-1.19633
1.77037
-1.27337
-0.154927
-0.312838
-0.266775
-0.296405
-0.684053
1.30332
-0.199344
-0.38514
-0.229218
-0.22968
0.458899
-0.252646
0.432419
-1.10047
0.897036
-1.92249
-0.363327
0.317547
0.00465608
-0.179111
0.242966
0.69533
-1.09976
-0.104225
-0.151595
-0.190035
0.34163
0.0128174
0.690583
0.383823
-0.332766
0.319109
-0.150754
0.883754
0.000860029
-0.422675
0.906728
-0.484053
-0.210574
0.317796
-0.107222
0.105374
-0.285138
0.0442867
0.688043
-1.41177
-0.974275
-0.43604
0.744743
0.253862
-0.22199
-0.0318713
1.08804
-1.08804
-0.00142992
-0.00540606
0.289851
0.0865225
1.22425
0.410776
-0.181969
-0.228807
0.178137
1.67602
-0.800568
-0.708874
-0.197002
0.192617
1.45504
-0.620164
1.61622
0.00189116
1.04683
0.810452
-1.6113
-0.153834
0.00923352
-0.0818223
0.0725888
0.370424
-0.00473085
-0.379957
0.272327
-2.72688e-05
-0.144918
-0.0983242
-0.0345115
0.0345115
-0.196246
-0.20442
0.400666
0.204328
-0.246055
1.31792
-0.00766524
0.00212566
-0.925788
-0.22701
0.19573
0.27823
-0.376345
0.208107
-0.772935
1.60136
-0.320915
-0.425059
-0.566394
0.354481
-0.0646294
-0.302504
-0.24294
0.142614
0.241761
-2.06508
0.547588
0.681567
-0.296839
0.226901
-0.0365991
-0.0878135
0.532768
-0.154353
0.379396
0.54405
-0.923447
-0.219445
0.357324
-0.410229
1.39043
-0.830649
-0.422078
1.00245
0.263438
-0.414186
-0.174211
-0.12521
0.732787
-0.519672
-0.878926
1.93327
0.424565
-0.595281
0.238548
-0.074837
-0.0328885
0.297245
0.159349
-0.397439
1.38484
0.946145
0.778163
-0.134398
0.776712
-0.497962
-0.27875
0.307186
0.565444
1.70184
-1.25522
0.323507
-0.395993
0.784235
0.998529
-0.447923
-1.32978
0.133446
-0.00357132
0.200438
0.218093
0.0096263
0.125932
0.0019998
0.605711
-0.00357428
-0.000578744
0.000322894
0.00522036
-0.0136525
-1.33917
1.99852
-0.422651
0.00604753
-0.480487
1.05254
1.26559
-1.99598
0.730385
0.000556732
0.0307875
0.00751693
-0.42019
0.245979
0.017018
-0.017018
0.134332
-0.0418315
-0.940874
1.57335
-0.00540606
-0.234337
0.711235
0.00211563
-0.678183
-0.441829
0.347375
0.309526
0.0126635
-0.795264
-0.273263
-0.00545634
-1.3261
0.0350775
-0.278756
-0.00358203
-1.32615
0.268009
0.220033
-0.355117
0.814855
-1.61012
-1.08149
0.262982
-0.149471
0.149471
-0.00166006
-0.052382
-0.0037804
-0.151759
0.156524
-0.135015
1.80379
0.461906
-0.978837
1.85522
-0.0014214
0.343601
-0.0213734
-1.16513
-0.0462585
0.0629675
-0.119703
-0.403466
-0.0378964
-0.12577
0.0207092
0.143928
-0.0866636
-1.14696
0.903158
0.000482738
0.0358777
-0.526847
0.969869
1.5929
-0.923181
1.12323
-1.11198
0.602303
0.306597
0.230211
0.431886
0.389825
-0.242913
0.220787
1.37636
0.0150256
-0.658999
-0.583422
0.15651
-0.183026
1.2218
0.256285
0.280606
0.376668
-0.422987
0.0212637
-0.49448
2.16263
0.106328
-0.271891
0.0603136
0.00447391
0.270282
-0.595748
0.325466
-1.11938
-0.782768
-1.01139
0.113352
-0.076922
-0.0364303
0.461937
-0.856129
-0.0162834
-0.842312
-1.54198
-0.00886534
0.660709
-1.06995
0.128482
-0.00182577
0.00709788
-1.28158
-0.000442352
0.359065
-0.488509
-1.13622
-0.63645
0.508036
1.60734
0.556286
-1.09677
0.622721
0.729134
-0.493667
0.11236
-0.0362911
-0.0145599
1.40314
-0.487095
-0.952382
0.197001
-0.20204
-1.22478
-0.333673
0.281432
-0.291787
0.393332
0.00162237
0.00944943
0.905611
0.734837
0.597762
0.635999
-0.873957
-0.607426
-1.11567
-0.759822
0.949739
-0.403407
-0.32552
-0.257387
-0.305597
0.5788
-1.10583
-1.51041
-0.00129089
-0.289495
0.356179
-0.0666839
-1.36241
-0.944671
-0.00371409
1.4865
0.00342317
-0.373714
-1.40925
-0.27522
-0.359929
-0.316874
0.392262
-0.56346
0.171199
0.646029
0.000292686
-0.0963903
0.468937
-0.0953764
1.77186
-1.53012
-0.605031
0.464821
-1.39158
0.0119234
0.00133449
0.0285245
0.152395
0.938324
0.0895577
0.387153
-0.378592
-0.0521436
1.47876
-0.85604
0.00198646
-0.793988
-0.00254768
-0.0170817
0.0196294
1.64255
-0.827695
-0.626986
-0.396894
-0.125651
0.522545
-0.519949
0.235581
-0.671622
0.00283998
-0.00284968
0.409397
-0.553283
1.19228
0.487376
0.00295653
-0.159631
-0.476819
1.70512
-0.904671
-0.276498
0.106237
0.00610485
0.634131
-0.0247748
0.12606
-0.19211
1.3545
-0.601604
-0.33389
0.42239
-0.0885004
0.126591
0.487624
-0.574866
-0.502924
4.41981e-05
-1.09547
0.660361
0.408886
-0.342606
0.00563294
0.671632
0.696919
-1.36855
0.00207747
-0.337385
0.248121
-0.000492724
-0.134716
-0.441136
-0.592194
-0.386144
-0.50958
0.280362
-0.0130444
0.00624682
-1.35365
0.295778
0.657661
0.538169
0.0019044
0.0548079
-0.672616
0.593901
-9.99649e-05
-1.09712
-0.207407
-0.504555
0.446988
-0.603212
-0.00262079
-0.457721
0.144883
-0.664928
1.28517
2.1428
-1.66423
0.048711
0.813672
-0.780594
0.952681
0.0784912
0.103998
-0.141242
1.15991
0.092071
-0.174193
-0.0207782
0.367221
0.782743
0.733398
-0.985761
-1.09779
1.12357
0.442467
-0.764602
-1.2404
-0.352505
-0.0946545
1.36944
1.15939
-0.615339
-0.0643545
0.359037
-0.342042
-0.443249
-0.0838754
-0.0444969
0.648526
0.129401
-0.594358
0.464957
-0.0950696
-1.23502
-1.31303
0.110449
0.0256001
-0.564091
0.522471
-1.29144
-0.359799
1.10365
-1.20505
-0.304576
0.904182
-0.577741
-0.326441
0.295712
0.115064
0.380412
0.0620551
-0.0969967
0.472851
-0.169373
-0.035298
1.2607
1.16635
0.223732
-1.11015
0.043239
0.310568
-0.186467
-1.01893
-1.0876
-0.170039
0.0799042
-0.0780785
0.746016
-0.0509098
-0.218564
0.269474
0.244775
-0.0582149
-0.262368
0.171952
1.26834
0.673086
0.108673
-0.0110636
-1.66667
0.014988
0.022027
0.00294757
0.287299
-0.996302
-0.271941
-0.0105156
-0.201976
0.189392
0.0125833
-1.24312
0.673276
-1.42041
1.5562
0.00948245
-0.0121032
0.507885
0.775924
0.873968
-0.0050609
-0.224721
0.230769
0.410819
-0.22728
0.239943
-0.383194
-0.635481
-0.390291
-0.245139
0.0155726
0.480401
0.330289
-0.424152
-0.0645976
0.0664887
-0.48881
0.31373
-0.0905244
0.51756
0.500298
-0.087444
0.087444
-0.0134609
0.16851
-0.172084
-1.07172
0.0933876
-0.749128
0.00978286
0.205754
0.213989
1.01144
-0.182403
0.187487
-0.213517
0.0260304
0.493313
-0.420129
0.340382
0.0551966
0.065611
0.134439
-0.291375
-0.0218137
0.29872
-0.12845
-0.585826
-0.0468651
0.360595
-0.440626
-1.54664
-1.25253
2.18101
-0.102531
-0.195661
1.62423
0.484658
-0.100628
-1.0706
0.226423
-1.15103
1.53402
-0.382987
0.0131629
-0.0131629
0.0555643
0.00776464
-0.063329
0.291513
-0.0850084
-0.206505
-0.236907
0.280288
-0.0755755
0.0104067
-0.341366
-1.18405
1.09199
0.446242
0.640333
-1.44798
-0.0484241
0.32672
-0.398293
0.365103
-0.184462
-0.00092785
0.259416
-0.107021
-0.39565
0.366334
-0.00450285
0.0146983
0.330993
-0.38377
-0.524935
0.278002
-0.366782
-0.670319
1.32357
-1.26473
-0.133646
-0.360021
-0.572198
0.586902
0.386433
-0.415738
0.841982
0.00776312
-0.291685
0.637899
1.56974
0.298919
-0.805577
0.228296
-0.264017
1.46011
-1.02334
-0.313278
-0.244736
0.354089
0.222851
-0.302803
-0.0503974
0.0194107
0.09685
-0.939162
-0.984963
1.84968
-1.07152
-0.00392691
-0.0827231
-0.019343
-0.00878555
-0.0479235
1.11038
-1.06246
0.253358
0.326211
0.0858204
-0.257678
-0.367258
0.305404
1.75521
0.226572
-0.321046
0.200307
-0.321049
-0.436654
-0.153423
-0.019343
0.00711552
-0.015992
1.42379
0.0166586
-0.0827456
0.104288
0.0782217
-0.0218472
0.0721731
-0.0721731
-0.35305
-0.0310134
0.103618
-0.741007
1.50862
0.0600724
0.316367
-0.193239
-0.0532293
-0.409225
0.316274
0.178185
-0.0281015
1.86678
-1.03581
-0.00845164
-0.0266939
-0.39124
0.0707253
-0.0364207
-0.855393
-1.0671
0.422184
-0.696581
-0.715189
0.0610426
0.247023
-0.410481
0.999686
0.0194375
-0.00234087
-0.0270394
-1.42535
-0.0194375
-0.920137
-0.579377
0.148796
-0.124498
0.0104419
0.394085
-1.35196
-0.630272
-0.0718436
-0.0106723
-0.103386
0.0699294
0.123117
-0.019943
-0.562423
0.11294
0.235474
-0.204395
-0.0306676
-0.264096
-0.0648394
-0.847821
0.142912
0.198719
0.369465
-0.468091
1.13669
-0.777168
-0.00650707
0.37161
0.908039
0.087577
0.462452
-0.00994586
-1.45287
1.3578
0.879516
-0.301907
-0.577609
-0.240491
0.0185008
0.0529214
-0.284445
-0.134789
0.33202
0.0523211
0.821021
-1.46324
-0.480766
0.345977
0.0572787
-0.0220185
-0.133366
-1.14084
0.14418
-0.168906
0.0170829
0.0270105
-0.0440934
0.00826181
-0.0321923
0.0321923
0.633004
-0.8983
0.145967
-0.0169269
0.0169269
-0.556876
-0.284513
0.13032
-0.396054
-0.169793
1.00409
-0.458362
0.423218
-0.0989472
0.142042
0.0543877
-0.0281015
1.01909
-0.398155
0.333526
-0.363924
-0.196293
-0.15401
0.575165
-1.47015
-0.59493
0.334912
-0.0977568
0.183712
0.21042
-0.540581
-0.128148
0.0222408
-2.28683
-0.716292
-0.0445137
-0.0578684
-0.393002
0.983424
0.0129484
0.0929346
0.0246622
0.604848
0.160172
-0.179069
-0.0246622
-0.0252201
-0.168916
-0.225744
-0.912308
-0.114111
-0.712439
0.799014
0.250472
0.0240676
0.214437
0.593297
-1.70244
-0.00469259
-0.136588
0.202959
-0.332689
-0.111057
1.63717
-1.16034
-0.384315
0.0203903
-0.281293
1.37329
-0.0550577
0.947433
-0.943882
1.55661
-0.0111863
-0.809587
0.68148
0.016142
0.270947
-0.0636937
-0.0323346
-0.634348
0.435004
-0.623884
0.475445
-0.227093
0.0114428
0.819413
-0.307755
-0.123051
-0.000890274
-0.359611
-0.246441
-0.00891699
0.375525
0.531898
-0.867471
0.335573
0.0145309
0.0178628
-0.0428951
1.01648
-0.874205
1.04958
-0.0781025
-0.0178628
1.63296
-0.478279
0.146777
-0.0193732
-1.10001
-1.55229
0.0570791
0.047342
0.543035
-0.217569
-1.07392
0.140365
-0.0739887
0.649455
-0.808511
1.26651
0.125688
0.0134497
-0.132948
-0.909228
1.06774
-0.11154
0.0712336
-0.149576
-1.09256
-0.0325666
-0.0929215
0.0229868
-0.118974
-0.690112
1.36339
-0.000902197
-0.184703
-0.90364
-0.00837682
0.191456
-0.00206386
-0.0924888
-0.090377
0.649022
1.57505
0.483528
-0.657829
0.130982
1.38036
-0.474754
0.164085
1.14451
0.471719
-0.388266
-0.485724
0.374184
0.0309571
-0.035556
-0.0762552
-0.0857175
0.247558
-0.0650716
0.214919
-0.0120844
-0.0087559
-0.251353
0.144134
0.659183
-0.0345137
-0.170553
0.132924
-0.603019
0.439167
0.367367
1.85169
0.0114668
0.243355
-0.315423
-0.0123957
0.113774
-0.27823
-0.120716
0.0128931
-0.0228536
-1.41467
0.0610257
0.327019
0.129075
0.303344
-1.51739
-0.446507
0.808242
-0.330995
-0.477248
-0.00177526
1.22603
0.312265
0.250937
-0.143483
0.251324
-0.494092
-0.427435
1.46556
0.0241984
-0.168012
-0.016142
-0.00954292
0.0481541
0.0345137
0.829145
-0.455099
-0.913452
0.162293
-0.0110886
-0.0565058
0.165613
0.235053
-0.0363185
-0.251762
0.219891
-0.258328
0.324911
-0.447963
0.595055
0.592275
0.134748
0.181578
0.889101
-0.709298
-0.364332
0.230965
0.862193
-0.731835
-0.107878
-0.43175
-0.239871
0.0689319
0.221277
-0.0115427
-0.886961
0.839038
0.409392
-0.793926
0.00108971
-0.00108971
-0.631997
-0.739369
-0.746047
0.173849
-0.204989
-0.172649
1.47085
-1.2982
0.0615492
-0.0629791
-0.611857
-1.19991
0.488237
-0.0974306
0.627924
0.0154046
-0.24555
0.0409551
-0.364549
0.265602
0.228182
-0.226066
-0.213075
0.139235
0.103233
0.0598281
-1.21348
0.141612
-0.538246
0.00626853
0.357338
-0.368309
0.232445
-0.181093
0.180515
-0.922125
-0.288358
-0.0141186
0.00961574
0.108047
-0.219439
0.357144
0.121514
-0.420812
-0.067265
1.44702
-0.81402
-1.17421
-1.17646
-0.218179
-0.867598
1.08578
6.54504e-05
-0.0131098
-0.0858828
-0.809752
0.136439
0.157103
-0.00172887
0.0711137
-0.0725351
-0.167074
-0.373508
-0.468033
0.0315254
-0.036218
0.68949
-0.202114
0.361056
0.438266
-0.868067
-0.166696
-0.291025
-0.428689
0.75826
-2.32444
-0.21806
-0.194361
0.00772428
0.440573
0.418936
0.311365
-0.480994
2.052
-0.624671
-0.104701
-0.0780186
-0.74675
0.298826
1.07243
1.34701
-1.53513
0.0987035
-0.361593
-0.0215804
-1.25434
-0.0987255
1.59524
0.0441289
-0.0412889
0.278246
-0.0513456
-0.160278
-1.23903
0.427575
-0.215158
-0.38543
1.64211
-0.0584013
-0.0902339
0.0233075
-0.181083
-0.155854
-0.715717
0.0763288
-0.615065
0.0203903
-1.28298
0.0116575
-0.0563745
0.0624794
-0.225649
-0.00385858
0.0101941
0.277634
-1.38
-0.221432
0.895169
0.0371622
-0.76488
-0.324582
-0.28033
-0.557541
0.333089
-0.00771116
0.00127354
-0.10044
0.586821
0.0701678
-1.47941
0.322226
-0.33267
0.529492
-0.177184
0.177507
0.448701
-0.902958
-0.0146983
-0.00464467
0.576659
-0.111325
1.25583
-0.0716658
0.126338
1.2276
1.23457
-1.25934
-0.0495847
0.60498
-0.174826
0.165961
-0.126244
0.0757261
-0.0773862
0.0316418
-0.0189927
0.051174
0.101211
0.917521
0.174263
0.20822
-1.07582
0.0498646
0.466434
-0.278034
-0.1884
0.40855
-1.31898
-0.0120844
-0.0924226
-0.0612823
0.0565515
0.496366
-0.0875105
0.00484249
-1.10178
1.05375
0.470873
-0.256977
-1.4904
0.0248345
-0.0815013
0.337144
0.208629
-0.871344
-0.15349
1.02483
-0.0131363
-0.187045
-0.0386561
-0.0632292
0.0651336
-0.184665
1.39528
-0.371219
-0.0999809
0.0608972
-0.279005
0.282677
-0.109614
-0.00333066
0.0770044
-0.0117809
-0.224613
-0.837869
-0.183022
0.00105733
-1.43828
0.0163579
0.0501308
-0.0473576
0.147299
-0.00299611
0.000241661
-0.201388
-0.0215931
-0.786827
-0.0748386
-0.029386
-0.741149
-0.556626
-0.0199415
0.503337
-0.358454
-1.36772
1.96653
0.402505
0.0982899
1.11048
-0.0118051
-0.398016
-0.519323
0.247838
-0.230263
-0.0479324
0.18178
0.838876
0.277191
-0.534151
-0.348425
-0.155178
0.989944
-0.443818
-0.0743069
0.0324754
0.196096
1.52797
-0.35066
0.361327
-1.47025
-0.0544998
0.0117859
-0.159153
-0.627674
0.00484892
-0.96126
0.356567
-0.929507
-0.415784
-0.0101869
-0.51111
-0.300401
0.0874375
-0.445892
0.449608
-0.617897
-0.307934
-0.0896889
-0.373364
-0.180853
0.144734
-0.201742
1.11827
0.0191103
-1.32648
-0.492271
0.640444
-0.0615909
0.0864566
-0.482543
-0.559689
-0.42865
0.444266
0.13655
0.0217268
-0.129196
-1.39166
0.0728103
0.795918
-0.460345
0.664127
0.261641
0.948184
1.14729
0.235214
0.229608
-0.185085
0.00847069
-0.609947
0.449669
-0.0236374
0.162231
0.0152759
-0.104304
0.481242
-0.113875
0.0835226
0.581406
0.339224
-0.556793
0.226126
0.0144304
-1.03336
-0.275553
-0.242838
0.581682
0.13391
-0.0871195
-0.0224943
0.0850421
-0.00754284
0.0192004
-1.51507
0.0877686
-0.0947314
0.759187
-0.0293314
-0.00616629
0.719393
-0.431221
0.115739
-0.111269
-1.12086
0.0246791
-0.0908193
-0.161246
0.196493
0.0907251
0.0501035
0.0728545
1.30648
-0.477586
-0.138363
-0.37314
0.304251
-0.0572286
-0.958438
0.345221
-9.41968e-05
-0.662064
0.111008
-0.307898
0.545713
-0.0223226
-0.420436
0.673069
-1.10608
0.212395
-0.869268
-0.67899
)
;

boundaryField
{
    SideWalls
    {
        type            empty;
        value           nonuniform List<scalar> 0();
    }
    Top
    {
        type            calculated;
        value           uniform 0;
    }
    Inlet
    {
        type            calculated;
        value           nonuniform List<scalar> 
18
(
-1.94444
-1.94444
-1.94444
-1.94444
-1.94444
-1.94444
-1.94444
-1.94444
-1.94444
-1.94444
-1.94444
-1.94444
-1.94444
-1.94444
-1.94444
-1.94444
-1.94444
-1.94444
)
;
    }
    Bottom
    {
        type            calculated;
        value           uniform 0;
    }
    Outlet
    {
        type            calculated;
        value           nonuniform List<scalar> 
18
(
2.06117
1.98275
2.00191
1.96926
1.98951
1.9641
1.94106
2.00706
2.0096
2.03834
1.99493
1.95963
1.98303
1.96796
1.92365
1.64469
1.95364
1.60771
)
;
    }
    Plate
    {
        type            calculated;
        value           uniform 0;
    }
}


// ************************************************************************* //
