/*--------------------------------*- C++ -*----------------------------------*\
| =========                 |                                                 |
| \\      /  F ield         | OpenFOAM: The Open Source CFD Toolbox           |
|  \\    /   O peration     | Version:  2306                                  |
|   \\  /    A nd           | Website:  www.openfoam.com                      |
|    \\/     M anipulation  |                                                 |
\*---------------------------------------------------------------------------*/
FoamFile
{
    version     2.0;
    format      ascii;
    arch        "LSB;label=32;scalar=64";
    class       surfaceScalarField;
    location    "5";
    object      phi;
}
// * * * * * * * * * * * * * * * * * * * * * * * * * * * * * * * * * * * * * //

dimensions      [0 3 -1 0 0 0 0];

oriented        oriented;

internalField   nonuniform List<scalar> 
7520
(
-0.995162
0.794336
0.200826
-1.33531
-0.19217
1.52748
0.0271897
-1.90023
1.87304
0.232401
-0.0316446
-0.200756
0.0851404
1.48263
-1.56777
-0.0887799
0.0954616
-0.00668177
-0.305619
2.09649
-1.79087
-0.171198
-1.75795
1.92915
-1.44853
1.47572
0.843053
-0.0639882
-0.779065
0.0591036
-0.248141
0.189037
-0.276893
-1.67786
1.95476
0.71227
-0.10716
-0.60511
-0.0972504
0.134853
-0.0376025
-1.89424
0.90502
0.989221
0.11585
1.57995
-1.6958
-0.0102255
-0.0648535
0.075079
-0.238763
0.0878163
0.150947
0.0176973
0.0565216
-0.0742189
0.035098
-0.0453235
-0.404815
-0.277733
0.682548
-1.07761
1.19346
-0.0301225
-0.313212
0.343335
0.132108
-0.140874
0.00876564
0.0170333
-0.189535
0.172502
0.252491
-0.244419
-0.00807179
0.858023
1.11463
-1.97265
-0.0355358
0.315077
-0.279541
-0.0664639
0.0841612
0.196383
-0.0309568
-0.165426
-1.14917
1.74936
-0.600188
-0.0470789
-0.0178728
0.0649517
-1.8447
2.00948
-0.16478
-0.298239
0.290405
0.00783443
-0.26188
-1.27136
1.53324
-0.458445
0.986467
-0.528021
0.271823
-0.543982
0.272159
0.765488
-1.52112
0.755637
0.0906081
-0.31472
0.224112
-0.0443161
-0.100859
0.145175
-0.0278782
0.260279
0.369179
0.338536
-0.707715
0.286166
-0.0336757
2.13264
-1.60226
-0.530383
-0.56048
-0.607183
1.16766
-1.48826
1.61778
-0.129517
-0.0636444
0.0529814
0.010663
0.260966
-0.0769114
-0.184055
-1.34235
0.193174
0.272703
-0.0755279
-0.197175
1.79785
0.170897
-1.96874
-0.722082
0.253091
0.468991
0.187289
-0.178426
-0.00886316
1.05566
0.49383
-1.54949
0.0142349
-0.103015
-0.757609
0.129258
0.62835
0.398637
-1.25387
0.855235
-0.0412976
-0.122789
0.164087
-0.115087
0.0680077
-2.19368
1.10254
1.09114
1.2709
-0.57423
-0.696669
-0.016002
0.0341608
-0.0181588
-1.2764
1.01452
0.837241
-0.124971
0.00553494
0.181754
0.00398984
-0.10124
1.10706
-2.25364
1.14658
0.169183
1.62867
-1.23968
0.979672
0.260007
0.313995
-0.236727
-0.0772684
-0.504009
0.902646
0.234381
-0.9195
0.685119
0.338524
-0.0933508
-0.245173
0.410783
-0.448542
0.0377597
0.754282
-1.44488
0.690595
0.126605
-0.110757
-0.0158479
2.00788
-0.881264
-1.12661
0.405943
-0.765004
0.359061
1.69477
-1.19464
-0.500129
-0.815449
0.0578405
-1.48177
-0.711911
1.28031
-0.0455982
-1.23471
0.231935
-0.624218
0.392284
-0.119261
-0.178978
-0.161552
-0.0772116
0.213256
-0.0168738
0.0122753
-0.0498564
0.037581
0.991808
1.01607
-1.85577
2.07549
-0.219724
0.590695
0.680204
-0.958997
1.12637
-0.167374
0.00570246
-0.0330446
0.0273422
1.34103
-1.61792
0.241058
0.195033
-0.104425
0.457919
0.257304
-0.715224
0.00743914
0.0829997
-0.0904389
-0.551992
0.398899
0.153093
1.31159
-0.557307
-0.718572
0.623699
0.0948731
0.732361
-1.04337
0.31101
-0.08705
0.109752
-0.0227021
7.53142e-05
-0.00806781
0.0079925
2.42697
-1.38186
-1.0451
0.535201
-0.41343
-0.581732
-1.34847
0.844465
-1.92729
1.62167
0.163628
-0.0770004
-0.086628
-0.0625305
0.121634
-0.15712
0.155937
0.0011834
-0.165342
0.238745
-0.0734026
1.89104
-1.12555
0.186613
-0.078121
-0.108492
-0.758868
0.354053
-0.0224546
-0.0508101
0.0732647
-0.00553826
1.28585
-0.794836
0.485432
0.309404
1.31608
-2.02462
0.70854
0.0308694
0.101239
-0.179869
-0.542213
-0.388678
0.100214
0.288464
1.05415
-0.2111
-0.1375
0.0670334
0.0704664
-0.0420333
0.0884073
-0.046374
0.0106549
-0.0152627
0.00460781
0.693106
-1.79635
1.10324
0.384819
-0.414941
-0.348654
-0.0517799
0.400434
0.153958
0.0326546
0.0394098
-0.32312
0.28371
0.140602
0.0314119
-0.172014
-0.0627529
0.203355
-0.610198
-0.184637
-0.0489397
-0.600409
0.649349
-0.84575
1.83689
-0.991141
0.408377
-0.424197
0.0158194
-1.16629
-0.182181
-0.0332722
-0.0491769
0.0824491
1.40684
-0.351177
-0.640521
0.427812
0.212709
-0.000510017
0.114135
-0.113625
0.287581
-0.0743411
-0.21324
0.213476
-2.11371
0.326274
-1.81454
-2.21943
0.803989
1.41544
-0.835653
-0.404026
-1.26932
1.09037
0.178948
1.96909
0.206945
-2.17603
0.18028
-0.224596
-0.137116
1.2707
-1.13358
-0.253888
-0.372991
0.62688
0.0865994
-1.35592
-1.85198
0.00728423
-0.00213432
0.0144096
0.0622689
-0.118429
0.0561599
0.284625
-0.325923
0.912975
-0.180615
-0.153607
0.125729
-0.0451748
0.0131653
0.0320095
0.752921
-0.422469
-0.330452
-0.461079
-1.43316
-0.0119921
-0.241896
0.0311629
-0.5743
0.543137
0.197453
-0.0732527
-0.1242
-1.57697
0.936516
0.64045
0.663668
-0.578527
-0.0529748
0.444822
-0.391847
-0.223705
0.240738
0.517893
-0.24044
-0.277453
1.01096
-0.553037
0.236194
-0.311722
0.914977
0.263361
-1.17834
0.298388
-0.333923
-0.397235
-1.43686
1.83409
1.26826
0.676183
0.692917
-0.460983
-1.31784
0.859398
-0.709885
0.917316
-0.207431
0.0108517
-0.0362877
0.025436
0.277083
-0.322564
0.0454809
-1.52688
1.52134
-0.274497
-0.149197
0.423693
0.182868
0.014585
-0.853239
0.884402
0.525757
-1.05322
0.527466
-0.518352
-0.0336406
0.67259
-0.400766
0.137276
-0.0106712
-0.431468
0.223159
0.208309
0.0681162
-0.233459
-0.358394
-0.119194
0.477588
0.131267
0.207258
-0.80592
-0.638956
-0.753257
-0.823709
0.0235125
0.00531087
-0.0288234
1.67378
-0.617157
-1.05662
-1.2383
0.392548
-1.15476
2.13154
-0.976784
0.360605
0.157288
-0.337086
0.234212
0.102875
-0.77216
0.592291
0.574012
-1.13449
1.7479
-0.0558878
-1.69202
-1.47601
1.93016
-0.454152
-0.0228568
0.0851257
0.421
1.38751
-1.80851
0.0334785
-0.163222
0.129743
-0.124312
1.79435
-1.67004
0.00165465
0.108396
-0.110051
-0.890173
1.23263
-0.34246
-0.10924
-0.66292
0.0750115
-0.433405
0.282467
-0.168574
-1.65387
1.82244
-0.00442168
0.0609433
-1.60039
0.79447
0.176983
-0.21512
0.0381369
-0.00395147
-0.0380819
0.154665
1.55829
-1.71296
-0.573051
-0.556195
1.12925
-0.508631
0.398882
0.109748
2.50432
-1.628
-0.876324
0.445518
-1.01857
-0.0905891
0.107208
-0.0166186
0.111186
0.723707
-0.834893
0.0429358
-0.0466248
0.00368902
0.835315
0.801378
-1.63669
-0.225039
-0.493533
-0.0579216
0.16476
-0.106838
-0.934984
0.701088
0.233896
-0.0716782
0.0386794
0.0329989
1.58824
0.0855425
1.08667
-2.03391
0.947236
-2.83326
1.20837
1.6249
-1.19193
-1.64134
-0.375841
0.496978
-0.121137
0.392307
-0.384531
-0.00777508
0.682618
-1.58453
0.901916
0.0520858
1.0725
-1.12458
-0.905379
0.859781
1.12647
-0.211494
1.08853
1.18961
-2.27814
-0.176817
0.0824374
0.0943799
0.0393191
-0.974303
1.8781
-0.485664
-1.39243
0.132811
-0.0993321
0.114453
-0.0942322
0.0293787
1.06179
0.816302
0.183969
0.668326
-0.852295
0.357067
-0.0419904
-0.00574541
0.0622233
-0.0564778
0.307406
-0.384776
0.0773709
-1.81175
0.850367
0.961379
0.189886
0.202421
0.759135
-0.808075
0.466191
-0.0372913
-0.4289
0.131944
0.129022
-1.82216
1.78422
0.0379415
1.17255
-0.646793
0.052458
0.14353
-0.195988
-0.0356646
-0.169661
0.205326
0.117832
-0.211182
1.65893
-0.551868
0.01401
0.0572312
-0.0712412
0.0015352
-0.04671
-0.266063
0.0179219
0.905834
-0.64853
-0.640696
0.692782
-0.381883
-0.0495847
2.09649
0.0229272
-0.022646
-0.000281207
0.0147755
0.891059
-0.198703
0.128908
0.0697946
0.0296262
-0.0295509
-0.32769
0.696869
1.32115
-1.45827
0.412083
-0.366366
-0.0457169
0.311657
-1.20183
0.19616
-0.15675
-1.83399
1.66541
-0.146447
0.055858
-2.00518
0.218386
-0.218896
-0.0724669
-0.041504
0.113971
-0.600984
-1.21076
1.48937
0.937594
1.72171
-0.785195
-1.67786
0.0867466
-0.224246
0.0617966
0.121743
-0.18354
0.176207
-0.236157
0.0599498
-1.24315
0.635964
-0.192656
-0.263159
0.455815
0.335777
-0.399765
-0.113709
-1.92386
2.03757
0.996103
0.222054
-1.4999
1.27785
0.908885
1.10059
-0.730059
1.54788
-1.12688
-0.0607092
0.389026
-0.328317
-0.876093
0.745276
0.130817
-0.0314515
0.0454616
-0.0832084
0.32452
-0.241312
-0.261603
-0.259137
0.52074
-0.526739
1.795
-0.271363
-0.367781
0.639144
0.00126136
-0.0649058
0.265048
-1.22404
0.0340672
-0.0398126
0.0084116
-1.84145
0.988937
0.852514
0.362137
-0.469297
0.00871736
-0.0193052
0.427683
1.09406
1.41026
1.6517
-0.53262
-1.11908
0.116638
-0.0431296
-0.0735083
0.737236
0.957531
0.111764
-0.0499673
0.691713
-2.05674
1.36503
-0.0475149
0.060579
-0.0130641
0.528145
0.783444
-0.215191
-0.099529
0.738069
-0.5541
-0.582419
1.44044
0.153173
0.0104559
1.84759
-0.531511
0.14246
-0.135021
1.76582
-0.114122
0.0995384
0.397016
0.0150669
0.0173327
0.296663
-1.7564
-0.838769
0.977125
-0.138355
0.00573611
-0.116493
1.74946
0.0663107
-1.81578
-0.71362
0.442258
0.220917
0.066664
-0.304746
0.068019
0.0161143
-1.21075
1.54548
-1.56022
0.0147443
0.015658
-0.294087
0.27843
-0.750919
1.27906
-0.838052
1.53116
0.0442459
-0.0285879
0.783162
-0.29773
1.94292
-0.601892
0.00518998
0.11799
-0.12318
-0.064112
-0.101591
0.165703
0.113744
0.00289373
-0.140927
-0.738911
-0.254893
-0.0467478
0.301641
0.568032
1.26886
-1.7395
1.34226
0.108964
-0.457618
-0.771989
1.00637
-1.14241
1.3373
-0.194895
0.527883
-1.78012
1.65581
1.95245
-0.960643
1.32166
0.810984
-0.0667584
0.255954
1.28952
-1.28451
0.264623
1.01988
0.248402
-0.279359
0.342962
-0.153076
-0.209786
0.147033
-0.0837911
-1.51847
0.50263
-1.21862
0.71599
-1.19088
0.634988
0.555897
-0.159786
-0.759714
-0.0320783
0.0160764
0.0861085
-0.0140419
0.170524
-0.156482
-0.536572
0.483597
0.952707
0.999745
-1.47601
-0.0026299
0.0132848
1.61289
-1.43014
-0.18275
-0.417965
1.80548
-1.61459
2.5253
-0.91071
-0.765739
1.04019
-0.274447
0.118584
-1.39499
-0.096212
-0.28832
-0.270056
0.423612
-0.153556
-0.0207692
0.0127014
1.33668
0.704793
-1.27747
0.572677
-0.0199299
-1.56024
1.58017
-0.0518484
-0.105272
-0.00714617
-0.47471
0.481856
-0.670803
1.56892
-0.898115
0.196441
-0.136442
-0.059999
-0.450621
0.463399
-0.0127778
-1.97327
1.7811
2.08004
-0.440011
-1.64003
-0.126741
0.0863093
0.0404314
0.0124457
0.163761
0.112502
-0.630853
-0.841905
1.67722
-0.0392395
0.0167849
1.7479
-0.96691
1.0781
0.0550981
-0.0550981
-0.133236
0.209733
-2.0655
2.25522
-0.935867
-1.31935
-0.733764
0.847098
-0.113334
-0.04994
-0.301535
0.351475
1.01968
-1.17497
0.155292
-0.574542
-0.231834
0.806376
0.846299
-2.00054
1.15424
-0.0823752
-0.793718
-0.209344
0.145232
-0.20862
-0.576971
0.785591
0.757989
0.418739
-1.17673
-1.30252
-0.426174
0.672203
-0.246029
-0.811567
1.21767
-0.406104
1.44191
-1.28724
-0.0452821
-0.209611
0.00175099
-0.0266779
0.43746
-1.18008
1.03066
0.149421
-1.30574
1.84066
-0.534912
-0.0167052
0.129676
-0.112971
-1.49043
-0.763208
-0.0612133
-0.00525055
-1.62305
0.468291
-0.366772
0.283564
-0.227333
-0.538406
0.0266281
-0.074143
-0.746311
1.83484
0.0428336
-0.356046
-1.52483
0.123919
1.40091
0.91829
-0.852344
-0.0659466
-0.883539
0.173654
0.21235
-0.561489
0.349139
1.60761
-0.132078
-1.47554
-0.0249153
-0.0238421
0.0487574
-0.382987
0.765048
0.655637
-1.42069
-0.527973
1.43299
0.234323
0.655295
0.751541
-0.0929708
1.583
0.182825
-1.41332
1.39339
-0.0501637
-0.0542451
0.104409
-0.00587717
-0.148926
0.154803
-2.03443
0.419831
-0.0859096
0.424445
-0.611932
-0.226837
0.250121
0.855983
-0.291573
-0.56441
0.189072
0.0970946
-1.15575
1.8365
-0.680749
0.148113
-0.249703
-0.0690482
0.346132
0.247811
-0.517867
-0.210555
0.142888
0.067667
0.247184
-0.0438339
-0.20335
0.743058
-1.11153
0.368474
-0.023625
-0.0234628
0.0470878
-0.28588
0.318095
-0.0322156
0.103751
-0.44018
0.336429
0.30226
-0.0538584
0.0908067
0.35306
-0.443867
1.37433
-1.01879
-0.95386
-0.0535416
-0.451326
0.504868
0.0886923
-0.027749
-0.274326
-0.234304
1.11817
-0.262182
-0.0348777
-1.22922
1.2641
-0.358972
-0.0297066
-0.0194941
-0.590704
-0.229693
-0.220929
0.167153
-0.165499
-1.38954
-0.0345323
-0.0785844
0.113117
1.26396
-1.0006
1.07386
1.00619
0.405016
0.0611751
-0.168641
-1.58803
1.75667
0.692963
0.50467
-1.19763
-0.0897116
-1.0298
0.649141
0.380656
1.04211
-0.12382
0.00690189
0.0363815
-0.0432834
2.20465
-1.19917
-1.00548
0.135295
-0.301028
0.165733
0.686951
0.434369
-1.12132
0.0682918
0.100485
-0.168777
1.72287
0.0356646
-1.75854
-0.0348352
0.122652
-0.251035
0.293869
0.0499411
-0.00671703
-0.0432241
0.119096
-0.280648
0.048048
0.0242778
-0.0723258
-0.494647
-0.663541
1.15819
1.1093
0.498309
0.998666
-1.03354
0.670047
-1.34085
-1.84659
1.73288
0.0911062
-0.00269893
0.255788
-0.603012
0.347225
0.727609
0.994102
1.15139
-1.3528
0.201411
1.20793
-0.55263
-0.130029
0.0868991
0.101398
-0.374794
0.273395
-1.57255
-0.36108
1.93363
-0.412478
0.450034
-0.0375562
-0.00739575
0.0624939
0.272186
1.21044
-0.13486
-0.0419578
0.960068
-2.0118
1.05174
-0.777145
-0.340968
1.11811
1.59327
-0.506599
0.0613603
0.555715
-0.928706
-0.259753
0.0045227
0.25523
0.0190906
-0.184516
-0.482448
1.18724
0.00999531
0.0329405
-0.21597
0.119958
0.0960124
0.01939
1.00029
0.2213
-0.821709
-0.455785
-0.417434
0.517648
0.723609
-0.950942
-0.0702157
-0.00790533
-0.0937999
0.123179
-1.94035
0.921565
0.0357117
0.103747
-0.139459
-0.322682
0.242024
0.0806582
0.207686
0.864812
0.0344629
-0.000302074
-0.0397167
-1.65162
1.69134
0.126868
-0.70514
0.578272
-0.0137301
0.0608258
-0.0470957
-0.696974
1.1996
-0.13763
-0.362921
0.50055
-0.277712
0.490062
-0.441231
1.02648
-0.585251
-0.625504
0.530474
0.0950299
2.07031
-0.101225
-0.0401112
-0.200321
0.240433
-0.151794
-0.171326
-0.176127
-0.098848
1.13765
0.937845
0.261423
-1.38939
1.12797
-0.812353
-0.174717
0.98707
-0.0402168
0.154625
-0.114408
0.0839565
0.198731
-0.282688
-0.113052
-0.118479
0.231531
-0.00694719
0.0410143
-1.06455
-0.201601
0.0120655
-0.0643121
0.0244995
-0.122583
0.386824
-0.264241
-0.227196
0.261437
-0.0342418
-0.0176431
0.084597
-0.0669539
0.784595
-0.38743
-0.0697221
0.0198657
-0.185146
-0.599072
0.784218
1.1871
-0.979418
0.0169401
-0.357746
0.340806
-0.618829
-0.424542
-1.35236
1.52154
1.18286
0.0878335
-1.29178
0.821849
0.469931
0.213844
-0.0920826
-0.121761
1.75179
-1.75179
-1.60627
0.1245
-1.0591
-0.22309
-0.617433
0.840524
0.587585
-0.544905
-0.0426799
-0.221284
-0.196111
0.14248
0.0536317
0.00677993
0.19895
-0.20573
-0.478055
1.25106
-0.773007
0.211454
-0.193362
-0.018092
0.8105
-0.691915
-1.05035
0.238001
-0.0389355
-0.212024
0.25096
0.0375006
-1.32201
-0.525657
-1.23582
0.710159
0.691835
0.0191726
0.230539
-0.249712
-0.269623
0.327106
-0.0574832
-0.224801
0.166879
-0.0808779
-0.123044
0.0505774
0.0355208
-0.0275254
0.178977
-0.151451
-0.290456
-0.0843383
-0.26505
0.355857
0.0755806
-0.10409
0.0285097
-0.0630886
-0.109365
0.172453
-0.0169302
-0.0445871
0.0615173
-0.0633548
0.164573
-0.101219
-0.620908
1.3369
0.583347
-1.14065
0.557303
-0.149746
-0.0785233
0.228269
-0.0632449
-2.28005
2.34329
0.873338
-0.546217
-0.327122
0.459909
-0.0384427
-0.197714
-0.0566096
0.00579946
-0.0528689
0.188164
0.283956
-0.94004
0.656084
-0.460082
-1.36208
-0.204077
0.83396
-0.629883
0.0925978
0.0613603
0.401649
-0.269743
-0.131906
0.33443
-0.519576
-0.60019
0.0167316
-0.193216
0.176485
-0.523344
0.330688
-0.148916
0.576728
-0.24166
0.205996
-1.65511
0.273249
-0.288698
0.536509
0.0340305
-0.243374
0.383301
-0.109906
0.321672
-0.302499
-0.0834522
-1.3191
0.698188
1.98491
-0.190564
-1.65387
2.25643
-1.08692
-1.16951
-0.0909194
0.489819
-0.0787769
-0.736672
0.508261
-0.440145
-0.24181
-0.0179435
-0.591101
-0.404405
0.995506
-0.0266541
0.113358
-0.0867035
0.027367
-0.86302
-1.96357
-0.310305
-0.326193
0.636498
0.509027
-0.382159
-0.240485
-0.0374955
0.27798
0.462783
-0.0779645
0.160929
0.0529148
2.00091
-1.15462
-0.911507
0.320406
-0.2477
-0.0497848
0.297485
-0.0448215
-0.0980842
-1.07689
0.0914583
-0.285937
0.194479
-0.0816112
-0.0334753
0.910066
-1.16598
0.255919
-0.652502
-0.0390863
1.79087
0.0549616
-0.654034
1.28605
-2.04751
0.761464
-2.01032
1.37485
0.635461
0.147772
0.101601
-0.249373
0.154892
1.19162
-0.000846031
0.832862
-0.832016
-0.050772
0.108003
0.00766824
-0.134409
-0.0313592
-0.266233
0.297593
1.25017
-1.41882
0.192443
0.135848
-0.0539697
-0.081878
-1.45227
-0.154
-0.584356
-0.704902
0.65136
0.106863
0.00337301
-0.110236
-0.610007
0.285367
0.32464
-0.390835
0.330126
-1.08052
-0.555845
1.63637
-0.129107
0.242035
-0.291975
0.238373
-0.606141
0.367768
-0.393279
1.02827
-0.153912
-0.856215
0.122452
0.765459
-0.00632386
0.915326
-1.39338
-0.0558536
0.0466517
0.00920194
1.09211
-0.46961
-1.09816
-0.340201
-0.0726443
0.412845
-0.0531019
0.200135
-0.132855
-0.0504386
0.183294
0.20239
-0.279602
-0.19687
1.51802
-0.205856
0.302353
-0.0661585
-0.428548
0.409242
-0.178701
0.0756103
0.103091
0.23997
-0.108258
-0.131712
-0.14
-0.0405382
0.180538
0.220629
-0.0944123
-0.126217
-0.150516
0.104142
-0.212423
-0.0816646
-0.034466
1.16588
-0.266745
0.0788784
0.187867
-0.0743172
0.0724212
0.00189598
0.0723581
-0.4164
0.344042
0.138201
0.22133
-0.647504
0.0561671
0.357706
-0.0730807
-0.226345
0.00263994
-0.126971
-0.0362508
1.79635
-0.994969
0.0850242
-0.261986
0.176962
-1.57837
0.226005
-0.05974
0.0926275
-0.0328875
-0.0393856
-0.0322926
-0.635847
-1.37447
0.356434
-0.0580462
-0.8474
-1.20934
-0.00902837
-0.206942
-0.456903
0.695276
0.990084
-0.731279
-1.1074
1.36882
-1.91394
0.34139
-0.184793
0.0901732
0.0946198
0.138692
-0.177211
-0.392606
0.569817
-0.0153432
-0.055898
-0.456418
-0.854655
1.31107
-0.80983
-1.06947
1.8793
0.603808
0.349762
-0.95357
-0.00388229
0.292109
-0.275378
-0.2663
-0.251567
-0.169165
-0.102094
0.271259
0.254318
0.372562
0.273509
0.12814
0.193104
-0.599003
-0.0107586
0.0336858
-0.672547
0.880678
-0.208131
-0.141432
0.109194
-0.83451
0.00984016
-0.00452929
-0.801254
-0.0588965
0.342606
-0.716255
-0.0918199
-0.140288
-0.889347
-0.326806
1.21615
-0.163609
0.67187
0.195126
0.651971
-0.289971
-1.0119
-0.928458
-1.26743
1.42272
0.0750647
0.140315
0.0115343
-0.0621115
0.0505772
-0.628065
0.575466
0.0525995
0.698839
-0.808079
0.230828
-0.195116
-1.15934
-0.132437
-0.302556
0.330427
-0.0278704
1.11545
-0.372396
-1.45888
-0.112909
1.57179
-0.0675339
-0.222922
0.16832
0.157543
-0.325863
-0.230623
0.393644
0.141558
-0.0220375
0.0127046
0.00933295
-1.30708
0.821413
-0.0543434
0.0390002
-0.170684
-0.130344
-0.323481
-0.0305137
-0.039702
0.294493
0.295517
0.0609483
-0.104172
0.327191
1.45703
-0.680934
2.00259
1.01191
0.612657
-0.84449
-0.00479927
-1.45408
-0.153268
-0.32381
0.379581
-0.0557712
0.00403129
-0.019294
-0.105005
0.00804673
-0.0537991
0.121807
-0.0904693
1.60053
-1.51006
0.188916
-0.851836
-0.12265
-0.257531
-0.0683916
0.111425
-0.280438
0.354521
-0.0740832
-0.00434881
-1.44495
1.4493
0.633164
0.277907
0.309678
-0.657772
-0.573194
0.950568
-0.377374
-0.0196292
-0.0807449
0.322769
-0.487908
0.851336
-0.363427
-0.101033
-0.28676
0.387794
-0.166471
-0.618625
0.785097
-0.274735
-0.0591881
-2.02916
-0.0579181
0.180201
-0.175011
0.0245381
0.000802
-0.0551454
0.341386
-0.667579
2.18839
-0.944329
-1.24406
-0.0245903
0.423355
0.273489
-0.105169
-0.29942
0.106203
-0.171046
-0.0130087
-0.371207
0.251946
-0.289075
0.825961
-0.992433
0.135227
-0.091337
-0.0438901
-0.372234
-1.9383
1.04994
0.888364
-1.82138
1.75813
-1.18116
0.392037
0.789122
0.0985142
-0.0586407
-0.0398735
0.614286
0.503879
-0.124266
0.195306
-0.0334547
0.0120729
-0.0743476
-0.258931
-0.0108121
1.05049
1.1379
0.0811467
-0.0189235
1.52424
-1.3173
-0.0351108
-1.39285
1.42796
1.22376
-0.0578813
-0.289809
-0.0769633
0.19672
0.0202849
-0.247688
0.0619246
0.281037
0.538739
-1.61882
1.08008
0.0876714
2.4286
-1.45945
-0.969159
0.00193483
-0.303668
0.0021325
1.47759
0.043749
1.32712
-1.20262
1.07725
-1.88708
-1.24784
0.0102533
1.23758
-1.05987
-0.0355256
1.0954
-0.0371153
0.0616148
2.25748
-0.00097075
-2.25651
-1.38044
1.98757
-0.60713
0.0445997
0.216838
-1.0557
0.244131
-0.00801776
-0.138429
-1.34933
0.206923
-0.0058485
-0.00960193
0.0154504
-0.0878469
0.221658
-0.133811
0.140069
-0.486085
0.346016
0.525465
0.451659
-0.519868
-0.0901386
0.0795439
0.865275
-0.94765
-0.0650823
-0.0533465
-0.249759
0.0525845
-0.120241
1.50598
-1.38574
-0.420757
0.863976
-0.443219
0.0513804
-0.409797
0.358416
-0.908665
-1.56087
0.747487
0.81338
-0.000921889
0.837019
0.259149
-1.09617
-0.398233
0.216944
-0.24108
0.0241355
0.165006
-0.0352624
-0.244468
0.00398323
-0.285195
-1.35735
-0.100921
-0.393316
0.789241
-0.395925
-0.702318
-0.615526
1.75265
-0.763716
-0.0999162
0.183172
-1.38427
0.0374721
-1.39401
1.35654
-0.253772
0.0142023
0.23957
0.927658
-1.03746
0.109806
0.133681
-0.0195457
-0.0968553
-1.45013
0.74781
-0.612513
1.26165
-0.286704
0.0206409
0.292864
0.210282
0.0296879
0.811607
-0.36935
0.00314003
0.695699
-0.96158
0.419366
-1.88234
0.81287
1.22126
-1.2256
-1.46136
1.37089
-0.0971216
-1.46211
0.222474
1.23964
0.591905
0.242054
0.0326243
-0.91078
0.68769
-0.104147
-0.129021
0.233167
-1.52051
0.262996
1.25751
0.362366
0.765958
-1.12832
0.0386962
-1.30612
0.772664
0.109028
-0.881691
0.0610031
0.254154
-1.02614
-0.017959
-0.0114569
0.0501362
1.50157
-1.46591
0.115149
-0.997771
-0.563096
0.787764
-0.0279137
-1.21992
1.09459
-0.257568
-1.65581
-0.022055
-0.244399
-0.933939
0.329341
0.0689335
1.84659
0.249898
0.144649
-1.22154
0.132723
-0.101311
0.203377
-0.46498
0.326132
-0.543785
0.217653
0.279114
-0.0164817
-0.262632
0.0875877
-0.287909
-0.00449924
0.311905
-1.11601
1.16006
-0.0440491
-0.728139
1.10925
-1.82747
0.718222
-0.714492
-0.0562966
0.0892955
-1.47869
0.137007
1.34168
-0.364781
0.892664
-0.66073
0.688097
0.160507
0.952282
0.540462
-0.996247
-0.824819
-0.169772
0.994591
-0.672658
-1.23537
0.778954
-0.120255
0.123285
-0.00302989
0.0439623
-0.091058
0.97146
-1.45391
-0.367496
-0.407073
0.774568
-0.164821
0.13277
0.0320507
-1.07342
0.454799
0.0361708
0.0246519
-0.225408
0.410841
2.00627
0.251208
-0.796316
0.79547
-0.25971
0.0890266
-1.10984
1.81004
-0.700196
-0.0738688
0.0624836
0.0747923
0.364532
-0.0211975
0.961584
1.16996
0.642617
-0.940347
0.302724
-1.93072
-0.162909
0.128377
0.128072
-1.12867
-0.209594
-0.956391
-0.205245
0.0516386
0.78408
-0.373239
-1.25674
0.530415
0.987609
0.180594
-1.66471
0.293292
1.37142
-0.0818887
0.475533
0.670884
-1.17299
-0.303016
0.739625
-0.321617
-0.418008
0.854272
-0.281601
-0.572671
-0.173796
0.0373535
0.622457
-0.64591
0.0234526
-1.17901
0.18808
0.990929
0.857426
0.169056
0.000611802
0.106251
0.74264
-0.52131
-1.8489
0.68068
1.16822
-1.82244
1.46136
0.853271
0.78752
-1.64079
0.784797
-0.726956
1.80793
-0.604577
-1.20335
-1.03441
0.166951
-0.0800515
-0.0473683
-0.101455
0.183893
-0.0344002
0.11213
-0.0777295
-0.240791
-0.207752
-1.58002
-0.177926
0.0616528
-0.093012
-0.0316056
-0.0150192
1.01567
-0.482311
-0.533362
0.768873
-0.483506
-0.109519
0.121965
-0.104756
1.25615
-0.277092
0.0233197
-0.321902
-0.751522
-1.46059
0.571241
-0.0711467
-0.0697268
0.12065
0.0847557
0.0952962
-0.0837618
-0.503397
-0.154306
0.0906968
-0.0766408
-0.014056
0.175167
-1.15674
-0.128888
1.28563
-0.0377285
0.0385305
0.0650594
1.05578
1.01162
-2.06739
-0.383251
0.987059
0.20897
-0.083241
0.61744
-0.867727
-0.667861
1.53559
-0.939335
-0.980808
0.576403
0.296833
-0.196497
-0.100335
0.646803
-1.26396
-0.144671
1.60044
-0.491192
-0.175178
0.100837
-0.396925
-0.743724
0.0648455
1.9782
-1.73288
-0.245318
-0.875905
-0.584684
-0.104742
0.159597
0.064712
-1.02247
-0.210519
1.23299
0.230713
0.442527
-0.54356
-1.65642
-1.65455
0.690204
0.964344
-0.156087
-0.00479678
0.160883
0.9514
-0.559612
-0.391788
0.102219
-0.156018
0.0753984
0.0805381
0.89612
-1.97664
0.760178
0.0940938
-0.320191
-0.591316
0.114425
-0.00106762
0.144287
-0.0813541
-1.07538
0.0324129
0.356613
-0.531693
0.505015
-0.0847955
-0.0112006
0.0959961
0.983127
0.824805
0.570176
0.0596145
0.691489
-0.545668
-0.145822
1.78012
-1.48683
-0.132317
-0.48384
0.139785
0.0252203
0.208986
0.0159711
-0.167423
0.00322026
-0.123475
0.581562
0.0590934
-1.79548
-0.0192405
-0.136846
-0.0691791
0.00706757
1.04007
-0.844944
0.88414
-0.463901
-0.420239
0.00383167
0.10592
-0.00942023
0.00357173
0.395857
0.0920779
-0.295428
-0.724964
-0.386569
-2.21872
0.87498
1.34374
-0.0411498
0.00810523
0.026759
0.0999466
0.11331
-0.268716
-0.292773
0.492524
-1.36025
0.259681
-0.959044
2.01482
0.623467
-0.0716643
-0.551803
-0.678513
-0.492527
-0.0523784
0.0864141
-1.10575
0.471019
-0.713417
0.242398
-0.196267
0.114372
0.0818943
-0.135263
1.27209
1.25322
-1.42052
1.48683
-1.67655
1.20489
0.471666
1.06313
-2.02217
2.17514
-1.08108
-1.04433
-1.00311
-0.0185484
0.189073
-0.0564643
-0.418246
-1.55274
0.0906252
-0.0643364
-1.28847
1.22804
-1.97258
0.744541
-0.050985
0.231265
-0.457551
0.239753
-0.144723
1.03707
1.39154
-1.85517
0.74533
-0.17459
-0.764745
-1.35133
0.208883
-0.0945104
1.82138
-1.9226
-0.135733
-1.10787
0.108052
1.18764
-0.422595
-1.51672
1.61401
-0.0972808
0.442376
1.90092
0.433595
-0.0697873
-0.363808
1.85413
-0.776881
0.228063
-0.28644
0.739521
-0.759016
0.0832442
0.127038
0.481077
0.94877
-1.42985
-0.608937
-0.455343
1.04215
-1.06327
0.0211204
-0.241246
-0.0446908
-1.73494
0.74417
0.990771
1.11267
-0.185014
-0.321583
0.0324681
0.845638
-0.851962
0.275316
-0.541616
-0.223991
0.226631
-0.628083
0.450872
-1.14384
-0.822711
1.96655
-0.258159
0.163747
-0.106173
-0.174475
1.03093
-0.908474
0.0712892
1.3584
-2.03934
-0.0550765
-0.354475
0.221722
-1.20114
0.0940439
0.700292
0.422459
0.0334189
-0.61039
-1.47708
0.369679
0.0839959
0.312984
-0.39698
0.0675919
-0.308903
1.15988
1.09655
1.24827
-0.992354
0.0277301
-0.204102
-0.180675
0.435096
-0.156799
-0.122803
-0.688498
-0.949551
2.01268
-0.223778
0.222856
-0.638941
-1.14223
1.78118
-2.08891
0.708474
-0.0646774
0.28726
0.0567814
-1.456
-0.0688238
-0.170963
0.641982
-1.01201
-1.20671
1.9782
0.557556
-1.38127
1.00882
-0.557163
-0.214853
-0.0147084
-0.260669
-0.237863
0.254803
-1.63345
0.211801
-0.784995
1.07156
-2.02111
-0.779964
-0.251099
0.0797729
-0.0817234
-1.435
0.847083
-0.938903
1.35196
0.798316
-1.4934
0.695079
1.47646
-1.28838
1.95476
-0.938283
-1.02553
1.96382
0.555151
1.2748
-1.04409
-0.660029
-0.994519
-0.834728
-0.841826
0.453627
-0.642705
1.50056
-0.857855
-0.111746
1.36336
-1.25162
-0.998695
-0.948356
1.94705
0.909657
0.132493
0.222771
0.367391
-0.455203
0.297276
0.157926
-0.00784382
-0.241859
0.502081
-1.37799
-0.751939
-0.386495
-0.24157
-0.261838
0.202942
-0.313758
0.998878
-1.9869
0.883034
1.10387
-0.0309299
-1.64681
1.67774
0.0327631
-0.242166
0.0364357
0.612255
-1.84999
1.84999
-0.0415983
-0.0136493
0.0552476
-0.64291
1.06165
0.167075
0.041808
-0.775534
-0.326543
0.699104
-1.42052
-0.0474637
-1.25654
0.289629
1.29356
-1.25606
-1.18435
0.161878
-0.289207
0.280771
0.00843605
0.111004
0.511453
0.316785
-0.037671
-0.944883
-1.19623
0.187909
1.00832
-1.38807
-0.213664
-0.613414
-1.21406
-0.0336737
0.0116361
0.157121
-0.290447
-0.00897285
-0.0106921
0.0716404
0.3713
-0.269709
-0.358373
-0.703152
1.29217
-0.589022
0.30789
0.200535
-0.229213
0.396512
-0.167299
-0.43108
0.171943
0.419798
-0.529726
0.109928
-1.13068
1.83308
-0.979808
-1.26046
-1.67757
0.232613
-1.30434
0.0485991
1.02287
1.18178
0.13101
-1.06495
1.14569
-0.11503
-0.307764
0.0210604
0.653262
0.60386
0.180937
2.00688
-0.93532
-1.05187
-0.812127
1.864
1.1359
-0.0129334
-1.12297
0.127216
-0.0547949
-0.188393
0.171688
0.14152
1.33568
-1.4772
-1.28917
1.2256
0.063562
1.28917
-1.37089
0.209289
-0.260274
-0.812535
1.06669
0.0756135
0.259917
-0.155775
-1.66611
0.166204
1.54849
-0.750178
-0.338285
-0.0596569
0.135267
-0.426908
0.941667
0.252003
-0.08627
0.624988
-0.988416
0.172823
-0.232822
-0.57198
-0.0522388
0.697198
-2.06923
0.508986
-0.0694542
0.426618
-0.357164
-1.04003
-0.932549
0.0726306
0.61427
0.558279
-0.870639
0.0743239
-0.0922216
-0.317575
0.100291
-2.08646
1.04213
0.0360179
-0.0157875
-0.286712
0.088317
0.206176
-0.03118
-1.41661
0.69465
-1.47855
0.783895
0.0574424
0.241593
-0.299036
0.211909
-0.0901657
-1.02994
1.31957
0.622038
0.365021
1.33016
-1.17299
0.181204
0.0397129
1.6792
-1.96234
0.28314
-0.109695
-0.496446
-0.822455
-0.0592363
0.366248
-0.438893
0.302897
-0.412803
-1.17449
-0.0696272
-0.0396423
0.10927
-1.47786
0.198307
1.27955
0.332512
-0.400046
0.0845379
0.240087
-0.324624
1.1744
-1.20231
-0.328439
0.311957
0.616016
0.224508
-0.354302
0.326431
0.303178
-0.241818
0.1696
0.661999
-0.831599
-0.426047
-0.0600381
-0.932842
-1.01599
1.94883
-0.104662
-0.243487
0.420449
-1.00733
1.75813
0.370739
-0.232046
0.0470474
0.0464787
-0.00264459
2.05307
-1.00258
-1.23275
0.761873
-0.550071
-0.609303
1.77752
0.355687
-0.26361
-0.0900209
0.0826251
0.287494
-0.0996274
-0.281357
0.179264
-0.246967
-0.102295
-0.188152
1.07629
-0.314268
0.402585
0.305604
-0.0750647
0.035949
0.268571
0.012466
0.486812
-0.756521
0.20358
-0.23297
0.0293904
-0.339175
0.353377
0.176497
0.896351
-1.07285
-0.233121
0.104101
0.464293
-0.627902
1.64536
-1.07733
1.0116
0.904411
0.104267
0.557252
-1.07484
0.344946
-0.422911
-0.351687
1.13737
0.863547
-1.50886
1.50886
1.7273
-0.819454
1.0845
-0.00186664
1.50406
-1.50219
0.932023
1.01242
0.867919
-2.01176
0.16149
-1.15392
-1.33634
-0.223745
-1.41262
1.63637
-0.401538
-0.121806
0.0698541
0.985679
0.149777
-0.258035
-0.937035
1.60578
-0.668746
-0.173982
0.257226
-0.0252168
0.0306225
1.01149
2.51864
-1.00292
-1.51572
1.60419
-1.46718
1.12108
0.216227
0.0408985
0.0033474
0.0065083
1.55178
0.574026
1.09902
0.737481
0.0204495
0.191146
-0.211595
-0.338991
0.208646
0.175999
-0.187797
0.011798
0.156796
-0.21074
0.0539446
0.51872
-0.439176
0.329785
-0.471218
-0.305668
0.392415
0.0186553
-0.255679
0.0343953
-0.57707
0.531607
0.0454637
-0.0853301
0.0687212
0.0166089
1.9226
-1.56024
0.318885
-0.168448
-0.150437
-1.50157
-0.334844
0.261763
-0.996088
1.92811
0.254389
-0.32278
2.02385
-1.15594
0.241939
-0.308097
-0.152222
-0.374172
-1.35531
-0.0610736
1.61191
1.30811
-1.08639
-0.105805
0.136674
-0.0657288
-1.49449
-0.28799
0.279918
0.238502
-0.361153
-0.358386
0.284302
-0.075245
-1.34248
1.30737
-1.46871
1.48345
-1.16147
-0.465013
0.419297
0.652866
0.378768
-0.38958
-0.0534416
0.0577628
0.343293
-0.401056
-0.344933
1.40673
-0.974739
-1.00414
-1.97733
-0.0766683
0.0729836
0.00368467
-0.00163953
1.43452
-1.43288
1.18854
-1.28946
0.317117
-0.372889
1.98208
-0.996398
0.8028
0.755585
-1.55838
0.22125
0.0307533
0.689187
-0.265832
0.17621
-0.803012
-0.0488238
-1.44687
1.31799
-0.399279
0.202782
-0.110458
0.0136029
0.300221
-0.358267
-1.09346
1.58695
-0.849709
-0.13961
0.0560681
0.338309
0.715845
-0.0213336
0.712823
1.70729
-1.50899
0.295494
-0.354683
0.905161
-1.08578
-0.10759
-0.840061
-0.138879
0.0376603
1.22126
0.202495
-0.0299933
0.192445
-0.111787
0.00603374
-0.218457
-0.195413
0.279951
-0.549815
1.59975
-1.21393
1.21206
-0.41799
0.994393
-0.849535
0.0951618
0.266692
-0.0358647
0.165525
0.798601
0.717144
-1.51575
-0.934776
0.593809
-0.0328793
-1.48763
-0.676021
0.0830803
0.259901
0.0371174
-0.297019
1.43833
0.157752
-0.180454
0.00765787
-1.75187
1.72094
-0.50255
-0.0291433
1.16146
-0.180372
-0.114712
0.295083
1.34134
-1.29759
-0.937378
1.99478
-1.0574
-1.03764
1.74421
-0.706568
-0.317549
0.143567
-0.238275
0.0970218
-0.090189
-0.0068328
0.802255
-0.877398
1.04361
-0.16621
-0.268205
0.0704911
-1.67659
-1.95126
0.987882
0.963377
-1.6403
-0.366859
-0.408674
1.01824
-1.95652
0.262315
-1.01384
1.26194
-1.93796
0.303972
0.485269
1.48323
-1.42187
0.00336548
0.213167
-0.216533
-0.0501867
-0.341616
0.343749
-0.0262033
-1.38718
1.41338
-0.129137
-0.407436
0.285386
-0.10874
-0.176646
1.2693
-1.01015
0.572121
-1.36052
0.7884
0.215324
-0.0548169
1.78453
-0.78843
-0.0282895
-0.215085
0.614861
-0.784038
-0.0240408
0.132234
0.158171
0.608824
0.0758172
-0.684641
1.03374
-1.21659
0.182844
-0.302223
0.202694
0.0891002
0.318985
0.622682
1.78234
-0.152056
0.437441
1.19633
-1.23185
-1.94071
0.915177
0.894899
-1.97929
1.08439
-0.881703
-0.522221
1.40392
0.973128
0.779524
-1.60501
1.96234
-0.357324
-1.47501
1.34293
0.210506
0.593162
-0.803667
-0.00214298
-0.458357
1.47564
-1.01728
-1.60501
1.32712
0.498961
0.00605414
-0.144715
-1.05643
0.195746
-0.825628
0.227535
-1.74096
0.861355
0.879609
-0.306334
0.220064
-1.33936
0.312936
1.02643
0.764132
-0.46016
-1.05339
-0.938954
1.98708
-1.09218
1.27739
-0.141238
0.155473
1.41655
-0.760917
-0.563525
1.5796
1.2393
-1.26551
1.53338
-1.06171
1.39619
-1.44738
0.0511837
-0.0777259
0.00435803
0.0733678
-0.758154
0.030015
-0.99874
1.96032
0.41553
-0.137101
0.579132
0.603733
-0.601847
1.51073
0.278858
1.1976
0.561855
-1.44356
-0.981513
-0.969747
-1.7395
-1.0317
-0.846659
-0.894305
1.57752
-1.06956
-0.507964
0.953495
0.0349662
-1.78683
1.56024
-0.372354
0.295391
0.307773
-0.25001
1.18573
0.624304
0.38746
0.131261
1.70288
0.0180537
-0.138274
2.14454
1.09594
0.121735
0.284444
0.963829
0.791991
0.33448
0.791106
0.792697
-1.5838
-0.269987
-1.47852
0.835818
0.282449
0.0436438
-0.152384
-0.201873
0.394098
-0.438616
0.300986
0.328743
-0.290984
0.713869
0.834625
1.63564
-1.45833
-0.177311
-0.162023
0.165243
0.551591
0.0198357
0.0771862
0.0328343
0.0227862
0.551324
-0.622989
-1.54669
0.796513
-0.394303
-0.20871
0.267929
0.0259398
0.329554
-1.45511
-0.0338446
0.166615
-0.0745843
-0.158874
0.0342246
0.00245515
-0.0366798
0.00901169
0.590832
-0.0254554
0.168986
-0.323687
-1.09626
-1.07925
0.252097
0.827151
1.73876
-1.57622
-0.162537
-0.193776
1.78204
-1.58826
0.718585
-0.114726
-1.98737
1.05
-0.177356
1.7573
1.70491
-1.05811
0.0351769
-0.18532
0.150143
0.913929
-0.671875
0.0202278
-1.22254
1.54251
1.04554
0.049855
-1.84975
1.03762
-1.19273
0.0697643
-0.000246999
0.0140409
-0.177834
0.163793
0.0443841
-0.189465
0.164484
0.0249807
1.53186
1.28186
0.264021
-0.00894515
-0.187181
0.196126
1.53428
-0.995541
-1.639
1.67396
-0.214101
0.178839
-0.0308873
-1.00858
-1.06065
-0.912143
1.67397
-0.761822
-0.322813
-1.52947
1.85228
1.57174
-1.42495
-0.146792
0.693637
0.0938634
-0.983483
-0.954554
-1.41335
-0.0340233
0.885226
-1.99724
1.11201
0.213123
-1.85342
-1.41595
1.6948
0.24681
-0.50034
0.25353
-1.10062
-0.966773
-1.41008
0.438197
-0.0851373
-1.21586
-0.092499
-0.0197899
0.112289
-0.574435
0.427067
0.147368
0.330166
-0.0223935
0.935516
0.73845
-0.0136022
0.0546166
0.0936789
-0.0106792
-1.21432
1.26551
0.00413111
-9.98247e-05
-1.21432
1.81181
-0.81771
-0.00615566
0.443321
-0.0849044
-0.985639
1.9686
-0.982958
0.121167
-0.0127703
0.960698
0.626248
-0.332601
1.42374
-0.0231427
0.721372
0.47734
-0.633053
0.155713
2.02032
-1.13509
0.73411
-1.22485
0.0286239
-1.95822
0.880941
-1.54969
-0.787006
0.826326
-0.0393201
1.76784
-0.761577
-1.00626
-0.875173
-1.07513
1.9503
0.185982
1.49796
-1.52711
0.0291513
0.493671
-1.34833
-0.997297
2.07358
-0.142765
-0.413702
0.556467
-0.0230106
0.985328
0.782514
0.0224574
-0.0783554
1.6792
1.11942
2.16327
-1.35928
-1.67375
-2.09792
-2.00026
1.06494
-0.215915
-1.0944
1.46408
-0.00487841
-0.997663
0.135223
-0.527829
2.13597
-0.72053
-1.57371
-1.81885
0.105892
-1.67484
0.82818
1.04666
0.948115
0.945749
0.307764
0.603554
-0.911318
1.01861
0.953601
-1.97222
-0.466188
0.577613
-0.205817
1.72934
-1.52352
0.342995
1.2612
0.418902
-0.00965962
0.168287
-0.922096
-0.468066
-0.471974
-1.67822
1.53995
0.836744
0.842471
1.3208
0.350412
0.127176
1.13367
0.890182
0.0212997
1.80961
-0.824277
1.5511
-1.07002
0.148806
0.0739181
-1.56841
-0.0312164
2.01151
-1.9803
0.00858415
1.62706
1.64383
-0.762885
-2.08106
0.886727
1.19433
-1.93496
1.05978
0.9383
0.641295
0.0110001
0.175025
-1.39154
1.01751
0.726705
-1.55015
0.0814393
-1.23859
0.269662
1.67822
1.60041
-0.765781
0.103606
-0.0114794
-0.092127
1.00185
0.807755
0.900499
1.08658
0.435266
0.677405
-1.0892
1.98969
-1.48725
0.0117175
1.69202
-1.67396
1.69921
-0.763689
-1.88196
0.795041
0.72808
1.40789
-0.366724
0.840647
-0.473923
-0.270397
0.30281
0.0551644
0.195795
0.0656895
-1.32175
1.10043
-1.28361
0.464156
0.863563
1.10299
0.925481
-0.606495
-0.34742
-0.21149
-0.470992
-1.3336
0.0451327
-0.982607
-0.964397
1.947
-1.98229
0.890105
2.10183
-0.903011
-1.19882
1.00037
-0.12001
0.308588
-0.188577
-0.352455
-1.95539
0.880263
-1.94199
0.956347
0.870998
-1.96673
1.09573
1.2393
1.48028
-0.918429
0.00285297
-0.331274
-0.0709162
0.182107
-0.41132
0.735577
-2.20064
1.46507
-1.05351
-0.796233
-0.862859
0.410007
-0.531814
-0.870277
-1.83039
-0.0397432
0.0290511
-0.473399
0.406065
-1.8433
1.52711
0.316184
1.17032
0.931511
1.11204
0.90828
0.199872
-1.29821
1.33615
1.80002
-2.0605
0.925407
1.49796
-0.265807
0.0347815
-1.639
1.58903
-0.792518
0.922051
-2.28133
-0.338717
0.0801705
-1.71362
0.0674143
-0.712191
0.190881
1.64923
-0.856528
0.0328601
-0.827036
-0.248398
1.07543
1.29821
-0.0589014
0.0566508
-0.150828
0.111185
-0.267271
0.215491
-0.00451716
-0.0506282
-0.292142
-0.0304224
-1.89216
0.90955
1.68045
-0.821051
-1.6591
-0.0366979
2.10983
-1.22311
0.371256
1.97392
-0.955679
1.80289
-0.941531
-0.665602
1.82713
-2.00214
0.912949
-0.788896
0.0522235
-1.28523
-0.748673
2.13722
-1.21517
1.02023
-1.81646
-0.182065
2.04888
-0.615809
1.08814
-0.472335
1.63194
1.59544
-0.83748
-0.757959
-0.738193
-0.175855
0.914047
-1.11306
-1.8433
1.57942
-1.39552
-0.183904
-0.312332
1.0804
-0.768067
-1.57893
0.969776
0.0282686
-0.0335192
-0.362964
2.04335
1.96286
-0.821464
0.456683
-1.37689
1.38547
0.065396
-1.52372
-1.6127
-0.0337888
1.64649
0.667756
-0.837528
1.206
-1.66608
2.16896
-0.907013
-1.46692
1.46692
0.791319
1.0087
-0.0634253
0.361018
-0.826634
1.82848
-1.51875
1.51875
-2.05895
-1.98012
1.04117
0.455384
0.168315
-1.6494
-0.774395
0.405045
-0.0806821
-1.69324
0.0438349
0.325353
-1.03907
2.08561
-0.616827
1.46294
-0.846115
-1.45091
-1.51817
1.29442
-0.0661822
0.44522
-0.587985
1.64104
0.882004
0.706712
1.02059
2.02735
-1.11907
0.937628
-0.0862653
-0.837915
1.85814
-0.807884
0.161974
-0.930045
1.57942
-1.71283
2.18978
-1.44445
0.942991
-2.00039
-0.796478
1.78725
0.0184257
1.39552
-1.42931
-0.127197
0.688819
0.289976
-0.978795
-1.5356
1.5356
1.93161
-1.03316
-0.898451
-1.46591
0.430385
1.26442
-1.67261
1.67261
1.03033
0.901285
0.154912
1.96685
0.0116124
0.269159
-1.38839
0.0370588
1.78416
-0.412742
1.96653
-1.71368
2.08643
-0.896817
0.883795
-1.073
-1.42931
-1.62129
1.62129
-1.14899
2.0805
2.05718
-1.13178
-1.9262
0.920723
2.01691
-1.07392
-1.00943
0.697094
-1.93938
1.01731
0.922072
0.326609
-1.81704
0.863457
1.18427
0.864613
-1.37689
-1.42205
1.42205
0.0289289
0.125964
1.31149
-1.33615
0.024652
1.45327
-1.53995
0.08668
-1.94331
0.966606
0.976706
1.36406
0.488224
0.1522
-1.31149
-1.45327
-1.22457
1.93128
-1.10208
2.01503
1.87337
-0.835749
1.38547
-0.909054
0.938564
1.00588
-0.926002
-0.943915
-1.07826
0.243736
0.837521
-1.42356
1.20383
-1.20275
-0.613027
0.892253
1.05805
0.938001
1.23714
0.706684
-0.121982
-0.0906246
-1.25825
-0.988469
2.24671
1.02937
0.834628
-1.24075
-0.816365
2.05711
-2.04503
-0.760216
0.342207
-1.90056
0.8674
-0.827491
0.911016
-1.64511
1.82236
1.02385
-1.94985
-0.788057
0.0390177
-0.855969
1.88534
-0.946755
0.925273
-1.06499
1.91076
-0.845774
1.67213
-1.47226
2.06983
-0.923257
-0.924754
1.9486
-0.806367
0.079411
0.657554
0.974383
-1.0152
-0.0186351
-1.43364
-0.949886
-0.804706
0.431467
0.138677
-0.1035
-1.94063
0.959116
0.788852
-0.839228
0.962622
-2.03654
-1.00088
-0.040888
0.165809
-0.95654
-0.999862
-1.06587
1.95812
0.898636
0.976252
0.990569
0.938111
1.35351
-0.564383
-1.04522
-1.1255
-0.987126
2.11263
-0.871691
1.67029
1.15727
-1.08464
0.781187
-0.316893
0.950121
-2.01171
1.06159
0.183205
-0.94795
-0.548991
-1.08241
-0.967465
-1.03533
-0.644909
0.339241
-1.02965
-0.910978
0.900977
1.94552
-0.936892
-1.00863
-0.873878
1.93366
-0.979491
0.455617
0.930605
-1.96026
2.11019
-0.745387
-1.3648
1.94521
-0.887165
-0.398774
0.922722
-1.89624
0.973514
-2.10201
0.953015
-1.90422
-1.02713
-0.843439
2.12392
-1.38835
0.343016
-0.192404
-0.0632757
-1.08642
0.948724
-0.825044
-1.07917
-1.14486
-0.911866
1.9551
-1.04323
0.96489
-2.05131
-1.19099
1.00378
-1.92854
-1.93618
1.0174
0.987871
-2.07028
1.02239
-1.26057
-0.141911
1.40248
1.14131
-2.06457
-0.78582
0.302314
1.016
-1.91445
0.952806
-2.14379
0.632678
1.29647
-1.44717
0.0591032
1.03688
1.04936
0.895851
-1.98219
1.05918
0.923011
-0.0508092
0.331185
0.749214
1.0465
0.834377
-1.86029
1.02591
-1.08122
1.79444
-0.111159
-0.966557
1.97034
-0.26466
0.82325
-0.908478
-1.09468
2.00316
1.04092
0.604437
0.274329
-0.0755983
-1.11005
1.94915
-0.899786
0.813106
1.04575
-1.85885
1.24116
-2.11748
2.19397
-1.62575
-1.02418
1.95479
-1.03728
-0.922975
1.10539
-2.09252
-0.0337417
-0.958324
-0.937912
1.03216
-1.90915
0.876983
-1.76581
1.03492
-1.88069
-0.978964
0.0913167
-0.0685305
0.15731
0.920348
0.920178
-1.8785
-1.09137
0.453891
-1.01903
1.43548
1.08316
-0.948611
-0.995761
0.999338
0.975582
-2.19076
1.30443
0.367696
0.00562259
-1.14061
-0.797358
0.134048
-0.00437244
1.0564
0.901726
-0.764409
1.64641
-0.140659
1.04895
-1.874
0.955024
-1.89192
-0.882724
-0.792116
0.0257271
-0.622009
0.930917
0.866249
1.0238
-1.89005
-0.882291
-0.938798
-0.207691
0.245681
0.990471
-1.94701
-0.0607391
0.615089
0.788835
-0.182209
0.0958598
0.0863497
-0.0186803
0.885344
0.999999
1.95225
2.06329
-1.12518
-0.820567
1.97481
-1.1725
0.794395
1.0849
1.11288
-0.0514044
1.90116
2.0659
-0.968849
-1.08246
0.0591892
-0.0956764
0.0364872
-1.36077
-0.114242
-0.153858
0.501082
-0.831736
1.46223
-0.126546
-0.478526
0.494112
-0.0155857
-0.0802907
-0.0249895
-0.0883521
-0.0880892
0.909014
0.856707
0.216378
0.929316
1.57965
-0.831839
0.278957
-0.316249
-0.011511
-0.00213837
-0.726667
1.74906
0.907011
0.0921883
-0.50589
1.96091
1.06436
2.06022
-1.13494
-0.862248
-0.877585
1.91447
-0.0681984
1.17333
-1.93654
-0.965431
1.0796
-1.89636
0.816758
0.0204954
-0.255611
-0.0690139
0.79734
1.90406
-1.16743
-0.736622
-0.128112
-1.35914
-0.104203
-1.08015
0.751436
1.33417
0.147403
-1.94203
-0.0987652
-0.0467201
-0.0724838
0.119204
0.65981
-1.16903
1.72438
-0.55535
1.88193
-0.69555
-1.18638
1.02358
-0.0217074
1.36339
0.928348
1.08349
-0.903459
-1.47623
-0.490272
-0.504905
0.995178
-0.0151853
0.869439
0.0833199
0.371381
-0.454701
2.13043
-1.2318
-1.12527
-1.02796
-0.658924
-0.524441
1.18337
0.128921
-0.982382
-0.124048
0.438975
-1.54939
1.8852
-1.17666
-0.774804
1.10599
0.0130065
-0.0474725
-0.250009
-1.68937
0.520342
-0.663023
0.196835
0.123641
2.06427
-0.91693
-1.14734
0.815649
-1.06212
1.29473
0.296381
-1.101
0.804615
0.85134
1.13074
0.0372074
1.72769
-1.35148
-0.849168
-0.0939461
0.0634101
-1.86467
-0.150453
-0.0407193
-0.864675
0.0897676
1.23647
0.827802
-0.659826
1.81703
-1.1572
0.999107
-0.0998897
0.176296
-1.51264
0.424948
-1.55399
1.12904
1.18965
-1.63809
-0.891608
1.79266
-0.888094
1.80342
0.24881
-0.279697
0.0133531
-0.0133531
0.173247
-1.1834
-1.05542
0.51581
0.197329
-1.0235
-1.18885
0.640374
1.88716
0.111586
0.308863
-1.03599
1.90339
1.02519
-1.92497
-2.03367
0.951205
-0.374004
0.274377
1.10955
1.37854
0.2944
-0.86863
0.423574
-1.06939
2.01811
-0.129243
0.0553745
0.996514
-0.140926
-0.507733
-1.34226
-0.892282
1.91747
-0.0418245
-1.57487
0.810457
0.0320533
0.89293
0.141907
0.116815
-0.258722
0.907328
-0.114879
-0.16286
0.321031
0.00723332
-0.00723332
-0.782195
0.592782
-1.78488
0.992766
0.0320824
-0.0355965
-1.10532
-0.0310011
-0.231769
-0.0931256
-0.0536191
-0.756383
1.72236
-0.731787
-0.12296
-0.406864
1.01912
-1.11908
-0.358634
0.0121782
0.346456
-0.0804552
-0.0966221
-0.0808417
-0.175964
0.42791
1.66136
-0.805461
-0.247762
0.878475
1.17315
0.913285
-0.586248
0.107722
-0.0398685
0.995689
-0.0182444
1.27575
-0.521617
-1.72933
2.25095
-1.20262
0.511986
-0.0695951
-0.0667405
-0.0812342
-2.14873
-0.0924502
1.08847
-0.27328
-0.815188
-1.58372
0.116535
1.27104
-0.15678
0.076728
0.414865
-0.356392
-0.537884
-1.71862
-0.187709
-0.186295
-0.0976881
-1.33799
0.981596
-1.22792
1.13064
-0.186049
0.92042
1.27923
-2.19965
-0.220442
-0.208457
0.502185
-0.252245
-0.0724623
-0.846631
0.479907
-1.24115
0.18472
0.051879
0.619853
-0.110827
0.857491
1.36581
-2.2233
-0.0880517
-0.624146
1.23842
0.995902
-1.02436
-0.922656
-0.0726678
-0.496057
-0.0557456
0.541255
0.0605725
-0.199338
-0.344447
-0.737345
-0.167773
-0.0627725
0.544425
0.134135
-0.031044
1.01111
-0.0711189
-0.750572
0.973046
-0.270149
1.35174
0.650852
0.185636
-0.830632
0.0104875
0.957216
-1.85903
-1.0179
2.28999
-0.0939082
-0.107693
-0.173171
1.35859
-2.37649
1.15024
-0.594343
0.399303
-0.0803698
0.297207
-0.698393
-0.585217
-0.119894
0.0421644
-0.447061
1.15374
0.539986
-1.19891
-1.75693
0.599725
1.57009
-0.83467
-0.735419
0.723272
0.275606
0.21815
0.471241
-0.689392
-0.988179
0.497907
-1.23659
1.70922
-0.0520318
1.38679
-2.3014
0.914615
0.880012
-0.703515
0.00620034
-0.119171
0.557853
-0.153934
-0.806686
1.34572
-0.539029
0.738228
-1.22728
0.489057
-1.06297
-0.92222
1.92536
-0.958755
0.917258
-2.28206
1.21334
-0.598482
-1.26791
1.9124
0.215262
0.0927831
1.27224
0.460683
0.715312
-1.17599
-0.416325
0.153166
-0.0202628
-0.974425
-1.12058
-0.94669
2.06727
0.703179
-0.347059
-0.135081
0.00164646
0.133434
-0.371745
1.78201
-1.28968
-1.98875
1.32482
1.42098
-0.00759324
0.609876
-1.45599
0.435137
-0.293229
-0.010924
-1.63419
0.450005
-0.579141
-0.557771
-1.12463
-1.77905
0.638446
-1.21866
-0.013271
0.0803043
0.876085
1.06836
0.270365
0.818103
-1.45989
2.38031
0.927472
-1.08147
-0.0222373
0.37582
-0.90648
-0.570054
1.47653
-0.00687906
-0.0765731
1.82889
-0.424805
0.064475
0.00878967
0.967712
-1.18949
-0.0304298
-1.38711
-1.25194
0.30706
0.379138
-1.15394
-1.00174
1.92381
2.19649
0.129241
-2.35259
1.34967
0.996584
1.01533
-0.271805
0.518615
-2.42575
0.977216
0.409319
0.977875
0.231235
-1.25478
1.85451
0.00540139
0.00472778
-0.0101292
1.14478
-0.848396
-1.13012
0.0243633
0.410016
0.308569
1.48775
0.587529
-0.676238
0.0501267
1.0027
-1.61445
-0.915762
0.634161
-1.62441
0.910662
0.994492
-1.4519
1.53334
-0.965279
-0.971435
1.72274
0.466014
-0.720472
-1.95905
0.993621
-0.069814
-0.619966
0.296279
0.275079
0.731292
-0.0959335
0.00343449
-0.0749962
0.88923
-2.27758
0.99058
-0.409018
0.593146
-1.51157
-0.899784
1.40187
-0.0190393
-1.2035
-1.3117
0.225313
0.105804
0.980216
0.297171
-1.35691
1.47129
-0.114371
0.585056
1.00367
-1.58873
-1.02561
0.574111
-1.06075
-0.365117
1.42587
0.761321
-0.972421
1.03869
1.44605
-0.464451
-1.64402
0.0182658
0.994519
-1.9477
-1.39283
0.862845
-1.46871
0.605867
0.793409
-0.961344
-0.0933194
1.05466
-0.352575
0.264228
0.0178847
-0.282113
-0.572416
0.178113
0.0102929
1.6474
-0.859876
1.90515
-0.306505
0.167911
0.138594
0.157767
-0.129986
0.180563
-0.350939
-0.380881
1.69887
0.349327
-1.11739
-0.796856
1.25742
-0.50566
-0.751758
-0.0311157
-0.0599422
-1.9527
-0.572958
0.825054
-1.14961
-0.210909
-0.83063
-1.346
1.20846
-0.653314
-1.88148
-0.716287
-0.000486213
0.218872
-0.485404
-1.11132
0.551704
1.61333
-1.00345
-0.758881
0.292213
0.633268
0.758465
1.02878
1.77157
0.283042
-0.812862
-0.904028
0.67719
-0.774699
1.34594
2.20569
-1.3482
0.764831
0.164075
0.331333
-0.348432
0.0170991
0.232848
-0.00103264
0.994177
-1.34325
-0.822335
1.07829
-0.660034
0.847943
-0.0643525
-0.0211129
-0.771385
-1.06849
0.299292
0.769195
1.49803
-1.66429
0.166266
-1.85903
0.684536
0.181914
-0.45624
1.18941
-0.619234
-0.0822844
-0.0015097
1.35126
-1.23894
-0.11232
-1.1723
0.0921554
-0.31717
-0.911769
-0.0402871
-0.423204
0.463491
-0.152994
0.10553
0.212549
0.144518
-0.174178
0.619398
-1.4618
-0.425431
1.04747
0.465727
0.206476
-0.0200767
-0.601187
1.36703
0.922953
0.947142
-1.41011
-0.0276913
0.0533091
-0.0533091
0.623253
-0.419876
-1.0679
0.885644
-1.4557
-0.0256716
-0.299177
1.02288
-0.0226967
-0.34792
-0.879364
1.66333
-2.26324
-0.317358
0.990564
0.281598
0.609461
1.09211
-0.26275
0.0617165
0.201033
0.915465
-0.0318901
-0.883575
-1.03312
0.432001
-1.38483
0.952829
-0.164428
-1.04879
1.11348
-0.0646933
0.48077
-1.54152
-0.891239
-0.276742
-0.883656
-0.123077
-1.23532
1.23368
-1.40215
1.33757
0.0645835
0.240232
0.00857805
0.5079
-1.45779
1.25093
-2.32757
1.07664
0.0203077
0.000591574
-0.275511
-1.12271
0.565545
-1.53636
0.119754
0.941656
1.09927
-2.04093
-0.367837
0.958528
0.107369
-0.0308812
-0.0764875
0.08083
-0.08083
1.24443
0.363269
1.00555
1.19659
0.36839
-0.894253
0.0622373
0.177777
0.52194
-1.10363
1.99656
-0.114134
1.61216
-1.56603
-0.407004
-0.0722498
0.168246
-0.626947
-0.728211
0.269156
0.459055
-1.2336
1.25168
-0.0180846
0.621015
-1.31941
0.896211
-2.28237
1.38616
1.69875
-0.113971
0.178683
-1.38112
-0.0299495
0.472476
-1.10977
1.13839
-1.09602
0.268982
0.987703
0.159681
-0.953398
0.347463
-0.326403
-0.0572304
0.3256
-0.0799192
0.952677
0.746072
-0.16114
0.165124
-1.52461
-1.48888
1.57521
-1.5662
-0.960689
1.74021
1.1153
0.476172
-0.0722952
1.02156
0.442522
0.81213
0.176424
-0.0713608
-0.327919
-1.30035
-0.117661
-1.26945
-0.876865
-0.017431
0.017431
0.674993
-0.215783
0.923777
-2.04436
0.00741224
-1.2501
0.00302137
-0.00302137
-1.17481
1.35943
-0.870372
-0.00569599
0.00569599
0.372594
1.25607
-0.00476833
0.39774
-0.0161128
0.0161128
1.01325
-0.0198019
0.0198019
0.081877
1.25279
-1.33467
0.00645218
-0.0275806
0.0275806
0.249979
0.0300571
-0.0834641
0.053407
0.0413481
-1.20282
0.33004
-1.8023
-0.452326
0.0292253
-0.0292253
-1.69966
-0.563049
-0.486852
-0.325054
0.969664
-0.64461
-1.20853
0.00160193
-0.00160193
0.111005
-0.0979987
-0.028297
0.028297
-0.455915
-0.616933
-0.00620973
0.00620973
-2.16328
-1.09168
-0.0296869
0.0296869
0.267976
1.0069
-0.0103408
0.0103408
-0.0278128
0.0278128
-0.151722
-0.0149311
0.0149311
-0.0278543
0.0278543
-0.606456
0.816961
-0.0205719
0.0205719
-0.44338
0.100867
1.45092
-0.754143
-0.0202698
0.0202698
-0.0380815
0.0380815
-1.32698
-0.150219
-0.662911
-0.792787
-0.0312699
0.0312699
0.653871
0.0841982
-1.45945
1.64385
-1.20488
0.308793
-0.148079
-0.160714
-0.144305
-1.36833
0.00517924
-1.03171
1.29573
0.578821
0.301857
-1.84232
0.845922
-0.177373
-0.168038
0.345412
0.032288
-0.032288
0.00832896
0.0353541
-1.23885
0.42119
-0.506327
0.0624939
-0.0666437
0.0666437
-0.0737709
0.0737709
-0.0787664
0.0787664
-0.0829797
0.0829797
-0.097579
0.097579
0.868447
0.328148
-0.109644
0.109644
0.122411
-0.122411
0.0388882
-0.0359202
0.0359202
0.217092
-0.0591703
-1.26284
1.13693
-2.04394
0.696164
0.940204
-0.123719
0.123719
-0.0399101
0.0399101
-0.123276
0.123276
0.439172
-0.431125
0.36753
-0.0545462
-0.129612
0.129612
-1.31856
0.026254
-0.026254
0.62509
1.32028
-0.515988
-0.336307
0.555557
-0.125557
0.125557
-0.031824
0.031824
-0.140667
0.140667
-1.84173
0.895035
0.331144
-0.274851
-0.0562929
-0.0142341
-1.27517
0.156086
-0.0335679
0.0335679
-0.24734
1.31856
0.103491
-1.16055
-0.0773915
0.0773915
-1.02579
-0.0350597
0.0350597
1.75589
-1.59037
-0.0108017
0.0108017
-0.034615
0.034615
0.0719248
-0.0719248
0.805266
-1.78507
0.0771075
-0.0771075
-0.0352066
0.0352066
-0.510239
0.906587
-0.396348
0.994476
-1.81219
-0.64855
-0.416279
1.06483
-1.48168
-0.0420468
0.746178
1.00288
-0.0682443
0.0682443
0.112485
-0.112485
-0.0285248
0.0285248
0.865096
-1.65353
0.830885
-1.93451
-1.41101
1.41101
0.748642
-1.333
0.21335
-0.401502
1.30272
-0.0540102
0.0540102
-0.0369364
0.0369364
-0.967499
-0.485149
-0.0285548
0.0285548
-0.0407681
0.0407681
0.559804
-0.612183
0.0343009
0.308305
-0.0425596
0.0425596
-0.0115147
0.0115147
-1.57178
0.834437
-1.67998
0.617856
0.0138654
-0.0138654
-0.0961044
0.0030924
-0.0482957
0.0482957
-0.00349698
0.00349698
-0.0376246
0.0376246
0.0131216
-0.0131216
-1.20878
0.989847
-1.30593
-0.0158204
0.898901
-1.76358
-0.0359294
0.0359294
0.0199635
-0.0199635
-0.0562972
0.0562972
0.0756998
-0.290784
0.533431
0.0180286
-0.0180286
0.329009
-0.772228
-0.0380265
0.0380265
0.174909
0.0836354
1.19212
0.106518
-0.946578
0.0225579
-0.0225579
-0.0392099
0.0392099
-1.39537
1.38445
-0.718526
-0.734979
1.4535
-1.41967
-1.17225
1.09565
0.0533876
-0.329802
0.276414
0.0240392
-0.0240392
0.0153751
-0.0153751
-0.0357407
0.0357407
0.593689
-0.0669137
0.89324
0.104708
-0.623317
0.518609
-0.202894
0.21536
-0.435528
0.172676
0.262852
0.0572443
-0.0572443
-1.41771
1.41771
-0.0354296
0.0354296
0.512154
-0.399661
-0.425399
0.0676526
-1.12698
-0.0207023
0.0207023
0.061094
-0.061094
-0.151747
-0.0828726
-1.07774
1.39823
-0.0164549
-1.19208
0.748532
0.0194243
-0.0194243
-0.0384892
0.0398449
-0.0398449
1.18103
0.35083
-0.535468
-0.227682
-0.562602
0.408745
0.385193
-0.440939
-0.0782983
-0.153309
0.714649
-0.56134
-1.89965
1.10229
0.0187393
-0.0187393
0.339153
0.610428
-0.0427258
0.0427258
-0.728538
0.807949
-0.977976
-0.118192
0.0293759
-1.23816
0.0221076
-0.0221076
-0.0433376
0.0433376
-0.0433191
0.0433191
-0.0495195
0.0495195
-0.045147
0.045147
-0.0467935
0.0467935
-0.0447162
0.0447162
0.256656
-0.198131
0.0459089
-0.0452276
0.0452276
0.854303
0.0527651
-0.0527651
-0.170223
0.0197852
0.247874
0.0277844
-0.0277844
0.901709
-1.7734
-0.273528
0.0754114
-0.0109364
-0.0970487
-0.337496
0.434545
0.0364947
-0.0364947
0.631189
0.0423578
-0.0423578
-0.202032
0.0474475
-0.0474475
1.36908
0.782199
0.238465
0.0386579
-0.0386579
0.190157
0.39241
0.0121394
-0.672773
0.660634
-0.0144607
0.0144607
-0.135505
-1.04789
0.0896078
-0.248529
-0.54943
0.519481
-0.900181
-0.0955792
0.966811
-0.363257
0.505576
0.0828366
-1.14383
-1.16857
0.416313
0.278964
0.0132746
0.00862601
0.758597
0.0816501
0.0327752
-0.112641
1.11131
1.17152
0.0420351
-1.21355
0.970541
-0.391721
0.22129
0.904393
-0.819886
-0.0845067
0.41874
0.311975
-0.157063
-1.33597
0.921159
0.414814
-1.46703
0.866837
-0.988709
-1.51501
-0.015666
1.53067
1.39683
-0.97912
-0.998905
-0.916146
-1.00488
-1.38105
0.0377997
0.0687308
-0.0687308
0.124759
-0.307434
0.657846
0.379895
-0.170994
0.449951
-0.0172001
0.0172001
-0.136051
-0.827409
-0.102635
-1.02635
0.829419
0.183829
0.269738
-0.339525
0.649826
-1.48167
-0.255817
-0.0235411
0.589197
-0.579253
-0.589318
-0.794873
-0.305372
-0.500402
-0.0821959
1.93242
1.28949
-0.0367042
0.0316432
-0.086265
-1.31578
0.602397
-0.147013
-1.07135
1.74753
1.34404
-0.136114
-0.127216
-1.63132
-1.27335
0.205453
0.387558
-0.000685352
2.25274
-1.33945
-0.0162403
-0.00487266
1.24243
0.380807
-0.473029
-0.115951
-1.04035
-1.21018
0.645793
-0.195666
-0.870862
-0.644765
-0.696086
-0.0460931
0.0460931
0.00822822
-0.00822822
-1.01837
0.401118
-0.614345
0.213227
-0.59951
1.1054
-0.67956
-0.953647
-0.157985
-0.342355
-1.07283
0.217604
-0.258492
0.607284
-1.26466
1.17181
0.0928515
-1.13421
1.0409
1.06816
-0.46064
-0.607518
-1.10985
0.0441462
0.0046112
1.04787
-1.38464
1.71468
1.24954
-0.415568
1.17689
-0.124436
0.140407
1.17917
-0.463322
-1.12074
1.12074
-1.27866
0.216593
-0.116497
-0.100096
0.663637
-0.176825
-0.606993
0.454938
-1.51519
1.54434
-0.519883
0.490739
0.846881
-0.95286
0.10598
-1.8115
-0.389949
0.308034
0.0357151
1.07283
0.647431
-1.30069
0.653261
0.202216
-0.0059728
0.323335
1.08467
-1.40801
0.964344
0.114122
-0.575391
0.0749882
0.300468
-0.1569
0.178702
0.000137467
0.200469
-0.414133
-1.24215
-0.0136745
1.64899
-1.14681
0.438057
-0.0906038
-0.51666
0.607264
0.280238
-0.862329
0.58209
0.31973
0.055963
-0.055963
-0.170167
0.621038
0.676438
1.2044
-1.2044
0.288768
0.0505851
0.223412
-0.473424
1.04745
-0.108676
0.527973
0.32414
-0.121446
2.29781
-1.04459
-1.08748
0.184022
-0.0756462
-0.296521
0.372167
0.26516
-0.451177
-0.494668
-0.00872856
-1.16383
0.0032848
1.1737
-0.649261
1.15962
-0.510356
0.312541
-0.0924763
0.943623
-0.129587
-0.00401884
1.30771
-2.15688
0.996846
0.904508
0.0923378
1.01627
-1.05045
0.348049
-0.0340824
-0.221735
1.009
-0.891161
-0.117841
-0.541624
0.547678
-0.158437
-1.77722
0.513625
-0.220273
0.36134
-0.0971112
-1.20212
2.17934
0.00395309
-0.0855643
0.081134
0.797124
-0.829014
-0.0377478
0.0377478
-1.49949
0.380138
-0.0847474
1.99427
-0.418759
0.64533
-0.101405
0.0662058
-0.079808
0.457511
-0.0126897
0.112533
-0.0639335
0.280592
0.158046
-0.660104
0.502059
0.0255407
-0.0255407
0.0728367
-0.0728367
-0.800063
1.79454
1.02882
-1.84519
-0.0225542
0.0225542
1.05045
-0.479886
0.394982
-0.0527383
-0.76592
0.818659
-0.490484
-0.12302
-0.359706
-0.652822
0.256898
0.272752
0.409796
0.609982
-0.406174
0.837641
-0.00938637
0.00938637
-1.18277
1.6253
-0.114212
0.114212
0.0504764
-0.136689
0.438397
-0.301708
-1.07406
-0.137268
0.0774762
-1.07942
0.264233
0.547136
0.061688
0.444255
0.705405
-0.240231
-0.453998
0.278035
-0.299407
0.449535
-0.150128
0.713567
-1.3266
0.154094
1.79941
-0.803721
-0.268197
-0.161887
0.430085
-0.152047
0.602052
0.00627413
0.0656554
-0.0719295
-1.29124
-0.206205
0.186415
0.627167
-0.0400793
0.0505668
-0.83865
0.00189838
0.0533493
0.393523
-0.602232
0.162001
0.0101597
-0.106264
-1.99777
-1.15786
1.37101
0.241153
0.00413545
-0.00413545
-0.136799
-0.929523
-0.0170556
-0.101463
0.25204
-1.77556
-0.0427901
0.182394
-0.139604
-0.0537461
0.0537461
1.78587
-0.504166
-1.2817
-0.530797
0.421102
-0.784327
0.377323
0.181002
-0.0437645
0.204693
-0.100213
0.299316
-1.37337
-0.812848
-0.0483521
-0.626292
-0.123223
1.39175
-0.018812
0.0142294
0.00458257
0.875598
0.329481
0.502178
0.989963
-1.79003
0.281293
-0.210802
-0.251917
-1.346
1.19387
0.504992
0.0991532
-0.0991532
0.811342
0.243321
-0.435854
-0.423455
0.128819
-0.263413
1.13186
-0.218145
-0.510066
-0.395497
1.40751
-0.628763
1.93648
2.30764
-0.238991
0.17837
0.31102
1.36794
-1.18231
-1.10565
1.40089
-1.58901
-1.31829
0.245432
-0.323507
0.0433282
0.280179
1.43103
-0.102555
0.0747509
-0.958326
-0.0151035
-0.125786
-0.0842826
-0.181525
-1.54743
0.179099
0.655192
-0.133517
-0.814433
0.151916
1.92772
-1.07639
0.581981
-0.920266
0.313463
0.0623564
1.17186
0.203218
-0.125368
0.0570466
-0.409501
0.559348
-0.477155
0.124286
0.243085
0.901475
-0.124005
-0.236075
0.36008
0.997461
0.564993
1.44652
0.459425
-0.15861
-0.0384892
-0.103288
-0.240439
0.343727
0.0264109
-1.28129
-1.04628
0.00343449
-0.0960066
0.4393
1.09226
-0.540556
-1.03705
0.0076141
-0.0399068
0.171108
-0.474849
1.21973
-0.0854056
0.114334
0.315214
0.470377
-0.698457
0.657778
-0.388622
-0.322543
-0.095283
0.417826
-0.938215
-1.10271
-0.037085
-0.00545888
-0.00906603
0.0595424
0.948125
-1.56824
0.620118
0.0508842
0.514186
-0.56507
0.3584
-0.732572
-0.98581
1.26826
0.039815
-0.00559034
-0.0148201
-0.354252
-0.11674
0.375589
0.354186
-0.435851
-0.238016
-0.0757447
0.31376
1.03894
0.167868
-0.167868
0.601963
-0.10394
-1.46209
-0.105046
-0.243386
0.700907
-0.432931
-0.144105
-0.387709
-0.00315755
0.00315755
-0.213413
-0.136332
0.349745
-0.43321
0.315938
-0.0104169
-0.131728
-0.279592
0.478057
-0.873098
-0.604919
0.987111
-1.02085
0.135051
-1.0038
-1.18029
1.72479
-1.20898
-0.158804
-0.316045
-0.23538
-0.298131
-0.721256
1.33124
-0.202769
-0.385216
-0.236785
-0.233773
0.470558
-0.251971
0.433885
-1.07903
0.835345
-1.8724
-0.332248
0.244159
0.00603373
-0.0986926
0.226279
0.770304
-1.14917
-0.107689
-0.150675
-0.193508
0.344183
0.0277648
0.692791
0.320766
-0.335951
0.239779
-0.152665
0.851885
0.000928332
-0.434685
0.911079
-0.476395
-0.173621
0.0858613
0.0877599
0.116779
-0.249814
0.054401
0.695747
-1.37198
-1.21608
-0.421919
0.737132
0.256042
-0.224048
-0.0319931
1.11465
-1.11465
-0.00138991
0.00968847
0.357093
-0.0116815
1.21793
0.432318
-0.186496
-0.245822
0.17642
1.65471
-0.78961
-0.718383
-0.191996
0.0099309
1.46914
-0.618856
1.60882
0.00187407
1.02067
0.782747
-1.59927
-0.154124
0.0172584
-0.0774898
0.0602314
0.345241
-0.00459027
-0.387113
0.278482
-4.14604e-05
-0.145374
-0.099079
-0.0341284
0.0341284
-0.201323
-0.206926
0.408249
0.20602
-0.247845
1.32114
-0.00564078
0.00209712
-0.92839
-0.229091
0.19809
0.284948
-0.38157
0.209261
-0.77048
1.59795
-0.424664
-0.430192
-0.557987
0.314139
0.042954
-0.317181
-0.338095
0.181032
0.2458
-2.05571
0.615506
0.622911
-0.30227
0.232675
-0.00120727
-0.128778
0.519915
-0.16908
0.407391
0.567316
-0.974707
-0.263602
0.387243
-0.409109
1.40187
-0.834346
-0.415854
1.00338
-0.0354638
-0.419237
-0.0857204
-0.315781
0.766666
-0.529174
-1.29655
2.00502
0.4251
-0.599278
0.285091
-0.0107147
-0.0330073
0.309925
0.0417386
-0.380267
1.39479
0.909377
0.813364
-0.190692
0.785033
-0.462605
-0.322428
0.309019
0.677544
1.68601
-1.24175
0.325238
-0.397701
0.793743
1.0008
-0.442119
-1.29505
0.114766
-0.00363224
0.193005
0.220922
0.0103132
0.165219
-0.00414984
0.618836
-0.00712717
-0.0049955
-0.00421329
0.0532262
-0.0145993
-1.37013
2.01544
-0.390547
-0.00130844
-0.484745
1.05029
1.25367
-1.9866
0.732922
0.000164608
0.0327759
0.000443722
-0.477642
0.391922
0.021873
-0.021873
0.135542
-0.0396821
-0.947459
1.56847
0.00968847
-0.269045
0.7281
-0.00633633
-0.651896
-0.4423
0.348354
0.268513
0.0040547
-0.786689
-0.276322
-0.00556998
-1.32879
0.0258963
-0.275906
-0.0151098
-1.30933
0.261442
0.222996
-0.358729
0.830472
-1.61716
-1.10152
0.26797
-0.152479
0.152479
-0.0017439
-0.0524713
-0.00992553
-0.152053
0.156464
-0.192257
1.80908
0.469804
-0.907224
1.81109
-0.00149179
0.32675
-0.0504283
-1.15239
-0.0279812
0.0580383
-0.122335
-0.424815
0.0984117
-0.140246
0.0205403
0.146074
-0.0851399
-1.15371
0.770722
0.000444669
-0.0418388
-0.544409
0.950496
1.51618
-0.960623
1.11095
-1.08157
0.622665
0.291382
0.0902516
0.433469
0.404037
-0.245734
0.223037
1.34318
0.0150945
-0.657961
-0.598444
0.157303
-0.184994
1.2613
0.352783
0.165832
0.386563
-0.426851
-0.0779868
-0.45281
2.08902
0.108122
-0.223996
0.0759173
0.0030637
0.153545
-0.563233
0.409688
-1.14389
-0.789423
-1.00233
0.115548
-0.0802969
-0.0352507
0.457022
-0.85337
-0.0613073
-0.82241
-1.45608
-0.00890516
0.525551
-0.99895
0.129343
-0.00179155
0.0170401
-1.27722
-0.000437063
0.356017
-0.493117
-1.17116
-0.65981
0.530223
1.6966
0.561709
-1.10226
0.613968
0.731972
-0.498011
0.111517
-0.0366965
-0.0146805
1.38344
-0.462283
-1.01315
0.15529
-0.141276
-1.23511
-0.334859
0.30076
-0.312991
0.348706
0.00169517
0.00684189
0.908135
0.705191
0.587436
0.628717
-0.848071
-0.633594
-1.16787
-0.760081
0.953255
-0.407291
-0.330492
-0.259988
-0.307575
0.590003
-1.08106
-1.50253
-0.00133636
-0.292475
0.3607
-0.0682248
-1.32783
-0.932275
0.00148122
1.47607
0.00346924
-0.400382
-1.40991
-0.0658082
-0.606965
-0.31409
0.3835
-0.566989
0.183489
0.62517
0.000311094
-0.333375
0.47656
-0.128855
1.70143
-1.45023
-0.605209
0.576991
-1.39437
-0.0157428
-0.0543444
0.0595236
0.15918
0.97887
0.0928096
0.312366
-0.36377
-0.0398502
1.48008
-0.866111
-0.00127793
-0.800011
-0.0361503
-0.00890043
0.0450507
1.63531
-0.804835
-0.677781
-0.396093
-0.127174
0.523267
-0.528309
0.244402
-0.666321
-0.000685008
-0.00288091
0.40784
-0.551945
1.19043
0.49347
0.00298817
-0.174
-0.485811
1.70735
-0.912306
-0.183881
0.10905
0.00336829
0.564597
-0.0391205
0.00966497
-0.0919494
1.36723
-0.61159
-0.334078
0.424148
-0.0900698
0.128668
0.49073
-0.576708
-0.504448
1.85202e-05
-1.1024
0.666546
0.412907
-0.346142
0.00567681
0.675815
0.69783
-1.37364
0.0020773
-0.347775
0.250727
-0.000511448
-0.136497
-0.442644
-0.619778
-0.388303
-0.522679
0.285894
-0.0115125
0.00871025
-1.35657
0.32841
0.657183
0.532226
0.00586313
0.0556054
-0.680749
0.603795
0.00508972
-1.09253
-0.214552
-0.50477
0.448902
-0.597819
-0.00297429
-0.465416
0.149371
-0.646805
1.30007
2.095
-1.52089
0.0430533
0.800408
-0.787133
0.925362
0.0782365
0.105656
-0.143363
1.19447
-0.0161031
-0.0667695
-0.0203168
0.366085
0.763914
0.771673
-0.951734
-1.10945
1.1661
0.440174
-0.824854
-1.25789
-0.355221
-0.099313
1.27112
1.21309
-0.645777
-0.111787
0.363101
-0.345216
-0.446723
-0.0800827
-0.0531536
0.644502
0.132587
-0.599431
0.466843
-0.096455
-1.24954
-1.31164
0.100874
0.0415266
-0.579598
0.524082
-1.30226
-0.28227
1.06883
-1.07371
-0.348067
0.907474
-0.576536
-0.330938
0.30074
0.131578
0.38101
0.0591631
-0.10012
0.480016
-0.170829
-0.035376
1.28023
1.16683
0.265632
-1.15724
0.0830803
0.313187
-0.223419
-1.01622
-1.07261
-0.175529
0.080931
-0.0791394
0.755136
-0.0510866
-0.220666
0.271752
0.246732
-0.0584753
-0.265032
0.174444
1.25248
0.690444
0.109744
-0.0117525
-1.62238
0.0599347
-0.0251532
-0.0193239
0.0531666
-0.9889
-0.272094
-0.0186909
-0.129749
0.109891
0.019858
-1.28949
0.680549
-1.29929
1.35117
0.0120578
-0.0150321
0.435985
0.609556
0.841859
-0.00366466
-0.203733
0.202424
0.416125
-0.231605
0.235659
-0.215184
-0.631452
-0.387118
-0.156695
-0.206269
0.484541
0.331804
-0.42493
-0.0641763
0.0660504
-0.549337
0.315295
-0.0916823
0.522651
0.475815
-0.0796511
0.0796511
-0.0176183
0.103056
-0.110183
-1.12423
0.0940911
-0.738348
0.00986985
0.193735
0.131618
0.99369
-0.209795
0.189212
-0.215419
0.0262065
0.498517
-0.423528
0.343454
0.0563529
0.0641904
0.0815575
-0.305026
-0.0104081
0.326859
-0.0883942
-0.596863
-0.0476507
0.362945
-0.495385
-1.48491
-1.21046
2.0799
-0.250968
-0.0803062
1.61438
0.489872
-0.104679
-1.00531
0.227906
-1.1521
1.53182
-0.379721
0.0159339
-0.0159339
0.0778091
0.00253898
-0.0803481
0.294624
-0.0873993
-0.207225
-0.239271
0.282599
-0.0687795
0.131672
-0.369947
-1.07254
1.02051
0.444301
0.645994
-1.44971
-0.0505884
0.32853
-0.397458
0.235474
-0.185933
-0.00115814
0.273332
-0.114152
-0.36669
0.286399
-0.00303976
-0.00419356
0.254302
-0.342654
-0.52154
0.283005
-0.371056
-0.721456
1.31065
-1.22372
-0.133357
-0.364655
-0.512525
0.620247
0.28246
-0.440446
0.845697
0.00713089
-0.317064
0.638076
1.49743
0.301605
-0.795545
0.230512
-0.266109
1.33403
-1.05099
-0.316119
-0.281991
0.345401
0.227491
-0.308725
-0.0445613
0.0197849
0.08127
-0.90368
-1.00639
1.84704
-1.03367
-0.00409277
-0.276279
0.00151424
-0.00311617
-0.0635722
1.11202
-1.04845
0.247934
0.328794
0.126316
-0.31261
-0.369682
0.306909
1.67039
0.227804
-0.325492
0.199001
-0.321961
-0.440215
-0.171967
0.00151424
0.0162547
-0.0263839
1.4451
0.0151502
-0.0812349
0.106355
0.0659082
-0.0207359
0.0716828
-0.0716828
-0.380898
0.0292174
0.137685
-0.738075
1.49667
0.0606626
0.377188
-0.248267
-0.0533262
-0.410414
0.317964
0.176428
-0.02793
1.7919
-1.00971
-0.0477195
-0.0292193
-0.393985
0.0805011
-0.048099
-0.789578
-1.08282
0.386446
-0.632872
-0.739113
0.0629249
0.250835
-0.40738
0.998212
0.0199665
-0.00841634
-0.11511
-1.34979
-0.0199665
-0.948167
-0.592013
0.15008
-0.200984
0.00133873
0.405477
-1.3799
-0.590182
-0.0443353
0.0266353
-0.10308
0.0696042
0.0686495
-0.0199089
-0.580462
0.116231
0.233513
-0.210972
-0.051589
-0.305143
-0.0650367
-0.851005
0.14554
0.198642
0.369547
-0.468312
1.15851
-0.763287
-0.16371
0.399184
1.37626
-0.0607716
0.453181
-0.0140426
-1.42263
1.32617
0.883926
-0.301568
-0.582358
-0.2426
0.0185516
0.0489302
-0.280699
-0.138931
0.334447
0.0536565
0.814279
-1.55026
-0.482255
0.343324
0.0575314
-0.0220105
-0.135858
-1.1655
0.145249
-0.170921
0.0158186
0.0492477
-0.0650664
0.00835448
-0.0324573
0.0324573
0.609783
-0.885336
0.119415
-0.0212715
0.0212715
-0.614494
-0.28455
0.130615
-0.292471
-0.17433
1.0991
-0.517008
0.42801
-0.102688
0.142145
-0.0235853
-0.02793
0.986025
-0.334836
0.37779
-0.429756
-0.135314
-0.173278
0.583074
-1.46774
-0.587974
0.339933
-0.100173
0.186523
0.181507
-0.551056
-0.129285
0.0224465
-2.21259
-0.692253
-0.0446076
0.15464
-0.386451
0.980139
0.0128209
0.0926236
0.0247504
0.575566
0.160523
-0.1806
-0.0247504
-0.000631917
-0.16991
-0.258315
-0.907814
-0.114342
-0.714671
0.798825
0.248625
0.0374429
0.120188
0.541259
-1.61764
-0.0040714
-0.138818
0.196337
-0.376336
-0.0938591
1.64526
-1.16073
-0.388584
0.0202087
-0.350211
1.37583
-0.0546467
0.93008
-0.997411
1.47358
-0.0112953
-0.808281
0.66961
0.0161237
0.272237
-0.0635799
-0.0779464
-0.637295
0.434526
-0.629511
0.477464
0.0349272
0.0506232
0.80138
-0.310111
-0.125739
-0.0136593
-0.401314
-0.248668
-0.00840508
0.376497
0.566235
-0.917991
0.351755
0.000599575
0.0178995
-0.000341899
1.0508
-0.86678
1.04622
-0.122531
-0.0178995
1.64339
-0.49237
0.154875
-0.0531391
-1.09075
-1.5261
0.0929384
0.0791329
0.528449
-0.118761
-1.06734
0.137244
-0.0747786
0.679029
-0.800859
1.30247
0.06325
0.0150746
-0.138095
-0.909701
1.05497
-0.110496
0.11264
-0.153698
-1.10122
-0.0324809
-0.0920837
0.0128155
-0.152274
-0.704984
1.38553
0.0173189
-0.114937
-0.864208
-0.00721929
0.133892
-0.0240012
-0.0933253
-0.0911911
0.518769
1.55001
0.516946
-0.731455
0.187045
1.35734
-0.449202
0.138976
1.1349
0.473919
-0.387957
-0.488591
0.378095
0.033868
-0.075372
0.00507147
-0.0851758
0.268723
-0.0358751
0.220178
-0.0138399
-0.0191775
-0.250971
0.147167
0.657136
-0.0347979
-0.175238
0.011601
-0.614421
0.462674
0.370639
1.85478
0.0113577
0.244534
-0.317202
-0.0136177
0.115831
-0.279786
-0.119958
0.0395919
-0.0244711
-1.42986
0.0732905
0.21408
0.132787
0.301098
-1.51924
-0.449398
0.819689
-0.376079
-0.44361
0.00897903
1.20895
0.265918
0.349413
-0.14497
0.246194
-0.498418
-0.421848
1.39751
0.0320734
-0.164515
-0.0161237
-0.00941696
0.0485396
0.0347979
0.771722
-0.465267
-0.908377
0.290163
-0.0182302
-0.0366469
0.168439
0.23981
-0.0311003
-0.254021
0.222028
-0.259856
0.324436
-0.450175
0.595081
0.596451
0.164571
0.182692
0.78091
-0.671104
-0.367082
0.231224
0.857165
-0.702366
-0.106966
-0.43267
-0.233651
0.0276587
0.195198
-0.0121545
-0.907011
0.843439
0.414303
-0.804252
0.000563725
-0.000563725
-0.638826
-0.73916
-0.759202
0.246677
-0.188241
-0.182967
1.48614
-1.30317
0.0612826
-0.0626725
-0.621918
-1.20755
0.494105
-0.0991228
0.618665
0.00116794
-0.0783059
0.0828706
-0.3663
0.263613
0.214286
-0.220622
-0.216584
0.128827
0.151661
0.0232486
-1.09508
0.166467
-0.555089
0.0097698
0.362221
-0.37188
0.1954
-0.122914
0.117918
-0.926554
-0.291024
0.0176868
-0.0207265
0.0507134
-0.223999
0.365557
0.122783
-0.413995
-0.0672122
1.44148
-0.831696
-1.19475
-1.16525
-0.227039
-0.835123
1.06216
0.00233072
-0.0138432
-0.0237996
-0.805877
0.0774077
0.160164
0.00183769
0.0718974
-0.0733892
-0.166615
-0.384441
-0.438714
0.0399637
-0.0440351
0.695042
-0.201571
0.352277
0.423173
-0.814796
-0.173825
-0.291591
-0.432284
0.766942
-2.29994
-0.224282
-0.197678
-0.00833278
0.355541
0.660097
0.314341
-0.481917
1.85129
-0.386219
-0.10276
-0.0694036
-0.736141
0.294022
1.03172
1.32666
-1.52154
0.0991238
-0.329175
-0.0241589
-1.22352
-0.0581836
1.60179
0.0347915
-0.0354765
0.282729
-0.0500543
-0.164752
-1.24583
0.431736
-0.335819
-0.359384
1.59652
0.0343283
-0.0849565
0.0234199
-0.182879
-0.157819
-0.720156
0.0768791
-0.572157
0.0202087
-1.24289
0.0114845
-0.0451723
0.0485406
-0.227781
-0.0272349
0.018993
0.278231
-1.38741
-0.22319
0.873196
0.0392784
-0.762254
-0.314257
-0.276625
-0.566079
0.343087
-0.00772129
0.00282765
-0.105383
0.587055
0.0549303
-1.46484
0.325025
-0.341933
0.497261
-0.127375
0.123161
0.448354
-0.971323
0.00419356
-0.00267932
0.466649
-0.134436
1.26934
-0.0723309
0.127495
1.08839
1.22369
-1.26281
-0.0802562
0.632465
-0.176286
0.167381
-0.127408
0.0764191
-0.078163
-0.0101686
0.0187947
0.0510551
0.110383
0.910054
0.165777
0.22271
-1.05783
0.0531651
0.483364
-0.283124
-0.20024
0.410846
-1.31412
-0.0138399
-0.167437
-0.0126048
0.00801449
0.50757
-0.100985
0.00743159
-1.08177
1.01155
0.445053
-0.224866
-1.4843
-0.0849042
-0.114176
0.372509
0.233769
-0.80175
-0.182798
0.984549
-0.0311983
-0.189361
-0.204595
-0.0615777
0.0674408
-0.197988
1.40692
-0.377375
-0.131916
0.056559
-0.288155
0.296146
-0.110562
0.00945654
0.0825293
-0.014984
-0.180717
-0.823085
-0.110772
0.00128383
-1.41904
0.0162957
0.0497547
-0.0476842
0.148521
-0.00283165
0.000693287
-0.205514
-0.104114
-0.795381
-0.078937
-0.0287519
-0.745273
-0.646285
-0.0980695
0.511061
-0.36169
-1.29864
1.9161
0.399251
0.101299
1.10278
-0.0116174
-0.380709
-0.520492
0.25258
-0.235481
-0.112904
0.166221
0.82292
0.190566
-0.545464
-0.303206
-0.157079
0.975507
-0.453813
-0.0736171
0.033935
0.201887
1.53406
-0.347285
0.372002
-1.47471
0.0390344
0.00376093
-0.153949
-0.641432
-0.01887
-0.917893
0.362592
-0.944337
-0.416605
-0.00868629
-0.530463
-0.304737
0.0870236
-0.448714
0.446348
-0.618176
-0.310737
-0.0901278
-0.377075
-0.21804
0.0459221
-0.235697
1.1242
0.0172642
-1.3526
-0.492524
0.644723
-0.103073
0.0861498
-0.490868
-0.564537
-0.430695
0.444623
0.140145
0.0290266
-0.130221
-1.3394
0.0732436
0.790197
-0.438442
0.658773
0.250701
0.944255
1.26122
0.144786
0.432205
-0.134773
0.00852602
-0.613925
0.449173
0.0161153
0.122292
0.000869508
-0.10285
0.48404
-0.113402
0.0840073
0.570171
0.427487
-0.546248
0.176328
0.0229313
-1.03915
-0.269437
-0.246291
0.586514
0.135344
-0.0878275
-0.0227349
0.0857502
-0.00736787
0.0188524
-1.53614
0.0885524
-0.0976939
0.692595
-0.0157851
-0.00612043
0.677154
-0.611597
0.108727
-0.114188
-1.12293
0.0433528
-0.0916282
-0.165571
0.202526
0.0915406
0.0497132
0.0732621
1.22874
-0.485525
-0.0580378
-0.380303
0.310259
-0.059424
-0.969765
0.310849
-8.75916e-05
-0.666854
0.108332
-0.308373
0.54703
-0.0222163
-0.420943
0.677841
-1.04794
0.217681
-0.875274
-0.679307
)
;

boundaryField
{
    SideWalls
    {
        type            empty;
        value           nonuniform List<scalar> 0();
    }
    Top
    {
        type            calculated;
        value           uniform 0;
    }
    Inlet
    {
        type            calculated;
        value           nonuniform List<scalar> 
18
(
-1.94444
-1.94444
-1.94444
-1.94444
-1.94444
-1.94444
-1.94444
-1.94444
-1.94444
-1.94444
-1.94444
-1.94444
-1.94444
-1.94444
-1.94444
-1.94444
-1.94444
-1.94444
)
;
    }
    Bottom
    {
        type            calculated;
        value           uniform 0;
    }
    Outlet
    {
        type            calculated;
        value           nonuniform List<scalar> 
18
(
2.04743
1.97888
1.99234
1.97137
1.98498
1.96426
1.9564
1.99871
2.0028
2.02163
1.98978
1.9559
1.99034
1.96133
1.92103
1.65558
1.96342
1.64382
)
;
    }
    Plate
    {
        type            calculated;
        value           uniform 0;
    }
}


// ************************************************************************* //
