/*--------------------------------*- C++ -*----------------------------------*\
| =========                 |                                                 |
| \\      /  F ield         | OpenFOAM: The Open Source CFD Toolbox           |
|  \\    /   O peration     | Version:  2306                                  |
|   \\  /    A nd           | Website:  www.openfoam.com                      |
|    \\/     M anipulation  |                                                 |
\*---------------------------------------------------------------------------*/
FoamFile
{
    version     2.0;
    format      ascii;
    arch        "LSB;label=32;scalar=64";
    class       volScalarField;
    location    "1.8";
    object      p;
}
// * * * * * * * * * * * * * * * * * * * * * * * * * * * * * * * * * * * * * //

dimensions      [0 2 -2 0 0 0 0];

internalField   nonuniform List<scalar> 
5098
(
-0.813863
0.357982
0.258222
1.67943
-0.335224
1.89255
-0.0378931
-0.483723
0.258488
-0.414398
-0.609896
0.599946
0.125102
2.15003
-0.200672
-0.0149923
-0.658878
-0.700884
-6.17111
-0.667691
1.11886
-0.0327759
0.682674
2.70665
-0.800874
1.8227
1.07114
1.17486
-6.02027
0.37981
0.463141
2.32311
1.32744
-0.515993
-0.409493
-1.86636
1.32473
1.23462
2.06106
0.855759
1.64484
-0.865471
1.79691
0.211525
-0.318737
0.426151
-0.665404
2.36048
0.495938
1.71409
0.119135
1.52624
-0.712899
1.21472
1.8932
1.77328
1.23397
1.56672
2.32959
-0.051772
0.0815935
-0.696194
-0.34891
0.161863
-0.728629
2.17806
0.100387
0.0624794
1.06554
1.48472
1.20463
-0.0457102
1.00465
-0.512116
-0.0359999
1.71615
0.10746
1.82193
0.139017
1.72043
-0.0671454
-1.1922
1.63496
-0.525288
-0.695461
0.312171
2.99986
0.0491358
-0.418965
0.102174
0.68677
-3.47079
0.635097
1.68086
2.07257
-0.498205
1.46124
1.86067
-0.0220879
1.0306
-0.42829
1.83589
-0.231783
0.142691
1.84448
-0.579647
1.09655
-0.0271105
2.40297
-0.630116
1.58303
-6.1526
1.25256
-2.07346
1.05707
-7.53996
-1.05246
-1.63189
0.0411492
2.67947
1.48027
0.283171
-0.417719
-1.01769
-4.3504
-0.675267
1.16873
0.727176
2.09722
-2.27683
-0.825411
2.26037
2.22967
-1.37838
-0.352758
-0.637568
-1.39461
1.05595
2.08471
1.19826
1.5322
-0.641503
1.09071
0.24028
0.439735
0.0816979
1.11781
-0.256862
-0.383347
0.868524
-0.772444
-5.94562
-0.313662
1.23449
3.01907
2.62078
1.5707
-0.398015
1.64953
-6.2485
1.20971
-0.242793
-6.38276
1.502
-0.742757
0.373352
-0.349026
0.351444
-0.798794
1.56158
-0.222576
1.71756
0.172772
1.18554
0.427454
0.583303
1.60227
-1.72085
1.57973
2.99898
-2.72269
-1.01758
1.46863
-0.747616
1.48819
-0.983347
1.79254
1.29245
1.69157
-1.72895
-5.95777
-0.189004
0.955641
-0.0806363
0.377415
-2.54602
-1.33416
-0.69343
0.0634234
1.53013
-0.824805
1.51113
-0.286417
0.430785
1.19533
2.61836
-0.4271
2.114
0.840973
0.937974
1.34019
1.4862
-0.144262
0.381438
-0.353747
-5.69919
-0.0705724
-0.640712
-4.30754
0.604014
0.632702
1.80842
0.121586
0.622277
-1.18702
1.19393
2.91538
1.11086
1.10153
-0.0390399
1.24478
2.76756
-1.21667
0.0431544
0.377986
0.374003
0.948106
-0.990169
-1.02987
1.49251
-1.21103
0.185111
0.167193
2.44032
1.12165
0.691764
2.1062
-0.641555
-0.644124
0.673552
0.178104
1.1232
-9.03188
-0.87266
1.30141
-1.08289
-0.326527
-1.56746
2.3206
-0.0133558
-0.903603
-0.759148
-0.810117
1.01974
0.0779605
-0.70531
-6.26353
-0.598977
-0.629803
1.4848
-1.46618
-0.0812824
-6.16902
-0.437061
2.29117
-0.222277
-0.814903
-0.73833
0.451294
1.35785
-0.81762
-0.43055
-1.07382
-0.432407
-0.534438
-0.57538
1.30751
0.115898
0.366388
0.686162
-1.03489
-9.27517
2.42792
-0.18963
1.08929
-0.9046
-0.384837
0.394872
1.07398
1.31861
0.0742688
-0.586577
1.7755
1.03651
-0.70425
1.31888
-2.03878
0.5607
1.4411
-0.660059
0.729855
-9.55504
1.85377
-0.033773
0.0857855
2.99885
-1.4501
0.106118
0.837579
2.54812
0.149363
-9.88411
-0.904529
-6.96982
0.0752392
2.09306
0.25516
1.05488
2.37465
0.0413717
1.463
0.797066
2.08733
0.353216
1.44556
0.168454
0.415879
1.73991
0.999947
1.43591
1.05104
1.51417
0.175513
1.22156
-5.96691
-0.0496343
1.08562
-6.61592
-1.59519
0.549223
0.13042
2.52809
2.52083
-0.82058
-0.0493927
-0.809723
-0.540397
0.457243
2.06232
-0.0326892
1.1315
1.13838
0.831129
0.0516755
0.19749
2.31816
1.22453
0.756458
0.415772
-1.15052
2.23194
0.206586
-2.41999
0.0655953
-0.098349
-0.6952
1.49065
-0.261898
0.416648
0.0415454
1.2235
-0.676955
1.32786
-0.466057
0.233039
-2.39559
-0.386715
-0.958042
1.61143
-0.359452
1.11071
0.223154
1.16029
1.58809
0.874495
-1.85252
1.74622
-3.25282
0.347053
-0.306546
-8.07009
2.47435
1.73618
1.13265
-7.30721
0.365976
1.18745
-0.715445
-0.245688
-0.442168
1.10408
-0.141272
-0.793599
-0.0483905
-1.79817
0.0506614
1.0495
2.50023
-2.26016
0.529478
1.17475
1.80422
0.105755
0.598281
-0.80681
-3.51145
-0.666909
-0.219344
0.159739
1.19932
0.0995154
-6.11603
-0.00480819
1.32663
-2.1155
-7.47585
0.115251
0.724468
0.884123
-1.96059
1.55047
1.43622
0.816384
-0.674391
1.0976
-1.84648
-0.889975
-0.201467
-5.60722
1.13515
-0.647002
0.741856
1.12824
-0.646403
-0.614001
0.210993
-0.87948
0.474603
1.23109
-2.99329
1.77073
0.0326692
2.46576
-2.57748
1.61374
-0.661532
-1.47556
-0.917148
-0.703298
1.60636
-5.39843
0.371514
-0.463775
-0.959095
1.01728
-2.61945
-5.54296
1.82471
-3.14495
0.758466
0.741429
-0.964048
-3.60862
0.955555
0.161015
1.40471
0.107402
-0.31443
-1.98661
1.22518
-2.6471
-0.233286
-0.532332
-1.76343
-4.7981
0.0960532
1.95876
-3.63745
1.8844
1.19488
-0.694389
0.694067
-5.9107
-0.673274
-6.23133
-3.69351
0.815697
0.845493
-1.81474
-0.344238
-5.29437
1.12721
1.36813
0.343987
0.615092
1.13641
2.54743
-0.75742
-0.33492
1.97732
-0.721301
-0.284807
2.4767
0.0447463
-2.80682
-0.0501235
-1.0623
-5.02668
1.176
0.428221
0.26503
2.89098
-0.745845
-0.121116
-0.402751
-0.382255
0.114206
-1.70727
-1.86043
-0.625975
0.961915
-0.373527
-0.755057
1.46202
-0.659171
-0.699331
-0.328811
-0.407398
2.92797
-2.70195
-2.3028
1.43084
0.0416323
-5.37279
-0.46061
-0.577552
-0.819992
1.86863
-0.633099
-0.433524
-0.599367
-0.230268
1.41913
-10.4291
-0.418244
-8.73448
-9.99601
0.0419577
-0.784279
-9.52097
0.542125
0.263681
-10.5184
1.12604
1.49356
2.94209
-0.210182
1.44041
2.10581
-0.470982
0.0591295
-0.759239
0.532196
-0.477346
0.152685
-0.154902
0.0548958
0.813959
0.467691
-0.754271
-6.40788
2.453
-1.00344
-0.725496
-0.365755
1.41399
0.721791
0.681719
-2.38349
-2.11465
0.0443315
1.83412
0.415543
-0.00103282
2.26142
-0.566391
2.13261
-0.777416
-0.763843
-0.433915
-0.618001
-0.739728
-7.03069
2.19092
-2.11106
-2.30629
2.22425
-0.428897
-0.264603
-0.357759
2.42797
-7.74425
1.95758
0.105928
-0.0319185
0.000310409
-2.68374
0.891931
-0.2363
0.0943492
-0.769443
1.10873
1.62174
-0.810905
0.126501
1.57568
2.39299
-0.761703
1.4745
2.91573
-1.87626
0.766313
-0.445428
1.23859
1.93538
1.67553
-5.19131
1.21387
0.254889
-0.726754
1.09217
-0.249335
1.52674
-0.437883
1.28386
0.694493
-0.384957
0.060425
0.204362
1.26456
1.64775
0.0257582
-0.640278
2.34756
1.42778
1.74466
0.0891221
-0.231589
0.0541736
0.0685588
2.27421
2.49358
-3.09111
1.34488
-0.714508
-8.13117
-0.141355
1.27167
-5.55819
-6.18874
-0.717744
-0.656929
-0.156012
0.557858
-2.55989
1.35485
1.69613
-6.15521
1.75163
-0.00247147
1.22508
-0.762236
-0.544009
0.0129446
2.40541
-0.16786
-0.289511
-0.900665
-6.97563
1.16784
-0.36964
0.577902
2.20123
-0.722896
-0.708191
-3.17603
-0.681868
-5.29652
1.68842
-0.86956
2.4816
2.33605
2.17301
-0.762444
-3.7425
-5.71869
-5.63335
0.0593603
-7.34191
-6.69121
-1.5613
-0.738121
1.76921
-2.61234
1.53488
-0.793456
2.14154
1.07033
-6.8053
0.133665
-7.52718
2.79805
0.0690757
1.13748
-0.902624
-0.733634
-0.519741
-0.723627
-4.33346
1.66302
-0.24172
-0.358346
-9.40963
-1.77078
0.701306
-0.699487
-0.106676
0.0295259
0.0809346
0.275654
-0.787891
1.67219
2.17077
-6.16498
0.825365
-0.772397
1.57737
-5.94495
-0.339957
0.792436
-0.725821
0.0421641
-2.26058
-0.213678
-0.845574
-0.357025
1.43623
0.95502
-4.71533
-0.112684
0.742485
1.0213
-0.115365
0.287352
-0.802825
2.85403
0.841777
1.51496
-0.370251
0.56268
-0.773837
-0.846435
-0.298239
-0.773637
-0.534623
2.25736
1.90335
-0.682706
0.710528
-0.697691
1.9891
0.43704
-1.66061
-0.772729
-1.78121
-6.0865
0.0290345
0.193736
1.32747
-1.44398
-0.210535
-9.36361
1.03053
-0.67931
-5.44217
1.7684
0.60742
2.30723
-0.319305
1.39843
1.74593
1.61357
-0.260547
1.45268
-0.149083
0.116996
0.209541
-0.47599
0.717731
-6.00716
-0.748025
-0.476175
-0.799604
0.550937
1.23953
0.420273
-3.20993
0.162491
2.96988
-0.688948
1.53226
0.0846146
2.19899
-10.5367
1.21923
-0.549981
-0.755943
2.37109
-0.489212
-5.20412
0.515178
2.46719
1.48732
-0.401525
-0.423895
-1.82186
-7.16017
-3.03049
-6.41041
1.57577
-7.55739
-2.8321
-1.45162
0.939378
0.0620254
-8.77519
-0.530683
-7.35743
0.81731
-0.00742648
1.36897
-0.397082
-9.97102
2.21427
-1.27304
-1.40955
-10.5106
0.27526
-1.97076
-0.800951
-0.927787
-0.193779
0.0397145
1.07461
-0.759221
-0.606931
-8.74829
0.186557
0.137433
0.165023
0.0951946
-0.968729
1.10734
-0.633766
2.18463
1.712
0.395637
1.72745
0.479283
1.09683
2.65969
1.74032
-0.874895
-0.517163
-0.167848
-0.506917
-0.563254
-0.808268
1.45084
-4.86196
1.99895
2.08779
1.319
1.29533
-0.77518
0.59929
-1.78462
-0.03286
2.24218
1.57267
-0.335843
-0.131999
-0.991395
-0.574894
-0.60523
-8.28379
-1.59112
-0.542778
-0.152907
-0.608911
0.33041
2.31838
1.38149
1.61491
1.4483
1.65175
0.0326727
-0.162605
-0.304009
-9.81679
0.361509
-0.0197943
1.06828
0.835334
2.40529
-0.543724
-0.468745
-0.0328167
1.25547
-0.608786
-0.0449432
-7.82428
2.75887
1.22365
-7.28799
1.2753
-0.486649
-0.805207
1.08566
1.47669
0.737693
0.297531
0.468401
-0.626801
-0.156069
0.0528408
2.25792
-1.51969
1.95781
-0.796574
-0.566484
-0.902869
0.980725
1.61748
-0.679441
0.050454
2.73937
0.247766
1.09522
1.11242
2.48945
0.0582697
1.49261
-0.343975
1.51893
0.0613173
-0.101177
2.00746
2.86708
0.310534
-0.467097
-0.210328
-0.592939
-7.15549
1.39219
0.623801
-2.58536
1.24426
1.70545
1.22031
1.30638
0.176857
1.37608
2.021
-0.483532
2.58284
1.66989
0.607686
0.0654634
-1.26514
0.0224094
1.4082
0.187918
1.45066
1.66841
1.28663
-0.651497
-0.660865
1.7197
0.836823
1.88759
-0.16164
1.20546
1.53064
0.925295
1.76817
1.73307
0.0815738
0.0653808
1.33088
1.71366
-0.602317
-0.333091
-0.860855
1.66448
0.257449
1.4657
2.50574
-0.781102
2.40956
2.69808
-0.47405
-0.517533
-0.105467
2.93193
-4.12474
1.63869
2.52047
0.590222
-0.899072
0.675276
0.986189
2.66947
0.969301
0.963325
2.80071
1.91686
0.0779243
2.77801
2.19459
0.117033
-0.683233
-6.85487
0.0173526
0.116093
1.62181
2.16304
-4.14365
-0.0926581
0.769578
0.320736
1.94252
-1.3347
2.37591
-0.704387
-0.860731
1.09917
-2.35149
1.65973
-0.569473
1.03703
-0.710035
2.17051
1.40743
1.28115
1.41641
-0.771925
-0.25666
-0.0357086
0.716403
0.814272
2.31483
1.55879
0.0190536
0.844755
0.23592
-0.730466
2.14467
0.111456
1.76096
-0.684451
-0.121306
-0.71659
0.240525
0.653439
2.45493
-0.267929
0.858161
-0.714049
-0.425752
2.06581
2.06809
-0.771318
2.01507
0.412798
-0.733038
0.14815
0.765913
2.88356
-0.107544
-3.11448
1.81893
-0.668229
1.50755
-1.27367
-1.00105
0.119249
-3.82352
-0.766516
0.250379
1.4895
-0.0893823
-0.749069
0.0253609
-0.424303
-2.04456
0.622981
2.34647
0.965974
0.853902
-0.583759
-0.587332
0.251117
1.03673
-0.330075
0.0268576
0.0422844
0.00528555
-0.496782
0.990393
0.429225
0.574059
0.904871
0.829158
-1.63424
-5.81197
0.305353
-0.477292
2.7409
0.777713
0.498931
-0.554511
-0.482332
-0.640964
-0.0972706
-0.67813
-0.932331
-0.261105
-0.459034
1.48623
0.193485
0.0222989
1.61021
-0.739602
-0.832376
2.28845
-1.48267
-1.87119
0.343962
1.23141
-0.634306
0.301133
-0.53117
0.0933592
-0.672304
-0.274625
1.66538
-0.788269
0.747252
0.0685542
-0.758039
-0.6683
-0.157857
1.13852
0.247969
-0.705541
2.28923
-1.28234
1.41656
-0.851685
-2.66262
-2.43004
-0.259038
-2.14919
1.34481
1.29578
1.37671
-0.279639
-0.866518
2.00208
-0.704098
-2.67242
0.0222768
-0.802368
0.0327931
0.136254
2.05009
-1.68111
-6.0226
-0.458543
0.883498
0.799731
-0.828654
0.842494
0.119317
-0.525291
0.342337
0.758999
0.42869
-0.186925
-0.788088
2.1263
-0.247674
0.00795678
0.729183
0.0254701
0.854278
-0.825141
-0.266146
-0.328467
0.881484
0.0193869
0.0713591
0.59016
0.00606362
0.0468451
-0.446832
1.39098
-0.0748466
-0.367993
1.24028
1.11985
-0.0114564
0.569926
0.65072
1.2649
1.70764
1.49419
-2.10605
2.35877
1.05358
-1.61806
0.891343
-0.856536
-0.0438424
0.0424381
0.50993
-0.798974
2.37013
0.203113
0.295816
-0.505501
0.482142
-0.545938
0.312191
-5.14452
1.0196
-0.588568
1.23922
0.569247
1.31894
-0.895308
1.73559
-0.785594
1.31614
1.38824
0.364046
-0.505347
-0.739334
-0.680444
1.5955
-0.743241
-6.27426
1.57317
0.807777
0.0204061
1.60422
1.13536
-0.469876
2.16936
-2.02457
0.0187077
-0.716676
-0.789158
-0.000568804
-0.162777
-0.37098
2.4351
0.069216
0.366305
-0.179663
-0.599987
1.40727
1.69986
0.014641
0.0118933
1.19044
-6.92137
1.20254
1.27002
-0.230701
-0.236181
0.846604
-0.0467932
2.47163
-3.86692
0.997207
0.0131275
-1.40831
2.44742
1.47489
0.0191362
1.92963
-0.457183
1.75377
1.68965
-0.144
1.19978
1.20748
0.877792
1.23307
-1.06155
1.36277
-0.169507
0.557572
0.0127277
-7.3553
1.50499
-0.820221
-4.9899
-0.127149
-0.0708471
0.936481
-8.61206
1.23768
0.0910195
0.54664
1.16457
1.00994
0.108306
0.195834
-0.567276
1.24494
0.634922
-0.791078
-0.482851
-0.635075
1.29358
-0.792355
-0.810565
1.0833
-0.80357
1.69688
0.713259
-0.801142
-2.70147
1.49109
1.71917
-0.304702
1.01505
-8.4033
-0.436873
-5.59916
0.308462
-0.476278
-1.87174
2.65951
0.492396
-10.4103
0.026632
-0.339694
1.21203
0.678238
-0.589065
-1.33598
-0.724344
-0.496596
-6.96022
0.918242
2.15306
-0.366704
-0.745054
0.0484221
-0.857872
1.76834
2.69942
-1.35354
0.854831
1.38693
-1.02047
0.310024
2.36661
-4.14311
-0.495954
0.935641
1.05087
0.873898
-0.514642
0.667451
0.0208325
0.737431
-2.1945
0.0538884
1.3281
-0.241375
0.263112
0.713098
1.17446
0.823068
0.073057
0.502856
1.26579
0.815587
1.16766
2.48808
-0.838374
2.29842
0.00356362
2.24419
2.85039
-1.62552
0.177886
0.263059
1.1935
-6.09761
0.619773
0.747245
0.0381083
1.4426
1.98619
1.49833
1.54597
0.358484
0.830586
-0.975157
2.76669
-0.74703
-1.56031
-0.708532
-0.492997
-1.01865
1.23812
1.54044
0.719419
1.61629
-2.45431
0.0697892
1.68864
1.23522
-0.103489
-0.240529
-0.0476221
-0.28673
0.325932
1.39249
2.61961
1.21243
1.82164
1.74947
1.45987
2.48814
0.806102
1.23234
0.051654
-0.630023
0.527596
0.987368
0.95235
2.80876
0.200566
0.665942
0.00493124
0.0666996
2.66426
0.671076
-0.358422
-0.738051
1.05339
-0.709679
-0.0228139
1.89951
1.30461
1.17284
1.3614
0.132602
1.97949
-8.52824
1.15074
0.136288
0.137016
-0.863205
2.14144
-0.392559
-0.303593
1.23128
1.24654
-0.40851
1.11008
2.21125
-0.157686
-0.801063
-0.72043
-6.38358
-0.323457
-0.807029
-0.358093
1.15184
0.342218
0.0463701
1.37997
-0.368916
-0.294248
-0.707343
-3.22626
-0.58703
0.20959
-0.73744
-1.16775
1.21614
1.20608
1.83779
-0.674751
0.498013
-0.542265
1.13879
2.09907
-0.88443
0.0239665
0.0210027
2.22273
0.962614
-0.541881
-0.445734
-6.52823
0.015548
0.0993932
2.36032
0.0268654
0.00286708
0.539366
0.34294
0.0104272
0.607965
0.256729
0.559712
-1.00984
-0.813704
-1.65159
-0.83182
-0.0321826
0.479957
-4.85617
1.44284
0.605012
2.55511
0.43055
2.28341
-0.731485
1.46892
-0.487098
-0.237136
-0.439456
2.07865
-0.301217
-0.0538833
0.211459
-3.86587
-0.562442
0.0149155
0.0433627
0.00419066
-0.105103
-0.049666
0.286408
0.766957
1.58935
-6.18851
0.105607
0.230959
-0.117365
-0.788508
1.42508
-0.0593497
0.640314
-0.069139
0.013446
1.92219
-0.767355
0.517336
0.000678364
0.0446897
-0.215075
1.88995
-0.873825
-0.0101288
-0.0216366
-8.94945
-0.317815
-0.0312713
2.25999
1.56749
0.00690429
-5.34342
-0.705527
1.29312
0.0587383
-0.112401
0.00627438
0.496384
0.104443
-0.0132813
-0.368441
0.00608537
0.5263
-0.432629
1.37695
0.100225
-0.448353
0.065518
0.413351
0.121696
0.111968
1.39228
0.0668944
-0.189496
-0.255656
-0.0523889
-0.575792
0.00140331
1.36171
-4.75464
-1.18995
0.0676017
-0.0525785
-2.06788
-0.575369
-0.00737419
-0.0143331
2.01438
0.778879
-6.69106
-0.00888932
-0.793241
-0.640312
-0.341002
0.0130427
1.34842
0.631173
0.95678
1.2928
-0.232877
-3.56669
-0.416927
-5.91775
-0.689052
1.46291
-0.0434417
0.389197
-0.785372
1.62016
0.0432149
1.3442
0.0950227
0.117478
1.77139
0.0256732
0.0167471
-1.19462
1.96233
-0.162903
1.09379
1.29329
-0.569117
0.0316482
1.15743
-6.27378
1.91683
-0.233852
1.86436
-0.506842
0.0527114
0.127171
1.36076
1.81042
-1.32685
1.005
0.471026
0.00130542
2.0842
0.370086
-0.779541
1.19442
-0.0180093
0.0878781
-0.416012
-0.74789
0.00569529
-0.776952
0.00259322
1.07485
0.839415
-0.0114215
0.0585844
0.484311
0.0775166
1.16799
-0.458226
0.0138005
-0.404579
-0.453534
0.0632756
-0.694751
1.0794
0.0197162
-0.00405586
-9.69134
1.45502
-0.034025
-0.680264
-0.0599312
0.36159
2.2347
-0.0956037
0.00549735
0.921252
0.161108
-0.0594685
-0.0437919
-2.11316
-1.00526
0.0588953
0.00369316
1.35628
0.00752187
0.00122227
-1.52483
0.0272216
0.0294228
-0.131177
1.27278
-0.134814
0.0292573
0.204598
-0.673731
0.0956084
0.0118108
0.776975
-0.694445
0.162657
0.113695
0.0905627
0.0413529
0.0415741
0.0190171
-0.731816
-0.255695
-0.279196
0.310643
0.713156
0.0973654
0.536502
0.54573
3.76433e-05
0.0229766
0.667056
0.0557377
0.0245253
-0.27696
0.103806
0.219268
-1.02564
-0.737071
0.0231149
0.207131
0.16196
0.656
0.58054
0.0953047
-0.28894
1.23988
0.0566059
-0.718519
0.00455912
-1.40433
1.81493
1.22628
0.124945
0.0154858
0.00573142
0.0974237
0.0300494
0.0247713
-0.689115
0.103661
1.10888
0.223655
0.016721
1.2223
0.111314
2.06399
-0.0169161
0.23429
0.164758
-0.0484439
1.93174
-0.00433651
0.039757
-0.493635
0.0424878
0.929066
0.390765
0.00957006
1.23616
0.0835082
1.00122
1.78589
0.652151
0.647613
0.0223435
0.744259
0.0591939
-0.168106
-1.50305
-0.648381
0.0592904
1.70462
0.432235
1.21702
0.522411
0.0141943
0.0463827
0.0720516
-0.404173
0.893383
-0.612266
0.0337137
0.00672215
0.0367784
-0.00838832
-0.113932
-0.797867
2.28308
-0.683535
-0.851505
2.10422
0.146905
0.0383408
0.0416059
0.038326
1.18022
0.0498485
0.0370693
-6.42385
-0.514646
-0.135752
1.26012
0.0579736
0.0484522
-0.991065
0.00248389
0.10185
0.00842085
0.0117592
0.0669637
1.27288
-0.811197
-0.649198
0.446218
-0.0440853
-7.01906
0.0921659
-0.717537
-0.00261363
1.43578
-8.3672
1.68247
-0.0241857
0.0612954
-1.29908
-0.049136
-0.0477983
-0.0770918
-0.756278
-0.608072
2.14641
-0.682294
-2.56218
-0.00927198
-1.49844
0.00133316
0.0996368
-1.98634
0.0131784
-0.00508212
-0.0931555
0.0205228
0.0481295
1.59806
0.279947
0.0311916
0.0830513
0.0256634
-0.847691
0.0826258
-2.23345
0.0257081
-0.0551534
1.52795
0.109015
1.23001
-0.0119724
0.0387318
0.00971539
0.010454
0.0213397
-6.10283
-0.766231
0.0772784
0.68322
1.11854
0.452167
0.0212831
-0.0147876
0.0296025
1.57666
-0.0700121
0.282494
0.726478
0.008842
0.0166174
-0.150039
-0.00489729
0.00828202
0.0841468
1.26985
0.00239325
0.99296
0.0132025
1.38236
0.046844
0.808483
0.0166678
0.0185976
-1.537
0.0352917
0.045773
-0.140229
0.100261
0.942585
0.00677767
0.26672
0.0216848
-0.00198966
0.252034
0.0491019
0.0270073
-0.882466
-1.09813
0.0244702
1.69562
1.16215
0.0313347
0.0323273
-0.435201
0.0302411
0.32711
-0.133976
-0.00866821
1.91761
0.00577596
0.0590141
0.0142644
-4.4138
1.25595
0.0844585
0.050588
0.0170983
-4.68704
0.198316
0.0342415
-0.934132
0.46108
0.854816
0.0515632
-0.130965
0.1347
1.16594
0.0238229
0.0267953
-0.0314616
0.0767258
-0.534534
0.0501299
0.0691846
0.0414196
-0.0395244
0.0279657
0.0458812
0.00974783
0.0433477
-0.106922
0.0809474
0.0206265
0.0880734
2.57021
0.0210912
0.108399
0.00170384
0.0871231
0.477394
0.0125436
0.109624
0.24851
0.0499078
0.0169102
-0.0374984
0.0132793
1.17612
0.00856111
-0.00987511
0.0948429
0.0208936
0.0201008
0.115108
0.0430615
1.53605
-0.0304183
-0.641298
1.09219
-0.0463949
0.0282374
0.0712058
0.0427678
-1.22773
-0.279473
0.232358
0.0169244
0.117185
0.0249398
-0.639636
1.46752
1.50293
0.0181051
0.0701185
0.0906477
-0.00172682
1.17541
0.0202995
0.0456158
1.29327
0.0237066
1.29892
0.0472537
0.0240974
0.118317
0.0164642
0.0119248
1.6326
0.0116612
0.00720322
-0.124034
-0.139236
1.29097
1.95959
0.0104247
-0.0950963
0.0346733
0.0422561
0.000818457
1.35612
-1.10589
0.000372948
0.0312435
0.0915325
-0.00720364
0.00609189
0.0654395
-1.66849
0.00348947
0.0477
-0.673004
1.23029
-3.78612
0.0353424
0.0124367
0.744393
0.846278
0.0400371
0.00501354
-8.60987
-0.980002
0.0105676
0.0349643
-0.0105614
0.0244815
0.00350172
-4.91667
0.0130264
0.107311
0.0266431
1.36873
0.00778734
0.0676691
0.0288908
-0.54536
0.0129687
1.20513
0.131248
1.54817
0.120508
-0.753378
0.0391889
0.0512728
0.0289281
0.0343005
0.0873605
0.02339
0.036035
0.0839438
0.0219257
0.0120952
0.00594186
0.0358563
0.0324896
0.0309917
1.31053
0.0406096
-0.2116
1.61339
0.0202877
0.103335
-0.410102
0.408861
0.0223737
-0.470215
0.0246456
0.0329254
-5.79962
0.0573279
0.0259358
-0.48087
0.0376467
0.0964654
-0.419404
0.0492611
-0.969798
-0.0490728
0.0385988
-0.473258
-0.427389
0.0415618
0.0233163
0.0401583
0.178406
0.0686031
0.0666238
0.146425
0.0121262
0.0167125
0.0621644
-0.382202
0.000539657
0.00897153
0.0140691
0.026081
0.0322557
0.0196927
0.0269967
-0.653294
2.22445
0.0439288
0.023862
0.0404821
-0.570826
1.50187
0.0319902
0.162288
0.00265274
1.48696
0.0234584
0.390922
0.12113
0.0126025
0.0218772
0.103567
-6.09688
0.0703092
0.270894
1.17139
0.0274422
0.0169861
0.000119111
1.54349
0.0350702
0.0203607
0.0359519
-0.021706
1.05925
0.0343055
0.0329181
0.0163873
0.0175698
0.0168241
0.0369695
0.574238
-0.523608
1.82041
0.00326308
-0.67738
-0.0825731
2.27321
0.903223
0.0179357
0.0247314
0.0567623
0.0472106
1.09524
-0.0875963
0.0220036
0.0730307
-0.81073
0.0162459
0.0667103
0.0484949
2.81201
0.777191
1.22424
0.0340504
1.28926
0.0184048
-0.66438
-0.802164
1.7938
-0.807565
-0.803313
0.0247573
0.990169
-0.0300473
0.00956939
-0.153081
-0.050362
-1.42409
-0.786531
-0.711992
0.0354341
1.34195
0.0212459
0.167876
0.0278559
0.0359652
0.0525655
1.30396
0.0202321
-0.665859
0.0556802
-6.04207
0.00352577
0.0387197
0.0475259
2.281
-0.812351
-0.133724
0.0437521
0.0308245
0.0549025
0.843724
1.26615
0.0368612
0.034234
-3.30985
0.0354688
0.610935
2.56777
0.682771
0.261315
0.0556891
0.0569031
0.0179935
0.236004
0.0464151
0.0406945
0.0192871
0.434636
1.19385
1.20739
-0.836561
0.875978
0.0343132
0.146921
-1.12407
0.0928261
0.0418103
1.48043
0.0138956
-2.30029
0.00214146
2.18028
-0.29324
-0.066863
0.0467377
-0.511354
0.0349472
-5.87094
2.3167
0.059614
-0.310896
-1.60681
0.0509815
0.0901787
-0.482607
-0.123797
-0.0119641
-0.694673
-0.847496
1.28195
-0.0108729
0.168113
0.0447303
0.71068
0.0355391
-0.950912
-0.00423158
-0.446622
2.69553
0.0118533
-1.19322
2.38398
0.0101704
0.0878631
0.0548128
0.0110884
1.40356
-0.964682
1.144
1.21976
0.0763725
0.0532576
1.23883
0.535648
0.0876327
-0.841251
-0.776517
-0.709238
1.40286
0.0285143
-0.324974
-7.48198
0.122334
-0.183059
0.0331967
0.0513271
1.22528
0.0551635
0.0238282
-5.16321
0.0205207
0.0241342
0.04186
-5.84321
-0.663794
0.10545
0.0364202
0.086485
-0.307905
0.0659021
2.57951
0.0658769
-1.10125
0.347594
0.0206756
1.41573
-0.00447249
1.26764
0.0659651
1.19185
-3.71297
0.103567
2.01703
-0.486636
-0.68568
1.49495
-2.36216
-0.0126231
0.0134637
1.32411
1.47291
0.0417543
1.52654
2.33258
0.801133
1.56823
-1.6456
-0.00607722
2.10759
-9.44788
0.23757
0.0729961
1.18775
-2.0502
1.58097
1.50441
1.65398
-0.464888
0.0100887
-0.841782
0.0212393
0.130791
-0.651732
-0.706947
0.0220246
0.0252357
-0.573302
0.106633
-0.113336
0.0796969
1.71872
1.86107
1.78303
0.0908659
0.902287
-0.0250161
0.360256
0.128532
0.0836375
2.49984
0.0164107
0.0690792
0.164803
-5.17342
1.94899
0.0593223
-0.24287
-4.15631
0.171917
-1.0176
-0.392544
-0.812541
1.01634
0.0689749
1.02896
1.39823
-0.776991
-0.429495
0.204451
1.42248
-0.999427
0.00935786
0.0206632
0.00726956
1.11164
-0.186395
0.00208163
2.86914
1.95073
-0.0300032
0.115473
-5.63833
2.24751
1.20336
-1.2302
2.55641
0.0230987
1.29127
0.412014
2.2837
0.178843
-0.906978
0.686381
-8.42885
0.0131036
0.061246
0.199652
-0.785579
2.37468
0.213522
0.021095
0.128703
0.126409
0.806341
2.6832
0.0116494
-0.010377
0.0635779
0.856165
-0.11873
-0.00576798
0.0475148
1.23343
0.0639836
-0.0556974
-0.409245
0.157107
0.249808
1.22682
0.0865304
2.31373
0.0601339
-0.00801766
1.33359
0.0247687
0.00568296
0.157482
-0.713974
0.616236
0.0181064
0.566534
-0.835361
-0.0156753
1.11526
-0.490444
0.00294395
0.169866
-0.0386157
0.0530284
1.12037
0.122673
0.0639784
0.00818163
-0.368924
-0.0391144
-0.114872
-3.23412
0.0214363
0.546521
0.186308
0.0195501
0.26641
0.0618809
-0.957594
0.0466896
1.28915
-0.135952
-0.00982632
0.199274
-0.169234
2.0378
0.0298858
0.431983
0.15515
2.84095
2.57093
0.0671315
-0.642777
-7.717
0.000490184
1.02071
1.26371
1.36271
0.00079391
0.00823133
0.124843
2.18197
0.218764
0.0440164
0.337228
-0.433226
0.246602
0.0319744
1.00639
2.15592
0.0695391
-0.636867
-0.0238271
0.947061
1.7779
-0.342823
0.30692
-0.851875
2.63491
0.0122189
0.0439098
0.956352
0.105913
0.0119508
0.0151565
1.25287
0.00870918
-0.000351924
-0.454734
-4.83549
-0.00238236
0.000258927
2.11444
0.598998
1.6302
-0.0190243
-0.797445
2.77423
-0.0131942
0.183578
0.421611
-0.146348
1.04614
1.07338
1.39003
0.00267896
-0.653891
-0.167498
1.25238
-0.174668
0.0159966
0.0635866
1.2889
-0.23504
0.0251587
0.0295467
0.318746
-0.0618684
0.0223811
0.178728
0.00996493
-0.174276
-0.0266685
0.84077
2.08756
-0.282492
1.46741
1.16477
-0.984758
0.0124054
-0.898493
1.38549
-0.527808
0.131786
0.142133
0.00454664
0.0120702
0.143022
2.80986
0.00725961
1.34739
0.686059
-0.0168562
0.0162144
-0.478642
0.0438593
0.229786
-0.443521
0.046368
0.875835
-0.00777769
-0.148782
1.5564
-0.226047
0.301612
0.22743
-1.04801
0.163928
0.530398
0.146482
0.99687
0.168142
-0.38522
1.97219
1.68762
-0.30992
1.14085
0.0110487
0.51576
1.21434
1.35951
-0.498722
-0.61395
-4.6473
0.0220379
1.27289
-0.502519
1.87276
0.0242425
0.653145
-0.701289
-6.13161
1.21812
-0.138973
1.24515
0.202099
0.245817
0.198003
-0.0408463
-0.567851
1.07076
0.284189
1.23343
0.151618
1.81538
1.98618
0.0324353
1.69918
0.141473
0.0133565
0.478175
1.94023
0.562445
-1.38035
1.38256
0.0314144
0.19308
1.89161
1.2499
1.83729
0.000200252
-0.0663056
0.169998
-1.17402
-0.00249293
-0.143285
1.17605
-0.790645
1.43203
0.0142981
-0.171875
1.13301
1.40071
0.210495
1.33895
0.0500931
-0.771817
-0.181345
0.0472568
-7.03835
0.643111
0.747291
-0.789661
-0.16777
0.275411
-0.00733492
0.879899
1.92047
2.05303
0.497601
0.319588
-0.03133
0.301205
1.17876
0.00717612
1.63262
-0.506673
-0.00680072
-0.202028
-0.152308
0.806708
1.2976
1.64588
1.02064
0.00259498
0.0783298
1.24108
1.26021
1.43741
-0.111328
1.66685
0.611413
1.26698
0.827526
0.161973
0.179861
1.40343
1.21907
-0.745671
1.33177
-0.0622814
-0.010969
0.975936
-0.172593
-0.575398
2.27785
1.68861
0.180019
1.31726
0.482024
0.773201
0.145518
0.177418
-0.00893825
-0.0472762
-0.130937
-1.17907
0.21484
-0.226202
-0.0909779
1.27015
1.92558
0.170446
1.26977
0.236053
3.02699
-1.77671
1.57549
0.167847
-7.06822
-0.581436
3.03644
0.270803
-0.0309126
3.00382
-0.0549345
-4.37385
1.29977
2.9703
0.0389783
2.91667
0.742447
0.177353
-0.687612
2.81002
-0.053898
0.00217059
-8.60979
0.105737
0.13185
1.54994
2.64474
0.00890634
0.39454
1.64304
-0.388623
1.38316
1.00037
0.0686926
-0.677077
-5.88089
2.58806
0.339847
-0.672396
0.29474
0.202576
2.54094
0.961284
0.0217285
-0.686281
2.48912
-0.855444
-0.690302
2.43954
1.57671
-0.692209
-1.74854
-0.703658
0.547013
1.58697
-0.702707
2.37175
1.23936
0.166491
-0.698136
1.86055
0.0770917
0.307847
-0.275535
-0.810814
1.13656
1.24525
-0.640527
1.3266
-0.0815246
-0.674199
-2.37669
2.23688
0.816128
1.06152
-0.416563
-0.729638
-0.739256
-0.751359
-0.765876
-0.782955
-0.782771
-0.136281
-0.791577
-0.812306
1.75928
2.19541
0.808776
0.82374
0.265999
0.81524
-0.815204
2.16739
-0.000494284
-0.806887
1.73388
-2.646
-0.797522
0.0124508
2.07774
1.05106
0.726778
0.299825
1.25771
-1.33271
-0.794827
2.04976
-0.752187
0.1608
0.171955
-0.741934
1.1801
2.01158
-0.0471214
1.72964
0.0443511
0.99628
-0.774616
-0.170037
-0.22752
1.97425
-0.299126
-6.24268
1.93716
-0.245189
-0.765111
-0.193849
-0.728033
1.90719
1.3527
0.411604
1.25361
0.0140874
-0.0198849
0.0159745
-0.736077
-0.808727
1.86326
0.544502
0.061358
1.31039
0.586172
-0.729348
-0.171871
-0.755615
1.83616
-0.719898
1.36378
0.0547433
-0.000820297
-0.808298
1.79862
0.518147
-0.85186
1.75381
-0.89538
-0.0268333
-0.134231
-6.13836
-0.143497
1.72817
-1.05637
1.66738
-1.26131
-0.608298
0.750405
-0.00236566
0.717019
0.0158094
1.62759
-1.61306
0.677033
2.17775
1.28453
-2.01998
-0.558054
1.59749
-0.516935
-0.510357
1.07992
-2.58115
1.22598
1.56759
0.0414818
0.0317972
-2.07103
1.25333
0.823218
0.14425
-0.069689
-3.20651
-6.14008
1.51764
0.214217
-1.39482
0.241981
-1.27721
-2.35389
-0.069796
0.559463
1.48354
1.86779
1.33261
2.04454
1.38313
-4.83658
0.785445
-0.0997588
-0.686657
0.561417
0.0103132
0.109482
0.750059
1.01908
-0.0520663
-5.73288
-0.717311
1.41072
-0.496709
-0.446075
1.66213
1.0755
-0.185999
2.43636
-0.761018
0.342835
0.285126
-6.58653
-0.0487901
-1.38706
1.35782
1.6148
1.43315
0.806203
-7.2766
1.3056
1.24107
1.20893
1.14121
1.09614
1.02327
-5.45677
1.26059
0.970182
1.49665
0.85925
-1.01205
2.00504
-7.748
-0.596928
-1.05538
0.907307
-8.05498
1.85966
-7.934
0.106716
-7.89925
-0.808159
-7.70755
1.2544
-0.757998
-0.405142
-7.48566
-2.73182
-0.467311
1.3205
-1.3167
-6.95135
1.37981
1.32492
-0.414658
-0.725283
1.47287
0.266632
-0.924898
0.0660815
0.509441
1.22459
-2.18382
0.132368
-0.524507
1.43077
-0.675761
-1.38532
-0.731943
0.686803
1.31318
-0.0103562
-3.1152
0.552066
1.52017
1.03041
-4.73683
1.25314
0.526164
1.10189
-0.143119
1.31919
-0.22775
0.00170429
0.0106805
0.548233
-2.963
2.06462
-0.402991
-0.0869183
-0.709802
-6.54344
1.77759
1.42126
1.15259
1.26132
0.274294
0.0737096
0.113878
-1.29783
0.494231
-0.823706
0.115668
0.902468
-4.47394
0.170113
2.61542
0.0212985
0.684005
0.685871
-0.775022
0.121045
0.948546
0.148827
0.576738
1.14565
1.2298
1.3584
1.38768
0.0989456
1.53946
-6.31084
0.148296
0.239786
-0.566999
-0.564381
-0.0888042
1.58219
-0.764057
1.31604
-1.39445
-0.875161
0.299655
-2.01514
0.134255
-0.639766
0.283663
1.43289
-0.130906
-0.199996
0.13408
0.252085
0.118603
-0.468542
-0.0489056
1.36387
0.0707745
-0.418102
0.903612
-0.104652
0.94207
-0.673809
0.16895
0.125016
0.128619
-0.0735396
-0.773153
-0.120659
-0.0257363
0.0819117
0.742909
2.09455
0.828183
-3.71574
1.29538
-0.443189
0.981321
0.025643
0.0679514
1.09187
-0.889001
0.0213093
-1.12679
-0.752679
-0.739222
1.27685
-0.0669405
1.65918
0.142536
0.0241627
2.17567
2.05478
-0.487493
0.469288
-0.341624
-0.387318
1.49762
-0.931149
-1.78635
-2.8167
-0.030367
-3.25746
0.260186
0.734503
0.00772516
0.0146495
-0.124326
1.18976
-0.801478
-3.73537
0.7489
0.501709
2.03476
0.229635
0.470025
2.10183
2.13711
-0.0172231
1.83045
0.963462
1.28331
0.104711
1.88315
1.38255
0.26616
-0.691967
0.170705
0.968776
0.929743
0.0296387
-0.00456831
-0.400577
2.71087
0.990521
0.550535
1.30702
0.726618
-0.558232
1.03413
0.225305
1.79988
-0.164204
-0.323774
0.22932
2.38046
0.101728
1.44201
2.98931
1.33272
1.33891
-0.0636593
0.569261
0.0108455
1.57217
2.53451
-9.04402
0.284534
2.43043
-0.0786142
-1.65813
2.69678
0.418865
-0.912173
0.443195
0.126232
-6.50075
0.248509
0.0201916
-0.039115
0.0875603
0.00812964
-0.778979
-1.24823
2.5285
1.43576
0.580054
1.05104
1.10632
-0.595895
1.26568
-0.722526
2.91894
-0.228445
-3.10223
-0.139396
1.98956
1.29596
1.10684
-0.0665962
-0.562923
-1.64432
-0.237106
-0.0488478
-0.185725
1.08245
0.0972905
0.04361
-0.465755
1.37471
-0.0351378
1.13154
0.0446834
0.330355
0.534441
2.42678
1.10723
-0.58931
1.038
-9.17999
1.5365
-0.417
1.20823
2.29336
-0.227418
0.179007
-0.497067
0.129172
1.26311
-0.639898
0.606693
-0.447137
1.1598
-2.05268
0.108957
1.93944
0.447218
-0.532944
-0.605351
1.43826
1.61515
-0.293085
2.79642
1.31659
0.396723
0.978126
0.121467
1.49373
-0.454756
-0.712822
-0.545653
-0.773698
1.32119
-2.37044
0.410267
-0.469044
2.3113
0.914655
-0.208317
0.0432083
0.126227
-2.42293
0.795328
1.00996
0.944579
-2.68183
0.310848
-0.107967
0.651739
-0.167562
0.792139
0.143897
0.325848
-0.419979
0.669571
0.355859
1.35225
-0.8333
0.0369241
0.252831
1.25072
1.69913
0.272725
-0.63582
-0.476414
-0.175056
0.532341
2.76914
1.38939
-0.682786
0.992933
-0.81537
1.25187
-0.598636
0.830809
2.06865
-0.694646
-0.413357
-1.13824
1.25278
0.345814
0.139076
-0.467346
-2.06064
-0.714158
-0.602362
-1.59503
1.43277
0.928109
-0.0210178
1.41012
-0.79757
1.3786
0.0427231
1.2638
0.205114
0.139932
1.35912
-6.08397
1.33486
-0.961753
-0.711879
2.18867
-0.66193
0.259565
-0.924488
0.216396
0.861088
1.93623
-0.648441
2.832
2.45672
-5.5301
2.00249
-0.219471
1.33361
2.62264
-2.57084
0.0221004
0.649884
1.30203
0.320355
-1.16479
-0.731248
-0.0823495
-1.00573
-0.34481
-0.13293
1.34845
-0.691626
0.00386422
1.26929
1.77013
-4.63316
1.83538
-0.436822
-4.25005
0.184425
0.740445
1.24676
0.545176
1.71586
0.927308
3.03962
1.24212
-6.76149
3.02371
1.97227
2.03049
1.52192
2.9961
2.08139
-1.32687
1.06731
2.94591
0.56194
0.222592
-0.365182
1.21635
-8.66017
0.71597
1.0016
-0.311789
1.99744
1.25655
-4.1865
-0.588062
0.304729
1.93006
1.90117
-0.034691
-0.591592
-0.815869
-7.1109
1.71271
-0.400512
0.0751041
-1.27735
2.79572
2.0957
-1.27752
0.737254
-0.881926
-0.813659
1.7676
-0.0988016
2.61587
1.33503
-1.25586
-1.31239
-0.803531
0.868542
-0.919984
-1.3901
-3.09381
2.54438
-0.677108
-1.3038
-0.249722
-0.00631104
2.5655
-0.130209
-0.687285
-2.42205
0.316722
-2.73618
2.15476
0.50635
0.566536
-0.865818
0.0265036
0.397939
-0.67656
2.51461
-0.823068
-0.477507
1.24683
0.914449
-8.20767
-0.89886
1.28434
-0.68713
-1.00447
2.14204
2.46513
1.90527
-0.0226678
2.40566
2.01831
1.42021
0.660869
-0.692347
1.60906
0.896471
1.53329
1.51198
2.00805
1.62033
-1.1184
-2.885
1.26515
-0.692576
1.06357
-2.13403
-1.05287
-4.04912
1.85325
-0.214717
0.430458
-1.08512
1.71743
-0.530346
-0.706633
-0.309334
1.08628
-3.0279
-1.66749
0.0041322
1.35432
0.328701
-1.2171
-0.430522
-0.728235
0.0460649
-2.3061
-0.0230626
0.154543
0.342538
-5.17093
1.2899
1.31604
-1.32943
-0.455517
-0.500801
-3.39978
0.514412
1.29561
-2.31813
1.04874
1.03818
0.408333
1.45917
0.962431
2.21806
1.55401
2.13039
-0.727918
-0.733073
0.793939
-0.744797
-0.757697
-0.77269
0.613719
-0.785957
-0.790304
-0.000320751
0.351838
-0.813978
0.0988663
0.525006
-0.498362
2.18132
1.12511
2.87958
-0.812026
-0.708164
-7.27872
2.56236
-0.0793469
0.819597
-0.693857
0.504669
-0.804876
-1.27044
-0.578038
0.754641
-0.835786
-0.795082
0.877373
-0.892283
1.27611
-0.451675
0.548239
-2.03126
2.06661
0.0869847
2.22773
0.277119
-0.781348
1.3563
-0.7558
0.527893
-0.476882
-2.13001
-3.80717
-0.0724964
2.03081
1.39514
-0.812083
2.01936
2.03344
-6.14418
-0.00598265
-0.750551
0.368101
1.20496
-0.13525
-0.559571
1.99326
0.245393
-0.150581
0.219123
-0.747472
-9.06818
2.29596
-0.564832
0.918432
-0.221477
0.979769
0.174609
1.73471
1.95546
-0.679496
0.0737243
1.345
-1.19866
0.809276
1.56815
0.105775
1.92301
-3.15985
-1.04534
-1.19054
1.76577
0.0399219
1.83094
-1.04061
1.39013
1.42393
1.14971
-0.720308
-0.730419
1.88342
1.94233
1.32512
-1.27592
-0.438319
-0.049372
-0.620142
-0.625652
2.32158
-0.808856
0.447519
-0.73943
1.8535
-6.16974
-0.378251
0.115462
0.243472
1.3501
-0.430576
-0.759848
2.67319
1.36699
-0.772155
1.81827
0.821834
0.957217
0.101095
-0.36061
-0.552329
1.13433
-0.0429561
1.54196
1.77667
-0.838917
-0.406707
0.974231
0.510051
-4.54546
0.898717
0.2185
0.179592
0.924448
-0.45933
0.958371
1.74272
-0.958987
0.922018
1.78129
1.04855
-0.142338
1.69666
-1.12576
1.27495
-0.00588497
-0.779269
0.0726656
2.01702
-0.156446
1.33639
-0.951404
1.64695
-1.42581
-0.105164
0.927324
2.09941
-1.3342
0.888136
0.422865
-6.11872
1.34411
-1.76113
1.61348
1.87247
1.19946
0.036202
2.14782
-0.299926
1.28356
-0.0895409
-2.28404
-0.661672
1.58416
-3.3
0.565008
0.851699
-2.87459
1.26813
1.54037
-0.153014
1.25902
0.730445
-1.41427
2.24086
-2.82183
-4.37997
-1.22693
1.49968
-1.29008
-0.242539
1.40193
0.768826
0.169514
0.789313
-2.09514
0.519011
-0.66439
-0.0938642
0.616475
2.42744
-0.843675
1.3061
2.67184
0.906991
0.924388
-5.26044
1.27241
-0.696464
0.559548
-1.04776
0.559148
1.76614
-3.39436
-6.20319
1.38472
1.25446
0.89789
0.78094
-0.335733
0.62122
0.379209
0.822192
1.23011
1.3164
-1.40039
0.607755
-6.98945
-0.365984
1.27432
-0.696683
1.33205
1.31211
0.282819
0.245686
2.12736
0.274448
0.15794
1.28478
1.27379
1.03734
1.22776
-0.706252
1.17545
1.11998
0.0541345
1.82573
-7.60361
0.634197
1.05846
1.8998
0.994917
0.621587
-0.535454
1.94843
1.88664
-0.579424
0.801133
0.408872
-7.93384
0.528648
1.05591
0.600673
-7.97077
2.75015
2.02608
-0.703135
0.609805
0.0783342
-0.0182984
-7.84029
0.750697
0.575311
1.65852
-0.416173
-7.61859
1.93659
-0.678345
-1.28128
0.0811417
1.23316
0.610565
1.44574
-0.778134
0.27166
2.38659
2.52598
0.833802
0.09885
-0.679572
3.02105
0.413023
1.98306
1.08267
-0.0998354
0.185843
-1.35265
0.0237507
1.77579
-0.263643
-1.03134
0.474736
0.205298
-0.392172
-0.940752
2.06999
-2.62046
-0.723702
-0.156111
0.184346
0.688884
-0.0598806
-0.168118
0.561518
0.327612
0.272251
0.00555819
2.42618
1.43412
1.50161
1.64224
0.861537
-1.09017
2.38571
-0.283312
-0.886676
0.0824072
1.17508
-3.2939
0.333652
1.82284
-0.0415753
-0.504917
0.0702699
1.32471
0.554451
-0.760451
-1.26993
1.19454
1.33068
2.2402
1.32791
1.5422
1.80039
1.7612
-0.529989
1.64657
-0.293647
0.556508
-8.656
-0.819751
-0.574509
0.59108
-0.111597
1.57711
0.493734
0.161428
-6.42161
-0.509045
0.83968
-0.668189
-0.731258
-1.1244
1.23409
2.09643
-0.749266
0.00546079
-1.65395
-0.747732
-0.362881
-0.52946
0.420134
1.19688
0.279447
-0.696901
-0.81253
-0.649741
1.30867
-0.259346
-0.78915
-0.371616
-0.481187
0.637805
-0.766822
0.673494
0.836081
2.51151
-0.185259
0.143685
1.95225
-0.206623
0.0953634
-3.95432
0.630756
-0.808665
-6.91799
-0.743914
0.0522614
0.134212
0.533603
-0.00404045
-2.70391
0.194779
-1.60311
-0.0700997
-0.133888
0.0956722
-0.945548
1.92445
-0.0199229
1.38809
2.90615
1.98485
2.60749
-0.730397
1.89957
-0.284427
0.200617
-0.673134
-0.434659
-0.163031
0.158326
0.094341
0.159814
0.495282
-0.677425
0.757191
-2.93416
-0.793656
-0.535082
-0.421456
1.49039
0.836426
-7.42086
0.914354
-3.95624
-0.437695
-7.13164
0.755381
-0.296809
-8.17489
-0.523004
-0.390923
1.38847
0.0177368
-5.24736
-0.749414
1.38257
-1.19221
0.303063
0.209
-1.47021
-0.528446
-0.688218
-0.696174
-0.151285
-0.825042
-0.816147
-0.680988
-0.815664
0.0613062
-0.123506
1.43318
-0.80057
-0.204324
0.962215
-0.62227
-0.492176
0.553163
2.84243
-0.0872677
0.114342
-0.300039
-0.0122635
-3.67889
1.47779
-0.497806
-0.967914
1.38032
-0.160953
-1.02436
1.78258
-5.32378
-2.6055
1.97794
0.872807
0.100471
-0.444765
-0.621946
-0.851176
-0.682331
1.29826
1.671
-4.26918
-0.347444
0.192043
-0.674845
0.342029
1.20928
0.111365
1.93915
2.08595
-1.1601
0.641872
-0.684102
-0.65011
-1.67559
-0.223091
1.1405
0.280438
2.63326
-7.84283
-8.00002
2.56932
-3.38374
-6.55347
-0.846843
-1.24924
1.25518
1.20038
-2.35374
-1.63105
0.934192
2.20734
0.0110152
2.25927
-0.664524
-5.93527
-0.00724833
-8.02191
-0.743428
-0.624077
0.290087
-0.426795
-0.837969
1.8069
0.405437
-0.0760458
0.613445
2.89128
-6.78094
-0.914141
-3.54671
-0.357627
2.83579
-4.38766
0.435685
-0.729661
-0.132224
-2.20183
-8.74465
-0.176383
0.118448
-0.0276206
-0.216045
-0.504697
-9.6819
2.3603
-0.787763
-3.92563
2.40468
0.812816
1.94843
-4.10764
1.27849
-0.450837
-0.107503
1.03479
0.833176
2.07775
0.669328
-0.0599758
0.474924
0.137172
-0.736501
-1.51175
0.147549
-0.485263
-6.66152
0.854618
0.431086
0.0500507
0.401165
-0.257882
2.2567
1.29305
1.21042
-0.0148296
-4.23991
1.16343
-3.17086
-0.6655
1.29401
0.116742
-3.56134
-0.00942442
2.12264
-0.88129
2.0392
0.0135222
1.8953
-0.587162
2.09475
0.867518
0.915741
-8.74718
-0.314537
1.39396
0.874915
-0.702295
0.0660278
-6.38728
-0.261604
-1.58485
2.26602
-0.536397
0.363161
-2.40506
0.368739
1.89825
-1.63434
-0.87574
0.531753
2.27681
-0.687011
-0.431754
0.117557
-0.180655
-1.8747
-0.317423
0.990126
-0.790891
0.499388
1.38372
2.16803
0.740973
1.85401
1.62069
-0.00339766
0.112678
-0.349123
2.21589
2.74725
-0.913998
0.240782
-0.689367
-0.78476
-1.83319
0.059126
2.40531
-2.14457
1.4434
-0.56381
0.653359
1.98693
1.42403
-0.891505
-0.160235
0.939757
2.11786
-0.420167
0.317842
0.159432
1.4243
0.71262
-6.5915
-0.741057
-0.628631
-6.46396
1.50163
-0.805574
-3.53948
-0.693614
-7.23567
1.11608
-0.689324
-0.222927
-0.0315667
0.942956
2.32542
-0.245879
-0.531141
-0.0546674
-1.12613
1.5561
2.8569
0.174661
-1.05958
-1.48244
0.0726331
0.290035
-0.0850513
-0.688278
2.7715
0.245953
2.20289
-0.821389
0.367542
0.587257
-1.13853
-0.667746
-0.549685
-3.99714
0.782713
-0.127732
-0.000184749
-6.3149
0.680588
0.223444
-0.70665
-9.8333
0.432669
0.548933
2.12215
-0.359945
0.114069
0.410226
0.226256
0.108437
-0.829777
2.0953
-0.817917
1.30236
1.82256
1.48038
-0.795809
0.302241
1.44853
-0.290325
-0.644036
-0.355035
0.998545
2.01343
2.10645
1.74825
1.39987
-4.14716
-0.910518
0.617302
0.241084
-0.99443
2.47398
1.50932
0.74978
0.928845
0.810169
-6.59553
-0.860335
1.81499
0.421008
0.820188
-0.376469
1.96652
1.20284
-0.510494
2.16869
-0.419555
-1.45088
-0.799637
0.109177
-1.09733
-0.353361
-1.05526
-0.703167
1.25382
-0.756696
0.481599
-1.08453
0.425625
-2.85126
0.0539217
0.110253
2.20415
-0.673712
-0.11049
-1.98135
0.397714
1.78854
0.838269
-0.846567
-0.610179
-6.38023
1.00108
-0.596486
-0.0155205
-2.12258
-0.362002
0.0967968
1.41705
2.97902
2.85793
-0.192235
0.0854403
-6.214
2.19206
1.40876
1.32198
1.61535
-0.0214392
2.31182
0.184646
-0.61519
-0.0706416
-0.375008
1.8682
-1.38899
-2.28206
1.02424
1.12155
-0.626434
1.14033
1.9381
1.12806
1.91991
0.480745
1.38163
1.31168
0.735912
-0.704451
2.26782
-0.405703
0.323305
-3.92291
-0.699554
-0.0147009
0.378749
-0.367079
1.63865
1.9636
0.501983
-1.67044
1.87635
0.621124
-4.15543
0.964206
0.501673
-1.17301
0.287265
1.75197
-0.0567185
-0.355059
0.655005
-3.30302
-0.949135
-0.425215
-0.60614
0.649226
1.34034
2.38176
2.72334
0.0342258
0.0632012
1.09644
-0.586926
-3.35744
2.00818
-2.01415
-8.51044
0.674617
-5.28753
-2.3573
-0.450699
0.840822
-0.811381
0.785678
1.99932
0.297689
-0.518405
-0.123384
2.21611
0.177128
-3.1827
-1.32563
0.955429
-0.896315
1.41425
-0.607016
2.00954
1.32716
0.868116
-0.420899
-0.662428
2.16885
0.895774
-0.11868
-3.25889
-0.808132
-0.683278
1.298
1.13154
0.539739
-0.723306
-0.96568
1.10562
-0.612951
-0.310537
0.0758852
1.10365
2.56176
-0.13056
0.00832944
-0.0006743
-0.0224206
-0.307022
0.979941
0.550207
-0.945449
-0.523286
0.0637954
1.88269
-0.800031
-0.143438
1.34727
1.67039
2.04979
-0.514135
-0.667985
1.08307
0.775337
-0.0242453
-6.26458
-0.927758
-0.809925
1.1693
-0.757138
0.957642
-0.983904
-0.426102
-0.685044
-0.21555
-0.865351
-0.457037
-0.652152
1.94512
1.92603
0.859514
-2.55225
2.21829
1.0271
-0.661892
0.00934648
-1.22945
-0.0258974
-0.535534
-0.692936
-5.01898
1.01218
-2.96702
0.627098
0.00114625
-0.738207
2.23886
1.07081
1.99169
1.85639
-0.552959
-6.4051
-0.0635499
2.5941
-0.10596
0.774873
1.31977
0.0299752
1.59366
0.499185
-0.113786
0.909104
-0.0542888
1.61492
1.90849
1.17101
1.25935
-0.456277
1.16766
0.158313
-0.796845
1.53995
2.11646
0.266297
-0.727244
-0.814436
2.33526
-0.511208
-5.51972
-1.14795
-0.0339216
0.0299643
2.6159
0.349622
0.140225
1.77562
-1.07979
-0.207956
-0.474726
1.46102
0.767954
0.64288
-0.609565
1.70923
-0.0138926
2.56421
2.53439
-0.648213
1.52965
-0.600684
0.371454
-0.710016
1.30577
-0.75055
1.97423
-6.29918
1.68457
0.383773
0.924055
1.84352
-0.640444
0.0977259
-0.0937985
-0.673809
0.100052
-0.774357
-0.71991
-3.0843
-0.539529
2.06781
-0.640111
2.29875
-0.0871357
-0.905457
0.061577
-0.741148
-1.18015
-0.762258
-0.724357
-2.4682
-0.654521
1.9267
-7.13862
2.0281
-0.120165
-10.5805
-0.675412
-2.59963
0.435839
-0.184013
2.22077
0.504149
-0.0303951
0.122083
-10.107
1.08985
-0.419104
0.804926
0.152487
-6.38264
0.0881768
-0.722906
0.168874
-0.463944
0.41315
1.90256
1.93464
-0.218956
-0.080784
1.28117
1.25727
2.29547
2.65292
0.990096
-0.163166
1.25531
0.70369
0.0230562
-0.116832
2.24082
-5.9175
0.454703
-0.772885
0.480628
0.0569036
-0.679484
0.149659
0.401183
0.629473
2.74046
0.115606
1.25333
1.26004
-7.89925
0.434255
-3.32301
1.12655
-7.64313
-1.1994
0.0843495
-0.338289
1.25879
0.543328
2.33715
-0.483319
2.02956
-0.679703
2.61186
1.38829
1.22194
-0.812493
-0.813
-0.031053
-0.0565272
-1.47315
1.77008
1.83066
0.958686
-0.115614
2.60766
0.444568
1.26636
-0.679876
-6.26488
-0.0101935
0.246794
1.51475
-0.579031
-0.541748
-0.690894
-0.04561
2.14171
0.675548
-6.33418
0.32822
-0.0306777
-0.214464
0.222318
0.127411
0.757071
-0.814458
-0.0107373
-0.510504
-0.0761491
-3.90615
-0.683967
-1.04004
-1.39798
-0.0684319
1.41087
-0.0380882
0.589739
-0.626706
1.78564
-1.4721
-0.0149712
-0.962859
-0.536593
-8.18936
2.09682
1.25603
0.0690277
0.209131
1.91628
-0.74604
-0.785327
-0.78153
0.0113258
-0.530187
0.975728
0.825245
-0.0428462
0.243294
2.00197
-0.396918
-0.481105
0.988326
0.61193
-0.764658
1.81725
-6.49813
2.09546
0.772386
1.73701
-0.54203
-0.763552
-3.59898
0.27168
2.04409
-0.578176
1.2135
0.698095
-0.748676
0.170307
-0.568331
2.48554
1.07331
0.224987
0.668504
0.111428
-0.634867
1.89789
-3.8971
0.97007
1.61246
2.70909
1.54049
-1.52391
-0.851832
-0.764835
0.125451
1.89403
-0.337785
0.156496
-2.85571
-7.86346
1.90345
0.226918
-0.763655
0.150172
1.84244
2.58716
0.0663297
0.0342193
1.82614
1.7053
0.888392
2.01042
-0.534456
-0.815107
1.15467
-0.834046
0.535669
-0.0342367
-0.84792
1.96459
0.867285
-0.869553
-6.77481
1.84233
-0.818739
-1.25774
-0.0042095
0.459215
1.28718
2.04791
-2.57453
0.0420348
-0.809003
2.72318
2.88738
1.27695
1.65402
0.0157683
-2.22748
2.5498
0.37972
-0.667782
-0.0136642
0.0294085
-0.744045
-0.67118
-1.99094
0.982472
-0.498559
-0.641273
1.61162
1.52253
-0.811129
-0.683032
-0.407003
0.503423
0.946945
1.95206
-2.95336
0.0442827
-0.413095
0.787795
-6.21164
-0.19547
1.76283
1.58162
-0.02934
1.84438
1.65564
1.22166
0.802757
0.765944
-1.07384
1.4967
0.88518
-0.594127
0.130816
-0.654986
1.81058
-0.806612
0.916285
0.647144
1.30493
-0.665008
1.37318
2.99566
-8.24562
0.588831
0.425791
-3.19451
2.47651
-0.0010302
0.839636
-8.37144
0.0467596
-0.471177
0.388834
0.32036
0.810189
0.776475
-3.3325
-0.151526
-1.42069
1.84986
0.535515
-6.65158
1.57448
1.38061
2.3958
2.9027
0.123087
1.30015
-0.668266
1.04658
-0.0609073
0.77642
2.29683
1.94044
-0.403683
-0.0245888
1.19253
-0.701153
-1.47714
-0.558834
0.190745
-1.82096
2.90032
-0.756269
-0.304881
1.81791
0.594212
0.743921
-0.666319
-0.993036
-0.467911
1.80607
-0.11146
0.141461
0.444779
-6.57577
-0.679382
-0.778634
1.61751
0.976883
1.53752
-1.09519
1.1198
-0.32584
1.55912
-0.810378
1.29021
1.18333
1.93289
-4.24068
-6.31329
0.590593
0.00805379
-3.72483
-0.432414
0.572149
-2.43545
2.35252
-0.784577
-0.685043
1.02074
-3.91677
-1.20669
-0.788596
-0.188116
1.09732
1.08542
-0.68719
0.499761
0.920692
1.20969
0.65482
0.0103024
0.0495489
2.5838
-0.541819
0.522561
0.347297
-0.353871
0.382149
-0.69097
1.51417
1.5443
-0.491246
-1.05687
-0.632581
-0.341524
-1.79655
1.0542
-2.01369
-1.66343
0.409087
0.156001
-0.464371
-0.408982
2.00438
2.68796
-0.802943
1.77756
2.64831
0.717449
-0.68265
-0.74886
-0.155169
-0.642701
-2.0711
-3.59951
-0.608964
0.685068
-0.668008
0.817792
0.518785
1.64708
0.483871
1.67915
-0.680648
0.233189
0.618884
2.46378
0.700681
-6.16044
1.00554
-0.682402
-0.672533
1.9591
1.26798
-0.453349
1.39953
-0.286012
-0.291356
1.6101
-0.328541
-0.777532
-1.43931
1.24983
1.77066
2.63103
0.354635
1.28149
-4.40246
1.14776
-0.410267
-0.360411
1.0256
-0.413961
0.584525
1.74408
1.5136
0.422121
1.82243
-0.848325
1.27968
0.4005
1.17806
-0.255467
1.18017
1.20027
-0.740507
1.76406
-0.526047
-0.381355
0.392173
2.44722
-0.26411
0.745532
0.541564
0.582299
2.33992
0.537348
2.56232
-0.810256
-0.386927
1.64353
0.509739
-0.190766
0.463031
0.391542
-0.408958
1.16415
0.586232
2.4529
1.159
0.636569
)
;

boundaryField
{
    SideWalls
    {
        type            empty;
    }
    Top
    {
        type            zeroGradient;
    }
    Inlet
    {
        type            zeroGradient;
    }
    Bottom
    {
        type            zeroGradient;
    }
    Outlet
    {
        type            fixedValue;
        value           uniform 0;
    }
    Plate
    {
        type            zeroGradient;
    }
}


// ************************************************************************* //
