/*--------------------------------*- C++ -*----------------------------------*\
| =========                 |                                                 |
| \\      /  F ield         | OpenFOAM: The Open Source CFD Toolbox           |
|  \\    /   O peration     | Version:  2306                                  |
|   \\  /    A nd           | Website:  www.openfoam.com                      |
|    \\/     M anipulation  |                                                 |
\*---------------------------------------------------------------------------*/
FoamFile
{
    version     2.0;
    format      ascii;
    arch        "LSB;label=32;scalar=64";
    class       surfaceScalarField;
    location    "1.8";
    object      phi;
}
// * * * * * * * * * * * * * * * * * * * * * * * * * * * * * * * * * * * * * //

dimensions      [0 3 -1 0 0 0 0];

oriented        oriented;

internalField   nonuniform List<scalar> 
7520
(
-0.979139
0.692593
0.286545
-1.40483
-0.131005
1.53583
-0.0508551
-1.62916
1.68002
0.256387
-0.0343621
-0.222025
-0.175297
1.40237
-1.22708
-0.101524
0.109221
-0.00769692
-0.248601
2.07407
-1.82547
-0.0204961
-1.55732
1.57781
-1.24754
1.19668
0.983484
0.155673
-1.13916
-0.228862
-0.119887
0.348749
-0.14216
-1.83581
1.97797
0.743946
-0.0720922
-0.671854
-0.113445
0.156138
-0.0426926
-1.76343
0.979877
0.783551
0.174284
1.58804
-1.76232
-0.176618
-0.0421338
0.218752
-0.0316964
0.305416
-0.273719
0.0645652
0.0491827
-0.113748
0.0728258
-0.249444
-0.492815
-0.213088
0.705903
-1.0617
1.23599
-0.0348312
-0.335854
0.370685
0.182168
-0.168275
-0.0138931
-0.0271132
0.0945904
-0.0674772
0.276301
-0.272359
-0.00394163
0.837451
1.14036
-1.97781
-0.0385112
0.340701
-0.30219
0.026104
0.0384611
0.228986
-0.0365172
-0.192469
-1.06277
1.77362
-0.710854
-0.0553827
-0.0212391
0.0766217
-1.74115
1.95517
-0.214023
-0.337063
0.402541
-0.0654784
-0.124141
-1.25748
1.38162
-0.666552
0.865656
-0.199104
0.299155
-0.589198
0.290043
0.886246
-1.59421
0.707969
0.0938399
-0.350589
0.256749
-0.0516154
-0.117465
0.16908
-0.0307787
0.287166
0.538099
-0.0306582
-0.507441
0.315792
-0.0394908
1.8778
-1.15965
-0.71815
-0.403752
-0.716845
1.1206
-1.52526
1.67562
-0.150357
0.0327295
0.132928
-0.165658
0.306128
-0.09505
-0.211078
-1.35901
0.296246
0.298652
-0.0808915
-0.21776
1.75318
0.170657
-1.92384
-0.708568
0.218712
0.489856
-0.0769763
0.0788214
-0.00184514
0.998617
0.486105
-1.48472
0.016228
-0.117752
-0.783003
0.0830684
0.699935
0.344899
-1.23678
0.891886
-0.0446789
-0.134101
0.17878
-0.13644
0.0810571
-2.31647
1.09885
1.21762
1.75216
-1.17276
-0.579397
-0.0202389
-0.0530715
0.0733104
-1.1016
0.977456
0.922083
-0.178137
0.0087532
-0.0857295
0.00444571
-0.117891
1.09179
-2.1318
1.04001
0.215408
1.53777
-1.27494
1.0101
0.264839
0.34081
-0.257333
-0.0834764
-0.522948
0.867847
0.704883
-0.960228
0.255344
0.365218
-0.100728
-0.26449
0.332318
-0.50017
0.167852
0.839959
-1.66376
0.823801
0.144523
-0.126357
-0.0181661
2.34458
-0.902207
-1.44237
0.465525
-0.800655
0.335131
1.58265
-1.37215
-0.210503
-0.881269
0.0982653
-1.51524
-0.801227
0.691302
0.0705826
-0.761885
0.26872
-0.669181
0.400461
-0.0125144
-0.324548
0.318748
-0.350444
0.248862
-0.0198761
0.03002
-0.0435301
0.0135101
1.27717
1.06741
-1.53268
1.75512
-0.222445
1.16848
0.583679
-1.0206
1.14632
-0.125713
-0.0575581
0.133894
-0.0763358
1.39718
-1.53934
0.26429
0.216845
-0.123005
0.951559
-0.424407
-0.527152
0.00785195
0.0964141
-0.104266
-0.569908
0.368512
0.201396
1.56458
-0.724617
-0.767047
0.663293
0.103754
0.830003
-0.790763
-0.0392401
-0.0994621
0.125293
-0.0258307
0.0748044
-0.123238
0.0484331
2.13019
-1.35677
-0.77342
0.548593
-0.501949
-0.47719
-1.36661
0.843665
-1.82641
1.57781
0.19471
-0.0885382
-0.106172
-0.319359
0.0904968
-0.179914
0.178562
0.00135275
-0.382076
0.455474
-0.073398
1.90705
-1.0208
-0.0151033
0.0464024
-0.0312991
-0.801407
0.308592
0.08905
0.137534
-0.226584
0.00663098
0.684671
-0.745262
0.377252
0.36801
1.17669
-2.05469
0.877999
0.0628007
0.119367
-0.15636
-0.552208
-0.31748
0.0275694
0.289911
1.53612
-0.552639
-0.150433
0.422679
-0.272246
0.144971
-0.0338277
-0.111143
0.118542
-0.113457
-0.00508425
0.676443
-1.78079
1.10434
0.411442
-0.446273
-0.349726
-0.0875094
0.437236
-0.0889109
0.0738076
0.108997
0.275961
-0.384958
0.167145
0.0353828
-0.202527
-0.0700974
0.237242
-0.630758
-0.114504
0.240468
-0.66632
0.425852
-0.683744
1.37291
-0.689167
0.337204
-0.38002
0.0428166
-1.15034
-0.216272
-0.0379994
-0.0567471
0.0947465
1.40232
-0.403702
-0.633349
0.462173
0.171175
-0.00458107
0.148733
-0.144152
0.318713
-0.0833291
-0.235384
0.214945
-1.84411
0.300138
-1.8254
-2.08196
0.896288
1.18567
-0.87844
-0.396503
-1.22015
0.80558
0.414571
1.613
0.218673
-1.83167
0.203224
-0.25484
0.193634
0.499765
-0.693398
-0.43427
-0.717113
1.15138
-0.134688
-1.08546
-1.75392
0.0127706
0.0221735
0.00784649
0.0752178
-0.148706
0.0734884
0.309156
-0.353835
0.670123
0.15988
-0.172308
0.141529
0.0159114
-0.0195355
0.00362415
0.801312
-0.459909
-0.341403
-0.560947
-1.20248
0.23926
-0.67353
0.0768246
-0.619315
0.542491
-0.175813
-0.0936949
0.269508
-1.55647
0.79073
0.765744
0.409362
-0.584659
-0.0682858
0.486355
-0.418069
0.14309
-0.170203
0.551453
-0.253175
-0.298277
0.989445
-0.0378855
0.259343
-0.340235
0.970721
0.185616
-1.15634
0.32062
-0.359131
-0.33617
-1.35287
1.68904
1.27698
0.667465
0.727329
-0.458609
-1.08002
0.413472
-0.68807
0.944314
-0.256244
-0.0133549
-0.0272931
0.0406479
0.27094
-0.331017
0.0600771
-0.825853
0.832484
-0.295806
-0.154419
0.450225
-0.24273
0.0669173
-0.841644
0.918469
0.391522
-0.974715
0.583194
-0.497971
-0.0719367
0.722881
-0.423726
0.156754
-0.012231
0.354729
-0.182323
-0.172406
-0.00446777
-0.377608
-0.530411
-0.250878
0.781289
0.140769
0.224449
-0.785118
-0.878642
-0.863128
-0.693345
-0.0641057
-0.030615
0.0947207
0.99309
-0.516839
-0.476251
-0.879812
0.196068
-1.16059
2.10057
-0.939983
0.38539
0.166063
0.303597
-0.261502
-0.0420956
-0.736804
0.580445
0.648992
-1.05274
1.77285
-0.0676972
-1.70515
-1.60844
2.18875
-0.580311
-0.0302823
0.1055
0.446008
1.19417
-1.64018
0.0375603
-0.188524
0.150963
-0.125322
1.82558
-1.70026
0.00123302
0.126796
-0.128029
-0.903506
1.27224
-0.368733
-0.0593502
-0.677454
0.0633615
-0.593773
0.270797
-0.227558
-1.63765
1.86521
-0.159881
0.209064
-1.74672
0.9616
0.339269
-0.0242138
-0.315055
-0.0470367
0.192007
0.181049
1.53497
-1.71602
-0.554938
-0.601694
1.15663
-0.533459
0.438067
0.0953915
2.27914
-1.46548
-0.813663
0.497745
-1.05268
0.0167811
-0.031467
0.0146859
0.135107
0.731281
-0.866389
0.0668938
-0.0694468
0.00255302
0.840938
0.776977
-1.61792
-0.240722
-0.526326
-0.0692181
0.195542
-0.126324
-0.937451
0.669376
0.268075
-0.0946058
0.0487309
0.0458749
0.818363
0.174727
1.09883
-2.00669
0.907865
-2.49865
1.13637
1.36228
-1.04927
-1.44938
-0.381683
0.437754
-0.0560704
-0.331407
0.325792
0.00561501
0.439648
-1.16768
0.728028
-0.00387569
1.11532
-1.11144
-0.510482
0.581064
1.08651
-0.115787
0.977695
0.989266
-1.96696
-0.217225
0.111561
0.105664
-0.0180923
-0.919359
1.81375
-0.418461
-1.39529
0.152835
-0.115274
0.0199101
-0.27164
0.229506
0.984725
0.829029
0.276783
0.579064
-0.855847
0.386138
-0.0454365
0.0484513
-0.255261
0.20681
-0.286216
0.324675
-0.038459
-1.8363
0.885537
0.950759
-0.150257
-0.181149
0.845182
-0.604714
0.791089
0.00557231
-0.796661
0.151479
0.154649
-1.92876
1.9119
0.01685
1.08517
-0.69365
-0.0183273
-0.0682199
0.0865472
0.00852275
0.0702168
-0.0787396
0.129514
-0.230242
1.72877
-0.636979
0.0570281
-0.189316
0.132288
0.00179544
0.0141159
-0.429981
0.310094
0.469635
-0.894042
-0.710093
0.706218
0.295531
0.0591981
2.07407
-0.0140392
0.00703281
0.00700643
-0.764909
1.23454
-0.233741
0.153948
0.079793
0.175998
-0.101194
0.0290907
0.509008
0.856362
-0.662728
0.447275
-0.391843
-0.0554322
0.336595
-1.2401
-0.121592
0.230589
-1.65404
1.42648
0.0644843
-0.0477032
-1.67453
0.257321
-0.261902
-0.133025
-0.0835792
0.216604
-0.63466
-1.20164
1.17963
0.950553
1.67944
-0.888713
-1.83581
0.344591
-0.495025
-0.129263
-0.167486
0.296749
0.185868
-0.283598
0.0977296
-1.22784
0.510997
-0.20592
-0.279249
0.485169
1.11725
-0.961573
-0.147306
-1.78375
1.93105
0.910491
0.257399
-1.54431
1.28691
0.944147
1.01102
-0.902329
1.38482
-0.938808
-0.0435129
0.40993
-0.366417
-0.885068
0.794268
0.0907998
0.104076
-0.0470478
-0.0892299
0.349609
-0.260379
-0.315874
-0.19475
0.510624
-0.515105
1.79208
-0.284996
-0.401936
0.686932
0.243003
-0.210274
0.231775
-1.25238
-0.181145
0.229596
0.00975915
-1.92927
1.05591
0.873359
0.424547
-0.496639
0.00881863
-0.0660043
0.403208
0.968351
1.31079
1.60527
-0.528385
-1.07688
0.141945
-0.0496705
-0.0922745
0.968
0.61465
-0.197644
0.0683811
0.547222
-1.63993
1.0927
0.135919
-0.192937
0.0570185
0.646194
0.918382
-0.247817
-0.102772
0.762967
-0.486184
-0.559667
1.39712
0.183832
0.0108777
1.91607
-0.739379
0.161795
-0.153943
1.746
-0.140736
0.114835
0.42727
0.0200044
0.0193574
0.321452
-1.65575
-0.915463
1.01919
-0.10373
0.00657197
-0.132929
1.83407
-0.0253214
-1.80875
-0.758398
0.473402
0.245963
0.07275
-0.332072
0.0747389
-0.206149
-1.166
1.55444
-1.54399
-0.0104483
0.0725607
-0.398365
0.325805
-0.976577
1.62277
-0.88939
1.56583
0.13948
-0.0669196
0.763602
-0.38635
1.9631
-0.565917
0.00511949
0.140652
-0.145772
-0.135315
-0.047923
0.183238
0.139582
0.00236256
0.182006
-0.830417
0.147665
0.121082
-0.268747
0.535956
0.836955
-1.75791
1.42174
0.149793
-0.499519
-0.372099
1.07698
-1.11825
1.30954
-0.191291
0.56059
-1.97671
1.85139
2.15771
-0.880542
0.907335
0.970469
-0.082262
0.273932
1.2805
-1.31826
0.224469
1.09379
0.277427
-0.313944
-0.380042
0.229784
-0.243667
0.17357
0.209154
-1.36881
0.741615
-1.11435
0.37273
-1.74234
0.85496
0.887379
-0.486635
-0.473593
0.101486
-0.121725
0.0895834
-0.0857204
0.444504
-0.358783
-0.579437
0.511151
1.19776
0.959947
-1.60844
0.0529418
0.0655999
1.63159
-1.42822
-0.203369
-0.457837
1.65201
-1.24793
2.09333
-0.845401
-0.819943
0.982601
-0.162659
0.277578
-1.37917
0.0858537
0.239938
-0.283458
0.45473
-0.171272
-0.101684
-0.0215535
1.39776
0.51146
-1.23364
0.722182
-0.0607724
-1.54578
1.60655
-0.0593235
-0.120591
0.0576045
-0.475736
0.418131
-0.777113
1.0866
-0.309484
0.221371
-0.154208
-0.0671626
-0.0903608
0.803151
-0.71279
-1.87351
1.74251
1.82175
-0.517991
-1.30375
0.648795
-0.573017
-0.0757783
-0.0144718
0.20034
0.151314
-0.649285
-0.828049
1.66899
0.13062
-0.0415701
1.77285
-0.970266
1.10537
-0.0301834
0.0301834
-0.336598
0.232731
-1.76541
2.2585
-0.948441
-1.31006
-0.47333
0.83661
-0.36328
0.0194752
0.154098
-0.173573
1.04223
-1.12185
0.0796156
-0.472088
-0.337361
0.809449
0.939541
-1.98682
1.04728
-0.0447849
-0.840283
-0.255063
0.119747
-0.291513
-0.496522
0.788036
0.7054
0.510388
-1.21579
-1.29468
-0.408193
0.705485
-0.297292
-0.484379
1.34749
-0.863113
1.49804
-1.31699
-0.0982115
0.245877
-0.104595
-0.191438
0.523755
-1.12827
0.733607
0.394664
-1.50249
1.68922
-0.186733
-0.0192394
0.150043
-0.130804
-1.34736
-0.784437
-0.0096901
0.0357942
-1.70409
0.543501
-0.393752
0.304522
-0.368413
-0.45153
-0.106535
0.242454
-0.671041
1.64874
0.0477829
-0.383637
-1.50891
0.127235
1.38167
0.445939
-0.80823
0.362291
-0.87648
0.18841
0.222551
-0.597783
0.375232
1.60752
-0.212696
-1.39482
-0.0140844
-0.11857
0.132655
-0.324079
0.567218
0.431948
-0.999166
-0.393065
1.37294
0.295592
0.681
0.721318
-0.0286367
1.51572
0.230277
-1.43045
1.36968
-0.204667
-0.039063
0.24373
-0.258596
-0.0541387
0.312734
-1.73738
0.489447
-0.325871
0.295213
-0.63269
-0.282773
0.262972
0.916365
-0.450941
-0.465424
0.210348
0.105443
-1.05327
1.88172
-0.828449
0.200959
-0.248882
-0.0927079
0.363648
0.275901
-0.559359
-0.0773002
-0.243711
0.321011
-0.100088
0.0669314
0.0331571
0.584981
-0.68211
0.0971285
0.00823522
0.055133
-0.0633682
-0.312341
0.347585
-0.0352445
0.287129
-0.678204
0.391074
0.338535
-0.0611081
0.0391803
0.394047
-0.433227
0.98687
-1.01191
-0.965894
-0.60707
-0.0143147
0.621385
0.164198
0.0448659
-0.307885
-0.225574
1.03084
-0.114474
-0.0259984
-1.21952
1.24552
-0.323569
0.00608904
-0.115157
-0.515601
-0.416215
0.325854
0.189895
-0.188662
-1.29333
-0.0402899
-0.0908563
0.131146
1.21166
-1.02604
1.04602
0.775725
0.800028
-0.00893963
-0.227041
-1.64795
1.87499
0.418093
0.672591
-1.09068
-0.322691
-0.986737
0.502464
0.484273
0.839964
-0.394025
-0.0935899
-0.0886946
0.182284
2.23298
-1.24612
-0.986857
0.145595
-0.334517
0.188922
0.422984
0.664822
-1.08781
0.079505
0.109809
-0.189314
1.626
0.0412109
-1.66721
0.285998
0.0194177
-0.273651
0.321434
0.0792736
0.0389264
-0.1182
0.388782
-0.0700337
0.0292256
0.0344743
-0.0636999
-0.756754
-0.439831
1.19659
1.19061
0.416908
1.07255
-1.09855
0.216825
-0.993938
-1.85638
1.70907
-0.180422
0.146595
0.333567
-0.615828
0.282261
0.845386
0.834057
1.15316
-1.31836
0.165203
1.24346
-0.562461
-0.159809
0.110138
-0.0538327
0.191268
-0.137436
-1.42927
-0.257049
1.68632
-0.374059
0.462324
-0.0882651
-0.00210702
-0.0280764
0.516063
0.88631
-0.15594
-0.0612855
1.14353
-2.10969
0.966165
-0.978576
0.0953111
0.883265
1.72743
-0.628605
-0.00749075
0.444156
-1.16127
-0.286151
0.00533024
0.280821
0.0227941
-0.215263
-0.655495
1.16695
0.0205169
0.0463769
0.251955
0.0889498
-0.340905
0.115162
0.927072
-0.110922
-0.555398
-0.337745
-0.423316
0.450886
0.56302
-0.931433
-0.0128046
0.059207
-0.047973
0.277479
-1.89937
0.887453
0.0242218
0.203826
-0.228048
0.135124
-0.100317
-0.0348068
0.263163
0.852154
-0.0619901
0.00891858
-0.0167902
-1.57704
1.59383
-0.140925
-0.458231
0.599156
-0.0525442
0.0772153
-0.024671
-0.338821
1.08044
-0.218085
-0.305452
0.523538
-0.298815
0.521366
-0.750516
1.71157
-0.961055
-0.872128
0.545903
0.326226
1.68301
-0.0700107
-0.29461
-0.0620859
0.356696
0.357476
-0.0815145
-0.192854
-0.287232
0.999086
0.756034
0.490669
-1.30088
0.810213
-0.811084
-0.190042
1.00113
0.108644
-0.31161
0.202966
0.117345
0.27241
-0.389755
0.520877
0.125705
-0.646582
0.0430605
-0.224205
-0.911163
0.0963154
-0.00172498
0.135418
0.0941779
-0.135145
0.417097
-0.281952
-0.251958
0.292031
-0.0400724
-0.0699776
-0.0350183
0.104996
0.776176
-0.414637
-0.0350494
-0.0084807
-0.354368
-0.396171
0.750539
1.21767
-0.954507
-0.03431
-0.349226
0.383536
-0.314014
-0.476749
-1.29954
1.51495
0.662643
-0.162878
-1.23062
0.785903
0.444712
0.265552
-0.111415
-0.154137
1.78517
-1.78517
-1.6724
0.157159
-0.911931
-0.155768
-0.693049
0.848817
0.535544
-0.56154
0.0259952
0.0812909
0.142453
-0.20066
0.0582074
-0.0440634
0.242607
-0.198544
-0.559001
1.17807
-0.619073
-0.26808
-0.0610299
0.32911
0.806421
-0.528844
-1.09126
0.280171
-0.0440775
-0.238163
0.282241
-0.0119822
-1.30628
-0.696252
-1.11349
0.417238
0.862795
-0.0470257
0.238503
-0.191477
-0.291893
0.356715
-0.0648217
-0.258695
0.189477
-0.0897194
-0.227531
0.0945064
0.0408637
-0.0424163
-0.132263
0.17468
0.158745
0.0325237
-0.322473
0.361653
0.1734
-0.221844
0.0484442
0.03939
0.0409433
-0.0803334
-0.0497283
0.204975
-0.155247
-0.0718571
0.191758
-0.119901
-0.784195
1.15693
0.714111
-1.04676
0.332646
-0.176264
-0.0833883
0.259652
-0.0255401
-1.91574
1.94128
0.848325
-0.62303
-0.225296
0.346377
-0.08502
-0.198578
0.248002
-0.110468
-0.0630307
0.208626
0.358349
-0.897589
0.53924
-0.484755
-1.444
-0.27283
0.936495
-0.663665
0.0428381
-0.131749
0.43142
-0.29042
-0.141
0.160627
-0.514996
-0.573863
-0.32458
0.377995
-0.0534153
-0.554534
0.348613
-0.103136
0.56531
0.14041
-0.131887
-1.38189
0.025126
-0.294075
0.569975
-0.0318033
-0.22326
-0.207782
0.0703462
0.2704
-0.317426
-0.0875936
-1.13847
0.354272
1.94601
-0.120432
-1.63765
2.18416
-1.05747
-1.12669
-0.141407
0.509918
-0.144163
-0.737106
0.528906
-0.533374
-0.266279
-0.0198719
-0.578842
-0.48807
1.06691
-0.0591658
-0.110943
0.170109
0.0325829
-0.911023
-1.80054
-0.343339
-0.338084
0.681423
0.290323
-0.431248
-0.265554
-0.0415077
0.307062
0.49841
-0.0869678
0.192542
0.0730106
1.96387
-1.02432
-0.984287
0.405445
-0.268221
-0.0538407
0.322062
-0.0480511
-0.00869869
-1.11315
-0.311481
-0.0729553
0.384437
-0.0974622
-0.0389776
0.907508
-1.21782
0.310309
-0.649341
-0.0402979
1.82547
0.31023
-0.706401
1.15472
-2.03198
0.87726
-1.96236
1.21313
0.749221
0.177013
0.111334
-0.288347
0.156896
1.09557
0.0569125
0.82283
-0.879743
-0.0338664
-0.15545
0.165206
0.48359
-0.0425568
-0.328548
0.371105
1.23406
-1.4611
0.451327
-0.183691
0.227483
-0.0437913
-1.52308
-0.149325
-0.653612
-0.883329
0.276259
0.123971
0.00366886
-0.12764
-0.665966
0.347766
0.318201
-0.410933
0.36742
-1.11153
-0.588163
1.69969
-0.127913
-0.108273
0.127749
0.47027
-0.532175
0.0619048
-0.858253
1.71321
-0.183588
-0.870925
0.397595
0.58036
0.264821
0.72251
-1.28151
0.0856533
-0.143165
0.0575115
1.29936
-0.198354
-1.02872
-0.363265
-0.0824449
0.445709
-0.0562295
0.229799
-0.0553911
0.275156
-0.219765
-0.283186
-0.0672581
0.156148
0.700214
-0.382611
0.328783
-0.0694397
-0.419321
0.353317
-0.17739
0.0262683
0.151122
0.275729
-0.103874
-0.171855
-0.165385
-0.0431145
0.208499
-0.208969
-0.0318098
0.240779
0.0520548
-0.163198
-0.269226
-0.129139
0.0837923
1.20296
0.320564
-0.128818
-0.191746
0.333758
-0.0913346
-0.242423
-0.162018
0.427147
-0.265129
-0.361775
0.284974
-0.693166
0.00970186
0.38689
-0.0777349
0.196615
-0.0535252
-0.149065
-0.0394582
1.80817
-1.03119
0.723477
-0.956187
0.23271
-1.56455
0.265015
-0.0642191
-0.154606
0.218825
-0.0495009
-0.0451049
-0.821353
-1.141
0.383455
-0.0628359
-0.787381
-0.852546
0.344216
-0.0922607
0.0167476
0.453523
1.10898
-0.793503
-0.832819
1.32349
-1.60482
0.175548
0.369606
-0.177611
-0.191995
-0.131388
-0.199447
-0.409278
0.608724
0.164071
-0.0317832
-0.680821
-0.64089
1.32171
-0.917728
-0.984194
1.90192
0.597914
0.456784
-1.0547
-0.0123263
-0.283231
-0.0413487
-0.272083
-0.287275
-0.19789
-0.106417
0.304307
0.790981
0.360402
0.292472
0.138947
-0.251385
-0.637414
0.0349369
-0.0489761
-0.367902
1.32397
-0.956065
-0.153801
-0.242857
-1.60877
-0.0570017
0.0263867
-0.560695
-0.132958
-0.252001
-0.817947
0.213233
-0.183748
-0.941602
-0.324786
1.26639
-0.279733
0.808638
0.494508
0.342102
-0.317728
-0.991089
-0.908279
-1.26986
1.34947
0.0865763
0.0742446
0.0322276
-0.0941404
0.0619128
-0.665823
0.606087
0.0597361
0.744751
-0.804102
0.30215
-0.277929
-1.14505
-0.0855639
0.156793
-0.177582
0.0207893
0.610621
-0.0256398
-1.40858
-0.0291128
1.4377
0.0438546
0.11489
0.0525178
0.331975
-0.384493
-0.265984
0.442843
0.10575
0.0950992
0.0350331
-0.130132
-1.26578
0.847314
0.154657
0.00941398
-0.197091
-0.137427
-0.353001
-0.0252748
0.0124702
-0.126601
-0.344341
-0.0596122
-0.0585878
0.426926
1.48498
-0.747041
1.65438
0.996932
0.49583
-0.83319
-0.0307464
-1.37784
0.629521
-0.347611
0.408362
-0.0607502
-0.0901496
-0.0233078
-0.0379694
0.0271348
-0.0627434
0.143801
-0.101508
1.51717
-1.41566
0.154851
-0.832305
-0.129886
-0.280732
-0.0731026
-0.126041
-0.303414
0.381888
-0.0784734
0.0134777
-1.47554
1.46206
0.649253
0.198328
0.337216
-1.13281
-0.580691
0.999675
-0.418984
0.0968664
0.0509887
-0.151305
-0.597911
0.535535
0.062376
0.379954
-0.508781
0.128827
-0.186314
-0.567715
0.754029
-0.295768
-0.0633623
-1.94121
0.0948929
0.206353
-0.201234
0.0499222
0.184593
-0.0299357
0.367351
-0.705435
2.16856
-0.922645
-1.24592
-0.0269171
0.456288
0.346003
-0.293486
0.24532
0.132675
-0.2021
-0.00897867
-0.3983
0.385785
-0.481054
0.783326
-0.969641
0.163186
-0.10758
-0.0556061
-0.391047
-1.76142
0.890441
0.870984
-1.72183
1.69629
-1.10582
0.515096
0.590722
-0.810945
-0.0226608
0.833606
0.376574
0.654265
0.119903
0.213484
0.849182
0.788836
0.0416566
-0.277818
-0.0126017
0.99152
1.17704
-0.263309
0.00804768
1.3537
-1.13503
-0.053297
-1.40004
1.45334
1.11268
0.0902798
-0.311913
-0.0818384
-0.147825
0.1004
-0.281278
-0.14624
-0.233802
0.172343
-1.08391
0.911566
-0.206614
2.24657
-1.42035
-0.826215
0.00220536
0.152996
0.00110151
0.705374
0.12711
1.61508
-1.45793
0.999501
-1.91723
-1.22637
0.00682053
1.21955
-0.847858
0.252599
0.595259
0.256056
-0.161878
1.95336
0.0430349
-1.9964
-1.09034
1.61872
-0.528382
0.0523421
0.239689
-1.22388
0.739502
0.00889861
0.0555856
-1.35309
0.234839
0.010181
-0.0310386
0.0208576
-0.159839
0.222343
-0.0625048
0.0703488
-0.447761
0.377412
0.602133
0.417061
-0.5219
-0.144067
0.0144375
0.866908
-0.911692
-0.0774802
-0.0712261
-0.275094
0.0573339
0.0834248
0.719038
-0.802463
0.0462411
0.534446
-0.580688
0.0691589
-0.473127
0.403968
-0.55167
-1.43295
0.578078
0.854876
-0.0297929
0.84245
0.279715
-1.12216
-0.615367
0.246425
-0.270904
0.0244789
0.1892
-0.0382363
-0.270534
0.00497931
-0.309729
-0.788799
0.126071
-0.441535
0.844728
-0.403192
-0.813635
-0.26639
1.88369
-0.827783
-0.104266
0.201555
-1.28659
-0.0231597
-1.29314
1.3163
0.106534
-0.0327788
-0.0737551
0.774347
-0.515568
-0.258779
0.171903
-0.02317
0.191837
-1.19181
0.378177
-0.692605
1.19507
-0.0697584
-0.360223
0.316642
0.250907
0.0248214
0.855605
-0.382203
0.0604051
0.684346
-0.93445
0.382242
-1.89815
0.913959
1.47917
-1.46569
-1.60816
1.50665
0.162992
-1.43078
0.222799
1.20798
0.606697
0.329798
0.035844
-0.901206
0.745438
-0.148701
-0.128199
0.2769
-1.14264
0.35227
0.790368
0.350916
0.583213
-0.934129
-0.0218563
-1.248
0.779599
0.0524515
-0.83205
0.264761
0.606932
-0.979031
0.0984402
-0.0155721
0.0643031
1.59063
-1.54942
-0.0970398
-0.985593
-0.447361
0.639712
-0.0171726
-1.2092
1.14655
-0.304101
-1.85139
0.0155822
-0.181317
-0.975021
0.352275
0.238416
1.85638
0.217691
0.0565026
-1.16965
0.155602
-0.120219
0.137324
-0.453198
0.328369
-0.598444
0.270075
-0.147712
0.00851324
0.139199
0.312841
-0.374927
-0.0397747
-0.246441
-1.12409
1.17717
-0.0530746
-0.733098
0.821987
-1.37885
0.556862
-0.832104
-0.0684838
0.114359
-1.47836
0.103191
1.37517
-0.39139
0.95198
-0.682369
0.714951
0.157587
0.937414
0.639923
-0.977668
-0.825996
-0.201028
1.02702
-0.818843
-1.23232
0.551497
-0.137393
0.141116
-0.00372309
0.0790954
-0.103766
0.797411
-1.45291
0.0336184
-0.551194
0.517576
-0.326188
0.242267
0.0839206
-1.03214
0.464425
0.040783
0.0275625
-0.249588
0.431879
1.82584
0.127524
-0.779401
0.836314
-0.293917
0.0968257
-0.828616
1.46686
-0.638242
-0.0863204
0.0709964
0.0857574
0.392155
-0.0214696
0.888293
1.21228
0.534204
-0.920554
0.340546
-1.80602
-0.185626
0.145336
0.0536044
-1.07965
-0.268733
-0.949083
-0.230767
0.0584589
0.814157
-0.382278
-0.69171
-0.0455186
0.745733
0.203204
-1.75495
0.364585
1.39036
-0.0451853
0.488028
0.387259
-1.34935
-0.259092
0.783912
-0.34684
-0.437073
0.912752
-0.309135
-0.603616
-0.196841
0.0426332
0.686829
-0.6633
-0.0235295
-1.70222
0.765002
0.937222
0.955621
0.75595
0.000809979
0.123161
0.810776
-0.525803
-1.45813
0.571098
0.88703
-1.86521
1.60816
0.560996
0.810987
-1.37198
0.849501
-0.751236
1.7193
-0.758495
-0.960805
-1.09473
0.202404
-0.0922659
0.0643517
-0.105044
0.216606
-0.0514562
0.143345
-0.0918884
-0.275969
-0.224201
-1.32448
-0.23284
0.0661602
-0.108717
-0.0379596
-0.0314872
1.04891
-0.381222
-0.667685
0.82545
-0.477685
-0.154695
0.140224
-0.100467
1.25362
0.108805
-0.00227135
-0.253753
-0.778387
-1.49128
0.549682
-0.0583484
-0.109926
0.130543
0.0791209
0.131197
-0.0989697
-0.515466
-1.02509
0.11994
-0.093484
-0.026456
0.203423
-0.590977
-0.925423
1.5164
0.166559
0.0180342
0.0382369
1.02892
0.974253
-2.00317
-0.491403
1.08932
0.235537
-0.0940074
0.433541
-1.02884
-0.632387
1.66123
-0.946802
-1.03621
0.548144
0.30215
-0.115496
-0.186654
0.27829
-0.795129
-0.209194
1.22255
-0.400563
-0.198463
0.115134
-0.278662
-0.768095
0.0350609
1.89876
-1.70907
-0.18969
-0.885428
-0.605856
0.193616
0.186685
0.0699743
-1.04348
-0.244401
1.28788
0.268587
0.453622
-0.0736682
-1.60779
-2.00492
0.795263
1.20966
-0.181694
-0.00554416
0.187238
0.988856
-0.581705
-0.40715
0.122734
-0.185478
0.0857875
0.0927741
0.906682
-2.01821
0.805249
0.107503
-0.386375
-0.597912
-0.141249
0.0303056
0.169041
0.757105
-1.34808
0.0190392
0.390891
-0.502952
0.311515
-0.118603
-0.0420442
0.160647
0.725582
0.993719
0.544623
0.0516396
0.288393
-0.428596
0.140203
1.97671
-1.61212
0.231365
-0.569154
0.16112
0.02808
0.142311
0.0232789
0.151401
0.00434965
-0.141742
0.60201
0.0497428
-1.69605
-0.0226795
-0.159014
-0.0821778
-0.0119626
1.04112
-0.546607
0.888871
-0.573379
-0.315493
0.0044522
0.120841
0.00353866
0.00664233
0.403916
-0.0883012
0.121458
-0.381565
-0.300545
-2.00473
0.902911
1.10181
0.136092
-0.00219848
-0.0245863
0.114658
0.134205
-0.279487
-0.318297
0.431581
-1.46043
-0.111915
-0.95333
1.98225
0.627933
-0.154325
-0.473607
-0.780844
-0.4261
-0.13544
0.10157
-1.11727
0.428149
-0.720207
0.292058
-0.327972
0.283648
0.0443241
-0.0632107
1.12756
0.965766
-1.63745
1.61212
-1.45204
0.848485
0.603553
1.02444
-1.97777
2.04625
-1.0779
-1.00968
-0.950234
-0.101598
0.546102
-0.125386
-0.35035
-1.51335
0.0825765
-0.0229508
-1.29541
1.2556
-2.03353
0.777931
-0.0576182
0.260843
-0.542798
0.628298
-0.302072
0.895557
1.35101
-1.49602
0.6674
-0.113899
-0.832903
-1.34815
0.305103
-0.0214549
1.72183
-1.79184
-0.0901095
-1.31514
0.042287
0.818372
-0.251154
-1.47063
1.64489
-0.174262
0.325392
1.61589
0.461011
-0.0648161
-0.396194
1.90097
-0.901469
0.251922
0.136502
0.634009
-0.749166
0.108946
0.141961
0.0937343
0.867084
-0.960818
-0.721229
-0.434081
1.0499
-1.06113
0.0112358
-0.383305
0.31035
-1.65005
0.875095
0.774951
0.629949
0.144397
-0.746604
0.125768
0.854773
-0.589952
0.309487
-0.581571
0.183303
-0.236828
-0.666151
0.466705
-0.996068
-0.913695
1.90976
0.272825
-0.304635
0.300583
-0.370617
1.02595
-0.628354
0.0692128
0.989715
-1.73676
0.112311
0.280907
0.245629
-1.20014
0.000380758
0.692213
0.10186
0.113002
-0.609524
-1.36455
0.53173
0.119925
-0.512547
0.392622
0.0735861
-0.333965
1.07421
1.10995
1.29402
-0.983716
-0.0297027
0.150858
0.173817
0.478162
0.30319
-0.370448
-0.729603
-0.952878
1.97732
0.167218
-0.197011
-0.812976
-1.05464
1.86761
-1.5829
0.492562
-0.0770716
-0.445689
0.18056
-1.40867
-0.100242
-0.228772
0.656921
-1.05724
-0.947484
1.89876
0.676848
-1.37019
1.06975
-0.652692
-0.259389
-0.386253
0.344905
-0.272551
0.238241
-1.64987
0.247229
-0.827919
1.02518
-1.97806
-0.810406
0.291526
-0.373041
-0.0274629
-1.44317
0.849459
-0.636226
1.38284
0.921233
-1.68068
0.75945
1.72955
-0.964548
1.97797
-0.949845
-0.987876
1.93772
0.427991
1.28658
-1.01799
-0.795882
-1.20904
-0.891014
-0.561024
0.472754
-0.735637
1.65854
-0.922899
-0.128541
1.3665
-1.23796
-1.01275
-0.943892
1.95664
0.898038
0.151861
0.288876
0.392865
-0.990761
0.310593
0.680168
0.0517063
-0.300588
0.513838
-1.39927
-0.837539
-0.407221
-0.258602
0.260033
-0.392991
-0.829457
1.0848
-1.96147
0.954885
1.00659
-0.0694656
-1.61128
1.68075
0.112331
-0.281863
0.0833186
0.575509
-1.84552
1.84552
-0.0604886
-0.0034327
0.0639213
-0.596893
1.10728
0.301014
0.00408883
-0.820456
-0.669146
1.02955
-1.63745
-0.0541311
-1.29068
0.320412
1.24247
-1.25445
-1.20252
0.159046
0.272249
-0.364717
0.092468
0.166434
0.520396
-0.161481
0.013769
-0.954083
-1.16276
0.141239
1.02152
-1.39578
-0.0663247
-0.360352
-1.0185
-0.0447244
0.139824
0.176213
-0.14709
0.39241
-0.11087
0.0512573
0.38049
-0.295952
-0.370199
-0.743105
1.57417
-0.831067
0.366841
0.21433
-0.217055
0.42609
-0.209035
-0.398294
0.203543
0.442275
-0.573045
0.13077
-0.901267
1.49884
-0.937842
-1.46772
-1.65839
0.18285
-1.08937
0.0570141
0.991959
1.24102
0.0541103
-1.02913
1.10738
-0.373772
-0.393613
0.323855
0.650317
0.611253
0.238248
1.97299
-0.947815
-1.00317
-0.901266
1.90444
1.15475
-0.0206343
-1.13411
-0.195966
0.104632
-0.213625
0.194385
0.131637
1.3457
-1.47734
-1.47919
1.46569
0.0135003
1.47919
-1.50665
0.229053
-0.286671
-0.490288
1.09722
0.0948246
-0.155755
-0.00744236
-1.66538
0.121074
1.73593
-0.814699
-0.435603
-0.110413
0.136682
-0.453234
1.06348
0.276305
-0.0873832
0.703223
-0.640847
0.192254
-0.259417
-0.600291
-0.06889
0.159987
-2.04773
0.501951
-0.0752856
0.455932
-0.380647
-1.08018
-0.953356
0.0936105
0.470386
0.614785
-0.890176
0.110775
-0.114488
-0.358639
0.110203
-1.99548
0.985809
0.0933967
-0.0835598
-0.233866
-0.0476124
-0.0789882
0.0984175
-1.401
0.852931
-1.55539
0.702462
0.0649448
0.265275
-0.330219
-0.60686
0.439374
-1.00911
1.32952
0.574214
0.515104
1.3695
-1.34935
0.200705
0.0452581
1.66209
-1.87093
0.208837
-0.318803
-0.213372
-0.851782
0.0197315
0.390187
-0.472632
-0.191811
0.262157
-0.924918
-0.192466
-0.0176387
0.210104
-1.48567
0.242838
1.24283
-0.217196
0.261051
-0.0421231
-0.174954
0.217077
1.17697
-1.19414
0.220676
-0.212162
0.665906
0.182911
0.220264
-0.199475
-0.166379
0.0346297
0.242575
0.632733
-0.875308
-0.454386
0.00662547
-0.960919
-1.03617
1.99708
0.167931
-0.725231
0.957942
-0.80466
1.69629
-0.182111
0.0507232
0.0658644
0.0538669
0.00532265
1.98926
-0.997742
-1.22555
0.818845
-0.571617
-0.533383
1.42041
-0.178485
0.0901838
0.0902376
-0.0923446
-0.541011
0.349265
-0.316707
0.21029
-0.167594
-0.451773
0.304683
1.04928
0.1471
-0.194712
0.267663
-0.02916
0.0431327
-0.455928
0.222126
0.508891
-0.804844
0.225008
-0.258788
0.0337801
0.142345
-0.175124
0.342198
0.776058
-1.11826
-0.272088
0.14389
0.374687
-0.65442
1.31813
-0.782172
0.983526
0.864267
0.0586427
0.55814
-1.02123
0.367867
-0.454834
-0.252999
1.02579
0.938076
-1.6034
1.6034
1.60068
-0.884632
1.11641
-0.0454911
1.5131
-1.46761
0.907149
1.0373
0.926588
-1.92266
0.125055
-1.0947
-1.35403
-0.207771
-1.47676
1.68453
-0.424644
-0.12989
0.0839763
0.711458
0.191906
-0.29578
-0.972519
1.79522
-0.822705
-0.1845
0.293447
-0.00308232
0.333563
0.506401
2.19842
-0.823381
-1.37504
1.57077
-1.46758
1.10353
0.206008
0.144153
-0.00467226
-0.0220406
1.55701
0.569871
1.02251
0.859216
0.0238314
0.211974
-0.235806
-0.375162
0.237736
0.195765
-0.209764
0.013999
0.174782
-0.236379
0.0615971
0.458564
-0.444127
0.352173
-0.505973
-0.156605
0.501196
0.0377133
0.0936264
-0.0123354
-0.440305
0.644309
-0.204004
0.111217
-0.104897
-0.00632012
1.79184
-1.44093
-0.433577
0.209342
0.224235
-1.59063
-0.36032
0.282585
-1.00055
1.9077
0.275232
-0.348334
1.93393
-1.00734
0.263127
-0.332566
-0.172842
-0.636929
-1.31499
-0.122362
1.56316
1.29257
-1.04695
-0.109227
0.172028
-0.0644319
-1.47956
-0.313911
0.309969
0.261908
-0.391795
-0.384206
0.305733
-0.1043
-1.34775
1.29445
-1.48736
1.47692
-1.1915
-0.501765
0.446333
0.685319
0.405518
-0.41812
-0.0759569
0.0680755
0.366542
-0.434617
-0.42225
1.40697
-0.989581
-0.971664
-1.93802
-0.0959164
0.0919088
0.00400755
0.00564773
1.41767
-1.42332
0.844506
-0.718435
0.33959
-0.400341
1.61602
-0.904563
0.856882
0.858207
-1.71509
0.248267
0.0280385
0.691968
-0.23568
0.199716
-0.851802
0.0194966
-1.50199
0.576567
-0.384798
0.269303
0.0772109
0.114626
0.32136
-0.384196
-1.11605
1.46027
-0.492275
0.0834506
0.0564901
0.973745
0.562378
-0.236127
0.52452
1.76256
-1.51973
0.316687
-0.380049
0.88781
-0.72793
-0.0455748
-0.866118
-0.163399
0.0434982
1.47917
-0.0772304
0.00975323
-0.0668952
0.0320884
0.0284655
-0.297691
0.106036
-0.14816
-0.568111
1.45855
-1.2485
1.20301
-0.50812
1.05626
-0.935685
0.0977344
0.375644
-0.0734933
0.0740022
0.617628
0.760818
-1.37845
-0.648866
0.744177
-0.169108
-0.973529
-0.747661
-0.0259518
-0.198588
-0.0159975
0.214585
1.44867
0.17867
-0.204501
-0.116516
-1.7244
1.65493
-0.465037
-0.0379154
1.15634
-0.220247
-0.0568184
0.277065
0.880072
-0.752962
-0.956565
1.96034
-1.00378
-0.988962
1.83917
-0.850212
-0.359974
0.175474
-0.0716517
-0.138853
-0.0386475
0.1775
0.8978
-0.679525
1.57938
-0.899854
-0.307444
0.108866
-1.80194
-1.94519
1.00141
0.94378
-1.63332
-0.361007
-0.459449
0.981193
-1.93104
0.223242
-1.00163
0.956427
-1.70409
0.34318
0.501548
0.913402
-0.920893
-0.0176249
-0.109845
0.12747
-0.190733
0.208306
-0.207204
0.0196651
-1.5702
1.55053
-0.148039
-0.431397
0.0992085
0.742274
-0.841483
1.27477
-0.995057
0.648292
-1.44649
0.798199
0.263923
-0.106335
1.751
-0.840506
0.0501517
-0.273411
0.501419
-0.842327
0.0382253
0.135724
0.266817
0.583059
-0.0604766
-0.522582
0.953687
-0.774628
-0.179059
-0.337677
0.234906
0.0315647
0.465754
0.597727
1.60837
-0.757907
0.857115
1.002
-0.749402
-1.9117
0.923822
0.936942
-1.94851
1.01157
-0.692947
-0.755373
1.44832
1.06657
0.817121
-1.56596
1.87093
-0.304973
-1.45349
1.24079
0.230511
0.603369
-0.83388
-0.0452314
-0.618324
1.62818
-1.00986
-1.56596
1.61508
0.388376
-0.0768618
-0.16333
-1.03681
0.261532
-0.925197
0.550827
-1.87255
1.00658
0.865973
-0.335583
0.2482
-0.908432
0.221909
0.686523
0.819754
-0.476574
-1.01941
-0.946338
1.94284
-1.0059
1.20488
-0.160492
0.17672
1.05847
-0.626519
-0.686017
1.75343
1.53059
-1.51093
1.3937
-0.79015
1.56824
-1.60024
0.0320017
-0.0911564
0.00497087
0.0861855
-0.821242
0.0881438
-0.985923
1.87422
0.536732
-0.210927
0.539347
0.123296
-0.627935
1.57208
0.786483
0.943068
0.7321
-1.42505
-0.952445
-0.99274
-1.75791
-1.70461
-0.871402
-1.00115
1.40212
-0.809285
-0.592831
0.953582
0.0196717
-1.74407
1.44093
-0.398254
0.316415
0.336991
-0.268916
1.03399
0.43287
0.398774
0.0597899
1.64107
0.0138597
-0.143997
1.96983
0.592587
0.754905
0.334096
0.959929
0.675796
0.410712
0.872328
0.883798
-1.75613
-0.0648325
-1.67783
0.942195
0.302859
0.939063
-0.196789
-0.298986
0.481311
-0.4596
0.241514
0.497165
-0.329312
0.815021
0.920911
1.69585
-1.50654
-0.189312
-0.18473
0.18908
0.544399
-0.17905
0.0401975
-0.00701362
-0.196736
0.461593
-0.615918
-1.73054
0.915836
-0.330252
-0.285577
0.291637
0.029797
0.345132
-1.36593
-0.0984406
0.340708
-0.0951764
-0.282431
0.105979
0.00319574
-0.109175
-0.0019618
0.561633
0.00738922
-0.0756091
-0.327927
-0.993622
-1.08145
0.289711
0.791736
1.74414
-0.984372
-0.759769
-0.659815
1.65422
-0.994403
0.7864
-0.175147
-1.95691
1.00034
-0.181546
1.76959
1.0444
-0.766107
0.0394771
-0.210317
0.17084
1.12245
-0.792653
0.0411779
-1.23532
1.54854
0.825424
-0.230165
-1.8918
0.990536
-1.23691
0.102801
-0.287654
0.015344
-0.20064
0.185296
0.294078
-0.212762
0.184981
0.0277815
1.18922
0.968367
0.274586
-0.0102651
-0.209199
0.219464
0.983659
-0.811316
-1.67162
1.69129
-0.245258
0.207021
-0.0680825
-0.996003
-1.05173
-0.93081
1.81429
-0.883478
-0.785161
-1.0129
1.79806
1.35482
-1.10248
-0.252336
0.864414
-0.0465911
-0.954272
-0.924305
-1.59257
-0.0076692
0.923889
-1.93781
1.01392
0.194262
-1.82759
-0.958979
1.74546
0.361761
-0.458032
0.0962708
-1.04144
-0.961733
-1.24846
0.425195
-0.0311481
-1.06076
-0.115723
-0.0251258
0.140849
-0.608703
0.450288
0.158415
0.358044
-0.0210526
0.945742
0.868546
-0.0460187
-0.178187
0.108766
-0.0123518
-1.47892
1.51093
0.00571053
-0.0958601
-1.47892
1.73956
-0.905502
-0.00779749
0.509918
-0.105949
-0.993323
1.95449
-0.961166
0.141849
-0.0150527
0.621473
0.838802
-0.406045
1.62367
-0.0524429
0.890535
0.384568
-1.42784
1.04327
1.95557
-1.03168
0.766076
-1.22103
0.0582705
-1.94385
0.934511
-1.75722
-0.726599
0.45657
0.270029
1.86199
-0.895657
-0.966335
-0.923184
-1.00938
1.93257
0.479341
1.57129
-1.56771
-0.0035821
0.689003
-1.32989
-0.957877
2.00716
-0.171045
-0.434421
0.605467
-0.210382
0.969776
0.892216
-0.230785
0.199001
1.66209
0.616546
2.01289
-1.1166
-1.79402
-1.99932
-1.97399
1.02618
0.300149
-0.846243
1.37797
0.259507
-1.02554
0.152834
-0.562111
2.0464
-0.860728
-1.54981
-1.82257
0.106547
-1.78906
0.917655
1.00523
0.955118
0.931696
0.921064
0.319191
-1.24026
0.971305
0.968765
-1.94007
-0.570024
0.443983
-0.669846
1.57211
-0.902262
0.32471
1.24606
0.419899
-0.0665821
-0.193114
-0.940393
-0.506308
-0.391281
-1.70513
1.56113
0.872761
0.909133
1.10376
0.54494
0.236349
1.00735
0.926582
0.0146596
1.89954
-0.92976
1.05693
-0.963194
0.168405
0.091499
-1.57105
0.0194454
1.78364
-1.80309
0.0026537
1.6932
1.79028
-0.855764
-1.94189
0.918557
1.02333
-1.92404
1.00085
0.931287
0.822142
-0.00685709
0.201379
-1.35101
0.986982
0.852191
-1.61686
0.129496
-1.03276
0.242078
1.70513
1.77138
-0.850472
0.118391
-0.0129512
-0.10544
0.982237
0.917298
0.93304
1.0098
-0.0501372
0.680087
-1.01498
1.94802
-1.48991
0.0950885
1.70515
-1.69129
1.83966
-0.893915
-1.87503
0.817554
0.82142
1.22498
-0.3862
0.889396
-0.503197
-0.30028
0.31932
0.0636072
0.218633
0.0491402
-1.30359
1.03916
-1.33239
0.447755
0.930462
0.979301
1.13886
-0.673103
-0.0827224
-0.214151
-0.499929
-1.3425
0.0470936
-1.02045
-0.929125
1.94958
-1.93768
0.931781
1.97313
-0.931953
-1.04118
0.9863
-0.130312
0.333365
-0.203053
-0.0832633
-1.93727
0.927885
-1.93432
0.940993
0.925702
-1.94732
1.02162
1.53059
1.52553
-0.793426
-0.0696096
-0.0674262
0.029817
0.233227
-0.450282
0.700446
-1.68869
0.988244
-0.983948
-0.907854
-0.940731
0.43476
-0.56465
-0.923755
-1.88542
-0.0912196
-0.0196499
-0.601808
0.314384
-1.87622
1.56771
0.308512
1.03462
0.938516
1.01812
0.937451
0.559209
-1.56572
1.58257
1.8792
-1.9612
0.929524
1.57129
-0.0947272
0.0512647
-1.67162
1.74887
-0.833033
0.935766
-2.05237
-0.0702996
0.0792062
-1.72907
-0.272346
-0.776508
0.250705
1.78126
-0.897458
0.0101896
-0.621893
-0.543779
1.16567
1.56572
-0.0351275
-0.00195186
-0.28274
0.265102
-0.306882
0.219373
-0.227073
0.197137
-0.304999
-0.026018
-1.93043
0.909974
1.25384
-0.840369
-1.68416
-0.078164
1.96825
-1.04969
-0.325765
1.95243
-0.971235
1.93847
-0.931895
-0.607495
1.89136
-1.9499
0.934912
-0.850859
0.113753
-1.28461
-0.722083
1.95074
-1.01498
0.999859
-1.90771
-0.113007
1.92518
-0.793292
0.857832
-0.0645402
1.7957
1.72787
-0.859198
-0.868676
-0.754302
-0.194146
0.948448
-0.94751
-1.87622
1.77668
-1.58071
-0.195967
-0.782074
1.28783
-0.505756
-1.60495
0.980764
0.0158717
0.0199224
-0.106869
1.9742
1.96159
-0.863209
0.471819
-1.60536
1.60802
0.0593722
-1.56591
-1.63217
-0.0299517
1.66212
0.635698
-0.836726
1.25241
-1.73717
1.84047
-0.884045
-1.62938
1.62938
0.888784
0.990414
-0.0788804
0.449985
-0.958365
1.9406
-1.6784
1.6784
-1.9393
-1.95
1.00366
0.486087
0.177207
-1.71033
-0.819276
0.437073
-0.0886755
-1.71298
0.00264486
-0.275367
-0.996634
2.11839
-0.802149
1.56809
-0.765939
-1.72432
-1.50391
1.29614
-0.0197803
0.465333
-0.636379
1.78209
0.906797
0.841829
0.758848
1.96353
-1.02607
0.944
-0.120741
-0.940275
1.94013
-0.854415
0.191115
-0.897357
1.77668
-1.81655
1.79117
-1.12377
0.958261
-1.96204
-0.893998
1.66895
0.133954
1.58071
-1.61066
-0.145148
0.283695
0.852851
-1.13655
-1.66194
1.66194
1.93212
-0.999471
-0.932651
-1.54942
0.780495
0.964966
-1.81607
1.81607
0.998188
0.933934
-0.193725
1.93768
-0.109296
-0.255421
-1.38875
0.0406028
1.84099
-0.45063
1.91738
-1.58285
1.84418
-0.854917
0.892717
-1.02294
-1.61066
-1.74013
1.74013
-1.04173
1.98025
1.96442
-1.0349
-1.95178
0.964924
1.97726
-1.019
-1.14681
0.364734
-1.94211
0.990526
0.951587
0.358203
-1.70556
0.723377
1.00921
0.915964
-1.60536
-1.54631
1.54631
-0.00778809
0.164684
1.54599
-1.58257
0.0365766
1.52686
-1.56113
0.0342667
-1.94654
0.949229
0.997311
0.983868
0.814191
0.187064
-1.54599
-1.52686
-0.861033
1.70286
-1.02264
1.95755
1.9076
-0.917065
1.60802
-0.943925
0.955394
0.98905
-0.956014
-0.954322
-1.02345
0.251679
0.91562
-1.23842
1.01598
-1.22775
-0.581004
0.928513
1.00405
0.832198
1.21406
0.966609
0.0969432
-0.223556
-0.995071
-0.916087
1.91116
0.981708
0.922727
-0.960365
-0.870297
1.83066
-1.98518
-0.829304
0.392231
-1.91797
0.918502
-0.913443
0.927068
-1.62473
1.84811
1.00444
-1.96046
-0.894722
0.0078623
-0.905688
1.8874
-0.929587
0.940884
-0.999544
1.91065
-0.911106
1.51195
-0.952736
2.00685
-0.966842
-0.948592
1.95303
-0.858396
0.10716
0.8477
0.948001
-0.980108
-0.0212404
-1.50184
-0.736044
-0.837886
0.455608
0.158099
-0.118622
-1.93177
0.979327
0.566338
-0.90242
0.949773
-1.96877
-1.01158
-0.045526
-0.203793
-0.940166
-1.00467
-1.00525
1.93377
0.917987
0.980109
1.00033
0.938349
1.23116
-0.640437
-1.00987
-1.0842
-0.960225
2.04443
-0.874115
1.49174
1.17399
-1.08038
0.794961
-0.420274
0.950907
-1.96578
1.01487
0.111141
-0.944043
-0.551486
-1.03541
-0.967452
-0.99927
-0.566917
0.410312
-0.995052
-0.93672
0.932429
1.99584
-0.948334
-1.0475
-0.918706
1.91956
-0.982979
0.304317
0.952432
-1.94748
1.8015
-0.774226
-1.02727
1.92868
-0.924628
-0.407639
0.965529
-1.9496
0.984072
-1.98023
0.938501
-1.90196
-0.994927
-1.00421
1.75469
-1.05424
0.324999
0.07711
0.0165164
-1.01787
0.945346
-0.904585
-0.997379
-1.03894
-0.936171
1.93215
-0.995981
0.963863
-1.98173
-1.05316
1.00093
-1.94952
-1.93885
1.00191
0.95263
-1.98804
1.02307
-1.24985
-0.170625
1.42047
1.04955
-2.01639
-0.852203
0.374519
0.993349
-1.926
0.926371
-1.97953
0.515619
1.0622
-1.39648
0.000699091
0.991943
0.996853
0.93183
-1.9409
0.992717
0.948185
0.195284
0.827314
0.460517
0.994932
0.649825
-1.66613
1.01631
-1.00847
1.76436
-0.160583
-0.95192
1.95285
0.295196
0.898396
-0.939551
-1.01634
1.95589
0.709465
0.608662
0.355703
-0.0832926
-1.04668
1.92836
-0.931505
0.965693
0.633987
-1.59968
1.19669
-2.01035
2.12306
-1.59913
-0.983328
1.93576
-0.992187
-0.955297
1.02418
-1.9844
0.251584
-0.9277
-1.0219
0.990989
-1.92231
0.931324
-1.86165
0.986843
-1.89795
-1.04392
0.0269265
-0.223662
0.189181
0.941209
0.945504
-1.8732
-1.02457
0.436458
-0.954237
1.27362
0.924807
-0.957613
-1.0584
0.862285
0.974352
-1.98933
0.913108
0.598837
0.0229045
-0.858115
-0.845972
0.155227
-0.00518324
0.996172
0.937594
-0.90416
1.81096
-0.153292
0.984091
-1.88868
0.965446
-1.91378
-0.917042
-0.872014
-0.0252308
-0.827852
0.948824
0.923341
0.991408
-1.91475
-0.935011
-0.94717
-0.287573
0.190758
1.01606
-1.95623
-0.0438234
0.832016
0.616303
-0.129913
0.0905193
0.0393938
-0.0213965
0.930905
0.956492
1.928
1.95718
-1.01883
-0.920642
1.96792
-1.19573
0.893843
1.00808
1.04515
0.0284532
1.91018
1.98366
-0.938113
-1.04362
0.00914581
-0.0698446
0.0606988
-1.36831
-0.0851774
-0.21999
0.502251
-0.913857
1.47998
-0.13428
-0.0533031
0.414551
-0.361248
0.0449609
-0.0284359
0.0457219
0.0488882
0.932021
0.948222
0.481261
0.626119
1.25099
-0.87281
0.788024
-0.782451
-0.00916253
0.00572983
-0.791869
1.81494
0.975469
0.114208
-0.548629
1.93031
1.00872
1.96268
-1.0218
-0.83207
-0.923534
1.91548
0.152796
1.15702
-1.94146
-0.935197
0.994833
-1.90071
0.905873
0.0235818
0.194128
0.0229484
0.960593
1.90739
-1.03377
-0.873621
-0.13681
-1.3531
-0.127638
-1.07488
0.748424
1.36996
-0.173821
-1.93811
-0.111578
-0.0359236
-0.102799
0.138723
0.639653
-0.937833
1.80119
-0.863358
1.86587
-0.844882
-1.02099
0.986649
0.0100953
1.36507
0.935388
0.986747
-0.904077
-1.52536
-0.509697
-0.526644
1.03634
0.00883126
0.841135
0.167597
0.373169
-0.540766
1.95592
-1.03794
-1.03224
-1.03169
-0.681653
-0.899358
1.58101
-0.147481
-0.966521
-0.127526
0.54746
-1.66043
1.89464
-1.01665
-0.587179
1.41449
-0.0546069
0.138399
-0.230156
-1.74625
0.808416
-0.616176
0.0461524
-0.127762
1.89486
-0.932772
-0.962093
1.35831
-1.02781
1.21066
0.636471
-1.2324
0.595933
0.63172
0.9843
-0.026473
1.72853
-0.987922
-0.700769
-0.104765
-0.0523674
-1.90153
-0.254032
-0.0527837
-0.945041
-0.08494
1.0733
0.82156
-0.890028
1.84756
-0.957532
0.964526
-0.117792
0.214934
-1.56896
0.781282
-1.71694
0.935656
1.04976
-1.64764
-0.871454
1.7273
-0.884047
1.60656
-0.323005
0.254923
0.0434248
-0.0434248
0.181718
-1.17678
-0.992022
0.611966
-0.101637
-1.00213
-1.20801
0.830914
1.90588
0.803246
0.154696
-0.993448
1.91195
0.985456
-1.91696
-1.97847
0.934855
0.516891
-0.167626
0.493829
0.980459
-0.183008
-0.989749
0.270658
-0.971375
1.91672
-0.160986
0.0746659
1.01228
-0.327428
-0.423774
-1.42174
-0.928406
1.91386
-0.0468135
-1.74428
0.840124
0.0218719
0.897887
0.613057
-0.741329
0.128272
0.906229
-0.118413
-0.133805
0.400623
0.0323581
-0.0323581
-0.783017
0.635369
-1.92324
1.05123
0.0517623
-0.0400409
-1.04309
-0.0349824
-0.224125
-0.102662
-0.0601653
-0.393036
1.76916
-0.768831
-0.127387
-0.512609
1.08812
-1.10521
-0.3105
-0.021605
0.332105
-0.0850883
-0.101621
-0.0852075
-0.0704933
0.456278
1.79689
-0.819751
-0.154965
0.922029
0.996355
0.847828
-0.448743
0.39544
0.0641695
0.977289
-0.221671
1.01204
-0.733373
-1.39178
2.12516
-1.45793
0.556483
-0.0706578
-0.0656441
-0.0818256
-1.97071
-0.100455
1.17447
-0.642867
-0.531604
-1.49675
0.0291664
0.993926
-0.191402
0.0991364
0.482856
-0.773869
-0.513943
-1.48245
0.174715
0.342176
-0.0978473
-1.72022
0.946355
-1.18632
1.01206
0.522848
0.878201
1.00824
-1.88644
-0.303965
-0.492696
0.545534
0.176504
-0.0785297
-0.880095
0.493895
-1.228
0.19119
0.161637
0.550226
-0.259903
0.754858
1.07619
-1.83104
-0.0925211
-0.659905
1.13029
0.959703
-1.05774
-0.898494
-0.0789802
-0.49049
0.0168828
0.597595
0.0824297
-0.247087
-0.351357
-0.828664
-0.168068
-0.0675091
0.184373
0.135183
0.0159393
0.983545
-0.0755277
-0.745264
0.968063
-0.250437
0.957617
0.69676
0.160439
-0.890489
0.0708911
0.923982
-1.83983
-0.696606
1.82417
0.0441542
0.0521612
-0.174359
1.06387
-1.76048
1.63732
-0.749944
0.624317
-0.0907021
0.330391
-0.740652
-0.591735
-0.15708
0.0651921
-0.723976
1.69059
0.780761
-1.46241
-1.76156
0.804025
1.71706
-0.972542
-0.744517
0.314799
0.770002
0.292162
0.387275
-0.679437
-1.05059
0.540889
-0.953142
1.82158
0.225757
1.11814
-1.85162
0.733488
0.972975
-0.630777
0.00720211
-0.138006
0.811222
-0.15189
-0.907584
1.67603
-0.768443
0.671765
-1.41668
0.74491
-1.06199
-0.939725
1.90275
-0.953518
0.856328
-1.8836
1.11966
-0.618241
-1.29336
1.91748
0.220051
0.0554408
1.03726
0.790649
0.638125
-1.42877
-0.44396
0.164711
0.227373
-1.08312
-0.986023
-0.516418
1.50244
0.913347
-0.783002
-0.156479
0.00185279
0.154626
-0.372613
1.6834
-1.18879
-1.98686
1.2701
1.47913
0.0714043
0.754434
-1.52037
0.237491
0.375566
0.00590683
-1.63064
0.470547
-0.618587
-0.747335
-1.47322
-1.61016
0.752045
-1.00892
0.372974
0.0497056
0.885975
1.05847
0.620912
0.553558
-1.14435
2.02255
0.951933
-1.10126
-0.0236103
0.406142
-0.520591
-0.961246
1.48184
-0.0414415
-0.0461522
1.80515
-0.335477
-0.182426
-0.0441587
0.942912
-1.2096
0.000400425
-1.38413
-1.27429
0.320203
0.781494
-1.36867
-0.971614
1.9232
1.86457
0.119208
-1.90793
1.08455
1.20476
0.845561
-0.0987099
0.460471
-2.06493
0.817392
0.835096
0.960896
0.259913
-1.02625
1.83027
-0.0150569
0.0244926
-0.00943576
1.30051
-0.664036
-1.10624
-0.0110365
0.47359
0.31281
1.36294
0.543656
-0.520693
0.0616265
1.00425
-1.77529
-0.945148
0.636012
-1.53824
0.945865
0.958565
-1.45825
1.58775
-0.937005
-0.965501
1.52081
0.426027
-0.686961
-1.94525
1.01005
-0.0762164
-0.652872
0.324946
0.715929
0.361053
-0.118654
0.00293128
-0.112863
0.775022
-1.82926
0.964566
-0.362557
0.739265
-1.53269
-0.927008
1.44085
-0.012871
-1.22245
-1.28366
0.236719
0.00595568
0.694911
0.509966
-1.39137
1.52311
-0.131745
0.697199
0.83101
-1.52821
-0.982214
0.778901
-1.07411
-0.40277
1.47688
0.624602
-1.17724
0.990586
1.72017
-0.77382
-1.565
-0.0341315
1.20904
-1.92261
-1.10858
0.781108
-1.49199
0.710882
0.454354
-0.973118
-0.0422649
1.01538
-0.329369
0.308227
0.0105345
-0.318761
-0.584056
0.253805
0.0119723
1.32607
-0.515084
1.90443
-0.175325
-0.192286
0.367611
0.179116
-0.196563
0.29107
-0.909402
-0.918116
1.49468
0.77274
-1.2785
-0.64728
1.42999
-0.943855
-0.486138
-0.072088
-0.0316784
-1.95391
-0.571179
0.860891
-1.2413
-0.205192
-0.611492
-1.45786
1.13536
-0.707371
-1.91256
-0.776049
-0.00553183
0.262853
-0.839633
-1.13924
0.557537
1.69896
-0.94453
-0.762716
0.509153
0.629703
0.851312
0.817637
1.44706
0.123505
-0.768305
-0.974177
0.691403
-0.814901
1.36458
1.87689
-1.12203
0.688689
0.183394
0.35876
-0.371084
0.0123242
0.277203
-0.0012525
0.96771
-1.34166
-0.843662
1.11759
-0.716698
0.857937
-0.0398416
-0.0402011
-0.862277
-1.17028
0.724938
0.445345
1.50177
-1.66596
0.164188
-1.5255
0.600578
0.183846
-0.491731
1.21431
-0.669684
-0.0371685
0.0235466
1.38803
-1.25916
-0.128866
-1.1445
0.0696197
-0.31849
-0.753074
-0.0210403
-0.47961
0.50065
-0.26919
0.215059
0.228646
0.157492
-0.205395
0.670728
-1.4327
-0.562594
1.13681
0.517593
0.187891
-0.0212377
-0.610074
1.08709
0.737077
0.944911
-1.35588
-0.0298
0.063313
-0.063313
0.574103
-0.436779
-1.04628
0.543388
-1.50463
-0.0274662
-0.312371
1.04365
-0.0242179
-0.653226
-0.76345
1.86183
-1.741
0.264909
0.949952
0.976559
0.257985
1.29936
0.311358
-0.206622
-0.104736
0.945006
-0.0500967
-0.89491
-1.05906
0.619488
-1.35618
0.736694
-0.173943
-1.04062
1.10519
-0.0645668
0.500248
-1.57436
-0.85937
0.109634
-0.794791
0.180177
-1.2038
1.20945
-1.39229
1.28314
0.109155
-0.181864
-0.141141
0.70168
-1.43772
1.09209
-2.04064
0.948548
0.0243843
0.000638638
-0.266292
-1.18915
0.536456
-1.47605
0.0750532
0.95366
0.888367
-1.84203
-0.390454
0.986196
0.123046
-0.0354478
-0.0875979
0.0999019
-0.0999019
1.51094
0.570586
0.752901
1.17617
0.398099
-0.899748
0.0200056
0.187487
0.554042
-1.00457
1.90245
-0.124599
1.62637
-1.58285
-0.426411
-0.0835901
0.244237
-0.616166
-0.726033
0.318546
0.407487
-1.2452
1.27598
-0.030776
0.611969
-1.35262
0.653901
-1.64166
0.987754
1.50908
-0.123254
0.193228
-1.41281
0.366913
0.0867096
-1.10535
1.16362
-1.13443
0.512538
1.11283
0.112355
-0.952638
0.384455
-0.0605999
-0.0675746
0.338936
-0.148178
0.546474
0.962607
-0.182785
0.187765
-1.49605
-1.50512
1.61569
-1.61765
-1.00957
1.82669
1.10546
0.217551
-0.0876189
0.785597
0.592376
0.848383
0.196378
-0.0137994
-0.370999
-1.09397
-0.142823
-1.2413
-0.711243
-0.000339399
0.000339399
0.450315
-0.240782
0.577785
-1.56381
-0.0125448
-0.971073
-0.00750708
0.00750708
-0.972842
1.5656
-0.820692
-0.0163257
0.0163257
0.289846
1.24793
0.0473977
0.40585
-0.0254865
0.0254865
1.16765
-0.0280395
0.0280395
0.0597991
1.25524
-1.31504
0.11952
-0.0357842
0.0357842
0.269266
-0.0379313
0.23948
-0.201549
-0.033961
-1.15754
0.559364
-1.5121
-0.462463
0.035739
-0.035739
-1.47304
-0.563327
-0.630004
-0.362103
0.994497
-0.632393
-1.22247
-0.0292239
0.0292239
-0.118912
0.0643053
-0.0340951
0.0340951
-0.574752
-0.543504
0.0343081
-0.0343081
-1.88893
-1.01733
-0.0354227
0.0354227
0.28578
1.13106
0.0285976
-0.0285976
-0.0328778
0.0328778
-0.09006
0.0266376
-0.0266376
-0.0326876
0.0326876
-0.59872
0.829231
0.0267261
-0.0267261
-0.0951624
0.0614839
1.49553
-0.744643
0.0178075
-0.0178075
-0.0444743
0.0444743
-1.35213
-0.125211
-0.444625
-1.06001
0.0246646
-0.0246646
0.606586
0.156381
-1.42035
1.53147
-0.984005
-0.243638
0.156897
0.0867413
-0.170986
-1.39798
-0.0117398
-0.982271
1.25686
0.341696
0.98227
-1.56243
0.657863
-0.197965
0.553501
-0.355536
0.0372532
-0.0372532
0.0100658
0.061909
-1.28436
0.407779
-0.438927
-0.0280764
0.0251512
-0.0251512
0.0239814
-0.0239814
0.0223659
-0.0223659
0.0208117
-0.0208117
0.0241665
-0.0241665
0.613523
0.562649
0.0258915
-0.0258915
-0.0247844
0.0247844
0.105069
-0.0412483
0.0412483
0.235888
-0.0121797
-1.2941
0.943601
-1.82765
0.753238
0.931295
0.0246434
-0.0246434
-0.045694
0.045694
0.0251073
-0.0251073
0.466562
-0.439427
-0.394652
-0.117895
0.0275228
-0.0275228
-1.39958
0.0298106
-0.0298106
0.634389
1.3325
-0.465179
-0.390669
0.245613
0.0277307
-0.0277307
-0.0361106
0.0361106
0.0362693
-0.0362693
-1.52633
1.00991
0.360698
-0.296349
-0.0643489
0.000817703
-1.23828
0.133069
-0.0380465
0.0380465
-0.28209
1.39958
0.146725
-1.10584
0.0197529
-0.0197529
-0.818236
-0.0396461
0.0396461
1.57939
-1.50538
-0.0293191
0.0293191
-0.0390611
0.0390611
0.0883212
-0.0883212
0.627065
-1.56491
-0.0274638
0.0274638
-0.0396998
0.0396998
-0.507564
0.937011
-0.429447
0.83024
-1.73574
-0.565294
-0.599628
1.16492
-1.52156
-0.044357
0.817434
0.997504
0.0293089
-0.0293089
-0.0231518
0.0231518
-0.0320029
0.0320029
0.75445
-1.59496
0.83991
-1.84448
-1.43421
1.43421
0.68699
-1.3406
0.39207
-0.0873863
1.26287
0.0284912
-0.0284912
-0.041762
0.041762
-0.940191
-0.527047
0.021102
-0.021102
-0.0462142
0.0462142
0.474978
-0.610418
0.0428885
-0.294889
-0.0483236
0.0483236
0.0135798
-0.0135798
-1.71041
0.881741
-1.59021
0.562404
0.0132153
-0.0132153
-0.114803
0.00608606
-0.0548956
0.0548956
0.0046812
-0.0046812
-0.0426645
0.0426645
-0.0100047
0.0100047
-1.25348
0.999517
-1.32023
0.0166363
0.874306
-1.81935
-0.040824
0.040824
-0.0326645
0.0326645
-0.0665845
0.0665845
0.00239589
-0.275807
0.510234
-0.0348699
0.0348699
-0.115913
-0.464775
-0.0432789
0.0432789
0.235536
0.286834
0.725205
0.0390167
-0.905134
-0.0612566
0.0612566
-0.0446317
0.0446317
-1.38252
1.38842
-0.424214
-1.01275
1.43696
-1.36651
-1.17831
0.563721
0.0623742
-0.365439
0.303064
-0.0796415
0.0796415
-0.0103312
0.0103312
-0.0407949
0.0407949
0.525524
-0.252003
0.708573
0.146547
-0.676129
0.529582
0.451491
-0.229365
-0.384034
-0.316815
0.700849
0.0697013
-0.0697013
-1.42934
1.42934
-0.0405804
0.0405804
0.536527
-0.400813
-0.451379
0.102152
-1.09247
0.124841
-0.124841
0.0721287
-0.0721287
-0.228643
-0.0280714
-1.14391
1.29879
-0.0412935
-1.18118
0.812009
-0.147747
0.147747
0.0238633
0.0461383
-0.0461383
0.767791
0.421434
-0.39603
-0.252411
-0.569328
0.349338
0.413889
-0.397006
-0.0887635
-0.43534
0.514206
-0.0788655
-1.71996
0.873986
-0.156407
0.156407
0.547537
0.290647
-0.0496444
0.0496444
-0.725792
0.832952
-0.97627
-0.145894
0.00961836
-1.2631
-0.165891
0.165891
-0.0504544
0.0504544
-0.0505324
0.0505324
-0.0577345
0.0577345
-0.0525513
0.0525513
-0.0544041
0.0544041
-0.0520609
0.0520609
0.2543
-0.225781
0.0529395
-0.0527313
0.0527313
0.843276
0.0620629
-0.0620629
0.371463
-0.147228
0.247381
-0.160428
0.160428
0.720268
-1.59438
-0.193748
-0.247961
0.0655359
-0.118942
-0.336042
0.454984
-0.147389
0.147389
0.53718
-0.122941
0.122941
0.132377
-0.0976342
0.0976342
1.34517
0.607697
0.28221
-0.0534754
0.0534754
-0.592617
0.0863281
-0.198092
-0.395843
0.593935
-0.000639395
0.000639395
-0.128916
-1.04786
0.123005
-0.178339
-0.0979377
0.46485
-0.922674
-0.135729
1.27632
-0.957133
0.50836
0.151901
-0.992396
-1.38848
0.455928
-0.00240529
0.0532969
0.00719732
0.410618
-0.13141
-0.00983911
-0.0242074
1.09676
1.14832
0.0973942
-1.24572
1.29502
-0.953322
0.242277
0.919938
-0.809277
-0.11066
0.448783
-0.294619
0.100894
-1.30407
0.91656
0.387506
-1.46102
0.750162
-1.00236
-1.53941
0.0397733
1.49964
1.38504
-0.708048
-0.987344
-0.911224
-1.07436
-1.3329
-0.00876276
0.0960152
-0.0960152
0.142915
-0.449347
0.994287
0.431037
-0.364283
1.15231
0.0191259
-0.0191259
-0.17277
-0.841575
-0.0557822
-0.945328
0.448551
0.7191
0.298272
-0.363088
0.339084
-1.21189
-0.286575
-0.0273689
0.459755
-0.356501
-1.03198
-0.81195
-0.436249
-0.525307
-0.0951218
1.90193
1.31471
-0.05947
-0.0370895
0.257942
-1.08642
0.636609
-0.150522
-1.05357
1.72104
1.38779
-0.14433
-0.132163
-1.53505
-1.28918
0.242901
0.919823
-0.0124426
2.02654
-1.17871
-0.00714779
-0.0330533
1.17325
0.409319
-0.523807
-0.0497126
-1.09397
-1.10904
0.468606
0.243326
-0.902321
-0.76267
-0.231268
-0.0553729
0.0553729
0.00875933
-0.00875933
-1.06857
0.467759
-0.749468
0.281708
-0.744658
1.06445
-0.622095
-0.593177
-0.334018
-0.124013
-1.14807
0.236143
-0.281669
0.337885
-1.05462
0.736761
0.317864
-1.07703
1.03476
1.34399
-0.941746
-0.402248
-1.08806
0.136747
-0.00409188
0.629211
-0.92741
1.48677
1.36752
-0.658952
1.28355
0.11943
-0.0961515
1.36596
-0.803582
-1.17909
1.17909
-1.27746
0.247376
-0.129416
-0.11796
0.704534
-0.195642
-0.911496
0.15359
-1.421
1.41742
-0.432742
0.394826
0.913622
-0.959121
0.045499
-1.81995
-0.408276
-0.183707
-0.0234976
1.14807
0.493207
-1.19474
0.70153
-0.20823
-0.00151195
0.258995
1.08946
-1.34845
1.20966
0.129455
-0.631341
0.106034
0.333835
-0.158361
0.203248
0.00377326
0.355394
-0.421719
-1.22525
-0.190324
1.50549
-0.959958
0.473525
-0.313723
-0.12245
0.436173
0.739004
-0.883734
0.14473
0.423447
0.0669403
-0.0669403
-0.192034
0.658739
0.390673
1.33536
-1.33536
0.366395
0.0213433
0.54772
-0.523013
1.09288
-0.12463
0.570963
0.359411
-0.124506
1.91233
-0.946569
-1.06245
0.158377
-0.118643
-0.291901
0.410544
0.264893
-0.496253
-0.457632
-0.0578334
-1.11772
0.0118812
1.14453
-0.50597
1.18709
-0.681124
0.339188
-0.0909887
0.956958
-0.204459
-0.0115182
0.826394
-1.52716
0.981686
0.901268
0.0804179
0.990709
-1.1349
0.451516
-0.0381444
-0.24843
1.0273
-0.970991
-0.0563091
-0.391512
0.31465
-0.109239
-1.73018
0.524788
-0.328756
0.416942
-0.108716
-0.964589
1.78198
0.00450141
-0.101964
0.0917825
0.796581
-0.846678
-0.0170968
0.0170968
-1.47696
0.405933
-0.0895172
1.86765
-0.472629
0.699518
-0.116736
-0.244859
0.198841
0.491479
-0.00512378
0.135136
-0.0781222
0.284807
0.912275
-1.00181
0.0895389
0.0317315
-0.0317315
0.0868164
-0.0868164
-0.813326
1.64357
0.662938
-1.53324
-0.038454
0.038454
1.1349
-0.531171
0.425222
-0.616964
-0.513553
1.13052
0.0182333
-0.120767
-0.412881
-0.689895
0.286702
0.348096
0.357807
0.517121
-0.411663
0.86727
-0.011931
0.011931
-0.970519
1.56289
-0.156092
0.156092
0.217875
-0.181699
0.469092
-0.287393
-1.09261
-0.150079
0.319622
-1.11257
0.580962
0.327501
0.255558
0.460783
0.742499
-0.701464
-0.451665
0.381172
-0.318728
0.477096
-0.158368
0.479971
-1.33049
0.134751
1.86957
-0.892279
-0.284042
-0.181872
0.465914
-0.172933
0.64348
0.00728532
0.0788349
-0.0861203
-1.26858
-0.245653
0.220527
0.625945
0.0915208
-0.0206297
-0.855303
0.0135843
0.050337
0.341606
-0.627182
0.11193
0.00854455
-0.123348
-1.65829
-1.34925
1.37751
0.24886
-0.00304481
0.00304481
-0.144655
-0.903043
-0.00209089
0.0482818
0.547938
-1.4502
-0.0438104
0.202252
-0.158442
-0.0640222
0.0640222
1.41079
-0.35228
-1.05851
-0.438328
0.119526
-0.841189
0.414778
0.216785
-0.058303
0.250845
-0.115945
0.250664
-1.34327
-0.873457
-0.0578523
-0.718953
-0.139944
1.1309
-0.0539848
0.0521537
0.00183106
0.476833
0.279087
0.321646
0.849395
-1.66272
0.318738
-0.209872
-0.271312
-1.45786
0.572988
0.921694
0.122033
-0.122033
0.800104
0.215279
-0.451253
0.404802
0.143229
-0.543722
1.15724
-0.251783
-0.47425
-0.593199
1.34995
-0.62971
1.4561
2.02474
-0.405563
0.136812
0.342472
0.916686
-0.756246
-1.10155
0.984712
-1.56487
-0.818277
0.31733
-0.358559
0.0552781
0.303281
1.43098
-0.111286
0.111611
-1.00652
-0.0187521
-0.143404
-0.412853
0.318126
-1.57388
0.175908
0.50952
-0.0918292
-0.852214
0.170305
1.5907
-0.95898
0.453862
-0.889465
0.335733
0.0704091
0.952578
0.227736
0.32177
0.350528
-0.433791
0.556365
-0.50323
0.131497
-0.251474
0.902511
-0.141257
-0.250886
0.392144
0.818367
0.483766
1.29987
0.486933
0.262166
0.0238633
-0.144992
-0.238958
0.38395
-0.183347
-1.07941
-0.961226
0.00293128
-0.110294
0.476836
1.12534
-0.567802
-0.935361
0.0089823
-0.0540872
0.2048
-0.513379
1.2171
-0.135711
0.127923
0.409917
0.378118
-0.677791
0.650621
-0.332075
-0.344192
-0.101228
0.44542
-0.746254
-1.09577
0.247698
-0.01056
0.00754888
0.210326
0.950815
-1.30853
0.357719
-0.00331419
0.421373
-0.418059
0.0058886
-0.642817
-0.928572
1.23143
0.107982
-0.00200271
0.0388966
-0.375868
-0.124061
0.373527
0.344321
-0.47346
-0.268141
-0.0684159
0.336557
0.781652
0.223316
-0.223316
0.596695
-0.0811902
-1.50166
-0.103616
-0.267468
0.743535
-0.457755
-0.152654
-0.411995
0.0162456
-0.0162456
-0.246613
-0.13756
0.384173
-0.4736
0.255738
-0.00916074
-0.171586
-0.278696
0.507028
-0.890871
-0.313413
0.90592
-0.654336
-0.267774
-0.995199
-1.15901
1.59947
-0.987501
-0.190396
-0.322983
-0.293044
-0.756801
-0.702418
1.21954
-0.232519
-0.40386
-0.233159
-0.270622
0.503782
-0.287681
0.471528
-1.15527
0.638529
-1.57389
0.245451
-0.196562
0.0284655
-0.024963
0.775331
0.429429
-0.587157
-0.11824
-0.179556
-0.199532
0.379088
0.0619227
0.703899
-0.227251
0.236083
-0.22069
-0.169651
0.561739
0.00164388
-0.471471
0.938307
-0.466836
-0.280581
-0.218622
0.499203
0.454406
0.128312
-0.0222759
0.731295
-1.25199
-0.83916
-0.325849
0.735766
0.292211
-0.253152
-0.0390589
1.22908
-1.22908
-0.00132758
0.0355538
0.286756
-0.642292
1.21807
-0.438696
0.176777
0.261918
0.206309
1.59615
-0.841695
-0.774026
0.25881
-0.371818
1.48058
-0.639213
1.48861
0.00254489
1.01426
0.592292
-1.51318
-0.168235
0.00537888
0.241588
-0.246967
-0.21018
-0.00196001
-0.324448
0.271699
0.000190209
-0.164816
-0.121852
-0.039973
0.039973
-0.20754
-0.237703
0.445243
0.224208
-0.271021
1.27762
8.85417e-05
0.0024549
-0.90378
-0.251948
0.216966
0.305149
-0.406771
0.240998
-0.819571
1.2899
-0.144325
-0.470175
-0.580411
-0.31004
0.596796
-0.13046
0.272627
-0.171733
0.273544
-1.99208
0.675243
0.455049
-0.323382
0.252725
0.0184031
-0.214966
0.615462
-0.227722
0.730144
0.109269
-0.839413
0.138135
-0.265896
-0.45053
1.50176
-0.872284
-0.509712
1.05337
-0.181349
-0.359417
0.339408
-0.426794
0.429592
-0.566963
-0.963031
1.45559
0.439209
-0.644603
-0.642553
0.474927
-0.0380165
0.328286
-0.509946
-0.305858
1.28331
0.888068
0.632741
0.098806
0.784682
-0.431907
-0.352775
0.330405
0.30457
1.70544
-1.24466
0.346843
-0.425373
0.803014
0.840551
-0.448958
-1.30244
0.14343
-0.00399504
0.237055
0.252421
0.00749191
0.416268
-0.00292521
0.602326
-0.00116978
-0.00161551
-0.00155422
-0.0157428
0.00335479
-1.2761
1.78744
-0.425165
-0.000140995
-0.549935
1.08639
1.20932
-1.73991
0.530585
-0.00123756
0.0476144
0.00046391
-0.0820011
0.421409
-0.0119054
0.0119054
0.102271
-0.0117518
-0.95651
1.56848
0.0355538
-0.319503
0.72699
0.00241548
-0.494257
-0.474329
0.369563
-0.218613
0.000207956
-0.844794
-0.262182
-0.00630005
-1.31006
0.0758558
-0.306012
0.00853853
-1.34011
0.292247
0.226033
-0.316143
0.749597
-1.59439
-1.00828
0.357919
-0.158183
0.158183
-0.00193583
-0.0574613
0.00163254
-0.174078
0.179638
0.636817
1.64858
0.476816
-0.669669
1.60834
-0.00159961
0.381291
0.0115329
-1.16907
0.15203
-0.189961
-0.146385
-0.412432
0.351832
-0.202148
0.0333528
0.307355
-0.0994302
-1.18493
0.539409
0.000584931
-0.382849
-0.0658935
1.14869
1.02754
-0.78193
1.14034
-1.13072
0.617095
0.331353
-0.419473
0.450061
0.487052
-0.273312
0.249094
1.2245
0.0179096
-0.700269
-0.072746
0.178032
-0.207832
1.14385
0.408415
0.0520558
0.468208
-0.489248
-0.332068
-0.10626
1.84785
0.144379
0.191034
-0.0341373
-0.0161038
0.0305119
-0.46414
0.433628
-1.10452
-0.764763
-0.972615
0.129627
-0.0475271
-0.0820996
0.457506
-0.886953
-0.0379692
-0.858281
-1.36666
-0.0115807
0.017365
-0.619172
0.147385
-0.00210939
-0.0075222
-1.28061
-0.000709276
0.321946
-0.532873
-1.12603
-0.660194
0.455735
1.33075
0.565337
-1.13314
0.601898
0.762685
-0.528796
0.121575
-0.0399527
-0.0186199
1.41761
-0.501051
-1.16199
0.239093
0.108506
-1.22325
-0.371119
0.291241
0.221636
-0.245134
0.00184051
-0.0226598
1.05463
0.644336
0.589936
0.676452
-0.876772
-0.335122
-1.11415
-0.717634
1.01388
-0.433709
-0.35913
-0.274774
-0.337917
0.360896
-1.09276
-1.60493
-0.00330383
-0.296424
0.387976
-0.0915517
-1.34864
-0.908523
-0.0183849
1.38273
0.00383679
-0.286669
-1.38896
0.259264
-0.655107
-0.354865
0.322862
-0.601935
0.279073
0.412585
0.000214441
-0.578039
0.430339
-0.0724875
1.43532
-1.3078
-0.650054
0.39081
-1.31948
-0.0363999
-0.142405
0.130665
0.251786
1.01119
0.116037
-0.229579
0.258033
-0.101185
1.4849
-0.882998
-0.0229058
-0.812065
-0.100111
-0.0132932
0.113404
1.59065
-0.841057
-0.739688
-0.418993
-0.1467
0.565693
-0.529569
0.331558
-0.657407
-0.0086609
-0.00350611
0.437296
-0.589951
1.24179
0.512499
0.00327154
-0.240807
-0.419387
1.73138
-0.913824
0.116437
0.128951
-0.00948361
0.408832
-0.0382756
-0.250783
0.213614
1.37383
-0.665859
-0.35562
0.460936
-0.105316
0.162509
0.508219
-0.531642
-0.536057
-7.80389e-05
-1.13746
0.686212
0.434631
-0.368696
0.00546306
0.735386
0.692074
-1.42746
0.00234319
-0.37997
0.261028
-0.000670384
-0.156562
-0.462025
-0.308873
-0.425241
-0.56878
0.335621
0.0173448
0.0130389
-1.32824
0.338088
0.605216
0.609091
0.0244479
0.0979483
-0.68369
0.944685
0.025307
-1.09097
-0.174801
-0.543623
0.472656
-0.575793
-0.019469
-0.500615
0.177632
-0.457528
1.15906
2.00173
-1.22283
0.065422
0.821438
-0.768141
0.657903
0.086063
0.130543
-0.178022
1.17015
-0.255901
0.22783
-0.0167574
0.38909
0.753488
0.907743
-0.767076
-1.03706
1.16515
0.414823
-0.499357
-1.26165
-0.387051
-0.29184
1.0286
0.927993
-0.818724
0.0320884
0.393037
-0.382502
-0.468832
-0.243679
-0.0929196
0.606697
0.16791
-0.644559
0.47665
-0.0903469
-1.36752
-1.29459
0.0929538
0.0587222
-0.568866
0.547893
-1.05724
-0.110438
1.03074
-0.771232
-0.409245
0.910989
-0.582148
-0.328841
-0.272234
-0.166461
0.415178
-0.000354707
-0.126273
0.55731
-0.202023
-0.0436293
1.33536
1.19366
0.27655
-1.148
-0.0259518
-0.197333
0.112393
-1.01144
-1.05203
-0.203992
0.0924047
-0.0902954
0.794483
-0.0618087
-0.248582
0.310391
0.270167
-0.0702571
-0.288302
0.191756
1.25167
0.711429
0.136635
-0.00913493
-1.35661
0.144408
-0.0931428
0.0879194
-0.171775
-1.02314
-0.313113
0.037306
0.128564
-0.130483
0.00191902
-1.13663
0.415406
-0.825748
0.987385
-0.00207625
-0.0173928
0.493073
0.332351
0.722688
-0.00787102
0.0755274
-0.0756684
0.0824826
0.0855581
-0.0853502
-0.0126239
-0.673017
-0.379665
0.340085
-0.446953
0.502177
0.353019
-0.455681
-0.0775311
0.0800759
-0.578151
0.335578
-0.104855
0.571266
0.358712
0.0161382
-0.0161382
0.0156062
-0.0759731
0.0748033
-1.21871
0.107158
-0.736037
0.0115674
0.258976
-0.534343
1.05775
-0.355288
0.214289
-0.246212
0.0319232
0.549836
-0.443802
0.326913
0.0522181
0.0692288
-0.062039
-0.298705
-0.051428
0.421181
-0.138972
-0.729291
-0.0596181
0.395196
-0.470026
-1.33306
-0.962418
1.80355
-0.381931
0.314505
1.63399
0.46954
-0.0556506
-0.71086
0.244689
-1.13739
1.52751
-0.39012
-0.077443
0.077443
0.179204
0.00938285
-0.188587
0.256311
-0.0997241
-0.156587
-0.269015
0.324293
0.254627
0.329713
-0.401365
-0.660737
0.886494
0.472967
0.622953
-1.51523
-0.0743757
0.355737
-0.260667
-0.25097
-0.220775
-0.00317163
0.404984
-0.153197
0.264534
-0.219574
-0.00412964
-0.0282284
-0.217064
0.262785
-0.743278
0.302212
-0.394733
-0.742859
1.20261
-1.27329
-0.144918
-0.383879
-0.0401052
0.435545
0.0920057
-0.426024
0.748959
0.00647282
-0.582935
0.443815
1.31668
0.321886
-0.782159
0.251664
-0.291705
0.846306
-0.722802
-0.350111
0.156969
-0.209336
0.250337
-0.332162
0.159379
0.0224942
0.022241
-0.880522
-1.21014
1.62437
-0.991629
-0.0118041
-0.154043
0.025661
0.00356288
0.0287449
1.04229
-1.07103
0.200581
0.364728
0.00398122
0.338195
-0.395178
0.327669
1.54821
0.259198
-0.357045
0.229894
-0.357282
-0.379184
-0.231234
0.025661
0.0707582
-0.080194
0.692572
0.0040098
-0.0913708
0.134421
-0.241504
0.0409048
0.0543159
-0.0543159
-0.0952365
-0.131661
-0.213568
-0.774816
1.18543
0.0647735
-0.275583
0.128102
-0.0361493
-0.439265
0.33881
0.174915
-0.0322824
1.56176
-0.954064
-0.149255
-0.0531965
-0.426414
-0.222654
-0.00284615
-0.589146
-0.984743
0.420039
-0.462925
-0.789063
0.058618
0.277939
-0.489498
1.05113
0.0268019
0.0731177
0.0533143
-1.15386
-0.0268019
-0.940033
-0.246951
0.176922
-0.531971
-0.0644684
0.411125
-1.49424
-0.663284
0.0676997
-0.0261569
-0.122885
0.0839077
0.0909374
-0.0231286
-0.581332
0.116047
0.268126
-0.279989
-0.0872706
-0.315811
-0.0792214
-0.886282
0.150973
0.228115
0.390789
-0.502367
1.23656
-0.454532
-0.569745
0.318775
0.825884
-0.297589
0.383917
0.00288032
-1.31767
1.22733
0.931065
-0.389647
-0.541418
-0.276663
0.0235105
0.0899712
-0.314096
-0.188552
0.353973
0.0672234
0.811019
-0.964162
-0.489409
0.300857
0.0663681
-0.0255044
-0.141225
-1.197
0.163504
-0.19097
0.0431445
0.113896
-0.157041
0.00962098
-0.0376786
0.0376786
0.47668
-1.04279
0.529233
0.0178492
-0.0178492
-0.68632
-0.319294
0.167404
-0.0817425
-0.20535
0.841456
-0.696725
0.356313
-0.0999314
0.0981285
0.00650313
-0.0322824
0.90215
0.306607
0.290189
-0.400552
-0.017507
-0.231389
0.589196
-1.47172
-0.520355
0.362998
-0.113832
0.153225
0.21067
-0.595997
-0.154311
0.0279864
-1.94133
-0.676101
-0.0179968
0.180687
-0.509864
1.03539
0.0148622
0.112008
0.0282286
0.650822
0.182879
-0.204117
-0.0282286
-0.00630057
-0.194177
-0.317644
-0.941791
-0.13437
-0.712308
0.79873
0.294154
-0.0510221
-0.19596
0.411705
-1.37069
-0.0012767
-0.169091
-0.130392
-0.0601612
0.0485162
1.68351
-1.20652
-0.409125
0.0232353
-0.361955
1.32298
-0.0601919
0.714757
-0.756404
0.973955
-0.013658
-0.78195
0.651203
0.0202121
0.291388
-0.074393
0.0283871
-0.686836
0.454317
-0.668635
0.495702
0.0817071
0.117372
0.654272
-0.3136
-0.15986
-0.00475688
-0.467704
-0.273656
-0.0138072
0.401318
0.0689942
-0.521264
0.452269
0.0477514
0.0201896
0.232158
1.02681
-0.868432
1.04658
0.067972
-0.0201896
1.64149
-0.523512
0.18747
-0.00127331
-1.10324
-1.39119
0.188707
0.165816
0.425515
0.00811344
-1.05827
0.180549
-0.0730456
0.852037
-0.765361
1.07074
-0.0532111
-0.0248418
-0.0959254
-0.860697
1.07473
-0.12131
-0.0515633
-0.175685
-1.15201
-0.0413757
-0.118544
0.0443516
-0.2724
-0.757255
1.17266
-0.0089607
0.0837597
-0.583712
-0.000801317
-0.110077
-0.0204058
-0.108388
-0.106875
0.271138
1.4466
0.880826
-0.485262
0.419369
1.45301
-0.398382
-0.137794
0.99308
0.495528
-0.364373
-0.520601
0.399291
0.0774885
-0.161068
0.535179
-0.0924218
0.369072
-0.091869
0.312064
0.0121267
0.0289471
-0.279384
0.158424
0.615506
-0.0417149
-0.142992
-0.314265
-0.612115
0.383472
0.392747
1.82566
0.00905342
0.260661
-0.339642
-0.0129382
0.134295
-0.299907
-0.132804
0.102844
-0.0249527
-1.38937
0.0611357
-0.279556
0.12938
0.342148
-1.53939
-0.447821
0.792253
-0.391473
-0.40078
0.0505393
1.16753
0.460778
0.396209
-0.166458
-0.390129
-0.393227
-0.496238
1.20431
0.113903
-0.173059
-0.0202121
-0.0115194
0.0567345
0.0417149
0.712822
-0.446723
-0.980736
-0.107374
-0.0923013
0.0184676
0.177206
0.268037
-0.0746908
-0.282012
0.242953
-0.286612
0.284237
-0.444097
0.401803
0.60065
-0.191131
0.198199
0.240863
-0.499642
-0.405321
0.264096
0.892783
-0.52357
-0.116871
-0.481463
-0.175944
-0.0606419
-0.136369
-0.0280402
-0.975469
1.00421
0.422513
-0.830789
-0.00968715
0.00968715
-0.656547
-0.742719
-0.487515
0.44741
-0.678052
-0.212828
1.45987
-1.24704
0.0751685
-0.0764961
-0.708493
-1.24136
0.552686
-0.127464
0.647173
0.041605
0.311872
0.141913
-0.397506
0.297574
-0.0765974
0.0790129
-0.218014
0.0859365
0.235629
-9.27947e-05
-0.777461
0.219858
-0.551933
0.00234668
0.308106
-0.374688
-0.077107
0.0740541
-0.0756696
-0.951051
-0.201854
0.0655711
-0.0697008
0.0458425
-0.265697
0.371448
0.123811
-0.361474
-0.0783881
1.31263
-0.835953
-1.21419
-1.00723
-0.501637
-0.648257
1.14989
0.0389463
-0.0216014
0.0733989
-0.852294
-0.0649642
0.167833
-0.0559034
0.0823607
-0.0839603
-0.208154
-0.387843
-0.355091
0.00404927
-0.00532597
0.738075
-0.225575
0.4003
0.369261
-0.574309
-0.200635
-0.299981
-0.442014
0.767063
-1.8891
-0.240708
-0.246467
-0.00157959
0.158339
0.494292
0.343034
-0.523386
1.48019
-0.491942
-0.145092
-0.130486
-0.779546
0.330588
1.01348
1.30703
-1.33983
0.0535014
-0.340651
-0.0392991
-1.03974
-0.0187658
1.5687
-0.161725
0.153064
0.302409
-0.0496842
-0.190286
-1.27312
0.479603
-0.396988
-0.365728
1.57978
0.227171
-0.0300335
0.0321086
0.0630426
-0.205172
-0.685562
0.0884465
-0.0681466
0.0232353
-0.892368
0.0115584
0.200599
-0.210083
-0.281259
-0.0215945
0.0436038
0.240553
-1.41201
-0.242798
0.856068
-0.00839336
-0.47064
-0.397968
-0.404612
-0.466923
0.323645
-0.00904707
-0.0407563
-0.0705298
0.62599
0.0957603
-1.48472
0.353995
-0.434457
0.439478
0.0663161
-0.0678703
0.467795
-1.20328
0.0282284
-0.00256742
0.552776
-0.215992
1.20907
-0.0833393
0.146947
0.767821
1.23586
-1.27414
0.163142
0.601722
-0.208846
0.197265
-0.146532
0.0876834
-0.0896192
-0.0691627
0.0763601
0.0632704
0.148583
0.934287
-0.0572009
0.43062
-1.07888
0.0680617
0.508317
-0.278907
-0.22941
0.437539
-1.35087
0.0121267
-0.329285
0.0608271
-0.0627871
0.500608
-0.105589
-0.00572255
-1.0527
1.04692
0.437134
0.12589
-1.55531
-0.267685
-0.257387
-0.386148
-0.161374
-0.691635
-0.386444
1.07808
-0.0795521
-0.209604
-0.332759
0.214607
-0.190159
0.0715811
1.48456
-0.349427
-0.182671
-0.00153671
-0.270829
0.363173
-0.1287
0.00935346
0.071122
-0.0249759
-0.127195
-0.868004
0.149449
0.00117275
-1.43624
0.0204249
0.059651
-0.0548484
0.169982
0.00284001
0.00288981
-0.230703
-0.415474
-0.809648
-0.0535871
-0.0646531
-0.76781
-0.385078
0.0457921
0.559511
-0.381879
-1.12821
1.61691
0.368461
0.155077
1.04504
-0.0132257
-0.359423
-0.560613
0.269069
-0.256745
-0.0394253
-0.056737
0.839844
-0.190226
-0.612501
0.241789
-0.161145
0.953073
-0.555529
-0.0489709
0.0372191
0.217201
1.64132
0.3102
0.240306
-1.33608
0.233785
0.0047483
-0.184409
-0.625239
-0.00599711
-0.669329
0.391849
-0.909225
-0.429821
-0.00680077
-0.560997
-0.325796
0.110553
-0.492432
0.461504
-0.655396
-0.326223
-0.104052
-0.399025
-0.37831
-0.203752
-0.246556
1.1393
-0.00324725
-1.34355
-0.506939
0.694004
-0.217051
0.104401
-0.478238
-0.607474
-0.459027
0.455934
0.179622
0.0220956
-0.140737
-1.08527
0.0851447
0.446456
0.00581297
0.707782
0.24435
1.00239
0.80901
-0.273824
0.664634
0.129043
0.0118934
-0.655184
0.464898
0.0737926
-0.055516
-0.0123543
-0.108595
0.515896
-0.123149
0.0966109
0.605429
0.450474
-0.442361
-0.142366
0.0344168
-1.04585
0.603199
-0.211925
0.624653
0.155364
-0.102121
-0.0265785
0.0997779
-0.0087218
0.0202802
-1.46039
0.103899
-0.130825
0.443943
0.0106119
-0.00744079
0.717876
-0.666861
0.0846404
-0.135687
-1.15554
0.107592
-0.107585
-0.187389
0.219385
0.10717
0.0598412
0.0850667
1.04153
-0.379462
0.0710125
-0.406872
0.32979
-0.0518514
-0.985387
0.372203
-0.00041448
-0.71229
0.119986
-0.398228
0.563179
-0.026279
-0.437264
0.723966
-0.883857
0.247392
-0.887049
-0.647336
)
;

boundaryField
{
    SideWalls
    {
        type            empty;
        value           nonuniform List<scalar> 0();
    }
    Top
    {
        type            calculated;
        value           uniform 0;
    }
    Inlet
    {
        type            calculated;
        value           nonuniform List<scalar> 
18
(
-1.94444
-1.94444
-1.94444
-1.94444
-1.94444
-1.94444
-1.94444
-1.94444
-1.94444
-1.94444
-1.94444
-1.94444
-1.94444
-1.94444
-1.94444
-1.94444
-1.94444
-1.94444
)
;
    }
    Bottom
    {
        type            calculated;
        value           uniform 0;
    }
    Outlet
    {
        type            calculated;
        value           nonuniform List<scalar> 
18
(
1.95991
1.96124
1.96575
1.95568
1.96087
1.95536
1.94483
1.96345
1.96672
1.96879
1.96127
1.95126
1.98304
1.95296
1.98558
1.83162
1.93562
1.79605
)
;
    }
    Plate
    {
        type            calculated;
        value           uniform 0;
    }
}


// ************************************************************************* //
