/*--------------------------------*- C++ -*----------------------------------*\
| =========                 |                                                 |
| \\      /  F ield         | OpenFOAM: The Open Source CFD Toolbox           |
|  \\    /   O peration     | Version:  2306                                  |
|   \\  /    A nd           | Website:  www.openfoam.com                      |
|    \\/     M anipulation  |                                                 |
\*---------------------------------------------------------------------------*/
FoamFile
{
    version     2.0;
    format      ascii;
    arch        "LSB;label=32;scalar=64";
    class       volScalarField;
    location    "2.4";
    object      p;
}
// * * * * * * * * * * * * * * * * * * * * * * * * * * * * * * * * * * * * * //

dimensions      [0 2 -2 0 0 0 0];

internalField   nonuniform List<scalar> 
5098
(
-0.724032
0.453086
0.287575
1.80212
-0.288865
2.01802
0.105368
-0.436337
0.25259
-0.264903
-0.452492
0.730149
0.290431
2.27828
-0.171294
0.0228801
-0.460984
-0.548309
-5.91267
-0.46996
1.29716
0.0319588
0.806615
2.79695
-0.557941
1.9524
1.26098
1.29128
-5.67988
0.518858
0.554669
2.44689
1.44375
-0.304363
-0.286869
-2.20925
1.46071
1.41504
2.19172
0.977463
1.76635
-0.899454
1.92493
0.206788
-0.213257
0.569871
-0.487922
2.48381
0.556645
1.83878
0.164132
1.67019
-0.846965
1.34067
2.01929
1.93966
1.44583
1.68731
2.45308
0.0292983
0.120145
-0.526613
-0.350811
0.31262
-0.923596
2.3052
0.0560142
0.172437
1.12318
1.60322
1.38455
-0.122496
1.12394
-0.17635
0.0799733
1.83845
0.0216488
1.9759
0.0982638
1.87054
0.0186492
-1.49669
1.79507
-0.330502
-0.548801
0.455772
3.08103
0.0512515
-0.639924
0.0929916
0.781537
-6.529
0.75225
1.80384
2.20219
-1.03223
1.57955
2.03134
0.0814164
1.14784
-0.43386
1.95975
-0.0614044
0.143333
1.98724
-0.494408
1.30005
0.122478
2.52364
-0.470579
1.70381
-5.73912
1.39234
-5.08202
1.20642
-6.28402
-1.25968
-1.52429
0.0940693
2.77317
1.63877
0.377544
-0.198762
-1.17428
-7.87544
-0.476658
1.2883
0.849496
2.24168
-5.59795
-0.665074
2.3859
2.35597
-1.27459
-0.312123
-0.674044
-1.25344
1.28278
2.21412
1.33626
1.68726
-0.433964
1.20805
0.287318
0.602675
0.111821
1.15986
-0.227075
-0.659946
0.990001
-0.82702
-5.2978
-0.246275
1.48155
3.09745
2.72201
1.69194
-0.395858
1.77088
-5.59164
1.32139
-0.193071
-5.27842
1.62593
-0.564177
0.403014
-0.315467
0.473079
-0.555519
1.68558
-0.696806
1.8425
0.277448
1.30197
0.553945
0.686209
1.74292
-1.97959
1.72099
3.07128
-2.56119
-1.17374
1.59315
-0.565691
1.60604
-0.955783
1.95296
1.43304
1.81403
-4.03752
-5.54075
0.164331
1.07559
0.0546019
0.456605
-5.68532
-1.66347
-0.715772
0.00419449
1.65355
-0.620237
1.66417
-0.177471
0.46526
1.26642
2.72053
-0.44834
2.24299
0.9067
1.06141
1.48309
1.62621
0.179058
0.528313
-0.355756
-5.5053
0.0325513
-0.489999
-7.57542
0.703995
0.72872
1.94261
0.129169
0.717317
-3.06826
1.41231
2.99014
1.35747
1.21643
0.1219
1.36035
2.85253
-1.49661
0.0246674
0.31076
0.365571
1.0362
-1.32051
-0.990438
1.59801
-1.55131
0.20103
0.161385
2.56081
1.24681
0.783875
2.23553
-0.484608
-0.454463
0.689369
0.261562
1.24034
-7.00962
-0.819033
1.49414
-1.65232
-0.300598
-0.243822
2.44566
0.0877761
-0.904897
-1.23703
-0.543097
1.13901
0.0141421
-0.541997
-5.61619
-0.452505
-1.64443
1.61755
-3.31592
0.0429946
-5.58653
-1.84586
2.41649
-0.031169
-0.830075
-0.800435
0.577084
1.44835
-0.631443
-0.326081
-2.71011
-0.439916
-0.366582
-0.308948
1.49596
0.125527
0.420714
0.778421
-1.21356
-10.6135
2.55635
-0.161938
1.20847
-0.162627
-0.234014
0.512089
1.22472
1.43137
0.12157
-0.497451
1.90275
1.19651
-0.540131
1.43583
-1.8627
0.666109
1.55888
-0.484383
0.830919
-7.33076
1.97786
0.0151232
0.263692
3.07319
-1.30878
0.133879
0.993
2.65728
0.108327
-10.2487
-0.891516
-8.3764
0.0784366
2.22268
0.34833
1.2954
2.49658
0.0846366
1.58037
0.966414
2.21674
0.482597
1.56338
0.158442
0.526034
1.86216
1.08775
1.56311
1.16968
1.63277
0.163561
1.38496
-5.44569
0.131335
1.29795
-5.99933
-1.49825
0.694736
0.28465
2.62824
2.63291
-0.620144
0.00612808
-0.597612
-0.593234
0.564264
2.20704
-0.0900728
1.36517
1.25298
0.95974
0.104257
0.205556
2.44316
1.3849
0.826255
0.551702
-1.79352
2.35831
0.142489
-2.69609
0.0591336
-0.217756
-0.526165
1.61457
0.0645021
0.534035
0.0833163
1.35633
-0.475169
1.48709
-0.404959
0.262915
-2.30758
-0.317323
-1.16406
1.73702
-0.119609
1.2298
0.248711
1.40048
1.70911
0.952544
-2.49412
1.86917
-5.71209
0.422452
-0.300693
-5.65263
2.59684
1.8968
1.37983
-6.14669
0.376722
1.35746
-0.550533
0.14253
-0.651593
1.35272
-0.145705
-1.16282
-0.0288139
-1.71525
0.084571
1.19909
2.60013
-2.15076
0.605492
1.31445
1.95711
0.0914546
0.674154
-0.604452
-6.807
-0.214697
-0.174698
0.0665008
1.31477
0.0806715
-5.61128
0.0098528
1.44494
-2.03384
-8.6239
0.166756
0.84752
1.12013
-2.85317
1.70995
1.56831
0.947264
-0.45867
1.18201
-1.75475
-1.00491
-0.157018
-5.47538
1.2992
-0.468753
0.901072
1.38977
-0.435744
-0.443432
0.271333
-0.889884
0.571776
1.35874
-2.91513
1.89762
0.0821944
2.58238
-2.40811
1.74537
-0.513901
-3.83463
-1.01013
-0.536638
1.72797
-5.15816
0.508151
-0.256164
-0.992622
1.2661
-4.36357
-5.27013
1.97463
-3.03543
0.637012
0.838548
-0.867587
-6.3991
1.07655
0.0866108
1.5189
0.212489
-0.274053
-0.346072
1.37911
-2.7508
-0.210021
-0.465656
-2.46617
-7.59268
-0.0026181
2.09058
-3.64014
2.01381
1.44192
-0.540262
0.818894
-5.49092
-0.534711
-5.58857
-4.06346
1.01752
0.60051
-2.3564
-0.212363
-8.59617
1.36166
1.48432
0.396688
0.5664
1.30327
2.65643
-0.585597
-0.218571
2.14174
-0.554847
-0.257713
2.59228
0.0848688
-3.3102
-0.0150316
-1.24994
-4.63111
1.29214
0.566528
0.292745
2.96548
-0.578495
-0.0869282
-0.345721
-0.308703
0.209211
-1.65389
-4.64329
-0.435791
1.29196
-0.122251
-0.628777
1.61049
-0.451365
-0.53167
-0.18219
-0.346252
3.00513
-3.00505
-2.13661
1.56059
0.162085
-4.72049
-0.554593
-0.41801
-0.669282
1.9987
-0.46241
-0.563457
-0.438123
-0.201849
1.56392
-9.42912
-0.198368
-8.26835
-8.00463
0.090605
-0.553719
-7.0126
0.668141
0.403242
-8.12519
1.25122
1.64127
3.02406
-0.203027
1.5735
2.26321
-0.458717
0.118003
-0.770855
0.577839
-0.383023
0.2648
-0.0225088
0.0971478
0.914817
0.546842
-0.592902
-9.72661
2.57728
-1.06868
-0.56442
-0.299294
1.56183
0.846778
0.847825
-2.57862
-2.2756
0.0830526
1.91675
0.54644
0.156292
2.38733
-0.313928
2.26136
-0.56515
-0.566904
-0.248574
-0.374142
-0.718756
-9.26193
2.31811
-2.35041
-2.30653
2.35193
-0.50503
-0.163685
-0.267932
2.55466
-6.23747
2.08858
0.190915
0.0870689
0.199473
-6.18172
1.01186
-0.2214
0.0737461
-0.610545
1.22705
1.78067
-0.547068
0.162017
1.70325
2.49744
-0.63439
1.55727
2.99606
-2.04672
0.858818
-0.363258
1.46631
2.105
1.82167
-4.92036
1.32978
0.374068
-0.560306
1.23074
-0.158622
1.65762
-0.358462
1.39872
0.817081
-0.332643
0.0817389
0.363376
1.38014
1.77037
0.052583
-0.504367
2.47025
1.57632
1.91135
0.238092
-0.210275
0.0914489
0.0960533
2.402
2.60913
-3.22268
1.52726
-0.551289
-6.39375
-0.0372064
1.42636
-5.20956
-5.57229
-0.554099
-0.516902
-0.0667583
0.590583
-3.98837
1.46755
1.83405
-5.67524
1.87816
0.0477191
1.4682
-1.11539
-0.453485
0.108967
2.52624
-0.153988
-0.255897
-0.899225
-6.0735
1.26972
-0.351005
0.701097
2.32832
-0.557743
-0.562857
-3.42121
-0.700753
-5.18951
1.81266
-0.764244
2.57148
2.46522
2.30064
-0.568701
-7.50865
-5.26175
-5.27779
0.0580205
-10.6112
-4.81565
-3.29865
-0.566817
1.92268
-5.83871
1.65544
-0.560729
2.2699
1.27326
-6.9701
0.185243
-5.90556
2.87948
0.109486
1.2548
-0.896282
-0.578661
-0.433811
-0.568796
-4.29286
1.83223
-0.199569
-0.255922
-6.68799
-4.4741
0.816052
-0.537022
-0.055232
0.064179
0.268563
0.278385
-0.635988
1.7933
2.30057
-5.67018
0.946087
-0.567074
1.70482
-5.37555
-1.24657
0.913719
-0.559495
0.11984
-5.19735
-0.185538
-0.705474
-0.323135
1.58557
1.09638
-4.55049
-0.107446
0.866384
1.25625
0.0102379
0.428503
-0.638667
2.93083
0.952949
1.68606
-0.134078
0.654577
-0.780022
-0.911247
-0.2141
-0.559734
-0.369529
2.38379
2.05679
-0.503846
0.781319
-0.533087
2.12019
0.568875
-4.07455
-1.29177
-4.12344
-5.51937
0.0870293
0.232621
1.51008
-1.36686
-0.133508
-9.4793
1.149
-0.488022
-9.05988
1.89424
0.731151
2.43137
-0.247801
1.57262
1.87272
1.73582
-0.231777
1.57186
-0.0991591
0.282033
0.292253
-1.60601
0.818718
-8.7511
-0.671684
-0.424853
-0.736182
0.623982
1.35616
0.470577
-6.75931
0.311785
3.0441
-0.523685
1.66355
0.0196705
2.32609
-8.53897
1.38415
-0.378319
-0.601308
2.4946
-0.318845
-4.772
0.556147
2.5841
1.61252
-0.341022
-0.542806
-1.84761
-9.18202
-2.96265
-10.0933
1.69677
-7.96172
-5.06151
-3.72311
1.05918
0.0271697
-7.07569
-0.6468
-5.39101
0.989316
-0.009002
1.48759
-0.353631
-7.26231
2.34305
-2.31404
-1.7122
-8.47411
0.309566
-4.75367
-1.02173
-1.058
-0.0425711
0.0552539
1.26094
-0.682473
-0.57942
-6.49845
0.199832
0.169715
0.309563
0.0695562
-2.3727
1.33297
-0.402314
2.27727
1.8225
0.510506
1.85933
0.566985
1.24906
2.75589
1.86512
-0.963875
-0.451514
-0.0541021
-0.447431
-0.574222
-0.553675
1.61203
-4.43482
2.12917
2.21697
1.43326
1.41068
-0.862906
0.712479
-2.00777
0.00781539
2.3729
1.70056
-0.180748
-0.0684295
-2.34445
-0.543536
-0.408859
-6.10962
-1.77768
-0.494993
-0.0822789
-0.470433
0.464693
2.44756
1.50281
1.76011
1.58139
1.7746
0.0583719
-0.121839
-0.233341
-7.54977
0.484707
0.167303
1.18651
0.937281
2.53173
-0.604189
-0.59658
0.0697284
1.43712
-0.427358
-0.0607459
-9.11632
2.84506
1.46791
-9.7939
1.39152
-0.457805
-0.835158
1.28983
1.64247
0.77217
0.417517
0.59652
-0.424401
-0.00449048
0.163801
2.38342
-1.37572
2.10363
-0.533667
-0.414295
-0.931137
1.19167
1.77229
-0.766099
0.0857891
2.82691
0.432958
1.20793
1.2534
2.60794
0.130084
1.61195
-0.257288
1.64542
0.0905277
-0.0457106
2.13564
2.94474
0.356771
-0.39951
0.038266
-0.516357
-6.39631
1.54574
0.719957
-2.6232
1.35963
1.82834
1.33596
1.44226
0.162027
1.55745
2.15189
-0.534419
2.68774
1.79195
0.733671
0.0200394
-1.17561
0.147414
1.523
0.28712
1.5692
1.79053
1.39904
-0.664068
-0.638825
1.84231
1.06683
2.05211
-0.177984
1.36765
1.64828
1.04276
1.89111
1.90516
0.103102
0.161444
1.44377
1.85794
-0.634124
-0.27778
-1.03451
1.84682
0.291689
1.61945
2.6188
-0.561286
2.53423
2.78879
-0.193414
-0.454199
-0.029237
3.00566
-3.85135
1.78146
2.63524
0.536765
-2.02972
0.776865
1.12477
2.76413
1.08906
1.026
2.88134
2.08431
0.101023
2.86034
2.32232
0.135846
-0.514111
-8.45062
0.0276631
0.278433
1.74348
2.29098
-3.86235
0.00858271
0.862507
0.429759
2.03066
-1.64132
2.47628
-0.773608
-0.994213
1.2164
-2.33218
1.81845
-0.241112
1.17475
-0.548394
2.29822
1.52583
1.49636
1.56581
-0.720266
-0.101882
0.0223938
0.842563
0.927681
2.43876
1.67848
0.0223361
0.976318
0.390939
-0.561111
2.2729
0.135836
1.8871
-0.225084
0.0659535
-0.55728
0.252972
0.762823
2.57511
-0.31041
1.05193
-0.552623
-0.363352
2.19502
2.16381
-0.569109
2.14368
0.520379
-0.562555
0.219577
0.889461
2.95805
-0.0840011
-2.96585
1.94202
-0.409268
1.61335
-3.27727
-1.1672
0.147755
-6.76293
-0.855964
0.397651
1.61228
-0.000451455
-0.722972
0.0143892
-0.320669
-2.13552
0.708903
2.46951
1.20978
0.983203
-0.387133
-0.403329
0.231573
1.12854
-0.280457
0.0226828
0.0788816
0.00488369
-0.0232787
1.08249
0.476411
0.685457
1.08144
0.951347
-1.61062
-4.86609
0.26596
-0.52669
2.82766
0.929464
0.553118
-0.358831
-0.611014
-0.51718
0.0073465
-0.52728
-1.02375
-0.142204
-0.478771
1.60959
0.317384
0.0464889
1.73125
-0.93381
-0.733156
2.4182
-1.76623
-1.99666
0.456218
1.44208
-0.504681
0.325782
-0.495974
0.127379
-0.468257
-0.241181
1.79148
-0.563237
0.862052
0.0926516
-0.572359
-0.536983
-0.144245
1.29123
0.229704
-0.540003
2.4143
-2.52652
1.54106
-0.780009
-3.07918
-2.30273
-0.222679
-5.08114
1.46167
1.44197
1.53075
-0.146165
-0.790019
2.14606
-0.56664
-2.63737
0.0168838
-0.556277
0.0772821
0.190176
2.18031
-3.48778
-5.76124
-0.399392
1.10128
0.921392
-0.898902
1.00035
0.149179
-0.308759
0.460043
0.81916
0.536573
-0.103975
-0.656877
2.27576
-0.0903143
0.062569
0.831491
0.017105
1.00548
-0.700581
-0.180845
-0.318457
1.11521
0.0657685
0.120581
0.658773
0.0109647
0.188437
-0.390727
1.54497
-0.0216691
-0.328239
1.34318
1.30755
0.113609
0.761752
0.742385
1.48406
1.82178
1.60248
-0.308816
2.4906
1.20573
-1.7861
1.00399
-0.749233
-0.280957
0.0660468
0.635542
-0.697534
2.50597
0.337023
0.405759
-0.389349
0.559032
-0.34139
0.444404
-5.26746
1.19109
-0.351512
1.37655
0.900745
1.46902
-0.844672
1.89487
-0.534894
1.40275
1.51545
0.45152
-0.340325
-0.844064
-0.499857
1.71643
-0.600195
-5.68776
1.69685
0.91492
0.0664685
1.73908
1.22471
-0.509811
2.3093
-1.86689
0.140791
-0.643967
-0.948885
0.076126
-0.0763576
-0.370351
2.55388
0.0174334
0.439648
-0.15336
-0.469777
1.52524
1.87557
0.01119
0.0558189
1.35948
-4.93283
1.31822
1.49946
-0.125816
-0.18274
0.968087
-0.0319271
2.58786
-7.77298
1.20893
0.0354046
-1.34823
2.53097
1.60046
0.197599
2.06179
-0.403984
1.87772
1.8442
-0.632126
1.42508
1.32789
1.05563
1.41238
-1.02547
1.53226
-0.0574439
0.684399
0.00528513
-6.01255
1.58598
-1.57209
-7.79657
-0.0675174
-0.0187455
1.05669
-10.5188
1.35947
0.233576
0.702058
1.40836
1.12989
0.258249
0.223376
-0.476954
1.39947
0.75541
-0.674347
-0.594053
-0.405458
1.54654
-0.588351
-0.539747
1.30749
-0.553657
1.81921
0.895237
-0.830233
-6.41258
1.67955
1.84466
-0.23311
1.24451
-10.636
-0.540922
-6.38271
0.360587
-0.504958
-4.70153
2.75518
0.618079
-9.80184
0.0411197
-0.349293
1.41558
0.79225
-0.612985
-3.37768
-0.556541
-0.425337
-10.5037
1.03904
2.28433
-0.282827
-0.615574
0.0462763
-1.64994
1.86158
2.79148
-2.42196
0.973467
1.50174
-2.37026
0.370296
2.49883
-3.97371
-0.55446
1.22249
1.25632
1.11479
-0.427263
0.768881
0.0181472
0.85878
-2.19681
0.0753063
1.52537
-0.17206
0.290116
0.824393
1.38779
0.945889
0.0896375
0.567671
1.52381
1.10842
1.28766
2.60311
-0.889129
2.43258
0.0696428
2.37908
2.92832
-2.30934
0.212015
0.372625
1.38772
-5.47391
0.685263
0.870154
0.0703576
1.55905
2.11861
1.61638
1.66579
0.432608
0.950746
-1.0767
2.85027
-0.562028
-0.276797
-0.541448
-0.53856
-1.26768
1.5734
1.66187
0.732445
1.73918
-2.39788
0.0988529
1.8132
1.35031
-0.105795
-0.240329
0.020153
-0.0470149
0.369746
1.54367
2.72218
1.37913
1.95119
1.87671
1.58002
2.60376
0.942353
1.4065
0.155534
-0.489414
0.64799
1.0922
1.07135
2.88831
0.332545
0.676873
0.00480194
0.0858243
2.76107
0.877538
-0.206491
-0.819934
1.17174
-0.807081
0.0655564
2.03053
1.46623
1.28886
1.5667
0.146532
2.10103
-6.0327
1.26826
0.260261
0.039866
-0.224618
2.2706
-0.268511
-0.390309
1.49594
1.36388
-0.375915
1.29322
2.3378
-0.0856575
-0.551729
-0.626254
-5.83868
-0.251316
-0.527034
-0.315631
1.33854
0.457467
0.0680996
1.51572
-0.111478
-0.20932
-0.709977
-3.74826
-0.691601
0.279086
-0.669689
-2.34797
1.38388
1.35456
1.96259
-0.486767
0.56618
-0.236961
1.33068
2.25398
-0.992448
0.0327776
0.0605363
2.36057
1.06751
-0.389073
-0.598634
-5.63587
0.0478736
0.129798
2.49927
0.0643008
0.00569615
0.703962
0.464768
0.0171009
0.764253
0.297969
0.668433
-1.16303
-0.5322
-0.278398
-1.08762
0.0329462
0.597621
-7.32613
1.58329
1.07703
2.66527
0.517692
2.4043
-0.690688
1.64166
-0.255936
-0.226432
-0.455885
2.21014
-0.212355
0.15087
0.197011
-5.80564
-0.565971
0.017166
0.0617624
0.0769844
-0.0416288
0.0305486
0.224048
0.947619
1.76887
-5.00018
0.174471
0.264113
-0.0360692
-0.277794
1.57515
0.182485
0.698198
-0.0481363
0.0753342
2.0551
-0.838474
0.629088
0.00366534
0.0609467
-0.150042
2.01592
-0.893053
0.0666862
0.0448437
-7.42407
-0.28818
0.0324441
2.38491
1.7167
0.022981
-4.96477
-0.701492
1.44304
0.132046
-0.060654
0.0108597
0.544328
0.114913
0.0681958
-0.359715
0.00707311
0.607971
-0.359978
1.49688
0.238894
-0.476992
0.142657
0.54693
0.147608
0.126855
1.48135
0.118051
-0.104648
-0.191105
0.0391775
-0.432223
0.0532953
1.54222
-7.77264
-1.12543
0.146434
0.0157771
-1.93547
-0.180702
0.044879
0.0285848
2.14312
0.942571
-5.83045
0.0870619
-0.535592
-0.475675
-0.243682
0.028524
1.4837
0.758078
1.16738
1.42402
0.0222858
-3.48176
-0.367042
-5.49499
-0.437793
1.65491
-0.00124141
0.503948
-1.42533
1.74393
0.0640145
1.54842
0.139062
0.14985
1.924
0.0309414
0.0469522
-1.39915
2.09042
0.089532
1.31576
1.49788
-0.555357
0.0439356
1.37811
-4.51754
2.04407
-0.207685
1.99066
-0.577698
0.066394
0.163362
1.53222
1.93557
-1.59824
1.24874
0.588667
0.0301648
2.21329
0.487539
-0.567515
1.40375
0.0672233
0.139614
-0.398719
-0.571497
0.0695665
-0.53882
0.00347623
1.22446
0.980872
0.0569576
0.0664843
0.663031
0.142715
1.42886
-0.330102
0.0248194
-0.666291
-0.25196
0.0918005
-0.465122
1.19897
0.162136
0.0715314
-8.20278
1.5726
0.0438024
-0.493733
0.0247574
0.42175
2.36079
0.0333703
0.00948747
1.04523
0.0542775
0.00321251
0.0556494
-2.3944
-0.591227
0.065772
0.0490152
1.49503
0.00740204
0.0800986
-2.23948
0.0548257
0.047869
-0.101101
1.45827
-0.0744312
0.0181987
0.329946
-0.496502
0.14473
0.0469147
0.900249
-0.534146
0.19823
0.132798
0.128756
0.0795388
0.0161665
0.014534
-0.587763
-0.220321
-0.276321
0.36719
0.827383
0.109119
0.668738
0.717099
0.0665522
0.0323373
0.722395
-0.651444
0.0276284
-0.237924
0.160026
0.304882
-0.921917
-0.565067
0.0222928
0.294869
0.155883
0.984414
0.76366
0.135706
0.087587
1.53611
0.0940578
-0.553709
0.044104
-1.62725
1.93936
1.40515
0.16121
0.0568873
0.0629777
0.10836
0.0495251
0.0795789
-0.522108
0.146773
1.41519
0.261538
0.0669207
1.41159
0.120841
2.21622
0.0712315
0.207335
0.224115
0.0478547
2.05892
0.0591442
0.0532961
-0.473367
0.0528894
0.919586
0.551663
0.0819942
1.49553
0.119048
1.10857
1.91255
0.779852
0.810633
0.0774807
0.846188
0.0887029
0.0526914
-1.83307
-0.522526
0.080999
1.83345
0.530753
1.33803
0.748578
0.00094688
0.0686966
0.0873925
-0.321135
1.01365
-0.48744
0.051227
0.00491963
0.0543569
0.0259368
-0.0761786
-0.564162
2.40943
-0.5543
-1.76671
2.25706
0.193866
0.0550277
0.0511062
0.0639251
1.30254
0.0669298
0.0614798
-5.74451
-0.472081
-0.0410947
1.47546
0.0820175
0.0656068
-0.897025
0.0132498
0.145441
0.0860903
0.0667079
0.0842808
1.45534
-0.696823
-0.422726
0.590965
0.0316091
-5.96738
0.125859
-0.581666
0.0254213
1.55204
-6.4341
1.82827
-0.00178323
0.0908451
-3.42517
0.0408502
0.00359566
0.0503668
-0.567785
-0.389483
2.28986
-0.519297
-2.40878
0.0101548
-1.70959
0.0502121
0.102179
-4.42721
0.0153609
0.0307436
-0.00365224
0.0763205
0.0592819
1.78123
0.347367
0.00768003
0.13785
0.0618679
-0.745564
0.116415
-2.6853
0.0924754
0.0208256
1.69356
0.126411
1.46204
0.0721701
0.0898833
0.0276661
0.008767
0.0242694
-5.56587
-0.644466
0.0978588
0.814284
1.25026
0.574125
0.0425266
0.0537225
0.0376082
1.67411
0.0669861
0.288719
0.875871
0.028527
0.0689836
0.0473389
0.0353091
0.0357029
0.0928189
1.4653
0.00937386
1.10564
0.079069
1.50971
0.0678191
0.93043
0.0174185
0.0663781
-2.90672
0.0699058
0.0549107
-0.0571977
0.127826
1.09798
0.0341557
0.388717
0.0745578
0.0503592
0.266592
0.0697285
0.0733605
-0.819665
-2.75419
0.0575572
1.8403
1.30803
0.0452014
0.055733
-0.507301
0.0265702
0.336484
0.0804012
0.0612017
2.04448
-0.581453
0.0569198
0.0345725
-4.55056
1.47394
0.128327
0.0731871
0.0287298
-8.61101
0.20808
0.049824
-0.964153
0.592921
1.0102
0.0741607
-0.0548259
0.155885
1.39328
0.0734871
0.0271904
0.0779526
0.156141
-0.402943
0.0905227
0.0755398
0.0503218
0.108433
0.0295511
0.0867448
0.0153359
0.109934
-0.0544174
0.0901071
0.0508761
0.122845
2.67676
0.0486874
0.194568
0.019966
0.131633
0.582839
0.0740353
0.129857
0.228645
0.0547629
0.0338383
0.0126027
0.0273228
1.41084
0.0156507
0.0593634
0.144776
0.0304661
0.0321462
0.177144
0.0624512
1.65957
0.0563472
-0.553933
1.16562
0.0426034
0.0403637
0.0353656
0.136803
-2.56977
-0.0581874
0.284505
0.0558565
0.181475
0.0200087
-0.696184
1.57376
1.65283
0.0360717
0.0881067
0.0907855
0.0382827
1.38949
0.0160967
0.0583578
1.49215
0.0479116
1.49198
0.0688254
0.0492976
0.154456
0.0618537
0.0188697
1.78418
0.0795926
0.00404264
-0.102609
-0.0656583
1.41564
2.08718
0.0120356
-0.0347985
0.049698
0.0342451
0.0020432
1.47092
-1.5397
0.00293025
0.0415726
0.133594
0.0321677
0.0511332
0.0649284
-1.69533
0.00431052
0.0311858
-0.696391
1.43246
-3.62408
0.0461669
0.0693953
0.923106
0.934382
0.0246924
0.00538106
-9.89368
-1.10925
0.014687
0.0460087
0.0139631
0.0444928
0.00525883
-5.46251
0.0202321
0.188446
0.0376917
1.45196
0.0251228
0.0836647
0.0526458
-0.361664
0.022817
1.39499
0.188284
1.69943
0.142548
-0.545897
0.043825
0.0878101
0.0571279
0.0651135
0.0950627
0.0246632
0.0312162
0.0936103
0.0338969
0.0422149
0.0385829
0.0431715
0.062382
0.0476456
1.49497
0.0249223
-0.110101
1.75986
0.0302309
0.120496
-0.406237
0.488199
0.039739
-0.435021
0.0387641
0.0391387
-8.29477
0.10964
0.0399902
-0.410596
0.0461989
0.117593
-0.188985
0.0120584
-1.14337
0.0408473
0.0500173
-0.50984
-0.188872
0.0319867
0.0364927
0.050812
0.19644
0.116821
0.0775437
0.297352
0.020491
0.0235967
0.0437696
-0.33269
0.0176978
0.0100621
0.0458815
0.0383643
0.0714392
0.0549171
0.0445227
-0.488459
2.35703
0.0468185
0.0337912
0.0470435
-0.401818
1.64228
0.073175
0.215617
0.00354767
1.66332
0.0373507
0.496238
0.128495
0.00740784
0.0272813
0.157816
-5.55795
0.0942576
0.310559
1.28756
0.0392793
-0.00553638
0.0368007
1.66313
0.0495974
0.0231926
0.0367679
0.0466706
1.18602
0.0738666
0.0418191
0.0195423
0.0415493
0.0421808
0.0338075
0.650399
-0.426164
1.92085
0.000746892
-0.506284
-0.0270408
2.38182
1.02344
0.0314077
0.0378918
0.0589321
0.0765973
1.35583
-0.0318575
0.0689468
0.0655917
-0.770564
0.0507856
0.0755914
0.0416752
2.91022
0.903751
1.33761
0.0495571
1.47601
0.0505518
-0.566026
-0.647993
1.91744
-0.557636
-0.584702
0.0308009
1.10989
0.00564533
0.0427802
-0.12573
0.00847812
-1.591
-0.0262345
-0.507141
0.0360586
1.51795
0.064277
0.293931
0.0367907
0.0400718
0.0664117
1.50337
0.0352315
-0.723076
0.0633047
-5.48772
0.00368507
0.0676404
0.0646778
2.4057
-0.547169
-0.0123575
0.0755092
0.0334032
0.0557939
0.943248
1.44973
0.0529938
0.061281
-7.25462
0.0618546
0.730279
2.67374
0.722948
0.252904
0.100087
0.0871859
0.0390704
0.403727
0.0530333
0.0758211
0.0357107
0.531489
1.41343
1.35608
-0.983697
0.938113
0.0693918
0.184451
-1.43928
0.14363
0.0624401
1.59907
0.0893813
-5.62459
0.038403
2.31297
-0.241434
0.0167864
0.0971752
-0.460453
0.103077
-5.0821
2.45583
0.109885
-0.265069
-4.06528
0.0799148
0.120795
-0.541042
-0.0840688
0.0373799
-0.81948
-1.41655
1.45822
0.0606242
0.192542
0.0652706
0.830872
0.0842538
-2.02725
0.0458502
-0.233021
2.78845
0.0335777
-2.8745
2.51099
0.00566988
0.123252
0.0995436
0.0151147
1.56636
-1.10229
1.3711
1.45503
0.101885
0.0855097
1.47188
0.668345
0.146027
-0.855
-0.575693
-0.429848
1.56449
0.0447376
-0.301487
-10.4579
0.301438
-0.161929
0.057703
0.0887839
1.41801
0.100269
0.0593146
-6.5488
0.037141
0.0349003
0.0695836
-9.95083
-0.642876
0.192903
0.0502428
0.140542
-0.253489
0.0956217
2.68445
0.0993713
-1.39679
0.461973
0.0297934
1.53163
0.0518645
1.42817
0.0757141
1.30924
-7.34149
0.130227
2.14933
-0.241263
-0.443047
1.66745
-0.279547
0.057508
0.0134674
1.48451
1.59027
0.0667298
1.64568
2.47366
0.921076
1.68888
-2.45076
0.0585996
2.23919
-6.61649
0.367808
0.107695
1.41183
-1.89298
1.70303
1.62572
1.7779
-0.288032
0.0523541
-0.784371
0.0401834
0.142808
-0.569706
-0.541914
0.0478417
0.0393957
-0.561729
0.121327
-0.0880972
0.204757
1.8457
1.99166
1.91207
0.123543
1.02136
0.00439522
0.357216
0.123103
0.125592
2.61382
0.0221819
0.115191
0.196097
-9.49262
2.08205
0.103867
-0.132977
-7.27667
0.197876
-0.172157
-0.369585
-0.538984
1.13507
0.0633073
1.14797
1.56018
-0.864626
-0.347041
0.240119
1.54319
-0.980765
0.010297
0.0315163
0.00208241
1.22963
-0.0884157
0.0816211
2.94483
2.10634
0.0563908
0.124849
-7.57214
2.38438
1.32126
-0.341494
2.64522
0.0302949
1.40917
0.464755
2.41359
0.217767
-1.02574
0.822346
-10.1371
0.0150423
0.0900103
0.208397
-0.56361
2.50919
0.174986
0.0770425
0.152833
0.270301
0.914502
2.77557
0.101595
0.0901762
0.116109
1.0807
-0.00637685
-0.158144
0.140704
1.35234
0.11711
0.0295168
-0.405539
0.241903
0.322738
1.34168
0.111422
2.449
0.0985996
0.0319606
1.48618
0.0317047
0.0129485
0.182666
-0.691346
0.75308
0.0258547
0.547495
-0.809212
0.0546864
1.23501
-0.506485
0.035574
0.213166
0.109047
0.0830686
1.23887
0.110453
0.11732
0.0148929
-0.275546
0.0389103
-0.0823176
-6.60053
0.0863196
0.660759
0.14609
0.100042
0.287517
0.0969373
-1.01661
0.0727669
1.4721
-0.0864565
0.0275402
0.205306
-0.028987
2.16706
0.0797931
0.5606
0.127755
2.92396
2.68034
0.117328
-0.574188
-6.43386
0.00497527
1.23644
1.49594
1.41527
0.0625239
0.0238074
0.218603
2.32259
0.238206
-0.428816
0.392319
-0.309778
0.238731
0.114907
1.23494
2.28441
0.109108
-0.356978
0.0474563
1.16891
1.95619
-0.24796
0.425647
-0.834091
2.73522
0.00637803
0.106435
1.0701
0.178387
0.0253006
0.0271649
1.45478
0.0142984
0.0169105
-0.391156
-4.70891
0.0631193
0.00625652
2.24303
0.661959
1.73789
-0.0158007
-0.55496
2.85818
0.0709791
0.182488
0.542309
-0.0722596
1.1787
1.26285
1.5211
0.00617574
-0.503524
-0.131717
1.43296
-0.135991
0.0178449
0.125397
1.47421
-0.0109768
0.0320664
0.0976066
0.326891
-0.02054
0.0215668
0.167768
0.0997162
-0.102599
0.00341215
1.10338
2.24303
-0.15546
1.63014
1.28405
-1.09597
0.025611
-0.89406
1.49973
-0.280534
0.133417
0.156105
0.067192
0.0544154
0.0817054
2.8908
0.00979738
1.55011
1.05225
0.02524
0.0996354
-0.400943
0.0743083
0.376271
-0.305594
0.0997614
0.96846
0.0614603
-0.0708395
1.73305
-0.021714
0.332282
0.221054
-1.19233
0.210182
0.62275
0.121879
1.09334
0.229886
-0.461537
2.10288
1.81277
-0.0419725
1.25813
0.0181006
0.640885
1.38472
1.50942
-0.222972
-0.406227
-4.33389
0.0492693
1.44327
-0.624206
2.01873
0.0275804
0.74946
-0.541466
-5.57321
1.4436
-0.0841643
1.46304
0.248197
0.216974
0.208411
0.20507
-0.341226
1.18916
0.406504
1.4475
0.265641
1.94985
2.11505
0.0987073
1.84344
0.242339
0.000590737
0.559919
2.06849
0.695536
-1.25673
1.55664
0.126171
0.132268
2.01893
1.37411
1.96361
0.0302646
0.0290471
0.205936
-2.24659
0.0823811
-1.47198
1.23219
-0.605514
1.62893
-0.0113376
-0.136384
1.2554
1.55001
0.20557
1.4705
0.0353895
-0.548589
-0.145038
0.0787399
-5.64482
0.845499
0.827993
-0.580533
-0.108637
0.34099
0.00952112
1.00248
2.04695
2.20406
0.593855
0.395953
0.00353016
0.376547
1.31746
0.0193414
1.75434
-0.304738
0.104327
-0.153213
-0.117069
0.938408
1.47531
1.76712
1.14547
0.0466109
0.0704952
1.4331
1.45565
1.55698
0.146389
1.83008
0.718342
1.48815
0.982798
0.221116
0.172386
1.52105
1.35884
-0.681277
1.50128
-0.00869489
0.176854
1.14229
-0.106096
-0.449965
2.40246
1.78518
0.173999
1.43083
0.442016
0.919474
0.215976
0.204417
0.0451987
0.0452887
-0.0864989
-1.41233
0.338884
-0.17965
0.0244726
1.40251
2.05885
0.237312
1.46701
0.247179
3.10558
-1.84095
1.71185
0.230392
-6.04214
-0.607623
3.11094
0.29228
0.0154591
3.0769
0.0912301
-7.2306
1.4408
3.04193
-0.187917
2.99024
0.792231
0.216647
-0.51711
2.89087
0.017752
0.0526848
-8.28223
0.2122
0.165017
1.69767
2.74434
0.0124919
0.486975
1.78367
-0.116062
1.52541
1.26142
0.101581
-0.47393
-5.11228
2.69397
0.418279
-0.482868
0.27965
0.199289
2.65143
1.07881
-0.053311
-0.502093
2.60401
-0.947123
-0.513817
2.55775
1.73609
-0.522801
-2.09289
-0.537351
0.649202
1.76196
-0.532646
2.49251
1.47575
0.118433
-0.533089
1.98621
0.176495
0.423015
-0.238591
-0.575199
1.34993
1.44033
-0.398028
1.49793
-1.10678
-0.700278
-5.07382
2.36238
0.937727
1.27782
-0.276317
-0.560619
-0.564653
-0.568711
-0.571999
-0.575417
-0.561494
-0.0778253
-0.55379
-0.535183
1.83969
2.32201
0.918747
0.771524
0.330089
1.10056
-0.530737
2.29406
0.00158014
-0.521917
1.85999
-5.99378
-0.516823
0.170669
2.20652
1.32504
0.897226
0.384836
1.45985
-1.50624
-0.523216
2.17749
-0.522681
0.189766
0.310265
-1.1022
1.40076
2.13888
0.0437277
1.85556
0.108071
1.18032
-0.562404
-0.141619
-0.123566
2.10104
-0.193882
-5.6791
2.06362
-0.0703948
-0.840089
-0.150355
-0.791169
2.0327
1.47335
0.459979
1.45584
0.156696
0.0565778
0.0295942
-0.979007
-0.542319
1.98921
0.521988
0.0710973
1.50938
0.641247
-0.609986
-0.144601
-1.23827
1.95903
-0.552956
1.46432
0.0778613
-0.00610686
-1.59414
1.92099
0.613166
-0.711581
1.87574
-2.0518
0.0409734
-0.10841
-5.57353
-0.156364
1.84865
-2.60493
1.79027
-3.23903
-0.401793
0.96473
0.00603199
0.792353
0.040551
1.74944
-4.0275
0.804843
2.30219
1.52023
-4.72719
-0.48512
1.71762
-0.312992
-0.516161
1.25021
-5.50573
1.46318
1.68718
0.0315055
-0.0970399
-1.91119
1.45956
1.04406
0.166874
0.0827934
-6.22936
-5.56951
1.63659
0.335099
-1.93528
0.376542
-2.07114
-4.18932
0.091451
0.685687
1.60051
2.04064
1.47465
2.20094
1.5292
-7.32272
0.906428
-0.00958297
-0.526435
0.706152
0.0256511
0.166969
0.820754
1.20218
0.0404147
-7.59084
-0.552161
1.52223
-0.523723
-0.325381
1.78541
1.19187
-0.103327
2.55508
-0.726136
0.333975
0.331531
-7.65619
0.133671
-1.59519
1.47003
1.75201
1.59675
0.970318
-7.55723
1.41887
1.35557
1.32314
1.25885
1.21496
1.14371
-5.09622
1.37543
1.09103
1.6218
0.977894
-1.20229
2.08454
-7.36645
-0.589477
-1.28206
1.11541
-6.59001
1.99158
-7.13138
0.231299
-6.89853
-0.611972
-6.65181
1.41625
-0.728179
-0.15417
-6.4139
-5.95548
-0.382785
1.46904
-1.81732
-6.0008
1.56738
1.55524
-0.291795
-0.6636
1.64548
0.29493
-1.00906
-0.370759
0.514875
1.32476
-2.59657
0.0910843
-0.42326
1.63286
-0.464077
-1.55004
-0.557098
0.722665
1.47004
-0.628772
-6.43425
0.657162
1.69062
1.13454
-8.83344
1.48827
0.6072
1.19413
-0.098181
1.48797
-0.193087
0.0137885
-0.0226289
0.6322
-2.81859
2.19373
-0.0108365
0.0704835
-0.0480131
-5.76473
1.91845
1.57813
1.31183
1.47068
0.309679
-0.0867588
0.239686
-1.46325
0.626182
-0.82396
-0.0186518
1.05945
-4.27051
0.319592
2.7155
0.022622
0.761711
0.797843
-0.601525
0.135858
1.06975
0.178933
0.684186
1.23391
1.43386
1.53466
1.48619
-0.108773
1.71349
-5.64197
0.112726
0.385763
-0.372214
-0.21809
0.0302783
1.70474
-0.578465
1.45229
-1.40342
-0.792243
0.355664
-2.5564
0.289593
-0.425289
0.337078
1.60408
0.22741
-0.147811
0.0964907
0.300928
0.134774
-0.356185
0.0512068
1.47939
-0.379311
-0.450784
1.1512
-0.502608
1.14317
-0.444045
0.141604
0.164224
0.136748
-0.0047579
-0.571167
-0.219394
0.071942
0.0602994
0.846083
2.22402
0.95237
-5.13689
1.46588
-0.274484
1.0979
0.0626603
0.0697165
1.21429
-1.31981
0.0445711
-1.15705
-0.585767
-0.791201
1.49546
-0.00550854
1.78133
0.28907
0.00910314
2.31357
2.18415
-0.342535
0.541346
-0.292895
-0.345331
1.64391
-1.0235
-0.550877
-4.01801
0.0355986
-3.10164
0.406867
0.850446
-0.471517
0.0169137
0.13723
1.42223
-0.619305
-4.25904
0.858455
0.62149
2.16845
0.238566
0.536296
2.25473
2.2921
0.000628076
1.99415
1.16934
1.51835
0.145497
2.01616
1.55876
0.361678
-0.397033
0.196245
1.17011
1.12525
0.00679719
0.0417625
-0.3144
2.79996
1.1607
0.680513
1.47947
0.840125
-0.299508
1.12861
0.361534
1.95124
-0.0878077
-0.207991
0.279315
2.50132
0.242923
1.63474
3.08009
1.47931
1.45842
0.0305936
0.66825
0.00744422
1.71392
2.64431
-7.78521
0.407908
2.54938
-0.0259793
-1.28583
2.78998
0.55442
-0.941317
0.449591
0.16754
-5.93165
0.312
0.0502874
0.0929906
0.125361
0.103201
-0.747612
-1.36478
2.62883
1.58659
0.692903
1.16958
1.25877
-0.549993
1.37259
-0.49096
2.99237
-0.171917
-2.92646
0.106691
2.16598
1.39706
1.32871
-0.245143
-0.429478
-1.51231
-0.204014
-0.00760815
-0.214043
1.20241
0.0892727
0.0649442
-0.301092
1.49526
-0.0626472
1.31411
0.0466982
0.457197
0.649135
2.54547
1.31364
-0.386599
1.11916
-9.83859
1.71197
-0.356567
1.35127
2.37667
-0.245807
0.230394
-0.496937
0.054688
1.43425
-0.403612
0.601086
-0.263913
1.23956
-4.97928
0.182412
2.06965
0.58479
-0.702765
-0.50424
1.5526
1.78299
-0.243086
2.87816
1.36993
0.518416
1.15501
0.152398
1.61206
-0.502502
-0.417331
-0.564126
-0.784396
1.46576
-0.563371
0.512282
-0.32388
2.44997
1.03465
-0.146038
0.0887534
0.163946
-2.28012
1.0916
1.10895
1.06443
-5.03997
0.43996
-0.0627668
0.788513
-0.111582
0.87502
0.183707
0.379472
-0.0548076
0.795119
0.450913
1.46565
-0.940968
0.0677654
0.215409
1.44911
1.82449
0.231405
-0.679701
-0.216142
-0.0353655
0.66568
2.85703
1.59599
-0.460922
1.11364
-0.727674
1.41747
-0.662858
0.952116
2.19869
-0.715773
0.0596889
-1.08886
1.42541
0.477232
0.178355
-0.480427
-4.37963
-0.589364
-0.485252
-1.4761
1.57218
1.03953
-0.905138
1.53193
-0.572599
1.55874
0.177869
1.41734
0.2199
0.151109
1.46686
-5.45817
1.45048
-1.04161
-0.545013
2.34081
-0.492252
0.334486
-0.666897
0.345045
0.963987
2.06332
-0.742499
2.91035
2.57448
-9.6835
2.15293
0.0157516
1.5
2.72052
-2.45185
0.0100203
0.757899
1.42326
0.406383
-1.68468
-0.434948
0.214359
-1.1442
-0.273547
-0.157983
1.51929
-0.434469
0.0792887
1.39341
1.91994
-4.31307
1.96736
-0.426628
-3.95075
0.224548
0.864128
1.41457
0.63729
1.84271
1.04491
3.11498
1.35876
-5.87891
3.09708
2.107
2.19802
1.62599
3.06776
2.2457
-0.322666
1.1851
3.01766
0.742411
0.193518
-0.31158
1.35413
-5.88875
0.811823
1.16967
-0.294022
2.14498
1.48108
-5.41528
-0.560319
0.425666
2.08225
2.03438
0.014043
-0.747447
-0.622974
-6.48281
1.83457
-0.274921
-0.126133
-1.61005
2.87789
2.23919
-0.443176
0.739784
-1.05545
-0.571404
1.89364
-0.0591445
2.71888
1.43145
-1.83672
-0.818059
-0.521195
0.998918
-0.94648
-1.86293
-2.95279
2.65367
-0.481703
-1.76783
-0.0861222
0.0231919
2.6739
-0.108844
-0.43673
-4.9528
0.472879
-6.35189
2.29028
0.556829
0.650175
-0.796077
0.0490286
0.519668
-0.489926
2.62755
-0.938735
-0.0886759
1.42127
1.03504
-7.53081
-1.50433
1.35404
-0.507048
-0.889283
2.26053
2.58184
2.03613
0.103228
2.52512
2.16269
1.53682
0.780754
-0.519903
1.73011
1.01414
1.65267
1.63442
2.14186
1.76332
-1.27025
-4.38063
1.41374
-0.523858
1.20731
-4.09659
-1.15609
-8.30549
1.98444
-0.16215
0.502489
-1.09351
1.84435
-0.293728
-0.539028
-0.264752
1.2068
-3.8873
-4.20129
0.0384644
1.47888
0.443212
-1.64417
-0.367819
-0.625795
0.0221121
-0.752996
0.00341583
0.169304
0.46168
-9.37174
1.40414
1.49786
-2.14005
-0.413439
-0.468787
-7.49147
0.605416
1.41358
-3.84677
1.18777
1.1565
0.425517
1.60488
1.22383
2.34415
1.68193
2.25937
-0.679756
-0.561892
0.914504
-0.567157
-0.570338
-0.572849
0.717979
-0.571857
-0.560809
0.097311
0.278927
-0.532112
-0.010018
0.609284
-0.570016
2.30829
1.2814
2.95455
-0.525286
-0.611268
-6.17591
2.67199
-0.0224853
0.931929
-0.433016
0.60892
-0.518849
-1.24096
-0.360856
0.873155
-0.658649
-0.516048
1.08545
-1.02826
1.39079
-0.274582
0.591322
-1.88617
2.19492
0.182978
2.37441
0.339014
-0.522256
1.56024
-0.621392
0.67304
-0.436248
-2.0387
-3.67673
-0.0367215
2.15828
1.51162
-0.539514
2.14957
2.16298
-8.90523
0.0344891
-0.53102
0.396373
1.33013
-0.0765684
-0.559956
2.12033
0.274076
-0.0464514
0.269074
-0.8268
-8.78567
2.42375
-0.449109
1.0164
0.0874052
1.24779
0.186365
1.85872
2.08204
-0.601398
0.036868
1.42994
-1.32087
1.04527
1.70748
-0.0804507
2.04897
-4.31916
-1.28076
-1.20741
1.94554
0.0224367
1.95777
-1.0884
1.58939
1.53909
1.26198
-0.803882
-0.865599
2.00909
2.07138
1.53333
-1.31908
-0.291559
0.212217
-0.520107
-0.661954
2.46023
-0.560917
0.545209
-1.09384
1.97762
-5.6021
-0.278235
0.165627
0.293573
1.54776
-0.328255
-0.823161
2.7613
1.5265
-1.39202
1.9409
1.07264
1.04804
0.155149
-0.173902
-0.503995
1.25124
-1.18247
1.66154
1.89884
-1.80475
-0.282107
1.21617
0.644843
-4.25913
1.10647
0.319061
0.200576
1.0089
-0.284295
1.04107
1.86426
-2.3266
1.03783
1.90636
1.27316
0.0241847
1.81816
-2.89045
1.45159
0.100688
-0.561865
0.0033971
2.1523
-0.113461
1.49299
-1.42486
1.76932
-3.62912
-0.0559161
1.02532
2.22901
-1.45178
1.11512
0.533809
-5.57356
1.46553
-4.42295
1.73445
2.00603
1.35082
0.160115
2.28667
-0.281064
1.4865
-0.0348305
-5.10763
-0.432774
1.70406
-3.07769
0.700388
0.888373
-5.89334
1.49142
1.65957
-0.0602125
1.44396
0.854744
-2.09838
2.38629
-5.69353
-4.15882
-1.6326
1.61774
-1.87098
-0.158832
1.51619
0.943516
0.155787
0.901687
-3.73061
0.592815
-0.415705
0.256697
0.688022
2.54757
-0.827972
1.51425
2.76842
1.00662
1.01562
-7.52111
1.46657
-0.420535
0.643275
-1.04335
0.67581
1.93175
-3.21466
-7.67966
1.4966
1.37235
0.994452
0.895267
-0.315333
0.75137
0.488232
0.942341
1.4683
1.43743
-1.75302
0.722482
-7.65275
-0.309827
1.47092
-0.539186
1.44469
1.41935
0.408387
0.37479
2.27959
0.314095
0.15972
1.40525
1.38756
1.14537
1.3424
-0.622757
1.2911
1.23835
0.183226
1.95458
-7.49505
0.746435
1.17801
2.03051
1.11601
0.735269
-0.572803
2.08263
2.04461
-0.331003
0.880205
0.507906
-7.27003
0.643378
1.19707
0.705855
-7.01776
2.83409
2.18619
-0.544389
0.722775
-0.0714895
0.0221234
-6.78186
0.807629
0.691852
1.83342
-0.305191
-6.57285
2.08683
-0.492886
-1.32053
0.136228
1.45269
0.700387
1.64178
-0.774868
0.23548
2.51092
2.63665
1.07236
0.167775
-0.522462
3.10341
0.536212
2.13052
1.3439
0.0392383
0.247136
-1.31844
0.0652104
1.93344
-0.161424
-1.22208
0.581317
0.343385
-0.414916
-1.01529
2.21613
-3.28343
-0.596175
-0.0338979
0.31847
0.707467
0.0674993
0.215883
0.681616
0.451062
0.402385
0.0622726
2.54501
1.45044
1.6768
1.78451
0.988992
-1.12124
2.50628
-0.250718
-0.226701
0.117476
1.29665
-7.2952
0.372299
1.98072
0.141547
-0.310594
-0.183403
1.50628
0.672608
-0.702489
-2.97469
1.41455
1.53251
2.34856
1.44001
1.69627
1.92308
1.88373
-0.544205
1.80599
-0.133948
0.680476
-7.86502
-0.898987
-0.463791
0.718665
0.0289101
1.69776
0.613917
0.292154
-5.85163
-0.515064
0.939598
-0.430263
-0.166983
-1.50904
1.4518
2.23702
-0.56729
0.131206
-1.74786
-0.784344
-0.263899
-0.504503
0.547856
1.40818
0.406833
-0.427899
-0.531593
-0.543396
1.50428
-0.211354
-0.518334
-0.287866
-0.473391
0.747369
-0.668348
0.786071
0.955717
2.62444
-0.129801
0.27414
2.07938
0.134339
0.231434
-3.7785
0.746794
-0.556678
-5.95179
-0.565294
0.0859937
-0.0303018
0.600816
0.136965
-2.58961
0.345742
-2.9496
0.000347775
0.0291349
0.252139
-1.27457
2.08223
0.0555528
1.48343
2.99917
2.12594
2.70873
-0.560382
2.05382
0.0117685
0.159414
-0.605943
-0.161523
0.164786
0.287069
0.187645
0.163671
0.676202
-0.557943
0.886622
-2.77559
-0.548576
-0.442639
-0.408032
1.67285
0.957469
-6.32247
1.05926
-6.88319
-0.184179
-6.07239
0.893048
-0.14689
-7.30276
-0.385913
-0.405218
1.52338
0.0606595
-4.84896
-0.661814
1.49528
-1.13403
0.435253
0.266473
-2.51683
-0.326196
-0.466712
-0.427514
0.248274
-0.699302
-0.556223
-0.446106
-0.589302
0.036185
0.199704
1.55443
-0.814192
-0.0664276
1.07942
-0.544894
-0.37403
0.594475
2.9206
-0.0351921
0.124157
-0.286843
0.122328
-3.46476
1.59541
-0.365505
-1.1161
1.47932
-0.012339
-2.16568
1.91159
-7.67189
-2.45939
2.10541
1.0209
0.125144
-0.487283
-0.406593
-0.789586
-0.473047
1.39597
1.81376
-8.71647
-0.176929
0.29459
-0.427114
0.482048
1.32712
0.119665
2.07212
2.21962
-1.57376
0.751751
-0.467631
-0.357189
-2.27527
-0.19964
1.25854
0.3486
2.73134
-7.59547
-8.27341
2.67678
-4.1365
-5.14394
-0.809312
-1.34976
1.37501
1.32193
-5.67987
-1.48413
1.05303
2.3517
0.0471447
2.3842
-0.687987
-4.76467
0.200326
-6.70957
-0.566924
-0.702024
0.424501
-0.440477
-0.868077
1.938
0.516862
0.0436436
0.718008
2.96573
-5.9558
-2.12254
-6.60706
-0.394036
2.91442
-7.14595
0.530293
-0.415707
0.034119
-3.22604
-7.33426
-0.386127
0.155007
0.0628602
-0.129491
-0.338016
-8.74952
2.4827
-0.824995
-3.73984
2.52473
0.927465
2.08284
-3.87717
1.45289
-0.218219
0.020469
1.18847
0.955081
2.21795
0.78599
0.00993643
0.554456
0.0304524
-0.796323
-2.52158
0.164577
-0.38852
-5.81879
0.974943
0.569232
0.0539084
0.497681
-0.088622
2.40188
1.50158
1.39795
0.208876
-3.96599
1.3048
-2.96139
-0.716504
1.44727
0.177729
-3.33627
0.0447704
2.25173
-0.999419
2.17503
0.0566112
2.0235
-0.297966
2.22418
0.995875
1.03957
-9.28333
-0.273496
1.51627
0.997888
-0.672138
0.116452
-5.67082
-0.76461
-1.65134
2.40776
-0.408078
0.483104
-3.28934
0.462579
2.03215
-1.50936
-0.951783
0.692234
2.40121
-0.530739
-0.423072
0.201429
0.0449293
-3.52111
-0.262861
1.13495
-0.706291
0.513403
1.50678
2.28259
0.871494
2.00438
1.76466
0.158502
0.150843
-0.288872
2.36291
2.83327
-0.911777
0.349348
-0.742047
-0.541826
-3.5631
0.234916
2.52548
-2.97678
1.56156
-0.499278
0.769354
2.11636
1.53894
-0.921532
0.0018793
1.21344
2.24641
-0.0618464
0.309022
0.218497
1.58032
0.793831
-5.8277
-0.565497
-0.705848
-5.70817
1.67128
-0.575688
-3.31217
-0.57789
-5.44782
1.36572
-0.585146
-0.185042
0.0769461
1.06438
2.4489
-0.227367
-0.656538
0.0229632
-1.23584
1.67617
2.93411
0.183812
-1.22507
-3.60163
0.233005
0.375524
0.0336884
-0.633512
2.85661
0.38001
2.32963
-0.621318
0.484246
0.701856
-1.42687
-0.407462
-0.623104
-3.72854
0.729409
-0.206519
0.148305
-5.75118
0.763142
0.349605
-0.660603
-9.85385
0.538577
0.653634
2.25106
-0.362538
0.113634
0.459494
0.292472
0.129257
-0.680156
2.22473
-0.592465
1.48303
1.97526
1.60265
-0.595832
0.355428
1.56565
-0.210132
-0.384407
-0.270896
1.04875
2.17909
2.24259
1.87589
1.56339
-4.82181
-1.0102
0.678229
0.253156
-1.89844
2.56845
1.62769
0.841362
1.12359
0.928806
-6.04031
-0.741414
1.94541
0.535609
1.01045
-0.30971
2.09947
1.43053
-0.333465
2.30908
-0.161353
-1.56753
-0.525124
0.102072
-1.86992
-0.266405
-1.16196
-0.537887
1.37225
-0.569826
0.616612
-1.19793
0.469444
-6.61869
0.0934261
-0.106542
2.35266
-0.613824
-0.0514797
-4.87508
0.479039
1.93506
0.955358
-0.781502
-0.33694
-9.71253
1.11939
-0.584188
0.0941514
-1.97904
-0.0622369
0.120255
1.53657
3.05095
2.93426
0.23395
-0.180842
-5.58496
2.3297
1.59718
1.41804
1.77382
0.142924
2.41846
0.19825
-0.503592
0.0231392
-0.136434
1.99617
-1.44133
-2.6309
1.14236
1.23595
-0.414629
1.25744
2.06879
1.24634
2.04896
0.600048
1.52271
1.43823
0.852495
-0.415949
2.40907
-0.418441
0.407643
-4.80923
-0.653097
0.0767274
0.481346
-0.204719
1.76041
2.09313
0.672652
-2.89864
2.01167
0.693704
-3.86573
1.06065
0.62545
-2.56803
0.391306
1.90875
0.110214
-0.286574
0.765892
-7.29654
-0.889202
-0.402851
-0.307412
0.742784
1.46169
2.50332
2.81404
0.183213
0.223955
1.21473
-0.709247
-3.19923
2.13784
-2.48252
-6.65646
0.781948
-9.12228
-3.0575
-0.184559
1.05304
-0.530541
0.907389
2.14239
0.405646
-0.247235
0.0286928
2.35701
0.218776
-2.97132
-1.40107
1.07081
-0.860201
1.53192
-0.577167
2.15101
1.42565
1.06542
-0.380881
-0.684208
2.31761
1.01462
0.0173946
-3.06482
-0.555248
-0.381656
1.41047
1.23324
0.516503
-0.439589
-0.903982
1.25124
-0.542716
-0.0190117
0.0993124
1.30039
2.67006
-0.00432335
0.0370048
0.154355
0.0249154
-0.240344
1.13221
0.694702
-0.983277
-0.257371
0.158995
2.01654
-0.519222
-0.0220972
1.47654
1.819
2.17978
-0.304112
-0.734337
1.21136
0.891127
0.159675
-8.18363
-0.821989
-0.537369
1.28896
-0.568522
1.08043
-1.12433
-0.33225
-0.451112
-0.114217
-0.828337
-0.227375
-0.400011
2.10764
2.07108
0.982882
-3.13113
2.34441
1.24112
-0.651722
0.069022
-1.32044
0.00959104
-0.284886
-0.520833
-4.73968
1.1202
-6.00961
0.723417
0.0518952
-0.566612
2.32793
1.20693
2.11899
2.00947
-0.527885
-5.71124
0.0860608
2.6966
-0.0297901
0.87441
1.44576
0.0229223
1.75341
0.623807
-0.0399296
1.03696
-0.0112477
1.77261
2.06394
1.28887
1.47206
-0.132272
1.3397
0.238691
-0.517348
1.6643
2.25915
0.401441
-0.728442
-0.535034
2.45857
-0.405031
-4.80562
-1.45197
0.0284634
0.0259658
2.7108
0.472972
0.195202
1.89793
-0.962224
-0.261856
-0.21382
1.61216
1.01031
0.743677
-0.558109
1.82269
0.0249165
2.66973
2.64546
-0.800424
1.6546
-0.741494
0.49146
-0.411564
1.4641
-0.567625
2.1016
-7.85195
1.81033
0.499622
1.06386
2.00785
-0.523155
0.048968
0.0529124
-0.509697
0.228657
-0.534498
-0.828834
-2.8738
-0.558319
2.19632
-0.582119
2.42414
0.000362036
-0.878176
0.209882
-0.567131
-1.28615
-0.586467
-0.483845
-2.27657
-0.541336
2.09557
-7.8043
2.17074
0.213537
-9.20824
-0.439085
-2.41941
0.590355
-0.0404352
2.36308
0.633704
0.125847
0.179708
-9.33369
1.33241
-0.214453
0.902306
0.143077
-5.64921
0.108712
-0.702226
0.248648
-0.346298
0.534498
2.03859
2.05923
-0.134831
-0.0347815
1.37204
1.4417
2.42002
2.74026
1.10236
-0.178034
1.44218
0.809602
0.152903
0.230627
2.36634
-7.9126
0.561239
-0.571397
0.594894
0.0333929
-0.45793
0.187193
0.484822
0.758552
2.82962
0.139424
1.44609
1.47476
-5.56358
0.476708
-5.27875
1.29732
-7.82837
-1.31441
0.0647519
-0.154436
1.41905
0.674502
2.43164
-0.274325
2.15722
-0.464698
2.71485
1.55399
1.40435
-0.527391
-0.595632
0.015685
0.181678
-1.59711
1.91274
1.96713
1.21545
0.187469
2.7084
0.62628
1.45748
-0.451911
-5.60402
0.116387
0.378411
1.64391
-0.497171
-0.259364
-0.511764
0.0490008
2.26993
0.806531
-5.62942
0.398902
-0.0143841
-0.0420728
0.301728
0.166695
0.872173
-0.537364
-0.0112107
-0.39719
0.0147717
-8.15381
-0.501458
-1.7457
-2.14917
0.00201802
1.57085
0.00883465
0.749885
-0.336564
1.91183
-1.99802
0.155045
-0.0609863
-0.499742
-7.02861
2.17841
1.42889
0.141058
0.237775
2.04565
-0.78667
-0.526443
-0.851958
0.0181154
-0.413219
1.09747
0.936984
-0.00384524
0.303855
2.16052
-0.208743
-0.208201
1.11014
0.74034
-0.570805
1.94816
-5.75819
2.22608
0.814381
1.8671
-0.431451
-0.56811
-3.42266
0.394353
2.17262
-0.51212
1.42999
0.774817
-0.737021
0.181
-0.640056
2.6006
1.19212
0.195275
0.763345
0.150064
-0.430885
2.04081
-7.26502
1.10299
1.75921
2.79399
1.70229
-2.3382
-1.82678
-0.570283
0.0384899
2.04728
-0.325955
0.189843
-2.66422
-5.39138
2.05637
0.265717
-0.57537
0.185971
1.9859
2.69281
0.135516
0.103735
1.96391
1.83004
1.09103
2.13792
-0.566787
-0.527482
1.35455
-0.661238
0.665158
0.0350933
-0.726282
2.10492
1.04765
-0.760026
-7.98734
1.97378
-1.62582
-1.4098
0.0188182
0.561866
1.45324
2.17603
-2.39456
0.0139631
-0.522469
2.81321
2.98951
1.46955
1.77811
0.014617
-5.44717
2.63861
0.412534
-0.510944
0.0381518
0.0236291
-0.755147
-0.502651
-4.88122
1.11845
-0.526626
-0.366444
1.77378
1.63155
-0.541435
-0.473758
-0.413374
0.602784
1.05987
2.0998
-2.76765
0.11581
-0.330732
0.897921
-5.59666
-0.106008
1.90117
1.70555
-0.0206983
2.00729
1.8094
1.32279
0.912294
0.881081
-1.31343
1.61521
1.00133
-0.552632
0.183412
-0.494092
1.95983
-0.56348
1.03659
0.771179
1.47063
-0.504613
1.55765
3.08018
-6.90283
0.816364
0.535066
-6.78343
2.59237
0.0014029
0.95935
-7.20488
0.106955
-0.223476
0.405973
0.448585
0.910262
0.893553
-3.12957
-0.0215502
-3.59793
2.02056
0.613675
-5.90221
1.74397
1.49793
2.51827
2.99785
0.168716
1.41311
-0.619197
1.1656
0.0261909
0.86688
2.42106
2.08371
-0.3692
0.0321739
1.30809
-0.535486
-1.93957
-0.466126
0.342128
-2.99313
2.99845
-0.568713
-0.205726
1.96301
0.682719
0.872852
-0.450969
-1.11327
-0.187395
1.93327
-0.0595585
0.182974
0.557298
-5.82218
-0.458069
-0.569654
1.74058
1.09534
1.65684
-1.15447
1.26962
-0.265206
1.67963
-0.547356
1.47277
1.41813
2.10238
-8.34055
-5.61315
0.7019
-0.00426552
-7.793
-0.357251
0.685607
-2.32964
2.47943
-0.519969
-0.442075
1.14131
-8.3042
-1.28697
-0.572832
0.197485
1.20267
1.20396
-0.45602
0.538613
1.03815
1.42831
0.78332
0.0985428
0.062542
2.68947
-0.317639
0.590619
0.468053
-0.364364
0.439359
-0.51706
1.63327
1.6939
-0.626777
-1.98281
-0.587609
-0.196896
-2.77402
1.17353
-3.12659
-2.71533
0.496094
0.225109
-0.36697
-0.656298
2.17072
2.78062
-0.74663
1.93435
2.73485
0.81842
-0.394323
-0.565765
-0.0601101
-0.614064
-1.95027
-3.39032
-0.523311
0.762795
-0.37464
0.934541
0.651394
1.76919
0.596237
1.80527
-0.454078
0.357412
0.748841
2.58037
0.844295
-5.59145
1.12341
-0.506267
-0.446013
2.08937
1.38137
-0.479787
1.51693
-0.249393
-0.251138
1.73516
-0.274411
-0.568866
-1.87987
1.36441
1.90043
2.71793
0.460368
1.43198
-7.79404
1.28764
-0.298474
-0.349524
1.14534
-0.440633
0.715112
1.87113
1.63251
0.532614
1.99777
-0.713511
1.40099
0.456815
1.30278
-0.218445
1.42042
1.38888
-0.506075
1.89308
-0.487783
-0.436281
0.500996
2.5649
-0.239798
0.843638
0.651239
0.713114
2.46641
0.646778
2.65541
-0.548423
-0.346768
1.76824
0.623093
-0.207644
0.571183
0.49788
-0.331481
1.257
0.725789
2.57021
1.30981
0.784557
)
;

boundaryField
{
    SideWalls
    {
        type            empty;
    }
    Top
    {
        type            zeroGradient;
    }
    Inlet
    {
        type            zeroGradient;
    }
    Bottom
    {
        type            zeroGradient;
    }
    Outlet
    {
        type            fixedValue;
        value           uniform 0;
    }
    Plate
    {
        type            zeroGradient;
    }
}


// ************************************************************************* //
