/*--------------------------------*- C++ -*----------------------------------*\
| =========                 |                                                 |
| \\      /  F ield         | OpenFOAM: The Open Source CFD Toolbox           |
|  \\    /   O peration     | Version:  2306                                  |
|   \\  /    A nd           | Website:  www.openfoam.com                      |
|    \\/     M anipulation  |                                                 |
\*---------------------------------------------------------------------------*/
FoamFile
{
    version     2.0;
    format      ascii;
    arch        "LSB;label=32;scalar=64";
    class       volScalarField;
    location    "2.1";
    object      p;
}
// * * * * * * * * * * * * * * * * * * * * * * * * * * * * * * * * * * * * * //

dimensions      [0 2 -2 0 0 0 0];

internalField   nonuniform List<scalar> 
5098
(
-0.766811
0.434537
0.295605
1.74773
-0.317189
1.96233
0.0427576
-0.469119
0.270392
-0.420916
-0.511308
0.675763
0.218228
2.2244
-0.166978
0.00390499
-0.531392
-0.608798
-6.08059
-0.53982
1.17653
0.00128783
0.751549
2.77062
-0.666506
1.89491
1.18875
1.24101
-5.84191
0.454576
0.501008
2.39596
1.40325
-0.393001
-0.232066
-2.002
1.39864
1.2976
2.13636
0.923485
1.71256
-0.849934
1.86804
0.239376
-0.236822
0.494606
-0.551397
2.43362
0.505828
1.78319
0.167564
1.60803
-0.619545
1.28592
1.96313
1.8592
1.35673
1.63329
2.40235
0.0164024
0.123165
-0.587448
-0.297701
0.23943
-0.65781
2.25185
0.100596
0.16267
1.07432
1.55107
1.30348
-0.070267
1.07235
-0.309566
0.059569
1.78458
0.0365752
1.91383
0.123798
1.79977
0.000482244
-1.27903
1.72593
-0.416678
-0.606459
0.389243
3.0848
0.0314556
-0.56976
0.113716
0.778326
-5.18126
0.73443
1.7489
2.14736
-1.0298
1.52678
1.96012
0.0492898
1.10088
-0.425506
1.90512
-0.0941676
0.155284
1.91802
-0.544528
1.22267
0.04336
2.47565
-0.529641
1.65027
-5.93815
1.33838
-3.4612
1.132
-6.77451
-1.11567
-1.56432
0.0737159
2.745
1.55788
0.328739
-0.319913
-1.02818
-6.25718
-0.546354
1.26282
0.795585
2.18419
-3.86906
-0.71909
2.33341
2.30296
-1.309
-0.315574
-0.594223
-1.35539
1.19369
2.15922
1.2737
1.59729
-0.539683
1.15785
0.276814
0.528924
0.0971556
1.12408
-0.23709
-0.4811
0.936314
-0.773993
-5.70168
-0.261359
1.37681
3.10144
2.69075
1.63807
-0.388687
1.71714
-5.89514
1.28047
-0.206647
-5.82743
1.56766
-0.64142
0.399673
-0.317814
0.424085
-0.663142
1.63254
-0.527063
1.78685
0.210682
1.25144
0.482951
0.659836
1.70629
-1.81925
1.65842
3.07224
-2.69469
-1.05842
1.5384
-0.645093
1.53466
-0.935687
1.8712
1.37036
1.76
-2.67239
-5.7331
-0.0445915
1.02365
0.00809871
0.447176
-4.14846
-1.42603
-0.654892
0.0382699
1.59878
-0.686228
1.58889
-0.246427
0.48098
1.22996
2.68899
-0.410846
2.18861
0.90609
1.00784
1.41851
1.56064
-0.0242531
0.477829
-0.325477
-5.64803
-0.0123267
-0.545354
-6.11929
0.707848
0.676385
1.88282
0.15123
0.658168
-1.90968
1.31713
2.98424
1.26142
1.16973
0.0463284
1.28652
2.83458
-1.29094
0.0519484
0.335541
0.370639
0.999986
-1.01635
-0.977381
1.54106
-1.31529
0.163758
0.175615
2.51353
1.18243
0.755213
2.18102
-0.542231
-0.522718
0.675763
0.195907
1.18975
-8.028
-0.77244
1.39481
-1.1971
-0.307069
-0.498526
2.39341
0.0483537
-0.903078
-0.793733
-0.654654
1.08758
0.051154
-0.603514
-5.90876
-0.506839
-1.48249
1.545
-2.16615
-0.0163948
-5.80373
-1.31202
2.36411
-0.105613
-0.797933
-0.751552
0.521657
1.38795
-0.698599
-0.392781
-1.65114
-0.468214
-0.450737
-0.405956
1.38453
0.122076
0.413946
0.743066
-1.05094
-10.5624
2.50044
-0.24659
1.15941
-0.546088
-0.333584
0.468681
1.18007
1.37697
0.0963575
-0.551162
1.84447
1.13416
-0.601352
1.38468
-1.92778
0.631916
1.50991
-0.547243
0.805826
-8.51434
1.92298
0.000669181
0.202262
3.07564
-1.38962
0.146245
0.922612
2.61973
0.130461
-10.7307
-0.815827
-8.09837
0.111917
2.16722
0.299191
1.19276
2.44721
0.067583
1.52802
0.903868
2.1619
0.425401
1.51159
0.16425
0.468479
1.80832
1.04802
1.50609
1.11873
1.58078
0.172956
1.30581
-5.65906
0.0698639
1.22933
-6.24836
-1.54426
0.627622
0.212883
2.58939
2.59278
-0.68873
-0.00452221
-0.678769
-0.508945
0.522574
2.14721
-0.0367916
1.27996
1.21208
0.941284
0.078306
0.233842
2.39127
1.29503
0.715622
0.488976
-1.31068
2.30519
0.185097
-2.54251
0.0572678
-0.157637
-0.586859
1.55828
-0.0771585
0.487116
0.0646266
1.31272
-0.545449
1.41374
-0.389461
0.275647
-2.35034
-0.233561
-0.942134
1.68344
-0.195052
1.20017
0.242072
1.29303
1.65545
0.909989
-2.11605
1.81505
-4.3426
0.398435
-0.300147
-6.88116
2.54632
1.82449
1.28387
-6.63773
0.387352
1.26995
-0.615564
-0.0564117
-0.538866
1.23824
-0.135476
-0.784677
-0.0678008
-1.75286
0.0718968
1.14839
2.56099
-2.20065
0.587079
1.25547
1.88105
0.125399
0.648013
-0.683414
-5.34042
-0.371303
-0.188868
0.150487
1.26511
0.115375
-5.85275
-0.002495
1.39299
-2.07538
-8.50597
0.14186
0.792793
1.03562
-2.29481
1.63144
1.51314
0.843604
-0.533503
1.14023
-1.79868
-0.924225
-0.164511
-5.56073
1.27256
-0.533083
0.841491
1.27151
-0.509865
-0.505646
0.284227
-0.84692
0.522558
1.3082
-2.96066
1.84121
0.0628518
2.53581
-2.52282
1.69345
-0.569733
-2.45019
-0.913826
-0.598063
1.67427
-5.22849
0.444966
-0.335488
-0.855867
1.17381
-3.35202
-5.41324
1.90904
-3.09954
0.738496
0.793778
-0.900474
-4.88867
1.02399
0.14726
1.46806
0.187331
-0.291319
-0.783589
1.32674
-2.67928
-0.213229
-0.494275
-2.02059
-6.48816
0.0468838
2.03413
-3.66739
1.95665
1.31556
-0.600852
0.762914
-5.62922
-0.587558
-5.88958
-3.89929
0.892245
0.636038
-2.03217
-0.244062
-7.19556
1.25947
1.42054
0.385801
0.650829
1.24961
2.61871
-0.578546
-0.252852
2.06351
-0.62161
-0.263088
2.54732
0.0708704
-3.0498
-0.0482043
-1.0958
-4.88402
1.24224
0.502802
0.289321
2.95789
-0.648527
-0.160198
-0.356154
-0.3321
0.170015
-1.68364
-3.15707
-0.50487
1.14153
-0.22634
-0.583673
1.53635
-0.524435
-0.592156
-0.230549
-0.368037
3.00239
-2.83372
-2.20153
1.50502
0.104158
-5.02705
-0.485546
-0.476576
-0.718739
1.9413
-0.524212
-0.524592
-0.49686
-0.20833
1.48457
-10.431
-0.281654
-8.86971
-9.22981
0.0667751
-0.6571
-8.24683
0.611119
0.338515
-9.58265
1.19642
1.56357
3.02557
-0.203146
1.50849
2.19519
-0.456197
0.0717459
-0.733987
0.551001
-0.436547
0.195147
-0.0782843
0.0839499
0.874849
0.503538
-0.576068
-8.43235
2.52526
-1.04669
-0.630075
-0.254407
1.48888
0.790435
0.73852
-2.46192
-2.17414
0.0664427
1.90164
0.486249
0.0825493
2.33431
-0.406724
2.20713
-0.661725
-0.581126
-0.320751
-0.460403
-0.593622
-8.56444
2.26461
-2.20744
-2.3039
2.29716
-0.469393
-0.197031
-0.321496
2.49985
-6.81188
2.03218
0.110433
0.0372765
0.115086
-4.41061
0.959744
-0.224977
0.0992432
-0.672619
1.17804
1.69554
-0.657812
0.165645
1.65066
2.45307
-0.596591
1.53572
2.99579
-1.9559
0.844865
-0.390318
1.36238
2.03122
1.75431
-5.04291
1.27965
0.309182
-0.628552
1.19356
-0.171828
1.5965
-0.387444
1.34863
0.763058
-0.356235
0.0753506
0.295806
1.32981
1.71587
0.0582895
-0.554254
2.42025
1.51806
1.85496
0.168416
-0.212184
0.0761149
0.0857994
2.34716
2.55951
-3.15919
1.43821
-0.614756
-7.42503
0.00357549
1.37195
-5.28228
-5.86806
-0.620783
-0.570106
-0.108037
0.576296
-3.18286
1.41775
1.77107
-5.93506
1.8244
0.0243512
1.35857
-0.746201
-0.484049
0.0496923
2.47807
-0.150624
-0.269952
-0.91139
-6.40089
1.22899
-0.365607
0.646177
2.27465
-0.626536
-0.620339
-3.30023
-0.668304
-5.23682
1.75727
-0.81634
2.54687
2.41081
2.24698
-0.653138
-5.68044
-5.45585
-5.37129
0.0691727
-9.39521
-5.48145
-2.19527
-0.639896
1.86191
-4.22924
1.60233
-0.664653
2.2159
1.18113
-7.21895
0.142784
-6.47331
2.86434
0.0947253
1.20404
-0.90968
-0.641988
-0.461774
-0.631727
-4.36959
1.75556
-0.215242
-0.297898
-8.08068
-2.95051
0.768971
-0.597242
-0.0679371
0.0473578
0.197798
0.268605
-0.692281
1.73806
2.24453
-6.08693
0.893262
-0.658282
1.64498
-5.57145
-0.840115
0.861027
-0.628037
0.0681821
-3.70785
-0.189181
-0.744735
-0.322985
1.51848
1.03567
-4.63159
-0.0989072
0.810842
1.15285
-0.0903482
0.363013
-0.698964
2.91897
0.906686
1.61087
-0.229936
0.567185
-0.644183
-0.837892
-0.24574
-0.592509
-0.43076
2.33026
1.98527
-0.567447
0.777649
-0.592944
2.06409
0.508085
-2.73875
-0.818014
-2.73494
-5.69383
0.0763228
0.227488
1.41877
-1.40466
-0.139893
-9.89413
1.09807
-0.55573
-7.47267
1.83832
0.675736
2.38001
-0.269996
1.49684
1.81629
1.68122
-0.234655
1.51994
-0.102344
0.205331
0.256402
-1.34442
0.800582
-7.73685
-0.589182
-0.439259
-0.741488
0.5511
1.3051
0.482045
-5.0428
0.242228
3.04269
-0.583208
1.60006
0.0632232
2.2728
-9.89492
1.27241
-0.444171
-0.662364
2.44419
-0.379315
-4.96548
0.532027
2.53977
1.55822
-0.324956
-0.488071
-1.84038
-8.63206
-3.01459
-8.56578
1.64321
-8.17971
-3.77533
-2.40484
1.00777
0.0558625
-7.97128
-0.60718
-6.31356
0.909022
-0.0697061
1.43551
-0.372417
-8.64704
2.28742
-1.58499
-1.49295
-9.85118
0.312311
-3.27071
-0.738229
-0.938064
-0.123685
0.0500228
1.17262
-0.603498
-0.574711
-7.48293
0.199193
0.170194
0.242316
0.11257
-1.40946
1.22451
-0.486465
2.2398
1.77419
0.449144
1.80474
0.527854
1.18723
2.72833
1.80968
-0.87458
-0.469125
-0.046916
-0.465578
-0.530957
-0.662431
1.55434
-4.66949
2.07298
2.16232
1.38316
1.36026
-0.801842
0.664587
-1.85262
-0.000637203
2.31564
1.64333
-0.232836
-0.0833283
-1.4179
-0.530907
-0.51258
-6.98998
-1.65517
-0.502539
-0.158331
-0.521099
0.402867
2.39264
1.44787
1.69314
1.52805
1.7198
0.0459439
-0.130104
-0.239558
-8.8948
0.385531
0.0678916
1.13559
0.900293
2.47947
-0.568614
-0.496579
-0.00805762
1.36986
-0.494466
-0.0356455
-8.90135
2.82646
1.34161
-9.02371
1.34064
-0.495072
-0.796359
1.21151
1.57918
0.769924
0.365424
0.538205
-0.497117
-0.0691677
0.129063
2.33091
-1.42634
2.04365
-0.608505
-0.472773
-0.832167
1.10364
1.7004
-0.726399
0.0702786
2.80624
0.347893
1.16533
1.2311
2.55855
0.0772931
1.55983
-0.268414
1.59993
0.0781143
-0.0567748
2.0795
2.93684
0.342845
-0.423148
-0.0704971
-0.550588
-7.01575
1.50203
0.621432
-2.6056
1.30958
1.77405
1.28584
1.38615
0.171471
1.46903
2.09538
-0.492593
2.65312
1.73805
0.676654
0.0480142
-1.2144
0.0890474
1.4719
0.230814
1.5123
1.73651
1.34245
-0.644661
-0.620921
1.78828
0.953311
1.97918
-0.170459
1.31579
1.59113
0.991022
1.83697
1.83207
0.0935985
0.138698
1.39418
1.79813
-0.549434
-0.305964
-0.9556
1.76492
0.288929
1.55304
2.57759
-0.660879
2.48393
2.76382
-0.308182
-0.494467
0.026482
3.00108
-3.98891
1.70716
2.59163
0.558505
-1.21384
0.706329
1.07433
2.73346
1.03778
0.97974
2.86444
2.00488
0.0888404
2.84256
2.26816
0.135397
-0.574589
-8.07452
0.024591
0.205787
1.68955
2.23723
-4.00917
-0.0321009
0.855866
0.387184
1.97431
-1.43542
2.43369
-0.698039
-0.876086
1.16634
-2.33996
1.74998
-0.394086
1.12662
-0.611836
2.2446
1.47405
1.4032
1.49292
-0.727199
-0.140042
0.00576173
0.785539
0.87653
2.38752
1.62533
0.0189887
0.947111
0.329968
-0.63158
2.21886
0.138495
1.83147
-0.420471
0.0431088
-0.622651
0.258505
0.703347
2.52629
-0.33146
0.929311
-0.617999
-0.388801
2.13993
2.11791
-0.661322
2.08771
0.468203
-0.635046
0.201713
0.833905
2.94941
-0.0818318
-3.03586
1.88777
-0.494962
1.55821
-2.04362
-1.03494
0.143084
-5.51615
-0.658093
0.329312
1.55723
-0.0300338
-0.597701
0.0213144
-0.362626
-2.08784
0.669192
2.41902
1.09568
0.941392
-0.460754
-0.472032
0.259605
1.11026
-0.290428
0.0282916
0.061755
0.00564856
-0.233653
1.0291
0.434279
0.662267
0.994277
0.897155
-1.62439
-5.27624
0.294693
-0.492478
2.80666
0.897265
0.55753
-0.433946
-0.56997
-0.604263
-0.0439814
-0.584595
-0.963902
-0.189841
-0.485573
1.55564
0.269964
0.0341733
1.67754
-0.664337
-0.786594
2.36256
-1.5897
-1.92231
0.409897
1.34602
-0.552428
0.333823
-0.487474
0.139827
-0.539752
-0.250935
1.7362
-0.66177
0.814964
0.0832357
-0.651813
-0.586761
-0.141459
1.21367
0.254415
-0.60088
2.36215
-1.65783
1.47778
-0.808417
-2.84601
-2.35798
-0.224716
-3.31
1.41025
1.37944
1.45952
-0.15192
-0.765117
2.0862
-0.619709
-2.66468
0.0197494
-0.659896
0.0581717
0.178823
2.12442
-2.34561
-5.8614
-0.420768
1.03274
0.865117
-0.827132
0.937987
0.142115
-0.363954
0.436084
0.819377
0.482356
-0.0759758
-0.702977
2.2063
-0.146263
0.0432915
0.807559
0.0226406
0.954671
-0.738479
-0.21399
-0.303642
1.02433
0.0616908
0.0894259
0.642681
0.00838041
0.136017
-0.36403
1.47689
-0.0462816
-0.337462
1.29821
1.222
0.0658258
0.683314
0.720813
1.39384
1.77215
1.54699
-1.09442
2.43457
1.14374
-1.67326
0.957227
-0.77027
-0.126581
0.0564935
0.611315
-0.738396
2.44654
0.279041
0.388701
-0.452853
0.520179
-0.418392
0.383695
-5.32138
1.11938
-0.437143
1.29266
0.754436
1.39046
-0.820067
1.82627
-0.597596
1.33096
1.46914
0.398762
-0.400156
-0.78894
-0.564109
1.6628
-0.655685
-5.91867
1.65046
0.868345
0.0456281
1.68075
1.19076
-0.495293
2.24474
-1.9371
0.0978975
-0.618609
-0.850486
0.0523113
-0.0908722
-0.359757
2.50765
0.046448
0.39294
-0.150239
-0.517747
1.46022
1.78764
0.0120775
0.0363001
1.28919
-5.64417
1.26837
1.40287
-0.162436
-0.198746
0.914424
-0.0217378
2.54387
-5.8248
1.14122
0.0235083
-1.38315
2.51848
1.54476
0.108586
2.00464
-0.426289
1.82305
1.77789
-0.339567
1.32875
1.2755
0.959608
1.32765
-1.03438
1.44651
-0.065341
0.626543
0.0105044
-6.47564
1.55779
-0.957048
-6.65487
-0.0869568
-0.0368901
1.00415
-10.1382
1.30958
0.151408
0.619771
1.30687
1.07821
0.188205
0.196001
-0.506997
1.31822
0.702329
-0.636581
-0.54369
-0.486503
1.46211
-0.618453
-0.629748
1.22354
-0.619627
1.76519
0.766966
-0.684576
-4.47422
1.59513
1.78693
-0.237962
1.14058
-10.0508
-0.52452
-6.19611
0.347578
-0.523169
-3.10498
2.72707
0.562027
-10.6648
0.036334
-0.337171
1.31794
0.743673
-0.569732
-2.12433
-0.624329
-0.449616
-9.12164
0.986205
2.22683
-0.302921
-0.663606
0.0566271
-1.01515
1.84597
2.7676
-1.68801
0.921776
1.45088
-1.43986
0.352821
2.44475
-4.05898
-0.497937
1.11481
1.15977
0.98936
-0.494192
0.723616
0.021785
0.805487
-2.19334
0.0682084
1.47086
-0.200419
0.30269
0.795502
1.31472
0.928992
0.0816583
0.513986
1.40972
0.99141
1.23521
2.56036
-0.847536
2.37537
0.043389
2.32199
2.91644
-1.87852
0.185192
0.302456
1.33764
-5.72431
0.683174
0.847546
0.0611569
1.5073
2.06203
1.56388
1.61258
0.396758
0.898728
-0.97682
2.83064
-0.56193
-0.622199
-0.606139
-0.455649
-1.0431
1.44307
1.60855
0.727259
1.68492
-2.42422
0.0843824
1.75739
1.30041
-0.0960112
-0.225271
-0.0249783
-0.148808
0.355973
1.47333
2.68608
1.31671
1.89398
1.81978
1.52745
2.55815
0.894231
1.3282
0.120157
-0.541018
0.595654
1.04086
1.02054
2.87366
0.274591
0.659603
0.00489304
0.0776295
2.73379
0.776757
-0.25664
-0.7566
1.12123
-0.623069
0.0501101
1.97286
1.37938
1.23903
1.47491
0.153447
2.0399
-7.09691
1.21716
0.214167
0.101224
-0.406955
2.2155
-0.370635
-0.428153
1.37509
1.31263
-0.385922
1.20125
2.2848
-0.102815
-0.660579
-0.557108
-6.06435
-0.276392
-0.619809
-0.292207
1.28171
0.408237
0.0592399
1.46376
-0.213223
-0.242781
-0.719234
-3.50231
-0.606557
0.256345
-0.583479
-1.46971
1.31792
1.31841
1.90745
-0.553529
0.553037
-0.382769
1.25612
2.18585
-0.900264
0.0274245
0.0416575
2.30051
1.00398
-0.447932
-0.497438
-5.88195
0.0311807
0.114225
2.43891
0.0477331
0.00456908
0.664648
0.407514
0.0144687
0.70456
0.292919
0.624876
-1.03669
-0.637365
-0.814185
-0.786499
-0.0019316
0.551438
-6.17752
1.53841
0.866412
2.6219
0.461481
2.34841
-0.687809
1.56551
-0.350423
-0.233708
-0.446671
2.1539
-0.250546
0.0598412
0.214011
-4.82547
-0.525353
0.0159241
0.0554263
0.069803
-0.0611296
0.00685767
0.265721
0.857264
1.69005
-5.52955
0.152508
0.267093
-0.0754387
-0.471817
1.51698
0.0882628
0.743867
-0.0423385
0.054896
1.99735
-0.768381
0.583834
0.0022179
0.0557588
-0.167847
1.95984
-0.839469
0.0248651
0.0232412
-8.42341
-0.297654
0.00890404
2.33288
1.64929
0.0163016
-5.12592
-0.683774
1.37624
0.0999237
-0.070839
0.00907807
0.513732
0.113839
0.0276819
-0.352396
0.00620295
0.590823
-0.312936
1.44395
0.17737
-0.434852
0.105878
0.509496
0.126049
0.138825
1.45459
0.0364367
-0.125116
-0.199322
0.0233084
-0.487108
0.0230761
1.46617
-6.30291
-1.15317
0.101334
-0.0296367
-1.98629
-0.303785
0.0134391
0.00405647
2.08704
0.860179
-6.09736
0.0536589
-0.64447
-0.535403
-0.283406
0.0275736
1.40163
0.700443
1.08279
1.39162
-0.100274
-3.54474
-0.393054
-5.67195
-0.521462
1.56489
-0.026312
0.454452
-0.899102
1.69047
0.0556829
1.45476
0.116453
0.139007
1.85369
0.0271148
0.0391788
-1.26059
2.0337
-0.0430192
1.22934
1.41435
-0.527534
0.0383302
1.29744
-5.1749
1.9875
-0.206756
1.93461
-0.55383
0.0651473
0.164213
1.44689
1.88015
-1.38451
1.13812
0.556223
0.0365355
2.15842
0.458414
-0.659932
1.31419
0.0281592
0.117477
-0.417649
-0.64595
0.0428879
-0.588327
0.00313276
1.14737
0.927133
0.0417484
0.0659113
0.595099
0.12054
1.32254
-0.386091
0.0162256
-0.47832
-0.338087
0.0805826
-0.577346
1.14606
0.0993793
0.0413697
-9.23382
1.52027
0.0139299
-0.559695
-0.00959124
0.40742
2.30803
0.0333184
0.00766249
0.991085
0.141485
-0.00397091
0.082587
-2.22676
-1.17952
0.0642798
-0.0403998
1.44375
0.00766166
0.0615822
-1.76687
0.0448782
0.040719
-0.105183
1.37487
-0.0930162
0.0237143
0.285825
-0.559879
0.127989
0.0270176
0.844972
-0.594083
0.168283
0.130307
0.111844
0.0633531
0.0322078
0.0165293
-0.644577
-0.228392
-0.276141
0.322071
0.777882
0.106625
0.642512
0.672735
0.0391397
0.0296838
0.711525
-0.0718701
0.0277257
-0.246095
0.140831
0.273247
-0.972129
-0.638685
0.0232518
0.238004
0.151247
0.855758
0.676346
0.123986
-0.0808158
1.40439
0.0772696
-0.619064
0.0233454
-1.49768
1.88432
1.34366
0.157845
0.0337603
0.0498212
0.107044
0.0423755
0.0552172
-0.582924
0.126273
1.29007
0.240946
0.0432485
1.32611
0.125548
2.14313
0.0334283
0.212366
0.20764
0.00757169
2.0021
0.0303558
0.04858
-0.466482
0.0492929
0.927454
0.494036
0.0553237
1.3786
0.10749
1.07203
1.85619
0.721837
0.682486
0.0533221
0.825418
0.0783166
-0.0446281
-1.61638
-0.568113
0.0746373
1.77793
0.515781
1.28372
0.667509
0.0101508
0.0594514
0.0783792
-0.368439
0.961218
-0.533108
0.0445225
0.00605437
0.0480514
0.00687991
-0.0838552
-0.663532
2.3557
-0.603995
-1.0735
2.19277
0.172823
0.0491227
0.0498822
0.0540526
1.24965
0.0596493
0.0546731
-5.9887
-0.487685
-0.0881372
1.3708
0.0685258
0.0568318
-0.945283
0.00211029
0.130978
0.0661836
0.0405495
0.0823337
1.37291
-0.731149
-0.5015
0.542142
-0.00619649
-6.33169
0.111501
-0.634805
0.00724343
1.50024
-7.24223
1.7611
0.00368694
0.0809774
-2.14927
0.00553089
-0.0083555
-0.0201855
-0.651067
-0.469713
2.22329
-0.578539
-2.56121
-0.00156196
-1.57505
0.0282649
0.103672
-2.90468
0.0149841
0.0129654
-0.0242437
0.0531024
0.0569656
1.70379
0.323179
0.0260864
0.111127
0.0507579
-0.770251
0.106941
-2.43888
0.071143
0.00699955
1.61794
0.124968
1.34833
0.0403905
0.0800783
0.0138722
0.00966112
0.0244511
-5.79134
-0.685397
0.0907872
0.784342
1.20214
0.537515
0.0360399
0.0220046
0.0285622
1.64062
-0.00163003
0.312278
0.851314
0.022725
0.0487036
0.0627669
0.0159023
0.0289589
0.0904722
1.37064
0.0065318
1.05079
0.051391
1.45666
0.0598024
0.87628
0.0176787
0.0384548
-2.012
0.0604506
0.0647447
-0.0959843
0.10899
1.02346
0.0127949
0.34136
0.0470502
0.0298021
0.287187
0.0596202
0.0616808
-0.810993
-1.68463
0.0485945
1.77496
1.21727
0.0392137
0.051003
-0.485822
0.0275943
0.342926
0.00342433
0.0338226
1.98787
-0.153232
0.070772
0.0262367
-4.54605
1.36849
0.114491
0.0653851
0.0268867
-6.73901
0.218971
0.0435544
-0.884139
0.548097
0.948514
0.0656502
-0.0550268
0.154309
1.29024
0.0586105
0.0295242
0.030613
0.140443
-0.477249
0.0711719
0.0777848
0.0539164
0.0479436
0.0266985
0.0809009
0.0122135
0.0933734
-0.0727574
0.0876182
0.0432921
0.107206
2.63547
0.0260577
0.158547
0.0116627
0.113486
0.534962
0.0496866
0.124617
0.263971
0.0553003
0.0257087
-0.0195627
0.0233998
1.29571
0.012494
0.0198392
0.12852
0.026928
0.0249173
0.138335
0.0573898
1.60354
0.0280902
-0.630462
1.16282
-0.00618654
0.0358724
0.0508823
0.113523
-1.64434
-0.147821
0.256685
0.0432717
0.161839
0.0185227
-0.636881
1.53363
1.59444
0.0284476
0.0803991
0.0927636
0.0127147
1.2808
0.0224256
0.0580356
1.41557
0.0427301
1.39382
0.0594859
0.0405679
0.144146
0.0410756
0.0172212
1.7125
0.0535503
0.00582769
-0.118129
-0.0842756
1.35317
2.03045
0.0112916
-0.0548159
0.0449374
0.0411704
0.00159795
1.42038
-1.19965
0.00136178
0.0381199
0.11655
0.00539571
0.0356731
0.067625
-1.66637
0.0039043
0.0384511
-0.683246
1.34971
-3.70289
0.0406722
0.0482526
0.851657
0.880438
0.0324443
0.00480829
-9.78526
-0.995042
0.0131598
0.0422302
-0.00250925
0.0364504
0.00362452
-5.3047
0.0178242
0.157277
0.0335703
1.41089
0.0151144
0.0731581
0.0435988
-0.437514
0.0202916
1.30554
0.154556
1.63021
0.143505
-0.562948
0.0436582
0.0751309
0.044601
0.0527861
0.0936211
0.0252564
0.030623
0.0903555
0.0322987
0.0307738
0.0245969
0.0426722
0.0550953
0.0445425
1.42784
0.0287975
-0.141092
1.69532
0.0272622
0.119751
-0.39051
0.453258
0.0337134
-0.438059
0.0333205
0.0377784
-7.36803
0.100952
0.0348761
-0.371184
0.0441313
0.113511
-0.281811
0.0337917
-0.954211
0.00209748
0.0458246
-0.477068
-0.279621
0.0406543
0.0317705
0.0466882
0.216284
0.103134
0.074742
0.196362
0.0167042
0.0214134
0.0595449
-0.334592
0.00627694
0.00850975
0.0355491
0.0383495
0.0584252
0.0390061
0.0427648
-0.54801
2.2992
0.0465834
0.0352573
0.0433799
-0.464058
1.5726
0.0603781
0.181247
0.00347619
1.5935
0.033141
0.451588
0.126657
0.00882663
0.0259628
0.134768
-5.77442
0.0860043
0.309313
1.23775
0.0346785
-0.00309439
0.0208578
1.61048
0.04456
0.0162558
0.0486668
0.0127103
1.10488
0.0561694
0.0370081
0.0175661
0.0285767
0.0354247
0.0372869
0.606316
-0.469891
1.86766
-0.000716362
-0.567358
-0.0398989
2.36122
0.97086
0.0254344
0.0330895
0.0578795
0.0669937
1.23884
-0.0511781
0.0494263
0.0697029
-0.681195
0.0372483
0.0705378
0.0456816
2.91099
0.824147
1.27947
0.0432386
1.39908
0.0427682
-0.59782
-0.644297
1.86296
-0.633556
-0.630914
0.0299989
1.05804
-0.00664527
0.0263927
-0.126264
-0.00170276
-1.4759
-0.176173
-0.609784
0.0433216
1.47393
0.0531219
0.250073
0.0331848
0.0402618
0.0625539
1.40003
0.0293038
-0.672439
0.0656225
-5.69899
0.00418671
0.0581111
0.0575448
2.35387
-0.641308
-0.0531495
0.0608411
0.0326463
0.0597737
0.928473
1.36854
0.0542591
0.0529637
-5.21706
0.0510782
0.678567
2.63586
0.727705
0.264889
0.0837797
0.0768898
0.0332672
0.34963
0.048042
0.0614563
0.0306867
0.464026
1.31593
1.28333
-0.762353
0.942497
0.0551853
0.190149
-1.20289
0.123524
0.0549817
1.54261
0.0779968
-3.80772
0.0246805
2.25484
-0.263089
-0.00190261
0.0776779
-0.503875
0.0859702
-5.25313
2.3933
0.0853982
-0.279507
-2.62667
0.067571
0.102216
-0.646803
-0.0796938
0.0223273
-0.634594
-0.916482
1.38054
0.0332115
0.187286
0.0577441
0.778081
0.0666969
-1.23662
0.021091
-0.316541
2.76431
0.0224913
-1.7877
2.45803
0.00817461
0.107617
0.0797211
0.0136233
1.49628
-0.998476
1.27828
1.32962
0.0943841
0.0737375
1.36973
0.619929
0.129094
-0.799803
-0.662367
-0.518823
1.49881
0.0395767
-0.294565
-9.43882
0.239015
-0.161809
0.0571396
0.0718317
1.34062
0.0821442
0.0476481
-6.02693
0.0319898
0.0313635
0.057622
-8.1323
-0.628456
0.148499
0.0490396
0.141943
-0.258295
0.089701
2.64919
0.0876346
-1.16428
0.464537
0.0260532
1.4803
0.0368263
1.35259
0.075012
1.25391
-5.34199
0.123795
2.09327
-0.347292
-0.523995
1.58772
-0.833474
0.0237475
0.0141285
1.42253
1.53818
0.0531259
1.59272
2.41062
0.868884
1.63539
-1.92908
0.0284607
2.18088
-7.98878
0.311894
0.0914341
1.32022
-1.97998
1.64951
1.5724
1.72304
-0.362841
0.0252668
-0.7874
0.0328365
0.144902
-0.597315
-0.604487
0.0411743
0.034868
-0.550447
0.118004
-0.100764
0.162534
1.78909
1.93381
1.85461
0.102092
0.970493
0.00470666
0.334807
0.127476
0.111883
2.57163
0.0165945
0.103474
0.183099
-7.45794
2.0253
0.0862462
-0.168548
-5.65865
0.188226
-0.346044
-0.388596
-0.641031
1.08488
0.0740331
1.10905
1.49793
-0.786389
-0.381718
0.247241
1.49035
-0.982876
0.0100457
0.0279569
0.00444006
1.17875
-0.129857
0.0353897
2.93471
2.03561
0.0264318
0.127922
-6.83478
2.32557
1.26994
-0.584956
2.624
0.0293894
1.35732
0.394639
2.35395
0.21587
-0.941236
0.739363
-9.80882
0.0166756
0.0798293
0.196824
-0.664781
2.4526
0.190215
0.0482123
0.145804
0.203641
0.869096
2.74851
0.0809273
0.0643374
0.0961653
0.996635
-0.0575682
-0.047358
0.0960892
1.27507
0.0938892
-0.00910724
-0.408523
0.22169
0.300544
1.29208
0.101609
2.39209
0.0877751
0.0114243
1.4509
0.0289404
0.0117617
0.163503
-0.680419
0.681714
0.0232579
0.555575
-0.797801
0.0193767
1.18633
-0.474092
0.0320669
0.209406
0.0394047
0.0597441
1.18813
0.128801
0.0892876
0.0191649
-0.304457
0.00301758
-0.0888451
-4.69597
0.0570873
0.615132
0.203542
0.0893638
0.29814
0.0847373
-0.933129
0.061569
1.38614
-0.0938691
0.0230761
0.216242
-0.0856691
2.11149
0.0769501
0.502391
0.153635
2.92113
2.63889
0.0901372
-0.60589
-6.99721
0.00355289
1.1381
1.39429
1.40199
0.0483992
0.016822
0.188565
2.25646
0.229376
-0.0216256
0.379466
-0.363805
0.240573
0.090641
1.14615
2.22956
0.095095
-0.435108
0.0305116
1.06472
1.88445
-0.270164
0.37349
-0.831456
2.7053
0.0128874
0.0779769
1.01975
0.149887
0.0183793
0.0217007
1.37662
0.0148767
0.00783046
-0.379924
-4.7764
0.0470742
0.00288578
2.18866
0.585438
1.68608
0.00730897
-0.671405
2.83835
0.0374885
0.188693
0.459619
-0.0904789
1.13735
1.1857
1.46866
0.00331464
-0.559541
-0.130675
1.34461
-0.146974
0.0166171
0.0980946
1.39288
-0.151551
0.0294727
0.0636045
0.329819
-0.0320206
0.0220777
0.170554
0.0700925
-0.122635
0.00688705
0.980887
2.17305
-0.204175
1.5471
1.23367
-1.00881
0.0210414
-0.862107
1.44905
-0.374864
0.151069
0.16588
0.0486705
0.0447622
0.150892
2.88015
0.00816006
1.45746
0.863917
0.0160341
0.064669
-0.43615
0.0632518
0.316783
-0.37165
0.0705244
0.921105
0.0435724
-0.0992643
1.65362
-0.13891
0.31887
0.255065
-1.06931
0.196612
0.590178
0.153221
1.06973
0.212656
-0.436171
2.04621
1.75895
-0.149524
1.20797
0.0169105
0.594318
1.30125
1.43144
-0.353408
-0.482614
-4.48285
0.0506528
1.37314
-0.548098
1.95471
0.0272876
0.696683
-0.603258
-5.82152
1.33828
-0.0947588
1.38423
0.241845
0.243941
0.225711
0.119306
-0.424668
1.13801
0.359685
1.34452
0.19834
1.88888
2.05857
0.061125
1.77718
0.193423
0.00694063
0.531698
2.01173
0.634702
-1.30534
1.48465
0.0871144
0.183559
1.96242
1.3196
1.90759
0.0304224
-0.0137281
0.200936
-1.45012
0.000159646
-0.621186
1.22881
-0.67904
1.54162
-0.00230042
-0.142899
1.20015
1.50352
0.243677
1.41609
0.0412345
-0.577943
-0.154655
0.0626206
-6.07935
0.738
0.778638
-0.668634
-0.131316
0.332042
0.0179108
0.94844
1.99058
2.1416
0.551832
0.383874
-0.00562046
0.3525
1.26214
0.0166455
1.70046
-0.400866
0.0776153
-0.16226
-0.125434
0.89181
1.3884
1.7174
1.09563
0.0374456
0.0800193
1.34284
1.38024
1.49964
0.128986
1.75327
0.643741
1.40011
0.907462
0.203334
0.19859
1.4702
1.255
-0.693775
1.42518
-0.022788
0.0634644
1.06408
-0.128276
-0.495913
2.35068
1.73578
0.183921
1.38098
0.457457
0.844804
0.186657
0.205939
0.0349549
0.0136486
-0.0960727
-1.24746
0.292661
-0.190719
-0.0131085
1.33844
1.99015
0.207912
1.37623
0.249732
3.11143
-1.79867
1.64739
0.205038
-6.43835
-0.582677
3.11563
0.29195
-0.0102902
3.07868
0.0238344
-6.07324
1.3883
3.04036
0.00851243
2.98438
0.778656
0.197235
-0.577934
2.87656
-0.0174845
0.0500842
-8.82928
0.159839
0.165095
1.63471
2.71513
0.0117649
0.48975
1.72149
-0.245586
1.4536
1.1515
0.0893369
-0.544511
-5.26022
2.65955
0.389994
-0.549031
0.307953
0.206889
2.61274
1.01975
0.00814578
-0.567317
2.56131
-0.877343
-0.57663
2.51195
1.65599
-0.583516
-1.8796
-0.597668
0.604454
1.68662
-0.594432
2.44353
1.36056
0.18126
-0.594054
1.93039
0.13559
0.407
-0.248962
-0.661484
1.25533
1.33803
-0.482912
1.41748
-0.438977
-0.660577
-3.43852
2.30997
0.883352
1.19443
-0.338995
-0.629783
-0.638575
-0.648323
-0.658333
-0.668936
-0.661226
-0.0964745
-0.659628
-0.644277
1.80777
2.26893
0.873313
0.814176
0.311362
0.985383
-0.637275
2.24079
0.00103724
-0.621001
1.81023
-4.0601
-0.605373
0.108805
2.15152
1.18817
0.827721
0.327337
1.36122
-1.37228
-0.597173
2.12214
-0.559968
0.183588
0.247864
-0.729096
1.29115
2.08292
0.00132492
1.80261
0.0676668
1.10355
-0.581296
-0.147763
-0.167828
2.04475
-0.234042
-5.90693
2.00733
-0.15341
-0.781397
-0.153197
-0.605111
1.97692
1.42083
0.461984
1.3658
0.103373
0.0124244
0.0248281
-0.679496
-0.652423
1.93355
0.53119
0.0714918
1.40978
0.621836
-0.652922
-0.14589
-0.80637
1.90479
-0.618912
1.44449
0.071456
-0.0105124
-0.977588
1.86712
0.564093
-0.744308
1.82203
-1.22731
0.0207329
-0.101471
-5.81181
-0.0910049
1.79548
-1.5936
1.73599
-2.05542
-0.477233
0.826671
-0.00124265
0.715492
0.0328606
1.69546
-2.67653
0.746796
2.24028
1.40011
-3.30085
-0.504062
1.66424
-0.392113
-0.496711
1.1505
-4.08285
1.3429
1.63401
0.0394416
-0.0267719
-2.00664
1.36199
0.934574
0.172222
0.0124935
-4.86939
-5.81947
1.5836
0.266591
-1.57474
0.320092
-1.50562
-3.08039
0.0152503
0.640845
1.54833
1.95912
1.41595
2.12935
1.47557
-6.40065
0.851846
-0.0443667
-0.585842
0.653291
0.0214794
0.133409
0.777748
1.15594
0.00608683
-7.03426
-0.615947
1.47256
-0.515561
-0.311754
1.7234
1.12907
-0.135749
2.50884
-0.713392
0.346641
0.330752
-7.49253
0.0127733
-1.44276
1.42051
1.69029
1.51432
0.901878
-7.72953
1.36939
1.30597
1.27402
1.20843
1.16404
1.09175
-5.24828
1.32554
1.03844
1.55507
0.925003
-1.01937
2.05794
-7.75529
-0.571405
-1.10712
1.03567
-7.24134
1.93227
-7.59979
0.172386
-7.39126
-0.687691
-7.14468
1.33756
-0.740084
-0.256731
-6.89229
-4.08045
-0.415381
1.40645
-1.47874
-6.39787
1.49805
1.45859
-0.342143
-0.67744
1.57813
0.285044
-0.922746
-0.0401187
0.443151
1.26683
-2.37439
0.164214
-0.460017
1.54725
-0.537676
-1.45417
-0.631558
0.652454
1.3938
-0.259979
-4.86271
0.63069
1.61907
1.09322
-6.84607
1.38191
0.587703
1.16731
-0.106223
1.39941
-0.19857
0.00978045
-0.0121011
0.605836
-2.96447
2.13867
-0.125858
0.0768061
-0.150461
-6.08628
1.86322
1.51909
1.23019
1.39178
0.309975
0.0599868
0.190154
-1.36057
0.56556
-0.810868
0.107414
0.973414
-4.36991
0.259186
2.68331
0.0267564
0.737098
0.747038
-0.671082
0.131415
1.01754
0.169715
0.662081
1.22052
1.33014
1.46699
1.44796
0.0653973
1.63052
-5.94503
0.132874
0.317909
-0.439191
-0.374952
0.00862957
1.64893
-0.657461
1.39277
-1.39989
-0.784731
0.342997
-2.25008
0.217356
-0.515711
0.313903
1.52502
0.0583734
-0.156708
0.113037
0.281425
0.152477
-0.403929
0.00505534
1.42854
-0.0508894
-0.42864
1.01904
-0.306862
1.04796
-0.522787
0.188221
0.15197
0.156352
-0.0315196
-0.663364
-0.207059
0.0333727
0.0771196
0.756894
2.1695
0.909964
-4.43718
1.38892
-0.374981
1.05036
0.0485689
0.0731093
1.17067
-0.913174
0.0341222
-1.11098
-0.654634
-0.618002
1.39204
-0.029355
1.72737
0.237651
0.0192149
2.25315
2.12892
-0.398627
0.534077
-0.311182
-0.379061
1.59133
-1.03337
-1.39227
-3.38498
0.0186084
-3.17492
0.338688
0.801024
-0.195419
0.0103226
0.124303
1.30585
-0.689439
-4.03095
0.830866
0.570695
2.11184
0.247139
0.515831
2.18494
2.22225
-0.00942321
1.91103
1.07791
1.41326
0.131063
1.95775
1.48777
0.310995
-0.491033
0.192197
1.09363
1.0695
0.0216398
0.0223392
-0.355893
2.77485
1.05742
0.620972
1.39476
0.78247
-0.416
1.0941
0.326863
1.88319
-0.104694
-0.248148
0.272195
2.45262
0.179275
1.54586
3.0822
1.41595
1.40496
0.0115098
0.630781
0.00972419
1.65586
2.60516
-8.63625
0.359297
2.50291
-0.0232536
-2.16762
2.76587
0.491486
-0.888688
0.466864
0.154237
-6.1633
0.287317
0.0365455
0.0665111
0.123741
0.0762378
-0.734303
-2.01157
2.62206
1.51055
0.646614
1.11827
1.19025
-0.567901
1.32333
-0.600032
2.98664
-0.187464
-3.0562
0.0179695
2.08861
1.34424
1.23961
-0.191944
-0.479372
-1.5803
-0.207448
-0.0128262
-0.200373
1.1824
0.148506
0.0753825
-0.369165
1.44008
-0.0378805
1.23076
0.0543139
0.403226
0.60532
2.49892
1.24212
-0.485057
1.11575
-10.0355
1.6461
-0.383748
1.27273
2.35657
-0.192243
0.229814
-0.476179
0.135713
1.35775
-0.487967
0.626938
-0.351313
1.20327
-3.22326
0.155259
2.013
0.521491
-0.626569
-0.538934
1.50154
1.71124
-0.244411
2.86223
1.36207
0.484944
1.1087
0.136905
1.55933
-0.473218
-0.507616
-0.546942
-0.753063
1.39192
-1.46859
0.478449
-0.384275
2.38927
0.982548
-0.160579
0.0677839
0.148176
-2.43191
1.00175
1.08508
1.01251
-3.66599
0.383523
-0.0723763
0.716602
-0.133766
0.828307
0.162951
0.381494
-0.211375
0.721588
0.383979
1.41559
-0.85596
0.053384
0.250691
1.35612
1.77473
0.282236
-0.648774
-0.316702
-0.0937299
0.602304
2.8553
1.50468
-0.566922
1.0616
-0.748527
1.33199
-0.597262
0.862485
2.14371
-0.696817
-0.0586657
-1.11091
1.33864
0.417607
0.165304
-0.459573
-2.924
-0.63555
-0.527113
-1.52382
1.50484
0.979538
-0.251005
1.47748
-0.666081
1.4838
0.121377
1.34681
0.206094
0.157965
1.3998
-5.60867
1.39982
-0.933831
-0.608512
2.27313
-0.553116
0.285056
-0.790124
0.29024
0.916715
2.00665
-0.713748
2.89799
2.52903
-7.78451
2.08528
-0.0799232
1.42924
2.68655
-2.50441
0.0149845
0.691809
1.37005
0.367808
-1.28977
-0.527247
0.11319
-1.06354
-0.317735
-0.143076
1.44585
-0.519593
0.0462361
1.34016
1.84832
-4.45807
1.90851
-0.420376
-4.10102
0.203164
0.811091
1.33272
0.608014
1.78581
0.998798
3.12036
1.30686
-6.22157
3.10062
2.04715
2.1105
1.57126
3.06817
2.16974
-0.91128
1.13691
3.01415
0.688191
0.227868
-0.32061
1.2973
-7.21271
0.742182
1.11631
-0.295775
2.07201
1.35723
-4.85334
-0.56304
0.378854
2.017
1.97448
0.00363649
-0.626597
-0.662246
-6.73239
1.77866
-0.338776
0.057148
-1.36583
2.86982
2.17672
-0.839837
0.73867
-0.82908
-0.655456
1.83758
-0.0644712
2.687
1.39425
-1.4209
-1.58459
-0.619448
0.954507
-0.914787
-1.53294
-3.02133
2.61267
-0.54979
-1.4558
-0.162563
-0.00138997
2.63723
-0.111096
-0.519588
-3.43434
0.420264
-4.35696
2.23163
0.521335
0.645159
-0.800697
0.0436476
0.465614
-0.555557
2.58665
-0.809684
-0.191279
1.33467
0.989482
-8.10882
-0.984181
1.34157
-0.570989
-0.933957
2.20323
2.53742
1.97862
0.0741182
2.47761
2.10012
1.4855
0.72589
-0.58146
1.67644
0.933473
1.59968
1.57992
2.08507
1.70177
-1.15643
-3.57872
1.33636
-0.584611
1.16038
-2.87866
-1.11925
-6.13015
1.92647
-0.17439
0.434151
-1.11198
1.78823
-0.383413
-0.600402
-0.292356
1.13953
-3.45142
-2.70262
0.0185762
1.42197
0.388179
-1.33753
-0.340668
-0.661203
0.054513
-1.7856
-0.0109418
0.172569
0.412351
-7.35165
1.35426
1.41921
-1.57022
-0.434124
-0.447453
-5.34992
0.538315
1.36159
-2.91523
1.15136
1.1058
0.419802
1.5544
1.16427
2.29139
1.62367
2.20455
-0.68623
-0.633067
0.866958
-0.643459
-0.652967
-0.662489
0.652759
-0.668728
-0.663933
0.0673449
0.307302
-0.640787
0.091638
0.557333
-0.475749
2.25499
1.21805
2.94607
-0.629588
-0.644202
-6.6771
2.66608
-0.0486519
0.897884
-0.518375
0.530129
-0.614924
-1.24148
-0.441672
0.822339
-0.706696
-0.599274
1.01289
-0.955923
1.34211
-0.373928
0.598447
-2.02787
2.13977
0.149356
2.30766
0.314774
-0.583185
1.47985
-0.727159
0.620668
-0.449207
-2.07639
-3.8769
-0.0399237
2.10258
1.46053
-0.650089
2.09382
2.10734
-7.8142
0.0144877
-0.558643
0.388831
1.27387
-0.0921269
-0.519225
2.0641
0.267927
-0.0709731
0.235912
-0.632592
-9.38142
2.36949
-0.489042
0.954881
-0.0581267
1.11507
0.193557
1.80382
2.02568
-0.620895
0.0889565
1.40031
-1.20027
0.920244
1.64792
0.0828094
1.9929
-3.73624
-1.07688
-1.76042
1.8552
0.0334971
1.90156
-1.03239
1.49334
1.48784
1.20994
-1.046
-0.631648
1.95341
2.01449
1.43382
-1.28646
-0.354679
0.135468
-0.553684
-0.60233
2.39928
-0.655025
0.481028
-0.725561
1.92279
-5.83325
-0.323376
0.151459
0.252078
1.46789
-0.384858
-0.746837
2.73883
1.46549
-0.87303
1.8869
0.956649
1.01552
0.143903
-0.262572
-0.516475
1.20098
-0.350849
1.60841
1.84508
-1.08258
-0.335952
1.11037
0.58301
-4.38791
1.04075
0.275392
0.210846
0.970901
-0.351372
0.999372
1.8107
-1.39644
0.989713
1.85095
1.19911
-0.0546135
1.76451
-1.78933
1.37027
0.0718174
-0.661109
0.0398823
2.09322
-0.128264
1.43281
-1.00369
1.7152
-2.36052
-0.0616967
0.987349
2.17427
-1.37018
1.01668
0.477255
-5.81187
1.41195
-2.97014
1.68078
1.94656
1.2754
0.112904
2.22618
-0.310434
1.41361
-0.0602894
-3.67759
-0.546536
1.65076
-3.20922
0.650709
0.851122
-4.47175
1.39752
1.60649
-0.149129
1.35892
0.798437
-1.64047
2.31937
-4.03983
-4.26788
-1.35409
1.56509
-1.46375
-0.192674
1.46083
0.880394
0.170673
0.845575
-2.71058
0.587634
-0.50021
0.159176
0.59771
2.50032
-0.733739
1.4289
2.74173
0.946826
0.981162
-6.74286
1.37889
-0.510483
0.61452
-1.03479
0.627504
1.85039
-3.30447
-7.32708
1.44696
1.32442
0.953629
0.847483
-0.322198
0.692037
0.43893
0.888452
1.36749
1.38339
-1.53341
0.671211
-7.6772
-0.327856
1.38024
-0.600321
1.39524
1.36312
0.356686
0.326406
2.21109
0.31991
0.165359
1.35334
1.3381
1.09185
1.29297
-0.646272
1.24151
1.18768
0.143759
1.8976
-7.81479
0.716709
1.12664
1.97347
1.06358
0.686266
-0.679379
2.02274
1.97725
-0.406082
0.826421
0.453395
-7.73262
0.620146
1.14395
0.680913
-7.50965
2.81666
2.11219
-0.607311
0.657048
0.0153916
0.00311713
-7.27242
0.810389
0.641758
1.74226
-0.339838
-7.06025
2.01399
-0.558598
-1.27666
0.118952
1.36207
0.657917
1.54608
-0.728002
0.244149
2.45972
2.59604
0.95842
0.13237
-0.581186
3.109
0.484243
2.06733
1.23039
-0.0141718
0.228558
-1.32925
0.0603974
1.84904
-0.179691
-1.0845
0.551376
0.280387
-0.395187
-0.898059
2.15569
-2.93696
-0.551305
-0.0745082
0.272693
0.691245
0.0302856
0.0467175
0.635137
0.399741
0.349753
0.0237853
2.49829
1.44455
1.58699
1.72099
0.939664
-1.11169
2.4577
-0.252652
-0.468314
0.106498
1.25214
-5.16481
0.353539
1.89643
0.121168
-0.403534
-0.035886
1.42634
0.620608
-0.603408
-1.88443
1.31222
1.45553
2.29796
1.40417
1.63045
1.86908
1.82983
-0.502576
1.74023
-0.207979
0.65508
-8.54283
-0.814688
-0.502004
0.66057
-0.031085
1.64425
0.529916
0.249519
-6.08309
-0.487802
0.888662
-0.510961
-0.355191
-1.20999
1.35251
2.16453
-0.647467
0.0630107
-1.67699
-0.736078
-0.281373
-0.476604
0.488266
1.31345
0.353384
-0.514829
-0.638272
-0.580055
1.40581
-0.215922
-0.596735
-0.331519
-0.455688
0.697104
-0.697648
0.739272
0.905074
2.58354
-0.139755
0.21944
2.02279
-0.00697839
0.190222
-3.86213
0.69775
-0.664816
-6.33106
-0.642666
0.0740183
0.0950215
0.570845
0.0762609
-2.64164
0.275546
-2.06896
-0.0260058
-0.0473413
0.206752
-0.951766
2.00827
0.0282013
1.43307
3.00151
2.05466
2.67334
-0.630501
1.98275
-0.120971
0.211241
-0.65139
-0.27494
-0.0260672
0.234356
0.157171
0.177409
0.606225
-0.602042
0.821909
-2.91471
-0.656007
-0.473616
-0.408087
1.5978
0.904171
-6.88238
1.02276
-5.67852
-0.28408
-6.51569
0.809146
-0.213032
-7.89728
-0.436935
-0.398447
1.46865
0.057853
-5.03304
-0.685125
1.44526
-1.15108
0.375648
0.24389
-1.80918
-0.422613
-0.568229
-0.515189
0.115309
-0.687532
-0.666137
-0.525144
-0.657084
0.0457239
0.0297093
1.50014
-0.785955
-0.115906
1.0298
-0.568882
-0.421456
0.580782
2.90851
-0.0471465
0.11155
-0.29267
0.0673112
-3.56896
1.54346
-0.416586
-0.989059
1.452
-0.0786999
-1.33458
1.85456
-6.84478
-2.61527
2.04901
0.977298
0.134163
-0.428757
-0.490268
-0.794118
-0.545491
1.34997
1.73938
-6.45353
-0.257297
0.255992
-0.510686
0.416943
1.27675
0.10803
2.01494
2.16119
-1.26408
0.691868
-0.542166
-0.446963
-1.91239
-0.170668
1.20956
0.320661
2.69905
-8.00422
-8.5471
2.66622
-3.77002
-5.558
-0.795359
-1.27317
1.3234
1.27536
-3.83967
-1.61964
1.00245
2.28847
0.0267868
2.33216
-0.65494
-5.12803
0.134318
-7.3256
-0.643957
-0.603407
0.36304
-0.416128
-0.85361
1.88027
0.481391
0.0123824
0.639926
2.95814
-6.24544
-1.27251
-5.30544
-0.380774
2.90226
-6.04766
0.491409
-0.649349
-0.0443599
-2.61887
-8.16669
-0.296157
0.145792
0.0383686
-0.16147
-0.464162
-9.67886
2.43285
-0.759076
-3.83285
2.47695
0.865377
2.02516
-3.98867
1.38028
-0.333855
-0.0278061
1.10859
0.921659
2.15407
0.735154
-0.0365675
0.520809
0.106451
-0.727245
-1.84779
0.159403
-0.430534
-6.15265
0.931059
0.505479
0.0404553
0.452368
-0.16818
2.33722
1.42153
1.3345
0.127938
-4.09075
1.24834
-3.09229
-0.672115
1.37267
0.158357
-3.43891
0.0267483
2.19729
-0.910916
2.11576
0.0426081
1.96664
-0.397997
2.16933
0.939592
0.9854
-9.44621
-0.272105
1.46225
0.943576
-0.66091
0.102755
-5.98574
-0.64635
-1.60728
2.34744
-0.455632
0.432818
-2.81048
0.425814
1.97375
-1.65152
-0.800831
0.639732
2.34956
-0.590917
-0.410274
0.179869
-0.0992921
-2.46768
-0.292113
1.05991
-0.728672
0.494515
1.45164
2.265
0.793169
1.93701
1.68667
0.0828582
0.140173
-0.295173
2.29355
2.81293
-0.874345
0.307116
-0.677711
-0.658832
-2.4513
0.183787
2.47769
-2.50108
1.50895
-0.540134
0.718882
2.05994
1.48783
-0.899357
-0.0739707
1.11709
2.19231
-0.201786
0.324505
0.198666
1.49331
0.771143
-6.09562
-0.6412
-0.653588
-6.03003
1.5986
-0.667597
-3.44918
-0.6201
-6.05037
1.24701
-0.620981
-0.157133
0.0412471
1.01058
2.39833
-0.237416
-0.54826
5.96751e-05
-1.14269
1.62284
2.9239
0.185775
-1.11705
-2.29117
0.158402
0.322682
-0.00418652
-0.65713
2.83942
0.3198
2.27652
-0.671783
0.436716
0.659273
-1.22754
-0.494831
-0.561024
-3.86088
0.656461
-0.156377
0.0798571
-5.98882
0.76234
0.299465
-0.659447
-10.4547
0.4784
0.60108
2.19667
-0.374115
0.131544
0.445462
0.275556
0.123642
-0.691962
2.16975
-0.665503
1.39981
1.91011
1.54745
-0.676543
0.310406
1.51418
-0.238081
-0.473097
-0.307615
1.00502
2.10166
2.18252
1.8195
1.48033
-4.53126
-0.857026
0.656727
0.260024
-1.20275
2.56337
1.57525
0.822497
1.07179
0.878521
-6.26461
-0.756176
1.88745
0.48933
0.946013
-0.363391
2.0427
1.31803
-0.41954
2.24875
-0.265039
-1.50846
-0.610447
0.110115
-1.27701
-0.306941
-1.12461
-0.599543
1.32064
-0.653281
0.554514
-1.0674
0.466728
-4.59794
0.0646463
0.0331539
2.28478
-0.621928
-0.0731494
-3.20161
0.460468
1.86527
0.905366
-0.73082
-0.431914
-8.36128
1.06889
-0.560931
0.034739
-2.125
-0.200465
0.111149
1.48355
3.05036
2.92393
0.0478505
-0.00464828
-5.86778
2.26696
1.50904
1.39298
1.70576
0.0661189
2.41785
0.208651
-0.542914
-0.00930268
-0.236619
1.93954
-1.3809
-2.44437
1.09227
1.19299
-0.502095
1.20733
2.01192
1.19536
1.99206
0.551683
1.45242
1.38027
0.801967
-0.508001
2.34606
-0.365274
0.341129
-4.40275
-0.66234
0.0278779
0.437957
-0.280145
1.70652
2.03647
0.61049
-2.09895
1.95325
0.665652
-4.01474
1.01361
0.548385
-1.61881
0.353775
1.83285
0.0519809
-0.313107
0.724967
-5.12824
-0.917848
-0.424797
-0.407522
0.699796
1.40957
2.45436
2.79213
0.114053
0.14924
1.16428
-0.636082
-3.27374
2.08182
-2.21378
-7.4896
0.759168
-7.29788
-2.6911
-0.282251
0.977663
-0.632515
0.853667
2.07758
0.361373
-0.349806
-0.0405541
2.29779
0.215969
-3.07225
-1.33896
1.00318
-0.842152
1.48067
-0.564016
2.09065
1.38703
1.01482
-0.387649
-0.632856
2.25105
0.964516
-0.0472533
-3.15884
-0.657142
-0.473548
1.36533
1.19917
0.508992
-0.52762
-0.935939
1.1842
-0.564969
-0.161144
0.103375
1.21667
2.63341
-0.052199
0.0203937
0.113727
-0.00190302
-0.27113
1.10135
0.641299
-0.910694
-0.35795
0.120806
1.9572
-0.611839
-0.105739
1.41881
1.754
2.12455
-0.386322
-0.66199
1.17066
0.821223
0.113247
-7.58808
-0.861704
-0.646888
1.23338
-0.652335
1.02663
-1.02204
-0.325345
-0.530188
-0.157334
-0.817349
-0.31779
-0.482342
2.0392
2.00793
0.921619
-2.82536
2.29163
1.12901
-0.620811
0.0614382
-1.24766
0.0063925
-0.359912
-0.58227
-4.86756
1.06541
-4.59565
0.69126
0.0219181
-0.638395
2.32101
1.15173
2.06268
1.94505
-0.510296
-6.02188
0.0180764
2.65808
-0.0473585
0.829558
1.4097
0.0204236
1.68366
0.579758
-0.105802
0.962847
-0.0180243
1.69699
1.99448
1.23849
1.36476
-0.273822
1.30219
0.200524
-0.604734
1.6113
2.19185
0.347032
-0.69578
-0.644797
2.40789
-0.447396
-4.99456
-1.23925
0.013292
0.0280241
2.67917
0.422801
0.176063
1.84412
-1.00101
-0.253037
-0.315962
1.54278
0.955535
0.703732
-0.549851
1.78406
-0.00102403
2.63237
2.60637
-0.698895
1.59733
-0.651538
0.443632
-0.503368
1.38056
-0.648132
2.04506
-7.47376
1.75532
0.451776
0.987128
1.93199
-0.565948
0.0747515
-0.0126233
-0.56913
0.176624
-0.580202
-0.743712
-2.96518
-0.546029
2.14125
-0.590318
2.37246
-0.042909
-0.850627
0.168358
-0.641312
-1.22119
-0.658717
-0.602186
-2.35314
-0.582602
2.02403
-7.84427
2.10737
0.0848254
-10.3336
-0.519011
-2.5212
0.520605
-0.0797549
2.3038
0.574229
0.0527601
0.155873
-10.2639
1.23187
-0.272011
0.870263
0.149133
-5.96629
0.115897
-0.692912
0.220255
-0.391595
0.483877
1.98019
2.02374
-0.166289
-0.0424413
1.33094
1.35471
2.36848
2.73453
1.04487
-0.174759
1.35197
0.774947
0.101368
0.125131
2.31391
-7.29455
0.490898
-0.662329
0.549395
0.0436867
-0.533565
0.18814
0.473054
0.699751
2.80951
0.117071
1.35661
1.35479
-6.44423
0.482514
-4.23553
1.24744
-8.08319
-1.2315
0.0982198
-0.241567
1.35716
0.61433
2.42806
-0.356843
2.10155
-0.539049
2.68289
1.47382
1.31941
-0.632903
-0.676191
0.0139241
0.134187
-1.52398
1.84874
1.9054
1.08991
0.123399
2.67475
0.545208
1.36874
-0.529134
-5.90065
0.0676494
0.320211
1.57407
-0.521444
-0.354893
-0.575549
-0.00379088
2.21608
0.75026
-5.9414
0.396779
-0.00685368
-0.123465
0.285964
0.149241
0.76306
-0.64585
-0.0221143
-0.441324
-0.0132652
-5.92039
-0.566391
-1.19469
-1.64305
-0.0135824
1.50915
-0.00601031
0.686779
-0.435148
1.85574
-1.65224
0.0763621
-0.264755
-0.496354
-7.64579
2.16242
1.34448
0.106264
0.22802
1.98886
-0.743189
-0.587894
-0.760337
0.0120681
-0.456467
1.0445
0.873671
-0.0191899
0.265299
2.08499
-0.297898
-0.309283
1.05748
0.681861
-0.658022
1.88752
-6.06907
2.17075
0.857179
1.81409
-0.470141
-0.656783
-3.50773
0.347852
2.11721
-0.530146
1.32712
0.735061
-0.722239
0.174896
-0.567223
2.55774
1.14127
0.227772
0.723642
0.135
-0.528764
1.97643
-5.45125
1.0331
1.69101
2.78097
1.63345
-1.80607
-1.103
-0.65771
0.0703097
1.97895
-0.34202
0.191799
-2.75007
-6.40016
1.98646
0.226668
-0.572665
0.186994
1.92651
2.65852
0.118698
0.0548243
1.90121
1.77547
0.991061
2.08184
-0.522548
-0.631565
1.25276
-0.701026
0.605781
0.00899055
-0.728111
2.04384
0.96014
-0.795452
-7.77934
1.91508
-1.00063
-1.31628
0.0241292
0.494651
1.38426
2.1207
-2.48375
0.0250779
-0.622077
2.7916
2.99095
1.38299
1.72269
0.00974189
-3.55444
2.63333
0.399925
-0.569513
0.0241898
0.0234328
-0.605541
-0.563147
-3.17985
1.08493
-0.483782
-0.459616
1.71176
1.57376
-0.649757
-0.546433
-0.392447
0.531478
1.01768
2.03284
-2.85165
0.0721756
-0.325289
0.856731
-5.85034
-0.140972
1.84026
1.65246
-0.0379391
1.92667
1.74571
1.30574
0.868373
0.832882
-1.1344
1.5624
0.951079
-0.552744
0.158304
-0.553254
1.8917
-0.658945
0.984409
0.685949
1.39111
-0.563423
1.4886
3.08539
-7.58094
0.723696
0.490226
-4.75785
2.5488
0.0101982
0.916344
-7.89162
0.0868058
-0.320607
0.409931
0.394646
0.906369
0.844736
-3.22373
-0.0837873
-2.33815
1.94393
0.588206
-6.20599
1.67383
1.44648
2.46863
3.0002
0.157104
1.36373
-0.621133
1.11436
-0.0323344
0.855993
2.36967
2.01625
-0.386167
0.000327754
1.28086
-0.597558
-1.64803
-0.500327
0.271809
-2.24273
2.99689
-0.652983
-0.240392
1.88902
0.671204
0.801679
-0.55235
-0.99042
-0.304123
1.87688
-0.070436
0.178164
0.51243
-6.13094
-0.533791
-0.664599
1.68605
1.04545
1.60375
-1.10328
1.223
-0.291102
1.6264
-0.652042
1.40544
1.31975
2.02644
-6.18604
-5.92492
0.652439
-0.0186658
-5.58636
-0.332937
0.640163
-2.37466
2.42668
-0.589978
-0.523916
1.08939
-6.01943
-1.21646
-0.671021
0.000890829
1.16804
1.15318
-0.571029
0.523828
0.987789
1.33183
0.724946
0.0572903
0.089572
2.65496
-0.402043
0.565067
0.41606
-0.354655
0.417076
-0.578955
1.58023
1.63413
-0.560696
-1.28349
-0.588073
-0.259773
-2.14981
1.12227
-2.41781
-2.03649
0.487942
0.171856
-0.405705
-0.459694
2.08844
2.75234
-0.773261
1.86923
2.71473
0.786228
-0.487439
-0.646867
-0.0333661
-0.607472
-1.99794
-3.49177
-0.547754
0.732076
-0.467765
0.885689
0.590493
1.71517
0.549319
1.75088
-0.531052
0.30929
0.689619
2.5361
0.879038
-5.82296
1.0751
-0.569133
-0.552809
2.03276
1.33201
-0.446614
1.46555
-0.26826
-0.271193
1.68149
-0.294354
-0.663857
-1.57866
1.31471
1.84299
2.70419
0.391268
1.38024
-6.06272
1.25674
-0.353363
-0.35997
1.09381
-0.411796
0.65542
1.81511
1.57956
0.488137
1.9187
-0.730594
1.32938
0.447599
1.25559
-0.276848
1.31287
1.32308
-0.628183
1.83569
-0.475049
-0.417229
0.450272
2.5195
-0.249849
0.816869
0.609825
0.653344
2.41357
0.599989
2.63056
-0.648552
-0.365526
1.71534
0.580994
-0.243966
0.527733
0.442279
-0.340837
1.21633
0.636393
2.52516
1.26426
0.686562
)
;

boundaryField
{
    SideWalls
    {
        type            empty;
    }
    Top
    {
        type            zeroGradient;
    }
    Inlet
    {
        type            zeroGradient;
    }
    Bottom
    {
        type            zeroGradient;
    }
    Outlet
    {
        type            fixedValue;
        value           uniform 0;
    }
    Plate
    {
        type            zeroGradient;
    }
}


// ************************************************************************* //
