/*--------------------------------*- C++ -*----------------------------------*\
| =========                 |                                                 |
| \\      /  F ield         | OpenFOAM: The Open Source CFD Toolbox           |
|  \\    /   O peration     | Version:  2306                                  |
|   \\  /    A nd           | Website:  www.openfoam.com                      |
|    \\/     M anipulation  |                                                 |
\*---------------------------------------------------------------------------*/
FoamFile
{
    version     2.0;
    format      ascii;
    arch        "LSB;label=32;scalar=64";
    class       surfaceScalarField;
    location    "2.1";
    object      phi;
}
// * * * * * * * * * * * * * * * * * * * * * * * * * * * * * * * * * * * * * //

dimensions      [0 3 -1 0 0 0 0];

oriented        oriented;

internalField   nonuniform List<scalar> 
7520
(
-0.992918
0.712708
0.28021
-1.37012
-0.156478
1.5266
-0.0608481
-1.6155
1.67634
0.253025
-0.0337696
-0.219255
-0.164591
1.40066
-1.23607
-0.0983596
0.10579
-0.00743084
-0.271876
2.09048
-1.81861
-0.01171
-1.57793
1.58964
-1.29014
1.22929
1.07395
-0.0353837
-1.03857
-0.234341
-0.119089
0.35343
-0.170367
-1.83609
2.00646
0.748588
-0.0982359
-0.650352
-0.111017
0.152973
-0.0419556
-1.76258
0.962412
0.800164
0.180662
1.58388
-1.76454
-0.169957
-0.0387425
0.208699
-0.0295656
0.30591
-0.276344
0.0762686
0.0327391
-0.109008
0.0669771
-0.236934
-0.462083
-0.224871
0.686954
-1.06834
1.249
-0.0332857
-0.332534
0.36582
0.180628
-0.163938
-0.0166894
-0.0237271
0.0903837
-0.0666566
0.273887
-0.269884
-0.00400279
0.824387
1.15055
-1.97493
-0.0382829
0.336563
-0.29828
0.00556944
0.0706992
0.220688
-0.0351164
-0.185572
-1.0896
1.76587
-0.67627
-0.054094
-0.02074
0.0748341
-1.75194
1.97183
-0.219895
-0.337117
0.410234
-0.0731173
-0.160745
-1.23745
1.39819
-0.690215
0.89984
-0.209626
0.295432
-0.578861
0.28343
0.835297
-1.59083
0.75553
0.0938184
-0.343881
0.250063
-0.0497961
-0.113177
0.162973
-0.0305262
0.283551
0.52963
0.00172155
-0.531352
0.313279
-0.0393927
1.91472
-1.19543
-0.719286
-0.387701
-0.718016
1.10572
-1.54523
1.68061
-0.135383
0.0341512
0.126604
-0.160756
0.300734
-0.0928199
-0.207914
-1.36672
0.277121
0.296003
-0.0800662
-0.215937
1.72675
0.183457
-1.91021
-0.707615
0.232256
0.475359
-0.060706
0.0559149
0.00479112
1.01859
0.517873
-1.53647
0.0158988
-0.114258
-0.78047
0.0990574
0.681412
0.365034
-1.25016
0.885126
-0.0427996
-0.133224
0.176023
-0.133386
0.0792919
-2.28121
1.10799
1.17322
1.72739
-1.1649
-0.562487
-0.0180438
-0.0479254
0.0659693
-1.18709
1.02634
0.898307
-0.149719
-0.0158736
-0.0448324
0.0043455
-0.115363
1.09714
-2.13026
1.03312
0.153681
1.57307
-1.2899
1.02193
0.26797
0.336383
-0.254896
-0.0814872
-0.51483
0.879863
0.591325
-0.804852
0.213527
0.360678
-0.099457
-0.261221
0.411351
-0.509954
0.0986028
0.772411
-1.62332
0.850913
0.140163
-0.122576
-0.0175874
2.36416
-0.892999
-1.47116
0.459651
-0.79717
0.337519
1.65709
-1.38838
-0.26871
-0.882606
0.102136
-1.51106
-0.770144
0.68187
0.132507
-0.814377
0.271699
-0.668719
0.39702
-0.00125559
-0.335861
0.319659
-0.349225
0.239763
-0.0190752
0.0281855
-0.0424607
0.0142752
1.28595
1.07821
-1.5926
1.78935
-0.196748
1.18306
0.544331
-1.00763
1.14785
-0.140224
-0.0251793
0.178589
-0.15341
1.40842
-1.57879
0.262233
0.213286
-0.119468
0.609257
-0.261563
-0.347694
0.00785317
0.0926527
-0.100506
-0.563647
0.374189
0.189458
1.53224
-0.759829
-0.760549
0.658958
0.101591
0.842389
-0.814617
-0.027772
-0.0964082
0.121502
-0.0250934
0.0711813
-0.0809093
0.00972791
2.15055
-1.35835
-0.792199
0.558709
-0.503552
-0.489366
-1.34373
0.828896
-1.85969
1.58782
0.190889
-0.0870564
-0.103832
-0.323369
0.0890281
-0.174213
0.17289
0.0013236
-0.348229
0.425011
-0.0767825
1.89367
-1.05837
0.109192
0.016647
-0.125839
-0.793129
0.331046
0.0406006
0.116629
-0.157229
-0.0386639
0.720534
-0.751893
0.386749
0.365144
1.18405
-2.05109
0.867044
0.0640658
0.116562
-0.149641
-0.557974
-0.323958
0.0330843
0.290874
1.51687
-0.442917
-0.201273
0.441581
-0.240308
0.112175
0.0856354
-0.197811
0.106807
-0.102179
-0.00462858
0.687905
-1.79134
1.10343
0.407889
-0.441175
-0.345658
-0.0827963
0.428454
-0.0390278
0.14822
0.121191
0.245542
-0.366734
0.163845
0.0347345
-0.19858
-0.0689563
0.232802
-0.632923
-0.11897
0.214534
-0.66741
0.452875
-0.682708
1.40511
-0.722402
0.346764
-0.385988
0.0392235
-1.15393
-0.1898
-0.0369559
-0.0555246
0.0924805
1.38407
-0.365473
-0.63829
0.449285
0.189005
-0.00441515
0.14202
-0.137605
0.312463
-0.0812427
-0.23122
0.231608
-1.8471
0.282923
-1.82815
-2.06599
0.877836
1.18815
-0.883656
-0.406241
-1.20813
0.835067
0.373065
1.68692
0.270169
-1.95709
0.198153
-0.247949
0.17654
0.525413
-0.701953
-0.459752
-0.628565
1.08832
-0.130296
-1.07784
-1.7655
0.0135603
0.0201276
0.00805798
0.0736848
-0.144174
0.070489
0.306073
-0.348872
0.689249
0.15314
-0.168907
0.138381
0.0146371
-0.0149689
0.000331734
0.790465
-0.451785
-0.338679
-0.553086
-1.20949
0.142554
-0.602306
0.0633488
-0.602384
0.539035
-0.178715
-0.089493
0.268208
-1.58581
0.827081
0.758729
0.421817
-0.586407
-0.0653884
0.4771
-0.411711
0.143059
-0.166786
0.546454
-0.249899
-0.296555
0.700633
-0.0913765
0.257866
-0.337932
0.96573
0.207534
-1.17326
0.316327
-0.354609
-0.307024
-1.41344
1.72047
1.28653
0.65791
0.725865
-0.454166
-1.11447
0.424251
-0.682127
0.927473
-0.245345
-0.0115665
-0.0271484
0.0387149
0.273795
-0.331899
0.0581042
-0.873191
0.834527
-0.294735
-0.152484
0.44722
-0.242519
0.0638046
-0.838275
0.901624
0.401853
-0.981741
0.579888
-0.50967
-0.0539768
0.714924
-0.419493
0.151995
-0.0118313
0.388284
-0.277049
-0.111234
0.0105125
-0.358741
-0.418414
-0.24214
0.660555
0.139204
0.221474
-0.780045
-0.843279
-0.858612
-0.727198
-0.0512953
-0.117048
0.168343
1.05109
-0.549437
-0.501653
-0.921406
0.238698
-1.17962
2.13197
-0.952346
0.383047
0.163407
0.277108
-0.25064
-0.0264678
-0.750522
0.600881
0.663139
-1.05084
1.77731
-0.0874883
-1.68982
-1.5888
2.15825
-0.569446
-0.0290008
0.102686
0.459768
1.26073
-1.7205
0.0368433
-0.185387
0.148544
-0.149552
1.88242
-1.73286
0.00135755
0.122023
-0.12338
-0.879715
1.25498
-0.375264
-0.0532743
-0.697247
0.101256
-0.51967
0.31049
-0.24864
-1.62502
1.87366
-0.136072
0.168812
-1.7334
0.953356
0.34166
-0.0229666
-0.318693
-0.146984
0.259159
0.14274
1.55408
-1.69682
-0.549496
-0.604196
1.15369
-0.535851
0.432629
0.103222
2.31414
-1.49603
-0.818112
0.499581
-1.04908
-0.0741292
0.0603763
0.0137529
0.118788
0.750549
-0.869337
0.0634665
-0.0660723
0.00260583
0.78819
0.815147
-1.60334
-0.231519
-0.529031
-0.0664845
0.187705
-0.121221
-0.938275
0.670268
0.268007
-0.0906713
0.0471712
0.0435001
0.832056
0.219034
1.11068
-2.01773
0.907048
-2.56807
1.17293
1.39514
-1.13426
-1.43381
-0.383415
0.435765
-0.0523499
-0.339043
0.278192
0.0608512
0.429547
-1.19734
0.767793
0.00112538
1.10827
-1.1094
-0.50345
0.635957
1.10855
-0.142822
1.00714
0.993161
-2.0003
-0.214354
0.10943
0.104924
-0.00661421
-0.931661
1.80962
-0.4138
-1.39582
0.149855
-0.113012
0.0182904
-0.266917
0.228174
0.959767
0.84985
0.266322
0.580731
-0.847052
0.381158
-0.0445951
0.0969191
-0.285329
0.18841
-0.28575
0.29251
-0.00675999
-1.81793
0.869
0.948933
-0.216555
-0.122488
0.853126
-0.638592
0.661372
-0.0173663
-0.644005
0.148681
0.152053
-1.92604
1.87027
0.0557673
1.11217
-0.710316
-0.0378854
-0.0161811
0.0540665
0.0104085
0.0683965
-0.078805
0.127322
-0.226779
1.71373
-0.61659
0.0531307
-0.180238
0.127107
0.000505935
0.0141312
-0.435202
0.316113
0.449667
-0.71123
-0.699483
0.700608
0.268393
0.119891
2.09048
-0.0212475
0.0109445
0.010303
-0.715506
1.16517
-0.229309
0.151054
0.0782548
0.14961
-0.0784283
0.0116285
0.518002
0.87514
-0.6986
0.439148
-0.388073
-0.0510747
0.350885
-1.2306
-0.100531
0.221722
-1.66736
1.41872
-0.00266217
-0.071467
-1.67906
0.248226
-0.252641
-0.117928
-0.0862256
0.204154
-0.617824
-1.20011
1.17876
0.971788
1.70858
-0.8815
-1.83609
0.325587
-0.52686
-0.0998289
-0.028277
0.128106
0.181821
-0.272924
0.0911027
-1.2482
0.530185
-0.204967
-0.274485
0.479451
0.82342
-0.858803
-0.0744411
-1.84134
1.91578
0.907261
0.216594
-1.52318
1.30658
0.958705
1.01313
-0.887228
1.38726
-0.927496
-0.0406501
0.403959
-0.363309
-0.885544
0.803007
0.0825362
0.0969184
-0.0437877
-0.0874771
0.345314
-0.257837
-0.305833
-0.202569
0.508402
-0.524707
1.81124
-0.283366
-0.39011
0.673476
0.240965
-0.206814
0.252377
-1.26
-0.196753
0.293672
0.00938229
-1.92065
1.06533
0.855321
0.393792
-0.492028
0.00856107
-0.0592092
0.405974
0.967935
1.3462
1.6286
-0.541676
-1.08693
0.138647
-0.0490363
-0.0896107
0.997744
0.659348
-0.0815621
-0.0182668
0.607309
-1.67841
1.0711
0.22346
-0.257417
0.0339563
0.598954
0.933287
-0.241719
-0.102162
0.759567
-0.493246
-0.574035
1.39842
0.180225
0.0106637
1.91029
-0.726248
0.157218
-0.149365
1.72563
-0.0970305
0.112899
0.421158
0.01799
0.0184566
0.317926
-1.67623
-0.900695
1.02585
-0.125157
0.00633774
-0.128914
1.82864
0.00260595
-1.83125
-0.742255
0.458888
0.24096
0.0715032
-0.32799
0.0730944
-0.187333
-1.20105
1.55661
-1.57091
0.0142997
0.0618368
-0.384204
0.322367
-0.978177
1.57713
-0.862992
1.5509
0.12287
-0.0610333
0.766302
-0.379553
1.94764
-0.539219
0.00510415
0.134758
-0.139862
-0.12817
-0.0498599
0.17803
0.136247
0.00240041
0.176577
-0.812658
0.130124
0.120068
-0.250191
0.546654
0.858456
-1.73601
1.42899
0.140828
-0.486486
-0.372555
0.96388
-1.11526
1.30926
-0.194007
0.558946
-1.94763
1.79808
2.17619
-0.89024
0.88289
1.03183
-0.0806285
0.297272
1.25933
-1.40085
0.320236
1.08061
0.271005
-0.306121
-0.383476
0.16692
-0.238972
0.170016
0.245434
-1.44086
0.716878
-1.14974
0.432867
-1.74205
0.806153
0.935894
-0.33082
-0.474032
0.0949721
-0.113016
0.0883122
-0.0282605
0.377342
-0.349081
-0.568589
0.503201
1.20221
0.973973
-1.5888
0.0488087
0.0579987
1.63033
-1.42902
-0.201304
-0.454289
1.71502
-1.24281
2.12159
-0.878774
-0.80565
0.985192
-0.179542
0.17946
-1.36655
0.0316182
0.246574
-0.277127
0.447646
-0.170519
-0.066843
-0.0140663
1.36714
0.557617
-1.27034
0.712718
-0.0168007
-1.54653
1.56333
-0.057524
-0.116689
0.0598723
-0.481786
0.421913
-0.838725
1.17719
-0.33847
0.216501
-0.150701
-0.0658004
-0.118483
0.904133
-0.785651
-1.86202
1.70554
1.82288
-0.44819
-1.37469
0.562495
-0.4116
-0.150895
-0.0126008
0.194422
0.155819
-0.665489
-0.853015
1.6412
0.0566295
-0.0160289
1.77731
-0.99699
1.11578
-0.0268001
0.0268001
-0.270401
0.224294
-1.8169
2.25543
-0.93339
-1.32204
-0.510226
0.805819
-0.295593
0.0552422
0.0908075
-0.14605
1.0614
-1.13527
0.0738692
-0.482248
-0.320641
0.802889
0.931355
-1.98424
1.05288
-0.0369478
-0.848596
-0.244528
0.116358
-0.284054
-0.505441
0.789496
0.716251
0.478783
-1.19503
-1.27346
-0.420079
0.702244
-0.282165
-0.410247
1.33318
-0.922938
1.49503
-1.35229
-0.104325
0.234448
-0.172163
-0.101959
0.51331
-1.12793
0.773157
0.354771
-1.59834
1.75252
-0.15418
-0.0187496
0.144812
-0.126063
-1.36962
-0.760647
-0.0167882
0.0223577
-1.69961
0.51999
-0.388915
0.301438
-0.346875
-0.458775
-0.0505905
0.274051
-0.651891
1.65903
0.0465619
-0.379096
-1.49416
0.112274
1.38188
0.479894
-0.890863
0.410969
-0.875849
0.193722
0.217458
-0.592524
0.375067
1.63024
-0.179528
-1.45072
-0.0113104
-0.109824
0.121134
-0.323543
0.603222
0.44438
-1.0476
-0.384933
1.34735
0.288939
0.650504
0.733564
-0.0259512
1.532
0.193638
-1.40242
1.38562
-0.197389
-0.0353971
0.232786
-0.261996
-0.0517979
0.313794
-1.77298
0.530171
-0.312754
0.314476
-0.634236
-0.266458
0.263139
0.903277
-0.422204
-0.481073
0.208874
0.104405
-1.05196
1.88307
-0.831112
0.190838
-0.240698
-0.0887464
0.362542
0.26924
-0.546367
-0.0769283
-0.246536
0.323464
-0.0172368
0.0951117
-0.0778748
0.589937
-0.715326
0.125389
0.0080769
0.0493676
-0.0574445
-0.30874
0.34404
-0.0353001
0.267913
-0.65214
0.384227
0.330296
-0.0592911
0.0173461
0.43259
-0.449937
1.03686
-1.02871
-0.946225
-0.680666
-0.0160359
0.696701
0.13071
0.0381015
-0.301151
-0.2347
1.04483
-0.141553
-0.0962703
-1.1817
1.27797
-0.328525
0.00456683
-0.110629
-0.522294
-0.447474
0.328991
0.184698
-0.18334
-1.35291
-0.0387433
-0.0874498
0.126193
1.23715
-1.02961
1.05146
0.771418
0.825981
-0.16461
-0.217503
-1.62541
1.84291
0.463455
0.656525
-1.11998
-0.292861
-0.991058
0.519405
0.471653
0.916182
-0.436288
-0.0749348
-0.156107
0.231042
2.26217
-1.26529
-0.996874
0.143525
-0.329209
0.185683
0.474911
0.631205
-1.10612
0.0790824
0.10838
-0.187463
1.62011
0.0256672
-1.64578
0.287962
0.0179472
-0.269677
0.316239
0.104339
-0.0289248
-0.0754142
0.390452
-0.0707931
0.0317571
0.00466872
-0.0364258
-0.74022
-0.505413
1.24563
1.10307
0.52717
1.03641
-1.13268
0.214136
-1.05286
-1.81543
1.74099
-0.13595
0.221586
0.318596
-0.61817
0.299574
0.848495
0.860086
1.12923
-1.28609
0.156865
1.22861
-0.578104
-0.15565
0.106614
-0.0393073
0.166882
-0.127575
-1.39858
-0.303064
1.70164
-0.374981
0.45516
-0.080179
-0.00177875
-0.0250214
0.464396
0.936265
-0.154513
-0.0598406
1.13169
-2.11731
0.985621
-0.979993
0.0590654
0.920927
1.69823
-0.587541
-0.0411351
0.499219
-1.12778
-0.281206
0.00539064
0.275815
0.0218317
-0.207403
-0.639254
1.19687
0.019348
0.0441185
0.246514
0.0868119
-0.333326
0.0820019
0.979401
-0.0881311
-0.579279
-0.327919
-0.419769
0.452853
0.589861
-0.936736
-0.114958
0.131605
-0.0451776
0.273352
-1.9034
0.874689
0.0367168
0.193506
-0.230223
0.114935
-0.0888137
-0.0261216
0.257743
0.850529
-0.0555216
0.00759614
-0.02264
-1.58165
1.60429
-0.127194
-0.49215
0.619344
-0.0533634
0.0758282
-0.0224648
-0.391217
1.1081
-0.20964
-0.310632
0.520272
-0.29831
0.515768
-0.708428
1.68661
-0.978182
-0.833937
0.560433
0.273504
1.69346
-0.00654087
-0.301633
-0.0608796
0.362512
0.344257
-0.0987148
-0.190802
-0.287948
1.01163
0.777724
0.474715
-1.30933
0.834614
-0.816277
-0.198053
1.01433
0.20561
-0.226001
0.0203908
0.107859
0.287465
-0.395325
0.32436
0.23453
-0.558891
0.113326
-0.310079
-0.919405
0.0926433
-0.00225956
0.194634
0.0990386
-0.131584
0.411339
-0.279755
-0.246505
0.285031
-0.0385258
-0.193044
0.00551578
0.187529
0.796393
-0.406034
-0.0343103
-0.00815042
-0.312954
-0.438733
0.751687
1.21439
-0.956646
-0.0324742
-0.343465
0.375939
-0.337393
-0.477224
-1.34188
1.49556
0.677734
-0.152321
-1.27323
0.847256
0.425975
0.258125
-0.107837
-0.150288
1.77652
-1.77652
-1.67744
0.166378
-0.915095
-0.196117
-0.654202
0.850319
0.542051
-0.56045
0.0183994
0.0756279
0.00930124
-0.144832
0.135531
-0.0402357
0.231443
-0.191207
-0.599126
1.19104
-0.591913
-0.270142
-0.0583576
0.3285
0.814565
-0.635105
-1.08503
0.268753
-0.0428457
-0.232439
0.275285
-0.120577
-1.28027
-0.68629
-1.15344
0.467145
0.858331
-0.0531573
0.244738
-0.191581
-0.287854
0.350472
-0.0626188
-0.2504
0.183916
-0.0879178
-0.218878
0.10095
0.0399613
-0.0382184
-0.132276
0.170494
0.132852
0.0340302
-0.354899
0.372245
0.173188
-0.213637
0.0404483
0.0201034
0.0351599
-0.0552632
-0.184417
0.260652
-0.0762357
-0.0707892
0.188157
-0.117368
-0.761072
1.19394
0.701739
-1.06722
0.365478
-0.173129
-0.0814828
0.254612
-0.0494182
-1.91775
1.96717
0.849895
-0.620955
-0.22894
0.346342
-0.0809877
-0.191936
0.201633
-0.0850042
-0.0623133
0.205839
0.348329
-0.897584
0.549255
-0.463535
-1.4625
-0.240398
0.916402
-0.676003
0.126144
-0.165172
0.426305
-0.286759
-0.139546
0.215686
-0.52864
-0.558987
-0.316524
0.362046
-0.0455226
-0.54783
0.342863
-0.126001
0.575287
0.140239
-0.129831
-1.39466
0.0363104
-0.299298
0.568537
-0.0244563
-0.220072
-0.16549
0.0379156
0.269662
-0.32282
-0.0876737
-1.18058
0.419512
2.01859
-0.136179
-1.62502
2.21667
-1.07468
-1.14199
-0.126991
0.50118
-0.145563
-0.737043
0.533938
-0.523425
-0.261448
-0.0197578
-0.595645
-0.467979
1.06362
-0.0558846
-0.105626
0.16151
0.0216949
-0.905351
-1.86398
-0.333653
-0.333492
0.667145
0.311759
-0.438953
-0.260681
-0.0407215
0.301403
0.492117
-0.0842277
0.182383
0.0757428
1.96849
-1.03713
-0.968051
0.372406
-0.26497
-0.0530681
0.318038
-0.0465062
-0.0255261
-1.10975
-0.313524
-0.0739989
0.387523
-0.0952699
-0.0381161
0.904949
-1.22581
0.320862
-0.641351
-0.0420833
1.81861
0.263921
-0.702654
1.15726
-2.02925
0.871988
-1.96181
1.21217
0.749636
0.175409
0.108993
-0.284403
0.150602
1.13144
0.0483264
0.814594
-0.86292
-0.0318671
-0.148371
0.260689
0.301805
-0.0221946
-0.311787
0.333981
1.2499
-1.4674
0.398623
-0.180849
0.222412
-0.0415625
-1.51722
-0.160218
-0.650473
-0.992421
0.311755
0.119285
0.00357567
-0.12286
-0.651911
0.341173
0.310737
-0.403515
0.362865
-1.10968
-0.561724
1.67141
-0.145388
-0.0454619
0.100704
0.474318
-0.540496
0.0661776
-0.890531
1.69668
-0.179876
-0.852464
0.342238
0.62315
0.229976
0.692871
-1.292
0.0526324
-0.0628566
0.0102242
1.29525
-0.238435
-0.997636
-0.360533
-0.0785827
0.439116
-0.0556415
0.225657
-0.0521556
0.273696
-0.22154
-0.281707
-0.0675173
0.147978
0.727163
-0.363201
0.325507
-0.0676404
-0.416838
0.357629
-0.175425
0.022597
0.152828
0.272061
-0.105248
-0.166814
-0.162013
-0.0430446
0.205057
-0.210453
-0.0274038
0.237857
-0.0509054
-0.146905
-0.262284
-0.12192
0.00917667
1.21162
0.175009
-0.0583999
-0.116609
0.269046
-0.124476
-0.14457
-0.0795091
0.424015
-0.344506
-0.359635
0.27994
-0.70002
0.0969246
0.381543
-0.0754702
0.192354
-0.0492949
-0.146201
-0.0391857
1.85759
-1.04244
0.587268
-0.915713
0.328445
-1.57106
0.229183
-0.0670757
-0.137183
0.204259
-0.0477604
-0.0429109
-0.813696
-1.14811
0.378133
-0.0618064
-0.840278
-0.838131
0.340065
-0.0935507
0.00840484
0.465914
1.13042
-0.786914
-0.82977
1.30449
-1.64914
0.250562
0.295557
-0.238423
-0.0571346
-0.143076
-0.189245
-0.409008
0.598253
0.15709
-0.0299828
-0.653679
-0.655384
1.30906
-0.908161
-0.9915
1.89966
0.607123
0.423192
-1.03031
0.000785018
-0.260517
-0.0560069
-0.260215
-0.286151
-0.194461
-0.103685
0.298146
0.655023
0.433294
0.2894
0.136905
-0.248671
-0.63295
0.00608329
-0.0273308
-0.530068
1.51759
-0.987527
-0.151775
-0.236734
-1.59896
-0.152183
0.0351357
-0.588543
-0.152348
-0.214386
-0.812841
0.17425
-0.180081
-0.899207
-0.353392
1.2526
-0.266119
0.800057
0.42581
0.380009
-0.312523
-0.984104
-0.919292
-1.27778
1.35165
0.0837907
0.0837406
0.0324742
-0.0921659
0.0596917
-0.657817
0.598889
0.0589276
0.739603
-0.792877
0.318238
-0.281521
-1.12774
-0.145492
0.139352
-0.12504
-0.0143121
0.634515
-0.0445785
-1.42188
-0.0731949
1.49508
0.0240793
0.108773
0.0512331
0.340846
-0.392079
-0.261047
0.443235
0.115474
0.0893763
0.0316157
-0.120992
-1.26135
0.847547
0.149069
0.00802067
-0.192992
-0.136217
-0.347145
-0.0879271
-0.0270306
-0.0833473
-0.356558
-0.00422545
-0.0711888
0.401225
1.46905
-0.802202
1.68509
1.0125
0.513033
-0.833675
-0.0123615
-1.40952
0.52997
-0.342795
0.402664
-0.0598689
-0.0814593
-0.0207196
-0.126649
0.0291141
-0.0614505
0.140742
-0.0669585
1.49575
-1.4288
0.126645
-0.823893
-0.129058
-0.279
-0.0698719
-0.0795044
-0.300056
0.377214
-0.0771584
0.00709569
-1.45005
1.44296
0.657909
0.210934
0.331117
-1.24557
-0.593635
0.995415
-0.401779
0.0371691
0.0261388
-0.114952
-0.59445
0.55369
0.0407604
0.348249
-0.499692
0.151443
-0.155337
-0.607427
0.762764
-0.292246
-0.0623634
-1.9495
0.0752388
0.199896
-0.194792
0.0486798
0.177118
-0.0280486
0.356635
-0.690128
2.18975
-0.91682
-1.27293
-0.0797182
0.445398
0.352894
-0.301661
0.229874
0.132172
-0.199
-0.00891402
-0.405264
0.404008
-0.44971
0.815353
-0.97069
0.159648
-0.105487
-0.0541603
-0.385619
-1.83176
0.946768
0.884993
-1.74714
1.69772
-1.13008
0.504228
0.62585
-0.676641
-0.117409
0.79405
0.418241
0.626588
0.030177
0.210816
0.821798
0.888097
0.00718462
-0.27397
-0.0127892
0.990026
1.19972
-0.269012
-0.0163172
1.36622
-1.09605
-0.0385438
-1.39864
1.43719
1.1662
0.0454214
-0.30889
-0.0800256
-0.123593
0.200149
-0.275944
-0.0681508
-0.315325
0.170204
-1.12433
0.954122
-0.0384721
2.28131
-1.44705
-0.834264
-0.0205788
0.135058
-0.0442505
0.751982
0.0825452
1.60879
-1.44242
1.00996
-1.91812
-1.23536
0.0364893
1.19887
-0.863882
0.23625
0.627633
0.280233
-0.181194
1.97044
0.0614776
-2.03192
-1.11827
1.62698
-0.508706
0.0505041
0.234527
-1.19142
0.781178
0.0232999
-0.0259621
-1.34412
0.228862
0.00547477
-0.0284881
0.0230133
-0.157669
0.225055
-0.0673858
0.0885321
-0.45557
0.367038
0.576908
0.448943
-0.520614
-0.131296
0.0159959
0.881634
-0.918581
-0.0762255
-0.0679483
-0.272525
0.0565882
0.0621668
0.746531
-0.808698
0.029633
0.552733
-0.582366
0.0706846
-0.455883
0.385198
-0.564817
-1.42384
0.596375
0.827468
-0.0265464
0.840338
0.265128
-1.10547
-0.56735
0.243024
-0.266714
0.0236906
0.186207
-0.0376636
-0.265471
0.00478979
-0.305691
-0.814149
0.115548
-0.427131
0.830534
-0.403404
-0.819728
-0.294737
1.86503
-0.799698
-0.100534
0.197746
-1.31064
-0.0158256
-1.30971
1.32554
0.0669344
-0.0862104
0.019276
0.779628
-0.538204
-0.241424
0.166625
-0.0246051
0.213157
-1.25104
0.431316
-0.68781
1.20721
-0.0706463
-0.364556
0.311947
0.247412
0.0246494
0.849741
-0.390853
0.0458943
0.693709
-0.929874
0.3719
-1.90161
0.91011
1.44441
-1.43731
-1.5706
1.50364
0.257085
-1.44392
0.228813
1.21511
0.628935
0.287466
0.0353383
-0.900623
0.704506
-0.142389
-0.129467
0.271856
-1.15034
0.345399
0.804939
0.317762
0.644326
-0.962088
-0.0117169
-1.26606
0.803229
0.0500275
-0.853256
0.268617
0.538105
-0.91066
0.210062
-0.0148724
0.0620436
1.5734
-1.54774
0.0592951
-1.00902
-0.414821
0.646144
-0.0239928
-1.21136
1.14304
-0.302698
-1.79808
-0.0380069
-0.254568
-0.918696
0.34872
0.237955
1.81543
0.275053
0.0808292
-1.19058
0.152396
-0.117662
0.142486
-0.448319
0.330215
-0.583363
0.253148
-0.133999
-9.7338e-05
0.134096
0.320614
-0.381493
-0.0739591
-0.211791
-1.10652
1.15012
-0.0436004
-0.74102
0.891503
-1.43913
0.547624
-0.826982
-0.0667891
0.110289
-1.42856
0.0722159
1.35634
-0.370005
0.928951
-0.693877
0.715572
0.150455
0.92906
0.632573
-0.960492
-0.812292
-0.210395
1.02269
-0.817075
-1.2076
0.553925
-0.134181
0.138079
-0.00389705
0.0798473
-0.102312
0.842798
-1.48205
0.0265915
-0.561138
0.534546
-0.31983
0.247409
0.0724207
-1.09743
0.489998
0.0399547
0.0269656
-0.246221
0.430248
1.83022
0.140228
-0.784485
0.832811
-0.288368
0.0953765
-0.855643
1.47945
-0.623804
-0.0851611
0.0690793
0.0829152
0.387673
-0.0218537
0.911813
1.22015
0.548036
-0.927589
0.322742
-1.81877
-0.180071
0.141328
0.0881148
-1.11773
-0.269068
-0.956744
-0.225879
0.056972
0.815667
-0.385419
-0.715905
-0.0169872
0.74415
0.198914
-1.7199
0.329812
1.39009
-0.0505724
0.493807
0.456094
-1.32054
-0.268261
0.785247
-0.358464
-0.426783
0.889978
-0.298803
-0.591174
-0.192088
0.0413869
0.670633
-0.652307
-0.0183264
-1.71804
0.739502
0.978543
0.955403
0.731207
0.000776996
0.118508
0.807888
-0.527947
-1.44497
0.546623
0.898351
-1.87366
1.5706
0.643701
0.796079
-1.43978
0.836393
-0.734257
1.76316
-0.75362
-1.00954
-1.08136
0.197668
-0.0910546
0.0600776
-0.105042
0.214473
-0.048995
0.139261
-0.0902665
-0.266075
-0.243879
-1.37244
-0.205491
0.0723903
-0.0945849
-0.0365015
-0.0295708
1.04688
-0.405543
-0.641336
0.827457
-0.486284
-0.150934
0.138333
-0.150231
1.27946
0.0329867
0.0339477
-0.269245
-0.82818
-1.47523
0.576026
-0.0539135
-0.110025
0.128693
0.108735
0.128761
-0.0962872
-0.501973
-1.05463
0.115784
-0.0909518
-0.0248323
0.19897
-0.547164
-0.965277
1.51244
0.16108
0.0160372
0.145157
1.0327
0.963493
-1.9962
-0.467828
1.07495
0.230142
-0.0917609
0.479528
-0.992044
-0.651373
1.64342
-0.923447
-1.03347
0.565491
0.299881
-0.12808
-0.171801
0.281045
-0.830482
-0.199881
1.23855
-0.347051
-0.193093
0.111851
-0.297137
-0.77008
0.02822
1.89021
-1.74099
-0.149222
-0.884954
-0.590279
0.190545
0.182613
0.0683244
-1.04972
-0.205127
1.25485
0.257645
0.455685
-0.107436
-1.59401
-1.98231
0.793896
1.18841
-0.175163
-0.00534483
0.180508
0.982492
-0.583707
-0.398785
0.120325
-0.181776
0.0834022
0.0894876
0.921992
-2.03167
0.788927
0.10105
-0.35898
-0.609071
-0.133312
0.0276865
0.165871
0.788838
-1.336
0.0187629
0.385196
-0.566923
0.464963
-0.0958711
-0.0220539
0.117925
0.746233
1.01693
0.543655
0.0520329
0.409749
-0.403735
-0.00601426
1.94763
-1.61782
0.232133
-0.580281
0.159049
0.0271587
0.142212
0.0204411
0.150053
0.00498811
-0.13917
0.560785
0.0466676
-1.71832
-0.0217993
-0.153364
-0.0799875
-0.0121783
1.00097
-0.575161
0.884919
-0.553973
-0.330946
0.00428326
0.117218
-0.00195793
0.0074327
0.407128
-0.130066
0.052191
-0.423325
-0.292001
-2.01709
0.911223
1.10587
0.204423
-0.0258333
0.0100185
0.111001
0.128762
-0.277035
-0.315489
0.455969
-1.44801
-0.094849
-0.955525
1.98823
0.629361
-0.148073
-0.481288
-0.787958
-0.441364
-0.119086
0.0995965
-1.07003
0.43636
-0.70777
0.271409
-0.329468
0.288501
0.0409674
-0.0608513
1.1303
0.991282
-1.61522
1.61782
-1.47329
0.886029
0.587259
1.02444
-1.97996
2.03912
-1.07119
-1.01416
-0.944508
-0.0411209
0.418463
-0.121304
-0.360482
-1.49099
0.0470622
-0.0163509
-1.26974
1.27298
-2.05401
0.781031
-0.0560856
0.254238
-0.540217
0.550334
-0.276831
0.942362
1.33895
-1.51409
0.658446
-0.12178
-0.801667
-1.33412
0.305533
-0.0170326
1.74714
-1.75368
-0.0951139
-1.27743
0.0414266
0.842134
-0.238912
-1.47822
1.63785
-0.159626
0.360806
1.60636
0.45378
-0.0651873
-0.388593
1.89948
-0.889516
0.248251
0.0848305
0.647379
-0.758008
0.107729
0.139683
0.0819625
0.91019
-0.992153
-0.713438
-0.456562
1.03477
-1.06854
0.0337628
-0.385106
0.311107
-1.6964
0.874916
0.821485
0.655778
0.12385
-0.762642
0.115786
0.857565
-0.627589
0.302866
-0.563082
0.184056
-0.233351
-0.657893
0.468648
-1.00487
-0.906825
1.9117
0.272823
-0.300227
0.299449
-0.370242
1.0068
-0.664565
0.0449416
1.00268
-1.80489
0.104995
0.355864
0.217925
-1.17457
0.0137606
0.698947
0.128103
0.106288
-0.611729
-1.35042
0.520655
0.0540388
-0.515896
0.461857
0.0722291
-0.330066
1.09541
1.12126
1.29439
-0.973532
-0.0148968
0.119556
0.172954
0.471043
0.299225
-0.366742
-0.71934
-0.955092
1.97953
0.166157
-0.192704
-0.811301
-1.06061
1.87191
-1.59406
0.475789
-0.0750819
-0.465602
0.121096
-1.39658
-0.0975792
-0.227084
0.663444
-1.03041
-0.986681
1.89021
0.655454
-1.38265
1.07155
-0.622605
-0.241102
-0.378897
0.32289
-0.268132
0.235658
-1.63006
0.231745
-0.82538
1.02704
-1.98214
-0.818087
0.265106
-0.363821
-0.0412733
-1.43695
0.861981
-0.687732
1.38525
0.909326
-1.66483
0.755507
1.72495
-0.985452
2.00646
-0.950094
-0.991268
1.94136
0.417907
1.26936
-1.01171
-0.800661
-1.18165
-0.863079
-0.610208
0.476988
-0.768619
1.64357
-0.874954
-0.122859
1.35829
-1.23543
-1.02847
-0.919145
1.94761
0.905699
0.129074
0.287273
0.399628
-0.788437
0.591609
0.196829
0.0415731
-0.282271
0.516718
-1.40167
-0.831533
-0.401391
-0.256426
0.228611
-0.380959
-0.71153
0.925057
-1.96387
0.952336
1.01153
-0.0858987
-1.58493
1.67083
0.107067
-0.269521
0.0783142
0.595795
-1.84367
1.84367
-0.0587881
-0.00819781
0.0669859
-0.6255
1.10428
0.306826
-0.00129286
-0.815541
-0.625011
1.0583
-1.61522
-0.0456899
-1.29534
0.298352
1.19805
-1.31863
-1.18801
0.138283
0.23349
-0.354067
0.120577
0.157285
0.513349
-0.149178
0.0151792
-0.944457
-1.18023
0.16578
1.01446
-1.3815
-0.0644181
-0.440006
-0.999121
-0.041673
0.131049
0.172618
-0.154688
0.384563
-0.0451586
0.0409331
0.367401
-0.289656
-0.368237
-0.73086
1.59345
-0.862593
0.373291
0.217313
-0.226141
0.426914
-0.200773
-0.400072
0.197503
0.435268
-0.561874
0.126607
-0.89735
1.55354
-0.909835
-1.49069
-1.6629
0.212851
-1.10151
0.0558154
1.02735
1.23482
0.126489
-1.04518
1.09465
-0.321495
-0.397491
0.326845
0.639907
0.619419
0.216974
1.97572
-0.948677
-1.00222
-0.892483
1.8947
1.1646
-0.0197838
-1.14482
-0.143406
0.0189296
-0.207755
0.189005
0.126747
1.35969
-1.48644
-1.46237
1.43731
0.0250543
1.46237
-1.50364
0.225548
-0.281634
-0.496399
1.0345
0.092181
-0.0477376
-0.0991676
-1.65572
0.132543
1.73866
-0.829336
-0.423702
-0.115651
0.138248
-0.450795
1.05213
0.273152
-0.0874685
0.702871
-0.662111
0.189633
-0.255433
-0.589948
-0.0787715
-0.0108971
-2.05796
0.511435
-0.0723345
0.447972
-0.375638
-1.09367
-0.96034
0.0960662
0.494499
0.61767
-0.896725
0.11224
-0.111497
-0.344386
0.107918
-2.00141
0.987248
0.0644499
-0.0927413
-0.230078
-0.0833549
7.63e-06
0.184224
-1.42535
0.86877
-1.54473
0.675959
0.0632514
0.260974
-0.324225
-0.412561
0.384284
-1.01754
1.3159
0.598995
0.475956
1.37217
-1.32054
0.196903
0.0440563
1.64064
-1.87482
0.234172
-0.320391
-0.220105
-0.84704
-0.00621685
0.387577
-0.46616
-0.179217
0.217132
-0.967465
-0.186871
-0.0124458
0.199317
-1.48354
0.235288
1.24825
-0.199572
0.223651
-0.0365195
-0.165132
0.201652
1.19124
-1.21523
0.195841
-0.195938
0.660784
0.189535
0.172749
-0.187061
-0.0763113
-0.0888606
0.23083
0.642862
-0.873692
-0.442901
-0.0126694
-0.963511
-1.02515
1.98866
0.0697059
-0.678819
1.00726
-0.847906
1.69772
-0.093225
-0.0498509
0.063036
0.0510421
-0.0611713
1.99114
-1.00111
-1.2164
0.803463
-0.571718
-0.516152
1.4145
-0.12667
-0.00339634
0.0830142
-0.084793
-0.405297
0.288688
-0.309533
0.205848
-0.227469
-0.44539
0.290702
1.03879
0.0676082
-0.150963
0.271753
-0.027015
0.0423409
-0.482028
0.166703
0.506048
-0.795704
0.221051
-0.25374
0.0326886
0.0441067
-0.130317
0.304062
0.826598
-1.13066
-0.264978
0.135511
0.388989
-0.655108
1.33735
-0.790699
0.980933
0.850775
0.0727015
0.568284
-1.03791
0.364834
-0.449061
-0.265852
1.03351
0.934973
-1.58697
1.58697
1.62115
-0.870334
1.12271
-0.0818457
1.52788
-1.44603
0.907562
1.03688
0.925818
-1.93069
0.16598
-1.13667
-1.35679
-0.217874
-1.42036
1.63823
-0.42084
-0.12699
0.0820864
0.713258
0.185554
-0.290801
-0.980442
1.77365
-0.79321
-0.179699
0.287428
-0.000140274
0.379889
0.536294
2.22861
-0.856521
-1.37209
1.53354
-1.46133
1.10179
0.207469
0.12144
0.00142979
-0.0252604
1.57934
0.580713
1.02613
0.856945
0.0228531
0.208208
-0.231061
-0.368563
0.232346
0.19224
-0.205488
0.0132483
0.171614
-0.231344
0.0597305
0.456309
-0.440313
0.348097
-0.499872
-0.190744
0.516331
0.0378096
0.0854309
-0.00980297
-0.569104
0.759702
-0.190597
0.101885
-0.0961541
-0.0057311
1.75368
-1.43592
-0.433242
0.252483
0.180759
-1.5734
-0.354733
0.279263
-1.0253
1.93286
0.273383
-0.343255
1.93552
-1.00971
0.26204
-0.32968
-0.1678
-0.530652
-1.32143
-0.126323
1.60153
1.26211
-1.04419
-0.10528
0.169346
-0.107417
-1.46349
-0.311337
0.307334
0.260402
-0.38946
-0.379187
0.302029
-0.102481
-1.32744
1.28889
-1.49895
1.51325
-1.18523
-0.494167
0.443092
0.668535
0.399621
-0.412411
-0.0725927
0.0655876
0.36124
-0.426828
-0.401801
1.36157
-0.988853
-0.973365
-1.94396
-0.0931337
0.0890938
0.0040399
0.0246315
1.39253
-1.41716
0.861554
-0.746006
0.33431
-0.394179
1.60457
-0.891308
0.813921
0.88165
-1.69557
0.245277
0.0278748
0.679271
-0.233873
0.194396
-0.820848
-0.00304498
-1.506
0.540721
-0.37769
0.249611
0.0382731
0.174884
0.316921
-0.378727
-1.10246
1.55802
-0.560279
-0.0557941
0.056427
0.820783
0.696088
-0.0124477
0.422196
1.75672
-1.52144
0.312876
-0.375239
0.896609
-0.743468
-0.0779398
-0.840642
-0.159984
0.0426159
1.44441
-0.0757898
0.0091332
-0.0550319
0.0289103
0.0250892
-0.287373
0.104854
-0.141373
-0.55321
1.49998
-1.28355
1.20171
-0.491617
1.05711
-0.930352
0.0946146
0.376273
-0.0580345
0.058806
0.64743
0.772285
-1.41971
-0.712854
0.771919
-0.122994
-1.02734
-0.7703
-0.0198721
-0.12243
-0.0988575
0.221288
1.42046
0.174583
-0.199677
-0.11033
-1.76857
1.68267
-0.529675
-0.0372478
1.17146
-0.213727
-0.061491
0.275218
0.878723
-0.796178
-0.956714
1.96236
-1.00564
-0.991512
1.83457
-0.843061
-0.354491
0.174792
-0.0714652
-0.0901242
-0.0495643
0.139688
0.897257
-0.643297
1.582
-0.938704
-0.29705
0.105113
-1.80281
-1.94585
1.0006
0.945253
-1.61019
-0.374228
-0.441313
0.983004
-1.9331
0.193914
-1.02209
0.96654
-1.73684
0.337804
0.49273
0.920083
-0.961218
-0.0171448
-0.108882
0.126027
0.037544
0.150866
-0.195117
0.0228218
-1.57352
1.5507
-0.142322
-0.426267
0.179482
0.734389
-0.913872
1.25763
-0.9925
0.587253
-1.43172
0.844472
0.256214
-0.105759
1.77093
-0.86367
0.0329437
-0.253015
0.496899
-0.811549
0.0186717
0.130188
0.280046
0.554604
0.0185301
-0.573134
0.952178
-0.809366
-0.142812
-0.329569
0.227406
0.036015
0.41206
0.640067
1.67627
-0.794548
0.97403
1.01236
-0.776106
-1.91385
0.922582
0.935073
-1.95065
1.01558
-0.684153
-0.747713
1.43187
1.06035
0.804678
-1.57056
1.87482
-0.304257
-1.45785
1.27832
0.234652
0.584821
-0.819473
-0.0519719
-0.603819
1.6229
-1.01908
-1.57056
1.60879
0.552192
-0.0872287
-0.14823
-1.02634
0.2173
-0.893303
0.504572
-1.85524
0.97622
0.879017
-0.331596
0.244127
-0.936705
0.227226
0.709478
0.810132
-0.472328
-1.02228
-0.944987
1.94523
-1.01015
1.18939
-0.156706
0.172605
1.04123
-0.59685
-0.663131
1.74134
1.50224
-1.47942
1.40356
-0.816306
1.56859
-1.59168
0.0230961
-0.0890973
0.00485294
0.0842444
-0.792717
0.0516971
-0.97087
1.88268
0.521859
-0.199492
0.534383
0.143351
-0.62578
1.58448
0.776386
0.948568
0.726202
-1.41035
-0.953607
-0.992242
-1.73601
-1.69792
-0.876694
-0.978543
1.40041
-0.810562
-0.58985
0.953439
0.00819503
-1.77676
1.43592
-0.393134
0.313109
0.330188
-0.264601
1.02506
0.454392
0.390685
0.0656234
1.66658
0.0160871
-0.133345
1.96356
0.539026
0.794159
0.332548
0.961847
0.712363
0.396188
0.843391
0.893685
-1.73708
-0.0653803
-1.68879
0.920174
0.295823
0.977863
-0.243474
-0.285639
0.432932
-0.456225
0.246585
0.43705
-0.338448
0.811704
0.926958
1.69319
-1.49162
-0.201568
-0.181778
0.186766
0.545802
-0.117082
0.0269581
-0.0073933
-0.19892
0.470992
-0.619065
-1.72504
0.895706
-0.357864
-0.260306
0.287431
0.0288078
0.352268
-1.41064
-0.0943914
0.3418
-0.0941095
-0.264632
0.0938741
0.00220649
-0.0960806
-0.00493096
0.579931
0.0114254
-0.0276065
-0.330084
-0.998314
-1.08071
0.290039
0.790666
1.74583
-1.00722
-0.73861
-0.630046
1.65855
-1.0285
0.773429
-0.154009
-1.95971
1.003
-0.177425
1.7613
1.08234
-0.80129
0.0380884
-0.206877
0.168789
1.0706
-0.783135
0.0457938
-1.26103
1.53683
0.833579
-0.205946
-1.89324
1.00076
-1.22585
0.0810274
-0.196542
0.0146843
-0.197442
0.182758
0.269022
-0.209395
0.182324
0.0270715
1.20385
0.992855
0.2504
-0.0101927
-0.205973
0.216165
1.01377
-0.843571
-1.66554
1.67373
-0.241582
0.203918
-0.0646151
-1.01105
-1.04691
-0.93763
1.80235
-0.864718
-0.777422
-1.02489
1.80231
1.33287
-1.12197
-0.2109
0.836023
-0.0404055
-0.9567
-0.939867
-1.58634
-0.0053475
0.923953
-1.93966
1.01571
0.211322
-1.82151
-0.968412
1.7448
0.374649
-0.473099
0.0984508
-1.03132
-0.964879
-1.31276
0.460232
-0.027642
-1.07197
-0.110091
-0.0239332
0.134024
-0.604666
0.446945
0.157721
0.351416
-0.0212274
0.931698
0.870649
-0.109357
-0.200723
0.104521
-0.0118685
-1.45632
1.47942
0.00488102
-0.0863403
-1.45632
1.75218
-0.892091
-0.00758717
0.485321
-0.100123
-0.992339
1.9555
-0.963163
0.136454
-0.014431
0.669084
0.888938
-0.427144
1.60036
-0.0234808
0.899201
0.718914
-1.41503
0.696114
1.95918
-1.03523
0.757785
-1.21273
0.0324914
-1.94555
0.938668
-1.73188
-0.784029
0.45926
0.324769
1.86371
-0.888828
-0.974879
-0.92114
-1.01313
1.93427
0.431642
1.54956
-1.5619
0.0123346
0.661231
-1.31661
-0.969993
2.00878
-0.162842
-0.429724
0.592566
-0.202429
0.982454
0.881254
-0.226356
0.196373
1.64064
0.573737
2.01046
-1.13262
-1.78686
-2.00131
-1.97647
1.02779
0.291012
-0.842876
1.36353
0.234392
-0.991238
0.145507
-0.554515
2.05179
-0.863637
-1.56544
-1.79642
0.0995977
-1.8
0.923307
1.00909
0.953265
0.915977
1.07513
0.228077
-1.30321
0.973105
0.96738
-1.94049
-0.564837
0.485333
-0.651323
1.57026
-0.918939
0.277119
1.25642
0.416275
-0.0586455
-0.190066
-0.940745
-0.489617
-0.407967
-1.70212
1.56878
0.907489
0.889743
1.12071
0.487324
0.173231
1.01374
0.921782
0.0131399
1.90083
-0.918371
1.10277
-1.02081
0.16439
0.117298
-1.58079
0.0164984
1.78608
-1.80258
0.0128511
1.68034
1.79137
-0.852697
-1.94742
0.917384
1.03004
-1.92611
1.00497
0.946415
0.794927
-0.00615394
0.195171
-1.33895
0.990243
0.84433
-1.6138
0.114851
-1.05768
0.241433
1.70212
1.76693
-0.839968
0.114874
-0.0124215
-0.102452
0.986884
0.913942
0.931903
1.01332
-0.034105
0.689883
-1.01858
1.95048
-1.48919
0.0384761
1.68982
-1.67373
1.82823
-0.89653
-1.8705
0.795825
0.822346
1.22944
-0.391584
0.881343
-0.489759
-0.297505
0.316268
0.0615589
0.213726
-0.000140644
-1.31849
1.0408
-1.31341
0.44308
0.92592
0.985779
1.10448
-0.692419
-0.0856569
-0.200217
-0.493174
-1.32864
0.0589015
-1.02735
-0.92791
1.95526
-1.93815
0.927996
1.98095
-0.939811
-1.04114
0.978916
-0.128352
0.329165
-0.200814
-0.0863846
-1.93948
0.926353
-1.93784
0.945497
0.923908
-1.9497
1.02579
1.50224
1.50803
-0.78183
-0.067194
-0.0710171
0.0329943
0.211755
-0.437895
0.693899
-1.69297
0.999068
-0.989952
-0.903292
-0.938165
0.43121
-0.5582
-0.922438
-1.87947
-0.043513
-0.00164559
-0.598922
0.308105
-1.87108
1.5619
0.309184
1.04052
0.940435
1.02324
0.935934
0.545371
-1.52434
1.58011
1.8715
-1.9623
0.927074
1.54956
-0.113791
0.0459151
-1.66554
1.73159
-0.835883
0.94504
-2.07766
-0.0757297
0.116912
-1.74698
-0.266198
-0.760773
0.232826
1.79765
-0.903966
0.0675609
-0.620804
-0.520815
1.14162
1.52434
-0.0221009
-0.00466257
-0.278922
0.266476
-0.302433
0.219637
-0.223189
0.19514
-0.304546
-0.0273539
-1.92527
0.897927
1.28552
-0.861267
-1.69576
-0.0687776
1.97548
-1.0581
-0.411563
1.95313
-0.970125
1.92056
-0.944336
-0.579243
1.88513
-1.95124
0.932664
-0.820117
0.0830736
-1.30458
-0.713151
1.9596
-1.01456
0.99581
-1.8991
-0.13521
1.94306
-0.817678
0.896272
-0.0785941
1.78244
1.71662
-0.862701
-0.853923
-0.742924
-0.217534
0.960458
-0.909087
-1.87108
1.75168
-1.56977
-0.181918
-0.773868
1.25292
-0.479049
-1.57885
0.979765
0.00626256
0.0160951
-0.1225
1.97908
1.98059
-0.840405
0.4704
-1.58639
1.59924
0.075995
-1.56762
-1.65267
-0.0112545
1.66393
0.642575
-0.852971
1.27147
-1.73501
1.88218
-0.915638
-1.59707
1.59707
0.886336
0.98516
-0.0733825
0.407364
-0.963797
1.95068
-1.6468
1.6468
-1.94952
-1.95038
1.00539
0.480092
0.178866
-1.72145
-0.821666
0.430813
-0.0869747
-1.70323
-0.0182185
-0.360932
-0.993133
2.15049
-0.775358
1.54527
-0.769912
-1.72406
-1.5178
1.29992
-0.0228925
0.462567
-0.625409
1.7689
0.926648
0.8579
0.763249
1.96596
-1.03003
0.9394
-0.147469
-0.941538
1.93735
-0.843105
0.190798
-0.924979
1.75168
-1.81794
1.83543
-1.17699
0.96198
-1.96762
-0.899312
1.7208
0.127556
1.56977
-1.58102
-0.142022
0.112224
0.904879
-1.0171
-1.6267
1.6267
1.92905
-1.0021
-0.926949
-1.54774
0.768316
0.976483
-1.80249
1.80249
0.997124
0.931926
-0.174387
1.93968
-0.143924
-0.210142
-1.40845
0.0743283
1.82989
-0.439801
1.92075
-1.58893
1.83483
-0.841666
0.897538
-1.02887
-1.58102
-1.71221
1.71221
-1.03856
1.97899
1.97166
-1.04458
-1.93545
0.938578
1.97918
-1.0172
-1.09052
0.316652
-1.94018
0.993433
0.946752
0.35333
-1.72295
0.732673
1.02358
0.919478
-1.58639
-1.52972
1.52972
-0.00907021
0.159673
1.51039
-1.58011
0.0697157
1.51322
-1.56878
0.0555552
-1.94829
0.945144
1.00314
1.0135
0.788814
0.175896
-1.51039
-1.51322
-0.904493
1.76239
-1.02907
1.96174
1.91462
-0.913858
1.59924
-0.943061
0.949757
0.994688
-0.954855
-0.950311
-1.02965
0.253048
0.914228
-1.16333
0.966581
-1.23094
-0.60031
0.926732
1.00754
0.842955
1.19617
0.934041
0.145962
-0.204751
-1.0034
-0.925301
1.92871
0.976189
0.918516
-0.95364
-0.868972
1.82261
-1.99453
-0.819326
0.392543
-1.91963
0.917529
-0.907111
0.934339
-1.60174
1.84729
1.01073
-1.96559
-0.891995
0.00897446
-0.913891
1.89008
-0.951631
0.93689
-1.00159
1.91145
-0.90986
1.51175
-0.966379
1.99398
-0.960856
-0.949719
1.96045
-0.832047
0.0977899
0.835147
0.947291
-0.983229
-0.00199303
-1.51523
-0.749124
-0.842328
0.45691
0.154444
-0.116355
-1.93355
0.979945
0.56135
-0.900322
0.954033
-1.97123
-1.01117
-0.0444199
-0.266322
-0.936554
-1.01098
-1.00924
1.93597
0.901922
0.956759
1.00914
0.941629
1.26234
-0.636491
-1.01295
-1.07716
-0.977689
2.05485
-0.89512
1.54255
1.15676
-1.06069
0.797441
-0.408451
0.944906
-1.96769
1.02278
0.109911
-0.911578
-0.562668
-1.0405
-0.966579
-1.0037
-0.596706
0.405963
-0.999066
-0.934486
0.930433
1.99318
-0.945022
-1.04815
-0.915304
1.92027
-0.984527
0.379486
0.950013
-1.94908
1.81373
-0.746245
-1.06749
1.93056
-0.923024
-0.416284
0.972249
-1.9442
0.971947
-1.98736
0.948808
-1.90191
-0.993341
-0.968272
1.75589
-1.062
0.325089
0.0683368
0.0170941
-1.02633
0.934407
-0.899364
-1.00255
-1.04466
-0.935221
1.93375
-0.998533
0.962951
-1.98928
-1.05303
1.00002
-1.94974
-1.9364
1.00073
0.947573
-1.98807
1.02349
-1.23801
-0.180593
1.41861
1.08175
-2.04261
-0.840698
0.354415
1.00003
-1.92698
0.93391
-1.98694
0.470798
1.11884
-1.43219
0.050694
0.996144
0.999961
0.930602
-1.94287
0.995256
0.947616
0.221394
0.835381
0.417536
0.99725
0.646031
-1.65678
1.01075
-1.01244
1.78181
-0.173662
-0.964772
1.96479
0.284102
0.891621
-0.938041
-1.01889
1.95693
0.737292
0.60006
0.358774
-0.0713093
-1.05374
1.92849
-0.92853
0.991952
0.659438
-1.65139
1.18854
-2.00665
2.12245
-1.63309
-0.985721
1.93573
-0.99327
-0.955809
1.02512
-2.00281
0.208877
-0.946604
-0.997592
0.985452
-1.91551
0.930059
-1.86271
0.98765
-1.89751
-1.0284
0.0246761
-0.223596
0.186894
0.942844
0.936373
-1.88298
-1.02484
0.443553
-0.967666
1.27113
0.957475
-0.958133
-1.04562
0.88943
0.983699
-1.99826
0.921635
0.590116
0.017207
-0.885582
-0.851258
0.149729
-0.00491676
0.99896
0.937014
-0.887194
1.81384
-0.151967
0.992024
-1.89139
0.977794
-1.92282
-0.917312
-0.882689
0.0032639
-0.801234
0.948033
0.92124
0.996926
-1.91817
-0.941527
-0.944839
-0.287016
0.195237
1.02064
-1.95719
-0.0413481
0.812056
0.61981
-0.13192
0.0919132
0.0400064
-0.0206599
0.918585
0.971495
1.92956
1.96338
-1.02176
-0.915984
1.96887
-1.18005
0.891782
1.00788
1.05126
-0.00646778
1.90889
2.00007
-0.939263
-1.05002
0.00892856
-0.0689409
0.0600123
-1.37604
-0.0818142
-0.217144
0.516718
-0.905485
1.48251
-0.122818
-0.0643623
0.419852
-0.355489
0.0175607
-0.0276971
0.0307083
0.0277132
0.93103
0.961769
0.44626
0.648392
1.29592
-0.864608
0.574328
-0.591694
-0.00833789
0.000140082
-0.783687
1.80718
0.961186
0.10853
-0.538253
1.93227
1.01209
1.96411
-1.02722
-0.827065
-0.91932
1.91546
0.14565
1.16907
-1.92971
-0.934798
0.999607
-1.9018
0.902196
0.0230806
0.186099
0.0155529
0.966027
1.90768
-1.04175
-0.865923
-0.149586
-1.33961
-0.127603
-1.0604
0.7515
1.39899
-0.175479
-1.94071
-0.106589
-0.0358524
-0.101433
0.137285
0.595327
-0.949063
1.80069
-0.851627
1.86874
-0.841548
-1.02719
0.98957
-0.0208452
1.37719
0.936167
0.991692
-0.879204
-1.4965
-0.493049
-0.534148
1.0272
-0.0361951
0.860091
0.218069
0.360798
-0.578867
1.96255
-1.06063
-1.03852
-1.03633
-0.652908
-0.885256
1.53816
-0.182086
-0.960984
-0.12264
0.560689
-1.63285
1.8938
-1.02676
-0.543674
1.37905
-0.0655724
0.0747491
-0.227948
-1.74543
0.796371
-0.634637
0.0697996
-0.17652
1.91587
-0.929354
-0.98652
1.5397
-1.02143
1.23428
0.622365
-1.1986
0.576235
0.598346
1.00622
-0.0784415
1.70826
-1.00575
-0.687213
-0.101326
-0.106856
-1.90251
-0.265137
-0.0507928
-0.931016
-0.133713
1.08248
0.833394
-0.881286
1.84539
-0.964102
0.965609
-0.0881643
0.233579
-1.59037
0.768952
-1.72175
0.9528
1.05226
-1.66682
-0.942756
1.71045
-0.914258
1.60713
-0.315308
0.250693
0.0343303
-0.0343303
0.178809
-1.17131
-0.999651
0.584106
-0.021013
-0.98606
-1.1883
0.818627
1.90514
0.768714
0.23855
-0.995058
1.91259
0.989127
-1.91766
-1.97107
0.921058
0.425955
-0.137267
0.517396
1.00965
-0.212123
-0.952781
0.272845
-0.990498
1.92491
-0.156973
0.071812
1.00957
-0.308791
-0.414684
-1.42899
-0.926041
1.91517
-0.0455321
-1.72672
0.83953
0.00182446
0.90315
0.661012
-0.784795
0.123783
0.904456
-0.1185
-0.117203
0.397249
0.0264398
-0.0264398
-0.774045
0.595092
-1.92744
1.04475
0.0534903
-0.0388211
-1.03491
-0.0338741
-0.218736
-0.100964
-0.0587265
-0.404141
1.76523
-0.756091
-0.12372
-0.49322
1.08902
-1.10727
-0.317227
-0.0162022
0.333429
-0.0813497
-0.0999245
-0.081215
-0.0680935
0.472102
1.80021
-0.812683
-0.169057
0.920406
1.00629
0.828542
-0.457004
0.392642
0.0580975
0.981546
-0.212168
1.01711
-0.724528
-1.41377
2.1383
-1.44242
0.543797
-0.0692787
-0.06606
-0.0821256
-1.98998
-0.100251
1.1278
-0.606562
-0.521237
-1.57982
0.118489
0.985921
-0.187338
0.0962832
0.440803
-0.773184
-0.526615
-1.50531
0.157889
0.268066
-0.0992498
-1.72919
0.956011
-1.18414
1.02452
0.53039
0.87307
1.00831
-1.88138
-0.288228
-0.355778
0.522309
0.168954
-0.0781005
-0.873684
0.4821
-1.22452
0.19818
0.132717
0.573139
-0.261379
0.74774
1.10649
-1.85423
-0.0911055
-0.651781
1.14628
0.952168
-1.0509
-0.906296
-0.0772582
-0.490454
0.00916576
0.615276
0.0790397
-0.225507
-0.357856
-0.812496
-0.168937
-0.0658512
0.361595
0.13529
0.017538
0.986546
-0.0738013
-0.764763
0.993576
-0.249327
0.970292
0.714801
0.123905
-0.912183
0.129001
0.938175
-1.84426
-0.702708
1.83301
0.043689
0.0489543
-0.173875
1.11091
-1.81362
1.61146
-0.675571
0.598478
-0.0882928
0.32282
-0.732436
-0.580978
-0.154372
0.064105
-0.74165
1.67569
0.779675
-1.43258
-1.76272
0.798614
1.6898
-0.973425
-0.716373
0.17294
0.752117
0.27952
0.398937
-0.678457
-1.02108
0.528033
-0.966345
1.81709
0.208709
1.1378
-1.87592
0.738114
0.971404
-0.667342
0.00696649
-0.133029
0.81547
-0.15529
-0.925039
1.64115
-0.71611
0.642907
-1.38813
0.745221
-1.07444
-0.93749
1.90489
-0.959745
0.865014
-1.9325
1.14989
-0.652991
-1.32878
1.91847
0.270442
0.0363935
1.03471
0.789676
0.627675
-1.41735
-0.437
0.162515
0.20299
-1.08791
-1.01308
-0.501226
1.5143
0.869814
-0.750652
-0.151031
0.00184222
0.149189
-0.359047
1.70525
-1.17326
-1.97881
1.26761
1.4846
0.0660931
0.744328
-1.51424
0.246177
0.414835
0.0242931
-1.62604
0.467136
-0.609458
-0.771781
-1.44424
-1.64736
0.761778
-1.02563
0.360866
0.0807149
0.875814
1.06863
0.597059
0.530739
-1.16897
2.04204
0.935137
-1.09536
-0.0227292
0.399763
-0.482842
-1.02574
1.50858
-0.0435237
-0.04415
1.80139
-0.34103
-0.124307
-0.0329226
0.944328
-1.18643
-0.0249311
-1.36083
-1.26264
0.318186
0.783432
-1.32711
-0.973486
1.92024
1.87332
0.12448
-1.9631
1.10658
1.18735
0.852866
-0.108377
0.483026
-2.14181
0.851678
0.816568
0.96032
0.255397
-1.04072
1.83933
-0.00396685
0.00689977
-0.00293291
1.26343
-0.641069
-1.10543
0.0354031
0.468119
0.305309
1.36257
0.563888
-0.519713
0.060093
0.998593
-1.76672
-0.942583
0.64378
-1.52779
0.944985
0.959358
-1.46225
1.5771
-0.934692
-0.986697
1.53102
0.436856
-0.711014
-1.94409
1.00929
-0.0757102
-0.65281
0.322727
0.666353
0.297527
-0.112961
0.00287016
-0.112977
0.800309
-1.8623
0.951865
-0.39108
0.738382
-1.52021
-0.932813
1.44953
-0.0404204
-1.22061
-1.29843
0.254241
0.00477111
0.700189
0.489197
-1.38753
1.52997
-0.142439
0.687295
0.827578
-1.51487
-0.985066
0.760673
-1.05597
-0.400787
1.45675
0.734369
-1.17729
0.994781
1.70416
-0.74815
-1.64509
0.0119956
1.18165
-1.92581
-1.13219
0.775857
-1.46893
0.693076
0.427943
-0.959221
-0.0981223
1.05734
-0.329623
0.299574
0.0100036
-0.309577
-0.573666
0.215802
0.0109722
1.37561
-0.579532
1.90434
-0.203577
-0.160544
0.364121
0.174016
-0.188066
0.289016
-0.966972
-0.966336
1.50706
0.75087
-1.22992
-0.633919
1.44981
-1.01546
-0.434355
-0.0736511
-0.028661
-1.9554
-0.564127
0.854167
-1.20073
-0.230993
-0.60154
-1.44916
1.13329
-0.715386
-1.91059
-0.75879
-0.0055007
0.253727
-0.813921
-1.13366
0.549954
1.69827
-0.953942
-0.768419
0.419997
0.684482
0.884111
0.836685
1.50046
0.121118
-0.743576
-0.951631
0.685173
-0.794374
1.3704
1.87577
-1.12803
0.713464
0.18071
0.351691
-0.362746
0.0110551
0.281881
-0.00130233
0.969858
-1.34955
-0.806675
1.10395
-0.690723
0.856503
-0.0694424
-0.036826
-0.855253
-1.0943
0.69918
0.395116
1.51039
-1.65963
0.149246
-1.57222
0.604755
0.189945
-0.491096
1.21993
-0.676273
-0.0358116
0.0164269
1.35483
-1.2424
-0.112433
-1.17056
0.110156
-0.314639
-0.755819
-0.0455732
-0.453938
0.499511
-0.265183
0.219493
0.225883
0.155275
-0.195084
0.657651
-1.43324
-0.530181
1.12918
0.505775
0.196469
-0.0201114
-0.603489
1.11927
0.713739
0.94428
-1.35786
-0.0286533
0.0605929
-0.0605929
0.575195
-0.432709
-1.04571
0.517693
-1.54343
-0.0266374
-0.303559
1.05411
-0.0236488
-0.629515
-0.758612
1.85424
-1.76157
0.257007
0.945443
1.028
0.137173
1.29525
0.296211
-0.201138
-0.0950731
0.954499
-0.0566778
-0.897821
-1.05128
0.610314
-1.34889
0.738573
-0.173456
-1.03284
1.10994
-0.077094
0.507459
-1.56342
-0.87354
0.102367
-0.781637
0.154695
-1.19863
1.22326
-1.38802
1.30615
0.081863
-0.175933
-0.139375
0.692633
-1.44176
1.12899
-2.03373
0.904743
0.0232767
0.000615459
-0.274731
-1.18475
0.562149
-1.4474
0.0220529
0.967865
0.878614
-1.84648
-0.363417
0.985547
0.119029
-0.0342904
-0.0847386
0.0950538
-0.0950538
1.48509
0.541171
0.763315
1.14645
0.390143
-0.8941
0.0311799
0.181172
0.548536
-1.0053
1.90845
-0.0994959
1.60989
-1.56174
-0.422038
-0.0777054
0.19563
-0.626131
-0.738071
0.312834
0.425237
-1.2446
1.30167
-0.0570689
0.614589
-1.34703
0.6423
-1.66852
1.02622
1.50965
-0.122286
0.19061
-1.38302
0.349647
0.106039
-1.12107
1.15356
-1.10825
0.48745
1.11602
0.106258
-0.954854
0.390547
-0.0637019
-0.0660167
0.342317
-0.14708
0.509607
1.00004
-0.177592
0.182382
-1.52912
-1.52562
1.6027
-1.60763
-1.02096
1.82564
1.08003
0.212485
-0.0844732
0.807717
0.555814
0.835874
0.189569
-0.0202161
-0.357474
-1.14049
-0.110233
-1.2506
-0.733816
-0.00151934
0.00151934
0.474383
-0.233274
0.557618
-1.57069
-0.00622709
-0.988274
-0.00653864
0.00653864
-1.01283
1.55429
-0.809073
-0.0150997
0.0150997
0.33098
1.24209
0.0483156
0.385642
-0.0242437
0.0242437
1.07782
-0.0268495
0.0268495
0.0773036
1.24008
-1.31739
0.111009
-0.0345041
0.0345041
0.267909
0.0208162
0.2432
-0.264016
-0.0422968
-1.14294
0.549665
-1.51604
-0.446035
0.0349224
-0.0349224
-1.54895
-0.553425
-0.618573
-0.355676
0.994741
-0.639066
-1.22685
-0.0246787
0.0246787
-0.0684997
0.00292726
-0.0334012
0.0334012
-0.552349
-0.578311
0.0293073
-0.0293073
-1.93813
-1.06109
-0.0347245
0.0347245
0.290169
1.04964
0.0244263
-0.0244263
-0.0322246
0.0322246
-0.094571
0.0228391
-0.0228391
-0.0320182
0.0320182
-0.602544
0.837197
0.0231642
-0.0231642
-0.0923125
0.0951159
1.48422
-0.748973
0.0155681
-0.0155681
-0.0434909
0.0434909
-1.34929
-0.137149
-0.410473
-1.13296
0.021722
-0.021722
0.611693
0.147875
-1.44705
1.54342
-0.982736
-0.224664
0.15105
0.0736143
-0.180675
-1.40969
-0.0143199
-0.990391
1.24079
0.35156
1.16603
-1.59001
0.698703
-0.173537
0.605304
-0.431767
0.0364211
-0.0364211
0.00960966
0.0792277
-1.29983
0.452415
-0.480057
-0.0250214
0.0225641
-0.0225641
0.0217763
-0.0217763
0.0205913
-0.0205913
0.0194886
-0.0194886
0.0231491
-0.0231491
0.613315
0.533133
0.0254086
-0.0254086
-0.0257085
0.0257085
0.112239
-0.0403314
0.0403314
0.230652
-0.0491937
-1.23108
0.962808
-1.87845
0.65613
0.982102
0.0258064
-0.0258064
-0.0446769
0.0446769
0.0264037
-0.0264037
0.456008
-0.426894
-0.44231
-0.0735859
0.0288482
-0.0288482
-1.38947
0.0291136
-0.0291136
0.622404
1.31071
-0.474081
-0.372971
0.259198
0.0287736
-0.0287736
-0.0351821
0.0351821
0.0362015
-0.0362015
-1.54228
1.04106
0.353991
-0.291763
-0.062228
0.00923408
-1.25755
0.150283
-0.0369647
0.0369647
-0.27921
1.38947
0.140248
-1.13036
0.0191074
-0.0191074
-0.831443
-0.038453
0.038453
1.56908
-1.51027
-0.0256911
0.0256911
-0.0378562
0.0378562
0.0840708
-0.0840708
0.623173
-1.53301
-0.0192204
0.0192204
-0.0384717
0.0384717
-0.514542
0.932424
-0.417882
0.844617
-1.73671
-0.62322
-0.551459
1.17468
-1.53876
-0.0288538
0.810372
0.996805
0.0144293
-0.0144293
-0.0236687
0.0236687
-0.0310409
0.0310409
0.767954
-1.63162
0.847227
-1.85253
-1.41926
1.41926
0.72171
-1.37218
0.388892
-0.0981906
1.25251
0.00519523
-0.00519523
-0.0404232
0.0404232
-0.930095
-0.499887
-0.00623014
0.00623014
-0.0447064
0.0447064
0.486908
-0.605994
0.057044
-0.27143
-0.046701
0.046701
-0.0196036
0.0196036
-1.68775
0.875256
-1.59023
0.568792
0.00700425
-0.00700425
-0.122787
0.0282026
-0.0530387
0.0530387
-0.0429035
0.0429035
-0.0412074
0.0412074
-0.0566564
0.0566564
-1.24993
1.00071
-1.3085
-0.00998578
0.880084
-1.8111
-0.039384
0.039384
-0.0971867
0.0971867
-0.0637964
0.0637964
0.0176562
-0.270672
0.52518
-0.0766079
0.0766079
-0.109698
-0.472668
-0.0417237
0.0417237
0.233709
0.247446
0.769661
0.07732
-0.917962
-0.111744
0.111744
-0.0430473
0.0430473
-1.38886
1.41316
-0.526201
-1.02317
1.54937
-1.38775
-1.19021
0.542243
0.0604512
-0.35732
0.296869
-0.126677
0.126677
-0.00942261
0.00942261
-0.0392977
0.0392977
0.558834
-0.303844
0.763105
0.124404
-0.661617
0.537213
0.471885
-0.305182
-0.418363
-0.373291
0.791654
0.0664163
-0.0664163
-1.41974
1.41974
-0.0390451
0.0390451
0.526977
-0.411515
-0.443532
0.100068
-1.10025
0.149159
-0.149159
0.0691413
-0.0691413
-0.220128
-0.0268155
-1.15159
1.31167
-0.0494663
-1.17739
0.796131
-0.159638
0.159638
0.0210691
0.044248
-0.044248
0.803045
0.400809
-0.389171
-0.25579
-0.580545
0.363401
0.405906
-0.39674
-0.0876952
-0.410566
0.518349
-0.107783
-1.76184
0.910582
-0.155023
0.155023
0.492804
0.264712
-0.0475808
0.0475808
-0.719431
0.817221
-0.995744
-0.109723
-0.0277271
-1.2222
-0.148901
0.148901
-0.0483578
0.0483578
-0.0484182
0.0484182
-0.0553847
0.0553847
-0.0504679
0.0504679
-0.0523101
0.0523101
-0.0500464
0.0500464
0.257227
-0.219031
0.0512314
-0.0506859
0.0506859
0.842606
0.0595316
-0.0595316
0.373001
-0.192242
0.25445
-0.125986
0.125986
0.712005
-1.60712
-0.235909
-0.202095
0.0777883
-0.120347
-0.342911
0.463258
-0.0971622
0.0971622
0.577717
-0.0644239
0.0644239
0.117397
-0.0345878
0.0345878
1.37081
0.628291
0.30074
-0.00166522
0.00166522
-0.615848
0.0955935
-0.259654
-0.382312
0.641967
-0.0205908
0.0205908
-0.114193
-1.05711
0.120721
-0.230424
-0.118032
0.467678
-0.918544
-0.127077
1.32791
-1.09983
0.514697
0.156236
-1.0273
-1.42593
0.463051
0.00286268
0.0587661
0.00596219
0.434657
-0.123685
-0.00962716
-0.13982
1.17623
1.13694
0.113376
-1.25031
1.41792
-1.06636
0.245802
0.936966
-0.827422
-0.109544
0.439191
-0.188066
0.0136791
-1.2819
0.916609
0.365289
-1.47685
0.800579
-0.996519
-1.54221
0.0722735
1.46994
1.39118
-0.717038
-0.978097
-0.929697
-1.05351
-1.34177
-0.00778253
0.0934857
-0.0934857
0.140058
-0.378181
0.865505
0.411939
-0.246932
0.821259
0.0193121
-0.0193121
-0.186671
-0.841001
-0.0839783
-0.975318
0.331591
0.746228
0.291673
-0.35686
0.410843
-1.27545
-0.279771
-0.0263505
0.498109
-0.298134
-1.1278
-0.833609
-0.418398
-0.525948
-0.0939371
1.92527
1.30657
-0.0664889
-0.00234923
0.250688
-1.08704
0.628902
-0.148809
-1.064
1.72191
1.36078
-0.13217
-0.125206
-1.52057
-1.29341
0.247701
1.02977
0.00450729
2.05222
-1.22368
-0.00173572
-0.0350903
1.21335
0.398824
-0.510321
-0.0495339
-1.08337
-1.12954
0.493045
0.240134
-0.925155
-0.80396
-0.248901
-0.0528794
0.0528794
0.0117085
-0.0117085
-1.02827
0.464579
-0.693428
0.22885
-0.714709
1.0657
-0.632439
-0.541842
-0.340926
-0.132173
-1.16414
0.233462
-0.277882
0.31809
-1.05049
0.757992
0.292499
-1.10488
1.00676
1.50513
-0.95296
-0.55217
-1.06947
0.125498
-0.0043639
0.619563
-0.953192
1.50286
1.35317
-0.612588
1.34696
0.113473
-0.0930315
1.47916
-0.783073
-1.1859
1.1859
-1.24106
0.242832
-0.127648
-0.115183
0.696621
-0.190573
-1.00564
0.211093
-1.42265
1.43499
-0.491162
0.453914
0.877534
-0.93433
0.0567965
-1.8276
-0.403284
-0.118856
-0.0762607
1.16414
0.481873
-1.19602
0.714148
-0.201154
0.000651642
0.284927
1.08476
-1.36969
1.18841
0.126051
-0.614747
0.0887986
0.32859
-0.153798
0.20033
0.00358814
0.369803
-0.434222
-1.21863
-0.181762
1.47086
-0.948552
0.537481
0.195543
-0.535406
0.339862
0.804042
-0.981608
0.177566
0.403845
0.0639794
-0.0639794
-0.18338
0.652028
0.43877
1.32405
-1.32405
0.329658
0.0169363
0.53278
-0.499205
1.07992
-0.117967
0.561059
0.352009
-0.124603
1.94861
-0.957332
-1.01116
0.131955
-0.113582
-0.290457
0.404039
0.262357
-0.491626
-0.465383
-0.0365895
-1.1435
0.0131363
1.15393
-0.562091
1.21632
-0.65423
0.336376
-0.0922489
0.937361
-0.191549
-0.00592479
0.847802
-1.53502
0.963155
0.904078
0.0590777
0.995578
-1.12681
0.464762
-0.0372369
-0.242534
0.988101
-0.937209
-0.0508918
-0.490283
0.403054
-0.111213
-1.70632
0.527403
-0.307926
0.403012
-0.103439
-0.971374
1.82305
0.00437448
-0.0996444
0.0893897
0.805124
-0.861802
-0.0180161
0.0180161
-1.45005
0.400274
-0.0871651
1.9188
-0.458901
0.679504
-0.115526
-0.288483
0.179126
0.483246
-0.00614572
0.132218
-0.0764022
0.329868
0.438005
-0.987464
0.549459
0.0308825
-0.0308825
0.0830545
-0.0830545
-0.844405
1.68902
0.67915
-1.54812
-0.0359441
0.0359441
1.12681
-0.514372
0.414249
-0.65008
-0.47113
1.12121
-0.273225
-0.122991
-0.384661
-0.681375
0.277971
0.320464
0.366491
0.480302
-0.399035
0.855945
-0.0126561
0.0126561
-0.990339
1.54615
-0.15159
0.15159
0.199976
-0.180086
0.460291
-0.280205
-1.06483
-0.142412
0.325167
-1.07133
0.55009
0.386982
0.167621
0.427965
0.76898
-0.695404
-0.468254
0.400161
-0.319212
0.471883
-0.152672
0.563884
-1.33581
0.155758
1.87747
-0.895922
-0.281746
-0.175568
0.457314
-0.167567
0.634703
0.00709818
0.0770584
-0.0841566
-1.25658
-0.236418
0.212485
0.655157
0.0204979
0.108503
-0.858517
0.0198483
0.0471376
0.354767
-0.615074
0.109404
9.29063e-05
-0.12288
-1.69559
-1.35729
1.37282
0.237067
0.00216218
-0.00216218
-0.157321
-0.930067
0.0121052
0.105299
0.532916
-1.45186
-0.042912
0.199717
-0.156805
-0.0612228
0.0612228
1.50299
-0.42479
-1.0782
-0.444331
0.123939
-0.837274
0.415236
0.19109
-0.0586264
0.241009
-0.113117
0.286569
-1.3514
-0.847278
-0.030253
-0.71551
-0.136117
1.1381
-0.0413201
0.0406659
0.000654265
0.493822
0.29461
0.790635
0.861694
-1.7061
0.314844
-0.209731
-0.267898
-1.44916
0.553006
0.954051
0.12084
-0.12084
0.821112
0.236232
-0.460483
0.469734
0.139412
-0.513279
1.12659
-0.25179
-0.486281
-0.578041
1.36019
-0.627923
1.47572
2.05154
-0.329349
0.0759176
0.319426
0.912068
-0.788163
-1.08249
1.04311
-1.55845
-0.842624
0.32594
-0.350555
0.0535841
0.296971
1.46728
-0.112465
0.0909058
-0.988727
-0.0179076
-0.139284
-0.406339
0.292547
-1.56239
0.152694
0.605639
-0.0558344
-0.855744
0.16775
1.58812
-0.989774
0.472196
-0.895898
0.331654
0.0681087
0.972651
0.19374
0.313163
0.351016
-0.437401
0.545948
-0.489881
0.128008
-0.243127
0.902906
-0.137378
-0.247002
0.38438
0.808127
0.463857
1.32222
0.480199
0.229077
0.0210691
-0.13841
-0.238419
0.376829
-0.182138
-1.07623
-0.957506
0.00287016
-0.10659
0.46783
1.11417
-0.564221
-0.966838
0.00874936
-0.0516603
0.201207
-0.500239
1.2173
-0.133683
0.124613
0.400095
0.389401
-0.673814
0.655396
-0.342562
-0.340769
-0.0973681
0.438137
-0.767802
-1.07868
0.205563
-0.00698979
0.0173333
0.182643
0.937836
-1.34404
0.406208
0.0363686
0.449466
-0.485834
0.0930635
-0.623715
-0.92876
1.22458
0.0936558
0.000218298
0.0481611
-0.374515
-0.118659
0.374478
0.346454
-0.468374
-0.264458
-0.0701928
0.334651
0.814155
0.216733
-0.216733
0.617006
-0.0668222
-1.49492
-0.0990451
-0.263701
0.741424
-0.451255
-0.147101
-0.411099
0.0229356
-0.0229356
-0.238958
-0.14134
0.380298
-0.470543
0.260048
-0.00914402
-0.165621
-0.272274
0.500584
-0.88044
-0.313152
0.905803
-0.696926
-0.208029
-1.07703
-1.19297
1.60678
-1.02267
-0.188017
-0.312222
-0.268773
-0.767091
-0.757008
1.23731
-0.226637
-0.398772
-0.231489
-0.271823
0.503312
-0.279989
0.469934
-1.12235
0.665564
-1.6324
0.214908
-0.187194
0.0250892
-0.0387474
0.859834
0.32752
-0.595342
-0.117801
-0.183117
-0.188559
0.371676
-0.173811
0.73423
-0.226175
0.18998
-0.209111
-0.16812
0.566755
0.00152123
-0.45956
0.933183
-0.473623
-0.249305
-0.286473
0.535778
0.0666371
0.12701
-0.0221565
0.757199
-1.27691
-0.899187
-0.339302
0.739397
0.28387
-0.246112
-0.037758
1.21758
-1.21758
-0.00132335
0.0286463
0.284144
-0.715911
1.19427
-0.407189
0.212897
0.194292
0.20595
1.59126
-0.823306
-0.755139
0.227434
-0.362644
1.4865
-0.630343
1.49204
0.00249998
1.03357
0.573558
-1.51875
-0.166802
0.0452829
0.2169
-0.262183
-0.197297
-0.00158717
-0.325643
0.267267
0.000206321
-0.162927
-0.115548
-0.0391164
0.0391164
-0.199221
-0.239895
0.439115
0.221697
-0.267229
1.30422
0.000325129
0.00233966
-0.889443
-0.248374
0.2145
0.302719
-0.402644
0.233509
-0.798771
1.34868
-0.188379
-0.458801
-0.562282
-0.386476
0.67062
-0.153005
0.190623
-0.176944
0.270316
-2.04378
0.644691
0.501589
-0.3211
0.251822
0.0256607
-0.213727
0.62404
-0.225777
0.770514
0.146579
-0.917093
0.0577915
-0.234312
-0.424486
1.46924
-0.871075
-0.498375
1.06226
-0.238525
-0.340342
0.329338
-0.427529
0.354239
-0.560807
-1.00551
1.4813
0.437517
-0.6326
-0.604149
0.466882
-0.0366496
0.312031
-0.554487
-0.216651
1.24299
0.899944
0.631079
0.0151443
0.771616
-0.442357
-0.329259
0.326472
0.323411
1.66465
-1.23669
0.341249
-0.41935
0.840091
0.848931
-0.444731
-1.30185
0.108879
-0.00391026
0.233469
0.247116
0.0082809
0.400317
-0.00245727
0.614969
-0.000787812
-0.00118505
-0.00110271
-0.0245608
0.00366052
-1.27327
1.79177
-0.396627
9.78572e-05
-0.535392
1.09754
1.17224
-1.73207
0.55983
-0.00109477
0.0452133
0.000597317
-0.0942821
0.42362
0.0143637
-0.0143637
0.104367
-0.0124535
-0.970155
1.58474
0.0286463
-0.297535
0.722772
0.00244447
-0.511867
-0.467777
0.366451
-0.193596
-7.45742e-05
-0.831045
-0.265322
-0.00606845
-1.31557
0.0688623
-0.29681
0.0074279
-1.33802
0.28091
0.226771
-0.321885
0.788778
-1.61982
-0.973659
0.344114
-0.15939
0.15939
-0.00178261
-0.0561848
0.00203978
-0.171338
0.177601
0.550576
1.69296
0.492528
-0.67447
1.61195
-0.00148834
0.382753
0.00984454
-1.15278
0.251376
-0.23056
-0.14472
-0.417194
0.353492
-0.199267
0.0518111
0.289989
-0.127274
-1.17256
0.508791
0.0005968
-0.373396
-0.0836078
1.10047
1.06785
-0.808655
1.10497
-1.1327
0.628383
0.332075
-0.43255
0.449793
0.488604
-0.270429
0.24678
1.23907
0.0170714
-0.702487
-0.281057
0.176432
-0.205085
1.13774
0.43325
0.0497759
0.424237
-0.46981
-0.33101
-0.113321
1.8378
0.140969
0.181986
-0.0309363
-0.0186868
0.046807
-0.498316
0.451509
-1.09262
-0.776382
-0.95945
0.127189
-0.0443461
-0.0828433
0.455838
-0.87372
-0.0852408
-0.832647
-1.37746
-0.010983
0.028288
-0.62721
0.143133
-0.00199455
-0.0133735
-1.30466
-0.000629948
0.327968
-0.52746
-1.15472
-0.657431
0.465882
1.37424
0.560056
-1.12428
0.610016
0.760384
-0.521495
0.120104
-0.0392676
-0.0176545
1.40977
-0.493161
-1.17387
0.29892
0.103767
-1.29187
-0.363561
0.294488
0.165324
-0.241585
0.00182334
-0.0405303
1.0395
0.65877
0.586641
0.665957
-0.874413
-0.401038
-1.14158
-0.73166
1.00878
-0.427934
-0.356707
-0.270201
-0.336915
0.467996
-1.13151
-1.6248
-0.00358067
-0.297399
0.384825
-0.0874259
-1.36633
-0.906636
-0.014933
1.40459
0.00374963
-0.293056
-1.40576
0.324786
-0.707098
-0.348141
0.332645
-0.598843
0.266198
0.403442
0.000252572
-0.626815
0.4267
-0.119124
1.44887
-1.30864
-0.645035
0.405178
-1.31555
-0.0423131
-0.133387
0.119067
0.212964
1.03074
0.113512
-0.224763
0.218295
-0.0963873
1.51183
-0.901815
-0.0104787
-0.795885
-0.0879717
-0.00899906
0.0969708
1.61113
-0.82235
-0.694432
-0.41667
-0.136953
0.553623
-0.51936
0.322463
-0.661766
0.00461439
-0.00333273
0.439348
-0.586449
1.22601
0.513241
0.00320356
-0.229526
-0.427905
1.71288
-0.917054
0.12364
0.122087
0.00612216
0.437582
-0.0180594
-0.25008
0.214269
1.40112
-0.645594
-0.350724
0.45186
-0.101136
0.148058
0.509592
-0.551429
-0.529758
-6.04396e-05
-1.13814
0.677653
0.428249
-0.367698
0.0229148
0.728988
0.677564
-1.40655
0.00226373
-0.382906
0.262559
-0.000639502
-0.148158
-0.461299
-0.293505
-0.421329
-0.55977
0.32828
0.00516405
0.028824
-1.32333
0.319961
0.643194
0.576734
0.0327383
0.0985285
-0.694147
0.989087
0.0298361
-1.08472
-0.176633
-0.534637
0.459098
-0.5851
-0.015242
-0.499806
0.187584
-0.456598
1.17075
2.01175
-1.25107
0.0532439
0.821813
-0.763047
0.694179
0.0854882
0.128984
-0.175366
1.1833
-0.255695
0.22888
-0.0164968
0.385491
0.742215
0.901202
-0.769336
-1.05208
1.17822
0.422509
-0.511489
-1.26094
-0.380055
-0.288508
1.0465
0.988912
-0.842333
0.0289103
0.383714
-0.373711
-0.466689
-0.234454
-0.0359466
0.6183
0.152025
-0.632846
0.480821
-0.0959895
-1.35317
-1.30174
0.10163
0.0533934
-0.565944
0.550851
-1.09009
-0.107253
1.0099
-0.775507
-0.411572
0.91837
-0.598641
-0.319729
-0.300333
-0.106856
0.400553
0.021956
-0.111208
0.523147
-0.194304
-0.042114
1.42786
1.19663
0.163904
-1.10666
-0.0198721
-0.177682
0.0439689
-1.02028
-1.05691
-0.210109
0.0895213
-0.0875267
0.775619
-0.0598939
-0.241756
0.30165
0.265577
-0.0681513
-0.282404
0.189524
1.21909
0.728543
0.125877
-0.010253
-1.38248
0.133168
-0.0872532
0.0254787
-0.226987
-1.02136
-0.300158
0.0294863
0.122518
-0.123592
0.00107388
-1.15552
0.442083
-0.832901
0.965618
-0.0144497
-0.000792292
0.480205
0.353373
0.743982
-0.00568408
0.0763286
-0.0762308
0.0888418
0.084494
-0.0845686
-0.0335545
-0.672035
-0.377041
0.32149
-0.44399
0.503869
0.348514
-0.449478
-0.0757661
0.0782661
-0.565708
0.330453
-0.101856
0.554126
0.379043
0.0162754
-0.0162754
0.0023448
-0.0699787
0.0691909
-1.28198
0.104414
-0.733515
0.0111
0.226236
-0.587168
1.02325
-0.347295
0.208179
-0.238805
0.030626
0.52813
-0.439332
0.320374
0.0518619
0.0679131
-0.0571065
-0.306622
-0.0590923
0.419529
-0.118789
-0.681879
-0.0571208
0.387573
-0.435351
-1.36722
-0.969664
1.82975
-0.381294
0.310277
1.65389
0.465005
-0.0590983
-0.705136
0.242191
-1.14509
1.52673
-0.381638
-0.100843
0.100843
0.174568
-0.00759163
-0.166976
0.260973
-0.101403
-0.15957
-0.261494
0.315078
0.245724
0.339033
-0.410498
-0.684143
0.892852
0.469681
0.581839
-1.47776
-0.0706403
0.349644
-0.298931
-0.328251
-0.212212
-0.000947617
0.326767
-0.113804
0.229096
-0.211535
-0.00312714
-0.0233126
-0.20487
0.235579
-0.72799
0.299926
-0.391032
-0.729451
1.22756
-1.26187
-0.143301
-0.378194
-0.0504811
0.443123
0.0951884
-0.436115
0.787822
0.00644703
-0.55433
0.488331
1.3243
0.316228
-0.782889
0.248773
-0.287594
0.882734
-0.761617
-0.342298
0.0830749
-0.189931
0.248195
-0.330321
0.220563
0.0217234
0.0475427
-0.880189
-1.19192
1.62391
-0.992831
-0.00954629
-0.178905
0.0213923
0.0032864
0.0070865
1.08424
-1.09132
0.227099
0.348188
-0.0157339
0.2838
-0.388972
0.323121
1.52956
0.253778
-0.353028
0.225621
-0.349341
-0.378503
-0.227491
0.0213923
0.0566118
-0.0595447
0.740906
0.0137529
-0.0781495
0.132018
-0.239268
0.010035
0.0552029
-0.0552029
-0.145174
-0.140479
-0.185216
-0.769146
1.2038
0.0624994
-0.228041
0.0459553
-0.0385509
-0.433878
0.333627
0.176055
-0.0315682
1.59831
-0.970021
-0.121793
-0.0361021
-0.417835
-0.172259
-0.00116735
-0.638862
-0.99354
0.432965
-0.533128
-0.743784
0.0600048
0.274646
-0.472041
1.05197
0.0257548
0.012569
0.0079856
-1.20006
-0.0257548
-0.962117
-0.467315
0.170051
-0.579107
-0.0898858
0.383552
-1.47146
-0.652387
-0.0642612
0.0506531
-0.120295
0.0821792
0.0791671
-0.022586
-0.57777
0.119519
0.260779
-0.270875
-0.0662779
-0.335517
-0.07674
-0.859093
0.143391
0.228285
0.38913
-0.495719
1.24431
-0.463969
-0.63028
0.302029
0.853377
-0.297959
0.393552
-0.00362342
-1.35912
1.26313
0.92622
-0.372623
-0.553597
-0.26863
0.0225179
0.0857843
-0.30452
-0.181007
0.33332
0.0651429
0.81116
-0.983127
-0.487087
0.306081
0.0648829
-0.0249216
-0.13794
-1.24577
0.162049
-0.188686
0.0275173
0.107875
-0.135393
0.00935836
-0.0362549
0.0362549
0.507859
-1.00637
0.535245
0.0159753
-0.0159753
-0.681138
-0.317024
0.161734
-0.0853318
-0.195329
0.917577
-0.740011
0.373872
-0.102928
0.101583
-0.0347826
-0.0315682
0.903661
0.393427
0.277193
-0.429064
-0.0567702
-0.220276
0.586766
-1.48954
-0.554248
0.363096
-0.116592
0.156599
0.23673
-0.588786
-0.14775
0.0265296
-1.9287
-0.656018
-0.0145884
0.200322
-0.483952
1.04279
0.0155262
0.109632
0.0271766
0.637886
0.18118
-0.201291
-0.0271766
-0.00192335
-0.190893
-0.30387
-0.953161
-0.139859
-0.721943
0.81226
0.267659
-0.0165548
-0.191233
0.450678
-1.44045
-0.00333687
-0.173084
-0.123059
-0.068131
0.014216
1.64932
-1.22408
-0.405235
0.0227509
-0.357448
1.26415
-0.0588493
0.733399
-0.788044
1.00053
-0.0129927
-0.780938
0.651646
0.0196317
0.287416
-0.072747
0.0100371
-0.6754
0.448763
-0.662057
0.494489
0.124468
0.110068
0.641928
-0.314184
-0.154189
-0.0520713
-0.380968
-0.26793
-0.00882322
0.394739
0.0934829
-0.52939
0.435907
0.0902364
0.0197553
0.195926
0.992909
-0.860954
1.06255
0.0419012
-0.0197553
1.63846
-0.52475
0.181839
-0.00167126
-1.09094
-1.39546
0.185968
0.150516
0.467811
-0.0163022
-1.03636
0.171557
-0.0729051
0.912266
-0.769972
1.08924
-0.114223
-0.0286661
-0.094325
-0.891077
1.09098
-0.119263
-0.0312961
-0.172199
-1.13379
-0.0401565
-0.117277
0.0301836
-0.260407
-0.790487
1.23257
-0.00727699
0.134519
-0.552607
-0.000652949
-0.10563
-0.0179617
-0.104623
-0.10278
0.279809
1.46247
0.963888
-0.4938
0.410192
1.41408
-0.374582
-0.188357
1.00658
0.485462
-0.370144
-0.513466
0.394203
0.0637874
-0.150013
0.529563
-0.0926283
0.362962
-0.081081
0.290821
0.00992854
0.021592
-0.270919
0.16054
0.629101
-0.0398866
-0.143607
-0.313462
-0.613757
0.393629
0.386823
1.837
0.013467
0.256835
-0.334093
-0.0122543
0.127356
-0.30302
-0.129268
0.089981
-0.0239052
-1.39276
0.0694248
-0.353087
0.135684
0.33425
-1.52511
-0.455742
0.79077
-0.371684
-0.419086
0.0176514
1.17662
0.403257
0.404028
-0.158187
-0.373918
-0.413309
-0.482589
1.18426
0.0841291
-0.166662
-0.0196317
-0.0112508
0.0548893
0.0398866
0.741749
-0.446438
-0.960114
-0.0745863
-0.0744346
0.0181285
0.168519
0.270597
-0.0591008
-0.275642
0.237884
-0.286214
0.289317
-0.443507
0.380259
0.602455
-0.162322
0.195641
0.259098
-0.500522
-0.396804
0.258864
0.865841
-0.592247
-0.115851
-0.478592
-0.183173
-0.0589269
-0.133777
-0.0188789
-0.961186
0.968272
0.422564
-0.825848
-0.00527053
0.00527053
-0.659029
-0.742643
-0.494862
0.44438
-0.689723
-0.19458
1.45059
-1.25601
0.0733657
-0.0746891
-0.697708
-1.27462
0.529044
-0.114795
0.628296
0.0745238
0.309791
0.145053
-0.396463
0.293535
-0.077217
0.0796615
-0.220303
0.109741
0.239476
-0.005767
-0.788645
0.216781
-0.559343
-0.0360233
0.308957
-0.367602
-0.0767652
0.0689049
-0.0700899
-0.945623
-0.159095
0.0578359
-0.060963
0.0367276
-0.255002
0.370476
0.120406
-0.360989
-0.0766572
1.33603
-0.828171
-1.22943
-1.02742
-0.50055
-0.63231
1.13286
0.0148585
-0.0096945
0.0662944
-0.835943
-0.0595638
0.172274
-0.0628698
0.0801322
-0.0816206
-0.198659
-0.390127
-0.344802
-0.0125917
0.00925488
0.729905
-0.216664
0.3795
0.38218
-0.572265
-0.213603
-0.286204
-0.451816
0.737793
-1.89736
-0.239237
-0.221576
-0.000436566
0.165092
0.52791
0.322754
-0.512847
1.49167
-0.492597
-0.139362
-0.115354
-0.772504
0.327772
1.0807
1.2918
-1.33834
0.0551955
-0.333819
-0.0380811
-1.04261
-0.0355857
1.59381
-0.18454
0.189154
0.298529
-0.0467076
-0.183837
-1.28345
0.47683
-0.399118
-0.346135
1.5423
0.223486
-0.0283458
0.0307129
0.0619615
-0.19777
-0.696414
0.086412
-0.0846697
0.0227509
-0.915908
0.0119456
0.229233
-0.223111
-0.269191
-0.140889
0.0382447
0.246004
-1.39633
-0.239227
0.843073
-0.00808445
-0.410745
-0.386039
-0.375444
-0.507147
0.326402
-0.00881733
-0.043923
-0.0685415
0.618057
0.0837581
-1.48951
0.346941
-0.382995
0.461512
0.0622472
-0.0633499
0.462504
-1.17224
0.0233126
-0.00192036
0.538473
-0.17152
1.1781
-0.0806169
0.142176
0.787347
1.25245
-1.27051
0.1891
0.651196
-0.200677
0.189694
-0.14186
0.0855176
-0.0873002
-0.0612851
0.0672473
0.0616142
0.132224
0.930241
-0.0581023
0.41649
-1.0488
0.0533366
0.505665
-0.277107
-0.228558
0.437472
-1.3269
0.00992854
-0.329802
0.0547246
-0.0563117
0.490697
-0.0941247
-0.00604674
-1.07329
1.0363
0.4337
0.12559
-1.54291
-0.271023
-0.254179
-0.389652
-0.107065
-0.689005
-0.374247
1.06325
-0.0716051
-0.207388
-0.362893
0.188576
-0.155838
0.0693894
1.48541
-0.356355
-0.177164
0.0238337
-0.271975
0.362668
-0.12402
0.00784272
0.074163
0.00760928
-0.221611
-0.855418
0.145391
0.000888213
-1.44168
0.0199671
0.058299
-0.0530606
0.164911
-0.00158617
0.00172626
-0.228537
-0.455803
-0.799218
-0.0510529
-0.0667481
-0.775628
-0.382329
-0.00538787
0.556515
-0.36893
-1.12412
1.63706
0.372305
0.147968
1.08638
-0.0130749
-0.356302
-0.576798
0.265363
-0.254308
-0.0505991
-0.0575049
0.842648
-0.183559
-0.596209
0.214855
-0.162466
0.940672
-0.525593
-0.0496403
0.0371868
0.217314
1.61432
0.299591
0.255717
-1.33439
0.233651
0.000502974
-0.17213
-0.627088
-0.00424083
-0.668549
0.391002
-0.874481
-0.435238
0.00147979
-0.556317
-0.320587
0.127006
-0.495936
0.455468
-0.651902
-0.323862
-0.100253
-0.393363
-0.368112
-0.205305
-0.260447
1.12319
-0.0022216
-1.32956
-0.505558
0.681453
-0.201012
0.102054
-0.459818
-0.595805
-0.453131
0.454048
0.190626
-0.00398587
-0.139456
-1.08563
0.0818582
0.452782
-0.016874
0.693667
0.23571
0.983501
0.864547
-0.330239
0.735416
0.127429
0.0118809
-0.644605
0.460767
0.0653269
-0.0526149
-0.010735
-0.103272
0.509213
-0.12239
0.0932372
0.647159
0.457525
-0.473827
-0.138018
0.0298411
-1.05012
0.590665
-0.215736
0.616577
0.153634
-0.0983922
-0.0256277
0.0961285
-0.0109333
0.0228788
-1.51637
0.0998909
-0.114984
0.460092
0.00998268
-0.00701614
0.752931
-0.734379
0.0797176
-0.133896
-1.13675
0.090484
-0.10341
-0.182101
0.218655
0.103094
0.0585053
0.0817977
1.05445
-0.414218
0.0433068
-0.399827
0.327213
-0.0525669
-0.978758
0.385903
-0.000315447
-0.700887
0.13702
-0.344296
0.566469
-0.0256513
-0.434476
0.712447
-0.888415
0.24012
-0.874813
-0.679533
)
;

boundaryField
{
    SideWalls
    {
        type            empty;
        value           nonuniform List<scalar> 0();
    }
    Top
    {
        type            calculated;
        value           uniform 0;
    }
    Inlet
    {
        type            calculated;
        value           nonuniform List<scalar> 
18
(
-1.94444
-1.94444
-1.94444
-1.94444
-1.94444
-1.94444
-1.94444
-1.94444
-1.94444
-1.94444
-1.94444
-1.94444
-1.94444
-1.94444
-1.94444
-1.94444
-1.94444
-1.94444
)
;
    }
    Bottom
    {
        type            calculated;
        value           uniform 0;
    }
    Outlet
    {
        type            calculated;
        value           nonuniform List<scalar> 
18
(
1.95867
1.96222
1.96727
1.9573
1.96299
1.95643
1.94753
1.96639
1.97028
1.97178
1.96352
1.95544
1.98946
1.95362
1.98321
1.81567
1.93986
1.77838
)
;
    }
    Plate
    {
        type            calculated;
        value           uniform 0;
    }
}


// ************************************************************************* //
