/*--------------------------------*- C++ -*----------------------------------*\
| =========                 |                                                 |
| \\      /  F ield         | OpenFOAM: The Open Source CFD Toolbox           |
|  \\    /   O peration     | Version:  2306                                  |
|   \\  /    A nd           | Website:  www.openfoam.com                      |
|    \\/     M anipulation  |                                                 |
\*---------------------------------------------------------------------------*/
FoamFile
{
    version     2.0;
    format      ascii;
    arch        "LSB;label=32;scalar=64";
    class       volScalarField;
    location    "3.8";
    object      p;
}
// * * * * * * * * * * * * * * * * * * * * * * * * * * * * * * * * * * * * * //

dimensions      [0 2 -2 0 0 0 0];

internalField   nonuniform List<scalar> 
5098
(
-0.777582
0.446404
0.251721
1.94833
-0.523534
2.17226
-0.0291355
-0.73433
0.238326
0.197006
-0.252726
0.770152
0.379801
2.44324
-0.321044
0.0281702
-0.201798
-0.437461
-5.29035
-0.206985
1.32843
0.0210302
0.930719
2.97369
-1.03176
2.10115
1.28362
1.41731
-5.18981
0.656629
0.620243
2.61722
1.56378
-0.141956
-0.415028
-3.06963
1.57217
1.49772
2.3515
1.10281
1.91153
-3.0734
2.07437
0.063092
-0.270466
0.51306
-0.213002
2.65572
0.62879
1.98504
0.16475
1.75768
-5.66039
1.40549
2.17461
2.05896
1.48272
1.82914
2.62339
-0.115167
-0.103083
-0.241637
-0.446767
0.406149
-5.83465
2.47008
0.0664936
0.0963474
1.21996
1.73945
1.44276
-0.178634
1.24905
0.033797
-0.0403992
1.98762
0.0288418
2.10227
0.233167
1.99317
-0.141945
-4.25412
1.91526
-0.167303
-0.479768
0.597183
3.20567
0.0180383
-0.860089
-0.03723
0.874164
-6.66559
0.79816
1.94948
2.3631
-0.137053
1.71776
2.15214
-0.0363624
1.25926
-0.651037
2.11301
-0.0109378
0.126953
2.11518
-0.537133
1.35494
0.0186757
2.6959
-0.250951
1.84634
-5.11261
1.50995
-7.59336
1.26326
-5.48534
-3.3262
-1.59135
0.0579427
2.95108
1.72691
0.120739
0.244373
-5.48408
-6.93894
-0.205891
1.35668
0.970817
2.39674
-7.55509
-2.37461
2.55371
2.52297
-1.34475
-0.395553
-1.16092
-1.67276
1.31498
2.37689
1.38859
1.76071
-0.213685
1.33397
0.252969
0.490305
0.0981207
1.27286
-0.409651
-0.817579
1.11531
-1.97617
-4.40261
-0.448182
1.52211
3.23733
2.89995
1.83295
-0.600997
1.91684
-5.02482
1.43636
-0.359454
-4.49465
1.75904
-0.550562
0.479529
-0.550386
0.586241
-1.06573
1.82091
-0.0608679
1.98827
0.284874
1.42784
0.520533
0.668602
1.87518
-2.7
1.84564
3.23244
-3.02358
-2.73647
1.72101
-0.579545
1.73065
-1.03489
2.07052
1.54005
1.96224
-9.89115
-4.98231
0.244793
1.20021
-0.0510463
0.521623
-6.94206
-3.4622
-1.29794
0.026465
1.78754
-2.46712
1.76159
-0.261528
0.460587
1.39078
2.89724
-0.686242
2.40587
1.0161
1.19027
1.58554
1.72934
0.238414
0.509917
-0.636783
-5.20296
-0.0749845
-0.287729
-6.66799
0.73791
0.811156
2.08573
0.10985
0.797325
-7.28249
1.47779
3.16399
1.38239
1.32726
0.275855
1.43188
3.03196
-3.33614
0.034459
0.352304
0.389727
0.97408
-7.1209
-1.65444
1.7096
-4.84714
0.230354
0.143031
2.73674
1.31187
0.860019
2.399
-0.259881
-0.204436
0.789152
0.267329
1.36655
-5.68935
-4.62017
1.57481
-7.81556
-0.406921
0.176512
2.61623
-0.025918
-1.02103
-6.4022
-1.33894
1.26476
0.0579626
-0.282825
-5.0167
-0.276933
-0.00687318
1.73335
-9.47169
-0.0942644
-5.00704
-0.0522311
2.58632
0.032377
-2.53736
-1.68799
0.698615
1.56713
-2.12991
-0.622717
-7.29075
-0.699022
-0.158257
-0.128886
1.57572
0.118759
0.479993
0.798683
-5.53037
-6.04359
2.72203
-0.206642
1.32855
0.192841
-0.343602
0.571892
1.2423
1.54147
0.0955914
-0.76819
2.04585
1.26582
-0.274229
1.56491
-1.92563
0.672599
1.68524
-0.216206
0.90853
-5.63582
2.13129
-0.081841
0.338413
3.22259
-1.58801
0.0911189
1.0393
2.83325
0.19303
-5.78188
-1.42224
-5.93691
-0.0027365
2.38342
0.349678
1.32172
2.66823
0.0453057
1.71777
1.00576
2.37948
0.608375
1.69897
0.161835
0.617457
2.01177
1.19294
1.68693
1.29591
1.77056
0.301864
1.44743
-4.86514
-0.00763981
1.30141
-5.20176
-1.56579
0.739719
0.434595
2.78419
2.80756
-2.24046
-0.102231
-1.71032
-1.02432
0.539369
2.35851
-0.189143
1.3963
1.36394
1.02788
0.0375822
0.00750052
2.61467
1.45766
0.927248
0.686596
-8.18139
2.52542
0.0367965
-2.89015
-0.00661083
-0.14926
-0.242063
1.74434
0.243043
0.642624
0.035644
1.37191
-0.208284
1.565
-0.696093
0.173345
-2.38732
-0.366145
-6.52976
1.87346
-0.0350718
1.25311
0.372854
1.43382
1.853
0.937147
-4.55322
2.01929
-7.67049
0.416323
-0.514041
-4.17841
2.76645
2.01345
1.39954
-5.44207
0.423804
1.45561
-0.329787
0.221246
-0.849313
1.40492
-0.236195
-6.39295
-0.0554829
-1.7952
0.0640702
1.27435
2.74673
-2.21251
0.703414
1.40995
2.09405
-1.36523
0.745821
-1.66261
-6.7982
0.0291784
-0.340873
-0.187073
1.44242
0.0668472
-5.10531
0.0124849
1.57399
-2.12019
-5.91016
0.134141
0.971678
1.10718
-6.11952
1.82422
1.68956
1.01352
-0.20288
1.1661
-1.82664
-1.75074
-0.350639
-5.20878
1.35703
-0.213859
0.97743
1.41653
-0.194371
-0.22242
0.161716
-3.22444
0.665139
1.47215
-3.04589
2.04609
0.0458197
2.73993
-2.71911
1.87983
-0.337159
-7.71753
-3.1736
-0.264063
1.87126
-5.2675
0.643406
-0.124058
-1.54986
1.27923
-7.66445
-5.43627
2.11059
-3.18456
0.779201
0.615198
-0.930546
-7.85031
1.20288
-0.114945
1.652
0.193214
-0.490195
0.129574
1.42546
-2.93404
-0.381259
-0.554946
-5.46397
-6.2816
0.0259008
2.2447
-3.46698
2.16486
1.49103
-0.377164
0.945083
-5.2561
-0.448038
-5.13284
-3.67772
1.05234
0.80829
-3.85977
-0.35367
-6.88549
1.39964
1.53444
0.436836
0.620919
1.37781
2.83312
-4.22046
-0.472248
2.25635
-0.347503
-0.464744
2.77054
0.0615276
-4.06146
0.012042
-2.71008
-4.16037
1.41915
0.703736
0.369185
3.14262
-0.823643
-0.108672
-0.447157
-0.378073
0.0419562
-1.75093
-7.28268
-0.201033
1.30456
-0.000123633
-4.60471
1.71516
-0.199324
-0.252139
-0.267539
-0.36311
3.1557
-3.3253
-2.18507
1.684
-0.00898921
-4.78908
-0.83968
-0.230769
-2.1791
2.1487
-0.222999
-0.82201
-0.23437
-0.379169
1.67054
-5.0931
-0.0576478
-4.27168
-5.64306
0.0564565
-0.92246
-5.59397
0.792756
0.540542
-5.28397
1.31778
1.71707
3.13821
-0.24036
1.68206
2.39917
-0.737983
0.0993421
-1.82484
0.629623
-0.165232
0.253018
-0.179046
0.0606761
0.981337
0.524899
-4.35009
-7.09972
2.74225
-1.38855
-0.573005
-0.346745
1.65747
0.973578
0.901263
-2.72017
-2.43929
0.0439356
1.91064
0.675649
0.30755
2.55611
-0.133088
2.42556
-0.77657
-3.90497
-0.122631
-0.166317
-5.11248
-6.29055
2.48405
-2.77907
-2.4868
2.51808
-0.757487
-0.204256
-0.3217
2.71969
-5.51703
2.2435
0.139036
-0.0451718
0.332787
-7.79134
1.13476
-0.233302
-0.0212988
-1.26549
1.3451
1.86782
-1.34793
0.127895
1.83497
2.6391
-4.48126
1.56335
3.12928
-2.46072
0.9409
-0.657218
1.51007
2.22777
1.93992
-4.68953
1.45728
0.47972
-0.36147
1.32934
-0.31218
1.78238
-0.352705
1.5278
0.937029
-0.125445
0.0722514
0.454806
1.50829
1.9144
0.0493826
-0.367215
2.64136
1.67539
2.02634
0.181258
-0.279446
0.0665646
0.0856989
2.571
2.7732
-3.29322
1.61117
-0.310142
-4.27204
0.0237744
1.47065
-5.50857
-5.05969
-0.359682
-0.376302
-0.189052
0.688038
-6.73006
1.59776
1.96657
-5.2156
2.02151
0.0145711
1.5231
-6.26261
-0.445865
0.00702413
2.69896
-0.265766
-0.359406
-1.24325
-5.28275
1.37923
-0.611812
0.821127
2.49414
-0.442205
-0.594181
-3.54412
-1.33588
-5.19423
1.95685
-1.00436
2.69987
2.63346
2.46559
-0.738044
-7.42527
-4.79594
-5.38626
0.0744054
-7.12917
-4.98933
-10.4684
-0.620978
2.05204
-7.16814
1.7936
-0.976974
2.43374
1.3335
-3.92611
0.175662
-5.41089
3.0589
0.0861241
1.37964
-1.42872
-0.77882
-0.428048
-0.63933
-3.77016
1.94856
-0.38363
-0.504028
-4.64262
-7.89926
0.92062
-0.268661
-0.202788
0.0388174
0.372313
0.361733
-1.58111
1.93274
2.46373
-4.20215
1.0682
-0.826223
1.83281
-4.91284
0.0704269
1.03464
-0.383156
-0.0727471
-6.96319
-0.292643
-2.8861
-0.477424
1.68056
1.1635
-4.51173
-0.211573
0.992288
1.26399
-0.06647
0.567455
-1.76992
3.10678
1.06219
1.78209
-0.00609401
0.685775
-5.23734
-2.54966
-0.339878
-3.63075
-0.21429
2.55245
2.1818
-0.220641
0.844106
-0.25474
2.27603
0.699467
-7.38869
-6.51698
-10.4025
-5.16552
-0.007801
0.0543792
1.58886
-1.45297
-0.221506
-4.9322
1.27261
-0.211097
-7.28587
2.0377
0.852288
2.60076
-0.434853
1.6579
2.01918
1.8776
-0.300114
1.70671
-0.232846
0.382719
0.255405
2.49846e-05
0.929026
-6.44817
-4.84034
-0.538188
-2.13619
0.705553
1.48295
0.432922
-7.45584
0.45727
3.2022
-0.244665
1.78401
0.0622591
2.49207
-5.49728
1.42763
-0.20233
-1.11562
2.66686
-0.1769
-4.87963
0.645026
2.75819
1.73548
-0.544745
-0.723332
-2.00448
-5.30192
-3.10921
-7.51847
1.83919
-4.05107
-8.28836
-7.5561
1.18205
0.0497183
-5.68616
-0.898859
-4.47015
1.01016
-0.00582186
1.61852
-0.535047
-5.33259
2.50831
-9.39035
-2.97086
-4.93285
0.306494
-7.08205
-6.0659
-2.3598
-0.185476
0.0426577
1.29002
-4.83588
-1.07086
-5.56994
0.162152
-0.0209947
0.451211
-1.01238
-7.11122
1.36921
-0.189942
2.38161
1.88864
0.601313
1.99386
0.464011
1.32336
2.93466
2.01315
-2.49137
-0.55035
0.0433374
-0.590499
-0.731189
-1.23416
1.69427
-4.29657
2.28646
2.3785
1.56321
1.53971
-1.83463
0.801669
-2.63419
-0.0622068
2.5383
1.83356
-0.313229
-0.145406
-7.63433
-0.925771
-0.1767
-5.45419
-2.30204
-0.573787
-0.106335
-0.312338
0.596748
2.61574
1.62551
1.86969
1.67603
1.91799
0.0525554
-0.237706
-0.438754
-4.63908
0.471504
0.315242
1.31111
1.02556
2.70057
-1.04628
-0.74644
0.0145093
1.49978
-0.207165
-0.191245
-5.99522
3.0243
1.50364
-6.56158
1.51947
-0.630827
-2.28868
1.30517
1.72672
0.857876
0.423874
0.722456
-0.193568
-0.162806
0.136233
2.55128
-1.43698
2.24915
-2.90748
-0.246969
-5.11912
1.23283
1.88631
-1.32034
0.0622068
3.00569
0.401468
1.31842
1.35078
2.77814
0.110178
1.74808
-0.309583
1.76639
0.0714662
-0.206953
2.29406
3.10177
0.408134
-0.435131
0.0986114
-0.815145
-3.97447
1.63459
0.797677
-2.78371
1.48792
1.97603
1.46311
1.5535
0.183983
1.63327
2.30889
-0.880454
2.86595
1.93944
0.859692
0.0120258
-1.24271
0.0540724
1.65665
0.264697
1.69381
1.9376
1.51619
-1.28507
-1.19794
1.99129
1.08156
2.17768
-0.215604
1.43335
1.77806
1.13838
2.0416
2.02015
0.0353391
0.0331647
1.57332
1.98713
-1.05146
-0.525969
-1.40484
1.9481
0.338613
1.73423
2.7951
-0.845171
2.70825
2.96883
-0.00483561
-0.774411
0.0198471
3.17546
-3.92595
1.91257
2.80519
0.641093
-7.27943
0.845297
1.20127
2.93823
1.21268
1.16164
3.05859
2.19972
-0.0712502
3.04039
2.48761
-0.61336
-0.232269
-4.81432
0.0130642
0.397437
1.88902
2.45579
-3.8473
-0.113702
0.948008
0.538689
2.11822
-3.21201
2.60563
-1.31465
-2.26862
1.34239
-2.46144
1.92382
-0.50549
1.24556
-0.322416
2.46308
1.65939
1.54947
1.65477
-1.97584
-0.188648
-0.120358
0.970202
1.02293
2.60832
1.81976
0.030815
1.08016
0.479476
-0.386133
2.43654
-0.666696
2.0294
-0.0152917
0.0623577
-0.481897
0.282795
0.839556
2.74812
-0.120847
1.09903
-0.38383
-0.419581
2.35557
2.25219
-0.679469
2.30258
0.552432
-0.473881
0.206508
1.01539
3.13135
-0.211416
-3.07315
2.09379
-0.189255
1.66988
-7.8435
-3.91397
0.134293
-6.51864
-5.56572
0.542011
1.73741
-0.111387
-5.09656
0.0178081
-0.359588
-2.31479
0.711868
2.64119
1.24727
1.04672
-0.186323
-0.200346
0.152645
1.22966
-0.506492
0.0225092
0.0776102
-0.00160829
0.211327
1.08777
0.499498
0.70041
1.16232
1.07682
-1.75224
-5.03977
0.295538
-0.860326
3.00684
0.993587
0.583921
-0.175332
-0.787431
-0.923229
-0.09306
-0.347498
-1.85632
-0.347583
-0.766034
1.735
0.42984
0.0438825
1.87513
-5.87711
-0.797374
2.58537
-2.92884
-2.31943
0.561688
1.49686
-0.410119
0.326141
-0.819681
0.0460047
-0.20304
-0.373476
1.92574
-1.04302
0.964335
0.0697689
-0.790878
-0.504425
-0.273385
1.342
0.122297
-0.267179
2.58333
-9.76323
1.64924
-0.858821
-3.67697
-2.33655
-0.411928
-11.1071
1.59125
1.52596
1.63342
-0.229237
-4.28751
2.29363
-0.661476
-2.74922
0.0097011
-1.28841
0.0404635
-0.0331295
2.3394
-10.879
-5.23176
-0.461315
1.0858
0.966025
-2.36487
1.08449
0.136328
-0.611873
0.51564
0.95183
0.6248
-0.00169567
-1.69985
2.40913
-0.242912
0.0189854
0.937994
0.0173841
1.08016
-2.3699
-0.392677
-0.478348
1.15262
-0.0318483
0.0549055
0.67747
0.0116702
0.100138
-0.436989
1.62206
-0.114052
-0.574593
1.45574
1.36553
0.0313096
0.736184
0.754466
1.53099
1.9658
1.73146
0.133648
2.64069
1.28734
-2.22911
1.11328
-3.11599
-0.174363
0.0498529
0.617644
-0.748714
2.6625
0.456499
0.389917
-0.154398
0.661261
-0.160885
0.537647
-4.23174
1.26672
-0.156745
1.47209
0.839742
1.5352
-4.25113
2.01537
-3.13981
1.5136
1.6102
0.474924
-0.20394
-1.44027
-0.217733
1.86023
-1.05007
-5.10007
1.83069
1.02119
-0.0140497
1.86686
1.17116
-0.739241
2.46177
-2.014
0.253615
-1.14685
-1.30764
-0.0272685
-0.263689
-0.632597
2.72673
0.0165803
0.464406
-0.294894
-0.346203
1.61342
1.98772
0.0122472
0.0326262
1.42769
-5.05049
1.44603
1.52843
-0.324017
-0.383095
1.09308
-0.192352
2.76277
-7.91153
1.195
-0.0351069
-1.44722
2.63968
1.72741
0.328474
2.21331
-0.565596
2.02768
1.96603
-0.119255
1.43515
1.45142
1.1647
1.46757
-1.17512
1.6101
0.0563421
0.810602
0.0149785
-5.41183
1.6082
-6.9205
-6.35709
-0.128212
-0.125977
1.18203
-5.95943
1.45076
0.374142
0.728944
1.43577
1.25629
0.404087
0.184718
-0.509104
1.47547
0.87218
-4.49127
-0.944741
-0.18053
1.53503
-3.66772
-2.37522
1.34918
-2.94519
1.96722
0.905246
-5.35225
-8.23563
1.77503
1.92165
-0.458321
1.30932
-6.53469
-0.762564
-4.44437
0.386933
-0.741853
-8.4014
2.93472
0.74026
-5.47579
0.0183268
-0.56866
1.45981
0.884424
-1.03817
-8.23787
-0.35298
-0.466193
-7.44176
1.16467
2.44583
-0.450897
-1.20976
0.0155651
-7.21334
1.78735
2.96993
-9.74196
1.07257
1.63432
-7.90986
0.471432
2.66451
-3.94254
-0.931869
1.21034
1.31577
1.1537
-0.717057
0.865083
0.0164932
0.976428
-2.29656
0.066915
1.53666
-0.339632
0.288992
0.909135
1.42081
0.890141
0.074166
0.61591
1.5152
1.11465
1.40504
2.77753
-1.30564
2.59685
0.0132209
2.54291
3.09688
-5.63297
0.197527
0.357147
1.42426
-4.80891
0.678019
0.970515
0.0483058
1.69484
2.2733
1.75521
1.80723
0.356647
1.06977
-4.42091
3.02945
-4.11927
0.0653003
-0.306109
-0.730849
-6.70925
1.48315
1.79952
0.895903
1.88019
-2.48564
0.0684384
1.95661
1.47872
-0.192873
-0.411892
-0.0406002
0.0360664
0.426519
1.62365
2.90025
1.42979
2.09861
2.02238
1.71404
2.78018
1.00702
1.48243
0.118373
-0.320446
0.764419
1.18147
1.19242
3.06798
0.462276
0.794462
0.00193208
0.068731
2.93792
0.85814
-0.417297
-1.63432
1.29465
-1.17321
-0.0581658
2.18031
1.52274
1.41598
1.6286
-0.819966
2.20465
-5.21844
1.3927
0.22616
0.108738
0.06923
2.43337
0.240971
-0.0949058
1.50739
1.49049
-0.58518
1.34603
2.50406
-0.208299
-1.12909
-4.75899
-5.17294
-0.480438
-2.38185
-0.513269
1.37123
0.551161
0.0529088
1.63237
0.0322981
-0.406034
-0.938872
-4.179
-1.2093
0.170734
-4.86156
-8.89599
1.45499
1.44683
2.11569
-0.214432
0.605862
-0.0590971
1.38377
2.38728
-2.09636
0.0209513
0.0282814
2.52124
1.15674
-0.239771
-0.755512
-5.24404
0.0411547
-0.174134
2.65587
0.0380341
0.0051967
0.666753
0.55482
0.0112986
0.802715
0.236747
0.760059
-2.38541
-1.85607
0.170374
-6.25431
-0.0351295
0.705425
-5.91372
1.69981
0.959304
2.84138
0.572293
2.54321
-0.802616
1.72867
-0.11134
-0.160896
-0.762503
2.3689
-0.384853
0.307828
0.208335
-6.09549
-0.992135
0.0124788
0.0504291
-0.0481412
-0.176386
-0.0681957
0.24239
0.96516
1.8695
-4.87448
-0.0232419
0.244034
-0.138242
-0.0397506
1.66017
0.304045
0.764161
-0.203816
0.00160994
2.20531
-1.52381
0.718992
0.00287426
0.0536059
-0.333915
2.17071
-1.59774
0.0084137
-0.0187296
-4.35292
-0.498805
-0.0289489
2.55212
1.8266
0.00401838
-4.59895
-1.50844
1.55273
0.0603497
-0.195437
0.00734874
0.58497
-0.209889
-0.0110488
-0.593928
0.0060281
0.593651
-0.656139
1.62699
0.374344
-0.788385
0.0507088
0.538426
0.154773
-1.34295
1.60702
0.0714029
-0.280987
-0.422275
-0.0804891
-0.274575
-0.00807421
1.62441
-6.71979
-1.20837
-0.0738853
-0.00699381
-2.0064
0.0601117
-0.0249265
0.032715
2.30157
1.03241
-5.20574
0.0158379
-1.25164
-0.235513
-0.278409
-0.0619415
1.53269
0.885847
1.20226
1.49087
0.124118
-3.4352
-0.513823
-4.98627
-0.192507
1.74023
-0.0218369
0.592401
-6.61027
1.87673
0.0543079
1.61398
0.0687439
0.0435009
2.04815
0.0214111
0.0207963
-2.7472
2.24713
0.270609
1.33744
1.55161
-0.968775
0.0360377
1.42959
-5.06916
2.19892
-0.337936
2.14395
-1.00041
-0.0190703
0.0297256
1.59842
2.0873
-2.66525
1.29913
0.60375
-0.0629453
2.37446
0.541416
-0.962143
1.43936
0.00120287
0.0894403
-0.678595
-0.728786
0.015245
-3.38205
0.00223572
1.31224
1.04121
-0.0483908
0.0722902
0.649707
0.0716658
1.43705
-0.238992
0.0200351
-0.788685
-0.113949
0.0704517
-0.259542
1.31194
0.301592
0.00424991
-5.72202
1.70926
-0.0446234
-0.215287
-0.0690242
0.436153
2.52793
0.111039
0.00413911
1.17342
0.0581825
-0.118022
0.0812712
-2.96989
0.131415
0.0676296
-0.00395821
1.56626
0.0042602
0.0030891
-6.69375
0.0275814
0.0404167
-0.250266
1.53514
-0.233073
0.0133806
0.429377
-0.221112
0.0770691
0.0276513
1.02593
-0.278062
0.172667
-0.313799
0.0902557
0.0403391
0.0378218
0.0146797
-0.881219
-0.404238
-0.421871
0.369693
0.934078
0.103488
0.632989
0.708344
-0.00731394
0.0241287
0.739614
-0.248814
0.0231925
-0.279109
0.0802712
0.277072
-1.1268
-0.436222
0.0172128
0.273862
0.164297
0.918865
0.829454
0.0927448
0.284211
1.49096
0.0742758
-0.33009
0.0175781
-2.58326
2.09139
1.41849
0.133986
0.0228555
-0.00156996
0.0992242
0.0347573
0.0184266
-0.24975
0.07657
1.39384
0.23741
0.0282437
1.47711
0.106983
2.34431
-0.0124396
0.208217
0.16583
-0.0295571
2.21588
0.0172108
0.0508785
-0.710305
0.0450484
1.03082
0.53503
-0.0101666
1.48665
0.0903446
1.21479
2.05423
0.908556
0.851827
0.0378703
0.930926
0.0717672
0.273775
-3.14458
-0.478672
0.078397
1.97049
0.498064
1.45836
0.707662
0.0122934
0.0468264
0.0828891
-0.373041
1.13756
-0.393794
0.0408935
0.00667145
0.0507371
-0.0195715
-0.195249
-1.20524
2.57942
-0.607211
-7.02066
2.40605
0.118387
0.045884
0.0362321
0.0497239
1.41818
0.055313
0.0315645
-5.10331
-0.682234
-0.0865525
1.51386
0.0793888
0.0583074
-0.964752
0.00787085
0.0865085
0.00335962
0.0303825
0.0665547
1.54929
-2.12698
-0.187358
0.628455
-0.0665365
-5.30756
0.0988521
-0.814668
0.0290296
1.68771
-5.61693
1.95224
-0.0771062
0.0758096
-7.37841
-0.0291204
-0.148046
-0.0259018
-0.641952
-0.176442
2.43882
-0.252528
-3.08833
0.00286705
-2.41808
0.0120049
0.106272
-11.3454
0.00902105
0.0240286
-0.125337
0.0311813
0.0532987
1.87605
0.391376
0.0425304
0.0987235
0.0201074
-2.84187
0.0952894
-3.46272
0.0153411
-0.112721
1.78842
-0.356564
1.50896
0.0142722
-0.191265
0.026765
0.0052244
0.0214252
-5.02309
-1.51201
0.0845047
0.860997
1.35594
0.572572
0.0301553
0.0242353
0.0333963
1.81002
-0.0192114
0.234034
0.967154
0.0135999
0.0327297
0.0722984
0.025907
0.00146645
0.0822147
1.52835
0.00600487
1.21106
-3.52996e-05
1.62534
0.0498374
1.0553
0.0108778
0.014774
-10.5019
0.0315282
0.0168166
-0.172573
0.0532656
1.15531
0.0350007
0.48917
0.0305365
0.00192054
0.237068
0.0553904
0.00906293
-3.8345
-7.6346
0.0154887
1.9626
1.37658
0.0445754
0.0322945
-0.789571
0.0299833
0.350101
0.0958172
0.0249937
2.19971
-0.227196
0.0419224
0.0281715
-3.79137
1.53526
0.0801028
0.070764
0.0301705
-7.90382
0.163297
0.0418845
-4.99804
0.624654
1.06509
0.0671626
-0.193077
0.127938
1.43495
0.0243033
0.0242178
0.00401171
0.0751501
-0.173014
0.0731005
0.0722696
-0.00193024
-0.0303523
0.0232708
-0.260048
0.0155271
0.049417
-0.175871
0.102274
0.032313
0.123715
2.84592
-0.00740683
0.12378
0.0056821
0.103642
0.674609
0.0145311
0.128365
0.192761
0.0550639
0.0316727
0.0305961
0.0169557
1.49176
0.0130091
0.00612119
0.144225
0.0203643
0.0172637
0.114823
-0.0011941
1.78872
-0.0236607
-0.96959
1.26936
0.0122465
0.0385089
0.108275
0.0471778
-9.06559
0.0107776
0.220764
0.0355805
0.130316
0.0206162
-1.1571
1.69033
1.76972
0.01822
0.08905
0.101416
0.0346462
1.47205
0.0235911
0.0435624
1.56473
0.0361686
1.56269
0.0441961
0.0386921
0.0994775
0.0368879
0.0138746
1.89233
0.0257458
0.00328307
-0.191559
-0.23659
1.5304
2.24414
0.0087873
-0.179306
0.0429349
0.040937
0.0019135
1.60235
-7.68022
0.00186834
0.0341465
0.103115
0.017675
0.0141937
0.0675679
-1.87116
0.00423031
0.0482742
-0.904001
1.47842
-3.65681
0.0311278
0.0139932
0.951976
0.94485
0.0352914
0.0028564
-5.2187
-4.34401
0.0108752
0.0382268
0.0172544
0.0345845
0.00244413
-4.42988
0.0136056
0.14531
0.0312014
1.47139
0.0132997
0.0793047
0.0441323
-0.182796
0.0252856
1.45661
0.120045
1.81841
0.04023
-3.85645
0.0390314
0.0773283
0.0448854
0.0563405
0.0984047
0.0228755
0.0396302
0.0871202
0.00768351
0.0111165
0.0287238
0.0255632
0.044194
0.0259346
1.5594
0.0650254
-0.305657
1.89224
0.0263876
0.0930082
-0.672676
0.513517
0.0347582
-0.641438
0.0233156
0.0386232
-6.28816
-0.185516
0.0341577
-0.605508
0.0416189
0.0956555
-0.0461994
0.024923
-6.2869
-0.0431012
0.0378139
-0.844614
-0.0414748
0.036976
0.0260304
0.0361093
-0.157977
0.0971187
0.103083
0.248572
0.0130423
0.0212167
0.0580563
-0.533721
0.0209191
0.00407712
0.0300731
0.0266378
0.034772
0.0319625
0.00683131
-0.235077
2.5209
0.0473205
0.0273833
0.0388235
-0.211034
1.74067
0.0446042
0.186433
0.00291165
1.75358
0.0127885
0.538287
0.13028
0.00468818
0.0266151
0.105642
-4.99747
0.0819303
0.258774
1.41483
0.0277837
0.0256863
-0.00679509
1.80309
0.0466065
0.0315199
0.0212056
-0.00859494
1.24311
0.0453336
0.0294008
0.0148341
0.0290938
0.0254381
0.0417201
0.610409
-0.47035
1.98958
-0.00265009
-0.227414
-0.147922
2.2686
1.14806
0.0382992
0.0262048
0.0691955
0.0653571
1.37773
-0.154136
0.0404051
0.0861069
-4.97049
0.035493
0.0809767
0.0532155
2.98971
0.937166
1.37266
0.0359984
1.54243
0.000328173
-0.76885
-4.08819
2.06874
-2.65711
-3.31526
0.0275436
1.23585
-0.0737366
0.0286153
-0.272835
-0.0941289
-2.13355
0.214102
-0.251318
0.0320805
1.54964
0.0302418
0.396249
0.0270376
0.0430541
0.0501824
1.57285
0.0288656
-1.37427
0.068168
-5.00524
0.0021195
0.0512438
0.061266
2.57429
-2.12244
-0.145844
0.0545374
0.0342009
0.0535143
1.00594
1.50435
0.0222494
0.049043
-8.3549
0.04463
0.844836
2.85101
0.75462
0.192358
0.0760919
0.0689416
0.0353335
0.367578
0.0637837
0.0557179
0.026835
0.572187
1.44118
1.45458
-5.88365
1.04338
0.0521574
0.149041
-6.03269
0.0955076
0.0511539
1.71792
-0.0223573
-8.60808
0.0274164
2.47452
-0.431702
-0.147143
0.0568199
-0.736993
-0.125765
-5.55688
2.60308
0.0737002
-0.293303
-8.58649
0.0619429
0.097553
0.17099
-0.263827
-0.125459
-1.13919
-6.91486
1.53188
0.0247656
0.0996804
0.0596467
0.946606
0.04383
-7.71722
0.0148253
-0.091042
2.96642
0.0251629
-8.27696
2.68236
0.00631904
0.0900677
0.0666308
0.0132489
1.64869
-3.05546
1.40257
1.5013
0.0733484
0.063606
1.50944
0.688198
0.102353
-1.18653
-1.04815
-0.190754
1.64465
0.0375672
-0.534983
-6.85123
0.398879
-0.296675
0.0119066
0.0664132
1.47345
0.0663321
0.0449687
-4.83925
0.0263915
0.0250868
0.0356726
-8.26593
-1.23237
0.132243
0.0429102
-0.198603
-0.459744
0.0695994
2.86321
0.0596403
-6.22053
0.464629
0.0234507
1.66607
-0.00722184
1.55027
0.0693972
1.42871
-9.39115
0.0990809
2.30588
-0.0995577
-0.196794
1.75276
0.094261
-0.020127
0.0015838
1.53984
1.72769
0.0387012
1.78611
2.62695
1.03862
1.8318
-6.67791
0.0136358
2.398
-5.1033
0.477969
0.0718731
1.4522
-2.13747
1.84217
1.76129
1.91956
-0.162281
-0.00527089
-0.841104
0.0251549
0.132768
-0.829092
-0.291043
0.028259
0.0269462
-1.00638
0.109584
-0.166897
0.307531
1.98939
2.13933
2.0576
0.0917661
1.14061
-0.175774
0.373267
0.119252
0.0974316
2.7908
0.040112
0.0656545
0.161725
-8.69581
2.23401
0.0538445
-0.33395
-7.31231
0.167138
0.158629
-0.616309
-1.89773
1.25666
0.0546094
1.25468
1.64821
-1.71978
-0.306563
0.181834
1.67467
-1.13902
0.0103351
0.0327352
4.36124e-05
1.35289
-0.126972
-0.0132021
3.12311
2.24492
-0.03089
0.0951951
-5.14996
2.54627
1.44649
-0.0111555
2.76971
0.026855
1.53683
0.535355
2.55338
0.0250892
-2.09158
0.875625
-6.32799
-0.00141166
0.0784921
0.120433
-0.841277
2.67134
0.0843638
0.00299402
0.0209588
0.411555
1.0073
2.95611
0.0391892
-0.0301949
0.0735283
1.10061
-0.145685
-0.203864
0.120263
1.45498
0.0749973
-0.0736922
-0.662135
0.198442
0.445724
1.46982
0.0843896
2.61256
0.015836
-0.0712819
1.54185
0.0257944
0.0125182
0.153706
-0.810018
0.755407
0.0217422
0.628815
-1.31504
-0.0677834
1.35689
-0.852343
-0.00195316
-0.0343732
0.00657136
0.057698
1.36604
0.0839943
0.0845775
0.00761458
-0.45818
-0.0172
-0.186158
-10.0207
0.0138629
0.764831
0.0895278
-0.021801
0.234353
0.0833852
-4.61676
0.0222683
1.53594
-0.178624
-0.161519
0.193927
-0.179431
2.32645
-0.00202655
0.686164
-0.717796
3.05701
2.85699
0.0806167
-0.63713
-5.55884
0.00431608
1.27219
1.53488
1.52794
-0.0958325
0.0152209
0.152313
2.47342
0.208239
-0.320944
0.40302
-0.227554
0.215019
-0.0895254
1.25427
2.4478
0.087304
-0.157272
-0.117318
1.18689
2.07552
-0.445346
0.520424
-1.11485
2.91203
0.0111137
0.0540665
1.16626
-0.0643413
0.0131217
0.0216582
1.49238
0.0120407
0.00476775
-0.595569
-4.71977
-0.0305797
-0.000615023
2.4055
0.704652
1.87526
-0.206733
-0.344796
3.0336
-0.0555115
0.138829
0.528493
-0.225628
1.26565
1.29027
1.60956
0.000964464
-0.300803
-0.298189
1.47624
-0.281269
0.0157995
0.0818266
1.54761
0.271577
0.0247312
0.0299082
0.311656
-0.125272
0.0201119
0.158564
-0.0585688
-0.251745
-0.189369
1.07619
2.37331
0.00238468
1.68501
1.40746
-1.53221
0.0196276
-3.54875
1.632
-0.111665
-1.21959
-0.583111
-0.166315
-0.0953552
-1.08362
3.0445
0.00377934
1.61833
1.00059
-0.14803
0.0391126
-0.492838
0.058511
0.461958
-0.113559
0.0546324
1.06159
-0.119399
-0.180176
1.82774
0.258046
0.331957
0.0899922
-2.3758
0.15812
0.717427
-1.14701
1.19421
0.176527
-0.699648
2.25865
1.95315
0.098836
1.38529
0.0160428
0.674165
1.45062
1.61981
-0.0654061
-0.180387
-4.40411
-0.198737
1.47888
-0.937027
2.15725
0.0250244
0.831699
-0.305641
-5.01929
1.50066
-0.21475
1.49249
0.217786
0.244082
0.161346
0.259817
-0.151713
1.31542
0.504657
1.51759
0.407487
2.09174
2.27248
0.0360843
1.96731
0.125199
0.00443432
0.565581
2.22397
0.828851
-1.3163
1.62016
0.0939214
-0.540522
2.17264
1.47295
2.1158
-0.0806897
-0.0866092
0.130622
-9.10611
0.0366722
-0.134783
1.37199
-1.36602
1.70847
0.011388
-0.285134
1.36695
1.63347
0.173884
1.55464
0.0795599
-3.70278
-0.278639
0.0347397
-5.30896
0.833367
0.859398
-1.20916
-0.257097
0.30852
-0.196611
1.12879
2.20279
2.35022
0.684826
0.461685
-0.0357233
0.343528
1.41682
0.01712
1.90062
-0.122123
0.0259162
-0.33144
-0.278742
1.03522
1.56004
1.90803
1.25544
-0.170179
0.0721393
1.48226
1.48301
1.67857
0.112817
1.94771
0.758074
1.53687
1.05026
0.0819805
-0.284636
1.65531
1.4621
-1.62865
1.56798
-0.16324
0.328756
1.20781
-0.252262
-0.340296
2.57083
1.84227
-0.252751
1.56074
0.449368
0.954007
0.120326
0.165272
-0.014018
-0.0646621
-0.244154
-2.56497
0.445635
-0.359819
-0.122535
1.50229
2.16546
0.152454
1.51704
0.22842
3.21554
-2.03695
1.83799
-0.0194225
-5.35036
-1.09798
3.25797
0.256256
-0.0626419
3.24259
-0.0153841
-6.32661
1.54452
3.21575
-0.241998
3.16659
0.872243
0.0593789
-0.230501
3.06857
-0.0632121
-0.0945466
-5.80102
0.182386
0.103295
1.8155
2.92028
0.0120048
0.502208
1.91528
0.218574
1.62763
1.2621
0.0834685
-0.207493
-5.42797
2.86949
0.513112
-0.211495
0.261563
-0.0911546
2.8255
1.17209
-0.228849
-0.221915
2.77785
-1.71933
-0.230688
2.73114
1.83826
-0.241508
-3.16527
-0.255386
0.671046
1.85481
-0.254089
2.6611
1.50868
-0.456888
-0.267179
2.13997
0.166969
0.317209
-0.395047
-1.96754
1.38626
1.49481
-0.175211
1.57533
-0.0350632
-1.07887
-11.3076
2.52903
1.06242
1.32493
-0.147894
-0.374408
-0.43073
-0.502016
-0.590163
-0.696602
-0.827865
-0.241281
-0.984443
-1.62618
1.88264
2.48756
1.02727
0.894941
0.27532
1.08938
-1.90813
2.45709
0.00249618
-2.23368
2.0013
-10.9584
-2.60418
0.0421755
2.36866
1.38091
0.898974
0.412287
1.50104
-2.49911
-3.0217
2.33748
-3.4706
-0.149212
0.445451
-6.14641
1.43412
2.29787
-0.0471379
1.99062
0.12192
1.19674
-3.96503
-0.282072
-0.21893
2.2592
-0.40443
-5.05232
2.22084
0.0929247
-1.19045
-0.322633
-5.40861
2.18823
1.58937
0.495266
1.53445
0.340916
0.00902898
0.0231449
-5.87667
-1.38318
2.14459
0.607104
0.0779826
1.56396
0.725096
-1.10742
-0.295322
-6.30675
2.11139
-0.32532
1.56848
0.0646901
0.0374441
-6.67511
2.07201
0.62159
-3.13318
2.026
-6.94663
-0.0430795
-0.251807
-5.0138
-0.043828
1.99632
-7.09295
1.93861
-7.18344
-0.184699
0.990566
0.00782915
0.870896
0.028191
1.89596
-7.01783
0.933721
2.4231
1.56343
-7.02592
-0.60312
1.86143
-0.145362
-0.892244
1.31005
-6.82582
1.48521
1.82845
0.0242781
0.156026
-2.19514
1.50515
1.0506
-0.56394
0.232931
-6.67919
-5.00767
1.77662
0.451165
-5.89025
0.465419
-8.97339
-9.08284
0.245199
0.699889
1.73784
2.15575
1.58092
2.33589
1.62454
-6.23529
1.03008
-0.0283218
-0.27125
0.727105
0.0381608
0.113402
0.862402
1.25588
-0.0520749
-6.07384
-0.311536
1.65314
-0.892795
-0.518722
1.91649
1.22123
-0.163518
2.72994
-1.85206
0.360856
0.288817
-5.93457
0.312638
-2.3852
1.59991
1.87011
1.67828
0.990376
-5.84069
1.54791
1.48455
1.44974
1.38651
1.34162
1.27099
-4.70645
1.50444
1.21747
1.74016
1.10062
-6.11033
2.14224
-5.77081
-0.800358
-5.0605
1.15029
-5.61121
2.13761
-5.71781
0.390389
-5.6647
-1.77338
-5.58571
1.48776
-1.01592
-0.00378093
-5.48484
-11.0895
-0.378206
1.55245
-6.48385
-5.20974
1.63436
1.59148
-0.567832
-1.42367
1.73995
0.262746
-3.5587
-0.22394
0.621803
1.34828
-3.31648
-0.682045
-0.379226
1.70359
-0.204062
-2.1752
-0.422081
0.822139
1.57479
0.000317002
-7.16736
0.659134
1.78557
1.24271
-8.44932
1.52404
0.681591
1.2783
-0.177231
1.59241
-0.335404
0.00638013
0.0156837
0.658953
-3.43239
2.35463
0.233536
0.119373
0.201699
-5.01464
2.05614
1.6523
1.38201
1.52926
0.269434
-0.45711
0.360482
-1.93277
0.757817
-0.963348
-0.387209
1.10508
-4.33004
0.409884
2.89601
0.00304855
0.827037
0.83917
-1.2396
0.136712
1.17406
-0.304637
0.683861
1.34269
1.49587
1.61455
1.60864
-0.400382
1.81147
-5.05959
0.134707
0.528913
-0.170818
-0.54159
0.13801
1.8331
-0.951826
1.52828
-1.58941
-3.98058
0.338274
-3.8221
0.440303
-0.220804
0.298829
1.69836
0.25292
-0.316585
0.126287
0.318714
-1.0361
-0.281835
-0.0108158
1.611
-0.0693125
-0.74468
1.13898
0.124832
1.1593
-0.19097
-0.219021
0.113062
0.0919581
0.274315
-0.657538
0.210136
0.0251599
0.0621322
0.889098
2.38569
1.05251
-5.47153
1.51552
-0.111141
1.17077
0.0251459
0.0576843
1.31865
-6.83701
0.021907
-1.41301
-0.961095
-5.32383
1.57058
-0.116445
1.92856
0.379213
0.0200369
2.47193
2.34431
-0.223746
0.504284
-0.336476
-0.588684
1.74437
-1.52607
-0.00103522
-5.66006
-0.039228
-3.24151
0.55101
0.94954
0.0760547
-0.0046687
0.115385
1.4826
-1.6192
-4.01675
0.951593
0.735698
2.32409
0.178181
0.569096
2.39477
2.43333
-0.0041197
2.10318
1.1686
1.56827
0.329676
2.1635
1.62771
0.360861
-0.176913
0.0779642
1.17177
1.13256
0.00460155
0.00104201
-0.259994
2.98021
1.21288
0.810745
1.57953
0.884534
-0.0792094
0.994807
0.268249
2.07941
-0.209879
-0.0442952
0.202318
2.67178
0.381085
1.71313
3.10393
1.56004
1.58637
-0.0340244
0.76176
-0.00500285
1.84198
2.82265
-5.74131
0.520552
2.72185
-0.104108
0.00711206
2.96717
0.688499
-3.70308
0.495903
0.12449
-5.20538
0.384145
0.0329066
0.175334
-0.516454
0.314795
-2.07016
0.00358861
2.63217
1.64913
0.785804
1.295
1.30081
-0.66816
1.48978
-0.280369
3.15727
-0.346027
-3.27625
0.110155
2.2988
1.49518
1.34964
0.178395
-0.300254
-1.73372
-0.36879
-0.190616
-0.170776
1.31188
0.0326663
-0.229656
-0.178183
1.62073
0.24106
1.37161
0.0270853
0.578546
0.750405
2.71727
1.35266
-0.18755
1.20246
-6.00221
1.79864
-0.14958
1.39148
2.48049
-0.0910166
0.177362
-0.84712
-1.18712
1.51074
-0.19294
0.574496
-0.128135
1.32415
-10.9453
0.0876478
2.2235
0.722086
-1.10761
-0.535482
1.68033
1.89308
-0.0714824
3.04985
1.48042
0.546303
1.19551
0.119442
1.75107
-0.823171
-0.184833
-0.956082
-1.96777
1.52237
0.0608934
0.533844
-0.213952
2.6055
1.15834
-0.315147
0.0562755
-0.3022
-3.03837
1.04318
1.22362
1.18844
-9.12413
0.565594
-0.215056
0.823062
-0.26174
0.929626
0.0677312
0.33701
0.178545
0.847353
0.437516
1.59632
-1.81413
0.0616564
0.158658
1.51017
1.96391
0.165971
-1.27055
-0.0622179
0.112285
0.708811
2.96841
1.67744
-0.264222
1.24043
-2.27741
1.51422
-1.07425
1.00644
2.35911
-1.09036
0.275647
-1.19647
1.49047
0.605921
-0.167828
-0.82968
-11.3626
-0.895816
-0.429372
-1.54323
1.67483
1.12976
-0.18119
1.65935
-1.30456
1.63132
0.311932
1.51908
0.162724
0.134775
1.58909
-5.24879
1.58059
-5.24248
-0.294771
2.48618
-0.227129
0.285484
-0.446381
0.470956
1.04905
2.21977
-1.07148
3.08889
2.75173
-8.25176
2.29372
0.263275
1.56409
2.88809
-2.51631
0.0358193
0.798084
1.5488
0.379729
-8.01659
-0.193498
0.206057
-1.5042
-0.13533
-0.175422
1.59165
-0.192923
0.0344141
1.51416
2.04591
-4.14434
2.11176
-0.707688
-3.86851
0.182063
0.980767
1.4626
0.72916
1.98227
1.14207
3.24787
1.47597
-5.09036
3.25797
2.25733
2.33158
1.6801
3.24013
2.38342
0.172169
1.30064
3.19277
0.707162
0.0565725
-0.533798
1.40963
-4.63006
0.883476
1.19447
-0.505424
2.28193
1.50875
-4.9951
-0.684819
0.528109
2.22242
2.18134
-0.163153
-0.995285
-3.35627
-5.59999
1.97527
-0.144313
-0.616978
-4.1946
3.02287
2.39201
-0.0322104
0.849827
-6.03876
-2.17123
2.0425
-0.216704
2.89469
1.54652
-7.95554
-0.00825308
-2.21597
1.06949
-1.18806
-5.05809
-2.99175
2.82968
-0.2125
-5.76718
0.0754053
-0.00149279
2.84855
-0.195313
-0.194011
-10.6167
0.426546
-10.1242
2.44921
0.609325
0.72653
-3.13256
0.0199112
0.5236
-0.214151
2.80145
-1.26306
0.213747
1.51431
1.13928
-5.77116
-7.16962
1.46245
-0.224924
-0.940923
2.37074
2.75543
2.18685
0.197451
2.69587
2.30827
1.67158
0.809978
-0.236068
1.87523
1.06745
1.79294
1.76928
2.29661
1.88794
-1.69127
-6.42502
1.51211
-0.24396
1.264
-10.3501
-1.511
-8.99356
2.13103
-0.363792
0.498906
-1.29704
1.98703
-0.119828
-0.263906
-0.436067
1.24667
-4.68532
-9.09593
-0.0128623
1.59034
0.533992
-6.63886
-0.521023
-1.22186
-0.283463
0.0654044
-0.0016439
-0.000439429
0.557242
-8.47427
1.53376
1.56523
-8.95825
-0.544873
-0.677579
-8.95609
0.652427
1.54094
-7.8961
1.28437
1.27649
0.435956
1.72442
1.1535
2.51035
1.80892
2.42233
-1.51812
-0.396042
0.996187
-0.460302
-0.537829
-0.636024
0.750601
-0.756415
-0.904404
0.0445044
0.348748
-1.75712
-0.676491
0.6958
-0.871641
2.47298
1.34505
3.13212
-2.05773
-1.05684
-5.3553
2.66459
-0.0830238
1.01868
-0.19169
0.63116
-2.41138
-1.41021
-0.163968
0.98664
-2.82063
-2.79953
1.10351
-1.3566
1.4995
-0.106622
0.671016
-2.58487
2.35597
0.12356
2.51555
0.276983
-3.24265
1.61895
-1.14865
0.72382
-0.546781
-2.11635
-4.87128
-0.205928
2.31776
1.64526
-1.4903
2.30765
2.32222
-6.16475
0.0204081
-3.70589
0.407971
1.43194
-0.237541
-0.771353
2.27894
0.338779
-0.0680521
0.268699
-5.51004
-5.81387
2.59344
-0.374523
1.03836
0.182607
1.3008
0.0153616
2.00734
2.23975
-0.995926
-0.368577
1.55159
-2.23195
1.05371
1.81371
-0.805022
2.20535
-5.30347
-6.24977
0.0593412
2.06105
0.0414931
2.10932
-1.35794
1.65542
1.67333
1.37467
-0.0754123
-5.64444
2.16479
2.22625
1.58542
-1.52071
-0.190301
0.238652
-0.593077
-0.96003
2.61671
-1.75803
0.575293
-6.11037
2.13121
-5.02832
-0.2164
0.127816
0.282485
1.61238
-0.362398
-1.16338
2.92065
1.62744
-6.52065
2.09268
1.06845
1.11423
0.114543
-0.00179538
-0.743376
1.37773
-0.133781
1.8026
2.04959
-6.84221
-0.186278
1.25779
0.779655
-4.087
1.10423
0.326637
-0.0536203
1.10111
-0.163849
1.14861
2.01344
-7.04957
1.14873
2.05714
1.31653
0.181686
1.96623
-7.17768
1.517
0.0476036
-0.800191
0.217347
2.30522
-0.264985
1.5635
-7.06442
1.91679
-7.15197
-0.153423
1.10717
2.39078
-1.87092
1.1277
0.604193
-5.01383
1.59264
-7.0348
1.87952
2.15185
1.39242
0.28051
2.4428
-0.137066
1.53224
-0.138545
-6.94383
-0.225035
1.84653
-3.25695
0.692488
0.968445
-6.77687
1.49887
1.80026
-0.12616
1.51603
0.980909
-7.44511
2.53467
-9.86813
-4.04106
-6.17277
1.75646
-7.66407
-0.293834
1.63402
1.00936
0.193228
0.97237
-9.45503
0.570234
-0.186236
0.204819
0.78246
2.72327
-5.07351
1.57555
2.94501
1.10434
1.10062
-6.19496
1.54
-0.185062
0.73064
-1.27085
0.784139
2.03991
-3.19146
-6.01981
1.62707
1.49177
1.07633
0.995687
-0.528493
0.882198
0.506915
1.06578
1.47145
1.56131
-3.36024
0.81477
-5.89532
-0.322666
1.49206
-0.325672
1.57411
1.51413
0.526389
0.470506
2.42275
0.292551
0.162205
1.52546
1.51644
1.23868
1.47024
-1.13688
1.418
1.36551
0.278095
2.09857
-5.80527
0.817636
1.30491
2.17788
1.24315
0.836798
-0.0945758
2.23159
2.17733
-0.141326
0.947475
0.520758
-5.74401
0.623835
1.30961
0.787581
-5.69398
2.99465
2.32321
-0.362261
0.770432
0.10387
0.0364587
-5.62978
0.895848
0.802311
1.91679
-0.110084
-5.53736
2.21875
-0.215795
-1.58656
0.0798284
1.46406
0.778754
1.73028
-1.42078
0.268743
2.68395
2.81486
1.07325
-0.240086
-0.287655
3.18485
0.652947
2.27286
1.36015
-0.0945668
0.192987
-1.47112
-0.00377393
2.03093
-0.0169734
-3.95892
0.56755
0.47873
-0.68802
-5.49815
2.36756
-4.34667
-4.46214
0.104445
0.413998
0.80398
-0.0811624
0.254812
0.752815
0.542105
0.49356
0.061812
2.71691
1.5775
1.77112
1.90798
1.08388
-1.79581
2.67637
-0.421438
0.103861
0.0878965
1.39914
-10.1901
0.370014
2.08103
0.181919
-0.12387
0.0682522
1.60279
0.700853
-4.98122
-8.60617
1.44691
1.61668
2.46091
1.52372
1.8063
2.07445
2.03432
-0.731831
1.92037
0.0289169
0.752499
-5.69263
-1.50343
-0.415831
0.846629
0.172236
1.84087
0.679678
0.388524
-5.14079
-0.821428
1.02264
-0.190336
0.0996659
-7.19325
1.50218
2.35663
-0.500252
0.0724947
-2.05512
-1.52177
-0.11515
-0.857921
0.567498
1.45265
0.528314
-0.189713
-1.77282
-0.655128
1.59057
-0.38023
-2.83047
-0.252073
-0.804706
0.828766
-1.70097
0.885518
1.07139
2.79827
-0.294905
0.402291
2.23684
0.170854
0.321411
-3.83853
0.850181
-1.16215
-5.14455
-0.465152
0.0730506
-0.143488
0.636135
0.27607
-2.67031
0.493224
-10.5323
-0.103935
0.185485
0.330832
-6.69105
2.19247
-0.01233
1.51811
3.06609
2.24059
2.88894
-0.375454
2.18873
0.17552
-0.114363
-1.07792
0.00630153
0.26476
0.411293
0.13732
0.161153
0.709535
-0.666499
0.903906
-3.27168
-1.05656
-0.518731
-0.703467
1.76313
1.08129
-5.42375
1.12922
-6.51591
-0.0660873
-5.27217
0.332137
0.014645
-5.73622
-0.261184
-0.661645
1.642
0.0149008
-4.52957
-1.54045
1.62634
-1.25608
0.564555
0.401481
-9.67176
-0.140137
-0.253884
-0.188254
0.214178
-4.13373
-1.26825
-0.197474
-2.71011
0.261478
0.27366
1.68486
-0.967316
-0.215444
1.19022
-0.749487
-0.28367
0.666742
3.09815
-0.186866
0.30063
-0.477927
0.257634
-3.5935
1.73259
-0.253735
-2.11654
1.55662
0.136565
-7.99466
2.05618
-6.09894
-3.19376
2.26309
1.0756
-0.815487
-0.680236
-0.20185
-2.87065
-0.209066
1.52555
1.90888
-9.4913
-0.00722843
0.200993
-0.190993
0.620363
1.45239
0.110965
2.22262
2.3761
-7.16849
0.772021
-0.206643
-0.154933
-4.6515
-0.0807546
1.34593
0.313717
2.9128
-5.79048
-5.81453
2.59147
-4.50155
-5.30669
-2.74994
-1.92358
1.50058
1.4375
-9.2927
-2.17787
1.17062
2.50393
0.00327301
2.55154
-0.969468
-5.44086
0.260392
-5.63524
-0.453519
-0.98658
0.556221
-0.740393
-1.06961
2.08228
0.604923
0.161569
0.769748
3.14395
-5.19064
-7.06942
-6.67155
-0.62749
3.093
-6.34744
0.563188
-0.0649821
0.191466
-6.08947
-5.69959
-0.0997392
0.146749
-0.0213545
-0.17903
-0.0745685
-5.74502
2.65369
-1.56439
-3.69066
2.69613
0.950887
2.2337
-3.78433
1.50572
-0.0465935
0.158176
1.30093
0.9999
2.36895
0.897313
-0.013849
0.652864
-0.0416586
-1.45032
-9.22429
0.0501118
-0.35283
-5.0361
1.0523
0.706124
0.0822934
0.579632
0.0753608
2.55084
1.55454
1.45923
0.296945
-3.85286
1.40147
-3.18251
-1.33939
1.52049
0.0941545
-3.29461
0.0175689
2.41624
-1.88993
2.32768
0.0151675
2.17646
-0.122886
2.38801
1.12735
1.16804
-5.9153
-0.469562
1.64425
1.12435
-0.830433
-0.356361
-4.9852
0.125621
-1.91945
2.5659
-0.294155
0.575058
-5.15704
0.542015
2.17943
-2.38523
-5.58787
0.658897
2.56918
-0.318473
-0.726086
0.145911
0.278631
-10.4574
-0.16841
1.17382
-2.04282
0.562383
1.63132
2.14693
0.898812
2.14536
1.83816
0.313227
0.133246
-0.511498
2.5098
3.0017
-3.85455
0.463827
-1.03796
-0.330649
-10.9957
0.305356
2.69737
-5.26343
1.69931
-0.569963
0.878199
2.27346
1.67277
-1.10626
0.159235
1.19919
2.40925
0.139896
0.355955
0.385749
1.66896
0.887748
-5.11659
-0.467004
-0.999298
-4.99029
1.78033
-1.51213
-3.47125
-0.799385
-5.20524
1.40993
-0.865814
-0.0485354
-0.0386159
1.1691
2.62019
-0.193636
-0.900841
-0.0507533
-1.71844
1.81834
3.11307
0.176441
-2.25274
-9.04175
0.387238
0.395347
-0.0967414
-0.736463
3.03609
0.511251
2.49564
-3.05124
0.585909
0.80062
-4.82377
-0.180973
-0.843546
-3.71036
0.878115
-0.157664
0.294433
-5.04782
0.859698
0.467967
-1.29948
-5.81904
0.614689
0.687244
2.41655
-0.58552
-0.324907
0.504573
0.290099
0.117761
-3.78242
2.38844
-2.44502
1.56874
2.10826
1.73448
-1.36595
0.386793
1.70172
-0.399298
-0.168592
-0.210295
1.18081
2.30581
2.3989
2.01884
1.62814
-4.45125
-5.72217
0.751142
0.217072
-7.75447
2.61232
1.76608
0.946952
1.11037
1.04242
-5.31045
-3.52831
2.09012
0.639329
1.03518
-0.11138
2.25161
1.47686
-0.13686
2.46487
-0.0323882
-1.90701
-2.65053
0.0802619
-8.21474
-0.17514
-1.74289
-0.27654
1.49829
-0.542187
0.751574
-2.10567
0.545375
-9.50437
0.128512
0.0172258
2.49349
-1.06077
-0.168949
-9.51973
0.502988
2.02613
1.06728
-4.61437
-0.144732
-7.14872
1.238
-1.03287
0.0235377
-2.72976
0.101294
0.0977182
1.67445
3.22051
3.11258
0.230457
-0.061738
-4.99031
2.46563
1.67457
1.29543
1.86776
0.299379
2.42471
0.0456947
-0.488806
0.0118085
-0.0316916
2.14798
-1.67385
-3.26009
1.26025
1.34619
-0.20256
1.38431
2.22211
1.36885
2.20255
0.710485
1.62706
1.55427
0.963769
-0.183007
2.56455
-0.628094
0.406123
-4.65253
-1.29233
-0.0100937
0.568347
-0.0327445
1.90681
2.24888
0.631965
-9.51697
2.15902
0.772267
-3.84161
1.1511
0.641317
-8.54072
0.375817
2.00379
0.025877
-0.277711
0.865457
-10.527
-0.988671
-0.641433
-0.124305
0.815829
1.58462
2.67518
2.99238
0.329268
0.378867
1.33588
-0.99088
-3.26259
2.29595
-3.47501
-5.65095
0.863503
-8.06253
-4.48358
-0.0679491
1.08286
-1.99846
1.03074
2.28625
0.505805
-0.0951059
0.178493
2.51575
0.193783
-3.03622
-1.71276
1.13158
-3.64977
1.66657
-0.98077
2.30015
1.54669
1.07861
-0.170389
-0.860975
2.45293
1.13048
-0.110022
-3.03663
-1.45957
-0.164787
1.51616
1.34164
0.623374
-0.200656
-0.99055
1.34453
-0.788205
0.147148
-0.366871
1.30983
2.84495
-0.164352
0.0158812
0.227433
0.0245935
-0.436248
1.20818
0.683713
-4.68192
-0.0981027
0.155496
2.16269
-2.42902
-0.462193
1.59503
1.9228
2.33954
-0.133787
-1.33787
1.30587
0.927625
0.215936
-6.07715
-0.953707
-1.49871
1.3888
-0.545542
1.16655
-2.09334
-0.406666
-0.200173
-0.135982
-3.07147
-0.0755926
-0.185503
2.23763
2.21438
1.01675
-3.92453
2.51079
1.26991
-0.823257
-0.0547988
-1.69101
-0.120409
-0.12018
-0.236774
-4.49739
1.20539
-6.76865
0.820176
0.0182447
-0.401535
2.40875
1.30961
2.27761
2.14719
-0.834919
-5.01743
0.233297
2.87156
-0.145671
0.976342
1.51691
0.00948741
1.86587
0.652855
-0.0840242
1.08288
-0.181595
1.86221
2.19621
1.41288
1.52138
0.0529879
1.41801
0.172725
-2.62806
1.80073
2.38719
0.488174
-0.921302
-1.63625
2.62896
-0.350144
-5.35456
-5.27431
-0.129115
0.00389344
2.8731
0.589237
0.125265
2.04904
-1.04636
-0.142122
-0.0686386
1.72252
0.977793
0.765716
-0.893251
1.53741
0.016538
2.84861
2.81992
-1.20225
1.78341
-1.01547
0.558448
-0.182821
1.55588
-0.499806
2.25959
-5.94042
1.95138
0.597224
1.13833
2.13369
-0.524522
0.0975747
0.198078
-0.245422
0.353921
-3.4482
-1.24047
-2.88363
-0.812998
2.35717
-0.935745
2.5968
-0.0740338
-4.03179
0.289925
-0.430906
-2.05533
-1.04061
-0.274593
-2.31194
-0.611526
2.22561
-5.85492
2.31733
0.218785
-5.58318
-0.193611
-2.64681
0.575966
-0.122187
2.5209
0.762552
0.27682
0.118517
-5.72829
1.34747
-0.0802807
0.970913
0.151047
-5.00301
-0.779186
-1.52758
0.406035
-0.615452
0.648906
2.18646
1.81909
-0.317693
-0.192019
1.51985
1.50715
2.58974
2.83748
1.20291
-0.186463
1.4957
0.911944
0.282611
0.203521
2.53313
-6.06819
0.603365
-0.647582
0.695045
0.0288649
-0.202387
0.139138
0.483774
0.8884
3.00991
0.113033
1.4899
1.5531
-5.10884
0.496236
-6.72482
1.34648
-5.84151
-1.93073
-0.489538
0.0154976
1.51437
0.806078
2.48862
-0.115862
2.31653
-0.202807
2.89097
1.64025
1.47766
-1.9191
-1.9649
-0.127176
0.196165
-1.99986
2.04618
2.1111
1.21809
0.168036
2.88908
0.595947
1.51398
-0.199783
-4.97468
0.245207
0.507372
1.76387
-0.592505
-0.101795
-0.227216
-0.0142761
2.43388
0.848114
-4.97096
0.42977
-0.128288
0.119701
0.437597
0.0510675
0.911123
-1.66234
0.00973877
-0.31717
-0.0918152
-10.2027
-0.218483
-7.72969
-8.18405
-0.159069
1.67221
-0.0904215
0.713046
-0.141062
2.06202
-4.99932
0.316621
0.22416
-0.650716
-5.68762
2.21514
1.49396
0.0788783
0.191899
2.19861
-1.49753
-3.23472
-1.33901
0.0327796
-0.324607
1.20494
0.98428
-0.105578
0.284468
2.29277
-0.0341276
-0.0489475
1.23799
0.869513
-0.59588
2.09199
-5.0396
2.39261
0.908878
2.00357
-0.366619
-0.629835
-3.53752
0.50212
2.33232
-0.708957
1.44722
0.86599
-1.79658
0.320827
-0.981425
2.77397
1.31875
-0.0489771
0.859021
0.116229
-0.199452
2.18065
-8.83234
1.13826
1.8848
2.93695
1.7992
-7.66076
-6.9227
-0.589476
0.101582
2.18113
-0.544708
0.137473
-2.666
-4.94966
2.19434
0.271257
-4.1827
0.13439
2.12203
2.86821
-0.233309
0.090253
2.10079
1.97084
1.1267
2.29678
-0.882437
-2.06512
1.43631
-3.14268
0.794321
-0.0416827
-3.79685
2.25229
1.08686
-0.828228
-5.9257
2.11857
-6.84667
-2.123
-0.0844177
0.592808
1.49287
2.33571
-2.54634
0.0329065
-2.24047
2.99172
3.0239
1.52963
1.91884
0.0127104
-10.3983
2.7204
0.412837
-0.279945
-0.0486936
-0.000121776
-5.2126
-0.232256
-10.0002
1.17732
-0.750293
-0.154809
1.89042
1.74985
-1.52276
-0.208116
-0.700049
0.619888
1.16353
2.24024
-2.75938
0.0918317
-0.398152
0.997265
-4.96684
-0.243149
2.03486
1.84414
0.0174136
2.13162
1.92814
1.42993
1.01268
0.989408
-4.88842
1.75421
1.11364
-0.89172
0.0968476
-0.2505
2.09536
-1.57284
1.161
0.826135
1.53075
-0.256122
1.65047
3.16638
-5.65989
0.786015
0.629455
-10.6582
2.76577
-0.0643467
1.05834
-5.7176
0.0534159
-0.0754927
0.427387
0.535943
0.953998
1.00352
-3.09762
-0.16271
-7.27338
2.14516
0.623275
-5.12352
1.84848
1.62993
2.69273
3.06258
0.144146
1.54214
-1.12115
1.29177
-0.012662
0.972297
2.59035
2.22531
-0.619869
0.0214519
1.41371
-0.275967
-4.09767
-0.583063
0.489821
-8.67064
2.97823
-0.558751
-0.42498
2.09694
0.771822
0.910289
-0.226389
-1.8486
-0.0162328
2.08387
-0.17239
0.147747
0.653375
-5.05091
-0.201086
-0.700683
1.87975
1.21051
1.79765
-1.45251
1.36838
-0.236998
1.82182
-1.55727
1.53075
1.43811
2.22365
-9.22826
-4.97747
0.426293
0.0271605
-10.2322
-0.595419
0.782303
-2.39923
2.64969
-3.03645
-0.192635
1.26883
-9.56814
-1.61503
-0.760193
0.215925
0.991451
1.33055
-0.24299
0.606856
1.15237
1.45422
0.912742
0.0458713
0.0256637
2.86527
-0.137909
0.655733
0.557566
-0.598803
0.434323
-0.232115
1.77346
1.78617
-0.781299
-8.09226
-0.981165
-0.0295181
-7.42399
1.30043
-7.20129
-8.59354
0.526375
0.198353
-0.312057
-0.816328
2.30377
2.94971
-0.839776
2.06257
2.8854
0.905533
-0.173628
-0.529493
-0.0203872
-1.10703
-2.00173
-3.33577
-0.646603
0.790203
-0.163157
1.04493
0.784532
1.91659
0.693003
1.94498
-0.201152
0.471411
0.879562
2.75376
0.864386
-5.00673
1.23735
-0.222766
-0.233565
2.24459
1.51054
-0.780776
1.65089
-0.192571
-0.226688
1.87231
-0.272154
-0.716585
-4.15475
1.49336
2.04299
2.83666
0.488796
1.51169
-8.10581
1.39217
-0.106263
-0.572225
1.27211
-0.718165
0.846272
2.0135
1.77257
0.626421
2.11964
-3.53082
1.52906
0.487643
1.40457
-0.262923
1.44827
1.44444
-0.276785
2.03431
-0.830988
-0.69323
0.593297
2.73746
-0.24778
0.929677
0.745536
0.844505
2.63677
0.742405
2.79605
-1.74646
-0.591177
1.90696
0.714694
-0.236706
0.665814
0.590467
-0.614173
1.36273
0.761426
2.74286
1.39268
0.819327
)
;

boundaryField
{
    SideWalls
    {
        type            empty;
    }
    Top
    {
        type            zeroGradient;
    }
    Inlet
    {
        type            zeroGradient;
    }
    Bottom
    {
        type            zeroGradient;
    }
    Outlet
    {
        type            fixedValue;
        value           uniform 0;
    }
    Plate
    {
        type            zeroGradient;
    }
}


// ************************************************************************* //
