/*--------------------------------*- C++ -*----------------------------------*\
| =========                 |                                                 |
| \\      /  F ield         | OpenFOAM: The Open Source CFD Toolbox           |
|  \\    /   O peration     | Version:  2306                                  |
|   \\  /    A nd           | Website:  www.openfoam.com                      |
|    \\/     M anipulation  |                                                 |
\*---------------------------------------------------------------------------*/
FoamFile
{
    version     2.0;
    format      ascii;
    arch        "LSB;label=32;scalar=64";
    class       surfaceScalarField;
    location    "3.8";
    object      phi;
}
// * * * * * * * * * * * * * * * * * * * * * * * * * * * * * * * * * * * * * //

dimensions      [0 3 -1 0 0 0 0];

oriented        oriented;

internalField   nonuniform List<scalar> 
7520
(
-0.99866
0.763014
0.235645
-1.30805
-0.241756
1.5498
0.0204721
-1.76101
1.74054
0.239481
-0.0328674
-0.206613
-0.0363883
1.42563
-1.38924
-0.091047
0.0978871
-0.00684011
-0.286082
2.07534
-1.78925
-0.19904
-1.62221
1.82125
-1.3634
1.38388
0.861663
-0.0686516
-0.793011
-0.149386
-0.145465
0.29485
-0.243477
-1.72247
1.96594
0.715202
-0.107147
-0.608055
-0.10102
0.139741
-0.0387217
-1.7739
0.894317
0.87958
0.165156
1.56344
-1.7286
-0.136514
-0.0244266
0.160941
-0.137236
0.234702
-0.0974663
0.0434244
0.0315078
-0.0749322
0.0450579
-0.181572
-0.401064
-0.272875
0.673939
-1.06143
1.22659
-0.03145
-0.319545
0.350995
0.143558
-0.144053
0.000494535
-0.0272876
-0.00395822
0.0312459
0.258699
-0.251412
-0.00728704
0.851576
1.15437
-2.00595
-0.0349804
0.321073
-0.286093
-0.0449592
0.0883836
0.201005
-0.0318551
-0.16915
-1.15286
1.75699
-0.604132
-0.0490043
-0.0185857
0.06759
-1.73414
1.94457
-0.210432
-0.306516
0.383413
-0.0768972
-0.251905
-1.2433
1.49521
-0.597721
1.00887
-0.411151
0.277586
-0.555838
0.278252
0.840962
-1.57391
0.732948
0.0910261
-0.322455
0.231429
-0.0454146
-0.102888
0.148302
-0.0286461
0.268127
0.442794
0.364415
-0.807209
0.293769
-0.0350707
2.30374
-1.65683
-0.646916
-0.542408
-0.630798
1.17321
-1.49099
1.61287
-0.121875
0.0253022
0.0963318
-0.121634
0.270224
-0.0796991
-0.190525
-1.35388
0.20102
0.28056
-0.077883
-0.202677
1.83771
0.122636
-1.96035
-0.728539
0.267565
0.460974
0.167446
-0.186331
0.0188842
1.04554
0.481278
-1.52681
0.0146431
-0.10569
-0.780326
0.125717
0.654609
0.367224
-1.28683
0.919604
-0.0422875
-0.126207
0.168494
-0.12039
0.0713858
-2.2303
1.08618
1.14411
1.24751
-0.831338
-0.416169
-0.0134929
-0.0327101
0.0462031
-1.23945
0.987542
0.839582
-0.124381
-0.0680572
0.235504
0.00405426
-0.105074
1.0933
-2.2057
1.1124
0.177323
1.66039
-1.26129
0.999953
0.261336
0.321809
-0.243774
-0.0780357
-0.529947
0.897171
0.215988
-0.916918
0.70093
0.345138
-0.0952067
-0.249931
0.473644
-0.501817
0.0281731
0.673437
-1.46969
0.796252
0.130067
-0.113707
-0.0163601
2.23877
-0.927832
-1.31093
0.415539
-0.771853
0.356313
1.74998
-1.23847
-0.511512
-0.837665
0.0573393
-1.4943
-0.735998
0.989846
0.322026
-1.31187
0.236582
-0.623182
0.386601
-0.00478508
-0.30173
0.129913
-0.267149
0.218245
-0.0172403
0.0185145
-0.0468269
0.0283123
1.1785
1.06026
-1.72879
1.9162
-0.187409
1.02333
0.224174
-0.959625
1.12346
-0.163831
0.0974964
0.0717557
-0.169252
1.38098
-1.62446
0.247693
0.199215
-0.108189
0.437568
0.308934
-0.746503
0.00775464
0.0849692
-0.0927238
-0.539232
0.386039
0.153193
1.39041
-0.716977
-0.734532
0.639196
0.0953358
0.817321
-0.915539
0.0982173
-0.0892614
0.112615
-0.0233536
0.00415997
0.00200749
-0.00616746
2.26078
-1.34853
-0.912258
0.541256
-0.453468
-0.545191
-1.35322
0.823276
-1.8112
1.52511
0.17198
-0.0804843
-0.0914958
-0.238536
0.0891507
-0.161433
0.160216
0.00121659
-0.218584
0.302516
-0.0839312
1.91104
-1.07008
0.429177
-0.171868
-0.257309
-0.753016
0.351952
-0.0506109
-0.0167019
0.0673128
-0.190245
1.18009
-0.784606
0.451755
0.332851
1.24596
-2.03726
0.791302
0.0405743
0.102984
-0.201383
-0.527157
-0.363649
0.0753003
0.288349
1.08197
-0.220305
-0.547804
0.523501
0.0243029
-0.087469
0.342795
-0.255326
0.0731519
-0.0694466
-0.00370531
0.701756
-1.80407
1.10232
0.392132
-0.423582
-0.351162
-0.0616067
0.412768
0.255259
0.173918
0.206164
-0.119013
-0.0871501
0.14839
0.0323994
-0.180789
-0.0646988
0.213089
-0.623997
-0.160609
0.130508
-0.688126
0.557618
-0.716054
1.61741
-0.901359
0.383236
-0.40819
0.024954
-1.15175
-0.201471
-0.0341345
-0.0507374
0.0848719
1.41157
-0.366034
-0.643383
0.422755
0.220628
-0.00194994
0.120717
-0.118767
0.293955
-0.0760034
-0.217951
0.233413
-1.99442
0.335445
-1.82644
-2.13386
0.859149
1.27471
-0.8587
-0.40259
-1.22802
0.971333
0.256689
1.88385
0.219
-2.10285
0.183997
-0.229411
-0.0432042
0.937682
-0.894478
-0.296224
-0.438542
0.734767
-0.000605458
-1.22742
-1.7513
0.0171605
0.00659549
0.011919
0.0653159
-0.125533
0.0602172
0.291203
-0.333491
0.813076
0.00424597
-0.158166
0.129519
-0.020755
-0.00738174
0.0281368
0.764272
-0.430355
-0.333917
-0.487445
-1.28645
0.0540072
-0.350232
0.0467886
-0.592037
0.545248
-0.000679704
-0.113351
0.114031
-1.59093
0.935766
0.655162
0.550058
-0.586446
-0.0524993
0.449049
-0.39655
-0.0329064
0.00561872
0.521659
-0.242813
-0.278846
1.02621
-0.588637
0.241527
-0.31941
0.934489
0.232238
-1.16673
0.304026
-0.339007
-0.297165
-1.50777
1.80494
1.26826
0.676182
0.688967
-0.452385
-1.26288
0.665164
-0.691807
0.923884
-0.232077
0.00200635
-0.0327494
0.030743
0.275933
-0.326163
0.0502299
-1.28968
1.09944
-0.276378
-0.150998
0.427376
-0.0566296
0.0559499
-0.851612
0.8984
0.485347
-1.04688
0.561535
-0.511753
-0.0274792
0.684778
-0.407192
0.141009
-0.0109418
-0.16655
-0.054671
0.221221
0.0557544
-0.274339
-0.344153
-0.132887
0.477039
0.133561
0.211576
-0.720603
-0.749085
-0.776128
-0.8148
0.077003
-0.21855
0.141547
1.51556
-0.735579
-0.779982
-1.05923
0.343179
-1.15548
2.12719
-0.97171
0.362642
0.159017
-0.070667
-0.0596577
0.130325
-0.781496
0.580113
0.605892
-1.1483
1.73096
-0.0512558
-1.67971
-1.49936
1.99502
-0.495666
-0.0249262
0.0902421
0.478675
1.34265
-1.82132
0.0342532
-0.170008
0.135755
-0.113107
1.77307
-1.65997
0.00155145
0.110673
-0.112225
-0.876104
1.2293
-0.353191
-0.12365
-0.657846
0.0856152
-0.429768
0.30482
-0.228193
-1.6059
1.83409
-0.0400985
0.0716063
-1.60316
0.882553
0.280495
-0.0824523
-0.198043
-0.2506
0.163131
0.111634
1.58723
-1.69887
-0.581116
-0.553776
1.13489
-0.519653
0.41485
0.104803
2.37665
-1.55292
-0.823724
0.445716
-1.02683
-0.283522
0.321534
-0.0380114
0.109996
0.726703
-0.836699
0.0506748
-0.053782
0.0031072
0.819187
0.8198
-1.63899
-0.226552
-0.50798
-0.0596934
0.169177
-0.109483
-0.905773
0.688484
0.217289
-0.0780416
0.0411727
0.0368689
1.15717
0.35839
1.07239
-2.04488
0.97249
-2.78096
1.27526
1.50569
-1.21634
-1.56462
-0.379556
0.476392
-0.0968363
0.0290431
-0.215247
0.186204
0.49969
-1.40704
0.907348
0.0292687
1.07885
-1.10812
-0.773388
1.09541
1.14959
-0.215104
1.02007
1.10193
-2.12201
-0.184867
0.08776
0.0971075
0.0473028
-0.953076
1.86541
-0.481404
-1.384
0.137377
-0.103124
0.0419588
-0.212067
0.187641
1.04436
0.821044
0.212684
0.683879
-0.896563
0.364345
-0.0432714
0.0235458
0.0226876
-0.0462333
-0.0635737
-0.112477
0.17605
-1.85968
0.89136
0.968318
-0.213401
0.242444
0.879048
-0.748541
0.522121
-0.0274788
-0.494642
0.137104
0.13312
-1.92845
1.86839
0.0600593
1.17546
-0.690116
-0.0160532
0.235468
-0.219415
-0.0291937
-0.0196199
0.0488135
0.120312
-0.215519
1.67123
-0.577929
0.0422517
-0.116561
0.0743094
0.0044928
-0.0252478
-0.377588
0.232124
0.993506
-0.684571
-0.674429
0.703698
-0.266834
0.100284
2.07534
0.0184414
-0.0189478
0.000506365
0.0447277
0.948778
-0.207594
0.134901
0.0726929
0.0280512
-0.0238912
-0.283455
0.726249
0.981954
-1.02516
0.42002
-0.374063
-0.0459565
0.310656
-1.18676
0.136021
0.0701429
-1.69524
1.46705
-0.284924
0.00140126
-1.89428
0.224424
-0.226374
-0.0717403
-0.0668731
0.138613
-0.628007
-1.23167
1.31141
0.949369
1.74683
-0.811066
-1.72247
0.1365
-0.684305
0.0143077
0.319885
-0.334193
0.176945
-0.252359
0.0754134
-1.24791
0.617114
-0.19751
-0.266607
0.464117
0.395656
-0.464307
-0.112122
-1.89622
2.00834
0.980861
0.182698
-1.48008
1.29738
0.893946
1.05063
-0.822445
1.48865
-1.00997
-0.0478699
0.393676
-0.345806
-0.891641
0.742679
0.148962
0.0672222
-0.0249705
-0.0819859
0.330223
-0.248237
-0.276877
-0.237838
0.514715
-0.521903
1.79017
-0.275526
-0.378147
0.653673
0.183966
-0.158664
0.262071
-1.2217
-0.0289294
0.0524752
0.00862571
-1.88305
1.03475
0.848295
0.362954
-0.470101
0.00860183
-0.0338025
0.417039
0.998773
1.37787
1.66008
-0.549734
-1.11035
0.12309
-0.0447418
-0.0783483
0.786705
0.963273
0.22116
-0.206852
0.72668
-1.9133
1.18662
0.143067
-0.112577
-0.0304894
0.504051
0.886362
-0.222042
-0.100414
0.758461
-0.545777
-0.55726
1.40884
0.161316
0.010664
1.90207
-0.656113
0.14642
-0.138665
1.75566
-0.0955785
0.103242
0.404888
0.0151316
0.0169855
0.304824
-1.68856
-0.849002
0.986475
-0.137472
0.00589173
-0.119599
1.76825
0.042907
-1.81116
-0.717956
0.442429
0.225774
0.0681808
-0.313399
0.0696255
0.00276839
-1.24123
1.56457
-1.57923
0.0146572
0.027496
-0.325647
0.298151
-0.909785
1.41384
-0.814956
1.51671
0.0654323
-0.0379363
0.78483
-0.333075
1.97278
-0.591804
0.00511981
0.121116
-0.126236
-0.0918037
-0.0734736
0.165277
0.120379
0.00271153
0.0653535
-0.796864
-0.134004
0.0906918
0.0433127
0.524931
1.09248
-1.71906
1.4219
0.115982
-0.467144
-0.750735
0.966723
-1.16328
1.34701
-0.183733
0.53772
-1.86618
1.75307
2.09924
-0.920739
1.20242
1.10132
-0.07049
0.298571
1.266
-1.31057
0.285565
1.02501
0.253692
-0.285547
-0.0325376
-0.180863
-0.21832
0.153622
-0.0322662
-1.62456
0.574179
-1.21515
0.640974
-1.40502
0.498402
0.906614
-0.142852
-0.774066
0.0680747
-0.0815676
0.0862642
-0.0129424
0.222537
-0.209595
-0.539932
0.487432
1.09101
1.00823
-1.49936
0.0361648
0.0369871
1.65665
-1.45061
-0.206045
-0.430202
1.77285
-1.45341
2.4367
-0.983285
-0.788178
1.03451
-0.246334
0.12164
-1.36109
-0.250349
0.0351015
-0.270764
0.427985
-0.157221
-0.012677
0.0146845
1.33707
0.705949
-1.2919
0.585946
-0.00209509
-1.5691
1.57119
-0.0533186
-0.108114
0.0132782
-0.477627
0.464349
-0.91277
1.64238
-0.729615
0.202162
-0.140282
-0.0618802
-0.559079
0.914986
-0.355907
-1.99151
1.74975
1.98294
-0.456292
-1.52665
-0.0136803
-0.0392734
0.0529537
0.00233479
0.174611
0.106033
-0.617786
-0.843976
1.66316
-0.0597537
0.00914282
1.73096
-0.958931
1.06893
-0.0143997
0.0143997
-0.145829
0.225234
-1.95402
2.24662
-0.926229
-1.32039
-0.700052
0.875559
-0.175507
0.0660056
-0.276547
0.210541
1.03078
-1.16354
0.132762
-0.544926
-0.269704
0.814629
0.900379
-2.00758
1.1072
-0.078761
-0.81288
-0.221375
0.129571
-0.239904
-0.556863
0.796767
0.76563
0.430127
-1.19576
-1.32279
-0.427879
0.685471
-0.257593
-0.775058
1.09959
-0.324533
1.47214
-1.3605
-0.158752
0.024748
-0.153103
-0.00169959
0.475344
-1.14906
0.922826
0.226236
-1.53617
2.19447
-0.6583
-0.0169925
0.132314
-0.115322
-1.42983
-0.775869
-0.0474218
0.00246255
-1.62926
0.473781
-0.371758
0.289772
-0.272915
-0.515263
0.0927387
0.0503281
-0.661309
1.68138
0.0440643
-0.363609
-1.53641
0.134057
1.40235
0.883037
-1.17663
0.293594
-0.875234
0.183427
0.217277
-0.574223
0.356946
1.5916
-0.120054
-1.47154
-0.0013891
-0.0794183
0.0808074
-0.366278
0.75341
0.488903
-1.24231
-0.463364
1.35768
0.262417
0.668602
0.742968
-0.0281011
1.5657
0.189962
-1.40264
1.40055
-0.159552
-0.0194799
0.179032
-0.196429
-0.060875
0.257304
-2.02228
0.56887
-0.173942
0.538356
-0.617377
-0.231625
0.254423
0.879707
-0.332992
-0.546715
0.19403
0.0997397
-1.11168
1.87208
-0.760408
0.165538
-0.239012
-0.0761615
0.352095
0.25898
-0.529744
-0.138712
-0.0983378
0.23705
0.327003
0.0131192
-0.340122
0.653223
-1.12862
0.475401
0.00345487
0.0340078
-0.0374627
-0.294284
0.327354
-0.0330698
0.153409
-0.514755
0.361347
0.308922
-0.0552295
0.00120959
0.438795
-0.440005
1.22637
-1.04901
-0.956937
-0.432268
-0.384524
0.816792
0.10701
-0.0354033
-0.284558
-0.235095
1.10808
-0.22837
0.0132204
-1.24137
1.22815
-0.347162
-0.0164866
-0.0559054
-0.568091
-0.457734
-0.101345
0.170593
-0.169041
-1.56844
-0.0351823
-0.0804894
0.115672
1.25263
-1.02039
1.07677
0.906174
0.462866
0.0592554
-0.190674
-1.62779
1.81846
0.643517
0.542184
-1.1857
-0.177729
-1.04708
0.620027
0.427057
1.32646
-0.443422
0.0548739
-0.102412
0.0475379
2.18015
-1.19131
-0.988841
0.137072
-0.308287
0.171215
0.652359
0.470147
-1.12251
0.0713756
0.102825
-0.1742
1.67196
0.0293195
-1.70128
0.167137
0.0675653
-0.256309
0.300373
0.0833184
-0.0309535
-0.0523649
0.307327
-0.177414
0.0548035
-0.00838621
-0.0464173
-0.543912
-0.661006
1.20492
1.10017
0.491429
1.0156
-1.00238
0.431007
-1.34378
-1.83358
1.72146
0.156972
0.185822
0.270547
-0.610723
0.340175
0.77191
0.974922
1.13284
-1.35196
0.219113
1.2215
-0.552902
-0.136552
0.0918107
0.100503
-0.203202
0.102699
-1.42239
-0.329257
1.75165
-0.402803
0.438051
-0.035248
-0.00302418
-0.0113755
0.355489
1.07014
-0.139357
-0.0455103
1.04901
-2.08238
1.03337
-0.889986
-0.230067
1.12005
1.6297
-0.557303
-0.13251
0.560874
-0.999416
-0.265607
0.00438411
0.261223
0.0196256
-0.188776
-0.493903
1.19985
0.0136555
0.0370193
0.0199854
0.149234
-0.169219
0.0301351
1.00064
0.0058857
-0.694011
-0.441192
-0.418219
0.493519
0.675909
-0.948824
-0.315092
0.143224
-0.0361749
0.223816
-1.9451
0.896091
0.0568779
0.118386
-0.175264
-0.234774
0.148074
0.0867005
0.215479
0.863371
-0.03772
0.00500984
-0.028713
-1.62453
1.65324
-0.0674386
-0.559688
0.627127
-0.027973
0.066179
-0.038206
-0.650631
1.22481
-0.16347
-0.343698
0.507168
-0.28134
0.498617
-0.381016
1.56401
-1.183
-0.706593
0.544127
0.162466
1.94677
-0.0629176
-0.233975
-0.081286
0.315261
0.163823
-0.282837
-0.180036
-0.22453
1.03896
0.877244
0.34362
-1.32683
0.983211
-0.804742
-0.184741
0.989483
0.230398
0.0902082
-0.320607
0.068976
0.297232
-0.366208
-0.192823
0.195458
-0.002635
0.0767142
-0.105644
-0.988245
-0.0109517
0.00699347
0.0198722
0.032603
-0.12551
0.395317
-0.269808
-0.231946
0.267178
-0.0352318
-0.177094
0.0792757
0.0978179
0.789982
-0.375818
-0.0562111
0.00938419
-0.2526
-0.578218
0.830818
1.19733
-0.981849
0.00755314
-0.347883
0.34033
-0.457108
-0.458431
-1.35997
1.53729
0.90689
0.0307918
-1.30308
0.829126
0.473949
0.225173
-0.0959839
-0.129189
1.73558
-1.73558
-1.61168
0.117382
-0.99137
-0.244925
-0.623559
0.868484
0.57086
-0.547226
-0.0236347
-0.134271
-0.398329
0.213803
0.184526
-0.0174945
0.211592
-0.194098
-0.522278
1.25621
-0.733927
-0.0466437
-0.156031
0.202675
0.802239
-0.6806
-1.05249
0.247744
-0.0399984
-0.216458
0.256457
0.029771
-1.34035
-0.571636
-1.21829
0.646659
0.790393
-0.00826654
0.236633
-0.228366
-0.275378
0.334211
-0.0588325
-0.230105
0.170411
-0.083419
-0.168726
0.0969855
0.0366177
-0.0585258
0.013553
0.0449729
-0.18328
-0.0199229
-0.363534
0.364744
0.147184
-0.166705
0.0195206
-0.0976976
-0.100611
0.198308
-0.347103
0.164951
0.182152
-0.0655313
0.171946
-0.106415
-0.684451
1.32542
0.612497
-1.12005
0.507554
-0.154488
-0.0798469
0.234335
-0.0781522
-2.172
2.25015
0.884834
-0.586089
-0.298745
0.431365
-0.0597103
-0.192648
-0.037885
0.0211831
-0.0557722
0.192844
0.304881
-0.980533
0.675651
-0.480942
-1.44751
-0.200695
0.83644
-0.635746
0.26457
-0.0093114
0.409124
-0.275205
-0.133919
0.315207
-0.567807
-0.381683
-0.235768
0.125521
0.110247
-0.532959
0.335448
-0.160111
0.582866
-0.0494463
0.0202526
-1.48159
0.133065
-0.288771
0.54775
0.0080288
-0.229403
0.251117
-0.148417
0.303388
-0.311655
-0.0841841
-1.2853
0.600846
1.95477
-0.181697
-1.6059
2.22864
-1.0961
-1.13254
-0.0873974
0.473436
-0.0845187
-0.753146
0.528636
-0.472881
-0.248046
-0.0175612
-0.595996
-0.408827
1.00482
-0.0517941
-0.0411122
0.0929063
0.0156538
-0.874353
-1.92493
-0.326652
-0.325133
0.651785
0.359977
-0.427416
-0.247181
-0.0375324
0.284713
0.47273
-0.0805977
0.165556
0.059617
1.97598
-1.0756
-0.917805
0.321809
-0.254418
-0.0492358
0.303654
-0.0465914
-0.0914666
-1.07207
-0.168615
-0.155945
0.324559
-0.0854657
-0.0349245
0.905903
-1.17613
0.270227
-0.66582
-0.0536767
1.78925
0.165706
-0.743923
1.22517
-2.05618
0.831011
-1.99101
1.28968
0.701337
0.153856
0.104787
-0.258643
0.148044
1.19454
0.036011
0.855118
-0.891129
-0.0398199
-0.0767413
0.107578
-0.121259
-0.0220019
-0.280139
0.302141
1.2034
-1.39408
0.260418
-0.064174
0.129772
-0.0655977
-1.48675
-0.124935
-0.588248
-1.09638
0.664113
0.109144
0.00362689
-0.112771
-0.622705
0.306284
0.316421
-0.398822
0.350953
-1.0959
-0.578968
1.67486
-0.0793371
0.268021
-0.202015
0.39775
-0.554466
0.156716
-0.957021
1.45542
-0.160183
-0.908463
0.208411
0.747911
0.131137
0.843608
-1.36589
-0.033143
0.0553111
-0.022168
1.18007
-0.343974
-1.04527
-0.34722
-0.0742401
0.42146
-0.0538165
0.207438
-0.105209
0.154503
-0.0492946
-0.0690773
-0.198071
-0.0204367
1.00239
-0.252338
0.309748
-0.0682217
-0.423779
0.389976
-0.176513
0.0537827
0.12273
0.252203
-0.108891
-0.143312
-0.147557
-0.0409289
0.188486
0.00150913
-0.0972478
0.0957386
-0.362388
0.107062
-0.231452
-0.094195
-0.0663568
1.16116
-0.385777
0.0973176
0.288459
-0.0147338
0.0725683
-0.0578345
0.19155
-0.138129
-0.053421
-0.159995
0.258889
-0.686768
0.250921
0.365206
-0.074003
0.020619
-0.0535253
-0.133225
-0.0367839
1.80437
-0.984566
0.0501432
-0.393161
0.343017
-1.58307
0.2231
-0.069677
0.0559015
0.0137756
-0.0417735
-0.0362681
-0.747778
-1.24324
0.361974
-0.0579474
-0.866421
-1.04688
0.225109
-0.205123
-0.120911
0.518662
1.03102
-0.750338
-0.977278
1.3209
-1.70802
0.285634
-0.0641324
0.00417594
0.0599564
0.0696937
-0.175928
-0.397203
0.573131
0.109855
-0.0355454
-0.501698
-0.762036
1.26373
-0.878555
-1.02605
1.90461
0.611251
0.349445
-0.960696
-0.0046159
0.0466301
-0.282398
-0.260286
-0.269458
-0.175241
-0.102896
0.278136
0.285582
0.449184
0.277869
0.131255
-0.0570167
-0.615423
-0.00445245
0.0228938
-0.78494
1.02087
-0.235934
-0.145714
-0.115968
-1.33804
-0.219426
0.000875742
-0.742758
-0.288329
0.201179
-0.817726
0.0691856
-0.146583
-0.896155
-0.344921
1.24108
-0.194478
0.723114
0.237764
0.637795
-0.296307
-1.01265
-0.932451
-1.2467
1.37946
0.0769758
0.210454
0.0185766
-0.0714989
0.0529222
-0.634325
0.58033
0.053994
0.699431
-0.823081
0.299169
-0.242291
-1.13458
-0.168492
-0.139155
0.262248
-0.123093
1.0333
-0.380077
-1.45357
-0.0905012
1.54407
-0.108106
-0.075174
0.0596627
0.30194
-0.361603
-0.237907
0.406297
0.13496
0.0669412
0.0216183
-0.0885595
-1.30995
0.828542
0.0989642
0.0108905
-0.176644
-0.131643
-0.330608
-0.167741
-0.147351
0.251968
0.136879
0.0732743
-0.125639
0.399808
1.46858
-0.822408
2.02483
1.02865
0.572995
-0.842699
-0.0159404
-1.43763
0.0375758
-0.32905
0.386023
-0.0569737
-0.0570715
-0.0123751
-0.241356
0.0160276
-0.0562688
0.127655
-0.0939786
1.50946
-1.41548
0.19724
-0.855086
-0.12538
-0.263157
-0.0703338
0.00398755
-0.287171
0.360666
-0.0734958
0.000397607
-1.44223
1.44183
0.638888
0.254087
0.316773
-0.740213
-0.586436
0.96528
-0.378844
-0.161281
-0.111962
0.260036
-0.555781
0.636217
-0.0804365
0.0814057
-0.480206
0.3988
-0.192103
-0.609624
0.801727
-0.280987
-0.0580196
-2.04276
-0.0978174
0.184189
-0.179069
0.0334297
0.12889
-0.0299261
0.347073
-0.672207
2.13737
-0.910685
-1.22669
-0.100379
0.415609
0.315791
-0.256128
-0.0474048
0.172926
-0.176907
-0.0136176
-0.386435
0.38165
-0.345247
0.798931
-0.991034
0.14241
-0.0955825
-0.0468271
-0.370882
-1.90045
1.03687
0.863585
-1.76482
1.68667
-1.16467
0.418531
0.746138
0.0917384
-0.317476
0.225737
0.573205
0.534873
-0.171974
0.201147
0.245601
0.530462
-0.154622
-0.262896
-0.0123089
1.02703
1.11035
0.0404723
-0.0177848
1.47159
-1.25259
-0.0387789
-1.40429
1.44307
1.21778
-0.0566174
-0.296538
-0.07522
-0.00465077
0.0991478
-0.255087
0.190461
-0.222999
0.301381
-1.46622
1.16484
0.188026
2.34543
-1.44763
-0.897795
-0.0762016
-0.154513
-0.122034
1.1419
-0.0424606
1.40453
-1.28715
1.03222
-1.91078
-1.26051
0.0155974
1.24491
-0.917596
0.0969414
0.820655
0.0181988
0.0144043
2.09857
0.0328088
-2.13137
-1.50728
1.71272
-0.205441
0.0459155
0.221262
-0.770379
-0.00467858
0.0178507
-0.302774
-1.35275
0.18948
-0.00466074
-0.012831
0.0174917
-0.115677
0.224056
-0.108379
0.133643
-0.491891
0.358248
0.5301
0.456375
-0.510531
-0.112173
0.0581735
0.847871
-0.926632
-0.0674069
-0.0581262
-0.256968
0.0542913
-0.166312
1.27455
-1.10824
-0.10356
0.634862
-0.531302
0.0603695
-0.421037
0.360667
-0.659341
-1.52217
0.70429
0.817876
-0.0438276
0.879035
0.235417
-1.11445
-0.455289
0.224524
-0.248146
0.0236222
0.171371
-0.0356154
-0.250826
0.00364506
-0.291951
-0.975584
-0.0495734
-0.400427
0.803643
-0.403216
-0.762709
-0.500176
1.77274
-0.737984
-0.101231
0.185172
-1.33381
0.0282158
-1.34364
1.31543
-0.227631
-0.101883
0.329515
0.800556
-0.691923
-0.108632
0.142033
-0.0213154
-0.0514783
-1.37895
0.616246
-0.656482
1.27651
-0.135481
-0.242107
0.298979
0.222513
0.0296896
0.816921
-0.374492
-0.0012544
0.700685
-0.956013
0.428857
-1.88404
0.857993
1.3165
-1.3161
-1.50483
1.41085
0.123894
-1.47029
0.247672
1.22262
0.601109
0.235331
0.0329242
-0.942921
0.697996
-0.117314
-0.130066
0.247379
-1.29681
0.280466
1.01634
0.30467
0.737939
-1.04261
0.0287186
-1.27542
0.758773
0.105205
-0.863978
0.221129
0.264718
-1.01545
0.25769
-0.0126921
0.0538647
1.52786
-1.49854
0.366679
-1.00338
-0.518783
0.749845
-0.0223419
-1.23817
1.13837
-0.259331
-1.75307
0.0306051
-0.201562
-0.965165
0.336485
0.204336
1.83358
0.241757
0.112725
-1.1848
0.138823
-0.106424
0.181776
-0.458653
0.330633
-0.554924
0.224292
0.153839
-0.0690583
-0.0847807
0.261946
-0.343232
-0.206869
0.143296
-1.12863
1.17288
-0.0442532
-0.751593
1.04794
-1.64741
0.599467
-0.782414
-0.0587561
0.095625
-1.4982
0.121771
1.37643
-0.365362
0.903082
-0.671863
0.687517
0.151882
0.988761
0.581806
-1.023
-0.824532
-0.174976
0.999509
-0.766499
-1.19186
0.690166
-0.12387
0.127133
-0.00326303
0.0548274
-0.0930335
0.978532
-1.47244
-0.0824149
-0.51395
0.596365
-0.193844
0.163766
0.0300774
-1.07155
0.461922
0.0366677
0.0255403
-0.232154
0.409729
1.9308
0.167765
-0.799078
0.835089
-0.266994
0.0903496
-0.987482
1.62617
-0.638684
-0.0763353
0.0642306
0.0767787
0.372442
-0.0214476
0.924999
1.20219
0.604052
-0.937127
0.313794
-1.86672
-0.167086
0.131903
0.0779629
-1.09835
-0.219196
-0.956934
-0.211342
0.0531766
0.787926
-0.378197
-0.938033
0.212848
0.789542
0.185802
-1.68301
0.349667
1.33334
-0.0741492
0.480446
0.655311
-1.21611
-0.28325
0.743046
-0.326486
-0.416561
0.858084
-0.279188
-0.578896
-0.178706
0.0384239
0.66683
-0.679013
0.0121829
-1.6156
0.554666
1.06094
1.11719
0.446823
0.000582488
0.108561
0.769022
-0.510133
-1.66364
0.585911
1.07773
-1.83409
1.50483
0.768026
0.803668
-1.57169
0.80664
-0.7493
1.83849
-0.635868
-1.20262
-1.04373
0.174598
-0.0827878
0.0341719
-0.104067
0.191827
-0.0390397
0.118631
-0.0795917
-0.23979
-0.262027
-1.4756
-0.146608
0.0720256
-0.0940275
-0.0331089
-0.0206731
1.04292
-0.46805
-0.574873
0.780195
-0.473911
-0.122116
0.12445
-0.0935709
1.22641
-0.317181
0.0895499
-0.320048
-0.751497
-1.46718
0.571029
-0.062759
-0.0812939
0.123127
0.0852427
0.104045
-0.0854682
-0.490201
-1.11386
0.0977958
-0.0795367
-0.0182591
0.180518
-0.063303
-1.34482
1.40812
0.115635
0.013255
0.337339
1.04925
0.974057
-2.02331
-0.390271
1.00152
0.21518
-0.0856608
0.587633
-0.948187
-0.61218
1.56037
-0.943607
-0.987525
0.578698
0.302588
-0.180465
-0.122123
0.355231
-1.09081
-0.168484
1.40484
-0.356898
-0.178985
0.102982
-0.376311
-0.74374
0.0828992
1.95327
-1.72146
-0.231812
-0.853991
-0.613193
0.0899519
0.166509
0.0641286
-0.995033
-0.239173
1.23421
0.240393
0.535092
-0.453686
-1.64047
-1.81066
0.746042
1.06462
-0.159546
-0.00484814
0.164394
0.953402
-0.553924
-0.399479
0.108096
-0.164365
0.0775995
0.0826165
0.887528
-1.98342
0.768459
0.0896247
-0.322929
-0.594876
-0.0627957
0.0216835
0.151702
0.878156
-0.941459
0.0233504
0.370326
-0.56028
0.55858
-0.0845544
-0.000308012
0.0848624
0.963353
0.875135
0.56968
0.0572967
0.725479
-0.576575
-0.148903
1.86618
-1.51651
0.0889057
-0.553802
0.145775
0.0255952
0.186911
0.0328608
0.0121121
0.00382763
-0.127698
0.597369
0.0647365
-1.74224
-0.0198334
-0.139713
-0.0711781
-0.000320735
1.02249
-0.784729
0.898486
-0.501689
-0.396797
0.00395076
0.108664
-0.00924322
0.00458248
0.404191
-0.00920638
-0.330916
-0.846511
-0.282113
-2.10388
0.886204
1.21767
0.098034
-0.0262784
0.107734
0.102094
0.116152
-0.273639
-0.300584
0.446194
-1.39438
0.162338
-0.952368
2.00162
0.627846
-0.101432
-0.526414
-0.710741
-0.475912
-0.0713134
0.0908262
-1.11303
0.496429
-0.734962
0.238532
-0.280262
0.25256
0.0277018
-0.0591331
1.31927
1.11743
-1.47361
1.51651
-1.55734
1.04702
0.510314
1.04953
-2.0019
2.07268
-1.07391
-1.0276
-0.973778
-0.0326731
0.25521
-0.0735698
-0.404057
-1.56009
0.0897936
-0.0537839
-1.29817
1.20365
-1.96455
0.760898
-0.0522952
0.236292
-0.48876
0.344212
-0.181746
0.969966
1.37546
-1.67836
0.69088
-0.183755
-0.759852
-1.34097
0.266621
-0.0140604
1.76482
-1.82774
-0.119842
-1.15696
0.0687992
1.02841
-0.274999
-1.49304
1.62639
-0.13335
0.436644
1.81351
0.437848
-0.0691289
-0.368719
1.8774
-0.845175
0.235057
-0.270073
0.701481
-0.757387
0.0907473
0.131766
0.25699
1.03521
-1.2922
-0.638638
-0.457425
1.02432
-1.05633
0.032011
-0.347323
0.191378
-1.76974
0.793468
0.976268
0.802168
-0.00161213
-0.498413
0.0812227
0.886903
-0.755765
0.297078
-0.557364
-0.0340875
-0.0194378
-0.632476
0.456548
-1.06011
-0.886432
1.94654
0.0107613
-0.108009
0.146199
-0.323613
1.04158
-0.833165
0.0931577
1.25297
-2.07537
0.0706771
0.0523321
0.194526
-1.17637
0.0619446
0.701069
0.334825
0.0595714
-0.616434
-1.40251
0.425234
0.0201097
0.104505
-0.124614
0.0679306
-0.316168
1.1461
1.08254
1.23631
-0.966087
0.0183775
-0.162483
0.050006
0.446615
0.108041
-0.306113
-0.709303
-0.959229
2.00876
-0.0515931
0.00776551
-0.744928
-1.11165
1.85658
-1.77988
0.272598
-0.0677783
-0.0360984
-0.0173226
-1.45184
-0.0845647
-0.156763
0.653192
-1.03354
-1.07034
1.95327
0.574162
-1.38896
1.01967
-0.563292
-0.219769
-0.302383
0.0199846
-0.234023
0.241576
-1.6404
0.21022
-0.796656
1.04422
-2.00344
-0.793959
-0.0501905
-0.232646
-0.0639492
-1.42909
0.865063
-0.795878
1.33771
0.851117
-1.56661
0.715497
1.69605
-1.14138
1.96594
-0.944623
-1.00768
1.9523
0.516724
1.25426
-1.01387
-0.72836
-1.0823
-0.848782
-0.708555
0.454009
-0.678838
1.60379
-0.924955
-0.139107
1.38059
-1.24149
-1.02115
-0.959125
1.98027
0.894961
0.129362
0.258491
0.372164
-0.500298
0.333299
0.166999
0.0184237
-0.257436
0.488976
-1.34297
-0.778108
-0.390274
-0.244051
-0.092459
-0.19587
-0.231914
0.932844
-1.97118
0.92605
1.04513
-0.0503006
-1.63783
1.68813
0.059755
-0.25346
0.0593627
0.614552
-1.87287
1.87287
-0.0460488
-0.0142677
0.0603165
-0.64653
1.07666
0.278426
-0.011805
-0.780353
-0.370015
0.819199
-1.47361
-0.0215416
-1.26495
0.306019
1.29516
-1.26539
-1.19975
0.204717
-0.135189
-0.125412
0.260601
0.132889
0.533941
0.14785
0.00598919
-0.954295
-1.18962
0.182354
1.00726
-1.40841
-0.0844951
-0.493436
-1.15397
-0.0306743
0.0976155
0.161862
-0.313546
0.266141
0.000920894
0.0723534
0.362481
-0.270273
-0.362204
-0.642276
1.44417
-0.80189
0.32781
0.206552
-0.231253
0.408825
-0.177572
-0.417663
0.179824
0.422454
-0.537288
0.114834
-1.06417
1.73741
-0.969385
-1.35925
-1.65719
0.214962
-1.19276
0.0509138
1.0031
1.17705
0.0707716
-1.03594
1.1104
-0.187577
-0.370034
0.234553
0.646146
0.624046
0.182594
1.98732
-0.943102
-1.01596
-0.871091
1.88705
1.12223
0.00757221
-1.12981
0.123561
-0.0509925
-0.192612
0.175619
0.109899
1.35198
-1.46188
-1.3469
1.3161
0.030802
1.3469
-1.41085
0.213628
-0.265923
-0.739192
1.00391
0.079016
0.389205
-0.282143
-1.65699
0.176913
1.6261
-0.774986
-0.375829
-0.0820724
0.135855
-0.432338
0.950554
0.257391
-0.0861758
0.698662
-0.779099
0.177862
-0.239743
-0.56804
-0.0551425
0.794291
-2.07283
0.503731
-0.0689402
0.432276
-0.363336
-1.03275
-0.931795
0.0659
0.587999
0.587463
-0.883438
0.0843595
-0.0992705
-0.321766
0.102635
-2.02295
0.995352
0.0180165
-0.040682
-0.270973
-0.0295278
0.281496
0.218005
-1.40941
0.785807
-1.47559
0.689779
0.0588186
0.24661
-0.305429
0.2799
0.039985
-0.986605
1.29262
0.627696
0.373826
1.33303
-1.21611
0.185117
0.0406573
1.6298
-1.92049
0.290688
-0.249939
-0.304528
-0.819007
-0.044971
0.373317
-0.447557
0.0930588
-0.241476
-1.09245
-0.152068
0.00338396
0.148684
-1.47193
0.182221
1.28971
0.0950109
-0.203116
0.0835777
0.0314773
-0.115055
1.15409
-1.17643
-0.142998
0.0739398
0.631084
0.2374
-0.247022
0.123929
0.363058
-0.372369
0.180357
0.658592
-0.838949
-0.434534
-0.057357
-0.92951
-1.01199
1.9415
-0.236875
-0.29113
0.634147
-0.997827
1.68667
0.391963
-0.322269
0.0512246
0.0473968
-0.099447
2.05388
-1.02685
-1.25482
0.770183
-0.559963
-0.503478
1.58121
0.311702
-0.320908
0.0457925
-0.0488166
0.314087
-0.0256282
-0.292054
0.189159
-0.24721
-0.366377
0.0528306
1.08217
-0.316293
0.286765
0.29318
-0.0565473
0.0374988
-0.184946
-0.0380527
0.496995
-0.767267
0.209639
-0.239401
0.0297621
-0.371143
0.26926
0.189069
0.898273
-1.08734
-0.248613
0.118548
0.445814
-0.640292
1.46745
-0.942522
1.01493
0.911691
0.0807727
0.564853
-1.04889
0.350967
-0.431565
-0.325209
1.07141
0.904564
-1.54502
1.54502
1.75682
-0.838738
1.10081
-0.0294539
1.49989
-1.47043
0.88537
1.05907
0.903067
-1.96317
0.111038
-1.10207
-1.36203
-0.205593
-1.43686
1.64245
-0.409304
-0.123655
0.0735515
0.870991
0.165262
-0.274153
-0.979488
1.70876
-0.729271
-0.17816
0.268907
-0.0163507
0.424113
0.902346
2.32555
-0.89663
-1.42892
1.60231
-1.48054
1.14979
0.197222
0.0619796
0.0034527
0.0173833
1.56985
0.574558
1.07745
0.794631
0.0206656
0.197037
-0.217702
-0.347536
0.215892
0.181494
-0.193374
0.0118796
0.161662
-0.217065
0.0554031
0.498887
-0.440714
0.334562
-0.480275
-0.528529
0.665029
0.0245081
-0.175058
0.0407868
-0.625115
0.570405
0.05471
0.0638529
-0.0619575
-0.00189538
1.82774
-1.52307
-0.146127
0.27719
-0.131063
-1.52786
-0.339874
0.265871
-0.98532
1.87069
0.257898
-0.328232
1.98058
-1.07751
0.245449
-0.313671
-0.155944
-0.377657
-1.31493
-0.0754579
1.63369
1.27298
-1.07845
-0.102489
0.143064
-0.0808324
-1.49839
-0.293843
0.286556
0.242892
-0.368272
-0.362947
0.289452
-0.0820605
-1.33718
1.2984
-1.46912
1.48378
-1.1627
-0.473122
0.427166
0.655032
0.383815
-0.396124
-0.0600326
0.0594137
0.349499
-0.408912
-0.360919
1.40528
-0.982307
-0.988991
-1.96203
-0.0815155
0.0778447
0.0036708
0.0268578
1.43019
-1.45705
0.945423
-0.994997
0.321103
-0.378077
1.85383
-0.982835
0.770363
0.83833
-1.60869
0.227605
0.0297863
0.685937
-0.270328
0.180003
-0.809284
-0.0458013
-1.58053
0.23571
-0.403894
0.223429
-0.103324
0.0518455
0.304628
-0.362576
-1.10684
1.68196
-0.895257
-0.149771
0.0560946
0.352558
0.729409
-0.00601002
0.731489
1.75202
-1.5698
0.300857
-0.358876
0.88651
-0.882265
-0.0862412
-0.840391
-0.145437
0.0390224
1.3165
0.0309023
0.000343554
0.198894
-0.112193
0.0113425
-0.242794
-0.0362658
0.119843
-0.497818
1.53468
-1.24711
1.21765
-0.426287
1.00498
-0.899767
0.0978351
0.321487
-0.0223186
0.0803711
0.767189
0.719514
-1.4867
-0.931885
0.701818
-0.0406923
-1.25612
-0.769318
0.0982833
0.305053
-0.179492
-0.125561
1.41905
0.162243
-0.185596
-0.0852404
-1.77181
1.72151
-0.572589
0.0123088
1.16166
-0.179428
-0.102845
0.282272
1.01677
-1.05923
-0.952123
1.97598
-1.02385
-1.02458
1.78879
-0.764213
-0.334976
0.156816
-0.0996567
0.0739218
-0.110803
0.0368815
0.861438
-0.152901
1.44023
-1.28732
-0.28113
0.0884818
-1.76951
-1.95311
0.99618
0.95693
-1.62044
-0.36811
-0.412243
1.00259
-1.94721
0.224346
-0.975843
1.15611
-1.92542
0.309314
0.49433
1.13387
-1.26638
-0.0486435
0.086678
-0.0380345
-0.0374324
-0.278133
0.1561
0.00386257
-1.49222
1.48835
-0.127677
-0.412255
0.494202
0.0218585
-0.51606
1.23009
-0.994675
0.542732
-1.36137
0.818635
0.224605
-0.0727231
1.78715
-0.806285
0.00120863
-0.230612
0.586394
-0.809317
-0.0137642
0.108677
0.274736
0.645316
0.0583732
-0.703689
0.974648
-0.973525
-0.00112289
-0.312877
0.212464
0.0697401
0.317881
0.632673
1.83841
-0.372828
0.86703
1.06573
-0.968784
-1.93136
0.923679
0.9083
-1.96801
1.05971
-0.768124
-0.597277
1.3654
0.984621
0.788115
-1.60887
1.92049
-0.311618
-1.44271
1.32266
0.180669
0.599534
-0.780204
-0.00601932
-0.257227
1.62747
-1.37025
-1.60887
1.40453
0.538289
0.0202915
-0.121974
-1.0544
0.191918
-0.827663
0.283301
-1.80189
0.941271
0.860615
-0.313649
0.227473
-1.09174
0.194294
0.897441
0.772841
-0.463528
-1.03612
-0.945224
1.96319
-1.05489
1.20945
-0.145339
0.159982
1.22184
-0.732934
-0.624304
1.68457
1.35345
-1.34959
1.46876
-0.958446
1.46225
-1.5003
0.0380469
-0.0808177
0.00447772
0.07634
-0.791179
0.0395865
-1.0271
1.9521
0.453595
-0.155445
0.519949
0.386941
-0.615806
1.50975
0.61487
1.08118
0.626164
-1.39429
-0.967646
-0.985464
-1.71906
-1.26676
-0.844819
-0.957067
1.49162
-0.955953
-0.535663
0.951196
0.0198595
-1.79167
1.52307
-0.376257
0.301037
0.314172
-0.254758
1.07819
0.547973
0.389318
0.109569
1.70732
0.0141902
-0.140022
2.07082
0.451993
0.647597
0.297298
0.939016
0.804464
0.345129
0.806414
0.85378
-1.66019
-0.111109
-1.60186
0.923021
0.288174
0.406943
-0.385084
-0.238647
0.438388
-0.447053
0.283584
0.381166
-0.352993
0.737721
0.888383
1.65695
-1.46116
-0.195783
-0.16788
0.171708
0.540152
0.0151265
0.0587952
0.0112824
-0.135379
0.516683
-0.618115
-1.64474
0.869757
-0.397136
-0.213587
0.273661
0.026712
0.309897
-1.37997
-0.0429483
0.206715
-0.0848735
-0.189465
0.0566313
0.000335092
-0.0569664
-0.0299672
0.59338
-0.00784959
0.243318
-0.318345
-1.04196
-1.04523
0.253528
0.7917
1.74511
-1.19181
-0.553307
-0.379607
1.68491
-1.30531
0.752676
-0.12863
-1.97594
1.02382
-0.166315
1.72976
1.37276
-1.01752
0.0359519
-0.191621
0.155669
0.917936
-0.682604
0.0425694
-1.219
1.54159
0.918274
-0.0976187
-1.88026
1.00917
-1.21402
0.0842104
-0.0638538
0.0142174
-0.183571
0.169354
0.144145
-0.19532
0.169706
0.0256142
1.37295
1.24787
0.259112
-0.00918466
-0.192806
0.201991
1.29424
-0.992861
-1.64566
1.66552
-0.222782
0.187167
-0.0911042
-1.01822
-1.05461
-0.943211
1.74119
-0.797976
-0.616759
-1.19037
1.80713
1.46137
-1.301
-0.160369
0.765549
0.0726758
-0.971148
-0.977714
-1.48374
-0.0165568
0.909683
-1.98122
1.07154
0.224616
-1.84506
-1.12835
1.74322
0.352476
-0.473834
0.121358
-1.06909
-0.954217
-1.36491
0.456116
-0.0173209
-1.13102
-0.0961062
-0.0208589
0.116965
-0.585925
0.435001
0.150924
0.336471
-0.0222995
0.953433
0.787753
-0.0526809
-0.0529628
0.0959221
-0.0109529
-1.31154
1.34959
0.00289002
-0.0599616
-1.31154
1.81032
-0.835393
-0.00661431
0.452694
-0.0920265
-0.979974
1.95548
-0.975503
0.123684
-0.0130103
0.99338
0.688582
-0.32223
1.46634
-0.0125288
0.825249
0.555066
-0.728955
0.173889
1.98727
-1.07759
0.747847
-1.24605
0.0564346
-1.95345
0.931471
-1.66074
-1.13102
0.741134
0.38989
1.8113
-0.833316
-0.977984
-0.903156
-1.04509
1.94824
0.256847
1.49925
-1.51919
0.0199404
0.547174
-1.30921
-0.993818
2.07599
-0.146001
-0.415745
0.561746
-0.152308
0.995005
0.816295
-0.14558
0.110035
1.6298
0.120797
2.0889
-1.22975
-1.76776
-2.06291
-1.98905
1.04595
0.0610179
-1.00433
1.42956
0.109298
-1.02758
0.13497
-0.532173
2.07521
-0.800504
-1.56705
-1.80456
0.105689
-1.69592
0.851102
1.02817
0.947803
0.923299
0.119666
0.920742
-1.04041
0.995807
0.960877
-1.95668
-0.566058
0.570046
-0.49311
1.60572
-1.11261
0.333777
1.26854
0.41702
-0.0270435
-0.0512316
-0.935549
-0.485184
-0.495349
-1.66261
1.52259
0.828296
0.885814
1.20309
0.365608
0.111431
1.07184
0.908744
0.016165
1.86965
-0.874649
1.35793
-1.10094
0.153058
0.0948866
-1.59328
0.000336605
1.90793
-1.90827
-0.00716889
1.66411
1.72022
-0.788751
-2.02413
0.912326
1.1118
-1.9378
1.03464
0.968254
0.716313
-0.00371219
0.192732
-1.37546
1.01825
0.770542
-1.57934
0.110217
-1.13831
0.258624
1.66261
1.67437
-0.785989
0.106295
-0.0117102
-0.094585
0.977758
0.891897
0.916035
1.04716
0.121286
0.680881
-1.05277
1.9688
-1.50605
0.0345048
1.67971
-1.66552
1.81635
-0.862917
-1.90595
0.80985
0.77064
1.30457
-0.365446
0.845866
-0.480421
-0.282528
0.305878
0.0565338
0.199923
0.0197994
-1.28519
1.09617
-1.30714
0.468404
0.909383
1.03716
0.938048
-0.620167
-0.201123
-0.206412
-0.478244
-1.32991
0.0317407
-1.03612
-0.937779
1.9739
-1.97129
0.916401
2.02183
-0.919732
-1.1021
1.01317
-0.12277
0.315033
-0.192263
-0.178656
-1.9567
0.911615
-1.93673
0.956759
0.896988
-1.95412
1.05713
1.35345
1.47909
-0.852929
-0.0710308
-0.215572
-0.0356854
0.186052
-0.417304
0.671009
-1.89043
1.21942
-1.01869
-0.861569
-0.908988
0.419789
-0.543444
-0.899758
-1.86387
-0.0259252
0.0268461
-0.538054
0.402671
-1.8642
1.51919
0.345012
1.09599
0.925839
1.05933
0.927946
0.415348
-1.37331
1.43337
1.83455
-2.00474
0.927145
1.49925
-0.352573
0.0269634
-1.64566
1.66241
-0.792654
0.937294
-2.16704
-0.245095
0.0755519
-1.71595
0.0355873
-0.728469
0.218336
1.70465
-0.850873
0.166912
-0.714642
-0.303429
1.01807
1.37331
-0.0198617
0.039109
-0.232038
0.235422
-0.280499
0.218892
-0.153672
0.123746
-0.296909
-0.0292539
-1.95085
0.914727
1.54582
-0.880652
-1.67791
-0.0506888
2.0336
-1.12128
-0.0159887
1.96736
-0.964773
1.90076
-0.959487
-0.608574
1.86671
-1.97573
0.922962
-0.798302
0.0451555
-1.30726
-0.737625
2.03111
-1.09381
1.0344
-1.89596
-0.325105
1.97373
-0.748923
1.08295
-0.334028
1.7338
1.64774
-0.850899
-0.796838
-0.766634
-0.153157
0.919791
-0.388607
-1.8642
1.65735
-1.48711
-0.170243
-0.317821
0.901852
-0.584031
-1.60236
0.978368
0.0264254
-0.0239629
-0.346392
2.00591
1.98538
-0.820236
0.454874
-1.47756
1.47039
0.0687793
-1.52994
-1.6558
0.0119868
1.64382
0.652802
-0.827778
1.21032
-1.69126
2.11697
-0.960866
-1.53844
1.53844
0.830479
1.00407
-0.0720385
0.374179
-0.904153
1.88191
-1.54518
1.54518
-1.99725
-1.96963
1.0244
0.463663
0.175533
-1.70649
-0.783938
0.409446
-0.0826794
-1.71122
0.0047312
-0.202268
-1.03339
2.07093
-0.69212
1.48243
-0.79031
-1.69469
-1.51462
1.30903
-0.0471087
0.446789
-0.592789
1.72455
0.922246
0.77508
0.981742
1.99653
-1.06859
0.983034
-0.33106
-0.880268
1.91466
-0.82979
0.150777
-0.905248
1.65735
-1.7422
2.02559
-1.33471
0.963022
-1.98687
-0.829026
1.80529
0.0277432
1.48711
-1.47512
-0.131122
0.905652
0.112485
-1.01814
-1.59031
1.59031
1.92031
-1.0142
-0.906106
-1.49854
0.649069
1.09415
-1.7237
1.7237
1.00818
0.912125
0.147848
1.95877
-0.30544
0.180028
-1.37917
0.0381977
1.75555
-0.422203
1.94172
-1.68318
1.96379
-0.861858
0.889832
-1.05564
-1.47512
-1.65038
1.65038
-1.11579
2.04163
2.01148
-1.08434
-1.98562
0.996778
2.00831
-1.04529
-0.805702
0.487881
-1.95479
1.01602
0.938765
0.357057
-1.78689
0.786973
1.08828
0.885444
-1.47756
-1.47852
1.47852
0.0125617
0.135482
1.40878
-1.43337
0.0245867
1.47819
-1.52259
0.0444061
-1.95645
0.964011
0.992436
1.12366
0.683469
0.155464
-1.40878
-1.47819
-1.20723
1.98231
-1.05486
1.97782
1.88963
-0.880467
1.47039
-0.946603
0.930648
1.0138
-0.940427
-0.952671
-1.04923
0.247166
0.885621
-1.31434
1.12694
-1.22317
-0.587986
0.91313
1.03511
0.843814
1.22887
0.95701
0.0382188
-0.0993491
-1.13369
-1.0228
2.15648
1.00352
0.883529
-1.08159
-0.864204
1.9458
-2.00345
-0.779225
0.362664
-1.91171
0.897504
-0.874894
0.931501
-1.64946
1.82048
1.02255
-1.96298
-0.833326
0.0115234
-0.878629
1.88215
-0.915867
0.941671
-1.0277
1.92033
-0.892623
1.58446
-1.16911
2.05213
-0.93973
-0.938894
1.96145
-0.806452
0.0571515
0.779359
0.954444
-0.997923
-0.0293526
-1.45739
-0.847115
-0.811613
0.433416
0.142832
-0.10688
-1.94155
0.973904
0.666457
-0.880671
0.946003
-1.99129
-1.00484
-0.0411874
-0.326991
-0.944395
-1.00957
-1.04111
1.95424
0.892794
0.996605
1.00164
0.942898
1.33657
-0.590433
-1.03596
-1.14144
-0.980203
2.12165
-0.869897
1.63709
1.15504
-1.08914
0.793993
-0.348179
0.945206
-1.99645
1.05124
0.174429
-0.934281
-0.549482
-1.05744
-0.972799
-1.01638
-0.860336
0.331808
-1.01669
-0.924856
0.917666
1.92406
-0.931928
-0.992131
-0.893044
1.92769
-0.985245
0.528069
0.940143
-1.95684
1.90673
-0.715657
-1.19107
1.94362
-0.908507
-0.40696
0.946918
-1.92475
0.97783
-2.06038
0.944582
-1.90838
-1.01606
-0.906209
1.91317
-1.24216
0.331847
-0.141359
-0.0336995
-1.04609
0.957295
-0.871941
-1.03643
-1.08941
-0.927217
1.94838
-1.02117
0.97123
-2.01732
-1.12888
1.02004
-1.95894
-1.96267
1.01101
0.968119
-2.02556
1.0342
-1.26649
-0.19113
1.45762
1.06418
-2.00391
-0.809364
0.335452
1.03064
-1.93675
0.918384
-2.04726
0.598696
1.22255
-1.43906
0.0306515
1.02728
1.02322
0.920403
-1.95414
1.01795
0.936192
0.0567233
0.531139
0.370713
1.01918
0.770525
-1.78869
1.01816
-1.03647
1.77273
-0.173315
-0.91093
1.93097
0.0268414
0.876422
-0.932329
-1.04306
1.97539
0.903864
0.563588
0.339414
-0.0421819
-1.09479
1.93823
-0.915012
1.24645
0.88159
-2.12804
1.2508
-2.07453
2.16919
-1.62657
-1.00418
1.94432
-1.01101
-0.945826
1.05433
-2.03454
0.0906328
-0.93633
-0.988418
1.00089
-1.90574
0.904844
-1.83414
1.01215
-1.90477
-1.01313
0.0325497
-0.167929
0.167676
0.934766
0.932025
-1.86835
-1.06168
0.463936
-0.990149
1.31333
1.01222
-0.954377
-1.02596
0.97608
0.976291
-2.0701
1.09086
0.493601
0.00747765
-1.06125
-0.864179
0.136774
-0.00445955
1.02222
0.932017
-0.843812
1.76606
-0.144905
1.0217
-1.89364
0.981106
-1.91303
-0.903141
-0.79278
0.0369652
-0.734398
0.944203
0.890808
1.00748
-1.89829
-0.935854
-0.935636
-0.240704
0.236125
1.01824
-1.96263
-0.036673
0.688613
0.676788
-0.163231
0.094852
0.0683786
-0.0193131
0.898259
0.983892
1.94262
1.99725
-1.05435
-0.868327
1.97553
-1.17145
0.868211
1.03639
1.09528
-0.153963
1.90296
2.03986
-0.93053
-1.08679
0.0403489
-0.08542
0.0450711
-1.36015
-0.0825638
-0.165673
0.505848
-0.883074
1.48292
-0.13094
-0.266638
0.485157
-0.218519
-0.146465
-0.0256474
-0.111521
-0.129177
0.921457
0.911999
0.292562
0.817842
1.49578
-0.879531
0.339163
-0.366641
-0.0112709
-0.00299678
-0.765573
1.79977
0.929215
0.0959029
-0.511648
1.94996
1.03975
1.99221
-1.05054
-0.854255
-0.896099
1.92338
0.0073901
1.13626
-1.91213
-0.944877
1.02543
-1.89509
0.869662
0.021231
-0.0268087
-0.0882463
0.873856
1.90542
-1.09157
-0.813851
-0.147539
-1.35851
-0.138124
-1.06163
0.734191
1.33674
0.0809152
-1.94542
-0.0998055
-0.0423899
-0.0794817
0.121872
0.619766
-1.04476
1.7998
-0.755032
1.87399
-0.790264
-1.08372
1.00686
0.0169404
1.35949
0.946709
1.0371
-0.924899
-1.48445
-0.477273
-0.520137
0.99741
-0.154204
0.825133
0.482549
0.31685
-0.799399
2.03589
-1.1431
-1.07576
-1.03635
-0.563064
-0.770212
1.33328
0.0195934
-0.980826
-0.124379
0.464434
-1.5869
1.90313
-1.11183
-0.516701
1.04784
-0.0515385
-0.0148183
-0.235037
-1.74864
0.703875
-0.689434
0.123376
-0.0105672
1.93819
-0.922148
-1.01604
0.907624
-1.02429
1.23926
0.411261
-1.05183
0.640573
0.748469
1.10536
-0.105752
1.7308
-1.24159
-0.648838
-0.0965902
-0.0843785
-1.91668
-0.257531
-0.0440167
-0.932788
-0.051648
1.13264
0.805544
-0.811552
1.86403
-1.05248
0.979551
0.071848
0.177984
-1.54002
0.654486
-1.6814
1.02691
1.11287
-1.64913
-0.877726
1.77433
-0.923824
1.76743
-0.0599755
-0.0311287
0.0158068
-0.0158068
0.149063
-1.14374
-1.01476
0.53317
0.354072
-1.02074
-1.22726
0.752199
1.89783
0.178721
0.455426
-1.01517
1.91268
1.01238
-1.92739
-2.05714
0.970357
-0.321197
0.295568
0.732797
1.19752
-0.217584
-0.613754
0.336167
-1.03371
1.991
-0.135159
0.0588241
1.00615
-0.201756
-0.450972
-1.4219
-0.909455
1.92183
-0.0423642
-1.66688
0.823071
0.000704258
0.936652
0.426437
-0.17973
-0.246707
0.914619
-0.116106
-0.0943394
0.369075
0.0136633
-0.0136633
-0.804944
0.62966
-1.81632
1.02354
0.0323158
-0.0362081
-1.11043
-0.0317119
-0.221768
-0.0970026
-0.0552031
-0.70691
1.72325
-0.721604
-0.123718
-0.417265
1.03182
-1.14305
-0.340877
0.000642732
0.340235
-0.081976
-0.0970765
-0.0827825
-0.0762234
0.457874
1.73655
-0.829535
-0.217347
0.908208
1.08896
0.874836
-0.549848
0.28321
0.0388824
0.957674
-0.0939216
1.11027
-0.656709
-1.51354
2.17025
-1.28715
0.518357
-0.0707792
-0.0662383
-0.0817159
-2.06525
-0.0964604
1.01963
-0.302631
-0.717001
-1.55441
0.0738703
1.11762
-0.162733
0.0799452
0.444539
-0.60022
-0.527354
-1.60402
-0.192147
-0.12905
-0.0977563
-1.60831
1.00809
-1.21405
1.0807
-0.050791
0.913778
1.19121
-2.10499
-0.248671
-0.245972
0.505415
-0.0754521
-0.0750205
-0.839276
0.473831
-1.23489
0.180485
0.0217731
0.591761
-0.231784
0.749341
1.27916
-2.0285
-0.0868058
-0.62122
1.20922
1.00919
-1.05032
-0.912309
-0.0734489
-0.492842
-0.0335725
0.534381
0.0665778
-0.199524
-0.3554
-0.781262
-0.169714
-0.0617191
0.592999
0.133432
-0.0107017
1.00322
-0.0691043
-0.726583
0.974255
-0.256227
1.1898
0.835022
0.0746354
-0.801414
0.129803
0.978318
-1.85022
-0.755177
2.07445
-0.0160166
0.00506495
-0.1732
1.37425
-2.12942
1.438
-0.531387
0.407417
-0.082368
0.30363
-0.709926
-0.597216
-0.127492
0.0479005
-0.565838
1.52285
0.702892
-1.26596
-1.78087
0.72839
1.6228
-0.906965
-0.715839
0.771235
0.161609
0.238755
0.439217
-0.677972
-1.00047
0.523202
-1.07699
1.76029
0.0923834
1.31062
-2.1389
0.828285
0.894348
-0.705278
0.00630309
-0.121625
0.695731
-0.155605
-0.97548
1.55997
-0.584493
0.624462
-1.24251
0.618052
-1.04134
-0.932865
1.91426
-0.950247
0.827075
-2.01815
1.18772
-0.60133
-1.31011
1.91535
0.246883
0.0235849
1.16303
0.641495
0.520224
-1.16172
-0.422838
0.156231
0.0922001
-0.993245
-1.35179
-0.380487
1.73228
0.872164
-0.547368
-0.137792
0.00170262
0.136089
-0.373441
1.75132
-1.26898
-1.9881
1.29686
1.46737
0.0209878
0.65983
-1.45014
0.514566
-0.0881291
-0.00805942
-1.64141
0.453932
-0.581609
-0.63118
-1.1519
-1.80123
0.739982
-1.09803
0.231085
0.292417
0.892151
1.05229
0.315477
0.704156
-1.31315
2.22692
0.937822
-1.06276
-0.0221048
0.383882
-0.649851
-1.31348
1.96333
-0.020242
-0.0639421
1.81335
-0.402479
0.0676815
-0.000368698
0.950638
-1.2032
-0.0349698
-1.39743
-1.26421
0.309919
0.54533
-1.06203
-0.982993
1.92176
2.01828
0.128325
-2.17337
1.27674
1.02532
0.981289
-0.14065
0.493126
-2.33039
0.966981
0.631671
0.97141
0.236613
-1.11741
1.8458
0.00780303
-0.00232475
-0.00547827
1.09944
-0.688175
-1.15602
0.042994
0.438089
0.314587
1.51052
0.58772
-0.646372
0.0529184
1.00195
-1.7464
-0.908487
0.629299
-1.57569
0.932356
0.976005
-1.43735
1.54757
-0.944296
-0.95407
1.63411
0.470776
-0.65636
-1.95871
1.01383
-0.0710798
-0.628071
0.309726
0.246235
0.720488
-0.0995271
0.00342084
-0.0849737
0.760731
-2.00289
1.01897
-0.421598
0.639839
-1.49277
-0.900725
1.3897
-0.0406071
-1.17839
-1.31047
0.232013
0.039007
0.851171
0.358275
-1.37501
1.49346
-0.118453
0.585653
0.913601
-1.49925
-1.00301
0.695935
-1.05169
-0.387132
1.43882
0.774654
-0.994959
1.0171
1.64023
-0.63214
-1.62367
-0.00289859
1.0823
-1.93856
-1.25741
0.810302
-1.43294
0.62264
0.701278
-0.939316
-0.0927451
1.03206
-0.336867
0.273311
0.014599
-0.28791
-0.575838
0.178703
0.00943862
1.54972
-0.746049
1.90836
-0.491088
0.122263
0.368824
0.161665
-0.146072
0.243057
-1.12854
-1.50426
1.73997
0.421459
-1.00549
-0.616389
1.77839
-0.734992
-1.04339
-0.0454238
-0.0476097
-1.96097
-0.567327
0.820855
-1.15206
-0.209308
-0.736357
-1.36664
1.17527
-0.65855
-1.90326
-0.719257
-0.0022123
0.226636
-0.719487
-1.10449
0.550569
1.58301
-0.923184
-0.758715
0.292211
0.645837
0.819486
0.985808
1.75867
0.106381
-0.794367
-0.922527
0.690902
-0.776362
1.34739
2.05178
-1.30244
0.724586
0.168752
0.336051
-0.351381
0.01533
0.278539
-0.00101793
0.983505
-1.34743
-0.78648
1.08505
-0.666879
0.849233
-0.116473
-0.0241019
-0.813296
-0.947514
0.301334
0.646179
1.48031
-1.66591
0.185591
-1.69652
0.604069
0.184075
-0.468634
1.20985
-0.640174
-0.0556284
0.00417389
1.33317
-1.23102
-0.102155
-1.18575
0.124121
-0.314531
-0.723739
-0.0396747
-0.425035
0.464709
-0.223617
0.202075
0.217007
0.147338
-0.176874
0.623662
-1.47115
-0.437574
1.06527
0.485461
0.20001
-0.0199133
-0.59558
1.33274
0.741706
0.964331
-1.40086
-0.0279019
0.0545943
-0.0545943
0.607663
-0.425887
-1.08582
0.768034
-2.08151
-0.0259666
-0.309093
1.0358
-0.0231002
-0.483048
-0.759466
1.73066
-1.96533
-0.12716
1.02078
0.223846
0.724932
1.18007
0.0251839
-0.121844
0.0966602
0.918801
-0.029371
-0.88943
-1.03652
0.50711
-1.38522
0.878106
-0.166136
-1.0546
1.0902
-0.0355965
0.514186
-1.56588
-0.867646
-0.161281
-0.847289
-0.0970278
-1.19294
1.21979
-1.3778
1.33276
0.0450437
0.0614326
-0.121408
0.579167
-1.42628
1.22775
-2.2522
1.02446
0.0207961
0.000605202
-0.281092
-1.13662
0.573326
-1.54755
0.138141
0.977165
1.01918
-1.99634
-0.366227
0.977462
0.110262
-0.0317464
-0.0785154
0.0837218
-0.0837218
1.40654
0.435763
0.885135
1.14373
0.368981
-0.931127
0.0399979
0.17883
0.530337
-1.04143
1.97808
-0.117541
1.59786
-1.55489
-0.411774
-0.0857786
0.170641
-0.647197
-0.732616
0.269938
0.462678
-1.20548
1.28041
-0.0749215
0.628358
-1.33828
0.632587
-1.96658
1.334
2.01449
-0.117745
0.181874
-1.35264
0.155689
0.379403
-1.08928
1.14571
-1.05554
0.340902
1.0065
0.148613
-0.961493
0.370056
-0.135504
-0.0595868
0.335147
-0.099022
0.598262
1.41622
-0.165292
0.168937
-1.52376
-1.50769
1.6038
-1.63377
-0.990463
1.77858
1.07469
0.276717
-0.0737999
0.949453
0.480106
0.825966
0.172558
-0.0671943
-0.3367
-1.28679
-0.127687
-1.26974
-0.789493
-0.0111596
0.0111596
0.62583
-0.222433
0.592337
-1.94412
-0.00444267
-1.06271
-0.00075941
0.00075941
-1.10264
1.40545
-0.787394
-0.00936124
0.00936124
0.392332
1.26806
-0.00437775
0.392596
-0.0194312
0.0194312
0.883719
-0.0225384
0.0225384
0.0301678
1.24566
-1.27583
0.0813296
-0.0298348
0.0298348
0.246923
0.0721478
0.000700037
-0.0728478
0.0143811
-1.17708
0.423032
-1.59214
-0.451415
0.0306615
-0.0306615
-1.66732
-0.550873
-0.5008
-0.341831
0.978123
-0.636292
-1.2438
-0.0150363
0.0150363
0.0887577
-0.140296
-0.0295064
0.0295064
-0.472573
-0.614769
0.0187417
-0.0187417
-2.12543
-1.34586
-0.0308442
0.0308442
0.266971
0.882097
0.0158516
-0.0158516
-0.0288053
0.0288053
-0.0633261
0.0149152
-0.0149152
-0.0288002
0.0288002
-0.620831
0.801501
0.0152217
-0.0152217
-0.283327
0.116472
1.45338
-0.761296
0.0102118
-0.0102118
-0.0393856
0.0393856
-1.33132
-0.130568
-0.913757
-1.16775
0.013924
-0.013924
0.649678
0.108783
-1.44763
1.54618
-1.08175
0.0801929
0.0284734
-0.108666
-0.162149
-1.37787
-0.0180203
-1.00807
1.26718
0.705398
0.315476
-1.75067
0.767838
-0.205988
0.207233
-0.00124432
0.0332808
-0.0332808
0.0085897
0.0682652
-1.24666
0.480719
-0.49804
-0.0113755
0.00733064
-0.00733064
0.00358448
-0.00358448
-0.000658618
0.000658619
-0.00493272
0.00493272
-0.0107161
0.0107161
0.764176
0.379558
-0.0177095
0.0177095
0.0394108
-0.0394108
0.0641744
-0.0369548
0.0369548
0.218127
-0.050153
-1.29019
1.05006
-2.01093
0.695102
0.947347
-0.0481872
0.0481872
-0.0410091
0.0410091
-0.0579273
0.0579273
0.447881
-0.431854
0.123826
-0.0193214
-0.0712702
0.0712702
-1.33659
0.0268894
-0.0268894
0.624053
1.34763
-0.54505
-0.351513
0.365069
-0.0814242
0.0814242
-0.032561
0.032561
-0.105106
0.105106
-1.87529
1.4948
0.337973
-0.280346
-0.0576264
0.0160885
-1.31877
0.175713
-0.0342992
0.0342992
-0.251619
1.33659
0.141937
-1.19099
-0.0714064
0.0714064
-0.919171
-0.0357855
0.0357855
1.67741
-1.59704
-0.0145259
0.0145259
-0.0353063
0.0353063
0.0743192
-0.0743192
0.754386
-1.72377
0.110261
-0.110261
-0.0359115
0.0359115
-0.50821
0.925981
-0.417771
0.942537
-1.77793
-0.657378
-0.430329
1.08771
-1.49317
-0.0367756
0.805376
0.994393
-0.129145
0.129145
0.0293355
-0.0293355
-0.0290714
0.0290714
0.865732
-1.67202
0.808537
-1.84997
-1.4289
1.4289
0.75784
-1.34609
0.364541
-0.31171
1.24341
-0.145233
0.145233
-0.0376972
0.0376972
-0.966916
-0.518917
-0.137384
0.137384
-0.0416479
0.0416479
0.527883
-0.599196
0.164531
0.0366483
-0.0434894
0.0434894
-0.131792
0.131792
-1.64625
0.864991
-1.59109
0.566798
0.0151571
-0.0151571
-0.107907
0.0138796
-0.0493811
0.0493811
-0.149643
0.149643
-0.0384393
0.0384393
-0.111631
0.111631
-1.20221
1.0112
-1.32435
0.0391636
0.883594
-1.81638
-0.0367027
0.0367027
-0.131193
0.131193
-0.0576056
0.0576056
0.0534333
-0.284045
0.515546
-0.0549911
0.0549911
0.0311804
-0.562483
-0.0388505
0.0388505
0.201529
0.151859
0.958407
0.0831785
-0.923569
-0.0558669
0.0558669
-0.0400671
0.0400671
-1.385
1.37694
-0.749776
-0.745969
1.49574
-1.40031
-1.14862
0.459065
0.0550788
-0.336836
0.281757
-0.0281617
0.0281617
0.0109832
-0.0109832
-0.0365052
0.0365052
0.594243
-0.441869
1.183
0.106345
-0.626492
0.520147
0.303808
-0.34186
-0.608769
-0.152695
0.761464
0.0590204
-0.0590204
-1.42254
1.42254
-0.0361766
0.0361766
0.509507
-0.402167
-0.418675
0.0707915
-1.12998
-0.00249439
0.00249439
0.0624537
-0.0624537
-0.178898
-0.0436369
-1.09983
1.40951
-0.0244644
-1.21934
0.769831
0.0164659
-0.0164659
0.0125043
0.0406564
-0.0406564
1.00525
0.367703
-0.491828
-0.24147
-0.564597
0.398925
0.39277
-0.426342
-0.0811675
-0.272563
0.699534
-0.426971
-1.89794
1.03376
0.0214361
-0.0214361
0.349121
0.444875
-0.0435573
0.0435573
-0.742604
0.799756
-1.00823
-0.106224
0.0146279
-1.21684
0.0246941
-0.0246941
-0.0441397
0.0441397
-0.0440696
0.0440696
-0.0503727
0.0503727
-0.0459131
0.0459131
-0.0476157
0.0476157
-0.0455205
0.0455205
0.26413
-0.202802
0.046858
-0.0460782
0.0460782
0.852926
0.053864
-0.053864
0.257932
-0.388995
0.251085
0.0256311
-0.0256311
0.852556
-1.72245
-0.543486
0.0570355
0.010646
-0.102196
-0.336472
0.438667
0.027691
-0.027691
0.634941
0.0296306
-0.0296306
-0.0886095
0.0360774
-0.0360774
1.36533
0.713262
0.317096
0.0364461
-0.0364461
-0.0821621
0.16895
-0.409615
-0.53933
0.948945
-0.031746
0.031746
-0.0819659
-1.06177
0.0911113
-0.240974
-0.407196
0.562884
-0.938504
-0.0874601
1.20596
-0.285216
0.49983
0.101791
-1.16007
-1.64875
0.44377
0.0748922
0.0301455
0.0018044
0.615125
-0.0669813
0.00418565
-0.0957529
1.11135
1.16319
0.0928384
-1.25602
1.08013
-0.374734
0.223115
0.895761
-0.831341
-0.0644203
0.422662
0.364121
-0.216272
-1.29849
0.906938
0.391555
-1.4692
0.865065
-1.01578
-1.50551
0.0155649
1.48995
1.3952
-0.876597
-0.976902
-0.919466
-1.03848
-1.37407
0.0266391
0.0782028
-0.0782028
0.128838
-0.297769
0.663377
0.380655
-0.162577
0.50174
0.00864532
-0.00864532
-0.152827
-0.822334
-0.0829136
-1.07537
0.946402
-0.0626826
0.274933
-0.344062
0.540122
-1.41965
-0.261306
-0.0242407
0.566504
-1.03937
-0.609377
-0.829101
-0.342521
-0.50171
-0.0839348
1.91783
1.31431
-0.0686509
0.00840417
0.135431
-1.1839
0.613777
-0.150114
-1.06319
1.73937
1.35605
-0.134543
-0.0917522
-1.60953
-1.30956
0.223737
0.166586
0.025936
2.10187
-1.22704
-0.0122513
-0.0118506
1.27871
0.382611
-0.481881
-0.139138
-1.05972
-1.20212
0.61169
0.0981188
-0.912132
-0.799624
-0.544154
-0.0473873
0.0473873
0.00964008
-0.00964008
-1.04473
0.405072
-0.616212
0.21114
-0.619674
1.08584
-0.700288
-0.293862
-0.299228
-0.174606
-1.10005
0.22402
-0.265208
0.794916
-1.1571
0.975815
0.181289
-1.12274
1.02999
1.12686
-0.455173
-0.67169
-1.07974
0.0856781
-0.00487069
1.02672
-1.11153
1.53456
1.27694
-0.42791
1.20256
0.0378265
-0.00496577
1.20495
-0.475539
-1.14577
1.14577
-1.25103
0.223853
-0.118986
-0.104867
0.671614
-0.174619
-0.878226
0.505398
-1.51475
1.53469
-0.524808
0.537117
0.878315
-0.945029
0.0667142
-1.83719
-0.384402
0.288073
-0.131973
1.10005
0.620657
-1.27394
0.653282
0.00370692
0.0119774
0.302591
1.08148
-1.38407
1.06462
0.117407
-0.579802
0.0780922
0.313989
-0.157173
0.185445
0.00172215
0.334863
-0.419358
-1.21894
-0.131816
1.56926
-1.06384
0.50284
-0.0874692
-0.559457
0.646926
0.585258
-1.10222
0.516964
0.351771
0.0574719
-0.0574719
-0.167913
0.624461
0.752129
1.22301
-1.22301
0.2884
0.0349827
0.273033
-0.479449
1.05401
-0.108533
0.535699
0.335216
-0.122753
2.18538
-1.06796
-1.09154
0.166641
-0.0809559
-0.29396
0.374916
0.259374
-0.487845
-0.490507
0.000306012
-1.18774
-0.00325671
1.19395
-0.659797
1.18574
-0.525947
0.318974
-0.0915008
0.971667
-0.150089
-0.00144019
1.11504
-1.76388
0.985737
0.896246
0.0894912
0.998359
-1.07139
0.451111
-0.0346714
-0.226635
0.998691
-0.905625
-0.0930656
-0.557784
0.578076
-0.14061
-1.74513
0.525979
-0.266254
0.370758
-0.097447
-1.08852
2.05551
0.00408134
-0.089547
0.0832146
0.793279
-0.82265
-0.0293987
0.0293987
-1.47304
0.383682
-0.0826449
1.91744
-0.428197
0.667299
-0.103909
-0.0131675
-0.0395133
0.461642
-0.0125932
0.118554
-0.06764
0.234268
0.142866
-0.70919
0.566324
0.0269907
-0.0269907
0.0747122
-0.0747122
-0.820641
1.76318
0.833905
-1.69811
-0.0265938
0.0265938
1.07139
-0.486897
0.394871
-0.296266
-0.309925
0.606192
-0.541705
-0.122882
-0.355211
-0.661919
0.258703
0.273544
0.400395
0.573944
-0.407439
0.840855
-0.0102054
0.0102054
-1.05874
1.53885
-0.128433
0.128433
0.0578205
-0.139192
0.44022
-0.301028
-1.04272
-0.135103
0.258947
-1.02967
0.312668
0.562035
0.0832807
0.455322
0.822051
-0.159522
-0.456221
0.379997
-0.303727
0.454959
-0.151232
0.727025
-1.34043
0.168979
1.82945
-0.871775
-0.273627
-0.16363
0.437257
-0.151078
0.60501
0.00650405
0.0687926
-0.0752966
-1.27216
-0.212552
0.191693
0.613339
-0.159146
0.28895
-0.825717
0.00680464
0.0535118
0.390683
-0.60427
0.141984
0.00522176
-0.113129
-1.8405
-1.36793
1.34628
0.251571
0.00520187
-0.00520187
-0.138312
-0.922628
-0.00094159
0.0122645
0.376537
-1.48914
-0.0425945
0.187302
-0.144708
-0.0550865
0.0550865
1.63376
-0.495752
-1.138
-0.487359
0.237421
-0.805985
0.394211
0.152559
-0.0489912
0.214547
-0.101324
0.323411
-1.36613
-0.80185
-0.0487825
-0.647686
-0.126786
1.27157
-0.01802
0.0159604
0.00205959
0.780637
0.330726
0.542191
0.965319
-1.78596
0.295993
-0.207511
-0.256689
-1.36664
0.285081
1.45489
0.107457
-0.107457
0.797616
0.234446
-0.434656
-0.0783071
0.131261
-0.328321
1.0925
-0.206608
-0.526008
-0.431104
1.3677
-0.493264
1.60831
2.29444
-0.281344
0.197277
0.318679
1.08973
-1.0151
-1.10359
1.33539
-1.5629
-1.05532
0.326893
-0.330342
0.0462976
0.284044
1.4495
-0.105662
0.0730604
-0.96249
-0.0158053
-0.128384
-0.369067
0.0164934
-1.51884
0.140976
0.569584
-0.0928475
-0.841433
0.156075
1.8101
-1.06163
0.541884
-0.917713
0.320146
0.0637355
1.05061
0.191244
0.119446
0.256861
-0.435517
0.556569
-0.475194
0.123649
-0.00959822
0.87606
-0.127091
-0.239725
0.366816
0.898593
0.54434
1.36359
0.469914
-0.0475076
0.0125043
-0.11399
-0.240307
0.354296
-0.126114
-1.21907
-1.03313
0.00342084
-0.0976676
0.447166
1.08953
-0.538961
-0.996287
0.00777049
-0.0440386
0.177053
-0.480617
1.25157
-0.101554
0.114116
0.34811
0.448657
-0.686446
0.645692
-0.375754
-0.328169
-0.0939964
0.422165
-0.879585
-1.11676
-0.0231832
-0.00221317
-0.0176988
0.0755193
0.990344
-1.50747
0.517127
0.0206673
0.553876
-0.574543
0.360934
-0.738591
-0.973561
1.26174
0.052503
0.00412828
-0.0102632
-0.360963
-0.117281
0.373288
0.352951
-0.447146
-0.248111
-0.0714933
0.319605
0.917824
0.185962
-0.185962
0.607262
-0.0867384
-1.46816
-0.100868
-0.250513
0.711675
-0.444704
-0.145728
-0.397716
0.0214855
-0.0214855
-0.22599
-0.137703
0.363693
-0.433152
0.305169
-0.01007
-0.13461
-0.282695
0.486373
-0.881257
-0.370749
0.945634
-0.855001
0.11291
-1.00138
-1.2122
1.64613
-1.11296
-0.157525
-0.323091
-0.247866
-0.422799
-0.718512
1.29246
-0.204947
-0.387842
-0.233271
-0.24492
0.478191
-0.265514
0.449589
-1.03979
0.80923
-1.80552
-0.142282
0.0131057
0.0113425
-0.0440886
-0.176023
1.20134
-0.953482
-0.109366
-0.164243
-0.193953
0.358196
0.0335418
0.677753
0.0710351
-0.225239
-0.00805348
-0.157229
0.746368
0.00115509
-0.448653
0.927576
-0.478923
-0.148719
-0.440912
0.589631
0.105221
-0.0771823
0.0409165
0.697245
-1.34362
-1.39535
-0.396865
0.744976
0.262205
-0.228746
-0.0334593
1.15462
-1.15462
-0.00133776
0.0139984
0.435014
-0.436259
1.23956
0.289458
-0.0681631
-0.221295
0.18961
1.65263
-0.786902
-0.711358
-0.0579078
-0.267198
1.4775
-0.625682
1.591
0.00203893
1.05457
0.712866
-1.60883
-0.15349
0.0124675
-0.0506561
0.0381886
0.182322
-0.000936397
-0.366132
0.276863
5.11473e-06
-0.15025
-0.104287
-0.0353042
0.0353042
-0.201695
-0.218815
0.42051
0.212423
-0.254787
1.32271
0.000306422
0.00214783
-0.921949
-0.236096
0.204384
0.287706
-0.384783
0.21911
-0.78295
1.53047
-0.511123
-0.447058
-0.553417
-0.119949
0.554963
-0.251266
-0.333756
0.117484
0.252735
-2.13345
0.61289
0.59633
-0.30633
0.235551
0.0385634
-0.184635
0.564385
-0.173915
0.596824
0.483297
-1.08012
-0.299787
0.289219
-0.432175
1.45571
-0.85082
-0.426639
1.01436
-0.444097
-0.355302
0.136594
-0.448305
0.722575
-0.522382
-1.30239
1.57499
0.425915
-0.602789
0.13714
0.158428
-0.0338647
0.293618
-0.490579
-0.362334
1.34988
0.895852
0.738259
-0.252841
0.81898
-0.49821
-0.32077
0.314578
0.664096
1.71262
-1.2573
0.328888
-0.403909
0.810428
0.952749
-0.443321
-1.29532
0.0831165
-0.00367401
0.215884
0.227175
0.009438
0.292338
-0.00404485
0.610081
-0.00374617
-0.0042431
-0.0042741
0.0126012
-0.00578336
-1.32519
1.93093
-0.425236
-0.0087764
-0.490321
1.06365
1.21958
-1.85425
0.634671
-0.000474142
0.0374934
-0.00974009
-0.332545
0.469139
0.0273033
-0.0273033
0.123968
-0.0291156
-0.941114
1.56947
0.0139984
-0.27393
0.736608
-0.0133429
-0.61466
-0.449996
0.353406
0.104873
-0.010154
-0.806951
-0.271955
-0.00567155
-1.31081
0.0423181
-0.277355
-0.0236818
-1.34269
0.280914
0.224398
-0.34424
0.822385
-1.62934
-1.08085
0.299366
-0.155014
0.155014
-0.00173826
-0.0527847
-0.0100753
-0.157797
0.16334
-0.159347
1.79172
0.474628
-0.812306
1.74841
-0.00148628
0.350933
-0.00410358
-1.17297
0.170691
-0.0985434
-0.126877
-0.413577
0.278073
-0.150557
0.0171883
0.189526
-0.0917481
-1.15491
0.429883
0.000479166
-0.23034
-0.319508
0.659892
1.30529
-0.94022
1.08261
-1.06798
0.627645
0.292146
-0.364692
0.450272
0.44445
-0.253151
0.230051
1.3179
0.0154327
-0.674116
-0.641281
0.163191
-0.191093
1.22458
0.433118
0.0600073
0.388619
-0.428294
-0.240432
-0.246927
2.02881
0.122793
-0.0347188
0.0631922
0.000631146
0.0649222
-0.532944
0.468022
-1.11094
-0.785895
-1.01091
0.116112
-0.0637233
-0.052389
0.456609
-0.87438
-0.0660172
-0.855234
-1.38048
-0.00940258
0.195503
-0.733557
0.133003
-0.00184149
0.00559185
-1.31109
-0.000492212
0.349448
-0.504893
-1.14576
-0.655165
0.505076
1.71661
0.570847
-1.10981
0.612199
0.735192
-0.505048
0.114774
-0.0377517
-0.0152989
1.38205
-0.475112
-1.11974
0.194784
0.0181553
-1.25748
-0.348743
0.29482
-0.257239
0.125266
0.00173663
-0.0195614
0.937726
0.645288
0.603092
0.637984
-0.874013
-0.54564
-1.14902
-0.765374
0.966394
-0.410814
-0.339612
-0.262355
-0.321416
0.612249
-1.11626
-1.51914
-0.00180222
-0.294565
0.36927
-0.0747051
-1.36147
-0.934499
0.0277052
1.49111
0.00356183
-0.400453
-1.42193
0.441013
-0.980343
-0.3215
0.370307
-0.579058
0.208751
0.504848
0.000328669
-0.796214
0.459058
-0.116673
1.56986
-1.4021
-0.611615
0.641515
-1.37364
-0.0272217
-0.0950972
0.077077
0.152942
0.942863
0.0958851
0.046842
-0.200805
-0.0620731
1.49085
-0.878649
0.0139716
-0.814257
-0.0506946
-0.00126069
0.0519553
1.63586
-0.813479
-0.677609
-0.401802
-0.125612
0.527413
-0.517986
0.269985
-0.66685
0.00497017
-0.00290089
0.419693
-0.565421
1.20883
0.503701
0.00301124
-0.190831
-0.464334
1.71561
-0.905756
0.0740256
0.108264
0.00325798
0.495311
-0.0236399
-0.156471
0.100843
1.35033
-0.617382
-0.339589
0.430268
-0.0906784
0.131796
0.491866
-0.552148
-0.514997
7.01753e-05
-1.10329
0.668633
0.41407
-0.354021
0.000936967
0.687419
0.691108
-1.37853
0.00209523
-0.356643
0.254448
-0.000557709
-0.13409
-0.447519
-0.647291
-0.403217
-0.531487
0.298216
-0.014576
0.0020599
-1.347
0.29354
0.658669
0.551185
0.00193964
0.0685027
-0.704818
0.600487
0.00644681
-1.10154
-0.208405
-0.510335
0.44589
-0.606001
-0.00504596
-0.475815
0.152724
-0.600598
1.25388
2.04374
-1.34781
0.0496998
0.791153
-0.761008
0.864939
0.0810221
0.110805
-0.149419
1.18653
-0.169642
0.126005
-0.0182391
0.372069
0.726139
0.834228
-0.862166
-1.10342
1.17162
0.446196
-0.774663
-1.24616
-0.362714
-0.190225
1.16604
1.26932
-0.786026
-0.112193
0.367047
-0.352448
-0.448006
-0.0927076
-0.0531216
0.644571
0.134626
-0.602308
0.467682
-0.0897063
-1.27694
-1.32203
0.0903549
0.0324377
-0.564613
0.537056
-1.24115
-0.165884
1.05433
-0.945028
-0.395743
0.925879
-0.59474
-0.331139
0.152551
0.136907
0.379173
0.067023
-0.105638
0.486293
-0.175423
-0.0371292
1.35262
1.19206
0.262415
-1.14014
0.0982833
0.199503
-0.251151
-1.01003
-1.07131
-0.169186
0.0830168
-0.0811753
0.750311
-0.0534287
-0.225076
0.278505
0.252214
-0.0610262
-0.269316
0.179854
1.27304
0.699744
0.11374
-0.0120679
-1.48131
0.090969
-0.0640056
-0.014577
-0.387875
-0.992137
-0.276731
-0.00731443
0.0424902
-0.0538804
0.0113902
-1.24981
0.611174
-1.07423
1.09601
0.00481666
-0.00986262
0.458231
0.460043
0.850784
-0.00180839
-0.0628367
0.0540603
0.244725
-0.116452
0.106298
-0.0818331
-0.635597
-0.391234
0.0689018
-0.415294
0.490372
0.336018
-0.433021
-0.0673411
0.06938
-0.510393
0.320076
-0.0941059
0.52781
0.451472
-0.0180531
0.0180531
-0.0102604
-0.0307385
0.0269924
-1.26768
0.0967462
-0.748023
0.0100846
0.166025
-0.368293
0.959133
-0.269353
0.193213
-0.22042
0.0272071
0.501889
-0.423797
0.343925
0.0544553
0.063582
-0.0271332
-0.307196
-0.0200686
0.390443
-0.0733473
-0.596989
-0.048955
0.369031
-0.454347
-1.45392
-1.08044
1.90557
-0.370067
0.154495
1.66634
0.481789
-0.0890191
-0.863979
0.232353
-1.15833
1.53255
-0.374227
-0.00188335
0.00188335
0.0923896
-0.00570489
-0.0866848
0.281368
-0.0925883
-0.188779
-0.243824
0.290122
-0.0485962
0.290064
-0.38972
-0.860382
0.952766
0.454781
0.636159
-1.50793
-0.0568319
0.335278
-0.397548
-0.324555
-0.191228
-0.000565341
0.271749
-0.118807
-0.17122
0.0247548
-0.00104814
-0.0126152
0.0107506
-0.122271
-0.530455
0.287165
-0.37397
-0.720042
1.28655
-1.18944
-0.136172
-0.368876
-0.237065
0.520274
0.129294
-0.428522
0.848962
0.00654515
-0.365378
0.655289
1.41294
0.305789
-0.803243
0.237802
-0.27401
1.07842
-0.972043
-0.322744
-0.29731
0.212932
0.232173
-0.313889
0.0615095
0.0202532
0.0318724
-0.887107
-0.590128
1.73033
-0.992076
-0.00443821
-0.426975
0.0123008
0.00273558
-0.0230065
1.05765
-1.03464
0.255832
0.327034
0.125341
-0.254391
-0.373407
0.311688
1.63018
0.238265
-0.336022
0.211756
-0.335475
-0.417838
-0.181358
0.0123008
0.0180256
-0.0235039
1.19896
0.0186962
-0.0899048
0.111482
0.0391256
-0.0225197
0.0648116
-0.0648116
-0.378303
-0.0167353
0.0581503
-0.784417
1.39954
0.058829
0.321004
-0.30141
-0.0475569
-0.418001
0.321541
0.176724
-0.0288031
1.74913
-1.03587
-0.0786721
-0.0317889
-0.393246
0.0634824
-0.0244911
-0.738222
-1.0673
0.407588
-0.608938
-0.734679
0.0611531
0.258451
-0.417117
1.0105
0.0220643
-0.0324284
-0.213224
-1.24422
-0.0220643
-0.935176
-0.61375
0.153878
-0.512518
0.000958986
0.419438
-1.41268
-0.620327
-0.0356741
0.117728
-0.108463
0.073539
0.0154984
-0.0207544
-0.568395
0.116912
0.246781
-0.22961
-0.0437475
-0.356263
-0.0684038
-0.902627
0.145864
0.212332
0.375365
-0.475171
1.19261
-0.879855
-0.679756
0.355201
1.08173
-0.23744
0.40639
-0.0128402
-1.38515
1.29544
0.895141
-0.311283
-0.583858
-0.248292
0.0195459
0.0621264
-0.283894
-0.151942
0.325548
0.0575297
0.82144
-1.21561
-0.481663
0.329721
0.0593232
-0.0227054
-0.136987
-1.20103
0.150327
-0.176293
0.0101104
0.060552
-0.0706624
0.00858578
-0.0330679
0.0330679
0.572414
-0.552966
0.243041
-0.00104315
0.00104315
-0.623982
-0.299517
0.143912
-0.130773
-0.176393
1.24213
-0.725169
0.422568
-0.101347
0.126354
-0.178397
-0.0288031
0.937848
0.177049
0.377914
-0.477021
-0.0975229
-0.173416
0.573811
-1.51992
-0.61353
0.347385
-0.106013
0.174391
0.209284
-0.564788
-0.132705
0.0232212
-2.04576
-0.677358
-0.0328217
0.353348
-0.399589
0.993831
0.0136263
0.0977994
0.0252237
0.610693
0.167049
-0.186962
-0.0252237
0.013708
-0.175947
-0.295921
-0.923495
-0.115052
-0.707598
0.799428
0.254579
0.03287
-0.0757227
0.482438
-1.54407
-0.00968848
-0.135251
0.0810936
-0.250621
-0.113763
1.60853
-1.21433
-0.394165
0.0207999
-0.388482
1.4062
-0.0562423
0.824829
-0.970325
1.24704
-0.0115881
-0.846862
0.672638
0.0171427
0.277651
-0.0660517
-0.131532
-0.641421
0.436474
-0.633115
0.482037
0.320751
0.0758163
0.712541
-0.312438
-0.134707
0.0226284
-0.413132
-0.253621
-0.00861517
0.381313
0.343212
-0.740606
0.397394
0.0820979
0.0183036
0.0977647
1.03526
-0.868617
1.04496
-0.158114
-0.0183036
1.63194
-0.498226
0.161754
-0.00767872
-1.10326
-1.47056
0.184106
0.0953368
0.521109
-0.0530872
-1.07308
0.136569
-0.0741575
0.801102
-0.808292
1.26601
-0.114989
-0.00214252
-0.120739
-0.911578
1.03046
-0.113978
0.134767
-0.153988
-1.09429
-0.0346805
-0.102524
0.00695944
-0.182223
-0.712574
1.32375
0.0350627
0.115284
-0.738314
-0.00141971
-0.0224321
-0.0314484
-0.0955307
-0.0932448
0.334964
1.50553
0.472761
-0.63555
0.316042
1.36491
-0.427188
-0.0121911
1.10581
0.485193
-0.394057
-0.495795
0.381817
0.0317381
-0.0986112
0.194726
-0.089113
0.31599
-0.0374504
0.218628
-0.0064904
-0.00491777
-0.251309
0.15257
0.663012
-0.0357992
-0.16256
-0.198096
-0.613859
0.434961
0.375004
1.84528
0.0130535
0.247678
-0.321127
-0.0131019
0.115159
-0.287169
-0.121765
0.0497422
-0.0240444
-1.39998
0.0529734
-0.301841
0.132308
0.317282
-1.51965
-0.454776
0.848953
-0.380128
-0.468825
0.0238429
1.21572
0.294097
0.413478
-0.142743
0.13323
-0.462422
-0.455291
1.32328
0.028136
-0.167612
-0.0171427
-0.00984803
0.0500089
0.0357992
0.776227
-0.460635
-0.917893
0.331866
-0.0183818
0.00949565
0.169249
0.251261
-0.0261328
-0.259457
0.225998
-0.272238
0.310646
-0.445354
0.541305
0.590485
0.0861505
0.187078
0.42787
-0.536502
-0.381581
0.244594
0.862509
-0.668827
-0.11148
-0.450274
-0.216576
-0.0463747
0.0541403
-0.0075435
-0.929215
0.906209
0.415773
-0.800175
0.00061939
-0.00061939
-0.633631
-0.709335
-0.604044
0.36698
-0.0650856
-0.182161
1.45589
-1.27373
0.0646296
-0.0659673
-0.649075
-1.2378
0.498884
-0.104013
0.639538
0.049526
0.244909
0.112481
-0.379089
0.277742
0.0813895
-0.0947324
-0.217886
0.145026
0.218968
-0.0174396
-0.91294
0.168499
-0.544253
-0.0558541
0.342996
-0.370039
0.0387382
0.0193484
-0.0235915
-0.929969
-0.278607
0.0352939
-0.036342
0.00848104
-0.227401
0.362361
0.121547
-0.399896
-0.0697257
1.40351
-0.831093
-1.23089
-1.12528
-0.329896
-0.701416
1.03131
-0.00482184
-0.00975419
0.0465095
-0.819432
-0.031178
0.164703
-0.0227188
0.0738527
-0.075339
-0.169971
-0.394817
-0.365609
0.00475901
-0.0144475
0.702706
-0.199006
0.383817
0.417069
-0.727118
-0.179418
-0.296398
-0.435299
0.739722
-2.16461
-0.225766
-0.19911
-0.0240985
0.20633
0.825599
0.32217
-0.487228
1.61212
-0.392701
-0.115657
-0.0697427
-0.761132
0.317811
1.05308
1.31194
-1.4329
0.0818032
-0.339013
-0.0275476
-1.12894
-0.00906117
1.56784
-0.0056553
0.0106255
0.286033
-0.0504826
-0.166315
-1.25288
0.45183
-0.399219
-0.366166
1.59504
0.162787
-0.0390417
0.0249694
-0.0886057
-0.171017
-0.720363
0.0792004
-0.288002
0.0207999
-1.1061
0.011824
-0.0166059
0.0198639
-0.227593
-0.199826
0.0216725
0.265529
-1.36804
-0.227973
0.835231
0.0306951
-0.594807
-0.353666
-0.288553
-0.542608
0.322327
-0.00800324
-0.015116
-0.0905459
0.598195
0.0741378
-1.49606
0.330759
-0.3464
0.528183
0.00819699
-0.0124711
0.451021
-1.11615
0.0126152
-0.000314407
0.500592
-0.137622
1.24343
-0.0738385
0.130372
0.886875
1.24449
-1.26813
-0.0619175
0.661228
-0.181085
0.171682
-0.130202
0.078602
-0.0803403
-0.0397227
0.0415271
0.0540735
0.113257
0.914724
0.0635559
0.305943
-1.00736
0.0579995
0.486996
-0.283424
-0.203573
0.422085
-1.31507
-0.0064904
-0.273347
0.0383432
-0.0392796
0.498644
-0.0560334
-0.00544724
-1.07942
0.982732
0.474321
-0.062133
-1.52436
-0.222192
-0.19783
0.25857
0.24055
-0.713378
-0.271845
0.985224
-0.0389243
-0.19498
-0.493006
-0.0456976
0.0476372
-0.112287
1.43884
-0.352965
-0.127184
0.0427457
-0.282106
0.335375
-0.112783
0.0153945
0.0762786
0.0123986
-0.150454
-0.850925
0.0512211
0.00113989
-1.41846
0.017321
0.052059
-0.048654
0.151636
-0.00382354
0.000826766
-0.214186
-0.281075
-0.787046
-0.0664801
-0.0428857
-0.756082
-0.590454
-0.207633
0.525371
-0.372647
-1.24102
1.76268
0.390702
0.116466
1.08771
-0.0118938
-0.361192
-0.547644
0.254989
-0.239659
-0.118552
0.0538158
0.822053
-0.0266586
-0.547692
-0.108108
-0.158623
0.97378
-0.498742
-0.0645286
0.0354129
0.203251
1.56087
-0.20903
0.321186
-1.43794
0.165012
-0.00327437
-0.154731
-0.632315
-0.0418803
-0.785168
0.372808
-0.937157
-0.427675
-0.0081088
-0.535043
-0.307742
0.0973721
-0.470019
0.441057
-0.626681
-0.314046
-0.0923951
-0.381021
-0.305687
-0.12597
-0.230497
1.11506
0.0100733
-1.29752
-0.49379
0.649254
-0.170291
0.0908726
-0.491443
-0.56722
-0.435811
0.446187
0.155432
0.000441602
-0.134294
-1.21053
0.0746967
0.59369
-0.196295
0.657894
0.25944
0.964258
1.27299
-0.25078
0.892295
0.0197727
0.00922995
-0.617058
0.450743
0.0412127
0.000718408
-0.0131895
-0.104491
0.492501
-0.117497
0.0861783
0.583974
0.483766
-0.536853
0.0122599
0.00924114
-1.01928
-0.088279
-0.234373
0.590301
0.140495
-0.0895304
-0.0232522
0.0874351
-0.00866461
0.0204886
-1.54871
0.0905556
-0.0995381
0.579594
0.00722988
-0.00621684
0.730239
-0.95769
0.105163
-0.118869
-1.1263
0.0464678
-0.0937371
-0.166037
0.204507
0.0935668
0.0520641
0.0747668
1.11156
-0.486005
-0.00223902
-0.383337
0.313817
-0.0553654
-0.964771
0.326394
-0.000170237
-0.670183
0.104157
-0.320044
0.549716
-0.0232325
-0.424264
0.682967
-0.981577
0.21944
-0.843879
-0.699322
)
;

boundaryField
{
    SideWalls
    {
        type            empty;
        value           nonuniform List<scalar> 0();
    }
    Top
    {
        type            calculated;
        value           uniform 0;
    }
    Inlet
    {
        type            calculated;
        value           nonuniform List<scalar> 
18
(
-1.94444
-1.94444
-1.94444
-1.94444
-1.94444
-1.94444
-1.94444
-1.94444
-1.94444
-1.94444
-1.94444
-1.94444
-1.94444
-1.94444
-1.94444
-1.94444
-1.94444
-1.94444
)
;
    }
    Bottom
    {
        type            calculated;
        value           uniform 0;
    }
    Outlet
    {
        type            calculated;
        value           nonuniform List<scalar> 
18
(
2.00138
1.9713
1.98134
1.96733
1.97629
1.96177
1.95396
1.98716
1.98918
1.9806
1.97878
1.96312
2.01484
1.96447
1.95795
1.71085
1.96269
1.67701
)
;
    }
    Plate
    {
        type            calculated;
        value           uniform 0;
    }
}


// ************************************************************************* //
