/*--------------------------------*- C++ -*----------------------------------*\
| =========                 |                                                 |
| \\      /  F ield         | OpenFOAM: The Open Source CFD Toolbox           |
|  \\    /   O peration     | Version:  2306                                  |
|   \\  /    A nd           | Website:  www.openfoam.com                      |
|    \\/     M anipulation  |                                                 |
\*---------------------------------------------------------------------------*/
FoamFile
{
    version     2.0;
    format      ascii;
    arch        "LSB;label=32;scalar=64";
    class       surfaceScalarField;
    location    "9.3";
    object      phi;
}
// * * * * * * * * * * * * * * * * * * * * * * * * * * * * * * * * * * * * * //

dimensions      [0 3 -1 0 0 0 0];

oriented        oriented;

internalField   nonuniform List<scalar> 
7520
(
-0.899479
0.723126
0.176353
-1.30373
-0.195213
1.49895
-0.104176
-1.80749
1.91167
0.264092
-0.0376266
-0.226466
0.0326975
2.61412
-2.64682
-0.107051
0.115532
-0.0084813
-0.310481
2.08474
-1.77426
-0.104061
-2.281
2.38506
-1.52435
1.42017
0.648711
-0.0619853
-0.586726
0.475974
0.171468
-0.647442
-0.233268
-1.45728
1.69055
0.432951
0.18027
-0.613221
-0.119014
0.16332
-0.0443062
-2.48907
1.01609
1.47298
0.0619459
1.44694
-1.50889
0.253504
-0.0530377
-0.200466
0.156182
-0.517014
0.360832
0.0295224
0.0217323
-0.0512547
-0.00921148
0.262715
-0.437043
-0.215973
0.653015
-0.983538
1.04548
-0.0737032
-0.360714
0.434418
0.182236
-0.162076
-0.0201605
0.0249186
0.000868969
-0.0257876
0.28192
-0.275817
-0.00610263
0.900694
1.10101
-2.00171
-0.0559906
0.373027
-0.317037
-0.00669788
0.0362202
0.297635
-0.0606327
-0.237002
-0.990699
1.63041
-0.639708
-0.0583663
-0.0232722
0.0816385
-1.86417
2.06512
-0.200947
0.739654
-0.854749
0.115095
-0.320581
-1.18689
1.50747
-0.270169
0.893649
-0.62348
0.261104
-0.586106
0.325002
0.841513
-1.6329
0.791384
0.0958111
-0.353682
0.257871
-0.0652876
-0.136372
0.20166
-0.0295904
0.293683
0.069977
-0.60107
0.531093
0.320828
-0.0389081
1.88228
-1.52633
-0.355951
-0.526191
-0.562916
1.08911
-1.48044
1.58935
-0.108907
-0.131954
-0.103689
0.235642
0.309489
-0.0952608
-0.214228
-1.27108
0.280381
0.307145
-0.0854503
-0.221695
1.7397
0.167535
-1.90724
-0.703926
0.209538
0.494388
-0.0188236
0.0197922
-0.000968615
1.10814
0.499952
-1.6081
0.0166484
-0.123699
-0.774881
0.0873016
0.687579
0.334816
-1.25085
0.916034
-0.0524406
-0.13425
0.18669
-0.142026
0.0836599
-2.38289
1.24964
1.13325
1.58823
-0.609296
-0.978937
0.0104358
0.0551038
-0.0655396
-1.24908
0.928497
0.735958
-0.303008
0.0120156
-0.0308391
0.00505638
-0.12407
1.22538
-2.65484
1.42946
0.140437
1.59927
-1.32673
0.98872
0.338006
0.355732
-0.262157
-0.0935755
-0.550006
0.884822
-0.619702
-0.296189
0.915891
0.39255
-0.0989546
-0.293595
-0.315834
0.557916
-0.242082
1.16742
-1.73382
0.566395
0.15157
-0.132188
-0.0193821
1.97055
-0.55892
-1.41163
0.465187
-0.791415
0.326228
1.38405
-0.948668
-0.43538
-0.886568
0.111687
-1.65053
-0.732364
0.53329
-0.659331
0.126041
0.258641
-0.681268
0.422627
0.0161251
0.723529
-0.432588
0.58877
0.320119
-0.0224835
0.0392318
-0.0410661
0.00183425
1.27657
0.693985
-1.9762
2.50257
-0.52637
0.666703
0.92153
-1.05945
1.11142
-0.0519687
-0.0264175
-0.0726277
0.0990451
1.36458
-1.59784
0.269518
0.21856
-0.122749
-0.27673
0.381967
-0.105237
0.00706988
0.105071
-0.112141
-0.565871
0.365249
0.200621
1.56079
-0.393372
-0.820073
0.660867
0.159206
1.01592
-0.815733
-0.200186
-0.104632
0.131519
-0.0268861
0.507406
-0.0583528
-0.449053
2.68712
-1.80839
-0.878726
0.552489
-0.389617
-0.509862
-1.35071
0.800703
-1.89481
1.58433
0.196315
-0.0901097
-0.106205
0.579902
-0.103927
-0.189899
0.188413
0.00148587
-0.0741206
0.0871212
-0.0130006
2.0396
-1.19809
-0.165969
0.0397646
0.126204
-0.750699
0.313656
0.0440687
0.0110891
-0.0551577
0.688604
-0.155314
-0.691387
0.440127
0.25126
0.682021
-1.6947
1.01268
0.0666985
0.115538
-0.130745
-0.573181
-0.284378
0.0442006
0.240178
0.81872
-0.170009
0.635083
-0.594743
-0.0403399
0.0389431
-0.0937866
0.0548435
-0.0617456
0.0487845
0.0129612
0.718658
-1.92668
1.20802
0.426623
-0.500326
-0.358183
-0.0816293
0.439813
-0.0703069
-0.0956617
-0.344352
-0.0941362
0.438489
0.16832
0.0365038
-0.204824
-0.0716382
0.239959
-0.527649
-0.163738
-0.340985
-0.0550399
0.396025
-1.84738
2.66429
-0.816913
0.304165
-0.324085
0.0199204
-1.11462
-0.236086
-0.0395841
-0.0610376
0.100622
1.45933
-0.35119
-0.620914
0.449246
0.171668
-0.202542
0.504755
-0.302213
0.339515
-0.0836274
-0.255888
0.257021
-2.06451
0.290721
-1.77116
-2.39189
1.15964
1.23224
-0.852669
-0.474057
-2.24226
2.16069
0.0815783
2.21218
0.119705
-2.33189
0.222927
-0.288215
1.03588
-0.617033
-0.418845
-0.266197
-0.0782494
0.344447
0.260741
-2.503
-1.86396
-0.00020797
0.0341175
0.0051143
0.076429
-0.150202
0.0737731
0.312927
-0.365368
0.828483
0.187436
-0.175779
0.146189
-0.0110053
0.000525605
0.0104797
0.826564
-0.423722
-0.402842
-0.500267
-1.9888
-0.110068
-0.156129
0.0465376
-0.623579
0.577041
0.143162
0.224824
-0.367986
-1.42821
0.822186
0.606024
1.21925
-1.18655
-0.208901
0.586443
-0.377542
-0.0352088
0.0601274
0.579359
-0.274179
-0.305179
0.377044
-0.653773
0.262197
-0.347647
0.880752
0.259995
-1.14075
0.330496
-0.386487
-0.323507
-1.39139
1.71489
1.28283
0.66161
0.755588
-0.496947
-1.23018
0.960014
-0.731422
0.977237
-0.245815
-0.0248378
-0.0216821
0.0465199
0.230838
-0.266327
0.0354888
-0.132473
0.821077
-0.291813
-0.183704
0.475517
0.27287
-0.129708
-0.90442
0.950957
0.556913
-0.990048
0.433135
-0.487962
-0.0779087
0.734835
-0.473731
0.164473
-0.0129033
-0.0187213
0.0483492
-0.029628
0.0729989
-0.14712
-0.601765
0.0958863
0.505878
0.139481
0.253069
-1.22577
-0.508045
-0.756568
-0.671642
-0.00529302
0.104431
-0.0991383
0.506312
0.0547029
-0.561015
-1.70476
-0.142616
-1.22977
2.27435
-1.04458
0.398418
0.18094
-0.18557
0.263522
-0.0779517
-0.747503
0.616758
0.540731
-1.06692
1.72628
-0.0540287
-1.67225
-1.4682
1.93034
-0.462138
-0.0308868
0.107316
0.355401
1.53297
-1.88837
0.0387457
-0.192496
0.153751
-0.167348
1.84423
-1.67688
-0.00318416
0.150481
-0.147297
-0.949157
1.30478
-0.355621
-0.0550823
-0.69242
-0.210385
-0.39138
0.285615
-0.231269
-2.08494
2.31621
0.0369773
-0.015245
-1.93794
0.712172
-0.575087
0.0333736
0.541713
0.101895
-0.0629519
0.144523
1.57402
-1.71855
-0.437518
-0.650422
1.08794
-0.556303
0.444618
0.111685
3.05389
-1.98374
-1.07015
0.541569
-0.979087
0.112554
-0.109572
-0.00298162
0.0837728
0.785127
-0.8689
0.0748727
-0.0765389
0.00166613
0.865101
0.78226
-1.64736
-0.306856
-0.513216
-0.12713
0.301698
-0.174568
-0.922185
0.653418
0.268767
-0.0991818
0.05081
0.0483718
0.86802
-0.361708
1.00384
-1.83454
0.830704
-2.66368
1.1463
1.51739
-1.10689
-1.5568
-0.343857
0.392438
-0.0485816
0.0378433
0.0127849
-0.0506282
1.13363
-1.70477
0.57114
0.00483316
1.12692
-1.13175
-0.213295
-0.446036
1.08222
-0.201466
1.33694
1.27441
-2.61134
-0.219288
0.11121
0.108078
-0.0189742
-0.903211
1.83128
-0.398788
-1.43249
0.158693
-0.119947
0.00481467
0.346463
-0.399501
0.986579
0.844703
0.196757
0.608838
-0.805595
0.413474
-0.0404467
-0.060093
-0.0285762
0.0886693
0.167342
-0.118017
-0.0493245
-1.86391
0.900354
0.963553
0.109633
-0.0717895
0.662545
-1.00353
0.257573
-0.197959
-0.0596141
0.15393
0.155559
-1.60189
1.5606
0.0412842
1.092
-0.535086
0.0136878
-0.0416133
0.0279255
0.00693801
0.0237711
-0.0307091
0.149502
-0.248456
1.82627
-0.600892
-0.0747739
0.242914
-0.16814
0.000567713
-0.011573
0.789893
-0.618425
0.506158
-0.124191
-0.712995
0.717828
0.045178
-0.0638992
2.08474
0.00477015
-0.0118876
0.00711747
0.187228
0.318929
-0.235715
0.154446
0.0812697
-0.0932296
0.600635
0.607437
-0.53746
0.862902
0.172976
0.540708
-0.403899
-0.136809
0.305796
-1.25495
-0.0420791
-0.302273
-2.25267
2.0214
0.0734078
0.0391462
-2.35673
0.256132
-0.458674
0.246157
-0.0278511
-0.218306
-0.638744
-1.22516
1.33543
1.35169
1.58391
-0.761724
-1.45728
0.0819912
0.553092
0.278536
-0.23232
-0.0462159
0.184132
-0.284655
0.100523
-1.17936
0.616444
-0.26443
-0.2644
0.52883
0.323895
-0.385881
-0.0945347
-1.98919
2.08372
0.873839
0.253095
-1.53166
1.27856
0.967758
1.09736
-1.05646
1.54138
-1.18598
-0.0566792
0.427784
-0.371105
-0.842362
0.765051
0.0773119
-0.126727
0.0519536
-0.107311
0.371573
-0.264262
-0.217258
-0.217073
0.43433
-0.537332
1.82017
-0.322678
-0.389306
0.711984
-0.40133
0.269376
0.165468
-1.22492
-0.144016
0.0839233
0.0108995
-2.02683
1.01562
1.01121
0.475372
-0.295102
0.00927971
-0.0315286
0.335694
1.33887
1.71502
1.64644
-0.468053
-1.17838
0.144194
-0.0507872
-0.0934066
0.520219
0.863829
0.171805
0.106731
0.404933
-2.1006
1.69566
-0.064085
0.0401611
0.0239239
0.961685
0.599108
-0.248769
-0.104912
0.695005
-0.498248
-0.545296
1.44599
0.184622
0.0116931
1.50839
-0.826364
0.169225
-0.162155
1.82114
-0.174707
0.119109
0.468543
0.0721651
0.0248602
0.330872
-1.72728
-0.874468
0.860968
0.0135
0.00728612
-0.139474
1.85636
0.0175713
-1.87393
-0.778159
0.455481
0.2685
0.0710151
-0.343071
0.0809146
0.0240524
-0.97272
1.54051
-1.60557
0.0650626
-0.000277251
-0.221787
0.222065
-0.599843
1.56153
-0.868433
1.58709
0.0167174
-0.0169947
0.681243
-0.241116
1.90636
-0.541783
-0.00852779
0.209303
-0.200776
-0.129999
-0.0405979
0.170597
0.141347
0.00284688
-0.227649
-0.777188
0.0305895
-0.216284
0.185695
1.37537
1.28891
-1.48864
1.16514
0.146779
-0.504963
-1.38912
0.769421
-1.11545
1.34995
-0.234504
0.519707
-1.65685
1.4895
1.78227
-0.505699
1.32526
0.55702
-0.0817857
0.22996
1.31055
-1.3241
0.322497
1.0016
0.315413
-0.376046
0.0677149
0.0419179
-0.245982
0.174344
-0.227145
-1.29918
0.348887
-1.16031
0.811426
-1.56918
1.12075
0.448429
0.487809
-0.783998
-0.125132
0.135568
0.106606
-0.434156
0.342359
0.0917971
-0.641068
0.432166
1.20286
0.579405
-1.4682
-0.0577186
-0.00402706
1.66945
-1.44593
-0.223522
-0.370763
1.90374
-1.6405
2.38287
-0.742367
-0.63457
0.933744
-0.299174
0.0484977
-1.29758
0.0808269
-0.068042
-0.302676
0.472418
-0.169742
0.331062
-0.389414
1.35411
0.549219
-1.02971
0.480496
-0.0366089
-1.54791
1.58452
-0.0622559
-0.127643
0.0421511
-0.436004
0.393853
-0.286667
0.791547
-0.504879
0.226669
-0.157295
-0.0693741
0.396985
-0.259859
-0.137126
-1.95276
1.75755
2.72905
-0.596943
-2.13211
0.0866021
0.023468
-0.11007
-0.0144205
0.198552
0.157454
-0.645416
-0.814819
1.67992
0.0523517
-0.00828303
1.72628
-1.03025
1.11402
0.0126276
-0.0126276
-0.338269
0.453792
-2.42999
2.24038
-0.920068
-1.32031
-1.51577
0.752002
0.763772
-0.0302531
0.0827724
-0.0525192
0.960948
-1.13937
0.178419
-0.53156
-0.162425
0.693984
1.22736
-1.94047
0.713104
-0.027988
-0.814374
-0.237422
0.107423
-0.149684
-0.522904
0.672588
0.635821
0.498245
-1.13407
-1.42672
-0.43177
0.730195
-0.298425
-0.763386
0.814637
-0.0512511
1.45479
-1.31026
0.289047
-0.258458
0.0754775
0.0409593
-0.356793
-1.89944
2.10548
-0.20604
-0.956917
1.55895
-0.602029
-0.0233586
0.16705
-0.143691
-1.82263
-0.832205
-0.0218647
0.0151668
-1.70497
0.4752
-0.41673
0.30942
-0.129928
-0.504642
-0.072146
0.00806101
-0.783444
2.12038
0.0730278
-0.433742
-1.53748
0.155663
1.38181
0.0192412
-0.128817
0.109575
-0.926029
0.194607
0.255566
-0.630215
0.374649
1.61392
-0.178235
-1.43568
-0.0562621
0.0909348
-0.0346727
-0.301706
0.245139
1.32872
-1.57385
-0.836126
1.85222
0.124099
0.719415
0.73992
-0.054867
1.55378
0.267368
-1.42556
1.38895
0.256728
-0.0336816
-0.223046
0.542387
0.00453305
-0.54692
-1.88175
0.241249
-0.0062834
-0.594786
-0.511937
-0.362531
0.311113
0.694772
-0.146203
-0.548569
0.21197
0.108858
-0.511053
1.41115
-0.900101
0.19789
-0.238488
-0.0536355
0.284473
0.274374
-0.57705
0.174156
0.366738
-0.540894
-0.109847
-0.0538413
0.163689
0.360531
0.324491
-0.685022
-0.0114679
-0.0559719
0.0674398
-0.32206
0.355168
-0.0331085
-0.0172063
-0.205366
0.222572
0.413663
-0.0982502
0.0215974
-0.658526
0.636929
1.53856
-1.0661
-0.935603
-0.162581
0.259905
-0.0973248
0.0570796
-0.0723246
-0.306852
-0.249451
1.00708
-0.312309
0.0189586
-1.23363
1.21467
-0.288943
0.0045648
-0.0166641
-0.510985
0.216572
0.180413
0.208336
-0.211521
-1.18406
-0.044507
-0.0981303
0.142637
1.23018
-0.970188
1.38105
1.34801
0.115031
0.142541
-0.158063
-1.7308
1.88886
0.788757
0.299128
-1.08788
0.261242
-0.960592
0.637226
0.323366
0.0141898
0.00505139
-0.0171723
0.0790257
-0.0618534
2.02046
-1.06053
-0.95993
0.147299
-0.337201
0.189902
0.714307
0.220179
-0.934486
0.0796098
0.112479
-0.192089
1.71851
0.031326
-1.74983
-0.448818
-0.0681962
-0.297391
0.370419
0.0314029
0.0478924
-0.0792953
-0.665849
0.233261
0.0213391
0.0198517
-0.0411908
-0.254208
-0.608744
0.862952
1.08891
0.525009
0.994857
-0.975898
0.683756
-0.970423
-1.86687
1.77234
-0.100874
0.00708766
0.28857
-0.573573
0.285003
0.676471
0.90744
1.13426
-1.30867
0.174415
1.26807
-0.548652
-0.160677
0.10989
-0.00923736
0.06576
-0.0565226
-1.93155
-0.495477
2.42703
-0.381048
0.468793
-0.0877453
0.00759063
0.00503693
0.402951
2.21117
-0.158175
-0.0611126
1.13995
-1.71373
0.57378
-0.591856
-0.357666
0.949523
1.43582
-0.431983
0.735547
0.508071
-0.58632
-0.307671
0.0113373
0.296334
0.0349009
-0.271903
-0.452762
1.00198
0.0244159
0.0504569
-0.227652
-0.267145
0.494797
0.00295644
0.957991
0.176618
-0.231658
-0.419861
-0.365272
0.409473
0.711707
-0.841635
0.137583
-0.0978181
-0.0220476
-0.377453
-1.94468
0.878572
0.563716
-0.546962
-0.0167535
0.0431942
-0.0362625
-0.00693178
0.247292
0.879625
0.0608693
-0.00576556
0.0425372
-1.64549
1.60296
0.240487
0.0640147
-0.304502
-0.0665392
0.0804625
-0.0139232
-0.759226
1.10811
-0.0982839
-0.316074
0.414358
-0.298406
0.553972
-0.990242
1.38751
-0.397264
-0.341573
0.392669
-0.0510963
2.21521
-0.00302598
0.642909
0.061118
-0.704027
-0.491743
0.397607
-0.196207
0.48752
1.52139
0.981178
0.160713
-2.29275
2.13204
-0.851152
-0.188227
1.03938
-0.174039
0.212985
-0.0389461
-0.516612
-0.28402
0.800632
-0.0905714
0.00333114
0.0872403
-0.0861279
-0.0578885
-0.554756
0.00287556
-0.00200659
-0.0341379
0.118061
-0.195424
0.486021
-0.290597
-0.283565
0.367657
-0.0840918
-0.0955074
0.172098
-0.0765905
0.746076
-0.411376
-0.0196633
-0.0214028
0.616161
-1.01641
0.400245
1.24508
-0.997784
-0.0441493
-0.338586
0.382736
-0.248195
-0.567538
-1.33578
1.47622
-0.0215429
-0.59549
-1.27442
0.815531
0.458892
0.475045
-0.0416635
-0.433381
1.71857
-1.71857
-1.71626
0.065728
-0.510864
-0.18149
-0.623163
0.804653
0.502555
-0.502087
-0.000468506
0.0339569
0.0749167
-0.170791
0.0958746
-0.0491035
0.242118
-0.193015
-0.338746
1.17439
-0.835642
0.294343
0.226233
-0.520576
0.737778
-0.68928
-1.10718
0.256029
-0.0627413
-0.263374
0.326115
-0.0369466
-1.28715
-0.371556
-1.1366
0.765044
0.997332
-0.046454
0.218823
-0.172369
-0.316031
0.428092
-0.112061
-0.353925
0.226795
-0.0915364
0.285824
-0.0396665
0.0433724
0.114437
0.0668746
-0.181311
0.0459585
0.0198015
0.628034
-0.606436
-0.184229
0.222766
-0.0385368
0.00777227
0.0120613
-0.0198336
0.0685982
0.0477292
-0.116327
-0.0736958
0.195846
-0.122151
-0.455987
1.26741
0.401284
-1.03609
0.634809
-0.177459
-0.0852287
0.262688
0.00762913
-2.669
2.66137
0.810559
-0.531679
-0.27888
0.420942
-0.0915569
-0.193098
0.0835525
-0.0724634
-0.0631698
0.210468
0.287642
-0.892379
0.604737
-0.400708
-1.20118
-0.401418
0.628175
-0.226757
-0.0858484
0.0155414
0.471045
-0.332556
-0.138489
0.693317
-0.0771562
-0.902476
0.527248
-0.432712
-0.0945357
-0.605596
0.341167
-0.109245
0.558491
-0.00578391
0.0127219
-1.67939
-0.129008
-0.326162
0.600536
-0.0304995
-0.206922
-0.0645588
0.00803612
0.24135
-0.287804
-0.0862025
-1.20915
0.753162
1.96551
-0.121282
-2.08494
2.25605
-1.09918
-1.15687
-0.143345
0.508594
-0.146989
-0.739579
0.397133
-0.324134
-0.278436
-0.029236
-0.352365
-0.48481
0.837174
0.104524
0.111966
-0.21649
0.095535
-0.948204
-1.94665
-0.335046
-0.367811
0.702856
-0.123006
0.363493
-0.276584
-0.0499118
0.326495
0.565581
-0.138958
0.109111
0.365934
2.23964
-1.01228
-0.781447
0.429082
-0.278523
-0.0677497
0.346273
-0.0525413
-0.101828
-1.03754
0.491692
0.190791
-0.682483
-0.101775
-0.0402515
0.951215
-1.23643
0.285214
-0.633961
-0.05569
1.77426
-0.735567
-0.280839
0.714755
-2.1996
1.48484
-2.03451
0.841525
1.19298
0.178136
0.113436
-0.291572
0.148786
1.01343
0.075655
0.81098
-0.886635
0.0570791
0.185835
0.190979
-0.104377
0.352613
-0.55315
0.200537
1.30843
-1.4665
0.0398733
0.216148
-0.313009
0.0968607
-1.67895
-0.0373026
-0.635259
-0.186799
0.024219
0.135956
0.00212169
-0.138078
-0.678208
0.339467
0.338741
-0.427509
0.37083
-1.01073
-0.418311
1.42904
-0.145455
-0.0688345
0.0385814
-0.596253
0.791061
-0.194809
-0.329046
1.4498
-0.18537
-0.880235
-0.63554
1.18173
-0.519185
1.0295
-1.36824
0.0141536
-0.0497048
0.0355512
1.0619
-0.563787
-2.08303
-0.370157
-0.145352
0.515509
-0.0581691
0.232513
0.159744
-0.410439
0.250695
0.31709
0.27168
1.04068
-0.177777
-0.0812672
0.33752
-0.075323
-0.36006
0.328532
-0.166613
0.0184812
0.148132
0.2782
-0.108727
-0.169472
-0.166263
-0.045076
0.211339
0.168292
0.157841
-0.326134
0.111326
-0.0564821
-0.172108
-0.0496795
-0.0244322
1.12836
0.0370707
0.217903
-0.254974
0.0865999
-0.158631
0.0720311
-0.036706
-0.0296414
0.0663474
0.519167
0.288053
-0.719823
-0.100955
0.401167
-0.0882402
-0.137464
0.102255
-0.15154
-0.0409564
1.7866
-1.00434
-0.0162834
-0.182741
0.199024
-1.5538
0.218026
-0.0855531
-0.0220003
0.107553
-0.0502625
-0.0489194
-1.14644
-0.888073
0.416209
-0.0857124
-0.60177
-1.49883
-0.543324
0.315672
0.0245703
-0.620823
0.72825
-0.78095
-1.89265
2.05336
-2.33956
0.408014
-0.119258
-0.0294422
0.1487
0.0163565
-0.278105
-0.375847
0.653953
-0.203005
0.0348657
-0.195408
-1.46881
1.66422
-0.744241
-0.497554
1.24179
0.321776
0.441846
-0.763622
0.00770975
0.169891
0.357357
-0.29115
-0.2859
-0.198935
-0.108113
0.307047
-0.00823794
0.352685
0.296811
0.174235
0.282729
-0.661208
-0.0232196
0.0279898
-0.509021
0.550142
-0.0411203
-0.203515
0.320672
-1.31929
0.120962
-0.0165305
-1.6158
0.414838
0.0236505
-0.817759
-0.18577
-0.155965
-0.983164
-0.261222
1.24439
-0.0804832
0.477616
-0.638414
1.39042
-0.360133
-1.01896
-0.925718
-1.20327
1.38168
0.130098
-0.321852
0.0394707
-0.100844
0.061373
-0.725987
0.615603
0.110384
0.72158
-0.776662
0.0375054
0.52621
-1.12608
-0.148343
0.0575533
-0.0627348
0.00518153
-0.508527
0.869058
-1.39156
-0.170337
1.56189
0.00258511
0.0433734
-0.0584452
-0.70798
0.766425
-0.268995
0.448098
0.104391
-0.13132
-0.0095456
0.140865
-1.26297
0.864181
-0.205633
0.00262785
-0.197245
-0.139956
-0.414281
0.0935208
0.044062
-0.0551467
0.0116432
-0.0282549
-0.0510404
0.323945
1.23666
-0.508995
1.83426
1.03071
0.581568
-0.743993
0.0493639
-1.44092
-0.26461
-0.358647
0.446974
-0.0883275
0.0681039
-0.0193194
-0.0259576
0.0171089
-0.0642345
0.147894
-0.235174
2.05717
-1.822
0.134033
-0.826453
-0.135677
-0.284979
-0.0803889
0.90089
-0.307592
0.400056
-0.0924643
-0.150194
-1.56374
1.71393
0.33454
0.216661
0.285894
-0.321793
-0.493819
0.975163
-0.481345
0.0756859
0.00700544
-0.0432679
0.155171
-0.185519
0.0303479
0.0857026
0.432776
-0.518479
-0.166574
-0.580639
0.747213
-0.303823
-0.082664
-2.00679
0.0254772
0.254605
-0.263133
0.0587804
-0.219795
0.0141619
0.359888
-0.727698
2.40862
-1.00914
-1.39948
-0.181635
0.437446
-0.719789
0.661344
-0.112488
-0.320224
-0.204342
-0.00988646
0.809772
-0.793647
-0.119001
0.789907
-0.95648
0.164401
-0.108938
-0.0554633
-0.418271
-1.91208
1.0821
0.829989
-2.12047
2.1281
-1.04725
0.248552
0.798703
-0.0193682
0.218541
-0.199173
0.686601
0.32048
-0.133721
0.220918
-0.0129523
4.58535e-05
0.0396795
-0.28902
-0.0435356
1.1918
1.21682
-0.0538453
0.0252691
1.61758
-1.49787
-0.0477041
-1.38656
1.43426
1.1764
-0.0480476
-0.317632
-0.0990979
0.0107237
0.13796
-0.284164
-0.0659494
0.133664
0.783093
-1.36253
0.579433
0.136395
2.2197
-1.32367
-0.896026
0.0231436
0.0476335
0.0351388
-0.0780036
0.89908
0.939098
-0.87337
0.629104
-1.37335
-1.21019
-0.0340502
1.24425
-1.2937
1.09541
0.198282
0.115105
0.0029566
2.40311
0.0602502
-2.46336
-0.569925
1.26703
-0.697101
0.0993201
0.268337
-0.734148
-0.0292385
-0.0138683
0.0872761
-1.3574
0.241954
-0.00204162
0.0207925
-0.0187509
-0.151262
0.21014
-0.0588783
0.0876748
-0.438374
0.350699
0.590692
0.270276
-0.54877
-0.129438
0.0271664
0.868204
-0.896192
-0.0775482
-0.0726538
-0.281883
0.060188
0.944402
-0.450212
-0.49419
0.150173
-0.544819
0.394646
0.398777
-0.588871
0.190094
0.305344
-1.54283
0.79338
0.749455
0.0543435
0.854928
0.283427
-1.13835
-0.193651
0.24904
-0.273853
0.0248129
0.192924
-0.0391734
-0.285319
0.00873519
-0.328435
-0.866399
1.03938
-0.510227
0.80188
-0.291653
-0.527998
-0.702184
1.78001
-0.764393
-0.106028
0.198239
-1.35723
0.0748827
-1.348
1.27312
0.0497785
0.0921493
-0.141928
0.556301
0.0303595
-0.58666
0.462298
0.0424565
0.0295515
-1.34272
0.814717
-0.542231
1.17946
0.140784
0.649109
0.344
0.251153
0.0270463
0.880517
-0.425035
0.0549995
0.666581
-0.935905
0.362724
-1.25028
0.752729
1.00137
-1.15156
-1.82073
1.58556
0.0171367
-1.43142
0.21722
1.2142
0.246017
0.382158
0.0575622
-0.884042
0.702552
-0.146153
-0.1309
0.277053
-2.44521
1.24464
1.20058
0.440514
0.793573
-1.23409
0.0598042
-1.26307
0.801872
0.0350066
-0.836879
-0.568967
-0.536388
-0.852734
-0.0244168
-0.0173978
0.0682078
1.53191
-1.50059
-0.0204528
-0.933863
-0.608971
0.0989103
0.0354963
-1.24569
1.16642
-0.311495
-1.4895
0.0322234
-0.240547
-0.9002
0.37396
-0.411135
1.86687
0.217864
0.126455
-1.16399
0.159649
-0.123145
0.172924
-0.390181
0.332973
-0.598178
0.265204
-0.0481436
0.00575012
0.0423934
-0.659917
0.721035
0.1364
0.0309417
-1.08533
1.1634
-0.0780787
-0.72595
0.876785
-2.1402
1.26341
-1.22571
-0.0683657
0.116738
-1.44468
0.117829
1.32685
-0.447563
0.96727
-0.675491
0.771026
0.150561
0.896479
0.516926
-0.936787
-0.852105
-0.2019
1.054
-1.35807
-1.64172
1.44631
-0.14155
0.145621
-0.00407108
0.0859826
-0.0999058
0.814138
-1.2669
-0.0551138
0.520249
-0.465135
0.142325
0.414397
-0.556723
-1.02396
0.443321
0.0480599
0.0295099
-0.255976
0.406786
2.27243
0.130686
-0.777633
0.853288
-0.295142
0.0978968
-1.12491
2.36225
-1.23734
-0.0869043
0.0733859
0.0910873
0.439059
-0.00464165
1.04671
1.22764
0.586116
-0.827232
0.293489
-2.27723
-0.196357
0.15185
0.099973
-1.07016
-0.248077
-0.988352
-0.236797
0.0610184
0.844056
-0.43727
-0.253017
-0.936917
0.75914
0.207287
-1.72486
0.275381
1.44948
-0.0540872
0.502185
1.16402
-1.1594
-0.308799
0.806386
-0.348425
-0.457961
0.94167
-0.387854
-0.553816
-0.201723
0.0444274
0.693509
-0.687584
-0.00592526
-1.48859
0.942036
0.546553
0.496362
0.891144
0.00163342
0.134322
0.829069
-0.541016
-2.25032
1.14889
1.10144
-2.31621
1.82073
1.04714
0.613279
-1.66042
0.84891
-0.737223
1.55609
-0.530055
-1.02603
-1.10018
0.203432
-0.0935422
-0.070589
-0.107581
0.21879
-0.0538833
0.144315
-0.0904319
0.332549
0.225367
-1.86919
-0.411817
0.586579
-0.233965
-0.0382956
-0.0382433
0.807657
-0.452836
-0.354821
0.849984
-0.510517
-0.155207
0.140787
-0.0885938
1.22285
0.0950415
-0.0452629
-0.269462
-0.754499
-1.51026
0.527092
-0.0516848
-0.110391
0.157954
0.131497
0.134714
-0.0952435
-0.524393
-0.397758
0.122249
-0.0921645
-0.0300845
0.204518
-0.823395
-0.247661
1.07106
-0.231876
0.0120809
-0.0323204
1.27478
1.02104
-2.29582
-0.455606
0.777381
0.242947
-0.0967588
0.614006
-0.827758
-0.974754
1.80251
-0.892625
-0.858154
0.373344
0.285444
-0.119576
-0.165868
0.951925
-0.897222
-0.197113
2.05561
-1.17882
-0.213358
0.129731
-0.415572
-0.620521
0.0211648
2.05374
-1.77234
-0.281402
-0.952936
-0.55732
-0.25593
0.187437
0.0824235
-1.00406
-0.264392
1.26845
0.256723
-0.559963
0.645666
-1.59613
-1.30795
0.614067
0.693887
-0.220845
-0.00409858
0.224944
0.977625
-0.66678
-0.310844
0.123554
-0.187789
0.0891079
0.0993053
0.683028
-1.69376
0.768314
0.173356
-0.422263
-0.359183
0.1588
-0.0468335
0.170382
0.119418
-0.942814
0.0281888
0.399595
0.40558
-0.36462
-0.544993
0.582902
-0.0379096
0.895561
0.660528
0.461
0.0523989
0.602904
0.149646
-0.75255
1.65685
-1.38147
-0.313578
0.240633
0.164437
0.0284867
0.134182
-0.0601935
-0.121118
0.00485454
-0.146404
0.549359
-0.117292
-1.78297
-0.0339803
-0.186865
-0.0803589
-0.0204848
1.11499
-1.75341
0.750871
-0.338688
-0.412184
0.00491451
0.126604
-0.00725725
0.00521563
0.376245
0.0609071
0.102782
0.598796
-0.274305
-2.64022
1.26404
1.37618
-0.0893403
0.0167126
-0.0151013
0.133034
0.187084
-0.31355
-0.316664
0.802344
-1.6301
-0.0354956
-0.947584
2.22237
0.546928
-0.0816171
-0.465311
-0.501791
-0.413849
-0.0882379
0.102836
-1.11938
0.44224
-0.69793
0.25569
0.611651
-0.612081
0.00043065
0.0426831
1.04004
1.34283
-1.3639
1.38147
-2.64398
1.91251
0.731466
1.30369
-2.25127
2.64334
-1.30447
-1.0686
-1.1178
0.291593
0.0507654
-0.0956366
-0.340367
-1.50514
0.0737222
-0.0096064
-1.29907
1.19816
-1.98213
0.783962
-0.0744271
0.297354
-0.335548
0.0565383
-0.107635
0.949172
1.27053
-2.33855
1.21364
-0.108001
-0.784624
-1.33073
-0.608342
-0.00373936
2.12047
-2.12349
-0.0839079
-1.1356
-0.0820802
1.19174
-0.946599
-1.94704
1.86142
0.0856284
0.347791
2.31358
0.38473
0.0819855
-0.466716
1.35754
-0.728431
0.260574
0.050597
0.650879
-0.667543
0.107488
0.143665
0.734992
0.67877
-1.41376
-0.444105
-0.267462
1.0632
-1.05088
-0.0123234
0.665425
-0.474635
-1.56658
0.64233
0.924247
0.0746429
0.481658
-0.992226
-0.0669301
1.06964
-1.58882
0.306414
-0.597563
-0.100247
0.202502
-0.701482
0.423376
-1.21911
-1.37908
2.5982
-0.252022
0.409863
-0.398625
0.631886
1.28382
-1.91936
0.129622
1.34468
-1.85368
-0.138195
-0.0955908
0.230651
-1.22843
0.0932822
0.629843
0.516257
-0.0031082
-0.519796
-2.31546
0.422811
-0.0412675
0.0358957
0.00537185
0.0840221
-0.348284
1.15609
1.09996
1.29885
-1.01363
0.0841098
0.0103483
-0.128366
0.479753
-0.34139
0.61307
-0.561774
-0.885605
2.18929
-0.0557421
0.110086
-0.869473
-0.666915
1.53639
-1.28992
0.719994
-0.0765819
0.0565989
0.00974853
-1.44569
-0.0917864
-0.174989
0.617229
-1.46407
-1.17614
2.05374
0.551995
-1.22364
0.926253
-0.655978
-0.154373
0.55549
-0.198133
-0.276939
0.23279
-1.40185
0.340621
-0.83444
1.31918
-2.20478
-0.80673
-0.0997839
0.497391
-0.231098
-1.71595
1.31208
-1.49785
1.35383
0.664886
-1.67457
1.00968
1.51204
-0.570001
1.69055
-0.756763
-1.2491
2.00586
0.546876
1.30912
-1.0524
-0.637955
-0.669998
-1.52332
-1.12066
0.441214
-0.960932
1.55585
-0.59492
-0.148553
1.36536
-1.21681
-1.01715
-0.950022
1.96717
0.896251
0.166951
0.280299
0.388114
-0.222957
0.168332
0.0546242
0.0572032
-0.295691
0.468065
-1.421
-0.589554
-0.405918
-0.320069
-0.0543515
0.46919
0.333551
0.58234
-1.92755
0.49977
1.42778
-0.0419003
-1.62378
1.66568
0.0359427
-0.285833
0.0928185
0.381569
-1.67896
1.67896
-0.420635
-0.0416845
0.462319
-0.501018
0.999263
-0.635475
0.027133
-0.689725
-0.119506
0.47219
-1.3639
0.101595
-1.31368
0.283429
1.24324
-1.28019
-1.24369
0.239635
-0.0593582
0.346545
-0.287187
0.154524
0.538985
-0.0567967
0.00865317
-1.00788
-1.21219
0.142604
1.06958
-1.37096
0.101792
-1.10019
-1.04001
0.00838748
-0.139707
0.180691
0.479825
-0.592313
-0.0568655
0.0286107
0.407164
-0.384225
-0.317256
-1.11691
1.53257
-0.415659
0.353037
0.192768
-0.223271
0.433206
-0.209936
-0.352787
0.135714
0.298324
-0.616563
0.318239
-0.986911
1.86359
-0.816457
-1.51028
-2.06432
0.500581
-2.0871
0.058196
0.919635
1.10082
0.101926
-1.00213
1.65212
0.453362
0.6932
-0.552417
0.63149
0.618507
0.230403
2.14798
-0.828805
-0.769546
-0.659136
1.42868
1.17676
-0.0666542
-1.11011
-0.0509985
-0.107633
-0.229581
0.206223
0.158139
1.35787
-1.516
-1.35446
1.15156
0.202902
1.35446
-1.58556
0.246333
-0.32076
-1.56092
1.02453
0.0944943
-0.0927487
0.0362666
-1.66253
0.130878
1.68351
-1.01863
-0.260067
-0.113817
0.132298
-0.482111
0.687863
0.280215
-0.0903122
0.220934
-0.190586
0.195788
-0.265162
-0.617171
-0.0640964
0.710595
-2.0782
0.530287
-0.110403
0.498506
-0.388103
-1.05664
-0.925486
0.125886
0.664267
0.427732
-0.913485
0.135852
-0.376201
-0.212671
0.148463
-2.25104
1.18244
0.0615521
-0.0773241
-0.21048
0.0464288
-0.101575
-0.0801241
-1.36604
0.613446
-1.78802
1.17457
0.0798784
0.282054
-0.361932
0.0460691
-0.278389
-1.07066
1.35409
0.366202
0.411179
1.30623
-1.1594
0.21243
0.0560695
1.69425
-1.94065
0.2464
0.373223
0.417839
-0.832892
-0.00398706
0.38983
-0.535183
-0.059412
0.0674481
-1.18967
0.22748
-0.0307549
-0.196725
-1.5157
0.216661
1.29904
-0.0496935
0.0522786
-0.0166552
0.00762717
0.00902803
1.20021
-1.16471
0.028959
-0.0232089
0.598698
0.205955
0.0669016
-0.06172
-0.0935842
0.109126
0.220557
0.67316
-0.893717
-0.42915
-0.00922398
-0.92122
-1.01873
1.93995
0.171687
-0.0887076
0.287732
-0.890106
2.1281
-0.107429
0.123786
0.0667669
0.111611
0.132859
2.28615
-1.09435
-1.26317
0.849701
-0.50908
-1.2387
2.34014
-0.0809939
0.141901
-0.0878634
0.095454
-0.0247971
-0.230177
-0.319659
0.211547
-0.309127
0.67732
-0.197495
1.24157
0.119135
-0.0727058
0.234884
-0.0160602
0.0440838
0.107894
0.0257707
0.466505
-0.850731
0.233155
-0.271197
0.0380424
0.158427
-0.0662778
0.23036
0.714905
-0.945266
-0.273769
0.142869
0.430639
-0.511122
2.47816
-1.10279
1.02322
0.887804
0.0431543
0.464936
-1.23
0.370782
-0.50974
-0.37197
1.2759
0.963739
-1.5317
1.5317
1.53789
-0.900461
1.06593
-0.0558102
1.54173
-1.48592
0.911801
1.03264
1.33261
-2.55172
0.118098
-1.07458
-1.35756
-0.169234
-1.45375
1.62298
-0.430611
-0.174985
0.0858836
1.26183
0.190128
-0.298856
-0.667296
1.61239
-0.945095
-0.187934
0.295422
0.00562361
-0.0565888
0.0707786
2.58414
-1.08557
-1.49857
1.57528
-1.45745
1.1059
0.244049
0.0226363
-0.00591887
0.0119183
1.5621
0.49628
0.522378
0.888775
0.027132
0.218961
-0.246093
-0.378699
0.238743
0.201608
-0.218082
0.0164739
0.17947
-0.24468
0.0652095
0.420551
-0.393384
0.356526
-0.560042
0.65133
-0.569338
0.0425497
0.0358247
-0.00186779
0.257504
-0.153675
-0.103829
-0.122432
0.118519
0.00391283
2.12349
-1.68298
0.21855
-0.239891
0.0213408
-1.53191
-0.373767
0.285526
-0.994422
1.90622
0.278826
-0.359215
2.72024
-1.38763
0.266999
-0.342322
-0.181521
0.537682
-1.2882
-0.404637
1.42016
1.33566
-1.10501
-0.104524
0.171223
-0.123644
-1.48193
-0.319445
0.313343
0.265059
-0.400736
-0.401596
0.309132
-0.105776
-1.34074
1.29303
-1.44378
1.50884
-1.13661
-0.573609
0.4368
0.727498
0.41642
-0.459956
-0.080347
0.163955
0.362884
-0.526839
-0.399892
1.38647
-0.817868
-1.15712
-2.39136
-0.0998635
0.0955288
0.00433466
-0.0365059
1.45566
-1.41916
1.26684
-0.227468
0.346603
-0.43493
2.13788
-0.876056
1.10817
0.660362
-1.76853
0.249979
0.0302352
0.65756
-0.220114
0.21756
-0.833672
0.00721886
-0.997695
0.750034
-0.368982
0.249406
-0.108518
0.138069
0.328174
-0.413886
-1.06402
1.32277
-0.802552
-0.0992898
0.0582783
0.190885
0.627835
0.43694
0.165964
1.77141
-1.55475
0.323218
-0.405882
1.57655
-1.38911
-0.052576
-0.843616
-0.167528
0.0453779
1.00137
-0.0293608
0.00357323
-0.0180946
0.0111628
-0.000273053
-0.171835
0.0285928
-0.045248
-0.539704
1.6218
-1.24131
1.1855
-0.499328
0.872672
-0.651645
0.125878
-0.431321
0.468827
0.341223
0.899857
0.609404
-1.50926
-0.756167
0.398501
-0.927225
-1.51799
-0.537072
-0.0060333
-0.108517
0.107511
0.00100593
1.41809
0.182611
-0.209497
0.159026
-1.76796
1.72606
0.63827
-0.23269
1.13355
-0.227857
-0.0508089
0.278665
1.185
-0.285918
-0.780134
2.16607
-1.38594
-0.668083
1.53386
-0.865774
-0.364274
0.17634
0.106508
-0.0451722
-0.067467
0.112639
0.587989
-0.93568
1.22073
-0.285049
-0.310913
0.117815
-1.53756
-1.89423
0.830512
1.06371
-1.61186
-0.219851
-0.469875
1.20495
-1.96171
0.200222
-0.954721
1.26884
-1.80591
0.421702
0.380178
1.21243
-0.476879
0.0206598
-0.0318522
0.0111924
-0.107925
0.0831772
-0.0480384
-0.00663551
-1.24879
1.25542
-0.25604
-0.385028
-0.0610018
0.127769
-0.0667675
1.28949
-1.00606
0.489023
-1.30396
0.814933
0.259731
-0.10917
1.66814
-0.794299
0.0489759
-0.255898
0.64437
-0.818199
0.0415369
-0.401323
-0.453426
-0.165152
0.594826
-0.429674
1.82838
-1.17467
-0.653707
-0.340559
0.235646
0.0494122
0.385025
0.302838
1.52436
-0.16444
0.103439
1.94209
-0.84668
-2.02125
0.772146
0.478831
-2.15351
1.67468
-1.40171
-0.324604
1.72632
0.907718
0.872294
-1.52755
1.94065
-0.4131
-1.48093
1.30269
0.244045
0.610484
-0.854529
-0.099591
-0.823465
1.23877
-0.415301
-1.52755
0.939098
-0.0875767
-0.277044
-0.157739
-1.07069
0.420847
-0.647604
-0.445924
-1.60995
0.876518
0.733434
-0.340521
0.250209
-1.93193
1.11649
0.815444
0.793353
-0.371651
-1.25831
-0.838265
2.25795
-1.77912
1.926
-0.16446
0.181108
1.76709
-0.438378
-0.888557
1.58254
0.933525
-0.94016
2.27259
-1.54113
1.26908
-1.30761
0.0385284
-0.0965411
0.00547522
0.0910659
-0.813117
0.0871672
-1.05646
2.10318
0.309005
-0.0869409
0.57412
-0.595663
-0.642819
1.61058
0.966415
0.545622
0.438261
-1.83997
-1.10703
-0.7872
-1.48864
-1.33344
-0.6979
-0.912051
2.25787
-1.38789
-0.869983
0.889675
0.0325242
-1.80049
1.68298
-0.419852
0.320754
0.450349
-0.286394
1.75049
0.611763
0.339344
0.0812066
1.71607
0.00998887
-0.140883
2.41331
0.79179
0.0228467
0.299921
0.998925
0.75012
0.332099
1.07348
0.763276
-1.83675
0.10261
-1.60879
0.647856
0.29549
-0.122028
0.249797
-0.157877
0.375294
-0.366819
0.268535
-0.313429
0.0713474
0.983265
0.700248
1.40499
-1.22776
-0.177228
-0.188231
0.193086
0.557886
-0.0757058
0.0305336
-0.00558968
0.383592
0.468944
-0.550561
-1.73384
0.715214
-0.334911
-0.238663
0.320889
0.0495302
0.332818
-1.5309
0.593663
-0.179265
-0.0506261
-0.0964935
0.0173169
0.00672843
-0.0240453
0.0202981
0.426925
-0.00209063
-0.0395227
-0.354795
-1.65374
-1.08136
0.300632
0.780729
1.38036
-0.549932
-0.830433
-0.729476
1.27495
-0.545474
0.77899
-0.160483
-2.17562
1.39549
-0.115346
1.56229
1.38942
-0.437493
0.0399672
-0.214255
0.174288
0.670147
-0.287989
0.0889004
-1.25361
1.57046
0.987782
-0.7895
-1.46083
0.801694
-1.24215
0.132041
-0.0275599
0.0155589
-0.204271
0.188712
-0.546165
-0.21679
0.188401
0.0283886
2.53355
0.50929
0.283257
-0.00999146
-0.213706
0.223698
1.35819
-0.575101
-1.62973
1.66226
-0.248518
0.209344
0.182482
-1.02438
-1.05382
-0.657395
1.59755
-0.940151
-0.823088
-0.632152
1.45524
2.15952
-1.72774
-0.431778
0.954996
-0.0134234
-1.10941
-0.914732
-1.31404
0.00642824
0.965232
-2.6976
1.73237
0.20294
-1.8148
-0.557277
1.52369
-0.517225
0.629476
-0.112251
-1.33268
-0.963143
-1.53831
-0.492466
-0.16606
-0.906519
-0.244022
-0.151151
0.395173
-0.654585
0.445777
0.208808
0.41705
0.033299
0.693034
0.904511
0.0565107
-0.114399
0.11878
-0.013709
-0.901632
0.94016
0.00851905
0.0595848
-0.901632
1.67849
-0.77105
-0.00787987
0.557616
-0.367522
-0.808495
1.88466
-1.07617
0.168462
-0.0179803
0.918777
0.403995
-0.2691
1.40235
0.0415858
0.565228
0.442822
-0.492228
0.0494061
2.65078
-1.68555
0.702072
-1.31294
0.100758
-1.92728
0.686026
-1.63112
0.14921
0.0590518
-0.208261
1.58736
-0.888734
-0.698625
-0.332003
-1.56011
1.89212
-0.469592
1.52207
-1.54197
0.0199066
0.331052
-1.79986
-1.0449
2.28647
-0.331733
-0.290026
0.621759
0.24403
0.730969
0.856391
0.319675
-0.284809
1.69425
0.786007
2.54497
-1.38533
-1.49328
-2.37757
-2.13393
1.30513
-0.276641
-1.70957
2.13238
-0.276741
-0.968235
0.229067
-0.604914
2.22778
-0.995536
-1.59754
-1.80294
0.0843965
-1.56681
0.868909
1.32781
0.838264
0.927292
-0.0540267
0.583728
-0.529701
1.28585
0.806126
-2.09197
0.249522
0.651368
-0.725018
1.34112
-0.616099
0.337906
1.23738
0.345346
-0.0168147
0.203381
-0.735399
-0.448832
-0.443546
-1.7545
1.61361
0.811519
1.24096
1.30401
0.120228
0.385651
1.53683
1.18341
-0.0306559
1.57619
-0.845224
1.46164
-0.726644
0.172619
0.101015
-1.58294
-0.0341439
2.31697
-2.28283
0.0151863
1.3898
1.65266
-0.966638
-2.60717
1.23759
1.36959
-1.6908
1.3588
0.62214
0.960402
0.00489743
0.193997
-1.27053
0.679614
0.854243
-1.57
0.12622
-1.36621
0.240936
1.7545
1.69061
-0.99036
0.124279
-0.0132957
-0.110984
0.776888
0.799304
0.568628
1.68932
-0.31613
0.390772
-1.68983
2.25846
-1.50762
0.0719364
1.67225
-1.66226
1.62012
-0.927089
-1.88718
0.788005
1.09423
1.13355
-0.458365
0.916528
-0.458163
-0.305469
0.333658
0.0835287
0.242587
0.00831077
-1.2885
0.636287
-1.28014
0.379682
1.16077
1.43743
0.643258
-0.258233
0.2668
-0.226733
-0.541014
-1.31591
0.0168438
-0.896809
-0.952256
1.84906
-2.4798
0.700679
2.74873
-1.24849
-1.50024
0.937868
-0.158945
0.373307
-0.214362
0.218566
-1.96545
0.405334
-1.81566
1.00716
0.290768
-1.73775
1.44698
0.933525
1.86481
-1.42655
0.14676
0.290496
-0.00653402
0.228762
-0.452033
1.06378
-2.08781
1.02402
-0.723745
-0.737085
-0.309976
0.429693
-0.604678
-0.747431
-1.45218
-0.050309
-0.00655659
-0.0107859
0.3648
-1.85686
1.54197
0.31489
1.57659
1.17214
1.75208
0.898706
0.708966
-0.973048
1.01433
1.536
-2.76
1.07445
1.52207
0.455706
0.0044337
-1.62973
1.72731
-1.01209
1.34254
-2.72787
0.336429
0.11813
-1.51998
-0.0695068
-0.774144
0.233128
1.8633
-1.10003
-0.0698929
-1.40997
0.138684
1.27129
0.973048
-0.0395236
-0.0532636
0.410704
-0.441459
-0.30875
0.22712
0.314009
-0.299847
-0.240061
-0.0262658
-1.79066
0.893849
1.54781
-0.587796
-1.50019
-0.00869695
2.71821
-1.48062
0.0153313
1.97899
-0.77404
1.63159
-0.755074
-1.01666
1.49053
-2.45276
0.762925
-0.838099
0.0985195
-1.12469
-0.709856
2.62653
-1.28399
0.78561
-1.5227
0.443039
2.39824
-0.458005
0.937963
-0.479958
1.57714
1.87721
-1.10294
-0.774275
-0.758798
-0.224843
0.983642
-1.21402
-1.85686
1.28911
-1.11362
-0.175486
-0.0251129
1.10428
-1.07916
-1.38206
0.821865
0.0221013
-0.00693448
0.479187
2.32654
1.99774
-0.880285
0.432722
-1.06145
1.07664
0.0666161
-1.29438
-1.41949
0.00397119
1.41552
0.679901
-0.8818
1.14293
-1.54364
2.0418
-0.772966
-1.23242
1.23242
0.812613
0.723392
-0.396023
0.59656
-0.82151
1.5984
-1.4217
1.4217
-2.63612
-2.07727
1.23901
0.529899
0.130968
-1.42819
-0.840966
0.41593
-0.1138
-1.4612
0.0330148
0.117642
-0.639563
1.87637
-0.545804
1.80115
-1.25535
-1.40043
-1.48471
1.31547
-0.0713965
0.323193
-0.654926
1.53981
0.712513
0.562994
0.974897
2.55298
-1.65427
0.731389
0.409831
-0.776461
1.56207
-0.882785
0.195201
-0.885468
1.28911
-1.5644
2.85224
-1.6386
0.872614
-2.25855
-0.719887
1.64413
0.489673
1.11362
-1.10965
-0.148901
0.670319
-0.15915
-0.511169
-1.43466
1.43466
1.69209
-1.07438
-0.617707
-1.50059
0.921257
0.602435
-1.60876
1.60876
1.06343
0.628656
-0.118706
2.09466
0.323881
0.022664
-1.36101
0.0302798
1.85159
-0.402113
2.40117
-1.72878
2.46877
-1.19436
0.890625
-1.36652
-1.10965
-1.64601
1.64601
-1.5333
2.70544
2.66926
-1.59481
-1.79538
0.835448
2.25989
-1.38728
-0.985908
0.960795
-1.75417
1.04857
0.705599
0.357589
-2.18022
1.319
1.1317
1.26653
-1.06145
-1.51066
1.51066
-0.0120683
0.160855
0.994835
-1.01433
0.0194977
1.5448
-1.61361
0.0688151
-1.77171
0.986459
0.785252
0.604018
0.851222
0.281416
-0.994835
-1.5448
-1.14395
1.70694
-1.64303
2.40596
1.51205
-0.710355
1.07664
-0.690731
0.932412
1.01203
-0.723144
-0.893377
-1.3579
0.283872
0.72397
-1.77888
1.25251
-1.2851
-0.588832
0.466589
1.42553
1.17596
1.46739
0.457569
-0.0633393
0.195998
-1.29944
-0.885522
2.18496
0.853941
0.574742
-1.09349
-1.24931
2.3428
-2.32104
-0.837278
0.379317
-1.60945
0.535068
-1.42002
1.21796
-1.45346
1.82304
1.02167
-1.74481
-0.850967
-0.0172341
-0.65319
1.50713
-0.91441
0.909945
-1.18192
1.52873
-0.346803
1.47631
-0.767349
2.42881
-0.999346
-0.769718
1.79139
-0.863209
0.125986
0.917248
0.659888
-1.19315
-0.127996
-1.55096
-1.50892
-0.867838
0.430568
0.162197
-0.122229
-1.88391
0.776883
1.33961
-0.243821
0.94075
-2.32803
-0.85105
-0.0521639
0.260468
-0.95867
-0.902804
-1.52931
1.9959
1.26032
0.810082
0.821937
1.01499
1.21585
-0.417145
-1.24583
-1.41967
-1.04571
2.46538
-0.789897
1.68975
1.1788
-1.05292
0.640315
-0.209676
0.888012
-2.3677
1.47968
0.117865
-0.902488
-0.509485
-1.38029
-0.943464
-1.21728
0.4974
0.153929
-1.18812
-0.695788
0.565343
1.76762
-0.915187
-0.852429
-0.357832
1.71663
-1.00509
0.383483
0.699482
-1.8876
2.30622
-1.10524
-1.20098
1.86501
-0.439487
-0.37903
0.720952
-1.68344
0.962488
-2.71485
1.18156
-1.42574
-1.02386
-0.82658
2.22239
-1.1586
0.353658
0.0257644
0.0100603
-1.44002
1.11063
-0.309759
-1.11598
-0.361507
-0.619176
1.92391
-1.30474
0.979563
-2.41958
-1.49689
0.992236
-1.76195
-1.71459
0.858859
1.00655
-2.38684
0.851717
-1.24492
-0.193922
1.43884
1.45099
-2.45034
-0.867218
0.356701
1.01988
-1.63759
1.19233
-2.68922
0.717296
1.66777
-1.4095
0.0385445
1.17089
1.31645
0.548562
-2.13022
1.4549
0.675322
-0.00443827
0.160213
0.944065
1.27715
0.867009
-1.82638
0.959367
-1.56488
1.52527
0.00959824
-0.802942
1.79518
-0.159064
0.736946
-0.693579
-1.58559
2.27917
1.24816
1.23001
-0.59562
0.3116
-1.37103
1.85814
-0.54169
0.588713
0.995103
-1.58382
1.57348
-2.64363
2.76581
-1.56933
-1.22495
1.92443
-1.23897
-0.648638
1.40727
-2.45298
0.0786992
-0.923568
-0.759873
1.00356
-1.54874
0.545186
-1.6003
1.01865
-1.36545
-0.964675
0.0264341
0.357158
0.189394
0.820367
0.694714
-1.61828
-1.54733
0.453428
-0.620308
1.52964
1.05449
-0.81271
-1.07029
0.906414
1.35027
-2.63427
0.672253
0.804061
0.0102137
-1.11731
-0.688601
0.172059
-0.00500944
1.38558
0.610324
-0.92731
1.63982
-0.156381
0.92293
-1.23269
0.799466
-1.71465
-0.712734
-0.854075
-0.00462265
-0.9195
0.69896
0.508148
0.950632
-1.45878
-0.634029
-0.778865
-0.198599
0.184831
0.866905
-1.82557
0.0121536
0.469013
1.2573
-0.105125
0.0838085
0.021317
-0.0387069
0.598112
0.909018
1.93414
2.54917
-1.53419
-0.888626
1.60173
-1.15325
0.503224
0.738571
1.46134
0.00748953
1.5268
2.6429
-0.93069
-1.48889
-0.00956394
-0.0575185
0.0670825
-1.34508
-0.135846
-0.18629
0.471293
-0.442521
1.50457
-0.146702
0.377409
-0.696672
0.319264
0.0177547
-0.0291036
0.0365861
0.0290697
0.629406
0.85121
-0.245804
1.89793
1.46365
-0.648935
0.238457
-0.436416
0.152731
-0.194415
-0.623977
1.47569
0.888884
0.304309
-0.594335
2.06522
1.5003
2.47802
-1.56807
-0.837659
-0.462531
1.63343
1.01383
1.50163
-2.33383
-0.994571
0.729466
-1.20534
0.475874
0.0247495
-0.0382435
0.0472715
0.784496
1.34124
-0.339391
-1.00185
-0.165143
-1.34248
-0.174109
-1.06959
0.700613
1.17575
-0.0573176
-1.42596
-0.183778
-0.0350107
-0.103765
0.138776
0.656913
-0.618625
1.57372
-0.955092
1.5651
-1.18596
-0.379139
1.06427
-0.0186902
1.34554
0.9811
0.452611
-0.884029
-1.46898
-0.559423
-0.513104
1.07253
0.0214572
1.21273
-0.550261
0.133866
0.416395
2.69235
-1.43203
-0.950085
-1.09265
-1.01744
-0.397394
1.41484
0.00169658
-0.935253
-0.130265
0.563023
-1.8353
1.55198
-0.539304
-1.07731
1.23753
-0.119753
0.0953212
-0.22863
-1.55691
0.938285
-0.157104
0.406627
0.0427917
2.54467
-1.22481
-1.31986
0.633706
-1.15024
1.65082
-0.00638322
-1.22174
1.22812
1.13422
1.00366
0.0666154
1.51069
-1.02025
-1.06756
-0.164401
0.0857213
-1.56928
0.399309
-0.0557797
-0.660264
0.0756232
1.47749
1.06718
-1.01896
1.69003
-0.671067
1.15039
-0.649504
0.213363
-1.57092
0.954474
-1.4928
0.538327
0.366021
-1.7002
-0.874357
1.52348
-0.794652
1.82415
0.367569
-0.185088
0.0569588
-0.0569588
0.186548
-1.19261
-0.884039
0.716741
-0.303186
-1.46599
-1.22702
1.15072
1.32656
0.0990879
0.188644
-1.15319
1.68826
1.21569
-1.75738
-2.49088
1.00199
0.0887081
-0.318885
-0.362797
1.11715
0.317106
-0.926402
0.605031
-1.44458
2.55521
-0.161705
0.074801
1.19831
0.00283085
-0.513823
-1.16514
-0.569274
1.78496
-0.0522364
-1.6242
0.696887
0.0214816
1.02102
-0.260446
0.0227718
0.237675
1.21173
-0.120828
0.28607
-0.739496
0.0431331
-0.0431331
-0.77158
-0.0111333
-1.7448
0.890721
0.0586383
-0.0444848
-1.50978
-0.0386119
-0.218095
-0.153213
-0.0639882
0.0926208
1.46834
-0.6464
-0.129012
-0.470148
0.851717
-1.09498
-0.282058
0.00744031
0.274618
-0.0949409
-0.11607
-0.0922153
0.120457
-0.914104
1.4997
-0.730584
-0.259464
0.480234
1.30657
1.1622
0.651779
-0.27437
-0.0704784
0.84436
-0.969849
2.17042
-0.795619
-1.35703
2.15264
-0.87337
0.602633
-0.0772633
-0.069466
-0.0873935
-2.65684
-0.143621
1.08605
0.328794
-1.41485
-1.54555
0.0880924
0.727856
-0.192639
0.0990965
0.42679
-0.94718
-0.687321
-1.77604
0.204711
-0.116003
-0.101778
-1.4842
0.537022
-1.5146
1.60022
0.0945446
1.15571
1.19954
-2.35526
-0.229464
0.16985
0.77163
-0.0175836
-0.113353
-0.903727
0.445362
-1.27876
0.208068
0.957531
-0.493964
0.370958
1.06934
1.16069
-2.23003
-0.11072
-0.489226
1.15349
0.864295
-0.88296
-0.942614
-0.106756
-0.438141
-0.0271702
0.932725
0.0857889
-0.245658
-0.35252
-0.900226
-0.174146
-0.0906684
-0.191406
0.127542
0.0205897
1.11899
-0.0964624
-0.733369
0.95059
-0.246715
1.38179
0.452462
0.926508
-0.836856
0.151234
0.985374
-1.73721
-1.19915
2.23919
0.00702489
-0.00414933
-0.173246
1.082
-2.28115
1.44761
-0.999177
0.721552
-0.148625
0.416962
-0.767495
-0.512648
-0.158087
0.0676554
-0.973927
1.4315
0.400945
-1.41839
-1.64184
0.970772
1.86488
-0.845609
-1.01927
0.875395
-0.293055
0.22148
0.390774
-0.612254
-1.06495
0.505524
-0.703554
1.86242
0.439264
1.31154
-2.3859
1.07436
0.759451
-0.529091
0.00899739
-0.152688
0.821721
-0.155986
-0.493848
1.45523
-0.961378
1.11481
-1.44087
0.326068
-1.07331
-0.696483
1.7826
-0.796141
1.21187
-2.41285
1.1342
-0.489834
-1.3076
1.74764
0.201903
0.336979
1.35868
0.303581
1.04128
-1.34486
-0.464061
0.199661
0.767422
-1.04791
-0.722682
-0.792104
1.51479
0.473679
-0.937649
-0.176261
0.00297203
0.173289
-0.479857
2.19488
-1.57645
-1.83522
1.25277
1.2407
0.0147179
0.60443
-1.85978
-0.396956
0.13651
-0.0368118
-1.41664
0.412651
-0.66869
-0.380407
-1.29987
-1.61999
0.502685
-0.586488
-0.253724
-0.341019
0.875152
1.06929
-0.172858
1.25891
-1.44153
2.59724
1.20528
-1.24258
-0.0237938
0.485571
-0.723108
-0.399106
1.12221
-0.0511189
-0.0350836
1.54958
-0.407218
-0.0562585
0.00110079
1.03361
-1.17561
-0.070077
-1.39162
-1.31087
0.302984
0.176219
-1.25353
-1.07899
1.78459
2.41141
0.124457
-2.37506
1.28949
0.616293
0.958602
0.0343817
-0.551607
-2.37177
0.847422
0.25859
0.927318
0.262797
-0.762152
1.73292
-0.0148273
-0.0271083
0.0419356
1.30698
-1.31336
-1.09846
-0.0209129
0.465047
0.313943
1.54402
0.402524
-0.758841
0.0646421
0.839985
-1.46596
-0.972872
0.585018
-1.1124
0.668654
1.13632
-1.45646
1.58268
-1.03041
-0.95521
1.697
0.396349
-1.10934
-1.84715
0.852578
-0.0781353
-0.675329
0.320535
-0.358846
1.12827
-0.313326
0.0693041
-0.115404
1.17951
-2.33811
0.945146
-0.395787
0.53929
-1.96584
-0.959775
1.42784
-0.0820073
-1.1716
-1.34775
0.242741
0.000819225
1.88617
0.039825
-1.3825
1.52987
-0.147361
0.527804
1.52428
-2.05208
-1.26275
0.787425
-1.08949
-0.386613
1.4761
0.495465
-0.665474
1.36874
1.43333
-0.896306
-1.58704
0.0177078
0.669998
-1.99815
-1.23334
1.32049
-1.87391
0.553422
1.35332
-0.981467
-0.0488338
1.0303
-0.327748
0.525607
-0.192008
-0.3336
-0.553635
0.218725
0.034445
1.64414
-1.03086
1.80498
0.575622
-0.193084
-0.382538
0.189893
0.433802
-0.473468
-0.205904
-0.330746
1.08078
0.0254106
-1.10458
-1.16864
0.929012
-0.204867
-0.724146
-0.0781021
-0.0218037
-1.86337
-0.551681
0.852313
-1.15725
-0.146706
-1.3946
-1.25117
1.11897
-0.57209
-1.36335
-0.662191
-0.150438
0.406571
-0.927629
-1.15134
0.484561
1.99257
-1.38814
-0.750932
0.309933
0.333325
0.645094
0.999041
1.62304
0.912539
-1.04372
-0.895783
0.533252
-0.84149
1.36858
2.27705
-1.20771
1.1245
0.18587
0.368669
-0.3868
0.0181314
0.162342
-0.00420162
1.10919
-1.34417
-0.849586
1.07955
-0.716771
0.859375
0.145803
0.173523
-0.571836
-0.994479
-0.154336
1.14881
1.47349
-1.66536
0.191866
-2.25891
1.06924
0.193284
-0.500136
1.16084
-0.699836
0.0637455
0.00354525
1.36904
-1.23887
-0.130168
-1.2108
0.141218
-0.316426
-1.17742
0.278033
-0.450264
0.172231
0.414326
-0.312731
0.236033
0.177441
-0.337357
0.66055
-1.48684
-0.455648
0.82185
0.526514
0.203681
-0.021169
-0.61962
1.12537
1.11383
0.94626
-1.37922
-0.0299836
0.0911448
-0.0911448
0.530557
-0.357633
-1.09222
0.835162
-1.23427
-0.0280773
-0.302486
1.08761
-0.025305
-0.13834
-1.30253
1.52179
-2.19768
0.0119205
0.936836
-0.199425
0.518354
1.0619
-0.304813
0.335078
-0.0302653
0.97036
-0.0627669
-0.907593
-1.09257
0.342495
-1.9675
1.625
-0.224892
-1.05433
1.15073
-0.0964011
0.526519
-1.61601
-0.948712
0.0455659
-1.34611
0.0400865
-1.23887
1.20236
-1.38278
1.29093
0.0918462
0.0788466
0.288723
0.441558
-1.95048
1.14177
-2.25711
1.11534
0.0320896
0.000580316
-0.276201
-1.07482
0.418843
-1.50735
0.141316
0.851716
1.07832
-1.93004
-0.43907
0.75418
0.130633
-0.0376455
-0.0929874
0.227118
-0.227118
1.4064
0.26493
1.78843
1.64037
0.45747
-0.8988
0.0121648
0.198927
0.604982
-1.43747
2.45849
-0.135043
1.60854
-1.59151
-0.452852
-0.502157
0.464247
-0.652382
-0.684861
0.265004
0.419857
-1.22975
1.29498
-0.0652294
0.565262
-1.33276
1.07231
-2.03648
0.964171
1.42388
-0.122611
0.205035
-1.42185
-0.0424327
-0.517531
-1.10106
1.20181
-1.41001
3.36622e-05
0.714017
0.0918553
-0.90623
-0.692303
0.139887
-0.0717916
0.312972
-0.128141
0.887705
0.536171
-0.192014
0.20075
-1.507
-1.51023
1.55025
-1.52996
-0.934349
1.80664
1.42833
0.920701
-0.209605
1.70257
0.429815
1.0906
0.200179
-0.016423
-0.352559
-1.1162
-0.139292
-1.25233
-0.954885
0.00887027
-0.00887027
0.714058
-0.246128
0.954477
-1.67716
0.00264691
-1.81653
-0.0139846
0.0139846
-1.23001
1.61738
-1.29131
-0.0232643
0.0232643
0.38599
1.21328
-0.0103146
0.435879
-0.0315409
0.0315409
0.716245
-0.0332071
0.0332071
0.0629598
1.24686
-1.30982
-0.113051
-0.0401864
0.0401864
0.207745
-0.0703729
0.0503303
0.0200426
0.0236091
-1.16022
0.744767
-1.51212
-0.484241
0.0395514
-0.0395514
-1.62071
-0.586919
-0.276793
-0.35152
1.03528
-0.683757
-1.25762
-0.0211727
0.0211727
-0.0615987
-0.0581547
-0.0378927
0.0378927
-0.496724
-0.448541
0.0082115
-0.0082115
-2.11553
-0.789455
-0.0394614
0.0394614
0.362712
0.835211
-0.000307551
0.000307551
-0.0368308
0.0368308
-0.740196
-0.00589499
0.00589499
-0.0367044
0.0367044
-0.624264
0.868308
-0.0126215
0.0126215
-0.520113
0.135057
1.42705
-0.76469
-0.00685591
0.00685591
-0.0497434
0.0497434
-1.33518
-0.180827
-0.702118
-0.53215
-0.0117533
0.0117533
0.589893
0.105112
-1.32367
2.25754
-1.69452
0.0869298
-0.128884
0.0419546
-0.194688
-1.37624
0.0260409
-1.04974
1.333
0.538795
0.0113468
-1.95036
1.0743
0.145457
-0.092148
-0.0533088
0.0417934
-0.0417934
0.0147948
0.0902681
-1.26187
-0.566053
0.399993
0.00503693
0.00214692
-0.00214692
0.00664984
-0.00664984
0.0100907
-0.0100907
0.013098
-0.013098
0.0161589
-0.0161589
1.65205
-0.0116837
0.0181655
-0.0181655
-0.0205416
0.0205416
0.102493
-0.0462872
0.0462872
0.298346
-0.025179
-1.26197
1.17137
-1.94434
0.665546
0.957439
0.0195259
-0.0195259
-0.0513436
0.0513436
0.0188154
-0.0188154
0.479436
-0.462327
-0.0674978
0.103393
0.0193289
-0.0193289
-1.35252
0.0336784
-0.0336784
0.624137
1.31982
-0.479305
-0.32629
0.886536
0.0183007
-0.0183007
-0.0405223
0.0405223
0.0193553
-0.0193553
-1.32764
0.535534
0.445687
-0.319471
-0.126216
-0.00291364
-1.29922
0.204239
-0.0426687
0.0426687
-0.278431
1.35252
0.158132
-1.16854
0.00929502
-0.00929502
-1.60799
-0.0444095
0.0444095
2.35072
-2.0095
-0.00836707
0.00836707
-0.0438285
0.0438285
0.177881
-0.177881
1.0235
-1.83996
-0.00607466
0.00607466
-0.0444088
0.0444088
-0.554088
0.979234
-0.425146
0.923444
-1.69449
-0.381868
-0.404155
0.786023
-1.25616
-0.0382215
0.609241
0.866452
0.00704327
-0.00704327
-0.0201819
0.0201819
-0.0359275
0.0359275
0.785924
-1.58022
0.936804
-2.37427
-1.42019
1.42019
0.641444
-1.2767
-0.622806
0.425312
1.82826
0.00995692
-0.00995692
-0.046827
0.046827
-1.01095
-0.488157
0.0120475
-0.0120475
-0.0517415
0.0517415
0.466454
-0.554691
-0.18306
0.206711
-0.0541953
0.0541953
0.0160911
-0.0160911
-1.66502
0.764794
-2.10634
0.956095
0.00585541
-0.00585541
-0.589705
0.355739
-0.0614815
0.0614815
0.0299594
-0.0299594
-0.0485782
0.0485782
0.032941
-0.032941
-1.18243
0.995248
-1.30472
0.0162283
0.807836
-1.4681
-0.0466781
0.0466781
0.0587719
-0.0587719
-0.092987
0.092987
0.0065849
-0.262483
0.524251
0.0356283
-0.0356283
-0.10614
0.500786
-0.0496678
0.0496678
-0.52038
0.874857
1.29557
0.0448662
-0.888482
0.0521588
-0.0521588
-0.0511537
0.0511537
-1.23238
1.19557
-0.669806
-0.494377
1.16418
-1.43316
-1.12817
0.791467
0.12748
-0.466789
0.339309
0.0522519
-0.0522519
0.00231016
-0.00231016
-0.0469397
0.0469397
0.396069
0.247095
-0.188044
0.29597
-0.627377
0.331407
-0.233527
0.259297
0.255068
-0.119373
-0.135695
0.129517
-0.129517
-1.40711
1.40711
-0.0469542
0.0469542
0.526849
-0.451907
-0.446072
0.107486
-1.13968
-0.0458539
0.0458539
0.0970856
-0.0970856
-0.159787
0.0291991
-0.885922
1.62987
-0.0729928
-1.18463
0.928075
0.0397383
-0.0397383
-0.00871473
0.0538946
-0.0538946
1.45311
1.08045
-0.573608
-0.252703
-0.529156
0.342866
0.33993
-0.367101
-0.0908762
-0.108206
-0.560592
0.668797
-1.78122
1.09262
0.0289013
-0.0289013
0.332149
0.821166
-0.0584544
0.0584544
-0.744007
0.869993
-1.00996
-0.128392
0.0552777
-1.23771
0.0178463
-0.0178463
-0.0600878
0.0600878
-0.0609502
0.0609502
-0.0699476
0.0699476
-0.0649382
0.0649382
-0.0679102
0.0679102
-0.0661303
0.0661303
0.212512
-0.240154
0.0586325
-0.0681815
0.0681815
0.89804
0.0822908
-0.0822908
-0.367439
0.38878
0.236674
0.00629872
-0.00629872
0.962851
-1.75275
0.631266
-0.0370961
-0.0191625
-0.117852
-0.357293
0.475145
-0.00505456
0.00505456
0.417696
-0.0140124
0.0140124
-0.0132261
-0.0212118
0.0212118
1.36148
0.895101
-0.126793
-0.0223126
0.0223126
0.077959
-0.101642
0.401339
-0.0667396
-0.334599
0.0166764
-0.0166764
-0.140768
-1.05184
0.147484
-0.318163
0.578736
-0.621168
-0.944246
-0.126047
0.673281
-0.0895528
0.489482
0.130926
-1.08148
-0.906985
-0.601271
-0.0195516
0.0817074
0.0240047
0.875856
0.165451
-0.00665159
-0.108624
1.10348
1.19361
0.0779675
-1.27158
0.704484
-0.165689
0.222622
0.968851
-0.844312
-0.124538
0.509107
-0.0709907
-0.0477156
-1.37413
0.964401
0.409727
-1.40123
0.761517
-1.03138
-1.7722
-0.162972
1.93517
1.43635
-2.01216
-0.839968
-0.894242
-0.916056
-1.33967
-0.00449982
0.0691909
-0.0691909
0.147596
-0.411914
0.532141
0.161593
-0.255349
0.493806
-0.00675856
0.00675856
-0.180838
-0.826139
-0.0593284
-0.944158
0.846701
-0.130456
0.424612
-0.342627
0.747532
-1.39647
-0.325617
-0.0504285
0.644978
-0.62673
-0.280255
-0.822876
-0.175487
-0.317251
-0.0949384
1.81348
1.30634
-0.0594829
-0.0137937
-0.399349
-1.37022
0.621523
-0.0916232
-1.06879
1.7304
1.38008
-0.112014
-0.118709
-1.63112
-1.34167
0.249451
0.0465506
-0.0125802
2.69844
-1.53623
0.185665
-0.0121416
1.26261
0.250377
-0.626577
0.224776
-1.10638
-1.10169
0.684543
-0.276839
-0.782181
-0.41785
-0.552573
-0.0947817
0.0947817
0.0170651
-0.0170651
-1.07264
0.0775266
-0.474059
0.396532
-0.579105
1.37857
-0.650299
-0.919967
0.518769
0.110707
-0.857126
0.244413
-0.296576
0.614931
-2.32796
1.65627
0.671693
-1.09757
1.04874
0.851479
-0.258893
-0.592586
-1.11849
-0.0509028
0.0162301
1.0268
-0.905242
1.65001
1.16616
-0.34102
0.836485
-0.107251
0.0470574
0.928699
-0.300864
-1.00787
1.00787
-1.24574
0.24935
-0.131165
-0.118185
0.735468
-0.268963
-0.384045
0.219605
-1.51556
1.53546
0.193507
-0.426197
0.861363
-0.908019
0.0466557
-1.59387
-0.471005
-0.105562
0.0575236
0.857126
0.714572
-1.23357
0.518999
0.174573
-4.13626e-05
0.297899
1.12831
-1.42621
0.693887
0.134404
-0.62132
0.304069
0.339862
-0.163522
0.206156
0.00318815
-0.668735
0.770527
-1.22139
0.238921
2.23894
-1.46731
0.145311
0.126243
-0.108747
-0.0174952
0.220487
-0.501958
0.281471
0.202302
0.108473
-0.108473
-0.275109
0.698485
0.685791
1.10144
-1.10144
0.0944032
0.0716772
0.106785
-0.585444
1.08172
-0.209707
0.646506
0.362569
-0.126923
2.24617
-0.90334
-1.03062
0.146591
-0.126377
-0.284476
0.410853
0.256358
-0.455336
-0.475259
-0.049134
-1.14051
-0.0280322
1.19825
-0.445002
0.88636
-0.441357
0.346258
-0.0960498
0.973179
-0.145801
-0.0220846
0.724599
-1.79216
0.970661
0.894619
0.0760417
0.919243
-0.9465
-0.459583
-0.0335004
-0.292117
0.971163
-0.891428
-0.079735
-0.000176027
-0.276868
-0.0961748
-1.76526
0.527096
-0.121377
0.498797
0.0268105
-1.28162
2.12904
0.00510172
-0.106876
0.159293
0.80587
-0.868637
-0.00605031
0.00605031
-1.53804
0.432232
-0.111478
1.97032
-0.515605
0.710359
-0.117838
-0.0167183
0.0732291
0.484996
0.101447
0.137679
-0.079483
0.241539
-0.102653
-0.169734
0.272387
0.0352167
-0.0352167
0.130957
-0.130957
-0.761455
1.6849
0.711351
-1.96066
-0.0172677
0.0172677
0.9465
-0.585558
0.218036
0.0476544
-0.944568
0.896914
-0.226844
-0.114689
-0.381967
-0.639818
0.348165
0.298663
0.354353
0.629132
-0.467773
0.89834
-0.00585019
0.00585019
-1.75728
2.18709
-0.10468
0.10468
-0.0670498
-0.189024
0.477896
-0.288872
-1.11886
-0.171902
-0.589694
-1.18819
-0.22666
0.57944
-0.744592
0.420306
0.445026
0.162907
0.780986
-0.660528
-0.321582
0.510711
-0.189129
0.535622
-1.34657
0.193322
1.57626
-0.7319
-0.249127
-0.288909
0.538037
-0.270306
0.682957
0.00793732
0.0827084
-0.0906457
-1.2563
-0.429712
0.278562
0.58635
0.116982
0.0342526
-0.889228
0.479412
-0.0170931
0.335593
-0.574256
0.0963234
-0.240864
-0.348841
-2.12885
-0.775397
1.34689
0.261643
0.00844602
-0.00844602
-0.105485
-0.913918
0.0254357
0.0170151
0.667848
-1.28395
-0.0444966
0.205367
-0.160871
-0.0960557
0.0960557
1.99331
-0.333993
-1.65931
0.693476
-0.320253
-0.857579
0.404727
0.217612
-0.286126
0.395236
-0.10978
0.299664
-1.41853
-0.78808
-0.0133998
-0.968036
-0.145682
2.3286
-0.0615244
0.0362095
0.0253149
-0.49658
0.275593
0.115109
0.945061
-1.70652
0.323243
-0.205427
-0.297435
-1.25117
0.754386
0.326395
0.0954568
-0.0954568
0.817179
0.213122
-0.527509
0.255114
0.219416
0.205779
1.44627
-0.207218
-0.477643
-0.174859
1.39454
-0.844401
1.569
2.22462
0.0621294
0.134307
0.294847
1.61756
-0.69105
-1.39703
1.35099
-1.60555
-0.802703
-0.427896
-0.478001
0.211349
0.266652
1.44129
-0.108637
0.0994577
-1.00705
-0.086208
-0.155451
0.523062
-0.0673561
-1.54707
0.170836
1.0064
-0.0660924
-0.836396
0.172768
2.11287
-0.978655
0.576368
-0.836435
0.361475
0.124096
2.06299
-0.0768167
-0.286378
-0.510389
0.728954
0.599437
-0.566324
0.153935
0.225607
0.916582
-0.274132
-0.210186
0.484318
1.12997
0.658476
1.65849
0.48119
-0.0435577
-0.00871473
-0.150278
-0.233739
0.384017
0.29581
-1.28046
-0.976648
0.0693041
-0.212829
0.575713
1.11519
-0.630627
-0.926859
0.00924848
-0.0581678
0.207174
-0.521858
1.21532
-0.132538
0.120469
0.224069
0.448519
-0.669169
0.600568
-0.335564
-0.348404
-0.128396
0.4768
-0.904081
-1.02596
0.0269416
-0.00456562
-0.463265
0.396215
0.806548
-1.58655
0.779998
0.426373
-0.254815
-0.171559
0.957108
-0.419426
-1.01131
1.3068
0.0307495
-0.0134326
-0.0311392
-0.382316
-0.158699
0.397077
0.30429
-0.35397
-0.271335
-0.0764444
0.34778
1.31871
0.141377
-0.141377
0.603706
-0.115536
-1.47597
-0.113695
-0.273105
0.773578
-0.410866
-0.191215
-0.413463
-0.0111703
0.0111703
-0.247001
-0.142527
0.389528
-0.4735
0.248104
-0.00827663
-0.177115
-0.274918
0.549975
-0.875651
-0.65811
1.76692
-1.68822
0.03863
-1.00005
-1.2135
2.35874
-1.64199
-0.202978
-0.31888
-0.276767
-0.195401
-0.619928
1.24906
-0.379535
-0.275391
-0.238231
-0.272555
0.510786
-0.285944
0.479228
-1.25591
1.00615
-1.93301
-0.021992
0.0510618
-0.000273051
-0.372546
-0.112553
0.728846
-0.235667
-0.113186
-0.182001
-0.199735
0.381736
-0.300153
0.667353
-0.0358499
0.0573071
0.134201
-0.173025
1.63411
0.00165867
-0.452008
0.980877
-0.528869
-0.0131167
0.391329
-0.378212
-0.24434
0.0378588
-0.00926603
0.57978
-1.33862
0.0114282
-0.397791
0.62186
0.419215
-0.300678
-0.118536
0.934958
-0.934958
-0.00156872
0.0498615
-0.195151
0.141843
1.19551
-0.0439497
0.0444786
-0.000528905
0.209597
1.58408
-0.798159
-0.759781
0.0214859
0.421553
1.30017
-0.58627
1.53133
0.00263066
0.880419
0.943731
-1.60964
-0.229208
-0.0336119
0.0199537
0.0136582
-0.0389466
-0.00558744
-0.321691
0.255991
0.000126432
-0.165972
-0.335181
-0.0446417
0.0446417
-0.207198
-0.240078
0.447276
0.231565
-0.283801
1.29255
-0.00672648
0.00298972
-0.888969
-0.261123
0.222511
0.310061
-0.426131
0.241741
-0.832733
1.55408
0.0336874
-0.450364
-0.614583
-0.0474951
-0.147656
-0.412158
0.0741507
-0.121866
0.276792
-1.97765
0.465974
0.687519
-0.335208
0.257944
0.0663099
0.367492
0.664215
-0.193563
0.282353
0.411015
-0.693368
0.0926582
-0.0498665
-0.449397
1.34012
-0.903915
-0.472964
0.875489
0.474382
-0.0579866
-0.198867
0.624179
0.998118
-0.482227
-0.686802
1.4068
0.310168
-0.647525
-0.0451671
-0.273718
-0.0394042
0.321689
0.246181
-0.430915
1.35941
0.853592
0.843405
0.0168331
0.742204
-0.440899
-0.301305
0.335769
-0.216698
1.77941
-1.35911
0.347794
-0.461147
0.72766
0.957239
-0.478261
-1.28492
0.0714198
-0.00449386
0.226117
0.253913
0.00888323
0.0181439
0.00718384
0.529744
0.00450293
0.00344086
0.00300731
-0.0150503
0.00306087
-1.31934
1.87267
-0.355288
-0.00101565
-0.568932
0.987775
1.20849
-2.07715
0.868664
-0.0022691
0.052726
-0.000710543
0.466891
-0.665758
-0.0140295
0.0140295
0.0828787
0.0009298
-1.01847
1.58373
0.0498615
-0.262899
0.682757
0.000513519
-0.673956
-0.525656
0.361254
0.0804618
-0.00102824
-0.818706
-0.22014
-0.00684389
-1.29573
0.0846519
-0.313282
0.0010546
-1.3628
0.31096
0.185088
-0.268996
0.733375
-1.55208
-1.05084
0.189343
-0.130509
0.130509
-0.00214639
-0.0650116
0.00035965
-0.175956
0.182362
0.0506237
1.68626
0.45927
-1.6534
1.81644
-0.00174078
0.311013
-0.0235547
-1.13667
0.022192
-0.0925648
-0.147906
0.705197
-0.565311
-0.16662
-0.491925
0.31266
-0.124483
-1.13739
0.827985
0.000580998
0.154277
0.497502
0.867662
1.54732
-0.660784
1.13499
-1.07971
0.636917
0.346725
0.34844
0.459122
0.343883
-0.278702
0.253397
1.29435
0.0206494
-0.738108
-0.349577
0.181022
-0.211006
1.15052
-0.575207
0.0235998
0.495276
-0.217243
0.363547
0.329928
2.21464
0.149997
-0.0949492
-0.0339353
-0.00251166
0.175214
0.272699
-0.447913
-1.08758
-0.70846
-0.896226
0.121505
-0.0380593
-0.083446
0.499188
-0.924334
0.00681922
-0.842313
-1.48603
-0.0492367
-0.326034
0.315248
0.154317
-0.00245386
0.00404353
-1.30911
-0.00491081
0.312356
-0.399296
-1.11167
-0.597923
0.452123
1.44756
0.497371
-1.128
0.569758
0.798825
-0.573889
0.167971
-0.0414642
-0.0483642
1.45842
-0.494019
-1.02251
0.427593
-0.0635641
-0.929757
-0.373924
0.295852
0.0864781
-0.0289545
0.00190007
0.0258309
0.956703
1.03587
0.533932
0.710454
-0.703268
-0.693198
-1.1397
-0.629424
0.909805
-0.459882
-0.367385
-0.191951
-0.345522
0.340011
-1.13854
-1.82036
0.0929596
-0.247776
0.294837
-0.0470614
-1.35472
-0.916131
9.31438e-05
1.47098
0.004214
-0.36485
-1.43472
-0.31974
0.253
-0.355706
0.347397
-0.459019
0.111622
0.139783
-1.45658e-05
0.333342
0.388756
-0.148798
1.84433
-1.71364
-0.695177
-0.18319
-1.35277
-0.0264511
0.0696996
-0.0436587
0.000982055
0.955138
0.116298
-0.0202068
0.0276964
-0.0733266
1.48652
-0.916763
-0.00611557
-0.825494
-0.0236522
-0.000652763
0.0243049
1.57806
-0.844689
-0.546052
-0.392133
-0.234686
0.626819
-0.553168
0.163726
-0.561517
-0.010837
-0.00455978
0.426995
-0.618211
1.20783
0.46036
0.00184219
-0.184509
-0.413415
1.69566
-0.907655
-0.31779
0.209883
-0.011055
-0.0655811
-0.0445729
0.381774
-0.318029
1.42608
-0.634694
-0.325208
0.547054
-0.221846
0.323245
0.337305
-0.767017
-0.572161
-0.000862394
-1.15633
0.628818
0.267452
-0.381913
-0.0115476
0.730925
0.602978
-1.3339
0.00177996
-0.386164
0.268312
-0.00205123
-0.249423
-0.419267
0.0873634
-0.428471
-0.573927
0.335696
0.158557
-0.0113533
-1.35727
0.301996
0.545778
0.615058
-0.00895787
0.0997017
-0.648118
0.36163
-0.00719934
-1.1257
-0.137269
-0.60184
0.469898
-0.579143
0.467271
-0.508399
0.189519
-0.697265
1.21626
1.88361
-1.09618
0.0303015
0.83429
-0.752583
0.58827
0.0880439
0.130747
-0.17895
1.19055
0.400109
-0.37091
-0.0149206
0.357597
1.05636
0.746151
-1.09641
-1.0095
1.10086
0.420764
-0.0507074
-1.24784
-0.468096
-0.646362
2.30263
0.880579
-0.469565
0.0111628
0.308339
-0.500346
-0.298075
0.0957103
-0.43398
0.519007
0.290072
-0.620741
0.33067
-0.085014
-1.16616
-1.35768
0.132513
0.0833584
-0.599605
0.504615
-1.13977
-0.565002
1.75092
-2.02766
0.0705599
0.975032
-0.588587
-0.386444
-0.0922759
0.0483262
0.407047
0.0137175
-0.367875
0.529468
-0.280952
-0.14876
1.04742
1.213
0.215089
-1.08945
-0.0060333
-0.028759
0.104382
-1.00657
-1.12268
-0.20864
0.0975004
-0.0950466
0.805685
-0.182347
-0.270454
0.452801
0.316247
-0.199413
-0.278588
0.196586
1.21873
0.687626
0.323684
-0.00890064
-2.05042
-0.056267
0.0607007
-0.242869
0.375382
-0.997319
-0.302878
0.0403953
-0.123049
0.142061
-0.0190122
-1.16731
0.723205
-0.772397
1.72993
0.0517278
0.415543
0.901902
0.08588
0.796003
-0.00709732
0.0334954
-0.0345111
-0.333125
0.0408221
-0.0418503
-0.186884
-0.690482
-0.288605
-0.106648
0.585835
0.449062
0.350228
-0.503442
-0.081488
0.0841187
-0.506111
0.301581
-0.110403
0.591136
0.464828
0.0145922
-0.0145922
0.00550615
0.0536557
-0.0491528
-0.882284
0.206864
-0.637862
0.0136914
-0.0226593
0.140302
1.21026
-0.0356905
0.256854
-0.336261
0.0794067
0.546482
-0.242413
0.319301
0.0456796
0.0674578
0.0486205
-0.308723
0.404457
-0.457406
0.330613
-0.498373
-0.181785
0.483366
-0.584145
-1.69868
-1.14985
2.36258
0.632872
-0.342377
1.63635
0.415089
-0.0751588
-1.41134
0.259508
-1.2287
1.5805
-0.351792
0.0355393
-0.0355393
0.223029
-0.433659
0.210629
0.212982
-0.0905299
-0.122452
-0.272689
0.484038
0.00860041
-0.629172
0.73568
-1.41663
1.85589
0.500527
0.557659
-1.28956
-0.0304576
0.43364
-0.270264
0.223521
-0.36716
0.0112149
0.428828
-0.427845
-0.0038735
0.0216282
-0.00589153
-0.0372415
0.0928357
-0.0562496
-0.394136
0.305947
-0.416667
-0.602041
1.24702
-1.50952
-0.193291
-0.380599
0.367256
-0.641627
-0.141355
0.660124
0.779905
0.00544187
0.0363022
0.492224
1.98608
0.284905
-0.66713
0.258941
-0.303426
1.43125
-0.518707
-0.460935
0.126764
-0.0410429
0.25454
-0.341934
-0.067969
0.0233917
0.0509077
-0.893221
-0.872313
1.83944
-0.996038
-0.00861907
0.544548
0.0301768
-0.0090041
-0.0623047
1.17886
-1.11656
0.210425
0.348065
-0.189543
0.0735401
-0.424466
0.333797
2.03705
0.261012
-0.36279
0.23221
-0.361222
-0.367538
-0.187153
0.0301768
0.0551095
-0.0131739
0.796598
0.407467
-0.0563454
0.135113
0.00211064
0.0281036
0.0395734
-0.0395734
-0.294867
-0.109153
-0.16201
-0.523222
1.39908
0.0886967
-0.0613117
0.0630083
-0.035052
-0.482838
0.339217
0.174081
-0.0363181
1.83345
-0.938349
0.0677613
-0.25138
-0.198884
-0.0442954
0.0424024
-0.937224
-0.995787
0.917264
-0.700967
-0.637653
0.0651415
0.282638
-0.486757
0.913682
0.030938
0.0410573
0.0420132
-1.99064
-0.030938
-0.910513
-0.21279
0.253334
-0.104598
0.0193838
0.339203
-1.38711
-0.571986
-0.489657
-0.0922073
-0.125204
0.0849525
0.845161
-0.0241681
-0.534158
0.121049
0.268479
-0.146663
-0.0404183
0.478352
-0.233694
-0.865223
0.151625
0.23011
0.372773
-0.556551
1.11558
-0.780068
0.237124
-0.0136025
0.562395
0.380024
-0.481666
0.00441174
-1.71299
1.62798
0.810557
-0.369839
-0.440718
-0.384334
0.0836561
0.0993472
-0.317442
-0.0950062
0.397037
0.0366974
0.841406
-0.844267
-0.391936
0.29693
0.0715584
-0.028186
-0.141713
-1.03621
0.166223
-0.1943
-0.137198
0.069273
0.0679245
0.0105209
-0.0502012
0.0502012
0.647018
-0.926906
-0.0176626
-0.00389028
0.00389028
-0.453252
-0.324078
0.168092
0.145986
-0.310573
0.609477
-0.328006
0.313833
-0.106373
0.0824733
0.0371003
-0.0363181
1.26156
-0.0634849
-0.0841714
0.384718
-0.556277
-0.191956
0.546309
-1.42064
-0.557019
0.364843
-0.112462
0.133779
0.217192
-0.607148
-0.227428
0.0528601
-2.56458
-1.28375
-0.0100787
-0.446808
-0.426947
0.823016
0.0751543
0.113511
0.0332452
0.53065
0.186006
-0.207175
-0.0332452
0.0305512
-0.19632
-0.18074
-0.711621
-0.163999
-0.704638
0.742451
0.339273
-0.0197754
0.245783
0.812415
-1.79107
0.00286828
-0.175889
0.00932217
0.346495
-0.0690668
1.66004
-1.19075
-0.411692
0.0264712
0.263643
1.35459
-0.0645372
0.883604
-0.544605
1.46531
-0.0181245
-0.769836
0.623933
0.0227886
0.307423
-0.0786921
0.0708437
-0.724993
0.345458
-0.701342
0.431037
-0.496743
-0.0443115
0.878094
-0.26438
-0.08959
0.0257018
0.17311
-0.307496
-0.0148195
0.365269
-0.572776
0.423446
0.14933
0.140984
0.0231576
0.167675
0.98981
-0.843219
1.02911
0.0471883
-0.0231576
1.70298
-0.539377
0.182083
-0.0215747
-1.066
-2.01222
0.0234222
-0.0828483
-0.0121728
-0.43574
-1.09721
0.180846
-0.0806673
0.490268
-0.707378
1.17415
0.0878176
-0.0321059
-0.0825835
-0.858333
1.02886
-0.175427
-0.070128
-0.292826
-1.12749
-0.180112
-0.118402
-0.419028
0.402274
-0.559547
1.28275
-0.00285457
-0.059869
-0.994457
0.0030386
0.0837544
0.0583068
-0.138462
-0.133442
1.00271
1.81663
0.267353
0.554632
-0.0571299
1.64929
-0.692587
0.0131418
1.094
0.437327
-0.361783
-0.566908
0.391481
-0.0900134
0.0621622
-0.252563
-0.135044
-0.223717
0.386059
-0.00515228
-0.00174244
0.0346166
-0.281332
0.138709
0.637923
-0.0766572
-0.128523
0.408702
-0.557234
0.397447
0.393786
1.94794
-0.02737
0.261486
-0.368242
-0.0132779
0.241791
-0.293209
-0.195297
0.0197393
-0.0249996
-1.39245
0.0351827
0.152952
0.138454
0.340774
-1.46716
-0.400501
0.776294
-0.351426
-0.424867
0.0102566
1.18526
0.539014
-0.252465
-0.252281
0.0111176
-0.471967
-0.364469
1.8418
-0.082088
-0.207319
-0.0227886
-0.0124281
0.109466
0.0766572
0.716766
-0.366094
-0.967809
-0.29773
-0.102597
0.00600661
0.175304
0.271972
0.279902
-0.372608
0.254071
-0.292548
0.273681
-0.363271
0.656716
0.569346
-0.0252547
0.208261
-0.437433
-0.149227
-0.405414
0.263701
0.917068
-0.759806
-0.164225
-0.344018
-0.217499
0.085627
0.0244586
0.0230356
-0.888884
0.82658
0.385302
-0.856307
0.00323039
-0.00323039
-0.635692
-0.78531
0.542009
-0.174752
0.0338896
-0.216721
1.49081
-1.27409
0.0786411
-0.0802098
-0.630021
-1.07443
0.566759
-0.348723
0.682206
0.0488352
-0.384577
0.061596
-0.406932
0.300559
-0.0379675
0.0384811
-0.186523
0.0847551
-0.465619
-0.0547608
-1.6606
0.181412
-0.516976
0.0357229
0.296783
-0.313598
-0.0303495
-0.0346435
0.0380844
-0.966825
-0.313066
0.0142474
-0.0201389
-0.128084
-0.261623
0.366014
0.124622
-0.352746
-0.083186
1.39746
-0.750441
-1.18432
-1.11543
0.0420763
-1.3348
1.29273
-0.0261284
0.184685
-0.0722661
-0.80421
0.0558044
0.160629
-0.0643051
0.0870109
-0.0887517
-0.210871
-0.396277
-0.535773
0.0220054
-0.0191371
0.76136
-0.301001
0.297462
0.37739
-1.48257
-0.213313
-0.295086
-0.43667
0.805437
-2.30412
-0.245191
-0.330784
0.00314597
-0.221247
-0.356961
0.320261
-0.599388
1.74876
-0.724732
-0.0933984
0.46387
-0.803159
0.324898
1.02805
1.30588
-1.53156
0.0432495
-0.324413
-0.0401748
-1.34064
-0.318671
1.59354
0.0322461
-0.0430831
0.31443
-0.0564857
-0.302068
-1.26856
0.473008
0.675502
-0.481882
1.94927
-0.307964
0.00811746
0.14074
0.0321426
-0.118256
-0.653466
0.0937778
0.484879
0.0264712
-1.22579
0.168114
-0.0302143
0.0191592
0.0212172
-0.0487765
0.0097979
0.227556
-1.35675
-0.265819
1.18644
0.00942521
-0.901551
-0.172217
-0.293925
-0.625761
0.352041
-0.00984692
-0.0497143
-0.0589231
0.640074
0.0741797
-1.50889
0.425645
-0.406628
0.474989
-0.0145879
0.0175952
0.39013
-0.98404
0.0372415
-0.00706476
0.843515
-0.0941832
1.18819
-0.0944264
0.177955
0.681972
1.24725
-1.29182
0.0690026
0.404621
-0.33274
0.283504
-0.171962
0.0928228
-0.0949692
0.0130312
0.0109736
0.0663007
0.147675
0.915382
-0.0285045
0.00484553
-1.33965
0.312225
0.526423
-0.300729
-0.225695
0.452459
-1.32156
-0.00174244
0.311698
-0.0500392
0.0444518
0.428066
-0.107454
0.00214784
-1.05574
1.26215
0.423709
0.0143384
-1.5479
0.438876
0.0746629
-0.178426
-0.0888235
-1.22646
0.00980817
1.21665
-0.0220889
-0.214489
0.0822068
0.0190263
-0.0279842
0.0331972
1.21034
0.584862
-0.139586
0.0485866
-0.265226
-0.55598
-0.149348
-0.0234965
0.081354
-0.0256937
-0.162832
-0.837221
-0.174381
0.0011914
-1.44567
0.021002
0.0631166
-0.0583007
0.188032
-0.0208032
-0.173612
-0.231824
0.203185
-0.845733
-0.0445664
-0.0686193
-0.800153
0.0447389
0.0460567
0.563391
-0.373872
-1.7241
2.14516
0.347126
0.0672325
1.0777
-0.0139091
-0.4606
-0.577115
0.280655
-0.262524
-0.110841
-0.029215
0.810458
0.151306
-0.622318
-0.0811775
-0.16477
0.948374
-0.425265
-0.0325933
0.0335231
0.222215
1.39828
0.0164861
0.368608
-1.39457
-0.37009
-0.020686
-0.186065
-0.659668
0.0270603
-1.16984
0.396594
-0.885155
-0.37697
-0.00770204
-0.57916
-0.340132
0.117993
-0.491866
0.499026
-0.677971
-0.306568
-0.112155
-0.398937
-0.122185
0.361973
-0.224409
1.16309
-0.0130863
-1.32427
-0.394923
0.676339
0.214469
0.106886
-0.552242
-0.550634
-0.501865
0.364163
0.177922
0.021282
-0.143249
-1.37814
0.0949182
-0.362694
0.512024
0.725396
0.374492
1.00455
0.478808
0.0145016
-0.197691
-0.116075
-0.0481732
-0.665434
0.363366
0.00390881
0.00108846
0.0165068
-0.117917
0.563162
-0.169376
0.103519
0.45871
-0.281578
-0.154162
0.0515189
0.0479415
-1.05451
-0.036043
-0.181958
0.64092
0.157793
-0.116768
-0.0325805
0.114988
0.0369583
0.131156
-1.46753
0.130517
-0.219965
1.11608
-0.0278143
-0.00863582
0.669648
0.107122
0.105155
-0.128012
-1.10508
-0.0009467
-0.138352
-0.275304
0.224169
0.132359
0.063243
0.0940558
1.84177
-0.292634
-0.574212
-0.423096
0.343191
-0.0605528
-1.02214
0.671929
-0.00599287
-0.705496
0.0918871
-0.268712
0.456374
-0.0274026
-0.365616
0.713781
-1.34961
0.34213
-0.897324
-0.649276
)
;

boundaryField
{
    SideWalls
    {
        type            empty;
        value           nonuniform List<scalar> 0();
    }
    Top
    {
        type            calculated;
        value           uniform 0;
    }
    Inlet
    {
        type            calculated;
        value           nonuniform List<scalar> 
18
(
-1.94444
-1.94444
-1.94444
-1.94444
-1.94444
-1.94444
-1.94444
-1.94444
-1.94444
-1.94444
-1.94444
-1.94444
-1.94444
-1.94444
-1.94444
-1.94444
-1.94444
-1.94444
)
;
    }
    Bottom
    {
        type            calculated;
        value           uniform 0;
    }
    Outlet
    {
        type            calculated;
        value           nonuniform List<scalar> 
18
(
2.1864
1.97499
2.09657
1.93992
2.01502
1.91476
1.86147
2.1355
2.16074
2.18753
2.05172
1.86148
2.07794
1.88619
1.8103
1.55677
1.8655
1.41719
)
;
    }
    Plate
    {
        type            calculated;
        value           uniform 0;
    }
}


// ************************************************************************* //
