/*--------------------------------*- C++ -*----------------------------------*\
| =========                 |                                                 |
| \\      /  F ield         | OpenFOAM: The Open Source CFD Toolbox           |
|  \\    /   O peration     | Version:  2306                                  |
|   \\  /    A nd           | Website:  www.openfoam.com                      |
|    \\/     M anipulation  |                                                 |
\*---------------------------------------------------------------------------*/
FoamFile
{
    version     2.0;
    format      ascii;
    arch        "LSB;label=32;scalar=64";
    class       volScalarField;
    location    "9.1";
    object      p;
}
// * * * * * * * * * * * * * * * * * * * * * * * * * * * * * * * * * * * * * //

dimensions      [0 2 -2 0 0 0 0];

internalField   nonuniform List<scalar> 
5098
(
0.275538
0.809393
0.119731
0.818626
-3.24806
1.1978
0.494127
-1.14542
0.133138
0.771336
-6.15603
0.229293
-0.783615
1.68505
-0.832336
-0.042212
-5.89931
-5.25277
-1.79149
-5.66707
1.53563
-0.0410802
-1.33493
2.65238
-3.2866
1.11274
1.21965
-0.211241
-1.78764
-2.22547
0.153509
1.96827
1.09346
-5.1272
0.23298
-1.29395
0.357423
0.907792
1.56914
-0.980768
0.749788
-4.63215
1.05909
0.290095
0.450603
0.874602
-5.38587
2.05474
0.116343
0.893109
0.622269
1.75702
-2.80261
0.69646
1.21253
1.69049
1.41367
0.612658
1.9804
-0.306728
0.0694906
-4.8
0.235718
-0.565387
-2.80886
1.72715
-0.0209366
0.566883
0.184421
0.444042
1.39935
-0.0208592
-0.586783
-0.280872
-0.123651
0.882378
-0.0902368
1.8126
0.455205
1.63484
-0.353541
-1.38674
1.0361
-5.35254
-5.5353
-2.43333
3.10909
-0.105791
-1.07749
0.0548863
-0.0924275
-2.47876
0.233159
0.826334
1.57451
0.450979
0.381263
1.92063
-0.0989481
-0.216697
-10.309
1.10498
-5.29176
-0.0961437
1.7756
0.435424
1.34819
0.519785
2.10995
-5.93574
0.609247
-1.60235
0.883437
-2.85376
1.48746
-1.83178
-2.06346
-0.150067
-0.189864
2.5977
1.7039
1.13652
0.668364
-3.0629
-2.5256
-5.45308
0.604065
-1.19552
1.81056
-2.82965
-3.49322
1.87086
1.82273
0.0149785
-8.30138
-2.53217
0.0842547
1.31801
1.56818
0.660115
1.81505
-7.22325
-0.406055
0.127575
0.880475
-0.0941103
0.264627
-3.35835
-0.748739
-0.942947
-5.80651
-2.63387
-4.05871
1.11234
3.1065
2.44391
0.625478
-9.71435
0.755184
-1.84078
0.184354
-0.956348
-2.53032
0.956244
-4.22135
0.239004
-3.7481
-1.6689
-3.23867
0.674881
0.367336
0.908226
0.827785
-0.174538
0.228907
0.95168
0.990404
-1.22278
1.12249
3.03428
-0.749702
-1.97359
0.502505
-4.0029
0.915538
-0.00575614
1.87528
0.330067
0.835387
-3.0751
-1.70478
0.248413
-0.698303
-0.136616
0.213559
-2.65311
-0.505849
-2.49195
-0.00112168
0.604875
-3.01255
1.69014
0.466847
0.801513
0.686057
2.43405
-0.264979
1.61956
0.271946
-0.743578
0.763383
1.6416
-0.00804338
0.83759
-0.890029
-1.7467
-0.160565
-5.98508
-2.43229
0.981021
-0.0912199
1.2447
-0.0634528
-0.171018
-2.79003
0.600635
2.88595
1.23782
-0.0740492
-3.70177
1.55508
2.65404
-0.672734
-0.0104136
0.211752
0.214811
1.63035
-2.65669
-1.34678
1.19865
-1.43839
0.804952
0.0128783
2.21926
1.44833
0.192539
1.6082
-5.90136
-5.93175
0.185775
0.907372
-0.326802
-1.82898
-2.76965
1.13328
-2.68731
-8.19619
1.01191
1.99037
-0.126895
-0.0324541
-2.81156
-3.13233
-0.557825
-0.0397462
-4.55799
-1.84108
-6.45357
0.643418
1.22973
-3.05176
0.412889
-1.82657
0.658754
1.93153
-4.24353
-5.18344
-6.0336
-1.81652
0.790662
-3.4
-0.96962
-2.81138
-1.02239
-6.16742
-7.61565
1.1545
-0.101911
0.234967
0.232898
-3.09898
-2.61298
2.30166
0.48236
-0.267657
0.906688
0.133574
0.192598
1.21231
1.07672
-0.114757
-0.258082
1.14032
1.42114
-4.53202
0.108254
-0.23718
0.965279
0.560956
-5.47608
-0.0504994
-1.94639
1.13662
-0.262902
-0.94295
3.05795
0.0926178
-0.0696229
0.263551
2.33372
0.430346
-2.49675
-1.1863
-1.97423
-0.0959508
1.63169
0.964035
1.22514
2.06313
-0.174651
0.384271
0.254226
1.57387
-2.10525
0.365222
0.583817
-0.398559
0.923346
0.449697
0.599614
-0.490704
0.498099
0.413904
1.24205
-1.74515
-0.0880568
0.586842
-1.89065
-0.166555
0.222882
-2.98327
2.59178
2.28925
-3.12029
-0.291499
-3.30339
-2.97768
0.23232
1.78147
-0.105721
1.25284
0.055597
0.294488
-0.110879
0.249277
1.97813
1.24913
1.09766
-2.11923
-2.73225
1.83242
0.328825
-1.50308
0.00457909
-0.0797849
-4.81897
0.532867
0.331788
-1.42725
-0.120884
0.741625
-5.63423
1.20514
-0.305026
0.152488
-0.781781
0.316313
-2.67757
0.795158
-6.61955
1.22398
0.350858
1.24515
0.631841
1.52782
-0.720753
0.941668
-2.24643
0.794062
-1.13124
-2.76837
2.339
1.80652
1.23553
-1.82388
0.766273
0.587075
-4.22304
0.168713
-0.917254
1.23269
-2.23857
-2.78144
0.538551
-0.352851
-0.909048
1.39738
2.601
-0.547366
0.034311
0.674959
1.45271
0.293868
0.995975
-3.44785
-2.50613
0.000910785
-2.64018
0.295791
-0.178367
-0.0436095
-1.81801
-0.00634863
0.138052
-0.596278
-1.95831
0.0226769
-1.24673
1.17694
-0.450315
1.124
0.505157
1.13766
-6.1538
1.70592
-0.338912
-1.79179
-0.775228
-1.74758
0.587855
-5.73193
0.214167
1.23993
-6.39571
-6.01093
0.167968
-4.52873
-0.422252
0.214474
-1.2204
1.00901
-0.223768
2.51602
-0.596555
0.830305
-5.55525
-2.87681
-3.79588
-4.59066
0.687512
-1.73003
-2.24841
-3.20573
-1.32191
1.2146
-1.34247
-1.7858
1.30977
-1.36467
1.03689
1.47225
0.266143
-2.62085
-0.718669
0.338737
0.252875
0.749686
-1.01737
1.04307
0.775673
-1.47922
-3.32064
0.319737
-0.458709
-2.22005
-0.0100805
1.36906
-2.03773
1.21566
1.15455
-5.1728
-1.34931
-1.83907
-5.93595
-1.83504
-2.5368
1.14564
1.04265
-0.917049
0.1569
-2.44483
1.2339
1.8058
0.252947
0.94133
0.554266
2.33828
-2.80899
-0.844518
2.10847
-4.18009
-2.64408
2.27943
-0.147632
-1.98841
-0.00512514
-1.46387
-2.37443
-0.220997
-2.09357
0.323718
2.84782
-4.48043
0.508736
-9.12362
0.433376
1.06677
-0.415845
-2.78386
-6.14232
1.23236
-3.65551
-2.80306
1.15731
-6.15877
-4.72156
0.240806
-8.01596
2.97457
-1.75395
-0.443938
0.470646
0.0413886
-1.96837
-0.754018
-6.18549
-3.82186
1.19316
-5.82818
-1.13277
-6.12362
-2.1817
0.896434
-2.77565
-3.84002
-3.47005
-1.99617
-0.153042
-3.29166
-2.06893
-1.6922
-2.56962
-2.38588
1.4739
1.76389
3.05683
-3.19252
1.1085
2.07913
-10.2216
0.588878
-6.59905
0.96228
-6.13548
0.677753
-0.437339
-0.128951
1.25717
1.22613
-2.80529
-2.50471
2.44026
-0.519744
-4.79725
0.351975
0.921186
-1.29397
1.09352
-1.35107
-1.13146
-0.246956
2.25739
-2.07915
-3.55392
1.88627
-7.15491
1.64996
-3.55615
-2.81906
-2.91222
-7.52307
-2.80516
-2.20342
1.75306
-1.33022
-1.08122
1.83957
-0.858075
0.625803
0.538634
2.3403
-1.86654
1.35869
0.772376
-0.133523
-0.288085
-2.86825
-0.82787
-3.27225
0.0145022
-4.28142
-0.205535
1.89096
-3.0953
-0.0758741
0.767815
2.52733
-2.79681
2.01075
3.00451
-1.13334
0.248446
-0.891299
1.24565
2.00599
1.63432
-1.69751
-0.137448
-0.159867
-4.21666
0.281259
0.229418
0.731028
-7.87614
0.0117827
-1.25099
-5.56802
-0.882412
-0.266353
-0.0192465
0.767951
0.629815
-6.32542
2.01552
0.997421
1.77626
0.624043
-4.40511
-0.655318
-0.313727
1.93917
2.50438
-1.85331
1.48304
-4.4521
-3.13352
-3.3842
0.783148
-1.7729
-1.83222
-4.49947
-5.93527
-0.461265
0.0849302
-1.1802
0.14292
1.18464
-1.81729
1.12441
-0.0509015
1.15394
-2.79765
-8.79331
0.0143826
2.12013
-2.88112
-6.62981
-0.458228
-1.87018
0.638747
-3.14539
-1.51902
1.78344
-4.65017
-5.47678
-2.07962
-7.31562
-1.79779
0.857223
0.39137
2.65295
2.08678
1.72661
-3.78491
-2.70042
-1.73928
-1.84006
0.652655
-2.64809
-2.37152
-2.96013
-4.43434
1.42465
-2.70554
0.560407
-3.32492
1.66848
1.22141
-3.55989
0.653044
-1.97248
2.70278
-0.198468
-0.267667
-1.05429
-4.88838
-8.82342
-5.04925
-2.41311
1.69263
-1.80143
-0.941935
-2.63913
-2.91955
-0.908026
-4.71634
-0.62578
-0.300247
-0.0596936
0.727621
-4.28228
0.936338
1.77055
-2.95036
-0.982261
-3.61402
0.799461
-1.83787
0.691723
-1.036
-4.29265
0.0418098
-2.67868
-4.01537
-3.26447
-8.77851
0.986053
0.186686
-1.68128
-1.49926
-1.23637
1.22291
0.502538
-2.51327
-4.00392
2.80997
-0.664394
1.64311
-2.84894
1.00319
-2.76911
-4.56688
0.291005
-2.84352
-5.94376
1.89047
1.81921
-5.09195
0.16161
-4.78268
1.42829
-2.04198
-2.78387
-2.80272
-3.02498
-1.86483
-0.111653
0.233175
1.18225
-0.17188
0.360316
-3.19831
-0.495155
-5.32181
-2.55873
1.16732
-1.47666
1.94516
-0.785365
1.60788
0.966912
0.712834
-5.65637
0.399396
-0.561149
-0.34974
1.05276
0.739919
-0.335826
-2.24734
-2.79633
-10.5505
-5.15852
1.0712
-0.0543182
0.821254
-2.74321
-2.89127
2.99947
-4.9416
0.769518
-0.0266045
1.76903
-2.22122
1.58264
-5.91436
-4.48823
2.08419
-5.30074
-1.83175
1.03067
2.20976
0.706034
0.0462055
-0.823924
-0.685786
-3.43977
-1.45967
-2.64898
0.630821
-3.66983
-1.96858
-2.81595
-0.702743
-0.00726797
-1.78481
-0.774469
-2.62903
1.12248
0.602469
0.23227
-9.71191
-2.27207
1.83789
-2.79397
-1.02261
-2.69857
0.18397
-2.72337
-2.76134
-2.80949
-0.454305
-0.226462
1.29556
-2.7889
-8.0536
-1.99488
0.0662738
0.0387355
-2.89883
0.307076
-2.80488
1.24438
-8.31418
2.43776
2.04181
-0.277097
1.25756
1.30857
1.41225
2.50373
0.93897
-3.6783
-10.1405
-3.26393
-10.7588
-0.0486983
-3.15816
1.26346
-2.17201
1.42583
1.57379
0.0822607
0.0413724
-4.88701
-0.486662
-1.22006
-0.259166
1.89613
0.711276
0.305805
0.441919
-2.83714
-10.8046
-7.59922
-2.05575
-1.08368
0.272387
0.534569
-6.57104
-2.32691
2.03989
0.531048
1.69772
1.67898
0.782653
-0.39002
-0.534043
-0.724905
-2.87612
0.862072
-0.068141
-0.420679
1.27169
2.21463
-4.47044
-0.446815
0.561581
1.52482
-6.0958
-0.496112
-2.05902
2.63709
1.16254
-2.33943
0.0131453
0.0502243
-5.37022
1.28799
1.29301
0.239042
0.911864
-1.89578
-6.34374
0.315431
0.66847
1.86376
0.042649
1.65601
-2.88932
-6.3633
-2.75439
1.27156
1.66648
-1.67322
-0.8056
2.61637
0.810032
0.0285599
0.266573
2.43594
0.78006
0.471486
0.514324
1.11479
-0.505442
-0.685449
1.41938
2.89796
0.272503
-9.28194
-1.80618
-0.820709
-3.2386
1.61997
1.12204
-1.31476
-0.0745781
0.865969
-0.117865
0.40745
0.050145
1.47548
1.47807
-1.89096
2.39444
0.794885
-1.54335
0.00622113
0.00611679
-0.0562114
0.262777
0.777803
1.05388
0.792946
0.376855
-7.13466
-8.50829
0.890865
0.358762
1.78238
-2.28211
0.80385
0.83597
-0.161855
0.978397
1.49355
-0.0142731
0.0199932
0.090878
1.32333
-1.67552
-0.793832
-0.814207
1.57269
0.323119
1.11208
2.28019
-3.4325
2.17849
2.57407
-0.896679
-1.1522
-4.05998
2.91895
-1.75954
1.11255
2.39717
0.947362
-2.81565
1.14565
0.258514
2.63735
-0.640684
0.395424
2.74496
2.03311
0.0612758
2.68525
1.7817
0.158253
-5.02015
-3.60278
0.00342143
0.0157991
0.706812
1.70489
-1.91069
-0.245329
1.22286
-0.179615
2.22145
-0.970214
2.54721
-1.88088
-3.75443
-0.394717
-0.986972
1.76111
-0.0528762
0.320385
-4.5586
1.72785
0.303918
1.33939
1.05525
-5.85064
0.330346
-0.227638
-1.34072
-0.219185
1.9592
0.565204
-0.0547134
-0.255632
-0.401543
-4.1071
1.67589
0.162171
1.09051
-0.423504
-2.80084
-4.90006
0.340699
-0.0631951
2.28895
-0.461993
0.359678
-4.68612
-9.01298
1.5326
2.34993
-3.64049
1.44021
0.990292
-4.35565
0.636457
-1.20542
2.86563
-1.33502
-1.07938
1.06712
-8.28228
1.91045
-2.89154
-3.09242
-0.0518138
-2.40365
-2.78133
-2.61738
0.601605
-0.244913
-2.80399
0.0017295
0.636209
-0.998284
1.31956
2.01752
1.25931
1.34233
-6.21293
-6.14813
0.124872
0.456721
-1.99616
0.0060602
-0.0621601
-3.65758e-05
0.639459
1.58732
0.893141
0.980814
1.16841
-1.03124
-0.478323
-2.05931
0.159998
-1.59433
2.62709
1.23512
0.936226
-6.048
-0.72397
0.546613
-0.192547
-5.27592
-1.78994
-0.646316
-0.961322
0.632947
-2.11928
-0.18212
0.686172
-2.80385
0.32681
1.98882
-0.998639
-1.03085
-0.269139
1.37027
-6.78243
0.288505
-10.7657
-0.00298302
-5.74589
-5.86489
0.957216
-3.35176
-0.760287
-0.602165
-3.95551
-6.37612
-2.49358
1.32054
0.228317
-4.60394
1.92077
-2.87352
1.10925
0.195151
-1.84195
-0.582926
-1.8294
-3.02599
0.155285
1.23311
0.946019
0.385797
-2.82571
1.69198
-5.83624
-1.10035
0.00647168
-3.16714
-0.168458
0.0280906
1.52932
-2.90911
-1.84776
-9.65783
1.1607
1.29406
-4.50294
0.333482
-0.0420435
-0.167784
0.199161
0.263523
-0.175811
-3.69737
-4.5588
2.11844
0.255035
-0.0488659
-0.425487
0.00199177
1.28963
-3.98075
-0.68301
-7.69066
1.17978
-0.133864
-0.0241723
0.240458
-5.88424e-05
0.566632
0.348202
1.0147
-0.28474
-2.15196
0.272841
1.45251
-0.120909
1.0002
1.00601
1.38123
1.24759
0.739333
1.00038
2.41879
0.375965
-1.01871
-0.554505
-3.36631
0.264066
-0.589069
0.920504
0.40119
2.36001
-0.0449705
0.223141
-7.49253
0.0128117
-6.06774
-0.393736
-2.98598
0.509767
-7.38744
0.649767
1.0663
1.3121
-3.04186
1.44864
-2.86643
0.735499
1.32207
0.854997
-5.66482
-1.52109
-5.18392
0.648148
-5.01262
-1.86199
0.897466
-0.671813
-0.0623879
1.01829
1.77428
-0.743746
1.96055
-0.277908
-2.65448
-1.55669
-0.781203
-0.0783717
-0.55558
-2.57202
2.15842
-0.00180036
0.911035
-2.41462
-6.99481
1.66623
1.56691
0.00500735
-0.143771
1.32329
-2.32062
-0.169334
1.20907
-0.569826
-0.636381
-0.980438
-0.523698
2.22317
-2.80178
1.18898
-0.156582
-0.203847
2.65938
0.529235
0.035215
1.32276
-10.5918
0.958537
1.12622
0.389817
1.23818
-0.0328814
1.16962
1.34277
-0.165073
1.43636
-3.41038
-1.67298
0.00287668
-1.91402
1.99745
-2.80412
-2.26898
0.431025
-0.268657
-0.762068
-2.90914
0.641458
0.151327
0.992783
0.842413
-0.589806
-3.10657
0.103771
-9.00722
1.47426
-1.34236
-2.79456
-1.53387
-6.82733
1.17751
-2.82531
-2.89572
1.28176
-2.85527
0.848941
1.22535
-2.75161
-2.97702
1.20236
2.02498
-2.16978
1.20904
-2.53869
-1.06686
-3.44101
0.279424
-0.861356
-3.01957
2.51344
-1.74353
-2.55866
-0.00784515
-0.833073
1.38021
-0.572419
-1.98636
-2.96709
-4.16317
-9.65436
-2.77091
-0.811217
1.75918
0.154244
-5.32735
-0.000917136
-2.80161
2.24082
2.55601
-2.77919
-0.50873
0.221438
-2.86573
0.209878
2.18595
-1.46435
-2.57231
1.19274
1.20671
1.17104
-0.910648
-0.359221
0.00050845
-1.11467
-0.84954
-0.825795
1.10166
-0.592354
0.310838
0.0234295
1.23908
1.05494
-0.435595
1.02299
1.19023
1.18226
-0.0694792
2.23859
-0.882021
2.05775
-0.125743
1.93158
2.84765
-0.179576
0.0915133
0.746258
1.2659
-1.73973
0.964662
-0.249087
-0.261684
0.340472
1.43784
0.456908
0.550127
1.19034
-0.915605
-3.40343
2.68639
-2.80606
0.645488
-4.29983
-0.503507
-2.75974
1.13001
0.582611
1.05781
0.728447
-0.917676
-0.339293
0.866558
-0.0970802
-0.986913
-2.71562
0.518081
-3.32808
0.266848
1.07342
2.5211
1.23522
1.11965
0.983587
0.42653
2.32156
1.10389
1.23706
0.645138
-6.30649
-1.56961
0.154788
-0.649646
2.7237
-2.60526
0.195362
0.000629385
-0.739054
2.49829
1.06368
0.0687599
-4.88937
-0.429861
-0.900886
-0.165625
1.26057
1.65228
-0.232386
1.56511
0.159853
2.23849
-2.21047
-0.226054
0.738855
0.440811
0.479498
1.70885
0.694923
-0.0183619
1.16479
-0.026861
-8.88579
1.40546
1.78403
-0.516138
-3.21308
-2.79555
-1.91425
-0.74511
-2.91537
0.0109353
1.22966
-0.104723
-0.772619
0.452179
-1.86197
-0.754279
-0.230396
-2.3742
-4.28565
0.201712
-2.80458
-2.8596
0.829609
1.24228
1.11008
-5.42606
0.917799
-1.32712
1.30565
2.16455
-3.02312
-0.00846116
-0.150581
1.92302
0.413401
-6.2906
-0.613833
-1.93688
-0.168757
0.104157
2.28035
-0.151289
0.000546795
0.939486
-0.521424
0.00148976
1.11054
0.214941
-0.473353
-1.92337
-2.99434
1.01992
-2.72995
-0.166983
-1.31827
-3.10251
1.22818
1.14406
2.4949
0.200378
2.41711
0.110515
1.58368
-4.40426
-1.83836
-8.64296
1.62662
0.763368
0.228719
0.373204
-2.69921
-7.1067
0.00472759
-0.327711
-0.139514
-0.441527
-0.237469
0.110285
1.11162
1.35946
-2.17905
0.055802
0.1055
-0.38047
-0.279969
1.15257
-0.385935
1.0294
-0.850226
-0.123341
1.32214
-2.50639
-0.554267
-0.000597838
-0.258873
-2.14572
1.20847
-1.72901
-0.119716
-0.170349
-3.19285
-1.66666
-0.189015
1.86209
1.60025
0.00159518
-1.69555
-7.74401
1.06439
-0.0421098
-0.518484
-0.00356249
0.239266
0.0895227
-0.132852
-1.62102
0.00189714
0.922881
-0.285134
0.26361
-2.99074
-1.97064
0.987932
0.884209
0.0362248
0.238407
0.881613
0.708753
-0.550258
-0.66519
-0.215937
-6.5944
-0.121124
0.964528
-3.01906
-0.0116641
0.0668693
-0.0130617
-0.352141
0.0908433
-0.149326
-0.0831249
1.43922
1.12402
-1.89903
-0.124474
-3.17368
-5.78015
0.667846
-0.175228
1.76228
-1.5163
1.19767
0.88108
-0.935744
-1.82957
-9.92874
-1.81446
-6.8671
1.16495
-0.177077
-0.111379
-2.80331
0.890254
-0.491164
1.38957
-0.0142263
0.0204508
1.61326
-0.0119757
-0.034313
-1.42669
1.34466
0.0721473
1.27368
1.13743
-9.24311
-0.127834
1.30186
-2.10873
1.26091
-4.55716
1.16408
-3.72421
-0.115742
0.0193153
1.02855
1.06391
-1.08623
1.2242
0.909579
-0.185908
1.5708
0.874607
-3.50372
1.237
-0.135144
-0.0159346
-1.59166
-4.27988
-0.130852
-2.85522
0.00136298
1.22104
1.26153
-0.202503
-0.371116
0.944541
-0.0620236
1.23252
-5.94551
0.0006204
-0.605746
-2.85282
-0.603745
-7.6076
-0.186274
-3.28464
-0.131828
-1.91188
0.353268
-0.192436
-5.21824
-0.203797
0.247846
1.82311
-2.75838
-0.00124889
-0.811157
0.399967
-0.322246
-3.86888
-1.41174
0.866897
-0.257658
0.64808
1.29947
0.00251998
-0.132671
-0.705344
-0.136499
-0.132749
-1.72371
1.22656
-0.723545
-0.00215253
-1.65483
-5.25878
-0.0409139
-0.139256
-1.16756
-4.81154
0.092357
0.109563
-0.121348
-0.165345
-0.00242127
0.00473264
-5.21312
-1.53608
-6.21286
0.85012
-0.947967
-0.12091
0.942687
0.979341
-0.132685
0.00195699
0.966462
0.500445
0.00182476
-5.75045
-0.0165194
0.700172
0.27717
-4.1852
0.000317499
0.857504
0.0471487
1.12007
1.05991
-0.13585
0.544575
1.15331
-0.359158
-4.29299
-0.132364
-1.04052
1.06709
1.23376
0.00457949
-0.0718764
-0.13763
-0.163124
-0.153403
-0.124254
-4.64574
0.000880992
1.23715
0.110983
-0.15537
1.23674
-0.142963
2.17049
-0.135697
0.115091
0.0690194
-0.159732
1.28777
-0.127509
-0.164833
-11.1022
-0.116916
1.14384
0.869219
-0.134735
1.24999
-0.154241
-0.0898255
1.1207
-1.47093
1.05023
-0.187679
0.0644915
-0.610631
0.365737
-0.996345
-6.84837
-0.437237
1.05071
0.840166
0.00782946
0.97887
-0.00281314
-0.275948
-0.206181
0.482874
-0.845991
-7.15354
-0.169887
-0.000730609
-0.316202
-0.158787
-0.478498
-3.26337
1.93714
-6.33328
-2.80288
1.90693
0.00708648
-0.267366
-0.138121
-0.464678
-0.000519717
-0.395264
-0.155106
-1.86143
-10.9434
0.66645
1.23406
-0.205293
-0.19553
0.190143
-0.000718981
-0.0244776
-0.127281
-0.142568
-0.230577
1.21015
-4.3048
-6.64578
0.926117
-0.190248
-1.8872
-0.103741
-5.69438
-0.0555936
0.326652
-1.90577
1.31319
-0.234127
-0.253954
-2.78902
-0.181796
-0.315288
-0.147382
-3.85828
-6.64114
1.87657
-5.04844
-0.748975
0.000485725
-1.10159
-0.05465
-0.148717
-2.9273
0.00119956
-0.124692
-0.288123
-0.16549
-0.127442
1.57948
0.29229
-0.0212035
-0.109365
-0.123719
-3.73916
-0.179876
-1.63195
-0.126698
-0.290549
1.37208
0.125212
1.24087
-0.0241892
0.0506038
-0.0618458
0.000757628
0.000493272
-1.82307
-5.07097
-0.257882
0.248119
0.132521
0.890127
-0.0667772
-0.0934011
-0.044807
1.16965
-0.130545
0.202056
0.223087
0.00433184
-0.143993
-2.57002
-0.120918
-0.0022224
-0.251122
1.24235
0.00194984
-0.265489
-0.0519172
0.582111
-0.192369
-1.06828
0.00295562
-0.0554954
-2.80884
-0.154488
-0.124297
-0.387787
-0.0257946
1.18874
-0.0628729
-1.46534
-0.128528
-0.140418
0.300533
-0.137194
-0.132633
-3.20995
-2.848
-0.115683
1.45643
1.4075
-0.007692
-0.138591
-1.44209
-0.00475516
0.26619
-3.06219
-0.0450602
1.25879
0.456247
-0.0110589
-0.039051
-2.67362
1.17965
-0.088366
-0.0154024
-0.0271724
-2.74173
0.0577009
-0.13521
-2.92254
0.936776
0.310603
-0.681369
0.292686
-0.0208119
1.24204
-0.0337486
0.0014338
-0.0518434
-0.0268642
-7.01208
-0.155594
-0.15852
-0.00883833
-0.138878
-0.00452844
0.117689
-0.0181538
-0.0562384
-0.390096
-0.223643
-0.0791618
-0.00125514
2.57203
-0.108986
0.0207948
-0.00763761
-0.0753652
-0.55417
-0.0976913
0.00610518
0.31599
-0.102207
-0.110801
-0.0615687
-0.0254667
1.25583
-0.0119863
-0.104682
0.0213533
0.00491071
0.00204927
0.0322128
-0.114497
0.669116
-0.151262
-1.16202
0.489177
-0.0605354
-0.0856339
-0.0632159
0.00922645
-2.93012
-4.53699
0.163499
-0.119109
-0.0338407
-0.000365865
-2.12502
1.19351
0.866258
-0.0511517
-0.348058
-0.158398
-0.0641238
1.24836
-0.0136847
-0.218413
1.41269
-0.100847
1.37178
-0.0997286
-0.166106
-0.0405772
-0.0264356
-0.0152671
1.52202
-0.132863
0.00176025
-0.527517
-0.658716
0.437805
1.33758
-0.00450417
-0.468335
-0.227479
-0.00687985
0.00138513
0.161294
-2.70889
0.00173477
-0.0634856
-0.108468
-0.121441
-0.115389
-0.132212
-0.655724
0.00152875
-0.0180816
-0.246402
1.33132
-1.36474
-0.0265968
-0.129986
1.20633
1.46533
-0.00613041
-0.00170313
-3.2362
-3.41044
-0.00118897
-0.0854401
-0.0200893
-0.109809
-0.000254117
-3.16462
-0.00509527
0.00402003
-0.059465
1.8842
-0.0281854
-0.125329
-0.245197
-5.79611
-0.0235483
0.851354
0.0203274
1.04648
0.00424101
-2.81796
-0.0198164
-0.144638
-0.329626
-0.357477
-0.221726
-0.00828285
-0.0191756
-0.130216
-0.016421
-0.0295582
-0.0985277
-0.00878076
-0.0208654
-0.107586
1.23912
-0.0337207
-0.579909
1.11981
-0.0447937
-0.0943946
-1.22173
0.862498
-0.120885
-10.8887
-0.0432916
-0.035022
-2.17241
0.0562921
-0.0752159
-0.00312255
-0.0693302
-0.0808562
-4.06238
-0.0100187
-2.75178
-0.178438
-0.0600195
-2.61282
-2.72871
-0.00749714
-0.0280001
-0.0713401
0.165974
-0.0718652
-0.0773384
0.699658
-0.0056889
-0.0113837
-0.0227047
-7.62385
-0.0348009
0.00522128
-0.0675561
-0.129105
-0.179459
-0.156701
-0.0132653
-5.59744
1.88513
-0.0576715
-0.039832
-0.0363192
-6.10951
1.27242
-0.138717
0.0915108
0.00131948
1.34142
-0.034276
0.218046
-0.0720965
0.00107172
-0.0133492
-0.06392
-1.82212
-0.397522
0.235294
-0.239892
-0.0330699
-0.016586
-0.144044
0.561548
-0.291413
-0.0109325
-0.0254472
-0.136567
1.45897
-0.151357
-0.016232
-0.00603019
-0.114293
-0.0599895
-0.0198967
1.31821
0.531585
2.1368
-5.47736e-05
-5.1812
-0.342762
2.65446
-0.837091
-0.0871454
-0.0305712
-0.09854
-0.85348
1.28347
-0.330036
-0.277672
-0.0751455
-2.76906
-0.120812
-0.0977629
-0.0335919
3.00733
1.09889
1.72023
-0.207824
1.21378
-0.0250039
-7.83932
-2.82468
1.02492
-2.88924
-2.86057
-0.0141327
-0.632015
-0.216458
-0.0886144
-1.76042
-0.268751
-0.993699
0.853855
-8.06901
-0.0982862
1.07945
-0.133807
-1.92062
-0.0316234
-0.0310741
-0.0748667
1.52186
-0.0808591
-5.83146
-0.0389394
-1.91481
7.842e-05
-0.498101
-0.531436
1.90208
-2.93789
-0.336497
-0.595727
-0.0186616
-0.046922
1.12411
1.30305
-0.114885
-0.359315
-2.95741
-0.468775
-1.35938
2.4287
1.00472
0.178371
-0.116118
-0.467646
-0.093907
0.78687
-0.073027
-0.694292
-0.0683634
0.964579
1.23585
0.419115
-2.7151
0.275233
-0.531541
-0.01245
-2.64454
-0.0942821
-0.593642
0.945261
-0.0346176
-3.05373
-0.0544208
1.81866
-1.48806
-0.334293
-0.203095
-0.968778
0.0435323
-1.91238
2.34306
-0.0884985
-6.36792
-3.04187
-0.646198
-0.0648014
0.758372
-0.559814
-0.108696
-1.01654
-2.77357
1.346
-0.114276
0.0204704
-0.780026
-1.15164
-0.133871
-2.82477
-0.060902
-4.74458
2.54618
-0.072786
-2.93785
2.15942
-0.000780643
-0.0789061
-0.138386
-0.00266493
1.53773
-2.94799
1.23533
1.19156
-0.0704488
-0.328503
1.17017
1.05973
-0.0746472
-0.469678
-3.59396
-7.64868
1.21475
-0.138609
-1.53608
-2.89428
-0.222605
-2.88772
-0.131031
-0.134375
1.30789
-0.191576
-0.211185
-3.40345
-0.0487497
-0.0374653
-0.0408682
-2.84688
-8.5618
0.013117
-0.178056
0.0817644
-0.830233
-0.104776
2.39908
-0.0916162
-2.77339
0.207502
-0.0234773
0.286313
-0.148583
1.19588
-0.0925953
0.721321
-2.57288
-0.114483
1.50044
-3.50966
-6.66675
1.56706
0.917392
-0.138784
-0.143771
1.20396
0.4058
-0.0506221
0.514178
2.28667
-0.959141
0.598512
-0.577918
-0.104857
1.68728
-2.39075
0.0155066
-0.0913641
1.29689
-0.301868
0.666121
0.519254
0.806217
-4.71654
-0.112525
0.145157
-0.0607894
-0.024601
-8.37704
-4.42929
-0.0955946
-0.0539199
-5.23234
-0.101226
-0.488759
-2.2569
0.931549
1.1961
1.05226
-0.0727525
-0.743241
-0.311946
0.773052
-0.058674
-0.116647
2.28362
-0.0483636
-0.0567461
0.0718336
-2.88882
1.37863
-0.0631445
-0.696961
-2.82921
0.0394051
0.848586
-1.52354
-2.97047
-0.498162
-0.0358005
0.0136205
1.15062
-3.90256
-7.06919
0.0818271
0.361925
-0.169881
0.00122809
-0.104782
-0.00407754
-0.298223
0.79944
-0.072719
2.81448
1.6885
-0.15789
-0.0941271
-3.46508
1.98258
-0.108921
0.328089
2.70381
-0.030672
0.0725747
0.873525
2.37971
0.198272
-2.5385
1.14496
-2.33217
-0.000463844
-0.394639
0.0943353
-3.36997
2.22692
0.100294
-0.0182351
0.0105691
-2.99834
0.0890743
2.57105
-0.0184615
-0.0643189
-0.125269
1.17014
-0.311461
0.291992
0.921383
0.472859
-0.122273
-0.233084
-8.34181
0.0708903
0.241659
-0.121208
-0.0977622
2.10718
-0.0567916
-0.107034
1.29478
-0.00598387
-0.00705585
0.036597
0.0789289
1.01255
-0.0233047
0.235228
-1.21436
-0.0438976
-0.235684
-7.32184
-0.149809
0.0497064
-0.0357395
-0.0377198
-0.363177
-0.0562943
-0.0694636
-0.00220925
0.186043
-0.159312
-0.439221
-2.59343
-0.0678613
-1.10829
0.359587
-0.00587313
0.253476
-0.257705
-3.25382
-0.0387457
1.26925
-0.501726
-0.165177
0.0480102
-0.408789
1.48333
-0.0375445
-1.97083
0.18538
2.94739
2.47769
-0.0846362
0.286507
-1.78507
-0.00320023
1.26304
1.23175
0.775588
-0.00703843
-0.0125562
0.0297008
1.94495
0.102599
0.470916
0.25382
-5.6247
0.150404
0.0427207
1.30429
1.71909
-0.153934
-8.33473
-0.142634
1.23642
1.60279
0.0301637
-0.0175774
-0.336451
2.45619
-0.00662974
-0.112835
-0.0604669
0.0595513
-0.0179984
-0.0165279
1.22868
-0.00847367
-0.00703742
-0.0229306
-1.74767
-0.0935501
0.0022674
1.62578
1.00639
0.921879
-0.00627875
-8.53071
2.73419
-0.0700793
0.0428322
1.0011
-0.548264
0.38411
1.25803
1.0786
0.00257041
-5.65978
-1.61166
1.22154
-0.715891
-0.00178309
-0.131955
0.971581
0.592905
-0.0171906
-0.0673655
0.744719
-0.349253
-0.00283553
0.0485921
-0.00158089
-0.566601
-0.303665
1.20265
2.1251
-4.25703
1.83301
-0.137595
-0.920772
-0.0144847
-3.87534
0.213002
-6.29631
0.212568
0.136215
-0.0076693
-0.0526393
0.271567
2.85809
-0.000519375
1.37772
1.15009
-0.198802
-0.0442821
0.289886
-0.417774
-0.557535
-5.47337
-0.094235
-0.10975
-0.0339551
-0.425978
1.5669
0.524691
0.261964
0.169836
-1.78496
0.0578338
-0.32735
0.221602
0.280696
0.0858873
-1.43457
1.37987
0.921814
-0.928476
-0.308569
-0.00666875
0.967715
1.25525
1.34733
-1.90375
-8.24903
-1.75891
-0.00852797
1.22463
-1.35742
1.38098
-0.00720547
0.00338187
-4.75532
-1.82903
1.25146
-0.511534
1.28803
0.693762
0.110279
0.0604892
-1.06306
-6.93671
-0.437407
-1.24758
1.18409
0.181289
1.40823
1.39069
-0.0935743
1.37261
0.0750155
-0.00457633
0.893035
1.306
-1.6978
0.0808801
1.17627
0.932496
0.193466
1.21665
0.557797
1.11625
-0.131599
-0.243774
0.0412022
-2.84167
0.696225
0.585154
0.578768
-3.77059
1.3923
-0.00132888
-0.987012
-0.0674729
1.28006
0.348224
0.980048
-0.0453552
-2.82884
-0.662272
-0.0703356
-1.98908
1.05432
1.07288
-3.47112
-0.726576
0.184858
-0.0969896
-0.918611
1.26034
1.81579
-0.158374
0.229411
0.478748
0.217989
0.238745
-0.00953199
0.725625
-6.14532
-0.0566892
-1.4381
-1.47608
-0.274924
1.46341
0.842753
-0.264904
-0.0547104
-0.0734001
1.22979
1.2328
0.679075
-1.97484
1.48718
1.21198
1.26086
0.144332
0.0343775
0.164631
0.28857
0.6884
-6.34571
1.27586
-0.396625
0.248269
1.33176
-0.66685
-7.24901
1.89553
2.06815
0.130038
0.0736722
0.821609
1.10506
0.0536809
0.0720236
-0.169747
-0.20864
-1.47439
-1.17408
-1.90626
-1.27532
-0.277526
1.22508
2.1634
0.0920653
1.23756
0.119783
3.15438
-0.806075
1.17723
0.0694511
-1.84936
-5.89625
3.11135
0.177958
-0.132502
3.03541
0.493645
-2.28423
0.677707
2.96108
0.389824
2.87413
1.0529
0.0596029
-4.96467
2.70803
-0.231305
-0.104645
-1.85277
0.681591
0.000760642
0.957314
2.4671
-0.00173898
0.215573
1.18857
0.650204
0.786394
1.2578
-0.185279
-5.61469
-1.96769
2.38636
0.14279
-5.31452
0.173984
0.106885
2.31428
-0.165903
0.200226
-5.13129
2.23668
-2.22054
-4.97573
2.1612
1.31108
-4.8067
-1.19494
-4.73523
0.957743
1.52253
-4.72147
2.03946
1.21436
0.232197
-4.54083
1.15591
0.874712
0.208452
-1.25618
-3.03781
1.3331
1.20646
-7.21049
0.988433
0.602643
-0.796684
-2.69757
1.82321
-1.09143
1.24763
-3.38922
-4.10797
-3.97979
-3.82014
-3.67488
-3.53647
-3.41653
-1.06039
-3.28963
-3.03996
2.14972
1.75515
-0.713706
1.10277
0.204545
1.17831
-2.98235
1.69938
-0.000833017
-2.93657
1.13337
-3.01454
-2.89638
-0.0389732
1.55275
1.235
1.07682
0.981728
1.25876
-1.08412
-2.86169
1.49585
-2.83029
0.0618698
-2.75937
-2.80879
1.29064
1.42831
-0.123562
1.19337
-0.00661944
1.23619
-2.81065
-0.876641
0.381944
1.36128
-0.774951
-1.83679
1.29459
-4.68988
-0.686027
-1.22671
-2.80471
1.23376
0.665587
0.235672
1.24707
0.371877
-0.108778
-0.088451
-2.81061
-3.11433
1.15845
0.19168
-0.0706006
1.32049
0.105137
-5.85939
-1.36837
-2.81337
1.1001
-4.2414
0.844973
-0.311911
-0.00607696
-2.81749
1.02838
1.23203
-3.09004
0.950994
-2.8231
-0.171912
-0.597169
-1.82873
-5.05064
0.891197
-2.80734
0.795509
-2.79604
-6.42742
1.13344
-0.0108581
1.06749
-0.0691905
0.718155
-2.71863
-1.43074
2.34599
1.32355
-2.71225
-9.92641
0.649898
-5.64073
-5.30454
1.37575
-2.58669
1.21283
0.578776
-0.0712115
0.541767
-0.299323
1.22939
1.17921
0.135893
-3.69815
-2.45785
-1.83433
0.489032
0.114595
-0.698707
-0.861272
-2.65113
-1.50222
-3.87484
1.00222
0.413796
1.88636
0.534998
2.01136
1.11688
-2.14578
-1.18785
0.81125
-4.99707
1.03529
-0.0622464
0.0178205
1.0615
1.23873
-0.209737
-1.99432
-4.31372
0.250089
-3.72963
0.0950754
1.00246
1.59988
0.806608
2.17424
-6.67938
0.786989
0.233163
-1.86007
0.386745
-1.07094
0.146177
1.46266
1.28421
1.14833
-1.75536
0.0400933
-0.0796168
-0.171164
-0.303058
-0.418854
-0.565109
-1.726
-0.046642
-0.698519
1.05055
-0.998656
-2.85611
2.32393
-1.6915
-0.165012
-2.94663
1.18693
-1.77257
1.38952
-1.67241
0.281495
-1.68842
-3.54253
-1.73654
1.2305
-0.351979
-1.74184
-1.78635
-2.83985
-8.57305
1.25853
-1.41037
-1.85294
1.23767
1.26143
-1.00807
-6.9428
1.35348
0.271083
-3.93272
0.47148
0.913644
1.74402
-1.57111
0.278879
-8.3142
1.50905
-5.94743
-1.02953
-4.00416
1.07372
1.05733
0.546901
-2.65144
0.95809
1.42939
-0.0913529
-2.84754
1.04127
0.154831
0.330824
-0.477758
1.04322
-3.81773
-0.00647261
-0.000730929
0.969563
-0.995125
1.53016
0.539119
-2.44816
0.870941
-1.86214
1.47417
1.26773
1.38702
1.42774
0.190614
0.359875
-2.49242
-0.896251
-1.87972
-0.0522676
0.341291
1.28156
-1.683
-0.955594
2.45759
0.000391938
1.03194
1.05412
-3.99205
-0.0528886
-0.346499
0.110986
0.962438
0.492709
1.17609
1.16632
0.866812
0.393539
1.42206
-1.84489
-0.0158742
-2.65293
-8.25393
-0.0386878
-2.97653
0.866603
-3.8342
0.948424
-0.459105
-2.97197
0.244636
-1.24874
-2.96471
-8.48291
0.216702
1.32751
-0.501953
-0.83002
-0.0389984
0.871603
0.221795
-6.64962
-0.0140988
0.182594
0.481388
-4.52548
1.22987
0.631468
1.22259
-6.34368
0.229928
-0.0116332
-0.0355273
0.537894
-3.60469
0.631999
-0.053769
-0.0255029
1.09294
1.60165
-0.478411
-2.72038
1.22522
-1.85962
1.28506
-0.0795806
-0.0563392
0.115251
-2.71802
0.000557917
-0.42317
-4.32754
-2.80808
1.07674
-0.262408
0.776656
-1.23684
-0.00908748
1.85236
1.52055
-5.88455
0.848588
-7.2706
-1.38837
1.39274
-1.03898
0.689958
-1.78321
-0.185702
-1.21969
-2.57752
-0.71689
0.549402
-0.00686328
-1.96111
1.24824
-3.82888
-2.67671
-0.190375
-1.55595
1.55955
0.130031
0.948269
1.99959
2.06944
-0.00997436
1.9663
1.21773
1.09835
0.415531
1.25829
1.30928
1.05819
-8.31078
0.0134843
1.25326
1.25384
-0.000663615
-0.0206911
-6.306
2.61954
1.32704
-1.72662
1.00218
1.14251
-0.665648
1.70122
0.697537
1.67537
-0.507862
-4.53543
0.134479
2.06239
-3.00102
1.42489
3.18589
1.02652
0.193348
0.455956
-0.36767
-0.00156342
1.05246
2.34052
-1.803
-1.80575
2.1482
0.367003
0.832404
2.54417
-2.2023
-3.85344
0.234821
-0.0126543
-1.90021
0.733102
-0.00194697
-2.4549
0.16924
0.452005
-6.04845
0.764309
2.8058
1.77194
-0.620473
-0.474816
1.54785
0.164857
0.400478
-8.67795
2.91493
-1.08691
-0.962411
-1.99665
1.87787
0.745985
1.23184
0.609576
-6.96955
-0.0884532
-1.10241
-0.493075
-1.57523
0.431004
-0.0615349
0.107992
-4.85161
0.323095
0.565605
1.27322
-0.093481
-2.07751
-1.02028
2.13685
1.25656
-6.47983
0.339023
-2.20026
1.47027
-6.83799
1.6548
2.55184
-5.13887
0.0720448
-4.46351
0.305768
1.22936
-8.35943
0.900803
-3.82296
1.36461
-3.08242
-0.00726938
1.31823
-1.98672
-1.20895
-8.40107
0.716482
1.44133
-4.87351
2.78511
0.777489
0.224821
1.29113
-0.0440962
0.447787
-3.07479
-8.22028
-2.16018
-6.14808
1.68269
0.85963
0.231734
-5.56411
2.19774
-0.786055
-0.917997
-0.0746526
0.0906353
-0.700771
1.19852
0.0189901
-0.7128
-1.84367
-2.20578
-0.914458
1.23405
-0.910956
1.09479
0.00148323
0.204989
0.695224
1.11757
0.953587
0.142345
-2.7309
-0.0464339
0.296564
1.18813
1.06431
0.261368
-5.46448
-2.6529
-3.92565
0.96823
2.92942
1.36221
-7.24468
-0.628611
-4.4965
1.21024
-1.32737
1.21667
1.55606
-1.01008
0.668593
-0.0694953
1.239
-2.22367
0.0530881
-6.17186
-2.76996
-6.05586
-7.70172
-0.0790063
0.830141
-0.0396862
0.521984
0.381839
-3.31702
1.42807
-3.11358
1.22413
0.113653
-0.0193667
0.702036
-1.92765
0.125521
-2.97212
-4.422
2.04891
-5.45678
0.188323
-9.66402
-2.45796
-0.0444101
1.29469
-0.694712
2.74655
2.22608
-2.78997
1.76747
0.367868
1.22865
2.63916
-0.733934
-0.0334922
1.26675
0.15541
0.231234
-2.67932
-7.93755
-1.29238
-0.756206
-1.78369
-1.00257
0.929678
-7.09786
0.545452
0.128723
1.32667
-1.47036
1.19362
-1.82217
-1.2873
0.0961269
1.09176
1.24156
-0.219408
0.985965
-0.271656
3.13737
0.119931
-1.86414
3.07548
1.47891
1.93359
1.95016
3.00529
1.92296
0.935347
-0.259385
2.91955
0.983092
0.128488
-6.20824
1.27932
-2.60584
1.12118
1.22169
-1.34199
1.79425
1.07451
-3.04284
0.116332
-1.49351
1.55417
1.3859
-0.319648
-0.592017
-2.85846
-2.13077
0.997799
-2.92272
0.396387
-0.629097
2.88097
1.75988
0.377146
1.05004
-2.67782
-2.97183
0.99454
-1.01965
2.42663
0.546795
-2.34279
0.626459
-2.93578
1.33647
-0.339647
-0.394844
-0.974575
2.40407
-5.43934
-1.07559
-4.46341
0.00667168
2.35146
-0.537054
-6.88209
-2.37829
0.80802
-3.13027
1.80043
0.208409
0.137825
-3.86522
-0.0346712
0.23023
-5.21393
2.27547
-0.601051
0.718583
1.193
-0.374673
-1.73321
-2.75268
0.755439
-5.0436
0.311229
2.35125
2.20032
1.26359
-2.53522
2.10055
1.65651
0.30151
1.03263
-4.88008
0.679678
1.25618
0.529412
0.547754
1.50245
1.18902
-0.853869
-1.7052
0.553632
-4.77567
1.32644
-2.1053
-0.653957
-2.98338
1.19524
-0.75639
0.227337
-0.298508
0.940588
-6.10806
-4.62378
-1.21448
1.57745
-2.2041
-3.09856
-0.146259
0.585259
0.0392684
-2.10724
0.131613
-6.21604
0.192164
0.940579
-0.00284114
0.00967536
-1.09664
-2.85966
0.0153491
0.941109
-2.49683
0.16486
-0.106558
-3.03906
1.11657
0.0954498
-1.13188
0.419273
-0.427688
0.23916
0.807991
1.20523
1.79204
0.979822
1.66857
-7.22025
-4.0537
-0.087014
-3.91181
-3.76435
-3.61666
1.01088
-3.47745
-3.35473
0.566752
0.199944
-3.01032
0.370541
-0.08775
-0.490124
1.72755
1.36312
2.82223
-2.95955
-6.8757
-1.83494
2.88212
-0.279462
0.164555
-7.14087
1.13011
-2.91636
-0.306961
-6.60938
-1.00673
-2.99596
-2.87915
1.1557
-0.722367
0.461478
-1.42295
0.176553
-0.438719
1.52795
0.62822
2.2557
0.196058
-2.84573
1.22118
0.449041
0.187814
0.194801
-0.554599
-1.72646
-0.775567
1.46222
0.252219
-3.07789
1.46579
1.47958
-3.28021
-0.0876744
-2.81672
0.24536
0.303856
-0.938783
-0.191815
1.39505
0.346567
0.733352
0.740059
-2.79612
-1.95659
1.98173
-7.7831
1.49382
-0.445517
1.24247
0.0303161
0.923432
1.3277
-8.16405
0.273171
0.590059
-1.23095
1.16756
1.35128
0.377374
1.26468
-2.27231
-2.87261
0.844002
1.5509
-0.0793847
1.11141
-0.421562
1.33384
0.291519
-0.0142922
0.418442
-2.80823
1.19528
1.31272
1.23332
-0.440034
-4.79926
-1.14256
-8.48167
-0.60666
2.17624
-3.05966
1.08469
-2.81627
1.13363
-1.83025
-4.99535
-0.0506848
0.766918
1.18563
0.569538
-0.584564
2.72998
0.707794
-2.81889
1.06491
1.18614
1.26515
-0.0752161
-5.31731
-10.5659
-0.30871
0.566003
0.538425
0.990829
-2.82385
-4.44874
1.23478
-1.82255
-1.48114
1.20257
1.02368
0.157275
0.0520618
-4.35811
0.241162
0.923465
-2.82992
-0.527581
1.01394
1.20463
-4.20142
0.844164
-2.80309
1.00211
-0.104903
-3.42832
0.512881
1.54983
-1.03697
0.871483
-2.69576
0.75662
-2.76913
-0.373802
0.159056
1.61612
-0.820147
1.20363
0.102901
-1.82963
0.227358
-2.71084
0.684714
1.25491
1.61845
-2.72794
1.83366
-1.47101
1.27695
-0.299906
-2.65859
-7.85863
0.615632
-0.955839
0.988163
1.18295
-2.52563
1.22876
0.532187
0.56173
1.20031
-1.30699
-1.45199
2.12886
-2.31113
-1.47364
-1.81316
0.450246
-2.0594
0.795053
0.667942
1.13234
0.0277255
-0.0236013
-1.67362
0.899912
-7.29329
-1.38813
1.05067
2.17487
-2.71069
1.09544
2.50668
0.257693
0.184743
-2.07095
1.47797
-7.61586
0.20626
-0.305937
-1.26435
1.89275
-1.06247
-1.92317
0.200382
0.184679
0.091727
-0.568846
-1.30796
-1.55584
1.116
-1.08985
1.24013
0.201955
-0.855233
-0.663894
-1.79757
-7.62014
1.23101
-4.93457
0.0939753
0.906147
-2.08978
-1.17986
1.99108
0.161297
0.0131097
0.185024
-0.0183036
0.114296
-0.122677
-7.31797
-0.234048
-0.359006
-2.20422
1.1896
-1.71382
0.103257
-0.491664
1.44198
-0.634095
-0.981101
0.119923
1.4624
1.52079
-8.30456
1.10725
1.07953
-1.66717
0.934882
0.536448
0.0335339
-1.66973
2.78682
1.86743
-4.91944
1.18498
0.492927
-0.0251581
-1.71134
0.145781
-1.30953
1.88783
-7.37286
-1.76179
1.74138
-5.29689
-0.552878
-0.100129
1.23099
0.0836841
1.49421
-1.95552
0.110899
2.13032
2.34337
1.16145
0.0925225
-5.15387
3.17167
-1.76965
1.63404
1.22868
-0.214816
0.0782542
-0.303882
-0.156058
1.96115
-4.13256
-2.77139
0.880891
-2.68153
-5.05337
-2.79774
1.74506
-1.80668
-2.79343
-3.56045
-1.33534
0.221933
-0.176488
-0.360556
-0.0544416
-0.868298
-0.969102
-0.104511
2.1346
1.15657
1.51194
1.249
-0.365121
-1.19222
2.06633
-5.11081
0.786445
-0.127418
0.450881
-3.11701
0.241801
2.02454
-1.86582
-5.86192
0.48379
1.14005
1.03974
-2.80611
-2.97484
1.28536
1.11984
2.45349
0.834852
1.21735
1.0348
0.964447
-0.078
1.3934
-4.63285
0.00783177
-1.78759
-1.48266
-8.13138
-1.61417
-3.70448
0.618252
0.221543
-1.61191
-1.87041
-1.31368
0.0514039
-6.72578
0.397815
-2.69716
1.27314
2.25782
-3.83088
-0.0337886
-0.852129
-3.95456
-6.71064
-9.68538
0.222383
1.24025
-2.19967
-7.39258
-2.99714
-7.864
1.35615
-4.08822
-2.87705
-5.93176
-9.50251
-0.215031
-5.33081
-0.821784
-0.844873
2.27088
-0.672345
-2.67825
1.32497
-0.641778
-1.84301
-1.49767
-1.03897
-3.20832
-1.86464
-3.87693
-0.0749757
0.344861
0.981096
-3.35593
-0.877236
-2.76339
-2.65045
-0.22361
-4.08324
-1.39301
-2.6843
2.10118
-0.146464
1.87255
3.07741
2.17565
2.48753
-4.11223
1.56841
0.164464
0.202154
-1.12702
-0.985139
-0.119685
-2.51289
0.00540216
-0.0028237
0.989824
-6.77624
1.07529
-0.920369
-3.25987
0.605807
-3.42738
1.46746
-0.987023
-1.81845
0.323561
-2.31925
-6.70359
-1.84397
1.53662
-4.55465
-1.70372
-6.62007
-6.79225
0.440728
-0.0985888
-1.62299
-5.93976
0.199503
-0.137175
-2.32016
0.313086
-2.42755
-6.11125
-8.65884
-7.38481
-0.992438
-2.79699
-3.16136
-6.4829
-2.9035
0.508767
-0.342375
0.398006
-0.0867529
-0.488171
-0.447357
-9.03617
-6.8995
0.211953
2.77366
-0.574103
0.445815
-0.886103
-3.25477
-1.52438
0.419268
-6.4742
-1.87015
1.17409
-3.98722
-2.83582
1.06374
-2.12188
-0.816677
1.37016
1.23131
0.216394
-0.120527
-8.40238
-4.23442
-5.75721
0.972653
1.9444
-2.96775
-4.93721
0.14099
-7.04679
-2.372
-0.0813903
-0.0415932
1.37679
1.67369
-2.5664
1.30455
-5.94707
-8.3898
-0.445151
-5.62782
0.387455
0.190821
2.5093
-1.74877
-1.86366
2.91086
-2.53683
-2.08472
-4.68524
-0.983195
0.0519025
0.113293
-3.12351
-0.179854
-0.641883
2.03364
-0.104998
1.86017
-0.379279
-1.94661
-1.32328
-1.73729
-3.95135
-0.489931
-2.42092
-2.99917
-0.23568
1.13212
-0.0461189
-3.0346
1.0754
2.83424
-1.86136
-2.80583
-2.38797
-1.88261
2.74736
-2.22704
0.22737
0.0527166
-4.16007
-0.790077
-1.75215
0.0713484
-0.00100663
-0.170681
0.594046
-0.475929
-1.99548
2.03364
-3.31674
-1.31944
2.10236
1.41633
1.42578
-1.34105
0.850385
-1.38386
-3.45116
0.525523
1.19278
1.7054
-1.16397
-0.156834
-0.043687
0.385311
-2.38552
-2.1099
-0.00891976
-8.19857
-1.86716
0.229166
-2.10528
-0.102869
0.062502
-4.55059
2.21349
1.05282
1.41995
-0.775924
-1.34434
0.325412
-0.897886
-4.58578
0.929983
0.00164313
-1.04739
-0.0235443
1.63412
-2.24249
1.60165
-0.0922049
1.22665
-8.29337
1.58864
-0.90058
-0.798853
-2.05286
-5.26296
0.333121
-0.936281
-0.00466998
0.151638
-1.85374
0.714673
-0.733152
2.06335
-7.04014
-0.91543
-1.34147
0.116526
1.31146
-0.194904
-2.70658
0.956121
1.89041
-5.11757
-6.03745
0.00994173
0.495005
-2.24314
-2.74478
1.47764
-4.93651
0.22652
0.366758
2.56708
1.07984
1.53209
1.9354
-3.54301
-0.0263039
-4.22584
2.13963
2.75325
-3.55798
0.149471
-0.485039
-8.71739
-2.58856
-1.24032
2.10608
-0.865643
0.351603
0.342567
-1.14055
1.3949
0.286166
-0.207387
-4.12934
1.20374
1.63719
0.530536
0.209434
0.338962
1.42254
-0.22115
-1.87054
-4.01385
-0.879554
-1.86132
1.24095
-3.23731
-1.0711
-6.62935
-2.08802
1.25018
-7.07823
-4.4598
-0.177353
-0.405518
1.98007
-2.63612
-0.856665
0.452436
-0.923784
0.578355
2.78429
0.0378161
-1.32779
-3.06066
-3.23565
0.94656
-0.23084
0.246603
2.65686
-2.49224
1.7692
-2.89212
-1.29504
-0.862904
-1.91035
-7.59974
-0.291703
-1.23414
1.07806
-0.575309
-3.42764
-1.83252
-0.178413
-2.23611
-8.33439
-2.2737
0.054949
1.23081
1.64134
-5.93499
0.136505
0.899097
0.742646
-0.0782283
-2.82804
1.58492
-2.95907
1.13327
1.38248
0.495194
-3.56776
0.81953
0.36344
-0.982864
-7.738
-4.49392
0.364631
2.04897
1.72654
1.00536
1.70187
-2.9443
-2.70926
0.173965
0.117912
-2.77895
2.74024
0.483099
0.163319
1.18745
-0.873921
-1.9552
-2.98571
1.13106
-1.26143
1.13177
-0.838526
1.43568
1.25834
-5.87983
1.88939
-5.38054
-0.787748
-2.88905
-0.103682
-2.70445
-3.40789
-1.04166
-4.49137
0.0202929
-3.77332
-1.91028
-1.38279
0.217935
-3.12944
-0.0177426
0.422882
2.19735
-8.61414
-0.381158
-3.14067
0.230167
2.05922
-0.766787
-2.77992
-8.0582
-3.04469
-0.488154
-9.43569
-0.0489678
-0.50632
-0.203868
-0.0943734
0.30093
2.98852
2.78969
-0.507077
0.416294
-1.84057
2.28653
1.44752
1.93547
1.75639
-3.61733
2.64402
0.0212061
-7.83814
0.817882
-5.69107
1.18059
-0.575832
-1.5784
-0.412098
0.557714
-8.29578
-0.308494
1.32006
-0.247077
1.27345
-1.42345
0.816911
0.301328
-1.00893
-7.88254
2.09305
-0.378221
0.859841
-2.9022
-8.09973
-0.00622486
0.0194278
-4.99672
0.739155
1.35425
0.939267
-1.94806
1.33588
0.150477
-1.28255
0.0921187
1.08683
-2.91386
0.796664
2.0063
-0.0848551
-6.22992
-0.774111
-3.07307
0.0766919
-1.29528
-8.3705
0.141199
0.303441
2.07063
2.58303
-3.33672
-3.17619
-0.299544
-0.734027
-1.14135
1.4356
-1.38188
-1.82435
0.0826095
-2.95474
-1.45138
-7.4042
0.298321
-2.9541
-1.09514
1.6037
0.114122
-7.64025
-3.88813
1.96179
0.0876144
-0.87427
-0.664048
1.40819
-3.56406
0.306927
-10.5044
1.5837
0.657042
1.2282
-5.90299
-0.138827
2.23238
-0.703146
-0.323864
-0.959991
-3.10907
-8.2942
0.968268
0.199042
0.225457
-8.39053
0.0984921
0.446161
-9.57572
0.235431
0.183228
1.23818
2.34722
-0.373349
-0.109345
-1.93266
-0.039529
-1.06594
0.373092
0.9639
-3.17755
-7.20624
0.905511
1.3031
-2.91247
0.893539
0.350441
1.82042
1.51701
-5.84386
-3.46201
0.192145
1.34424
-1.72807
-2.06388
0.373531
-3.06574
0.274186
-3.71802
0.0574415
-1.5665
0.307237
-6.50466
0.708041
-4.36979
-2.12755
-8.35574
1.89028
1.50845
1.42429
-1.81992
1.79523
1.23687
-0.0421313
-0.190612
-0.713422
-0.224851
-8.3602
-4.87779
-1.63587
0.114489
-2.5576
-0.292577
-0.00864095
-4.04888
2.54583
0.485391
1.39523
1.57339
-0.369471
-1.85102
-3.65557
2.56185
-0.33523
-0.529649
1.00009
0.0057809
1.38785
0.956724
0.623126
1.40147
-0.493693
1.82118
1.7512
-0.15121
1.2639
-0.297612
0.577838
0.0863715
-2.8959
0.610157
2.24086
-0.699201
-0.139104
-3.03805
1.99582
-8.03157
-1.88536
-2.1257
-0.211071
-0.000111646
2.66249
-1.80479
0.000545006
0.992679
0.292947
-0.758683
-6.12011
0.844377
1.16768
1.00499
-0.386563
2.2446
-0.0647473
2.40726
2.30603
-1.20811
0.63709
-0.798985
0.141549
-8.31072
1.2781
-3.80083
1.36384
-1.94319
0.885264
-1.10696
0.31135
1.71784
-7.34898
-0.0729973
-3.7268
-5.23142
-2.6524
-2.8389
-1.13529
-0.804636
-0.298865
1.53092
-9.35576
1.94001
-0.250251
-3.30375
-1.73814
-3.97244
-1.18424
-4.0508
-8.58314
-0.487215
-7.37245
1.80702
-1.82205
1.62823
-0.891086
-2.29928
-6.56907
-0.619805
0.897941
0.388584
1.99223
-1.8473
-3.6442
0.0115911
-2.18325
1.24811
-7.26962
1.0958
-0.0143799
-1.85057
0.259668
-7.72907
0.277377
-0.122219
-1.66051
1.35438
2.42726
-0.705214
-0.634223
0.909763
0.966752
1.92321
2.83086
-0.214129
-1.61826
1.20287
-0.618335
-2.98365
-1.14393
1.83151
-2.04792
1.0726
-3.57907
-1.08133
-0.0871872
-6.11554
-0.00584506
0.228664
-1.5301
2.6132
-0.0292544
1.23097
1.09562
-2.22053
0.224575
-2.31007
1.23096
-1.7913
-1.03497
0.236705
-5.14845
0.593257
-1.74361
2.64425
-5.67637
1.46124
-5.96317
2.42267
1.38605
1.24168
-2.98026
-3.14324
-0.270204
-1.52285
-0.881648
1.25131
1.26372
1.21959
-1.54212
2.46164
0.918491
1.20594
-6.30634
-1.84595
-3.02321
-2.44917
0.932165
-9.53265
-8.29811
-5.06289
-0.141557
1.68155
1.04582
-1.85348
0.824923
-0.277067
-4.52832
0.223423
-0.000139124
1.24237
-2.99151
-0.000981737
-7.47923
-0.19544
-2.965
-5.1373
-2.71386
-1.86948
-0.381889
0.79005
-0.184999
0.98321
-8.28228
1.02692
-0.357861
-3.46859
0.950264
0.0645512
-1.69809
2.42352
1.21966
0.968985
0.105356
1.27192
-3.13327
-2.84743
-1.32591
-0.0794536
-7.48042
-0.373321
1.3444
-0.215836
0.754276
1.99153
-5.35193
-1.91424
-0.644517
-1.56893
-3.67058
1.21542
-1.85815
1.59845
1.13122
1.16889
-7.8603
-3.76397
-1.4157
-1.71011
1.49024
-10.1241
1.2406
0.0298598
-6.86474
0.404875
-1.29642
2.23186
-0.455445
0.129715
-0.291495
-0.0366947
-8.2084
1.4309
-2.58588
1.48871
1.24503
2.8124
1.28381
-1.2307
-2.80618
-3.65925
-0.0819595
1.67457
-1.11581
0.0166548
-0.729935
-2.36718
1.64757
0.721022
-2.80271
0.00385457
1.43778
2.38581
0.0958061
-0.0446182
1.54351
0.940974
1.18546
1.42735
-1.27204
-2.95366
1.25963
-2.93634
-1.76654
-0.178005
-2.86126
1.51198
1.1701
0.405676
-1.88661
1.2365
-2.80732
-1.09369
-0.16793
0.930111
1.23218
1.49428
-0.58092
-0.103877
-2.93234
2.58613
3.11833
1.25941
0.816228
0.00339368
-3.15762
2.7649
0.23438
-5.36351
-0.188952
0.00188066
-2.80677
-5.2755
-3.1473
0.345224
-0.212218
-7.986
1.291
1.03682
-3.05393
-5.79322
-2.60822
1.05397
-0.278552
1.53315
-0.805952
-0.0527834
0.342525
-0.369707
-1.81451
-0.555569
1.25932
0.680226
0.00232101
1.63536
1.3558
0.48459
-0.417793
-0.841349
-2.7726
0.444409
-0.662095
-10.4236
-0.000255364
-5.61745
1.31449
-3.12769
-0.799236
1.1942
0.911284
-5.39297
1.36402
3.14385
-1.73041
1.02204
-0.658953
-2.79158
2.21817
-0.153856
-0.348818
-1.71427
-0.0783027
-5.659
0.227576
-0.655058
1.16241
-0.861792
-0.959229
-0.359394
-2.79131
1.70018
0.928193
-1.86625
1.27382
0.233905
2.13083
3.09598
-0.0100118
0.0344286
-9.09288
-0.495302
-0.142094
0.139221
1.92684
1.49591
-1.3032
-0.0663629
0.440795
-4.51913
-0.440231
0.599042
-2.78968
-1.30494
3.14511
-3.83174
-0.842884
1.57522
0.207437
1.28102
-8.3594
-1.50596
-1.20892
1.06952
-0.417134
0.0056859
-0.948285
-1.86175
-6.13532
-3.53515
0.753234
-0.487714
0.528429
-0.519006
0.361217
-5.0098
0.592367
-3.06384
0.867217
1.26936
1.92064
-2.82696
-1.8425
1.43498
-0.111756
-2.87702
-0.0694519
-0.789894
-0.707748
2.07929
-2.86496
-6.68837
-0.56625
-3.02345
-0.627794
-3.4708
-0.354578
1.79797
-0.433942
-8.38989
0.226798
-0.613751
1.23798
-1.48056
-0.066105
-0.0765432
2.38437
-6.38087
0.217748
-0.724848
-4.60095
0.234316
-4.97066
0.484242
1.3043
-0.419726
-2.77159
-9.77985
-4.74584
-0.703654
-0.49506
-0.815504
-1.48136
0.89264
0.67134
-7.22146
-0.487739
1.93756
2.68664
0.168767
1.32154
2.73747
0.105186
-8.07049
-3.93634
-5.07795
-9.25918
-0.374386
-1.10441
-9.06162
1.02334
-8.33409
-0.771097
-1.7873
0.757692
-0.944297
0.888134
-6.32534
-2.06613
-1.55858
2.19991
1.11216
-1.8207
-0.391258
-5.00153
-8.49272
1.35231
-0.0208629
-2.26666
0.270548
-3.08151
-4.34281
0.759877
-5.88671
-3.50251
-0.336145
-0.0672295
1.07047
2.77884
0.994487
0.942288
-2.8389
0.470721
-5.48085
-4.92086
-0.554972
-2.26287
-1.64113
1.00866
0.487289
-0.796778
1.64703
-2.91935
1.00973
0.863423
0.529487
0.420386
1.25894
1.26611
-8.15113
1.07177
-10.2297
-1.97913
-0.643212
2.17116
-4.31087
0.104619
-0.696871
-1.63802
2.04903
-0.813072
2.67634
-3.02143
-1.1907
0.829242
-0.683859
0.42824
-0.797796
-0.530731
-1.14459
0.499333
1.14695
2.18103
0.538971
1.16714
)
;

boundaryField
{
    SideWalls
    {
        type            empty;
    }
    Top
    {
        type            zeroGradient;
    }
    Inlet
    {
        type            zeroGradient;
    }
    Bottom
    {
        type            zeroGradient;
    }
    Outlet
    {
        type            fixedValue;
        value           uniform 0;
    }
    Plate
    {
        type            zeroGradient;
    }
}


// ************************************************************************* //
