/*--------------------------------*- C++ -*----------------------------------*\
| =========                 |                                                 |
| \\      /  F ield         | OpenFOAM: The Open Source CFD Toolbox           |
|  \\    /   O peration     | Version:  2306                                  |
|   \\  /    A nd           | Website:  www.openfoam.com                      |
|    \\/     M anipulation  |                                                 |
\*---------------------------------------------------------------------------*/
FoamFile
{
    version     2.0;
    format      ascii;
    arch        "LSB;label=32;scalar=64";
    class       surfaceScalarField;
    location    "7.6";
    object      phi;
}
// * * * * * * * * * * * * * * * * * * * * * * * * * * * * * * * * * * * * * //

dimensions      [0 3 -1 0 0 0 0];

oriented        oriented;

internalField   nonuniform List<scalar> 
7520
(
-0.988503
0.801045
0.187458
-1.33331
-0.197152
1.53046
-0.0817066
-1.86565
1.94736
0.233154
-0.0321784
-0.200976
0.252533
1.90089
-2.15343
-0.090475
0.0973708
-0.00689575
-0.315749
2.13584
-1.82009
-0.213356
-2.02764
2.241
-1.54923
1.46752
0.822329
-0.0916889
-0.73064
0.435131
-0.07541
-0.359721
-0.275995
-1.55945
1.83545
0.646186
-0.0559484
-0.590237
-0.0983983
0.136483
-0.0380852
-2.16847
0.944832
1.22364
0.0769475
1.51806
-1.59501
0.297692
-0.032549
-0.265143
0.0118483
-0.455373
0.443525
0.033973
0.0213198
-0.0552928
-0.0813462
0.379038
-0.393899
-0.283203
0.677102
-1.0536
1.13054
-0.0363086
-0.312583
0.348892
0.138666
-0.141118
0.00245203
0.106832
-0.234125
0.127293
0.252645
-0.244877
-0.00776794
0.867263
1.12031
-1.98757
-0.0360276
0.315774
-0.279747
-0.0201545
0.0541275
0.206461
-0.0348653
-0.171596
-1.12503
1.73249
-0.607467
-0.0476393
-0.0182198
0.0658591
-1.85149
2.03579
-0.184303
0.0422592
-0.263438
0.221179
-0.327436
-1.23535
1.56279
-0.357531
0.972649
-0.615118
0.269843
-0.539673
0.269831
0.825955
-1.58467
0.758719
0.09001
-0.313929
0.223919
-0.0461206
-0.103254
0.149375
-0.0277216
0.260876
0.303689
-0.500835
0.197146
0.286257
-0.0336119
2.08842
-1.58993
-0.49849
-0.555952
-0.607923
1.16388
-1.46213
1.59347
-0.131337
-0.127781
-0.154145
0.281926
0.26392
-0.0776749
-0.186245
-1.32537
0.200342
0.273322
-0.0761111
-0.19721
1.79435
0.179165
-1.97351
-0.711705
0.265529
0.446176
-0.0321958
0.0332527
-0.00105682
1.07911
0.486508
-1.56562
0.0143198
-0.104795
-0.759994
0.132071
0.627923
0.39911
-1.2595
0.860387
-0.041863
-0.122591
0.164454
-0.115953
0.068314
-2.21205
1.14837
1.06368
1.55982
-0.706869
-0.852951
0.0380775
0.166331
-0.204409
-1.28581
0.958372
0.797853
-0.151668
0.00750186
-0.0396977
0.00417535
-0.102574
1.17704
-2.41817
1.24113
0.134483
1.65986
-1.26488
0.98692
0.277959
0.314354
-0.237094
-0.0772606
-0.49888
0.89799
-0.107121
-0.564493
0.671614
0.338657
-0.0923784
-0.246278
-0.153093
-0.0415331
0.194626
1.01909
-1.5878
0.568711
0.1287
-0.112575
-0.0161253
1.79844
-0.50464
-1.2938
0.392805
-0.746484
0.353679
1.6553
-1.15144
-0.503859
-0.818899
0.0589045
-1.53611
-0.675947
1.01546
-0.727565
-0.287891
0.238289
-0.619612
0.381323
-0.309173
0.351432
-0.511358
0.523206
0.22363
-0.0171696
0.0159056
-0.0470075
0.0311019
1.15201
0.646436
-1.98517
2.37207
-0.386897
0.727379
0.832441
-0.982962
1.11689
-0.133925
0.0125327
-0.0853718
0.0728391
1.3521
-1.6281
0.241143
0.195583
-0.105573
0.0380128
0.329067
-0.36708
0.00752586
0.0847691
-0.0922949
-0.525305
0.385358
0.139947
1.46619
-0.447102
-0.718716
0.617401
0.101315
1.24669
-1.70265
0.455959
-0.0886449
0.111656
-0.0230107
-0.0594557
0.115048
-0.0555919
2.90169
-1.88816
-1.01353
0.524876
-0.409525
-0.578979
-1.33435
0.835473
-1.92396
1.60821
0.165054
-0.0779664
-0.0870876
0.443068
-0.00793705
-0.159716
0.15858
0.00113566
-0.104742
0.134005
-0.0292635
1.99557
-1.16962
-0.125666
0.0110317
0.114634
-0.755651
0.361753
0.0348743
-0.0219004
-0.0129739
0.653401
0.362055
-0.775347
0.489076
0.286271
0.810681
-1.24481
0.434133
0.0378413
0.100825
-0.195233
-0.516471
-0.366474
0.09546
0.271014
1.00149
-0.179159
0.702387
-0.627754
-0.0746333
-0.0293941
-0.0878536
0.117248
-0.260125
0.23712
0.0230051
0.700613
-1.86654
1.16593
0.381543
-0.417852
-0.346688
-0.0478561
0.394544
-0.0235309
-0.102135
-0.372951
-0.22727
0.600221
0.141523
0.0318847
-0.173408
-0.0636666
0.20519
-0.587427
-0.18792
-0.733675
-0.49421
1.22789
-1.34332
2.40715
-1.06382
0.384748
-0.397345
0.0125969
-1.16227
-0.172083
-0.0337866
-0.0501874
0.083974
1.4218
-0.342686
-0.630631
0.411023
0.219608
-0.0270623
0.171116
-0.144053
0.288509
-0.0741654
-0.214344
0.26341
-2.12906
0.310577
-1.77271
-2.92017
1.13439
1.78578
-0.848746
-0.416134
-1.59662
1.64291
-0.0462973
2.15184
0.211388
-2.36323
0.181734
-0.227855
0.74886
0.195538
-0.944398
-0.264091
-0.19186
0.455951
0.390703
-1.98732
-1.84601
-0.00547622
0.00318658
0.012719
0.0623708
-0.119321
0.05695
0.284214
-0.326077
1.66057
-0.413886
-0.154381
0.12666
-0.0188063
0.00271046
0.0160958
0.752639
-0.42127
-0.331369
-0.443217
-1.72526
-0.0738271
-0.190264
0.0465589
-0.578949
0.53239
0.266219
0.19651
-0.462729
-1.55528
0.929153
0.626123
1.05287
-0.800335
-0.080504
0.460633
-0.380129
-0.236505
0.343337
0.510318
-0.237964
-0.272353
0.61405
-0.576037
0.235543
-0.311655
0.902727
0.313071
-1.2158
0.297484
-0.333511
-0.353781
-1.44125
1.79503
1.28148
0.662967
0.684691
-0.446403
-1.33479
0.977259
-0.708271
0.913814
-0.205543
0.00534034
-0.0329555
0.0276152
0.261192
-0.30109
0.0398972
-0.744712
1.39811
-0.268578
-0.148442
0.41702
0.409411
-0.143192
-0.848772
0.895331
0.599722
-1.07787
0.478146
-0.512122
-0.0131827
0.671311
-0.401468
0.139611
-0.0109108
-0.0836495
0.117722
-0.0340729
0.0769073
-0.181649
-0.397757
-0.0800252
0.477782
0.129802
0.208854
-1.03862
-0.549184
-0.755583
-0.799692
0.022294
0.0597527
-0.0820467
1.02898
-0.104761
-0.924219
-1.578
0.234673
-1.19866
2.19347
-0.994814
0.354343
0.155975
-0.396225
0.489004
-0.0927793
-0.761764
0.566531
0.579925
-1.13588
1.752
-0.0656102
-1.68639
-1.42832
1.89171
-0.463389
-0.0230912
0.085462
0.37105
1.54426
-1.91531
0.0338805
-0.164283
0.130403
-0.133383
1.80412
-1.67074
0.00101124
0.111533
-0.112544
-0.887839
1.23358
-0.345745
-0.113164
-0.6486
0.0460762
-0.443833
0.260156
-0.165353
-1.86558
2.03093
0.030996
-0.00967621
-1.74703
0.708408
-0.379801
-0.120618
0.500419
0.0940991
-0.123493
0.120245
1.59491
-1.71516
-0.539592
-0.576276
1.11587
-0.509664
0.401805
0.107859
2.81047
-1.86789
-0.942574
0.465564
-1.00516
0.0489868
-0.0498324
0.000845643
0.09842
0.735736
-0.834156
0.0458908
-0.0490304
0.00313961
0.840537
0.805435
-1.64597
-0.228317
-0.490398
-0.0673585
0.181776
-0.114417
-0.898703
0.68861
0.210093
-0.0729948
0.0389889
0.0340058
1.45823
-0.429252
1.05314
-1.95049
0.897351
-2.79544
1.21869
1.57675
-1.16949
-1.62595
-0.362582
0.474708
-0.112126
0.458601
-0.276584
-0.182017
1.00778
-1.73553
0.727746
0.0260238
1.08531
-1.11134
-0.604291
-0.123274
1.13031
-0.227581
1.27456
1.30518
-2.57973
-0.180362
0.0851871
0.0951753
0.05528
-0.953983
1.87433
-0.476087
-1.39824
0.134208
-0.100327
0.0632674
0.311894
-0.344443
1.06095
0.813376
0.170676
0.678912
-0.849587
0.357306
-0.0415321
-0.0588802
0.00796729
0.0509129
0.537046
-0.407533
-0.129513
-1.82657
0.8763
0.950266
0.420487
0.0381134
0.87408
-1.60776
0.165166
-0.00141102
-0.163755
0.133844
0.130076
-1.653
1.59442
0.0585721
1.17563
-0.575904
-0.00526238
-0.0344178
0.0396802
0.0330917
-0.150888
0.117796
0.119365
-0.211744
1.74045
-0.563411
-0.115298
0.378929
-0.263632
0.00104802
-0.0198543
0.436831
-0.512241
0.715799
-0.386732
-0.668449
0.694473
-0.0289216
-0.0547279
2.13584
0.0114055
-0.0160481
0.00464255
0.0879095
0.62789
-0.200989
0.130248
0.0707405
-0.100704
0.0412484
0.444765
-0.141076
1.45903
-0.710167
0.423802
-0.363201
-0.0606011
0.304005
-1.19184
0.0265501
-0.399501
-2.03677
1.87142
0.0394605
0.00952628
-2.25013
0.22957
-0.256632
0.0391366
0.104938
-0.144074
-0.608737
-1.21783
1.58115
1.32054
1.70196
-0.772808
-1.55945
0.167367
0.53502
0.257431
-0.258043
0.000612194
0.171244
-0.233634
0.0623893
-1.2465
0.638576
-0.19489
-0.256617
0.451507
0.262252
-0.353941
-0.101501
-2.02016
2.12166
0.976909
0.215478
-1.51169
1.29621
0.952304
1.08349
-1.33903
1.57831
-1.20726
-0.0542301
0.38485
-0.33062
-0.87956
0.736066
0.143494
-0.239017
0.12372
-0.0826367
0.324143
-0.241506
-0.241167
-0.255437
0.496605
-0.529705
1.81118
-0.271391
-0.363532
0.634923
-0.3893
0.261519
0.237281
-1.22024
-0.0982287
0.0393485
0.00872586
-1.87617
0.978721
0.897451
0.368804
-0.424752
0.00852692
-0.0157121
0.40046
1.25048
1.55999
1.65329
-0.521613
-1.13168
0.117042
-0.0432406
-0.073801
0.697091
0.958209
0.121758
0.135672
0.562339
-2.20975
1.64741
-0.0988112
0.0915764
0.00723479
0.854393
0.611801
-0.214646
-0.0992823
0.729802
-0.559126
-0.569821
1.43708
0.154302
0.0107516
1.26824
-0.457563
0.144126
-0.1366
1.77941
-0.12611
0.100421
0.399236
0.0245661
0.0173269
0.297027
-1.74479
-0.836052
0.942973
-0.106921
0.00590436
-0.118479
1.79402
0.029085
-1.82311
-0.705801
0.43441
0.222306
0.0662031
-0.30538
0.0682866
0.0276409
-1.17908
1.53971
-1.57837
0.0386636
0.0026827
-0.252007
0.249324
-0.60178
1.45617
-0.835695
1.53631
0.0223357
-0.019653
0.76062
-0.271545
1.94875
-0.596647
0.0026824
0.1289
-0.131583
-0.0722939
-0.0899339
0.162228
0.11406
0.00298144
-0.369675
-0.727799
-0.0747581
-0.299779
0.374537
0.923703
1.48345
-1.64069
1.2869
0.108871
-0.455559
-0.990438
0.883316
-1.13232
1.3259
-0.193577
0.524322
-1.69068
1.55729
1.57273
-0.420725
1.30969
0.77873
-0.0671448
0.263027
1.27668
-1.32928
0.296214
1.03307
0.251683
-0.286549
0.408506
0.0119814
-0.212456
0.148789
-0.105945
-1.48398
0.441869
-1.25278
0.810916
-1.52209
1.01176
0.510328
0.188026
-0.752518
-0.228271
0.266349
0.0857645
-0.0543078
0.0410471
0.0132607
-0.542916
0.462412
1.04862
0.524112
-1.42832
-0.120125
-0.14
1.62089
-1.4316
-0.189289
-0.403994
1.94825
-1.63745
2.47089
-0.833444
-0.720845
1.02859
-0.307742
0.0588572
-1.34467
0.139997
-0.41658
-0.266368
0.417192
-0.150825
0.0714053
0.0436423
1.33579
0.694264
-1.24263
0.548366
-0.0137344
-1.54561
1.55935
-0.052461
-0.107255
-0.00678242
-0.459617
0.4664
-0.400416
1.10248
-0.702065
0.19769
-0.137263
-0.0604269
0.240174
-0.244575
0.00440072
-1.98661
1.78946
2.44391
-0.50814
-1.93577
0.0687102
-0.00463791
-0.0640723
0.00660877
0.164636
0.0885155
-0.600637
-0.830491
1.67103
0.0299282
0.00494605
1.752
-0.97641
1.07483
0.134281
-0.134281
-0.134333
0.356361
-2.34153
2.24343
-0.928698
-1.31474
-1.24582
0.825494
0.420329
-0.00927839
0.0362872
-0.0270088
1.01138
-1.20596
0.194586
-0.581008
-0.195619
0.776628
0.432256
-1.94679
1.51453
-0.0916554
-0.787905
-0.208191
0.135897
-0.179612
-0.577712
0.757324
0.73567
0.431993
-1.16766
-1.38003
-0.425867
0.681544
-0.255677
-0.62949
0.91466
-0.285169
1.44545
-1.3252
0.30292
-0.377678
0.106632
-0.372643
0.21955
-1.3894
1.49841
-0.109007
-1.23567
1.75636
-0.520695
-0.0170136
0.131837
-0.114823
-1.61176
-0.806409
-0.0317301
0.0115756
-1.66254
0.46389
-0.365555
0.282918
-0.174123
-0.546722
-0.0474562
-0.051355
-0.816592
2.09115
0.0463572
-0.358941
-1.52495
0.122387
1.40256
0.397579
-0.328262
-0.0693166
-0.868021
0.15975
0.211046
-0.556575
0.345529
1.6051
-0.138141
-1.46696
-0.0274848
0.206897
-0.179412
-0.369364
0.519955
1.06971
-1.58966
-0.691136
1.63597
0.165001
0.695497
0.726303
-0.077406
1.58275
0.196658
-1.41294
1.39921
0.292628
-0.0364374
-0.256191
0.41422
-0.107252
-0.306968
-1.99089
0.353438
-0.104954
-0.395881
-0.582579
-0.253472
0.25004
0.803149
-0.211489
-0.59166
0.188846
0.0974107
-0.938104
1.39269
-0.454584
0.151344
-0.241277
-0.0600946
0.321287
0.246498
-0.512866
0.0210499
0.424644
-0.445693
-0.0642418
-0.0355742
0.099816
0.716103
-0.185221
-0.530882
-0.0278421
-0.167438
0.19528
-0.286631
0.318504
-0.0318732
0.0120137
-0.29491
0.282896
0.311303
-0.0596194
0.448867
-0.325558
-0.123309
1.57012
-1.03708
-0.950491
-0.067202
0.0989189
-0.0317169
0.0614444
-0.0711206
-0.272887
-0.236777
1.1156
-0.312455
-0.0527102
-1.2186
1.27131
-0.34102
-0.0254543
-0.00797138
-0.579456
0.200995
0.0391793
0.168751
-0.16774
-1.34161
-0.0349733
-0.0801773
0.115151
1.31535
-1.00228
1.23821
1.2057
0.254347
-0.0891808
-0.153962
-1.68946
1.84342
0.794895
0.395668
-1.19056
0.253515
-1.04615
0.700825
0.34533
0.35045
0.0471284
0.0243745
0.0722747
-0.0966492
2.11723
-1.12709
-0.990142
0.134472
-0.301074
0.166602
0.745615
0.329168
-1.07478
0.0688056
0.10069
-0.169496
1.71313
0.0140116
-1.72714
-0.450326
-0.00504676
-0.251473
0.29783
0.0350917
0.0431381
-0.0782298
-0.537335
0.0259774
0.0290196
0.0202011
-0.0492207
-0.372461
-0.672161
1.04462
1.12669
0.478406
0.991471
-1.04418
0.766218
-1.16663
-1.91132
1.80982
-0.0230466
-0.064807
0.249971
-0.594396
0.344424
0.715115
0.986846
1.10913
-1.33689
0.227752
1.23337
-0.537876
-0.130986
0.0877454
-0.0107486
-0.0564375
0.0671861
-1.71756
-0.449351
2.16691
-0.406782
0.44178
-0.0349982
0.0139888
0.120293
0.155938
1.74496
-0.135906
-0.0444564
0.861213
-1.35601
0.4948
-0.706619
-0.36942
1.07604
1.51748
-0.464345
0.71352
0.568906
-0.760766
-0.260756
0.00487976
0.255876
0.0209732
-0.192569
-0.462635
1.1569
0.0117533
0.0341375
-0.347648
-0.215846
0.563494
0.0117461
0.999631
0.726079
-1.22029
-0.466229
-0.398811
0.494271
0.751923
-0.926046
0.0739855
-0.0629538
-0.0711869
-0.273256
-1.94301
0.905926
-0.101214
-0.0467353
0.147949
0.0332379
-0.0203253
-0.0129127
0.230024
0.85529
0.199644
-0.0333125
0.0360111
-1.6929
1.65689
0.665399
-0.879719
0.21432
-0.022318
0.0618917
-0.0395737
-0.768822
1.21069
-0.114936
-0.358006
0.472941
-0.272575
0.483621
-0.977247
1.44786
-0.470611
-0.465097
0.476851
-0.0117532
2.21239
-0.0605462
0.466973
-0.175324
-0.291648
-0.590838
0.363567
-0.176072
0.336814
1.34134
1.03073
0.105973
-1.69866
1.59269
-0.801239
-0.174481
0.975721
-0.27813
0.25447
0.0236604
0.0761448
-0.248992
0.172847
-0.0218214
-0.100377
0.122199
-0.099973
0.00174432
-0.383602
-0.223467
-0.0106581
-0.0944797
0.133828
-0.1315
0.392885
-0.261384
-0.229464
0.27129
-0.0418256
-0.0434301
0.203356
-0.159926
0.791346
-0.365102
-0.0591524
0.0121449
0.449489
-1.09364
0.644153
1.19791
-0.967889
0.00675695
-0.340274
0.333518
-0.953674
-0.748972
-1.37194
1.50643
0.665026
-0.469487
-1.29639
0.806112
0.490273
0.272249
-0.098455
-0.173794
1.75227
-1.75227
-1.63921
0.103104
-0.307394
-0.240673
-0.611095
0.851768
0.570476
-0.526561
-0.0439149
0.0224893
0.0702831
-0.0871952
0.0169121
-0.00158077
0.198748
-0.197167
-0.415046
1.24962
-0.834572
0.418808
0.122005
-0.540812
0.767307
-0.70845
-1.04717
0.245927
-0.0415467
-0.213827
0.255374
-0.0185705
-1.31071
-0.457889
-1.22797
0.770076
0.33014
0.0118796
0.223858
-0.235738
-0.269452
0.334689
-0.0652371
-0.239078
0.171719
-0.0822075
0.170556
-0.13142
0.0361561
0.132065
0.222205
-0.35427
-0.037544
-0.0188935
0.317092
0.131775
-0.205852
0.211377
-0.00552494
0.0133521
0.0199007
-0.0332528
0.100153
-0.0283825
-0.0717708
-0.0640741
0.165635
-0.101561
-0.546127
1.35704
0.490863
-1.12792
0.637057
-0.150832
-0.0797412
0.230574
-0.0388269
-2.56875
2.60758
0.885446
-0.555941
-0.329505
0.475922
-0.0443771
-0.189257
0.0529981
-0.0748985
-0.0538213
0.188293
0.287679
-0.938461
0.650782
-0.416041
-1.23696
-0.22461
0.772047
-0.547437
-0.11043
0.0868993
0.402275
-0.27232
-0.129954
0.799166
-0.349677
-0.794712
0.565879
-0.545849
-0.0200304
-0.516206
0.321316
-0.158138
0.56916
-0.2205
0.253592
-1.74711
-0.141053
-0.284458
0.530957
0.0255212
-0.233712
0.0303934
0.0367927
0.305669
-0.29379
-0.0814704
-1.2984
0.752273
1.98863
-0.184505
-1.86558
2.24067
-1.08362
-1.15705
-0.084021
0.469379
-0.0763483
-0.742551
0.459289
-0.382382
-0.24258
-0.018176
-0.543212
-0.413792
0.957004
0.122079
0.241094
-0.363173
0.0390209
-0.887767
-1.98415
-0.310295
-0.320645
0.63094
0.626987
0.0384122
-0.241576
-0.0375229
0.279099
0.467772
-0.0862287
0.168251
0.103998
2.06432
-1.63207
-0.872938
0.329726
-0.248193
-0.0497301
0.297923
-0.0454877
-0.121559
-1.0844
0.516285
-0.0570844
-0.459201
-0.0821646
-0.0337887
0.914955
-1.18339
0.268436
-0.657968
-0.067817
1.82009
-0.542746
-0.550897
1.75111
-2.11559
0.364484
-2.31462
1.86019
0.454434
0.147553
0.102964
-0.250517
0.149763
1.14128
0.0194775
0.824038
-0.843516
0.0542204
0.324709
0.121975
-0.0532647
0.0308055
-0.34232
0.311514
1.26984
-1.4238
0.0734581
0.329652
-0.397565
0.0679127
-1.54945
-0.0897594
-0.589698
-0.308753
0.24155
0.108803
0.00336805
-0.112171
-0.614087
0.296325
0.317763
-0.389067
0.334837
-1.0841
-0.465908
1.55
-0.132885
-0.0470552
0.0377768
-0.375011
0.118489
0.256522
-0.381597
1.39336
-0.155641
-0.928142
-0.317682
1.45169
-0.577607
1.01293
-1.42798
-0.0098354
-0.0244191
0.0342545
1.05602
-0.632378
-1.52105
-0.336272
-0.0834667
0.419739
-0.0539257
0.202715
0.0972873
-0.458301
0.361013
0.425483
0.0977225
0.527767
0.93126
-0.129909
0.302476
-0.0669325
-0.407587
0.391875
-0.174356
0.0668907
0.107466
0.239748
-0.106323
-0.133425
-0.141116
-0.0411475
0.182263
0.318936
0.117936
-0.436871
0.0836393
0.0336084
-0.188708
-0.0632989
-0.0279825
1.19379
0.0422943
0.137984
-0.180279
0.078465
-0.126344
0.0478793
-0.0298101
-0.269334
0.299144
0.615318
0.2358
-0.661667
-0.0798408
0.357478
-0.073264
-0.4024
0.165895
-0.12755
-0.0367333
1.79623
-0.990798
0.0668429
-0.215056
0.148213
-1.59063
0.218684
-0.107787
0.0171613
0.090626
-0.0394952
-0.0334996
-0.648053
-1.66657
0.35643
-0.0589463
-0.738048
-1.4717
-0.547488
0.19984
-0.541578
0.166567
0.898074
-0.734317
-1.51228
1.61825
-2.106
0.388439
-0.163478
0.0322744
0.131203
0.0503923
-0.193257
-0.374531
0.567788
-0.294155
0.0305226
-0.332732
-1.12508
1.45782
-0.518304
-1.14335
1.66166
0.555584
0.347385
-0.902969
-0.000271524
0.307465
0.258414
-0.2592
-0.253666
-0.168529
-0.102707
0.271236
0.0930814
0.36287
0.270369
0.131906
0.451001
-0.594753
-0.0248641
0.0362696
-0.578694
0.738086
-0.159392
-0.147483
0.451731
-1.35884
0.0714637
-0.0117109
-1.47089
0.456546
0.143675
-1.06695
-0.540803
-0.132211
-0.932372
-0.316316
1.24869
-0.116205
0.575494
-0.169108
0.994602
-0.293019
-1.01167
-0.931336
-1.25233
1.44692
0.0818385
-0.283372
0.0159989
-0.0662927
0.0502938
-0.623052
0.560128
0.0629236
0.681877
-0.795041
-0.195282
0.0940681
-1.10387
-0.192512
-0.047406
-0.00984707
0.0572531
0.0947962
0.621306
-1.43874
-0.181066
1.6198
0.0574583
-0.0950022
0.221246
-0.423966
0.20272
-0.23304
0.388646
0.13623
-0.204925
-0.060351
0.265276
-1.31027
0.834181
-0.294665
0.000510842
-0.172201
-0.128873
-0.329072
0.0532215
0.020764
-0.0523175
0.0879123
-0.0161504
-0.0620794
0.296692
1.29773
-0.644568
1.95425
1.01215
0.627525
-0.823144
0.0450842
-1.48382
-0.299951
-0.321918
0.380012
-0.0580945
0.216756
0.0203642
0.0472365
0.0127383
-0.0542683
0.122582
-0.196155
1.8356
-1.63944
0.188965
-0.837565
-0.122808
-0.256988
-0.069089
0.900791
-0.280218
0.353836
-0.0736189
-0.0471331
-1.53698
1.58412
0.573243
0.27348
0.296996
-0.490785
-0.547694
0.946523
-0.398829
0.0353463
0.0170127
-0.0373379
-0.23292
0.850529
-0.617609
0.105196
0.265171
-0.370367
-0.124429
-0.645297
0.769726
-0.274412
-0.0590989
-2.05222
-0.0267909
0.186782
-0.184099
0.0289362
-0.305915
0.0112493
0.338234
-0.658878
2.28786
-0.968061
-1.3198
-0.143403
0.405407
-0.185563
0.406809
-0.259377
-0.286472
-0.172961
-0.0132833
0.114841
-0.424015
-0.182201
0.850352
-0.97478
0.136044
-0.0920904
-0.0439536
-0.367568
-1.96692
1.09154
0.875383
-2.00869
1.96987
-1.13947
0.310822
0.828646
-0.0840987
0.314763
-0.230664
0.699701
0.415903
-0.0449009
0.195913
-0.0335344
-0.145656
0.0176473
-0.257301
-0.0150199
1.12745
1.16041
-0.0091396
0.0171069
1.6337
-1.42231
-0.0339925
-1.39461
1.4286
1.23475
-0.0409622
-0.289526
-0.076029
0.593622
0.108876
-0.24827
-0.0572427
0.465748
0.790221
-1.5623
0.772077
0.0945436
2.35001
-1.41845
-0.931561
0.00850984
-0.0114458
0.047733
0.647773
0.75034
1.09819
-0.99509
1.04864
-1.56694
-1.23547
0.0143304
1.22114
-1.75319
0.480986
1.27221
0.088543
0.0452853
2.43983
0.0585581
-2.49839
-0.686723
1.37669
-0.689967
0.0522961
0.218994
-0.814539
0.185049
-0.00242145
0.0418819
-1.34306
0.210734
0.00402053
-0.01952
0.0154995
-0.0937274
0.2171
-0.123373
0.138853
-0.480364
0.341511
0.532186
0.410787
-0.516896
-0.0971916
0.0758966
0.846547
-0.938203
-0.0650276
-0.0542932
-0.250242
0.0530314
0.732774
0.323092
-1.05587
-0.441999
0.38789
0.0541086
0.117088
-0.445628
0.32854
-0.674918
-1.60037
0.811819
0.788556
0.122837
0.845782
0.240847
-1.08663
-0.283915
0.218726
-0.242624
0.0238976
0.165977
-0.0355742
-0.245535
0.0039595
-0.285716
-1.38055
0.67038
-0.416516
0.782791
-0.366276
-0.627815
-0.706975
1.71352
-0.734801
-0.100717
0.179228
-1.41642
0.0834615
-1.39763
1.31417
0.0457852
0.0261492
-0.0719344
1.0841
-0.825151
-0.258947
0.189778
-0.0186621
-0.0192442
-1.43774
0.809922
-0.578939
1.27976
-0.142988
0.579819
0.292864
0.210176
0.0295724
0.804168
-0.369758
-0.00793706
0.689814
-0.943096
0.426625
-1.54551
0.402158
1.01718
-1.06431
-1.58158
1.38543
-0.068934
-1.46348
0.19022
1.27326
0.531586
0.240461
0.0345122
-0.927788
0.687116
-0.108274
-0.125589
0.233863
-2.29208
0.677629
1.61445
0.403148
0.826705
-1.22985
0.0780881
-1.33042
0.754131
0.107436
-0.861567
-0.378155
-0.0495242
-0.940913
-0.0758387
-0.0119115
0.0509005
1.49186
-1.47785
-0.0548586
-0.978584
-0.621791
0.539561
-0.0117216
-1.22375
1.11587
-0.270086
-1.55729
-0.00215927
-0.309858
-0.90594
0.327647
-0.309693
1.91132
0.224515
0.154945
-1.23935
0.133636
-0.101751
0.203636
-0.444803
0.330158
-0.55487
0.224712
0.0673841
0.0857102
-0.153094
-0.456194
0.28087
0.291777
0.245268
-1.11705
1.13713
-0.0200835
-0.742254
1.11328
-2.1283
1.01502
-0.195679
-0.0561946
0.0902004
-1.47113
0.132774
1.33835
-0.368534
0.892856
-0.662794
0.701815
0.154371
0.966591
0.54867
-1.0149
-0.828158
-0.167557
0.995715
-0.255401
-1.38432
1.05159
-0.121357
0.124407
-0.00305003
0.0503026
-0.0898763
0.951388
-1.41402
-0.69689
0.153688
0.543202
0.14105
-0.106783
-0.0342669
-1.07531
0.43001
0.036519
0.0250021
-0.225978
0.4027
2.28422
0.155605
-0.798863
0.818341
-0.261173
0.0889723
-1.26605
2.21652
-0.950465
-0.074036
0.0632854
0.0763254
0.36677
-0.017878
1.00144
1.19203
0.645135
-0.91668
0.295328
-2.16322
-0.164693
0.12972
0.141914
-1.14419
-0.224636
-0.958755
-0.206567
0.0521856
0.777041
-0.374341
-1.22543
-0.234615
1.16588
0.181565
-1.68177
0.307641
1.37413
-0.0816402
0.470286
1.06448
-1.12221
-0.306115
0.733591
-0.325609
-0.407982
0.865917
-0.30478
-0.561137
-0.175138
0.0378745
0.6341
-0.661972
0.0278726
-1.42979
0.898512
0.531277
0.511045
0.936813
0.000658008
0.108145
0.750819
-0.515018
-2.16536
0.89616
1.2692
-2.03093
1.58158
0.987549
0.71758
-1.70513
0.793584
-0.734679
1.76709
-0.582553
-1.18454
-1.05279
0.168435
-0.0806899
-0.180195
-0.100439
0.185626
-0.0363746
0.113866
-0.0774916
-0.229794
0.188261
-1.80308
-0.224566
0.160392
-0.129586
-0.0312018
-0.0178286
0.942795
-0.498018
-0.444778
0.769812
-0.473487
-0.115638
0.122247
-0.167437
1.27657
0.0587965
-0.0130113
-0.335304
-0.740004
-1.48957
0.557199
-0.0651553
-0.0759629
0.122712
0.112251
0.0992678
-0.0832689
-0.490803
-0.526403
0.0925692
-0.0766221
-0.0159471
0.176648
-0.722537
-0.455725
1.17826
-0.307957
0.00204234
-0.117633
1.1502
0.996741
-2.14694
-0.386433
0.942017
0.210742
-0.0840823
0.65888
-0.82731
-0.825458
1.65277
-0.946398
-0.946888
0.533096
0.292455
-0.188842
-0.103613
1.04248
-1.14724
-0.148835
1.97033
-0.857055
-0.176507
0.102342
-0.43025
-0.69767
0.0891767
2.07009
-1.80982
-0.260266
-0.900151
-0.589421
-0.343344
0.161567
0.0643108
-1.02787
-0.210587
1.23846
0.239158
-0.287186
0.392382
-1.64782
-1.42707
0.642385
0.784689
-0.161332
-0.00455572
0.165888
0.945547
-0.578523
-0.367024
0.102667
-0.156936
0.0764261
0.0821542
0.751629
-1.83572
0.753267
0.11265
-0.332942
-0.539995
0.328891
-0.0877963
0.14553
0.305404
-1.02794
0.0287891
0.356061
-0.316183
-0.0564604
-0.165059
0.0781859
0.0868731
0.980483
0.786609
0.540611
0.0563613
0.680536
-0.148782
-0.531754
1.69068
-1.38304
-0.390388
-0.153639
0.140501
0.0254759
0.198728
-0.0823425
-0.271928
0.0031689
-0.124526
0.540493
-0.101716
-1.81261
-0.0209811
-0.140351
-0.0685583
0.00226563
1.08692
-1.25603
0.849969
-0.40756
-0.44241
0.00395096
0.107705
-0.0145723
0.0185928
0.388824
0.0374079
0.0624081
0.27139
-0.456611
-2.71813
1.17221
1.54592
-0.0923618
0.00699004
-0.0212928
0.102261
0.12137
-0.267408
-0.289167
0.653739
-1.48105
-0.0239858
-0.949503
2.0997
0.603499
-0.0651308
-0.538368
-0.590909
-0.484252
-0.0423086
0.0871576
-1.10272
0.488632
-0.722811
0.234179
0.262995
-0.345903
0.082908
-0.11516
1.13019
1.3407
-1.35395
1.38304
-2.1446
1.65307
0.491532
1.16444
-2.11394
2.40673
-1.15625
-1.04334
-1.05072
-0.0357372
0.0767843
-0.0501427
-0.409475
-1.55729
0.0938169
-0.0386829
-1.2982
1.21438
-1.97437
0.759987
-0.0530738
0.234808
-0.387545
0.109043
-0.120796
0.991483
1.35853
-2.18894
0.922887
-0.182466
-0.763932
-1.32954
-0.180033
-0.165869
2.00869
-2.06924
-0.126331
-1.09329
-0.0256829
1.28778
-0.767822
-1.76927
1.77666
-0.00738808
0.461742
2.14584
0.413835
-0.0400902
-0.373744
1.62643
-0.577796
0.229003
0.0452786
0.729221
-0.737193
0.0827212
0.127455
0.711686
0.79608
-1.50777
-0.528324
-0.414702
1.02484
-1.064
0.0391561
0.419771
-0.476855
-1.71007
0.718914
0.991159
1.10523
-0.0211361
-0.918744
-0.201471
1.0371
-1.6147
0.27991
-0.53911
-0.257576
0.423471
-0.620456
0.427199
-1.64217
-0.536294
2.17846
-0.399472
0.517408
-0.456351
0.482329
1.12861
-1.44629
0.0588662
1.35533
-1.9999
-0.26686
-0.326576
0.206054
-1.17394
0.109329
0.691716
0.504072
0.00972023
-0.587432
-1.80901
0.296731
0.0266778
0.113211
-0.139889
0.0674918
-0.308998
1.136
1.10467
1.24104
-0.972601
0.10225
-0.0513232
-0.35621
0.439029
-0.43934
0.537062
-0.641739
-0.936545
2.10098
-0.221874
0.344711
-0.603017
-0.741244
1.34426
-1.40215
0.715432
-0.0655906
0.250743
0.0484004
-1.45268
-0.0722641
-0.148229
0.636862
-1.43904
-1.27908
2.07009
0.545214
-1.34491
0.987173
-0.576386
-0.225232
0.565425
-0.30701
-0.232132
0.238889
-1.5195
0.239238
-0.786932
1.16612
-2.10267
-0.784295
-0.208258
0.571825
-0.191703
-1.57757
1.2008
-1.7416
1.33677
0.6408
-1.5513
0.910503
1.51246
-0.613952
1.83545
-0.875375
-1.10989
1.98527
0.584937
1.2564
-1.01724
-0.629102
-0.797972
-1.094
-1.0506
0.445672
-0.864476
1.45704
-0.592567
-0.123808
1.36384
-1.24003
-1.01246
-0.954344
1.9668
0.910402
0.114438
0.233923
0.366023
-0.269989
0.236506
0.0334834
0.00119955
-0.242477
0.479173
-1.37932
-0.685464
-0.374455
-0.248597
-0.137062
0.593608
-0.000957358
0.672571
-1.98246
0.63201
1.35045
-0.0168443
-1.63766
1.6545
0.0240432
-0.239453
0.0422861
0.570571
-1.80268
1.80268
-0.0913227
-0.0217755
0.113098
-0.61123
1.04322
-0.287053
0.10702
-0.747645
-0.225913
0.588783
-1.35395
-0.0352958
-1.25987
0.283464
1.25728
-1.27585
-1.21686
0.188984
-0.14657
0.560054
-0.413484
0.11631
0.51779
0.0917579
-0.0243738
-0.95587
-1.19905
0.190077
1.00897
-1.37731
-0.309125
-0.930705
-1.1976
0.0403327
-0.245257
0.158281
0.337366
-0.596744
-0.0531906
0.0370402
0.359082
-0.286396
-0.33406
-0.96133
1.44243
-0.481096
0.323409
0.193544
-0.22013
0.384159
-0.164029
-0.411136
0.155699
0.386267
-0.531901
0.145634
-1.15034
1.91378
-0.92623
-1.40843
-1.90607
0.369088
-1.72638
0.0489564
0.976166
1.14107
0.151365
-1.0573
1.26032
0.23809
0.335763
-0.478751
0.636718
0.61758
0.176004
2.06184
-0.895713
-1.05814
-0.618765
1.67691
1.13589
-0.0120835
-1.1238
-0.0265712
-0.0997731
-0.189918
0.172905
0.132214
1.3498
-1.48201
-1.19372
1.06431
0.129415
1.19372
-1.38543
0.209505
-0.262579
-1.11299
1.06346
0.0763449
-0.0591241
0.0927325
-1.66591
0.154221
1.53594
-0.895142
-0.298521
-0.066047
0.132938
-0.421017
0.878972
0.251239
-0.0846368
0.626668
-1.24428
0.172947
-0.233373
-0.564069
-0.0555432
0.613093
-2.07248
0.526865
-0.0699998
0.422488
-0.352488
-1.0416
-0.932771
0.0718918
0.699842
0.475784
-0.871929
0.0730653
-0.143506
-0.302121
0.105386
-2.15195
1.10862
0.0701594
-0.0196691
-0.274121
-0.00457792
-0.0477396
-0.0991187
-1.40036
0.653714
-1.60523
0.951516
0.0591034
0.241714
-0.300817
-0.0148112
-0.243232
-1.01988
1.30335
0.586381
0.355636
1.32164
-1.12221
0.181452
0.040854
1.71496
-1.99698
0.282021
0.27852
-0.16003
-0.813407
-0.0481597
0.360432
-0.443898
0.224192
-0.187399
-1.29278
0.236532
-0.0724912
-0.164041
-1.47683
0.186614
1.29021
0.279274
-0.221816
-0.0423344
0.293048
-0.250714
1.17356
-1.18528
-0.217748
0.303459
0.606022
0.245745
-0.118938
0.176191
-0.0469158
0.133815
0.197504
0.648939
-0.846442
-0.42015
-0.060214
-0.92818
-1.01311
1.94129
0.138597
-0.173824
0.322038
-0.994958
1.96987
-0.0591282
0.10952
0.0488387
0.0565378
0.145419
2.16493
-1.03748
-1.22034
0.766928
-0.52769
-0.906509
2.17571
-0.0477307
0.0851386
-0.259358
0.273347
-0.0322204
-0.148058
-0.27908
0.176373
-0.310033
0.634154
-0.296787
1.17012
0.0557451
-0.060323
0.289438
-0.0655801
0.0359072
0.399051
0.0666974
0.466445
-0.752841
0.204655
-0.23415
0.0294952
0.0793111
-0.0531619
0.171142
0.868809
-1.03995
-0.229411
0.103822
0.469876
-0.586081
2.14895
-1.22524
1.01626
0.902846
0.10429
0.530008
-1.15521
0.33998
-0.426209
-0.386848
1.49219
0.572133
-1.48639
1.48639
1.6994
-0.850784
1.08806
-0.0295629
1.53941
-1.50984
0.918596
1.02585
0.727414
-2.36958
0.168944
-1.14372
-1.34461
-0.194955
-1.43445
1.6294
-0.393737
-0.122469
0.0701066
1.17573
0.146904
-0.253227
-0.676952
1.49685
-0.819896
-0.172792
0.255513
-0.0182557
-0.180236
0.530686
2.6512
-1.07888
-1.57231
1.61581
-1.48303
1.11947
0.206436
0.0253917
-0.00305604
0.0323753
1.56254
0.546717
1.04562
0.347065
0.0205675
0.192299
-0.212867
-0.337376
0.208503
0.17713
-0.189057
0.0119271
0.157815
-0.21229
0.0544752
0.498382
-0.422485
0.325419
-0.472902
0.589252
-0.421885
0.0226457
0.0294721
-0.00698281
-0.0708627
0.320505
-0.249642
-0.31928
0.297822
0.0214578
2.06924
-1.66609
0.535789
-0.541629
0.00584002
-1.49186
-0.333179
0.259915
-0.990101
1.9087
0.252327
-0.321416
2.31411
-1.5867
0.240013
-0.306946
-0.153399
0.0536886
-1.31954
0.0943142
1.57751
1.28114
-1.07509
-0.102052
0.139893
-0.0878419
-1.49053
-0.286892
0.279124
0.236994
-0.359802
-0.356085
0.282467
-0.0795446
-1.3337
1.29971
-1.43769
1.47635
-1.17547
-0.472002
0.411401
0.670604
0.375062
-0.390082
-0.0554423
0.0746776
0.336852
-0.411529
-0.358374
1.41933
-0.921563
-1.06123
-2.16836
-0.0772668
0.073574
0.00369287
-0.00745372
1.44411
-1.43666
1.72361
-1.05323
0.314221
-0.372316
2.15537
-0.979643
0.982591
0.64797
-1.63056
0.221324
0.0299155
0.677023
-0.271616
0.177784
-0.798858
-0.0387075
-1.09337
0.637647
-0.393335
0.204493
-0.141151
0.121907
0.29822
-0.357166
-1.09744
1.53839
-0.841303
0.148688
0.0565897
0.301197
0.700291
0.292524
0.388012
1.72067
-1.53405
0.294215
-0.353313
1.45925
-1.87314
-0.099838
-0.838365
-0.139705
0.0381438
1.01718
0.15682
-0.0295272
-0.0344611
0.0215484
0.000977972
-0.189686
-0.168416
0.126082
-0.562425
1.65397
-1.22641
1.19685
-0.432566
0.965661
-0.490272
0.0952502
-0.0839346
-0.111347
0.25803
0.92472
0.657149
-1.58187
-0.859649
0.490229
-0.481401
-1.81068
-0.635558
-0.0145604
-0.0130494
0.11722
-0.10417
1.45157
0.158711
-0.181722
0.224893
-1.77151
1.75467
0.162778
-0.478961
1.16147
-0.179844
-0.102899
0.282743
1.68366
-0.933324
-0.888409
2.06441
-1.176
-0.758497
1.42747
-0.668969
-0.311639
0.138847
-0.253474
-0.0174224
-0.0868947
0.104317
0.568288
-0.825742
1.28929
-0.463547
-0.261105
0.0718486
-1.36151
-1.93833
0.932331
1.006
-1.60528
-0.333551
-0.414093
1.09159
-1.96697
0.269779
-1.00978
1.28328
-1.91884
0.324496
0.458295
1.67192
-0.958403
0.11702
0.104069
-0.221088
-0.0156422
-0.0646449
0.112378
-0.0154663
-1.29488
1.31034
-0.150212
-0.392703
-0.0902729
0.114747
-0.0244742
1.24002
-0.999177
0.548697
-1.34994
0.801243
0.217689
-0.0633184
1.76404
-0.787129
-0.0175749
-0.216137
0.70386
-0.785331
-0.0097104
0.0820798
-0.345518
0.166101
0.570985
-0.737086
1.78626
-1.89711
0.110851
-0.299551
0.200269
0.086684
0.300001
0.578971
1.74482
-0.153789
0.0635162
2.05487
-1.57388
-1.97639
0.866499
0.70591
-2.03096
1.32505
-1.10631
-0.430276
1.53658
0.914905
0.798617
-1.62194
1.99698
-0.375046
-1.46749
1.32935
0.203924
0.588498
-0.792422
-0.0812206
-0.818678
1.34812
-0.529442
-1.62194
1.09819
0.347621
-0.404082
-0.128688
-1.04526
0.218397
-0.765834
-0.0260637
-1.59355
0.801947
0.791601
-0.304339
0.219702
-1.80278
0.725931
1.07685
0.757695
-0.433199
-1.13692
-0.900632
2.05812
-1.35221
1.48368
-0.142245
0.156565
1.70912
-0.639413
-0.780091
1.42653
1.0323
-1.04776
1.87867
-1.38714
1.30378
-1.34244
0.0386579
-0.0787888
0.00450354
0.0742853
-0.778673
0.0364192
-1.01969
2.02112
0.358493
-0.109169
0.781963
-0.116938
-0.627426
1.57973
1.0722
0.440265
0.489208
-1.59552
-1.0329
-0.905426
-1.64069
-1.35215
-0.745407
-0.84814
1.95053
-1.28658
-0.663948
0.924918
0.0370403
-1.80855
1.66609
-0.369569
0.29354
0.323778
-0.2491
1.5032
0.713318
0.369988
0.128394
1.74165
0.0130218
-0.160799
2.44502
0.678501
0.236159
0.29512
0.945917
0.786351
0.343957
0.948745
0.751473
-1.70022
-0.231371
-1.5223
0.657827
0.2838
-0.174937
0.289684
-0.17801
0.390391
-0.416096
0.30116
0.0786938
0.115932
0.854056
0.681886
1.49562
-1.3057
-0.189927
-0.162821
0.16599
0.549838
-0.060324
0.0429015
0.00593223
0.328877
0.538347
-0.603478
-1.59672
0.701574
-0.393416
-0.200979
0.268824
0.0290057
0.317497
-1.48712
-0.0245413
-0.0822413
-0.0616613
-0.119988
-0.183086
0.000792887
0.182293
0.00890258
0.554608
0.00349969
-0.0379175
-0.314844
-1.39895
-1.04453
0.244748
0.799787
1.61283
-0.680252
-0.932583
-0.738399
1.40128
-0.662881
0.730902
-0.113322
-2.06586
1.17745
-0.130226
1.64829
1.74321
-0.700727
0.0354053
-0.186045
0.15064
0.856424
-0.615963
0.0413758
-1.22666
1.53636
1.61293
-0.340724
-1.63238
1.01362
-1.20879
0.08499
-0.0333413
0.0141664
-0.178319
0.164152
-0.43379
-0.189887
0.16473
0.0251569
2.16107
0.609722
0.2639
-0.00879611
-0.187627
0.196423
1.53925
-0.749026
-1.63633
1.67337
-0.215955
0.180381
0.193424
-1.01575
-1.05673
-0.685067
1.50764
-0.822574
-1.12494
-0.660126
1.78506
1.91112
-1.67242
-0.238705
0.811782
-0.00324433
-1.03236
-0.966761
-1.33287
-0.00956143
0.75689
-2.19968
1.44279
0.218959
-1.82424
-0.487898
1.5601
-0.35378
-0.0655222
0.419302
-1.19005
-0.956892
-1.53653
0.182046
-0.507604
-1.80388
-0.114477
-0.0368883
0.151365
-0.567709
0.416817
0.150892
0.336017
-0.0122389
0.745334
0.762307
0.0768691
-0.0751248
0.095774
-0.0110049
-1.0091
1.04776
-0.010066
0.226822
-1.0091
1.79531
-0.808463
-0.00606868
0.465986
-0.137446
-0.907011
1.93709
-1.03008
0.124675
-0.0131426
0.960282
0.578112
-0.300222
1.3639
-0.0046674
0.650069
0.426736
-0.498757
0.0720212
2.20818
-1.45129
0.745389
-1.26092
0.0618717
-1.95392
0.691987
-1.51188
-0.0668627
0.421474
-0.354611
1.50819
-0.717946
-0.790239
-0.701968
-1.249
1.95096
-0.127417
1.50652
-1.53275
0.0262249
0.397885
-1.52297
-1.00478
2.1749
-0.174354
-0.380338
0.554692
0.322258
0.837607
0.670579
0.379784
-0.349261
1.71496
0.714714
2.79911
-1.66472
-1.19881
-2.19483
-2.04865
1.15294
-0.396903
-1.45035
1.74708
-0.413904
-0.992828
0.149673
-0.524204
2.79548
-1.0097
-1.5896
-1.80737
0.0922151
-1.53321
0.787807
1.15089
0.913522
0.931984
0.209965
0.533501
-0.743466
1.114
0.897764
-2.01177
-0.0280273
0.928818
-0.721028
1.41851
-0.697482
0.359142
1.25666
0.395007
-0.00313256
0.350015
-0.862392
-0.458727
-0.479734
-1.77352
1.61272
0.844912
1.01541
1.7837
0.332872
0.14491
1.51727
0.796837
-0.038464
1.59385
-0.756248
1.58263
-0.870944
0.149915
0.0698614
-1.56039
-0.0654933
2.30649
-2.24099
0.0115955
1.48403
1.54134
-0.849357
-2.57806
0.963269
1.61479
-1.91177
1.2098
0.617007
0.80952
0.0322057
0.161183
-1.35853
0.844262
0.583204
-1.53527
0.0975805
-1.56264
0.261936
1.77352
1.55094
-0.869055
0.10537
-0.0116416
-0.0937279
0.890963
0.702892
0.767623
1.2905
0.316916
0.788318
-1.31424
2.08186
-1.49884
0.0318858
1.68639
-1.67337
1.52269
-0.777354
-1.88249
0.798865
0.795917
1.99956
-0.37941
0.84555
-0.466141
-0.270445
0.299234
0.0579341
0.19744
0.0425983
-1.31845
0.889676
-1.29963
0.448842
0.682404
1.49606
0.868888
-0.568887
-0.0365808
-0.204273
-0.463737
-1.34795
0.0497464
-0.952758
-0.95618
1.90894
-2.11203
0.759818
2.41122
-0.888248
-1.52297
1.02459
-0.12256
0.31055
-0.18799
-0.141092
-1.97077
0.721774
-1.89379
0.986781
0.645723
-1.93966
1.29394
1.0323
1.64052
-1.15131
0.201598
0.042989
0.0110569
0.184297
-0.404426
1.06676
-2.15447
1.0877
-0.98414
-0.648245
-0.589208
0.402598
-0.525067
-0.669242
-1.56194
-0.0527148
-0.000475823
-0.358002
0.410649
-1.85478
1.53275
0.322032
1.50775
0.903469
1.38522
0.82296
0.758384
-1.07844
1.13702
1.51484
-2.30459
0.853301
1.50652
0.357167
-0.0196588
-1.63633
1.59526
-0.893688
1.20174
-2.86646
0.140159
0.128102
-1.64761
-0.0296133
-0.706476
0.191457
1.72666
-0.975184
-0.0321851
-1.06281
-0.0945587
1.15737
1.07844
-0.0461479
-0.0274607
0.226785
-0.299276
-0.258581
0.210725
0.349523
-0.338274
-0.271916
-0.0291736
-1.86386
0.911098
1.67006
-0.692802
-1.59062
-0.00438682
2.49941
-1.53614
0.277421
1.97988
-0.888289
1.63825
-0.836301
-0.827335
1.47288
-2.14504
0.830796
-0.79646
0.053909
-1.22484
-0.725646
2.61162
-1.40988
0.959116
-1.60736
0.434763
2.57962
-0.539022
1.04731
-0.508285
1.42879
1.70298
-0.973422
-0.729561
-0.74189
-0.184203
0.926093
-1.04674
-1.85478
1.41227
-1.23462
-0.177653
-0.246251
1.1087
-0.862449
-1.46252
0.918655
0.0252871
-0.0137115
0.327143
2.454
1.98647
-0.813473
0.444939
-1.18125
1.19284
0.0619027
-1.3676
-1.54082
0.00809754
1.53272
0.65917
-0.826727
1.12743
-1.54347
2.13734
-0.854059
-1.33832
1.33832
0.610372
0.904469
-0.127976
0.43949
-0.746137
1.6371
-1.44737
1.44737
-2.47494
-2.01944
1.11881
0.456627
0.160774
-1.5452
-0.768652
0.398894
-0.0835148
-1.57888
0.0336784
0.447452
-0.951564
1.91903
-0.573749
1.60787
-1.03412
-1.54653
-1.49099
1.29603
-0.0948543
0.412875
-0.587229
1.33363
0.71877
0.672997
1.0264
2.18313
-1.36017
0.804741
0.447038
-0.708024
1.66714
-0.815201
0.153228
-0.913245
1.41227
-1.45921
2.58647
-1.66358
0.932675
-2.10868
-0.786854
1.77801
-0.0225182
1.23462
-1.22652
-0.128078
0.580942
0.12123
-0.702171
-1.48561
1.48561
1.8558
-1.09891
-0.756881
-1.47785
1.32312
0.236978
-1.62837
1.62837
1.0772
0.778596
-0.0118876
2.01227
0.450199
0.109855
-1.39222
0.0626818
1.79685
-0.422721
2.06819
-1.75964
2.39303
-1.08786
0.887712
-1.18914
-1.22652
-1.59318
1.59318
-1.46672
2.37019
2.27726
-1.42395
-1.88506
0.894918
2.11847
-1.18579
-0.979828
0.733577
-1.8813
1.0507
0.830605
0.368292
-1.98005
1.06677
1.71946
0.860157
-1.18125
-1.45102
1.45102
0.021289
0.128474
1.11934
-1.13702
0.0176731
1.51651
-1.61272
0.0962129
-1.8856
0.992692
0.892909
0.422382
1.36268
0.175115
-1.11934
-1.51651
-1.22112
1.89412
-1.29225
2.12305
1.69482
-0.681204
1.19284
-0.804101
0.939015
1.00543
-0.834903
-0.929324
-1.18462
0.241789
0.701585
-1.68149
1.2946
-1.23837
-0.584734
0.752714
1.19825
1.06603
1.3407
0.474616
-0.041971
0.135563
-1.3039
-0.956725
2.26062
1.04204
0.634865
-1.1888
-1.26378
2.45257
-2.14151
-0.763765
0.355784
-1.83615
0.737234
-0.650119
0.976434
-1.55737
1.82673
1.03617
-1.87108
-0.521317
0.0384736
-0.694757
1.7368
-0.930097
0.890877
-1.20264
1.84563
-0.642986
1.60204
-0.843657
2.21253
-0.971407
-0.838545
1.87472
-0.81521
0.0805305
0.731888
0.696901
-1.08294
-0.0220849
-1.52737
-1.19763
-0.797761
0.42342
0.13972
-0.104315
-1.93045
0.897546
1.02754
-0.61783
0.951017
-2.13681
-0.947066
-0.0408806
0.54777
-0.960598
-0.955454
-1.23007
1.98278
1.04898
0.89211
0.929075
0.917089
1.31099
-0.482348
-1.12995
-1.24447
-1.00628
2.25075
-0.83761
1.76233
1.14068
-1.06879
0.733556
-0.26368
0.92129
-2.15654
1.23525
0.184743
-0.948675
-0.534395
-1.19049
-0.971031
-1.11108
0.255516
0.333736
-1.10225
-0.828195
0.7822
1.87785
-0.95521
-0.922641
-0.682342
1.89214
-0.988621
0.414959
0.838868
-1.94112
2.36249
-1.08328
-1.27921
1.94087
-0.742621
-0.389033
0.825088
-1.8082
0.983108
-2.45905
0.992332
-1.82047
-1.04599
-0.804711
2.271
-1.20424
0.334865
0.02086
0.00861212
-1.21552
0.946235
-0.561996
-1.25848
-1.19844
-0.810147
1.95901
-1.14887
0.972736
-2.18825
-1.48262
1.01628
-1.85483
-1.85009
1.00007
0.981553
-2.17204
0.985935
-1.24622
-0.165765
1.41198
1.24001
-2.21142
-0.791816
0.318329
1.0544
-1.81128
1.0059
-2.48852
0.751352
1.48965
-1.44823
0.0709164
1.16329
1.14822
0.792654
-2.01849
1.18389
0.834604
-0.0637724
0.343164
0.765536
1.14952
0.877965
-1.89397
1.01601
-1.23629
1.7455
0.170213
-0.890142
1.90642
-0.401632
0.726206
-0.84557
-1.25911
2.10468
1.27382
0.875127
-0.0837869
-0.165205
-1.21327
1.92622
-0.778001
0.804236
0.958532
-1.76277
1.54831
-2.49089
2.55422
-1.61437
-1.1058
1.94466
-1.11607
-0.825047
1.19931
-2.20559
-0.282354
-0.954579
-0.853617
1.0623
-1.80246
0.740164
-1.59255
1.12672
-1.76971
-0.987709
0.0456358
0.283241
0.154796
0.863937
0.795693
-1.75027
-1.2926
0.44742
-0.629626
1.55093
1.10027
-0.902325
-1.01198
0.99123
1.2023
-2.61218
0.634365
0.967676
0.009239
-1.15466
-0.764177
0.136235
-0.00439844
1.17057
0.812215
-0.806575
1.52534
-0.140927
1.1648
-1.7268
0.871719
-1.82693
-0.747991
-0.785224
0.035695
-0.704007
0.853217
0.677653
1.0732
-1.75085
-0.748978
-0.873426
-0.198846
0.237898
0.949815
-1.91041
0.0143014
0.538459
0.998125
-0.164762
0.0913608
0.0734017
-0.0208645
0.729265
1.00754
1.96322
2.24155
-1.32446
-0.353899
1.86843
-1.16742
0.509052
1.1526
1.39797
0.105254
1.80437
2.3903
-0.913959
-1.2743
0.0457707
-0.086542
0.0407714
-1.35713
-0.110355
-0.145688
0.490112
-0.604904
1.46612
-0.116323
-0.0327185
-0.260588
0.293307
0.0918747
-0.0252227
0.0753001
0.0816427
0.814355
0.832969
-0.0312666
1.29158
1.55844
-0.748515
0.220283
-0.221694
0.0024585
-0.024234
-0.627677
1.61361
0.85896
0.129083
-0.509421
1.99611
1.23125
2.20656
-1.31569
-0.847017
-0.70839
1.87168
0.498182
1.31061
-2.11702
-0.971978
1.21775
-1.68727
0.469525
0.020831
-0.339059
0.0883451
0.780534
1.63901
-1.38355
-0.255468
-0.142507
-1.35633
-0.126795
-1.09006
0.680901
1.23813
0.0458167
-1.84768
-0.111571
-0.0427019
-0.0771646
0.119866
0.641601
-0.197786
1.10462
-0.906829
1.57922
-0.195638
-1.38359
1.09598
-0.0411512
1.37951
0.925863
1.28511
-0.888361
-1.46541
-0.496726
-0.505723
1.00245
0.111546
1.17369
-0.636101
0.326936
0.309165
2.53315
-1.48417
-1.37816
-1.02325
-0.876478
-0.485974
1.36245
0.0746869
-0.998642
-0.124284
0.428323
-1.64937
1.31941
-0.885277
-0.885018
1.22818
-0.108662
0.0806797
-0.238254
-1.34568
1.14789
-0.739344
0.711317
0.0617898
2.41597
-1.06929
-1.34668
0.727934
-1.09674
1.46583
0.197953
-1.1573
0.959343
1.04523
1.11014
0.0287363
1.57301
-1.0796
-1.07486
-0.103918
0.0189881
-1.74762
0.254927
-0.0413596
-0.740083
0.0319767
1.49151
0.924459
-0.721014
1.28383
-0.562812
1.05638
-0.693811
0.198879
-1.54349
1.1087
-1.39471
0.28601
1.12377
-1.66694
-0.873945
1.99705
-0.867173
1.8801
0.53193
-0.338506
-0.0924255
0.0924255
0.15573
-1.15491
-1.11599
0.56339
-0.275452
-1.2082
-1.19559
0.398549
1.72089
0.142107
0.17993
-1.12356
1.86079
1.11964
-1.89764
-2.23987
0.965576
0.0189842
-0.167043
0.547349
1.18772
0.174523
-0.881392
0.527469
-1.31629
2.26253
-0.130955
0.0569194
1.07401
-0.101081
-0.515774
-1.2869
-0.768589
1.88823
-0.0418507
-1.49395
0.687379
0.0286713
0.938067
-0.230257
0.142234
0.0880228
0.997008
-0.113457
-0.260644
-0.0848743
-0.0802933
0.0802933
-0.788383
0.231324
-1.66278
0.877559
0.034521
-0.0357373
-1.31401
-0.031242
-0.218819
-0.100791
-0.054009
-0.247099
1.56189
-0.632817
-0.123179
-0.414686
0.985258
-1.1106
-0.340365
0.0161284
0.324237
-0.0808525
-0.0961702
-0.0814025
-0.367566
-0.0564481
1.53482
-0.794615
-0.283252
0.748119
1.35115
1.04188
0.150211
-0.182929
-0.19556
0.934215
-0.41763
2.03208
-1.30269
-1.57616
2.87885
-0.99509
0.51535
-0.0699518
-0.0655682
-0.0806782
-2.55346
-0.0978392
1.07778
-0.0749066
-1.00288
-1.59036
0.107324
0.694358
-0.15892
0.0782301
0.420652
-0.954447
-0.665437
-1.83295
0.0753706
-0.0563864
-0.0958361
-1.41846
0.46401
-1.37748
1.37009
0.0260573
1.12714
1.26104
-2.38819
-0.0166038
-0.147152
0.624538
-0.222039
-0.075861
-0.843007
0.463598
-1.22125
0.175999
0.630436
0.276628
0.350358
1.0477
1.21933
-2.26702
-0.0871028
-0.525187
1.22503
0.940195
-0.982718
-0.927695
-0.0740962
-0.480579
-0.0577892
0.840646
0.0620471
-0.206873
-0.347997
-0.79237
-0.164735
-0.0629513
0.0979787
0.129906
-0.0224405
1.0922
-0.0703955
-0.794679
0.9849
-0.260052
1.36158
0.592669
0.7386
-0.825041
0.083738
0.9704
-1.63899
-1.13092
2.26111
-0.0755965
-0.147871
-0.167022
1.1802
-2.31112
1.39168
-0.881356
0.713809
-0.0898605
0.308854
-0.726039
-0.573587
-0.123471
0.045979
-0.898549
1.37316
0.47188
-1.34836
-1.49255
0.929735
1.69916
-0.812938
-0.886227
0.633431
0.0391402
0.207099
0.458812
-0.665911
-1.00705
0.510322
-0.344653
1.73042
-0.0868796
1.37017
-2.42303
1.05286
0.852646
-0.681504
0.00640908
-0.121232
1.40085
-0.149405
-0.485985
1.38957
-0.903584
0.941949
-1.34896
0.407009
-1.07193
-0.834317
1.866
-0.873306
1.18147
-2.46068
1.22031
-0.516447
-1.30535
1.8708
0.194763
0.242303
1.40511
0.406409
0.905453
-1.31186
-0.411027
0.15441
0.157762
-0.975404
-0.872328
-0.737381
1.60971
0.493135
-0.88718
-0.137513
0.00174996
0.135763
-0.436015
1.99601
-1.56643
-1.9389
1.30977
1.2831
0.0272384
0.603239
-1.63736
-0.17134
-0.0589175
-0.0523622
-1.50501
0.429772
-0.579984
-0.5237
-1.28069
-1.75893
0.604271
-1.24044
-0.24683
-0.380923
0.877058
1.06739
0.111213
0.966571
-1.48769
2.61483
1.0625
-1.15226
-0.0223202
0.384185
-0.628427
-0.633521
1.26195
-0.0145324
-0.0669381
2.09521
-0.449286
-0.0186889
0.00571503
0.990024
-1.19646
-0.0272807
-1.36254
-1.2574
0.301528
0.343684
-1.2287
-1.05514
1.88575
2.44252
0.125578
-2.41756
1.33868
0.790907
1.00845
-0.564844
0.211064
-2.44981
0.900579
0.375232
0.965051
0.233238
-0.958756
1.88849
0.0665879
-0.0786803
0.0120924
1.23412
-1.03616
-1.13117
0.0284465
0.415069
0.315832
1.55924
0.550975
-0.770826
0.0504828
0.938302
-1.21422
-0.916706
0.611926
-1.21941
0.815654
1.06318
-1.45977
1.55735
-1.00088
-0.968937
1.75335
0.445586
-0.936553
-1.92508
0.953106
-0.0704256
-0.614639
0.299796
0.0570405
0.826276
-0.124163
0.00968654
-0.0808169
1.15581
-2.36005
0.973691
-0.433198
0.56083
-1.71214
-0.929587
1.40876
-0.0320376
-1.19462
-1.2907
0.215616
0.0547254
1.36139
0.122287
-1.38466
1.4998
-0.115144
0.524604
1.25316
-1.77777
-1.11375
1.13645
-1.06396
-0.36242
1.42638
0.743515
-0.922674
1.16179
1.34894
-0.884929
-1.63779
0.0234199
0.797972
-1.97614
-1.30487
1.07653
-1.65623
0.579699
0.988554
-0.950388
-0.111946
1.06233
-0.33503
0.308641
-0.0197733
-0.288867
-0.564063
0.170647
0.0114604
1.71557
-0.997992
1.87884
0.526839
-0.201309
-0.32553
0.159215
0.038499
-0.169919
-0.414871
-0.553428
1.19107
0.26936
-1.13181
-0.968178
1.0433
-0.416632
-0.626666
-0.0389118
-0.0509645
-1.9355
-0.574472
0.81922
-1.14043
-0.20951
-1.04608
-1.26008
1.19141
-0.606475
-1.45391
-0.691663
-0.0231535
0.252723
-0.928214
-1.10619
0.527669
1.76827
-1.16503
-0.76004
0.25953
0.609358
0.732533
1.04548
1.71502
0.784805
-1.01802
-0.896521
0.643048
-0.810495
1.36769
2.32289
-1.27519
0.914054
0.164905
0.326882
-0.344032
0.0171498
-0.108476
-0.00127711
1.05064
-1.34248
-0.826138
1.08917
-0.663989
0.854066
0.344824
-0.0170615
-0.680219
-1.04559
0.165239
0.880356
1.49116
-1.66394
0.172776
-2.1502
0.857416
0.184574
-0.457461
1.18618
-0.645569
0.0364397
0.00238428
1.32864
-1.23532
-0.0933257
-1.18966
0.0995996
-0.333962
-1.14072
0.0160815
-0.413112
0.39703
0.192256
-0.227552
0.211766
0.14554
-0.200323
0.613198
-1.46806
-0.421435
1.00782
0.473098
0.208446
-0.0200552
-0.590166
1.1864
1.07471
0.953484
-1.38555
-0.0276791
0.0575201
-0.0575201
0.604016
-0.40038
-1.06552
0.773399
-1.40692
-0.0257344
-0.305376
1.04111
-0.0228966
-0.265939
-1.08302
1.55729
-2.22032
-0.209357
0.994739
0.0890783
0.538811
1.05602
-0.435894
0.379953
0.0559405
0.918266
-0.0131993
-0.905067
-1.05155
0.365035
-1.62785
1.26281
-0.165111
-1.05354
1.10567
-0.0521321
0.499642
-1.56361
-0.900806
0.00196648
-1.13162
0.00373126
-1.22772
1.22027
-1.36952
1.31582
0.0537091
0.210193
0.321737
0.458977
-1.65661
1.20966
-2.34724
1.13758
0.0214213
0.00057464
-0.271262
-1.10861
0.532226
-1.53974
0.139381
0.917515
1.10844
-2.02596
-0.3678
0.884864
0.109447
-0.0313887
-0.0780587
0.0999134
-0.0999134
1.33378
0.252902
1.36535
1.33012
0.386243
-0.89886
0.0553449
0.176058
0.518133
-1.27675
2.21481
-0.122694
1.61385
-1.58246
-0.40263
-0.168823
0.255696
-0.639196
-0.714098
0.24026
0.473838
-1.2247
1.26131
-0.0366089
0.6242
-1.35024
1.03392
-2.09598
1.06205
1.57763
-0.11413
0.178441
-1.36257
-0.0262557
-0.26093
-1.09555
1.15742
-1.21946
0.156651
0.934606
0.164572
-0.952476
-0.249593
-0.229159
-0.0579578
0.318326
-0.080428
0.832998
0.744637
-0.162583
0.166543
-1.51944
-1.49964
1.48681
-1.47791
-0.910126
1.70874
1.16417
0.83852
-0.0955865
1.37495
0.372134
0.969604
0.172689
-0.0695814
-0.323753
-1.19231
-0.103943
-1.2586
-0.950042
-0.0128585
0.0128585
0.720085
-0.208851
0.91577
-1.7881
0.00550917
-1.99151
0.000139478
-0.000139478
-1.24014
1.48574
-1.07873
-0.00838744
0.00838744
0.397794
1.26207
-0.0200871
0.399428
-0.018174
0.018174
0.754661
-0.0213136
0.0213136
0.0357652
1.26705
-1.30281
-0.226229
-0.0285564
0.0285564
0.224415
-0.0704626
-0.00207172
0.0725343
0.029666
-1.20514
0.735935
-1.57959
-0.440357
0.0298786
-0.0298786
-1.68527
-0.557893
-0.47111
-0.344923
0.974898
-0.629975
-1.2285
0.100162
-0.100162
-0.0422378
-0.0664244
-0.0289135
0.0289135
-0.452041
-0.58791
-0.123167
0.123167
-2.19687
-0.9551
-0.0303374
0.0303374
0.284414
0.865416
-0.113101
0.113101
-0.0284774
0.0284774
-0.515
-0.110255
0.110255
-0.0285556
0.0285556
-0.603134
0.807058
-0.11421
0.11421
-0.535116
0.120853
1.44168
-0.761301
-0.0808977
0.0808977
-0.0390871
0.0390871
-1.33803
-0.143977
-0.634593
-0.772326
-0.113103
0.113103
0.649492
0.0803106
-1.41845
1.91679
-1.48846
0.317921
-0.313059
-0.00486249
-0.161771
-1.38172
0.0473361
-1.0101
1.274
0.533431
0.204655
-1.96498
0.985335
0.0473547
-0.253332
0.205977
0.0332721
-0.0332721
0.00902369
0.0426374
-1.23726
-0.189013
-0.31859
0.120293
-0.101947
0.101947
-0.0899685
0.0899685
-0.0754186
0.0754186
-0.0605069
0.0605069
-0.0561632
0.0561632
1.17329
0.156838
-0.0455052
0.0455052
0.0114432
-0.0114432
0.0442052
-0.0370589
0.0370589
0.226068
-0.0556373
-1.25507
1.18756
-2.04162
0.700717
0.928685
1.49338e-06
-1.49325e-06
-0.0412342
0.0412342
0.00754707
-0.00754707
0.437589
-0.424851
0.104098
0.00911349
0.0123193
-0.0123193
-1.29785
0.0272029
-0.0272029
0.629708
1.33376
-0.529248
-0.320339
0.833603
0.0171556
-0.0171556
-0.0329403
0.0329403
0.0231777
-0.0231777
-1.45316
0.715775
0.341363
-0.274422
-0.0669414
-1.75128e-05
-1.27077
0.16017
-0.034764
0.034764
-0.246306
1.29785
0.153169
-1.15845
0.0145656
-0.0145656
-1.29157
-0.0363061
0.0363061
2.06862
-1.81059
-0.00856482
0.00856482
-0.0358625
0.0358625
0.0857497
-0.0857497
0.942994
-1.86922
-0.0145605
0.0145605
-0.0364371
0.0364371
-0.504941
0.918859
-0.413919
0.985514
-1.79398
-0.62129
-0.399694
1.02098
-1.31541
-0.0521949
0.640948
0.972665
0.0156174
-0.0156174
0.0219102
-0.0219102
-0.0295414
0.0295414
0.863409
-1.65054
0.863289
-2.14004
-1.42184
1.42184
0.733016
-1.32271
-0.498273
0.201485
1.48763
0.0156349
-0.0156349
-0.0382672
0.0382672
-0.962278
-0.502138
0.0121352
-0.0121352
-0.0422182
0.0422182
0.54771
-0.590019
-0.246326
0.390002
-0.0440957
0.0440957
0.0101252
-0.0101252
-1.5465
0.75413
-1.87444
0.777699
0.0078495
-0.0078495
-0.18683
0.0572438
-0.0500001
0.0500001
0.0125467
-0.0125467
-0.0390893
0.0390893
0.011701
-0.011701
-1.19607
1.00141
-1.28867
-0.0297775
0.900932
-1.64101
-0.037356
0.037356
0.0231221
-0.0231221
-0.0602386
0.0602386
0.0677154
-0.283853
0.522607
0.0146123
-0.0146123
0.317621
-0.263512
-0.0395483
0.0395483
-0.0658742
0.334576
1.69751
0.097166
-0.935531
0.0263232
-0.0263232
-0.040684
0.040684
-1.3236
1.27123
-0.706398
-0.688421
1.39482
-1.40257
-1.1599
0.70852
0.0645741
-0.343701
0.279127
0.0355309
-0.0355309
0.00546522
-0.00546522
-0.0370935
0.0370935
0.563823
0.336232
0.0852414
0.136661
-0.610632
0.47397
-0.472206
0.538904
0.0927233
0.109031
-0.201754
0.0667223
-0.0667223
-1.41474
1.41474
-0.0367716
0.0367716
0.493626
-0.398867
-0.410829
0.070555
-1.11471
-0.048628
0.048628
0.0647944
-0.0647944
-0.144665
0.00026202
-0.934793
1.62843
-0.0185416
-1.20996
0.820293
0.0522166
-0.0522166
-0.112824
0.0413634
-0.0413634
1.53666
0.624418
-0.584204
-0.233316
-0.553247
0.407559
0.3676
-0.425389
-0.0792964
-0.251306
-0.065016
0.316322
-1.88828
1.1241
0.048783
-0.048783
0.313316
0.799118
-0.0443434
0.0443434
-0.732679
0.813209
-1.0039
-0.0827334
0.0288288
-1.2249
0.0418782
-0.0418782
-0.0450014
0.0450014
-0.045057
0.045057
-0.0514661
0.0514661
-0.0470677
0.0470677
-0.0488176
0.0488176
-0.0468131
0.0468131
0.238505
-0.199923
0.0465234
-0.047492
0.047492
0.863504
0.0557707
-0.0557707
-0.527365
0.533205
0.242933
0.0304273
-0.0304273
0.990218
-1.82783
0.582452
0.00261073
-0.0212996
-0.0906644
-0.343666
0.43433
0.0190439
-0.0190439
0.608122
0.0094332
-0.0094332
-0.0965811
0.00368367
-0.00368367
1.36121
0.895157
-0.195134
-0.00203136
0.00203136
0.151452
0.581614
0.519049
-0.371099
-0.14795
0.0124866
-0.0124866
-0.101774
-1.05313
0.103879
-0.234583
0.21593
-0.242186
-0.92767
-0.0843069
0.825863
-0.292362
0.481892
0.0806375
-1.15414
-1.05123
-0.158793
0.325359
0.0299574
0.00542586
0.865634
0.312936
0.0159545
-0.153632
1.1451
1.15691
0.0667882
-1.22369
0.866862
-0.333431
0.221587
0.916882
-0.833959
-0.0829231
0.426715
-0.0304697
0.018582
-1.34348
0.938169
0.405314
-1.45944
0.851978
-1.00555
-1.6582
-0.0567518
1.71495
1.37252
-1.64199
-0.937486
-0.908057
-0.97201
-1.37227
0.0297933
0.0638931
-0.0638931
0.125897
-0.287537
0.620409
0.33801
-0.149299
0.369583
-0.0103834
0.0103834
-0.143877
-0.806927
-0.106318
-1.00931
0.659374
0.0952862
0.291023
-0.331113
0.714554
-1.46307
-0.259288
-0.0272601
0.695121
-0.54977
-0.501455
-0.802189
-0.234633
-0.453576
-0.0821168
1.88726
1.29988
-0.0328359
0.0271415
-0.455924
-1.43998
0.586984
-0.130358
-1.06906
1.73202
1.35246
-0.119091
-0.11213
-1.61501
-1.28559
0.220063
0.276093
-0.0121805
2.61668
-1.5748
0.0112477
-0.0283093
1.29897
0.3473
-0.490807
0.178902
-1.08503
-1.18295
0.700606
-0.464807
-0.842801
-0.512191
-0.654443
-0.0522391
0.0522391
0.0119763
-0.0119763
-1.0104
0.35149
-0.595231
0.243741
-0.554127
1.26999
-0.686308
-0.791782
0.391116
-0.456638
-0.947925
0.218224
-0.259104
0.5745
-1.87123
1.66043
0.2108
-1.13024
1.01829
0.991068
-0.422526
-0.568542
-1.10179
-0.204192
0.0247799
0.984038
-0.982544
1.71848
1.15716
-0.386661
1.13018
-0.286204
0.203861
1.12892
-0.428633
-1.06496
1.06496
-1.28485
0.218806
-0.117348
-0.101459
0.661628
-0.195183
-0.450082
0.296292
-1.49293
1.51915
-0.402767
-0.0761943
0.85531
-0.946007
0.0906963
-1.69494
-0.398068
0.0137531
0.0986247
0.947925
0.720155
-1.30167
0.581511
0.277022
-1.25431e-07
0.291771
1.0915
-1.38327
0.784689
0.115471
-0.568936
0.11536
0.294611
-0.155764
0.179945
0.000435674
-0.420966
0.111841
-1.25928
0.488541
1.99767
-1.37314
0.243869
0.145647
-0.402941
0.257294
0.240836
-0.631396
0.390561
0.25831
0.0624522
-0.0624522
-0.190308
0.617507
0.657636
1.13429
-1.13429
0.270667
0.0413635
0.184972
-0.500581
1.0473
-0.124484
0.535885
0.321433
-0.121164
2.31548
-0.974779
-1.05356
0.165194
-0.0808739
-0.282867
0.363741
0.252644
-0.45356
-0.495167
0.00436342
-1.1674
0.00895685
1.16807
-0.634324
1.12145
-0.487129
0.310139
-0.0904371
0.956837
-0.118201
0.0520157
0.803333
-1.8782
0.998206
0.887941
0.110265
0.979207
-0.983477
-0.288216
-0.032843
-0.226445
0.993837
-0.880124
-0.113713
-0.457266
0.0531846
-0.147476
-1.78919
0.514601
-0.192369
0.387569
-0.0789286
-1.28584
2.18642
0.00411836
-0.086283
0.0922628
0.809372
-0.822571
-0.0315125
0.0315125
-1.49682
0.377154
-0.0836131
2.006
-0.438225
0.653195
-0.102001
0.0379032
0.0389659
0.452322
0.00831071
0.11297
-0.0640138
0.246369
-0.00830841
-0.410455
0.418763
0.0261857
-0.0261857
0.0796218
-0.0796218
-0.786047
1.77156
0.778168
-2.04194
-0.018675
0.018675
0.983477
-0.4879
0.350454
-0.113052
-0.759166
0.872218
-0.39504
-0.118992
-0.344455
-0.638037
0.271762
0.263698
0.413404
0.674964
-0.406103
0.829522
-0.00965599
0.00965599
-1.47357
1.8457
-0.10379
0.10379
-0.0567852
-0.141063
0.4349
-0.293837
-1.06104
-0.146209
-0.480963
-1.08024
0.077367
0.617884
-0.451783
0.422878
0.430197
-0.0994721
0.00166374
-0.36923
-0.294244
0.442472
-0.148229
0.701542
-1.31872
0.151301
1.6621
-0.727882
-0.258098
-0.180466
0.438564
-0.172411
0.602183
0.00641312
0.0661278
-0.072541
-1.27608
-0.238831
0.201943
0.598265
0.10611
-0.0223717
-0.844224
0.0587337
0.0543646
0.395286
-0.596266
0.151053
-0.0284672
-0.158363
-2.15313
-0.911835
1.35929
0.254561
0.0103982
-0.0103982
-0.118209
-0.906985
-0.0285454
-0.0519765
0.635262
-1.33274
-0.0421369
0.182883
-0.140746
-0.0586486
0.0586486
2.00594
-0.445981
-1.55996
0.173663
0.104856
-0.786835
0.384205
0.174013
-0.0854478
0.253699
-0.0990726
0.295782
-1.35682
-0.802747
-0.0580658
-0.968941
-0.124673
1.89824
0.127314
-0.0671039
-0.0602103
0.0700735
0.332568
0.376972
0.993345
-1.77939
0.273438
-0.20159
-0.252514
-1.26008
0.68638
0.504695
0.0930667
-0.0930667
0.805015
0.257319
-0.453108
-0.0529325
0.141138
-0.0578594
1.23115
-0.187422
-0.526676
-0.260154
1.38306
-0.89006
1.69339
2.32713
-0.052341
0.168797
0.287384
1.84346
-1.10486
-1.25373
1.39563
-1.58019
-1.49333
-0.25008
-0.341835
0.0705226
0.271313
1.44249
-0.101074
0.053566
-0.958633
-0.0242501
-0.126886
0.480667
-0.123501
-1.53198
0.150259
0.8556
-0.126236
-0.822439
0.153216
2.12748
-1.08224
0.616569
-0.91509
0.312767
0.0714185
1.85527
0.0240891
-0.358114
-0.437783
0.296692
0.550408
-0.494266
0.122777
0.411791
0.872852
-0.146816
-0.225424
0.37224
1.12317
0.707571
1.59892
0.469958
-0.0771651
-0.112824
-0.104514
-0.229187
0.333702
0.307155
-1.31783
-1.02941
0.00968654
-0.11426
0.451112
1.08854
-0.560869
-1.02198
0.00755114
-0.0410507
0.173405
-0.478136
1.22269
-0.0911861
0.112475
0.271928
0.485396
-0.696386
0.638051
-0.397791
-0.318534
-0.0942012
0.412735
-0.938438
-1.08752
0.075564
0.0348887
-0.104903
0.048118
0.90301
-1.61702
0.714013
0.53346
0.0418771
-0.575338
0.666388
-0.6127
-0.968282
1.25208
-0.166566
-0.0165204
-0.0333139
-0.348271
-0.115466
0.375906
0.338015
-0.401314
-0.237592
-0.0731739
0.310766
1.2645
0.149544
-0.149544
0.610744
-0.0939399
-1.48852
-0.102395
-0.241637
0.706046
-0.421633
-0.142541
-0.382526
-0.0127979
0.0127979
-0.210443
-0.137542
0.347984
-0.42393
0.308396
-0.00978657
-0.134554
-0.269873
0.472208
-0.875387
-0.596101
1.41168
-1.69403
0.0671309
-1.03376
-1.18595
2.05292
-1.48953
-0.165027
-0.313108
-0.259994
-0.270151
-0.645557
1.32052
-0.230494
-0.356735
-0.243776
-0.232078
0.475854
-0.249711
0.434286
-1.14064
0.948475
-1.97046
-0.268639
0.350282
0.000977972
-0.59178
0.155164
0.635742
-0.717143
-0.10585
-0.142488
-0.194823
0.337311
-0.304963
0.680975
0.289943
-0.178397
0.406266
-0.152831
1.10631
0.000965094
-0.436005
0.911826
-0.475821
-0.127442
0.560497
-0.433055
-0.137746
-0.158155
-0.010261
0.639903
-1.41073
-0.380911
-0.434161
0.706089
0.276859
-0.231373
-0.0454858
1.00296
-1.00296
-0.00142392
-0.0795004
-0.0182948
0.224272
1.2321
0.0371426
-0.0540705
0.0169279
0.170327
1.65726
-0.793846
-0.726429
-0.0244274
0.45919
1.40249
-0.611582
1.60493
0.00186005
0.991115
0.888987
-1.58634
-0.165856
-0.0358315
-0.0228003
0.0586318
0.0424894
0.00284625
-0.376337
0.272208
-7.8207e-05
-0.146156
-0.1406
-0.0349687
0.0349687
-0.206951
-0.199722
0.406672
0.206764
-0.248615
1.32703
-0.00395505
0.00219236
-0.928426
-0.22998
0.198738
0.280709
-0.376879
0.207975
-0.763436
1.61756
-0.067917
-0.443038
-0.564009
0.278211
-0.296506
-0.367405
0.0130061
0.00557594
0.244571
-2.05283
0.516575
0.708453
-0.299683
0.229731
-0.0969669
0.135466
0.564462
-0.157961
0.335104
0.484905
-0.820009
0.0721075
-0.0103177
-0.413691
1.29125
-0.834872
-0.423607
0.974583
0.567804
-0.258639
-0.226169
0.427655
0.765944
-0.50441
-0.793564
1.509
0.395012
-0.595335
0.00896063
-0.176003
-0.0333798
0.305719
0.411461
-0.445033
1.4034
0.896639
0.856709
0.0588228
0.769965
-0.480932
-0.289033
0.306758
0.077314
1.73037
-1.3075
0.319968
-0.395829
0.772784
0.998778
-0.431051
-1.30204
0.116092
-0.00378678
0.212838
0.222921
0.010317
0.150914
0.0183458
0.587956
0.0119783
0.01455
0.0149116
0.0216736
0.0043437
-1.35286
1.96098
-0.384226
0.0114447
-0.501386
1.03361
1.27858
-2.09671
0.818132
-0.000308346
0.0344459
0.00754558
0.1395
-0.365669
-0.00697741
0.00697741
0.123852
-0.0324916
-0.97059
1.59479
-0.0795004
-0.240717
0.714555
0.00477218
-0.70717
-0.443679
0.339761
0.242678
0.00483637
-0.798561
-0.259319
-0.00573732
-1.32319
0.0333909
-0.271645
0.00602212
-1.32657
0.273438
0.209553
-0.335884
0.805369
-1.60393
-1.09059
0.229906
-0.142832
0.142832
-0.00182376
-0.0523405
0.010467
-0.153652
0.157625
0.0590205
1.78124
0.461722
-1.22748
1.88686
-0.00154212
0.319987
-0.0355027
-1.16964
-0.0401915
-0.0302711
-0.123062
0.181262
-0.410421
-0.126836
-0.043783
-0.0384583
-0.0802507
-1.157
0.816145
0.000443664
0.102686
0.0475249
0.86123
1.62627
-0.792668
1.11866
-1.08983
0.618409
0.307685
0.458571
0.442942
0.3385
-0.246291
0.223394
1.36006
0.0155967
-0.65551
-0.504826
0.157947
-0.185626
1.21718
-0.281475
0.492539
0.400977
-0.384895
0.283108
-0.109445
2.22705
0.106416
-0.282533
-0.0305255
-0.000715322
0.600065
-0.486153
-0.113912
-1.13294
-0.777825
-0.980237
0.113525
-0.0710417
-0.0424832
0.450666
-0.864585
-0.0412368
-0.837729
-1.71721
-0.0141637
0.250178
-0.60818
0.130901
-0.00187752
-0.00200998
-1.29021
-0.00112847
0.345738
-0.454907
-1.14303
-0.640394
0.522193
1.5512
0.545444
-1.10631
0.605714
0.76198
-0.492719
0.118264
-0.0369509
-0.0190274
1.4198
-0.48163
-0.970056
0.377488
-0.255791
-1.19228
-0.331606
0.289804
-0.107926
0.206551
0.00173329
0.0114211
0.910405
0.857862
0.588259
0.660429
-0.794878
-0.668191
-1.13407
-0.735174
0.935517
-0.402147
-0.328029
-0.240877
-0.298252
0.612862
-1.10854
-1.6384
0.00731195
-0.275534
0.33303
-0.0574964
-1.3506
-0.936151
0.00920769
1.45804
0.00359054
-0.390489
-1.42993
-0.479926
0.108826
-0.306104
0.381321
-0.525198
0.143877
0.419854
0.000321855
0.301858
0.456672
-0.0982059
1.85493
-1.69932
-0.632286
0.0764571
-1.39325
0.00770437
0.187741
-0.140405
0.150793
0.952591
0.0941089
0.349709
-0.244455
-0.0556224
1.4922
-0.886489
0.00358859
-0.791673
0.153641
0.00540663
-0.159047
1.62805
-0.822681
-0.593213
-0.384263
-0.144696
0.528959
-0.508349
0.20476
-0.638921
-0.00343356
-0.00297997
0.405469
-0.54801
1.20587
0.47132
0.00271851
-0.155429
-0.484965
1.70376
-0.904899
-0.375166
0.128891
-0.00690485
0.702861
-0.0348907
0.395435
-0.358995
1.37466
-0.615944
-0.324304
0.435851
-0.111547
0.161313
0.451884
-0.724804
-0.497992
-5.56756e-05
-1.10512
0.652015
0.37475
-0.343619
-0.0114509
0.689715
0.682802
-1.37252
0.00200454
-0.346484
0.255819
-0.000678866
-0.156892
-0.423092
-0.212302
-0.387253
-0.532237
0.288461
-0.0674326
-0.0113834
-1.36346
0.297935
0.632998
0.553181
-0.00961068
0.0625604
-0.668354
0.553516
-0.00574953
-1.10981
-0.200454
-0.508748
0.435396
-0.593533
0.0304244
-0.468475
0.155367
-0.69403
1.27554
2.67627
-1.53982
0.039829
0.794892
-0.764935
0.852066
0.0788524
0.106773
-0.146457
1.17912
0.384678
-0.384416
-0.018654
0.355419
0.922154
0.730614
-1.08435
-1.09471
1.07312
0.439759
-0.422421
-1.25158
-0.364282
-0.192764
1.8532
1.05266
-0.567754
0.0215484
0.345173
-0.364946
-0.407623
-0.00433501
-0.129998
0.614482
0.158747
-0.591331
0.432584
-0.102921
-1.15716
-1.32473
0.106906
0.0348519
-0.571979
0.510864
-1.24127
-0.494256
1.38848
-1.80238
0.00153621
0.926312
-0.584426
-0.341887
0.0368601
0.000282553
0.37545
0.0643094
-0.149769
0.48778
-0.186671
-0.0521608
1.21115
1.17033
0.247443
-1.12139
-0.0145604
-0.0173796
0.0493563
-1.02949
-1.06702
-0.177789
0.082482
-0.0806045
0.741726
-0.0714885
-0.224698
0.296187
0.250946
-0.0813287
-0.260507
0.174994
1.26839
0.680355
0.147069
-0.0101102
-1.88815
-0.171221
0.151562
0.08023
0.534135
-1.00894
-0.27087
-0.0129824
-0.287347
0.308411
-0.0210645
-1.24324
0.714912
-1.3443
1.97473
0.00301552
0.0274089
0.842823
0.770108
0.854508
0.0129251
-0.0823907
0.0938354
0.0225203
-0.0147932
0.0196295
-0.774369
-0.643529
-0.361626
-0.166725
0.493868
0.460615
0.324645
-0.425435
-0.0646664
0.0665264
-0.504345
0.304296
-0.0932842
0.521819
0.498923
-0.015978
0.015978
-0.00031128
0.231829
-0.219851
-1.02215
0.110593
-0.715302
0.0102131
0.0802861
0.367165
1.0749
-0.123388
0.195266
-0.229135
0.0338699
0.49395
-0.37859
0.340452
0.0529163
0.0627283
0.185551
-0.307525
-0.0251976
-0.0101476
-0.184987
-0.569887
-0.070417
0.374713
-0.516349
-1.72464
-1.22527
2.39897
0.430476
-0.387487
1.63659
0.470697
-0.103096
-1.31025
0.227035
-1.1849
1.5544
-0.369504
0.0285409
-0.0285409
-0.151083
0.0286676
0.122415
0.273277
-0.0850395
-0.188237
-0.241498
0.312021
-0.0341837
-0.437234
0.18376
-1.6625
1.57562
0.44078
0.617459
-1.34534
-0.0401426
0.337333
-0.389984
0.491748
-0.210921
0.00232029
0.33009
-0.179297
-0.282093
0.373967
0.00204562
0.0782477
0.388787
-0.313487
-0.490738
0.279371
-0.366473
-0.633991
1.32911
-1.3574
-0.139178
-0.353541
-0.134784
-0.0481455
0.325392
0.0657231
0.834204
0.00660485
-0.167871
0.630715
1.76568
0.290911
-0.757233
0.231288
-0.267025
1.61986
-0.835054
-0.331995
0.0263734
-0.00738531
0.225521
-0.3062
-0.0930606
0.0200923
0.0775502
-0.91528
-0.904834
1.89434
-1.03763
-0.00157808
0.45624
-0.0819683
-0.018194
-0.0542493
1.15235
-1.0981
0.249503
0.319658
-0.0505279
-0.00585849
-0.367005
0.304054
1.97757
0.22727
-0.323106
0.193777
-0.316956
-0.436933
-0.153086
-0.0819683
-0.0859406
0.0980329
1.14961
0.0602593
-0.0792421
0.108707
0.0471809
0.0211793
0.0643851
-0.0643851
-0.32978
-0.0929956
-0.13071
-0.619573
1.48521
0.0602473
-0.00475228
0.0794392
-0.0497657
-0.409919
0.31208
0.169673
-0.0287685
1.89167
-0.996509
0.0473384
-0.0691979
-0.343914
-0.00313879
0.0255896
-0.911429
-1.05903
0.587986
-0.735898
-0.674831
0.0616285
0.249138
-0.422382
0.97699
0.0210053
0.0339432
0.0288706
-1.71455
-0.0210053
-0.924884
-0.517265
0.162748
-0.0867116
0.0298263
0.339813
-1.31522
-0.60425
-0.46408
-0.115316
-0.103567
0.069778
0.499161
-0.0201551
-0.563769
0.115131
0.232854
-0.17946
-0.0491401
0.11503
-0.0936331
-0.858601
0.146629
0.190682
0.359075
-0.470645
1.10036
-0.763503
0.31368
0.178067
0.618935
0.475334
0.10628
0.00241451
-1.56457
1.46165
0.861431
-0.308048
-0.553382
-0.25984
0.0284662
0.0534607
-0.27228
-0.116892
0.339655
0.0457533
0.81044
-0.944329
-0.452612
0.33572
0.0587795
-0.0226234
-0.137829
-1.07748
0.1456
-0.171335
-0.017751
-0.111064
0.128815
0.00859214
-0.0343494
0.0343494
0.68653
-0.875022
0.115856
-0.00790115
0.00790115
-0.523151
-0.276089
0.126684
-0.297204
-0.196318
0.788777
-0.398216
0.40939
-0.100759
0.130445
0.171312
-0.0287685
1.21724
-0.391254
0.0947484
0.0688134
-0.644151
-0.161111
0.574515
-1.46316
-0.589675
0.335392
-0.100569
0.173971
0.199932
-0.563202
-0.140933
0.0265161
-2.52783
-0.934452
-0.0365122
-0.448139
-0.386672
0.950495
0.0193425
0.0928151
0.0257667
0.575306
0.161468
-0.181523
-0.0257667
-0.00600238
-0.171884
0.027889
-0.877112
-0.107917
-0.714654
0.777454
0.269844
-0.00981326
0.375604
0.707837
-1.79008
0.0024822
-0.15197
0.112011
0.0723627
-0.0892644
1.6623
-1.1381
-0.378954
0.0208673
0.0620802
1.40145
-0.0549868
0.915509
-0.764355
1.60288
-0.0120329
-0.800073
0.684636
0.0166449
0.270391
-0.0644298
0.120148
-0.638851
0.408357
-0.627069
0.454659
-0.545695
-0.134999
0.890347
-0.292887
-0.108426
-0.0111157
-0.0861301
-0.251438
-0.0131662
0.365434
-0.125392
-0.269458
0.394849
0.113301
0.0186108
-0.118411
1.02585
-0.860659
1.04554
0.0681892
-0.0186108
1.64327
-0.496907
0.153241
-0.0330248
-1.09991
-1.77016
0.0449059
-0.140524
0.522967
-0.636879
-1.07265
0.134349
-0.0741614
0.599931
-0.790554
1.23638
0.0688629
0.00790123
-0.126893
-0.913156
1.04478
-0.119034
-0.0748055
-0.176439
-1.10227
-0.0546888
-0.0875275
0.0155203
0.132429
-0.638744
1.35366
-0.0270125
-0.171243
-0.9974
0.000279851
0.241435
0.0669764
-0.0976546
-0.0949141
0.861916
1.75209
0.44765
-0.0255224
0.0730473
1.4731
-0.562691
0.0691215
1.14524
0.459686
-0.383967
-0.485131
0.366097
-0.0421791
0.147117
-0.216432
-0.0899517
-0.00269138
-0.105785
0.200092
-0.0044172
-0.0110981
-0.248954
0.141963
0.655707
-0.0402062
-0.166149
0.401548
-0.602503
0.457838
0.361556
1.89223
0.0139214
0.241418
-0.315515
-0.0133876
0.136256
-0.278179
-0.130884
-0.124159
-0.0241585
-1.4229
0.0594426
0.408428
0.132244
0.302042
-1.51698
-0.435709
0.801723
-0.336528
-0.465195
0.00350741
1.2286
0.486117
-0.0715082
-0.166455
0.0459736
-0.513706
-0.401384
1.66541
-0.103692
-0.1626
-0.0166449
-0.00954085
0.0574161
0.0402062
0.804744
-0.442496
-0.930021
-0.207471
0.100073
-0.0540865
0.172817
0.233856
0.0113511
-0.266888
0.221402
-0.252262
0.314013
-0.422439
0.636797
0.595931
0.0110509
0.182898
0.369419
-0.628366
-0.363498
0.225669
0.869386
-0.793313
-0.113355
-0.399829
-0.239092
0.170522
0.174189
0.0309291
-0.85896
0.804711
0.403308
-0.801377
-0.0081946
0.0081946
-0.632891
-0.746433
-0.148118
0.0133343
-0.141445
-0.178785
1.46966
-1.29087
0.0616849
-0.0631089
-0.586869
-1.12967
0.493683
-0.14323
0.657728
0.0195931
-0.458089
-0.132723
-0.365097
0.264338
0.0418056
-0.0370335
-0.20544
0.147358
-0.15796
0.0920858
-1.57601
0.147215
-0.545006
0.027804
0.350443
-0.353576
0.128263
-0.210765
0.225315
-0.929974
-0.323283
-0.129664
0.131709
0.246805
-0.217145
0.353375
0.12937
-0.416554
-0.0682166
1.46814
-0.781614
-1.14766
-1.16228
-0.121203
-1.05547
1.17667
-0.0710512
0.00361864
-0.208364
-0.799852
0.203896
0.158248
-0.00719474
0.0731919
-0.074734
-0.174702
-0.3885
-0.518402
0.0285508
-0.0260686
0.694145
-0.222825
0.335354
0.434821
-1.06327
-0.176449
-0.292026
-0.432942
0.765472
-2.35954
-0.220904
-0.217693
0.0458727
0.316542
-0.125841
0.313075
-0.491675
1.83677
-0.749064
-0.09436
-0.000294283
-0.745228
0.314177
1.05856
1.331
-1.57743
0.0889314
-0.376371
-0.0265905
-1.35244
-0.207513
1.58999
0.0652566
-0.0686901
0.280313
-0.0505817
-0.186979
-1.25599
0.432961
0.364967
-0.431436
1.77213
-0.321456
-0.0168177
0.0435995
-0.00127784
-0.138599
-0.687085
0.0782367
-0.0750707
0.0208673
-1.28692
0.0266545
-0.0683602
0.0614554
-0.194254
0.00201563
-0.0526294
0.266741
-1.38292
-0.223686
1.11988
0.0163703
-0.719785
-0.386395
-0.268991
-0.616334
0.334767
-0.00790128
-0.00604474
-0.0950297
0.587489
0.0671884
-1.49712
0.334511
-0.373551
0.51269
-0.180546
0.195457
0.425744
-0.916314
-0.0782477
-0.00372061
0.854222
-0.109763
1.255
-0.0735296
0.131464
0.749538
1.24256
-1.27745
0.0326423
0.487807
-0.196618
0.182454
-0.130498
0.0777841
-0.0796078
0.158194
-0.152769
0.0514479
0.104566
0.921828
0.0397488
0.128724
-1.18419
0.102884
0.480394
-0.282842
-0.197552
0.409901
-1.32347
-0.0044172
0.157591
-0.166471
0.169317
0.44311
-0.082545
0.00348395
-1.09641
1.12685
0.457793
-0.175216
-1.50511
0.382265
-0.0183848
-0.00455433
0.0353074
-1.00346
-0.0936506
1.09711
0.0866362
-0.189782
0.149775
-0.0139681
0.00435742
0.00474428
1.31116
0.0850611
-0.110186
0.0589613
-0.276481
-0.0032746
-0.113223
-0.044769
0.079281
-0.0265444
-0.19996
-0.833796
-0.299389
0.0013711
-1.44869
0.0163094
0.0502171
-0.0480468
0.150389
-0.0105506
-0.0136834
-0.201642
0.181414
-0.78083
-0.0709734
-0.0348765
-0.755104
-0.245784
0.0268606
0.522699
-0.367332
-1.54733
2.13275
0.390109
0.0828324
1.10451
-0.011661
-0.411137
-0.532377
0.249724
-0.232574
-0.0892915
0.0472944
0.836161
0.362826
-0.561086
-0.28802
-0.161584
0.972165
-0.405146
-0.0653642
0.0328726
0.19891
1.47642
-0.0350486
0.370945
-1.45846
-0.329691
0.00659327
-0.15156
-0.62927
0.078376
-1.13839
0.363226
-0.929757
-0.400689
-0.00852368
-0.529148
-0.301757
0.0894352
-0.456767
0.456687
-0.623514
-0.298136
-0.0919731
-0.366867
-0.238761
0.346508
-0.210561
1.11616
0.0124479
-1.32258
-0.464559
0.639675
0.0925347
0.086416
-0.5184
-0.551244
-0.42902
0.418552
0.140935
0.0241299
-0.130557
-1.40795
0.0747647
0.313832
0.0810176
0.681634
0.292269
0.967009
0.774444
0.239101
-0.162644
-0.232412
0.00337079
-0.609726
0.422748
-0.156489
0.143527
0.0519301
-0.102846
0.480223
-0.118667
0.0857447
0.525486
0.00292995
-0.639809
0.252565
0.0131035
-1.0426
-0.0879803
-0.230894
0.583549
0.136346
-0.0897203
-0.0235025
0.0877157
-0.00569108
0.0323456
-1.51456
0.092358
-0.11866
1.05286
-0.0390468
-0.00622837
0.718396
-0.00799741
0.111506
-0.113457
-1.13048
-0.117565
-0.0960426
-0.183982
0.199142
0.0950766
0.0501389
0.074709
1.58845
-0.582071
-0.579141
-0.375199
0.306735
-0.0575976
-0.974778
0.450056
-0.000966069
-0.660878
0.100052
-0.291182
0.521015
-0.0224021
-0.399567
0.671329
-1.25507
0.23813
-0.865524
-0.675756
)
;

boundaryField
{
    SideWalls
    {
        type            empty;
        value           nonuniform List<scalar> 0();
    }
    Top
    {
        type            calculated;
        value           uniform 0;
    }
    Inlet
    {
        type            calculated;
        value           nonuniform List<scalar> 
18
(
-1.94444
-1.94444
-1.94444
-1.94444
-1.94444
-1.94444
-1.94444
-1.94444
-1.94444
-1.94444
-1.94444
-1.94444
-1.94444
-1.94444
-1.94444
-1.94444
-1.94444
-1.94444
)
;
    }
    Bottom
    {
        type            calculated;
        value           uniform 0;
    }
    Outlet
    {
        type            calculated;
        value           nonuniform List<scalar> 
18
(
2.09406
1.98279
2.03755
1.96469
2.0016
1.95306
1.91605
2.05487
2.08211
2.09724
2.02113
1.92179
2.02195
1.94313
1.88007
1.58785
1.93269
1.50737
)
;
    }
    Plate
    {
        type            calculated;
        value           uniform 0;
    }
}


// ************************************************************************* //
