/*--------------------------------*- C++ -*----------------------------------*\
| =========                 |                                                 |
| \\      /  F ield         | OpenFOAM: The Open Source CFD Toolbox           |
|  \\    /   O peration     | Version:  2306                                  |
|   \\  /    A nd           | Website:  www.openfoam.com                      |
|    \\/     M anipulation  |                                                 |
\*---------------------------------------------------------------------------*/
FoamFile
{
    version     2.0;
    format      ascii;
    arch        "LSB;label=32;scalar=64";
    class       surfaceScalarField;
    location    "5.4";
    object      phi;
}
// * * * * * * * * * * * * * * * * * * * * * * * * * * * * * * * * * * * * * //

dimensions      [0 3 -1 0 0 0 0];

oriented        oriented;

internalField   nonuniform List<scalar> 
7520
(
-1.00221
0.791564
0.210643
-1.3328
-0.213439
1.54624
0.00492042
-1.90865
1.90372
0.230872
-0.0324327
-0.19844
0.120898
1.50753
-1.62843
-0.0879509
0.0945545
-0.00660358
-0.28984
2.09298
-1.80314
-0.197594
-1.79361
1.9912
-1.48616
1.49108
0.843784
-0.058453
-0.785331
0.144691
-0.266577
0.121886
-0.291071
-1.64537
1.93644
0.711584
-0.111053
-0.600531
-0.0971223
0.134345
-0.0372228
-1.91844
0.89979
1.01865
0.118884
1.57172
-1.6906
0.051453
-0.0745121
0.0230591
-0.212992
-0.0139975
0.22699
0.0167888
0.0545218
-0.0713106
0.0227183
0.0287348
-0.39606
-0.286487
0.682548
-1.07289
1.19177
-0.0299331
-0.312135
0.342068
0.130758
-0.141373
0.0106156
0.0350482
-0.235195
0.200147
0.250898
-0.242923
-0.00797413
0.856403
1.12787
-1.98427
-0.0349243
0.313196
-0.278272
-0.0642552
0.081044
0.195154
-0.030737
-0.164417
-1.1506
1.74592
-0.595321
-0.0470819
-0.017997
0.0650789
-1.83856
2.0397
-0.201145
-0.300843
0.245121
0.0557224
-0.274733
-1.27294
1.54768
-0.445918
0.99476
-0.548842
0.273199
-0.544375
0.271176
0.781514
-1.53387
0.752351
0.0884335
-0.309884
0.22145
-0.0440478
-0.100235
0.144283
-0.0270871
0.257959
0.355749
0.220606
-0.576354
0.284165
-0.0332679
2.1263
-1.60256
-0.523732
-0.525834
-0.62251
1.14834
-1.46929
1.61289
-0.143603
-0.0903713
0.02402
0.0663513
0.258368
-0.075759
-0.182609
-1.34225
0.191653
0.271226
-0.076196
-0.19503
1.79736
0.179455
-1.97682
-0.729292
0.262957
0.466335
0.151189
-0.137681
-0.0135086
1.06446
0.480992
-1.54546
0.0140664
-0.102017
-0.75436
0.128917
0.625443
0.392059
-1.26563
0.873572
-0.0422701
-0.121544
0.163814
-0.115355
0.0682733
-2.19455
1.10955
1.08499
1.44165
-0.666737
-0.774912
-0.00964245
0.0667571
-0.0571147
-1.27093
0.9962
0.832928
-0.121344
0.0244022
0.126787
0.00392159
-0.101044
1.10559
-2.26798
1.16239
0.144813
1.65255
-1.236
0.974878
0.261118
0.312765
-0.235365
-0.0774008
-0.510048
0.902107
0.228423
-0.903381
0.674959
0.336828
-0.0928749
-0.243954
0.371026
-0.430703
0.0596775
0.784556
-1.44774
0.663188
0.125912
-0.109933
-0.015979
1.90258
-0.798867
-1.10371
0.395562
-0.745844
0.350281
1.68765
-1.18913
-0.498517
-0.817339
0.0629788
-1.47619
-0.718359
1.31898
-0.261806
-1.05717
0.221606
-0.607662
0.386056
-0.182522
-0.118321
-0.260263
0.0472713
0.211927
-0.016773
0.010449
-0.0503042
0.0398551
0.949537
0.95304
-1.84898
2.11305
-0.264069
0.612405
0.829244
-0.951351
1.11828
-0.16693
-0.0110246
-0.0357636
0.0467881
1.33529
-1.62636
0.238794
0.19274
-0.104307
0.451157
0.248019
-0.699176
0.00746508
0.0827686
-0.0902337
-0.545561
0.39186
0.153701
1.30751
-0.522956
-0.717072
0.621493
0.0955791
0.756696
-1.1642
0.407504
-0.086208
0.108809
-0.0226014
0.00418175
-0.00900417
0.00482241
2.50162
-1.37558
-1.12604
0.524479
-0.439816
-0.56239
-1.34733
0.837282
-1.93373
1.64389
0.16379
-0.0771226
-0.0866675
0.0186955
0.125995
-0.156637
0.15545
0.00118666
-0.146274
0.216793
-0.070519
1.91166
-1.13014
0.0597402
-0.0244763
-0.0352639
-0.758979
0.362919
-0.0177866
-0.048482
0.0662686
0.14048
1.1785
-0.806047
0.494577
0.311471
1.32774
-1.97121
0.643476
0.0291626
0.101595
-0.189889
-0.539403
-0.386234
0.0991194
0.287114
1.07027
-0.226489
0.125107
-0.125882
0.000774934
-0.0180351
-0.00837261
0.0264077
-0.0351985
0.025796
0.0094025
0.684339
-1.78014
1.0958
0.384533
-0.414466
-0.34334
-0.0530133
0.396353
0.0697704
-0.0100301
-0.0310717
-0.357561
0.388633
0.141221
0.0310623
-0.172284
-0.0622174
0.203439
-0.620871
-0.185177
-0.171229
-0.564538
0.735766
-0.881534
1.92239
-1.04085
0.408506
-0.423413
0.0149062
-1.16295
-0.184381
-0.0328802
-0.0490064
0.0818866
1.43029
-0.36583
-0.644918
0.424664
0.220254
-0.000925614
0.114075
-0.113149
0.285994
-0.0739953
-0.211999
0.22678
-2.13543
0.328974
-1.79826
-2.27507
0.787627
1.48744
-0.836577
-0.399419
-1.26681
1.14125
0.125559
1.98308
0.227002
-2.21008
0.179157
-0.223205
-0.0543292
1.22115
-1.16682
-0.245856
-0.357745
0.603601
0.149051
-1.41586
-1.83785
-0.000709911
-0.00449454
0.0149436
0.0623912
-0.117318
0.054927
0.28302
-0.325291
0.998895
-0.242199
-0.152248
0.125161
-0.0444425
0.0109117
0.0335308
0.754671
-0.427738
-0.326933
-0.441477
-1.47696
-0.0166104
-0.229245
0.0377152
-0.582652
0.544937
0.237184
-0.0366802
-0.200504
-1.5679
0.938119
0.62978
0.7155
-0.594602
-0.0507581
0.442764
-0.392006
-0.263475
0.298524
0.51365
-0.242838
-0.270812
0.984567
-0.53341
0.234018
-0.310214
0.920435
0.309294
-1.22973
0.297012
-0.331937
-0.356106
-1.45136
1.80746
1.26939
0.675057
0.681511
-0.459905
-1.35045
0.904527
-0.71228
0.92537
-0.213089
0.0133543
-0.0370105
0.0236563
0.276162
-0.320636
0.0444743
-1.47266
1.61314
-0.268243
-0.152395
0.420638
0.246029
-0.00884467
-0.849472
0.887188
0.568467
-1.06209
0.493626
-0.514789
-0.030773
0.675605
-0.402406
0.136478
-0.0105665
-0.469566
0.275409
0.194158
0.0742166
-0.22049
-0.337515
-0.12671
0.464225
0.130606
0.206223
-0.844965
-0.602779
-0.750023
-0.817877
-0.000333007
0.0439069
-0.0435739
1.60836
-0.508103
-1.10026
-1.30027
0.418734
-1.16117
2.13953
-0.978361
0.355347
0.158303
-0.399062
0.321564
0.0774985
-0.770099
0.58021
0.595447
-1.12128
1.75008
-0.0507459
-1.69933
-1.45824
1.92332
-0.46508
-0.0226669
0.0850581
0.398419
1.4195
-1.81792
0.0329635
-0.162575
0.129612
-0.139142
1.79256
-1.65341
0.00164953
0.107725
-0.109375
-0.902564
1.23715
-0.334589
-0.119871
-0.650228
0.08369
-0.421204
0.280095
-0.156623
-1.68562
1.84225
0.0104164
0.0441054
-1.62136
0.776392
0.107256
-0.243982
0.136725
0.0453026
-0.0633377
0.135991
1.571
-1.70699
-0.582138
-0.548942
1.13108
-0.506055
0.401755
0.1043
2.51855
-1.63936
-0.879185
0.442872
-1.02501
-0.0122657
0.0169757
-0.00470999
0.102923
0.729266
-0.832188
0.0405193
-0.0444294
0.0039101
0.82166
0.82011
-1.64177
-0.221582
-0.49549
-0.0575917
0.163767
-0.106175
-0.933506
0.708825
0.224681
-0.0706725
0.0387471
0.0319254
1.67695
-0.0685855
1.08623
-2.03962
0.953394
-2.82873
1.23248
1.59625
-1.20705
-1.62168
-0.372785
0.490291
-0.117506
0.454907
-0.387625
-0.0672826
0.774212
-1.63863
0.864419
0.0302483
1.09329
-1.12354
-0.912035
0.650229
1.13211
-0.211675
1.07428
1.2415
-2.31578
-0.174791
0.0800993
0.0946918
0.0488139
-0.98232
1.87397
-0.488505
-1.38547
0.132018
-0.0990546
0.125952
-0.0348821
-0.0396301
1.06274
0.811231
0.212738
0.655078
-0.867817
0.355169
-0.0419725
-0.0240432
0.0668443
-0.0428011
0.400218
-0.429373
0.0291548
-1.81052
0.857681
0.952836
0.287095
0.167813
0.690497
-0.861725
0.434735
-0.0271417
-0.407594
0.131499
0.12687
-1.80064
1.75512
0.0455126
1.16612
-0.597654
0.0587263
0.0840744
-0.142801
-0.0280327
-0.205214
0.233247
0.117151
-0.210026
1.66517
-0.559578
-0.00811046
0.128533
-0.120423
0.00194096
-0.0463835
-0.189882
-0.076695
0.881461
-0.633442
-0.657772
0.688021
-0.389464
-0.0801022
2.09298
0.0263174
-0.0250526
-0.0012648
0.00922227
0.872239
-0.198429
0.128874
0.0695558
0.0335062
-0.0293244
-0.253749
0.609498
1.44476
-1.49909
0.410849
-0.366497
-0.0443517
0.298347
-1.20091
0.196664
-0.227736
-1.83709
1.68047
-0.061673
0.0494073
-2.03468
0.216999
-0.217924
-0.0733547
-0.018518
0.0918727
-0.606923
-1.20359
1.56993
0.93169
1.7234
-0.785279
-1.64537
0.12709
-0.00198257
0.0896414
0.0270527
-0.116694
0.178552
-0.238225
0.0596728
-1.23614
0.613634
-0.193137
-0.261148
0.454285
0.331616
-0.390069
-0.112389
-1.97536
2.08775
0.995894
0.193233
-1.48884
1.29561
0.9346
1.1051
-0.70514
1.53907
-1.14065
-0.0530514
0.384694
-0.331642
-0.886122
0.747256
0.138866
-0.0768343
0.0687238
-0.0819936
0.322628
-0.240634
-0.262774
-0.260903
0.523676
-0.533151
1.80254
-0.279628
-0.363046
0.642673
-0.0758479
-0.0145233
0.260393
-1.21174
0.0157301
-0.0397733
0.00834654
-1.84448
0.989908
0.854572
0.357551
-0.468604
0.00885974
-0.0193208
0.427827
1.07433
1.44422
1.64174
-0.532535
-1.1092
0.116822
-0.0434745
-0.0733479
0.734067
0.953581
0.0967268
-0.00708546
0.662842
-2.09714
1.4343
-0.0518914
0.0708658
-0.0189743
0.578094
0.729418
-0.211741
-0.0981428
0.754356
-0.541617
-0.571497
1.4279
0.153431
0.0103589
1.83414
-0.506409
0.142062
-0.134597
1.76857
-0.126835
0.0991378
0.396378
0.0144714
0.017293
0.295472
-1.75428
-0.837587
0.975562
-0.137975
0.00575409
-0.115687
1.74849
0.0685876
-1.81708
-0.711806
0.432178
0.219605
0.0663886
-0.303441
0.0680765
0.0152856
-1.20442
1.54763
-1.56751
0.0198788
0.0123827
-0.286013
0.27363
-0.685991
1.26408
-0.83101
1.51535
0.0380838
-0.0257011
0.794715
-0.300138
1.93473
-0.59944
0.00516019
0.117257
-0.122417
-0.0661782
-0.0984169
0.164595
0.113876
0.00294669
-0.202398
-0.734926
-0.261819
-0.0939087
0.355728
0.60717
1.31522
-1.7224
1.3663
0.1096
-0.45294
-0.766719
0.995142
-1.14539
1.33222
-0.186836
0.533089
-1.77848
1.63933
1.85055
-0.901016
1.30678
0.819514
-0.0669308
0.274864
1.27277
-1.32585
0.295419
1.03043
0.246852
-0.277589
0.380851
-0.0937567
-0.209368
0.14715
-0.0907979
-1.51177
0.495503
-1.22206
0.726557
-1.29364
0.822095
0.47155
-0.16425
-0.739131
-0.076673
0.0670306
0.0871044
-0.00227329
0.165598
-0.163325
-0.535049
0.484291
0.863892
0.986661
-1.45824
-0.0264555
-0.00874306
1.61653
-1.42721
-0.189323
-0.408948
1.82844
-1.64969
2.53637
-0.886683
-0.756074
1.04844
-0.292368
0.103172
-1.37411
-0.0339521
-0.353673
-0.271713
0.4187
-0.146987
-0.0202037
0.0111995
1.3211
0.70944
-1.27665
0.567207
0.00285199
-1.56297
1.56011
-0.0517376
-0.104899
-0.00301164
-0.470963
0.473975
-0.592982
1.48444
-0.891461
0.19473
-0.134862
-0.0598681
-0.349247
0.326865
0.0223824
-1.97959
1.76616
2.11138
-0.460962
-1.65042
-0.0873204
0.0557583
0.0315621
0.0126776
0.165875
0.0976907
-0.612479
-0.858304
1.67996
-0.0339547
0.0161681
1.75008
-0.962656
1.06558
0.0847375
-0.0847375
-0.128984
0.294494
-2.14348
2.24931
-0.925627
-1.32369
-0.75747
0.817521
-0.0600509
-0.0765264
-0.277272
0.353799
1.02162
-1.20316
0.181546
-0.590637
-0.221308
0.811945
0.815938
-2.00598
1.19004
-0.0840925
-0.802029
-0.207007
0.140829
-0.204078
-0.590099
0.794176
0.765623
0.419203
-1.18483
-1.29915
-0.412647
0.660679
-0.248032
-0.805623
1.17855
-0.372925
1.4427
-1.30671
0.00345166
-0.26527
0.034278
-0.0564464
0.427472
-1.18958
1.07386
0.115725
-1.30023
1.8188
-0.518566
-0.016525
0.12893
-0.112405
-1.49895
-0.769032
-0.0602008
-0.00405439
-1.63805
0.476884
-0.364935
0.282941
-0.20263
-0.553444
0.0341343
-0.0860257
-0.780749
1.85503
0.0426152
-0.35475
-1.52835
0.132005
1.39634
0.853559
-0.732825
-0.120734
-0.879027
0.166746
0.216291
-0.563064
0.346773
1.5862
-0.133923
-1.45228
-0.0345351
0.0147647
0.0197704
-0.375796
0.752346
0.723443
-1.47579
-0.551599
1.45139
0.227209
0.673523
0.756772
-0.11073
1.58104
0.187533
-1.39101
1.39386
0.011476
-0.0680605
0.0565846
0.0703468
-0.170918
0.100571
-2.03323
0.38354
-0.0796393
0.300245
-0.611866
-0.22572
0.247867
0.850759
-0.269538
-0.581221
0.187302
0.0968634
-1.17429
1.80704
-0.632749
0.147922
-0.246339
-0.0682666
0.344428
0.242408
-0.514121
-0.206448
0.229177
-0.0227295
0.152169
-0.0412562
-0.110913
0.797656
-1.01045
0.212794
-0.0313741
-0.053982
0.0853561
-0.284901
0.316112
-0.0312109
0.0778403
-0.411323
0.333482
0.300306
-0.053454
0.157269
0.301912
-0.459181
1.43705
-1.03273
-0.951538
-0.00489537
-0.391669
0.396564
0.085462
-0.0413566
-0.27336
-0.232695
1.13057
-0.279814
-0.0808885
-1.21807
1.29896
-0.356063
-0.0301711
-0.0287511
-0.59212
-0.138966
-0.210281
0.166108
-0.164458
-1.39103
-0.0343079
-0.0783959
0.112704
1.31392
-1.00463
1.08902
1.02236
0.381748
0.052987
-0.151967
-1.61226
1.76423
0.710656
0.489994
-1.20065
-0.0483366
-1.03833
0.672582
0.365745
0.897698
-0.0441389
0.00739019
0.0412219
-0.0486121
2.1793
-1.17876
-1.00054
0.132801
-0.297903
0.165102
0.698055
0.429532
-1.12759
0.0683772
0.0994525
-0.16783
1.72856
0.0219575
-1.75052
-0.124495
0.110498
-0.249711
0.292326
0.0557677
-0.0120033
-0.0437644
0.0166323
-0.276896
0.0492891
0.0155429
-0.064832
-0.48735
-0.661325
1.14867
1.14678
0.439416
0.97478
-1.05567
0.719203
-1.31218
-1.86409
1.7517
0.0450188
-0.0533914
0.255136
-0.604027
0.348892
0.729445
0.993953
1.11813
-1.3248
0.206671
1.22362
-0.550094
-0.129076
0.0856017
0.0840947
-0.383308
0.299213
-1.61841
-0.392004
2.01042
-0.406914
0.447686
-0.040772
-0.00490967
0.0896472
0.224188
1.28334
-0.134959
-0.0398317
0.861375
-1.93694
1.07557
-0.762026
-0.343151
1.10518
1.58728
-0.501053
0.20429
0.555807
-0.913552
-0.258284
0.0043125
0.253971
0.0189625
-0.183379
-0.474803
1.18424
0.00852093
0.0319983
-0.279537
0.0781571
0.20138
0.0246496
0.996966
0.355998
-0.920535
-0.442881
-0.415093
0.514212
0.739138
-0.941768
0.0163765
-0.0408528
-0.11262
0.0729903
-1.93705
0.904315
0.0120177
0.101499
-0.113517
-0.294101
0.230154
0.063947
0.230723
0.86257
0.0723673
-0.00561016
-0.0138268
-1.65286
1.66669
0.255967
-0.785758
0.529791
-0.00994609
0.058253
-0.0483069
-0.700699
1.1962
-0.13576
-0.36728
0.503039
-0.272313
0.488604
-0.795241
0.956454
-0.161213
-0.600892
0.528493
0.0723993
2.04158
-0.0585039
0.0490322
-0.249753
0.200721
-0.267367
-0.0901941
-0.174546
-0.0403831
1.1511
0.961956
0.233279
-1.4089
1.17562
-0.803294
-0.176059
0.979352
-0.122594
0.185493
-0.0628988
0.103258
0.14547
-0.248728
-0.0539643
-0.170731
0.224696
-0.0327574
0.0484875
-1.10984
-0.246092
0.010897
-0.0917511
0.0519778
-0.12188
0.385448
-0.263568
-0.225752
0.259693
-0.0339416
-0.0100843
0.119299
-0.109214
0.79607
-0.381961
-0.0720672
0.021763
-0.126059
-0.602093
0.728152
1.21027
-0.979551
0.0101267
-0.352907
0.342781
-0.708211
-0.455988
-1.3631
1.50791
1.17905
0.0420957
-1.31623
0.843018
0.473207
0.213127
-0.0913413
-0.121785
1.75086
-1.75086
-1.58591
0.109721
-1.07305
-0.247269
-0.60966
0.856929
0.579857
-0.542448
-0.0374096
-0.210006
-0.0880575
0.0817661
0.00629144
0.00756224
0.19966
-0.207223
-0.498656
1.26897
-0.770318
0.281935
-0.155442
-0.126492
0.789298
-0.686126
-1.04207
0.23878
-0.0387075
-0.210714
0.249421
-0.00871412
-1.31714
-0.511404
-1.22086
0.70946
0.659851
0.0168992
0.228217
-0.245116
-0.268266
0.325217
-0.0569512
-0.223348
0.165757
-0.0804943
-0.091769
0.0184143
0.0352906
-0.0100822
0.216005
-0.205923
-0.288023
-0.0952849
-0.208938
0.366207
0.0275926
-0.0612861
0.0336935
-0.0399973
-0.088559
0.128556
0.0465405
-0.07709
0.0305494
-0.0628263
0.164278
-0.101451
-0.616662
1.34322
0.564254
-1.14065
0.576394
-0.147692
-0.0782807
0.225972
-0.0800095
-2.33607
2.41608
0.885285
-0.587128
-0.298158
0.445469
-0.0363782
-0.201847
-0.0393936
-0.00908841
-0.0536642
0.186465
0.316029
-0.94804
0.632011
-0.465545
-1.33509
-0.196559
0.833066
-0.636507
0.0150246
0.0547458
0.400595
-0.269263
-0.131333
0.350582
-0.476641
-0.68124
0.134612
-0.301568
0.166956
-0.520007
0.32687
-0.152766
0.577429
-0.278669
0.250636
-1.71721
0.34163
-0.293097
0.535505
0.0282111
-0.235219
0.379258
-0.0800446
0.316542
-0.299643
-0.0820133
-1.30746
0.6908
1.98813
-0.195573
-1.68562
2.24955
-1.07943
-1.17012
-0.0954408
0.487301
-0.0702926
-0.747046
0.505038
-0.430821
-0.240818
-0.0174653
-0.591171
-0.406101
0.997272
-0.00081263
0.152534
-0.151721
0.0276043
-0.864181
-1.98919
-0.307533
-0.331918
0.639451
0.591749
-0.335782
-0.239649
-0.036926
0.276575
0.462301
-0.0777679
0.159369
0.053758
1.99902
-1.18309
-0.90963
0.318459
-0.246781
-0.0489565
0.295737
-0.0461075
-0.116979
-1.08618
0.189816
-0.299134
0.109319
-0.0819499
-0.0334053
0.908431
-1.16979
0.261363
-0.648153
-0.0522809
1.80314
-0.00720389
-0.594889
1.3292
-2.05409
0.724892
-2.02271
1.43013
0.592582
0.144288
0.101316
-0.245604
0.155485
1.18805
0.00806357
0.822641
-0.830705
-0.0370183
0.165552
-0.0127865
-0.0745339
-0.0292021
-0.263559
0.292761
1.24066
-1.39262
0.163302
0.186994
-0.126714
-0.0602808
-1.45622
-0.129693
-0.576626
-0.595715
0.590819
0.106404
0.00346032
-0.109865
-0.600652
0.276967
0.323685
-0.388689
0.335638
-1.07756
-0.559184
1.63674
-0.109287
0.191356
-0.267883
0.149884
-0.599479
0.449596
-0.184245
1.00634
-0.152882
-0.84112
0.08365
0.782794
-0.092297
0.922197
-1.42085
-0.0496076
0.0403035
0.00930419
1.09231
-0.480778
-1.14765
-0.340421
-0.0718107
0.412231
-0.0524275
0.199578
-0.100497
-0.13594
0.236437
0.280466
-0.233195
-0.203043
1.6478
-0.184114
0.301585
-0.067567
-0.42828
0.408959
-0.174912
0.071911
0.103001
0.239251
-0.106551
-0.1327
-0.140613
-0.0397057
0.180318
0.269059
-0.0768036
-0.192255
-0.0389395
0.0653472
-0.20812
-0.0778923
-0.0533599
1.19694
-0.176345
0.0696597
0.106685
-0.0391478
0.0178925
0.0212554
0.0397938
-0.426937
0.387143
0.245254
0.232955
-0.645603
-0.0103631
0.356822
-0.0738018
-0.290463
0.0269875
-0.127055
-0.0355202
1.80363
-0.983521
0.0884181
-0.238126
0.149708
-1.58983
0.226733
-0.081175
0.0821042
-0.000929158
-0.0392923
-0.0313801
-0.580458
-1.44225
0.354682
-0.0576702
-0.821421
-1.27572
-0.125024
-0.154512
-0.595568
0.745451
0.985338
-0.718445
-1.1621
1.39538
-1.91666
0.298248
-0.22644
0.116142
0.110298
0.116905
-0.175777
-0.39274
0.568517
-0.0705445
-0.0498784
-0.444361
-0.878041
1.3224
-0.794434
-1.08198
1.87642
0.608014
0.346813
-0.954827
-0.000777192
0.364025
-0.229413
-0.263464
-0.250657
-0.165628
-0.101544
0.267171
0.250912
0.352689
0.272796
0.1278
0.258977
-0.600629
-0.010525
0.0368423
-0.648035
0.872869
-0.224834
-0.14167
0.186182
-0.979486
0.0507133
-0.00680643
-0.848324
0.0504566
0.338176
-0.69315
-0.168575
-0.133643
-0.905356
-0.322573
1.22793
-0.151207
0.656245
0.150467
0.667054
-0.288418
-1.00423
-0.932818
-1.25578
1.43733
0.0745541
0.0966581
0.00835298
-0.0586175
0.0502645
-0.624134
0.569951
0.0541827
0.674169
-0.794039
0.185575
-0.173557
-1.13172
-0.184508
-0.32237
0.313154
0.00921576
1.04058
-0.242923
-1.4507
-0.13713
1.58783
-0.0385262
-0.249497
0.21854
0.0888228
-0.307363
-0.228186
0.38576
0.138719
-0.0641144
0.00470793
0.0594065
-1.30441
0.815907
-0.111722
0.0411778
-0.170611
-0.127292
-0.32172
0.0162781
9.83907e-05
0.250082
0.315202
0.0605341
-0.104298
0.323223
1.4319
-0.659513
1.96629
1.00961
0.625827
-0.847135
0.0171846
-1.46789
-0.176558
-0.32226
0.37823
-0.0559697
0.0433916
-0.0175956
-0.0430387
0.0130659
-0.0536851
0.121958
-0.103224
1.65425
-1.55103
0.20087
-0.851098
-0.122912
-0.255477
-0.0698134
0.187904
-0.279421
0.353188
-0.0737666
-0.0122818
-1.43682
1.44911
0.636368
0.268274
0.311583
-0.638813
-0.575707
0.952246
-0.376538
-0.00685088
-0.0568884
0.287042
-0.444991
0.931254
-0.486263
-0.130513
-0.175958
0.306472
-0.122385
-0.649438
0.771823
-0.273671
-0.0582654
-2.03034
-0.0239149
0.179037
-0.173877
0.0212425
-0.0561683
-0.0555541
0.333097
-0.665015
2.18307
-0.942059
-1.24101
-0.0428417
0.422338
0.252262
-0.0337217
-0.34522
0.0436523
-0.168496
-0.0141137
-0.367623
0.185101
-0.26741
0.861211
-0.983596
0.135339
-0.09152
-0.0438193
-0.378709
-1.93811
1.00923
0.928875
-1.86423
1.78422
-1.15716
0.361744
0.795411
0.0663037
0.0332368
-0.0995405
0.636396
0.494176
-0.094579
0.194568
-0.0823132
-0.0648042
-0.0249781
-0.257886
-0.0113767
1.04401
1.13906
0.078697
-0.0118527
1.54552
-1.31852
-0.040867
-1.38855
1.42942
1.21149
-0.0145527
-0.289115
-0.0758199
0.305745
0.0275475
-0.243908
0.00867968
0.372172
0.621386
-1.63932
1.01793
0.0762785
2.40695
-1.4282
-0.978754
0.00986049
-0.316718
0.039446
1.45616
0.15698
1.28516
-1.17544
1.07385
-1.86828
-1.23406
0.0154133
1.21865
-1.21989
-0.0481982
1.26809
-0.0165322
0.06851
2.30901
0.0251765
-2.33419
-0.870439
2.01149
-1.14105
0.0443115
0.215382
-1.02503
0.219402
-0.00590139
-0.0557716
-1.34035
0.194965
-0.00528798
-0.0100165
0.0153044
-0.091824
0.218595
-0.126771
0.139041
-0.484522
0.34548
0.525079
0.450483
-0.512322
-0.0883305
0.0751983
0.869976
-0.954069
-0.065223
-0.0520952
-0.247877
0.0528468
-0.000322645
1.40974
-1.40942
-0.542476
0.930155
-0.387679
0.0513005
-0.407139
0.355838
-0.987468
-1.58509
0.748916
0.836171
0.0198545
0.818767
0.277704
-1.09647
-0.385059
0.216393
-0.239355
0.0229624
0.164009
-0.0343979
-0.243367
0.00371727
-0.283707
-1.45584
-0.0432484
-0.392501
0.790367
-0.397865
-0.723746
-0.626699
1.72887
-0.738959
-0.0996207
0.175862
-1.41007
0.0486245
-1.39547
1.34685
-0.201125
0.041163
0.159962
0.992206
-1.15635
0.164141
0.133397
-0.0193221
-0.0977072
-1.47342
0.74967
-0.596234
1.26882
-0.324544
0.134663
0.291275
0.209078
0.030173
0.807577
-0.375398
-0.0181913
0.69236
-0.971358
0.431955
-1.85591
0.773924
1.18727
-1.19955
-1.45024
1.34702
-0.150162
-1.46367
0.197996
1.26568
0.598506
0.23456
0.0324222
-0.93124
0.683971
-0.105631
-0.12886
0.23449
-1.63376
0.293864
1.3399
0.347043
0.775049
-1.12209
0.0634361
-1.31922
0.770488
0.112344
-0.882832
-0.0120492
0.231842
-0.998561
-0.0429557
-0.0113347
0.0500818
1.49412
-1.47216
0.0368409
-1.02004
-0.565044
0.786829
-0.0378986
-1.19616
1.1034
-0.284629
-1.63933
-0.00603133
-0.314523
-0.915206
0.328497
0.00492974
1.86409
0.228886
0.152572
-1.23875
0.132629
-0.101567
0.203512
-0.466286
0.318283
-0.536328
0.218045
0.283997
0.011131
-0.295128
0.0082541
-0.258007
0.0791667
0.321051
-1.12619
1.14375
-0.0175601
-0.736637
1.13372
-1.89846
0.76474
-0.676774
-0.0563778
0.0883032
-1.48639
0.142116
1.34427
-0.360261
0.89335
-0.659544
0.687149
0.163282
0.971108
0.569387
-1.01227
-0.82921
-0.163217
0.992427
-0.623965
-1.26472
0.820362
-0.119081
0.122193
-0.003112
0.0415413
-0.0898483
0.976361
-1.45116
-0.501494
-0.334587
0.836082
-0.157505
0.126154
0.0313507
-1.07634
0.426907
0.0357571
0.0250321
-0.223472
0.405171
2.0605
0.248508
-0.793811
0.801875
-0.257997
0.0873861
-1.15533
1.87134
-0.716017
-0.0741492
0.0619735
0.0745047
0.363268
-0.0211998
0.964876
1.17465
0.649544
-0.949682
0.320715
-1.96008
-0.162342
0.128034
0.14477
-1.1494
-0.207178
-0.962617
-0.203783
0.051535
0.779612
-0.374442
-1.42293
0.569613
1.07819
0.178751
-1.67681
0.318508
1.3583
-0.0843736
0.470133
0.668101
-1.15885
-0.299397
0.732638
-0.310683
-0.421954
0.854968
-0.283181
-0.571787
-0.172041
0.0371792
0.627957
-0.647842
0.0198845
-1.01103
0.229785
0.781246
0.493419
0.463035
0.000575641
0.105829
0.745207
-0.512252
-1.89524
0.685429
1.20982
-1.84225
1.45024
0.856623
0.776552
-1.63318
0.788424
-0.725445
1.80095
-0.601419
-1.19953
-1.03639
0.165924
-0.0803224
-0.074458
-0.10179
0.181889
-0.0318298
0.109708
-0.0778779
-0.256964
-0.173739
-1.63109
-0.162518
0.0610509
-0.0902529
-0.0311683
-0.0132611
1.01847
-0.495968
-0.522501
0.76047
-0.483503
-0.110126
0.122803
-0.167245
1.28537
-0.201972
0.000846711
-0.327353
-0.748992
-1.47601
0.570656
-0.0721292
-0.0692442
0.120344
0.071685
0.0919991
-0.0836461
-0.502355
-0.150242
0.0882076
-0.0763256
-0.011882
0.173545
-1.00471
-0.354238
1.35895
-0.0982271
0.0420589
-0.0160095
1.0741
1.01159
-2.08569
-0.386354
0.994368
0.207809
-0.0826483
0.63341
-0.840884
-0.679398
1.52028
-0.937013
-0.977774
0.571673
0.293996
-0.188878
-0.105118
0.763829
-1.27193
-0.146701
1.66004
-0.526324
-0.17419
0.100194
-0.409818
-0.73083
0.0798806
1.98464
-1.7517
-0.232933
-0.88794
-0.588072
-0.163732
0.159872
0.0640731
-1.02665
-0.194083
1.22074
0.247657
0.338759
-0.469273
-1.63568
-1.63119
0.707689
0.923504
-0.15514
-0.00476568
0.159906
0.948075
-0.556327
-0.391748
0.102728
-0.156413
0.0751
0.0803499
0.868588
-1.94615
0.759618
0.0953506
-0.3194
-0.59023
0.170664
-0.0181301
0.144798
0.170448
-1.17516
0.0294364
0.355257
-0.529663
0.473217
-0.0820606
-0.00978377
0.0918444
0.988469
0.812478
0.569339
0.0602441
0.682923
-0.523953
-0.158969
1.77848
-1.45997
-0.196221
-0.42976
0.139353
0.024656
0.202172
0.00487268
-0.210796
0.00357479
-0.122656
0.546688
0.0359329
-1.80656
-0.0191337
-0.136007
-0.0685433
0.00992585
1.02455
-0.874081
0.889583
-0.452554
-0.437029
0.00384071
0.104969
-0.00884215
0.00355416
0.394177
0.0984562
-0.209369
-0.560527
-0.449923
-2.30083
0.897325
1.4035
-0.0456601
0.00989653
-0.00356441
0.0993226
0.112604
-0.276405
-0.286659
0.522469
-1.36335
0.247045
-0.95923
2.03333
0.631655
-0.085928
-0.545727
-0.644471
-0.486113
-0.0563344
0.0865004
-1.11078
0.496077
-0.721062
0.224984
-0.15495
0.048413
0.106537
-0.166999
1.23833
1.29804
-1.39138
1.45997
-1.73596
1.28342
0.452537
1.07531
-2.03454
2.17206
-1.09773
-1.04417
-1.01488
-0.0271944
0.192792
-0.0571164
-0.413847
-1.54184
0.0781684
-0.0522264
-1.27257
1.20808
-1.97517
0.767083
-0.0506901
0.229848
-0.418017
0.212608
-0.140209
0.998815
1.40814
-1.90424
0.748914
-0.166552
-0.770461
-1.33517
0.182353
-0.13394
1.86423
-1.92273
-0.136298
-1.09889
0.104682
1.23853
-0.486181
-1.56042
1.61611
-0.0556964
0.479992
1.93609
0.430899
-0.0689211
-0.361978
1.84112
-0.767275
0.226749
-0.24348
0.739039
-0.76779
0.0831183
0.12596
0.550011
0.920114
-1.47013
-0.598002
-0.452695
1.02558
-1.06309
0.0375183
-0.154273
-0.144861
-1.73417
0.740793
0.993375
1.24503
-0.25282
-0.517613
-0.00373723
0.833527
-0.925824
0.27792
-0.541384
-0.262185
0.289173
-0.623731
0.447954
-1.1794
-0.802436
1.98184
-0.323411
0.246608
-0.201624
-0.0752717
1.03413
-0.950482
0.0556989
1.3622
-2.02171
-0.108208
-0.418257
0.208427
-1.18798
0.0915211
0.700043
0.434176
0.0276312
-0.61773
-1.50761
0.345511
0.0997924
0.335935
-0.435728
0.0668777
-0.307512
1.16157
1.08798
1.25423
-0.992871
0.0632232
-0.182046
-0.247327
0.427884
-0.23952
0.00632455
-0.679356
-0.945248
2.02056
-0.253082
0.272936
-0.606753
-1.13575
1.7425
-1.89427
1.02383
-0.0652571
0.298629
0.0885139
-1.46538
-0.0629646
-0.136354
0.632431
-1.03822
-1.26261
1.98464
0.557165
-1.37504
1.00804
-0.55756
-0.212259
0.112302
-0.341715
-0.242016
0.252143
-1.63207
0.208656
-0.784364
1.07748
-2.02273
-0.792374
-0.309087
0.218893
-0.0742464
-1.48617
0.854067
-1.02264
1.34009
0.760619
-1.49448
0.733859
1.29933
-1.06955
1.93644
-0.932062
-1.03587
1.96793
0.55211
1.27929
-1.03163
-0.659015
-0.972178
-0.871709
-0.864251
0.45268
-0.655257
1.44689
-0.791631
-0.138437
1.38457
-1.24614
-1.00049
-0.952066
1.95255
0.91058
0.114996
0.232886
0.353929
-0.430736
0.274751
0.155985
-0.00301802
-0.243321
0.487012
-1.37495
-0.782617
-0.382016
-0.242118
-0.28335
0.333806
-0.308555
0.983514
-1.98789
0.868835
1.11906
-0.0381741
-1.64569
1.68386
0.0395356
-0.243671
0.0364485
0.610918
-1.84165
1.84165
-0.0420555
-0.0131103
0.0551658
-0.63924
1.05844
0.112102
0.0702509
-0.772095
-0.324013
0.676703
-1.39138
-0.0641764
-1.26298
0.300321
1.2703
-1.27901
-1.19415
0.167501
-0.282674
0.378066
-0.0953914
0.12705
0.500907
0.334952
-0.0509542
-0.96463
-1.18359
0.198048
0.985537
-1.40822
-0.2788
-0.673491
-1.22496
-0.0289552
-0.0351592
0.156071
-0.207565
-0.137655
-0.00884742
0.0693815
0.370827
-0.270562
-0.353169
-0.747098
1.27403
-0.526935
0.300565
0.199036
-0.227072
0.393944
-0.166872
-0.432324
0.171422
0.416188
-0.526007
0.109819
-1.1305
1.81833
-0.961711
-1.27005
-1.68933
0.25251
-1.35249
0.0486718
1.00882
1.17048
0.152436
-1.06764
1.15243
-0.0785717
-0.24901
-0.0755342
0.656636
0.606392
0.182031
2.01269
-0.935213
-1.0627
-0.794078
1.85677
1.12075
0.0109555
-1.13171
0.100349
-0.0824569
-0.187371
0.170846
0.124791
1.3353
-1.46009
-1.27277
1.19955
0.0732212
1.27277
-1.34702
0.208117
-0.258807
-0.818906
1.05075
0.074404
0.153915
-0.0885679
-1.6714
0.182556
1.5203
-0.759678
-0.315941
-0.0609909
0.132902
-0.424708
0.945319
0.249169
-0.0840671
0.614791
-1.10105
0.170625
-0.230493
-0.558407
-0.0492548
0.676012
-2.08081
0.51784
-0.0685373
0.424852
-0.356315
-1.03495
-0.940216
0.0576566
0.661888
0.504233
-0.88765
0.0938387
-0.0919979
-0.315141
0.0997
-2.08359
1.03942
0.0427106
-0.0197916
-0.279851
0.107655
0.142427
-0.0559475
-1.41926
0.669551
-1.48517
0.815616
0.0570974
0.240219
-0.297317
0.143321
-0.116269
-1.01377
1.31409
0.624051
0.370317
1.30426
-1.15885
0.180166
0.0394397
1.67711
-1.97147
0.294362
-0.0442421
-0.555237
-0.821151
-0.0616807
0.367495
-0.439306
0.345653
-0.425698
-1.21881
-0.0197733
-0.0626372
0.0824105
-1.47058
0.19585
1.27473
0.381877
-0.420404
0.0666999
0.288211
-0.35491
1.16146
-1.19936
-0.351287
0.362418
0.603292
0.253637
-0.354658
0.363874
0.214248
-0.159502
0.173818
0.644556
-0.818374
-0.425322
-0.0592
-0.923432
-1.01163
1.93506
-0.0470343
-0.248875
0.398582
-1.00472
1.78422
0.290626
-0.173721
0.0444847
0.0457339
0.033828
2.06035
-1.01634
-1.22811
0.757219
-0.548563
-0.619185
1.829
0.31401
-0.215554
-0.138946
0.134036
0.218731
-0.112046
-0.279209
0.177665
-0.271415
0.0519008
-0.259466
1.08199
-0.280693
0.388348
0.30224
-0.0740234
0.036208
0.3056
0.0665714
0.480482
-0.751044
0.202938
-0.232021
0.0290827
-0.29196
0.333123
0.171416
0.893998
-1.06541
-0.234978
0.106118
0.47829
-0.629496
1.72015
-1.11298
1.02101
0.909492
0.0985942
0.559744
-1.072
0.345482
-0.42325
-0.369086
1.16079
0.838239
-1.49341
1.49341
1.72926
-0.828176
1.08857
-0.0190095
1.52159
-1.50258
0.926481
1.01796
0.860035
-2.03944
0.160813
-1.14441
-1.34579
-0.210145
-1.43645
1.6466
-0.399497
-0.12051
0.0700564
0.996913
0.152512
-0.259063
-0.889241
1.55586
-0.666618
-0.172699
0.255817
-0.027002
-0.0690878
0.966786
2.57051
-1.00334
-1.56717
1.62199
-1.47987
1.12811
0.204111
0.0360327
0.00205102
0.0142601
1.55674
0.571536
1.11935
0.687696
0.0202797
0.1905
-0.21078
-0.333863
0.206571
0.175276
-0.187054
0.0117781
0.155956
-0.209784
0.0538279
0.511763
-0.436565
0.329436
-0.471106
-0.0877155
0.214805
0.0156734
-0.234979
0.0249734
-0.544711
0.511462
0.0332489
-0.146162
0.125115
0.0210474
1.92273
-1.57569
0.395463
-0.29206
-0.103404
-1.49412
-0.333717
0.259915
-0.992379
1.91886
0.251722
-0.321535
2.04775
-1.18771
0.238941
-0.306508
-0.151614
-0.331507
-1.33204
-0.0560058
1.60614
1.29448
-1.08605
-0.107154
0.136316
-0.078888
-1.48862
-0.285317
0.277343
0.235628
-0.35854
-0.357055
0.283288
-0.0747152
-1.34172
1.30085
-1.46262
1.48249
-1.16665
-0.465151
0.420799
0.652305
0.377638
-0.389015
-0.0511743
0.057325
0.341756
-0.399081
-0.355737
1.41848
-0.970343
-1.011
-1.98552
-0.0767686
0.0730097
0.00375893
0.00310257
1.41347
-1.41657
1.35701
-1.40026
0.315733
-0.371703
2.00506
-1.00814
0.831289
0.724097
-1.55539
0.219663
0.0295068
0.697013
-0.274675
0.175159
-0.793318
-0.0577806
-1.38122
1.02698
-0.395236
0.206358
-0.143689
0.045982
0.298926
-0.356596
-1.09398
1.57556
-0.841495
-0.117239
0.0554304
0.367107
0.703167
-0.0147374
0.69766
1.72254
-1.52669
0.294518
-0.352783
0.934969
-1.17717
-0.104582
-0.849487
-0.138912
0.0374603
1.18727
0.2392
-0.039053
0.145577
-0.08163
0.00483291
-0.212953
-0.232579
0.299279
-0.598211
1.60744
-1.23213
1.21312
-0.422094
0.993767
-0.827109
0.0982986
0.24373
-0.0581556
0.168081
0.84951
0.716304
-1.56581
-0.920135
0.576984
-0.0431453
-1.59062
-0.671024
0.057018
0.235287
0.0869707
-0.322258
1.44271
0.155964
-0.178565
0.0527547
-1.76524
1.72707
-0.463611
-0.0660524
1.17241
-0.18535
-0.103943
0.289292
1.48814
-1.33116
-0.939718
2.00134
-1.06162
-1.03413
1.71402
-0.679884
-0.318105
0.145405
-0.299109
0.0748589
-0.0934799
0.018621
0.778427
-1.12487
1.16228
-0.0374121
-0.270113
0.0682659
-1.64089
-1.94754
0.979686
0.967858
-1.63143
-0.364786
-0.407309
1.02751
-1.95957
0.245822
-0.994813
1.27482
-1.94584
0.301489
0.488877
1.5882
-1.38391
0.0277376
0.2283
-0.256037
-0.0489875
-0.333133
0.372579
-0.0157671
-1.3805
1.39626
-0.125677
-0.409373
0.18137
-0.0713932
-0.109977
1.26841
-0.990701
0.554294
-1.35332
0.799022
0.21728
-0.0539974
1.78698
-0.791089
-0.0191055
-0.216113
0.671163
-0.764861
-0.0291788
0.153176
0.0919449
0.561506
0.100186
-0.661692
1.09545
-1.32255
0.227092
-0.29928
0.201137
0.0859317
0.319043
0.626276
1.76606
-0.153096
0.334466
1.30372
-1.35192
-1.94638
0.910515
0.877035
-1.99284
1.11581
-0.912142
-0.51466
1.4268
0.942888
0.785979
-1.63492
1.97147
-0.336556
-1.45718
1.32326
0.196221
0.589249
-0.785471
-0.0166376
-1.00107
1.44624
-0.445168
-1.63492
1.28516
0.489865
-0.016648
-0.144864
-1.04311
0.187122
-0.823629
0.205642
-1.73113
0.852345
0.878781
-0.301751
0.217684
-1.42496
0.339586
1.08538
0.76238
-0.460891
-1.06345
-0.935477
1.98825
-1.11122
1.29135
-0.139712
0.153778
1.48701
-0.763563
-0.557647
1.51069
1.21362
-1.22939
1.5887
-1.13616
1.36473
-1.42106
0.0563251
-0.0777669
0.0043156
0.0734513
-0.751306
0.0146689
-0.999242
1.96412
0.404501
-0.130872
0.601363
0.577687
-0.597144
1.53174
0.149372
1.14996
0.532909
-1.44505
-0.985819
-0.961725
-1.7224
-1.27511
-0.836084
-0.895042
1.63313
-1.09831
-0.534816
0.949249
0.0359626
-1.80121
1.57569
-0.370689
0.294869
0.305751
-0.248426
1.22975
0.641596
0.386973
0.124791
1.70137
0.025704
-0.154084
2.21459
0.867146
0.311403
0.292104
0.962131
0.766131
0.36598
0.810091
0.771449
-1.58154
-0.334702
-1.46328
0.808019
0.286416
-0.0193863
-0.0520069
-0.197591
0.408518
-0.442019
0.306259
0.313848
-0.254171
0.71098
0.809317
1.63694
-1.44793
-0.189008
-0.160746
0.16432
0.555891
0.00689704
0.0679619
0.0339854
0.0856121
0.539596
-0.625524
-1.53419
0.77451
-0.401249
-0.202779
0.266565
0.0257608
0.319488
-1.44963
-0.0417307
0.167885
-0.0728751
-0.147615
0.00815473
0.00396919
-0.0121239
-0.0157631
0.585949
-0.0197467
0.103821
-0.322709
-1.12401
-1.05624
0.247803
0.808441
1.69427
-1.4699
-0.224376
-0.615351
1.80713
-1.19178
0.719747
-0.113355
-2.00273
1.06301
-0.167249
1.73896
1.76437
-1.00054
0.0345832
-0.183605
0.149022
0.90788
-0.673319
0.0319496
-1.23131
1.52139
1.18993
0.0781615
-1.83271
1.03863
-1.21296
0.0812514
0.00461781
0.0137872
-0.175996
0.162209
-0.0147966
-0.187421
0.162634
0.0247865
1.60908
0.830888
0.262852
-0.00854899
-0.185208
0.193757
1.57259
-0.951209
-1.63767
1.67363
-0.213438
0.17904
-0.00320821
-1.01882
-1.06199
-0.886864
1.63
-0.743132
-0.219656
-1.69071
1.91037
1.62793
-1.45626
-0.171666
0.668995
0.0854545
-0.990435
-0.958926
-1.40101
-0.0200428
0.872317
-2.01307
1.14075
0.225042
-1.85647
-1.47462
1.62399
0.179832
-0.509182
0.32935
-1.10933
-0.976357
-1.43503
0.442045
-0.140134
-1.26063
-0.0920407
-0.0198674
0.111908
-0.571434
0.423467
0.147967
0.327879
-0.022128
0.907452
0.722543
0.00274502
0.0457425
0.0934362
-0.0106676
-1.17307
1.22939
0.00406882
0.0393228
-1.17307
1.81387
-0.819921
-0.00628272
0.439614
-0.0837756
-0.970917
1.96448
-0.993566
0.120413
-0.0126874
0.963356
0.612206
-0.312978
1.39797
-0.0210098
0.71652
0.446722
-0.606366
0.159644
2.03885
-1.16653
0.751578
-1.22584
0.0422567
-1.96078
0.852381
-1.519
-0.633611
0.794591
-0.16098
1.73341
-0.73188
-1.00153
-0.86365
-1.08527
1.94892
0.160051
1.49325
-1.52224
0.0289915
0.466012
-1.34405
-0.989255
2.07124
-0.142364
-0.410473
0.552837
0.0373961
0.988645
0.744764
0.0912853
-0.141164
1.67711
1.32154
2.21047
-1.42285
-1.64216
-2.09859
-2.00714
1.07193
-0.292168
-1.14076
1.48627
-0.0717571
-0.996962
0.133919
-0.526659
2.16922
-0.681776
-1.57617
-1.82546
0.118468
-1.64083
0.804751
1.06083
0.940508
0.943956
0.324983
0.576677
-0.90166
1.02897
0.946306
-1.97527
-0.39153
0.579435
-0.337229
1.8414
-1.50417
0.371498
1.25049
0.419845
-0.0108857
0.222115
-0.917417
-0.477028
-0.471012
-1.70229
1.5482
0.849713
0.837061
1.37341
0.353768
0.110457
1.16477
0.882982
0.0138307
1.79234
-0.803699
1.59536
-1.04535
0.147415
0.0826205
-1.57124
-0.0417337
2.02358
-1.98185
0.0124855
1.62445
1.60403
-0.751644
-2.13147
0.883625
1.24785
-1.94333
1.07968
0.922863
0.587824
0.0183853
0.17738
-1.40814
1.02857
0.68545
-1.55509
0.0924727
-1.29441
0.262336
1.70229
1.57005
-0.760735
0.102594
-0.0113154
-0.0912783
0.985083
0.807262
0.889613
1.09864
0.551478
0.693549
-1.10784
1.99746
-1.49239
0.0401077
1.69933
-1.67363
1.6617
-0.75425
-1.87766
0.798226
0.69747
1.47175
-0.366601
0.841656
-0.475055
-0.269487
0.298924
0.0548198
0.194602
0.0628215
-1.34184
1.10975
-1.28059
0.452415
0.8483
1.13354
0.929422
-0.610379
-0.355897
-0.205746
-0.468035
-1.35146
0.0788863
-0.982965
-0.952379
1.93534
-1.98852
0.8773
2.11663
-0.895275
-1.22135
1.01486
-0.119617
0.307252
-0.187635
-0.393872
-1.96167
0.876402
-1.93324
0.962326
0.84586
-1.96622
1.12036
1.21362
1.49824
-0.965328
0.0360909
-0.314791
-0.0595444
0.182484
-0.409556
0.84104
-2.31047
1.46943
-1.05155
-0.781156
-0.847158
0.408518
-0.529028
-0.847768
-1.81883
-0.0371255
0.0282781
-0.43599
0.38398
-1.84694
1.52224
0.324705
1.2072
0.90943
1.13425
0.904601
0.150688
-1.2619
1.30741
1.77333
-2.09018
0.923649
1.49325
-0.196785
0.0368112
-1.63767
1.56032
-0.78581
0.912349
-2.33519
-0.285843
0.0840921
-1.71616
0.0594216
-0.716562
0.20431
1.62657
-0.855121
-0.00800239
-0.858334
-0.22573
1.08406
1.2619
-0.0482713
0.0537737
-0.111467
0.0488297
-0.266341
0.213327
0.059259
-0.114813
-0.290318
-0.0303176
-1.89765
0.914689
1.72371
-0.819187
-1.65843
-0.0321732
2.13457
-1.25095
0.398421
1.97732
-0.949808
1.78322
-0.930874
-0.693802
1.7952
-2.01155
0.903706
-0.799009
0.0519628
-1.2903
-0.749321
2.18061
-1.26826
1.02688
-1.80803
-0.0644564
2.07088
-0.601854
1.08464
-0.482791
1.59186
1.59005
-0.846763
-0.743285
-0.718223
-0.18684
0.905063
-1.10467
-1.84694
1.54845
-1.37963
-0.168822
-0.328671
1.11227
-0.783597
-1.57433
0.966318
0.0307716
-0.034826
-0.289815
2.06433
1.9821
-0.814857
0.454595
-1.3433
1.35578
0.0586658
-1.5066
-1.60809
-0.0182835
1.62637
0.656976
-0.820193
1.18162
-1.64717
2.15737
-0.88255
-1.45592
1.45592
0.772559
1.00077
-0.0616931
0.354455
-0.811534
1.79662
-1.50751
1.50751
-2.08299
-1.98244
1.04697
0.453694
0.167799
-1.64026
-0.76783
0.392431
-0.0803011
-1.68239
0.0421303
0.394114
-1.04627
2.0604
-0.609788
1.47207
-0.862285
-1.29392
-1.52265
1.3125
-0.0579369
0.442332
-0.584696
1.57448
0.860893
0.702324
1.02694
2.04634
-1.14174
0.929823
0.0511318
-0.793282
1.82016
-0.811405
0.163563
-0.925733
1.54845
-1.68141
2.23323
-1.48432
0.947307
-2.00893
-0.789212
1.78259
0.0237224
1.37963
-1.39791
-0.125925
0.626379
0.32047
-0.94685
-1.52961
1.52961
1.91903
-1.04496
-0.874067
-1.47216
0.276911
1.34708
-1.66504
1.66504
1.02879
0.89023
0.110876
1.97504
0.131221
0.246845
-1.40539
0.0702189
1.78025
-0.421948
1.97178
-1.7603
2.15047
-0.908976
0.882456
-1.08222
-1.39791
-1.61619
1.61619
-1.2007
2.11013
2.08464
-1.16099
-1.94038
0.939842
2.02675
-1.07944
-1.03049
0.701818
-1.9373
1.02115
0.916146
0.33003
-1.82898
0.88845
1.23574
0.835142
-1.3433
-1.4171
1.4171
0.029358
0.126127
1.28463
-1.30741
0.0227762
1.45883
-1.5482
0.0893688
-1.93822
0.972145
0.966074
1.50944
0.400923
0.150514
-1.28463
-1.45883
-1.21765
1.91997
-1.11422
2.01793
1.83777
-0.799146
1.35578
-0.908501
0.938609
1.00584
-0.917068
-0.944527
-1.09001
0.248846
0.818408
-1.47361
1.20954
-1.21628
-0.600799
0.875762
1.07316
0.922973
1.24909
0.488727
-0.154177
-0.0853302
-1.27068
-0.983627
2.25431
1.04547
0.811307
-1.29528
-0.868984
2.16426
-2.06637
-0.756743
0.334788
-1.90936
0.8644
-0.803699
0.913218
-1.63227
1.82107
1.02602
-1.94309
-0.748934
0.0229299
-0.824394
1.86986
-0.941249
0.932114
-1.07466
1.90184
-0.827174
1.77214
-1.62145
2.09645
-0.934063
-0.906241
1.93227
-0.808847
0.0834022
0.632988
0.95887
-1.02151
-0.0118322
-1.44439
-0.97904
-0.797641
0.423199
0.13724
-0.102657
-1.94218
0.956356
0.807742
-0.82297
0.963554
-2.043
-0.997356
-0.0404287
0.301706
-0.961204
-0.983371
-1.08133
1.95709
0.8862
0.971686
1.00333
0.942905
1.31529
-0.519879
-1.05452
-1.15439
-0.976984
2.13138
-0.870805
1.72032
1.13533
-1.07768
0.785199
-0.306909
0.957411
-2.04216
1.08475
0.159299
-0.92976
-0.54323
-1.10282
-0.966039
-1.03968
-0.451276
0.363561
-1.04006
-0.90211
0.893711
1.93011
-0.940471
-0.989644
-0.846814
1.92649
-0.993644
0.427828
0.920505
-1.96057
2.20503
-0.82027
-1.38476
1.94965
-0.876493
-0.395588
0.913671
-1.89098
0.977312
-2.14994
0.949244
-1.89763
-1.02942
-0.839358
2.24614
-1.4051
0.342718
-0.17574
-0.0592389
-1.08559
0.949132
-0.800692
-1.09694
-1.16821
-0.904165
1.96013
-1.05596
0.967551
-2.05314
-1.23672
1.01813
-1.92437
-1.93792
1.01338
0.983548
-2.08636
1.02101
-1.25888
-0.160221
1.41911
1.13719
-2.07125
-0.793949
0.310445
1.02396
-1.89803
0.949381
-2.1861
0.678332
1.31287
-1.45827
0.0500519
1.05502
1.0577
0.891945
-1.98269
1.06977
0.91292
-0.0627984
0.360014
0.752254
1.05
0.802349
-1.84405
1.0417
-1.08898
1.78636
-0.0702992
-0.943125
1.96125
-0.326012
0.799585
-0.908475
-1.10552
2.01399
1.08019
0.639967
0.252807
-0.107337
-1.11504
1.94537
-0.88767
0.813652
1.01404
-1.82769
1.28824
-2.16742
2.23762
-1.60532
-1.03372
1.95423
-1.04121
-0.919362
1.11881
-2.0958
-0.0876731
-0.949998
-0.940985
1.03295
-1.90809
0.875142
-1.73457
1.04986
-1.87703
-0.98699
0.0999356
-0.0143235
0.156197
0.912413
0.913965
-1.86396
-1.12975
0.445623
-1.0079
1.47178
1.09873
-0.946423
-1.00285
1.0017
0.986284
-2.25455
1.4472
0.324943
0.00571904
-1.14583
-0.800013
0.133295
-0.00436515
1.05767
0.89942
-0.765927
1.62682
-0.139627
1.06975
-1.87044
0.947059
-1.88753
-0.87257
-0.768265
0.0370906
-0.566586
0.926403
0.840166
1.04115
-1.88132
-0.865078
-0.924183
-0.228195
0.240362
0.995095
-1.9563
-0.060831
0.596718
0.830084
-0.180994
0.0938198
0.0871744
-0.0185879
0.866935
1.00293
1.94962
2.05603
-1.11313
-0.778834
1.96887
-1.18101
0.777549
1.09887
1.13989
-0.00900546
1.89002
2.08913
-0.949155
-1.10398
0.0601195
-0.094204
0.0340845
-1.37904
-0.0781386
-0.149127
0.498019
-0.807283
1.46571
-0.130416
-0.488397
0.431359
0.057038
-0.0438202
-0.0246261
-0.0630769
-0.0579851
0.893657
0.840761
0.192953
0.959478
1.60166
-0.85199
0.276107
-0.303249
-0.010566
-0.00254435
-0.733369
1.75438
0.896264
0.0924234
-0.502896
1.96919
1.08981
2.0789
-1.14679
-0.854999
-0.855806
1.91083
-0.0659263
1.18925
-1.95828
-0.962018
1.09289
-1.89523
0.802335
0.0203917
-0.308828
-0.0460819
0.778271
1.90014
-1.19626
-0.70388
-0.12593
-1.36646
-0.114629
-1.07953
0.735917
1.32448
0.12568
-1.9441
-0.0976557
-0.0480883
-0.0711274
0.119216
0.645848
-1.21148
1.68516
-0.473679
1.87303
-0.651231
-1.2218
1.03422
-0.0423855
1.38666
0.909245
1.1213
-0.906829
-1.47247
-0.489135
-0.501605
0.990739
0.0307413
0.909755
-0.1548
0.390967
-0.236167
2.16312
-1.27692
-1.14176
-1.02553
-0.725622
-0.482163
1.20779
0.131124
-0.995374
-0.123012
0.447938
-1.56512
1.86347
-1.22
-0.794737
1.15475
-0.0256484
-0.0277115
-0.246689
-1.62958
0.4181
-0.652497
0.260966
0.140289
2.10405
-0.936019
-1.16803
0.813829
-1.04545
1.29796
0.296602
-1.12293
0.826324
0.86937
1.13568
0.073106
1.7076
-1.31308
-0.997399
-0.0938241
0.0963874
-1.86045
-0.0955519
-0.0405606
-0.857526
0.11757
1.27393
0.830116
-0.575326
1.79968
-1.22435
1.00442
-0.230917
0.186958
-1.53275
0.282506
-1.40238
1.11987
1.21224
-1.63598
-0.898588
1.84812
-0.905957
1.82815
0.322995
-0.326203
0.00549088
-0.00549088
0.154101
-1.1448
-1.07001
0.49697
0.102463
-1.02905
-1.1923
0.579681
1.8773
0.125986
0.272596
-1.03653
1.90093
1.03663
-1.9243
-2.06259
0.958606
-0.316956
0.20491
1.17098
1.42587
0.230224
-0.896961
0.459392
-1.06823
2.01736
-0.126974
0.0528249
1.02091
-0.156783
-0.47535
-1.3663
-0.878237
1.91487
-0.0415205
-1.55577
0.789839
0.0210861
0.904231
0.0622316
0.160788
-0.223019
0.91217
-0.112413
-0.214946
0.30689
-0.00310232
0.00310232
-0.780484
0.564449
-1.75145
0.983187
0.0385085
-0.0355037
-1.15334
-0.0310984
-0.233664
-0.0938135
-0.0537124
-0.702699
1.71049
-0.707159
-0.121614
-0.412698
1.02362
-1.11105
-0.359561
0.0124793
0.347081
-0.081995
-0.0971397
-0.0825943
-0.238783
0.423883
1.64771
-0.797754
-0.264339
0.8743
1.22665
0.923822
-0.5318
0.0434028
-0.0774384
0.977124
-0.0284587
1.36836
-0.466823
-1.84748
2.31431
-1.17544
0.508611
-0.07088
-0.0656542
-0.081197
-2.21294
-0.0934683
1.10144
-0.26462
-0.836823
-1.58014
0.100267
1.3813
-0.154299
0.0739766
0.424153
-0.252417
-0.568043
-1.76614
-0.138651
-0.178305
-0.0951798
-1.14529
0.892872
-1.23509
1.1794
-0.158352
0.970497
1.29799
-2.26849
-0.204809
-0.202784
0.529614
-0.281091
-0.0732819
-0.841151
0.47455
-1.21286
0.169749
0.0878886
0.62268
-0.0309306
0.913609
1.34298
-2.25659
-0.0874009
-0.565787
1.22767
1.00044
-1.043
-0.913303
-0.0727762
-0.497768
-0.0479593
0.588043
0.0587854
-0.199748
-0.33658
-0.737359
-0.165593
-0.0620787
0.523114
0.131496
-0.028495
1.02269
-0.0698419
-0.789764
0.98776
-0.262427
1.354
0.612291
0.257031
-0.835514
-0.0101935
0.949235
-1.84576
-1.07321
2.31154
-0.108878
-0.137213
-0.175305
1.27908
-2.35229
1.1524
-0.68085
0.819718
-0.0798127
0.295195
-0.695284
-0.585307
-0.117269
0.0393908
-0.561632
1.05036
0.499277
-1.2249
-1.75861
0.534261
1.58354
-0.825106
-0.758432
0.701221
0.282292
0.229494
0.454006
-0.683499
-0.988994
0.499859
-1.34051
1.69533
-0.0817153
1.39817
-2.34279
0.944617
0.876501
-0.705085
0.0061459
-0.118551
0.445844
-0.152945
-0.686317
1.23387
-0.547554
0.796268
-1.25207
0.455806
-1.05834
-0.912262
1.91248
-0.940333
0.942536
-2.3273
1.22012
-0.548961
-1.28864
1.91292
0.214033
0.117803
1.3165
0.428631
0.783564
-1.21219
-0.414603
0.153455
-0.0188249
-0.961612
-0.956638
-0.92431
1.88095
0.590767
-0.364043
-0.134264
0.00162614
0.132638
-0.37504
1.81926
-1.33731
-1.99537
1.31642
1.38336
0.0129
0.620821
-1.48311
0.367486
-0.305255
-0.0307386
-1.60153
0.451592
-0.577269
-0.54841
-1.1634
-1.7713
0.625472
-1.26608
-0.0904371
-0.035445
0.871823
1.07262
0.256204
0.845239
-1.4753
2.4458
0.950833
-1.08053
-0.0213922
0.374231
-0.67137
-0.660969
1.33234
-0.00618571
-0.0758276
1.82714
-0.432008
0.0567178
0.00955084
0.967127
-1.1854
-0.0107655
-1.3893
-1.27495
0.31032
0.384084
-1.17882
-1.00616
1.9223
2.24053
0.127603
-2.37308
1.36973
0.951363
1.02466
-0.356631
0.536464
-2.41847
0.932313
0.37984
0.959368
0.228975
-1.31228
1.84654
0.00648173
0.00275137
-0.00923311
1.16193
-0.865326
-1.13147
0.0206914
0.410825
0.308922
1.48954
0.581069
-0.704549
0.0503428
0.999175
-1.54673
-0.911615
0.628433
-1.58622
0.906766
0.995503
-1.43698
1.52945
-0.96717
-0.957812
1.73122
0.472131
-0.770777
-1.9615
0.999483
-0.0686396
-0.616896
0.294187
0.272434
0.722708
-0.0955071
0.00346634
-0.0730305
0.93542
-2.34052
0.984864
-0.438176
0.586309
-1.55164
-0.909112
1.39612
-0.035077
-1.19623
-1.29009
0.204034
0.113996
1.02028
0.271067
-1.36946
1.47825
-0.108789
0.56744
1.05164
-1.61908
-1.03317
0.514862
-1.07415
-0.351874
1.42602
0.753834
-0.980323
1.05693
1.32788
-0.435004
-1.6465
0.0411828
0.972178
-1.95059
-1.39188
0.896798
-1.51564
0.618846
0.786127
-0.949409
-0.12272
1.07213
-0.345959
0.263014
0.0171785
-0.280192
-0.57612
0.174871
0.0102487
1.64983
-0.873279
1.90227
-0.135166
0.107744
0.0274217
0.157116
-0.127177
0.145591
-0.514072
-0.473122
1.5001
0.352497
-1.13609
-0.82811
1.18544
-0.487072
-0.69837
-0.0298924
-0.0599559
-1.95529
-0.571853
0.819656
-1.15839
-0.194923
-0.866723
-1.33501
1.18563
-0.633517
-1.87209
-0.711573
-0.000865977
0.217864
-0.42686
-1.10334
0.547012
1.62582
-1.005
-0.78434
0.297011
0.632411
0.744363
1.03822
1.73754
0.380463
-0.870313
-0.908537
0.682816
-0.780494
1.35115
2.26219
-1.34858
0.776967
0.162729
0.325413
-0.344418
0.0190048
0.202
-0.000969124
1.00016
-1.3265
-0.804754
1.07962
-0.648883
0.846932
-0.0215656
-0.0205824
-0.763378
-1.05856
0.290854
0.767707
1.48863
-1.65671
0.168088
-1.90369
0.684878
0.18017
-0.45353
1.19814
-0.628796
-0.0724465
-0.00129514
1.34784
-1.24018
-0.107657
-1.18764
0.108119
-0.33934
-0.997544
-0.0460358
-0.420042
0.466078
-0.119081
0.0549041
0.211531
0.143638
-0.172645
0.614977
-1.44902
-0.431358
1.05541
0.457701
0.202978
-0.0192843
-0.589512
1.33598
0.975561
0.951973
-1.38805
-0.0269749
0.0529977
-0.0529977
0.627195
-0.423683
-1.05876
0.821229
-1.4822
-0.0252115
-0.298789
1.02805
-0.0225742
-0.333818
-0.918257
1.65058
-2.31062
-0.331286
0.99799
0.270838
0.601401
1.09231
-0.332393
0.127626
0.204766
0.913251
-0.01475
-0.898501
-1.03407
0.433596
-1.41406
0.980462
-0.162916
-1.06204
1.08708
-0.0250431
0.481895
-1.55605
-0.882006
-0.271025
-0.948204
-0.094409
-1.22726
1.23036
-1.37452
1.30349
0.0710296
0.262491
0.060504
0.500001
-1.47904
1.21939
-2.356
1.13661
0.0201775
0.000576389
-0.270456
-1.12569
0.568129
-1.5188
0.0995344
0.938425
1.11191
-2.05033
-0.362177
0.955132
0.107016
-0.0308603
-0.0761554
0.0803856
-0.0803856
1.17881
0.346576
1.0488
1.21323
0.36787
-0.896502
0.0657971
0.178426
0.519046
-1.13112
2.03535
-0.131082
1.61971
-1.56806
-0.413901
-0.0696997
0.161544
-0.629374
-0.710582
0.245993
0.464589
-1.22283
1.26527
-0.0424436
0.626327
-1.32161
0.974638
-2.24496
1.27032
1.63488
-0.113628
0.177701
-1.3796
-0.0777317
0.416491
-1.10505
1.14731
-1.12105
0.262714
0.996592
0.149769
-0.951798
0.327609
-0.403144
-0.0573752
0.323123
-0.0827611
0.910937
0.723945
-0.160577
0.164294
-1.53009
-1.50497
1.54612
-1.56188
-0.932972
1.71895
1.11953
0.572056
-0.0719969
1.06748
0.418788
0.840253
0.159994
-0.0671844
-0.328052
-1.28103
-0.125008
-1.26429
-0.881998
-0.0187704
0.0187704
0.67082
-0.222051
0.965884
-1.92252
0.00634876
-1.38038
0.00382688
-0.00382688
-1.19908
1.37356
-0.917749
-0.00503286
0.00503286
0.383804
1.26875
-0.00443817
0.404965
-0.0154281
0.0154281
1.02169
-0.0193382
0.0193382
0.0391909
1.28248
-1.32167
-0.0346141
-0.0275675
0.0275675
0.249563
0.0235058
-0.0870566
0.0635508
0.0189035
-1.18555
0.348215
-1.96967
-0.456178
0.0295129
-0.0295129
-1.6824
-0.561063
-0.48832
-0.328924
0.973688
-0.644764
-1.22047
0.0178176
-0.0178176
0.0856775
-0.111326
-0.0285999
0.0285999
-0.45268
-0.612734
-0.0272201
0.0272201
-2.18271
-1.01159
-0.0300019
0.0300019
0.269869
1.005
-0.0312889
0.0312889
-0.0281005
0.0281005
-0.186433
-0.0361767
0.0361767
-0.0281219
0.0281219
-0.608008
0.80423
-0.0429973
0.0429973
-0.475365
0.125135
1.4316
-0.756884
-0.0373871
0.0373871
-0.0383319
0.0383319
-1.31809
-0.141997
-0.671583
-0.810616
-0.0557724
0.0557724
0.647441
0.106915
-1.4282
1.66856
-1.22062
0.347762
-0.194432
-0.15333
-0.160157
-1.37259
0.0211244
-1.02191
1.28476
0.57261
0.30026
-1.86376
0.855623
-0.165597
-0.200932
0.366529
0.0323543
-0.0323543
0.0082764
0.0436138
-1.23984
0.382185
-0.522319
0.0896472
-0.0901896
0.0901896
-0.0959254
0.0959254
-0.0991907
0.0991907
-0.101523
0.101523
-0.116788
0.116788
0.904791
0.308443
-0.127685
0.127685
0.128272
-0.128272
0.0432722
-0.0359392
0.0359392
0.216782
-0.0423877
-1.27475
1.16337
-2.04592
0.727172
0.919424
-0.124085
0.124085
-0.0398608
0.0398608
-0.118405
0.118405
0.436587
-0.423521
0.390382
-0.0544463
-0.118749
0.118749
-1.29548
0.026145
-0.026145
0.620758
1.33533
-0.524692
-0.343124
0.644156
-0.108418
0.108418
-0.0316327
0.0316327
-0.115895
0.115895
-1.58316
0.658852
0.329032
-0.273244
-0.0557885
-0.0160135
-1.28237
0.171321
-0.0333233
0.0333233
-0.234721
1.29548
0.121619
-1.14223
-0.0566566
0.0566566
-1.04545
-0.0347748
0.0347748
1.78669
-1.61861
-0.0096949
0.0096949
-0.0343154
0.0343154
0.0714936
-0.0714936
0.83152
-1.79323
0.0478936
-0.0478936
-0.0348918
0.0348918
-0.517494
0.908046
-0.390551
0.978387
-1.79831
-0.64868
-0.423062
1.07174
-1.45468
-0.0519209
0.746411
1.00797
-0.034385
0.034385
0.122617
-0.122617
-0.0282882
0.0282882
0.877216
-1.6683
0.812763
-1.94388
-1.4181
1.4181
0.75042
-1.32705
0.083399
-0.342865
1.31987
-0.0183714
0.0183714
-0.0366347
0.0366347
-0.982846
-0.49899
0.00137521
-0.00137521
-0.0404754
0.0404754
0.542424
-0.598758
-0.0209478
0.359124
-0.0423103
0.0423103
0.0120235
-0.0120235
-1.56195
0.824587
-1.68258
0.637129
0.0143629
-0.0143629
-0.0963077
0.00605476
-0.0480644
0.0480644
0.0179249
-0.0179249
-0.0374979
0.0374979
0.0226349
-0.0226349
-1.20078
0.991932
-1.32036
-0.0214802
0.902265
-1.75979
-0.0358472
0.0358472
0.0305389
-0.0305389
-0.0559679
0.0559679
0.067114
-0.283227
0.526344
0.0206784
-0.0206784
0.437987
-0.825665
-0.0379639
0.0379639
0.167825
0.113023
1.25533
0.0820615
-0.931548
0.0274848
-0.0274848
-0.0391506
0.0391506
-1.39376
1.36302
-0.707981
-0.726054
1.43404
-1.40629
-1.14433
0.859217
0.0531363
-0.327539
0.274402
0.0242705
-0.0242705
0.015658
-0.015658
-0.0356921
0.0356921
0.592258
0.0729323
0.721659
0.102708
-0.618326
0.515618
-0.26466
0.331231
-0.35717
0.209699
0.147471
0.0568922
-0.0568922
-1.41129
1.41129
-0.0353759
0.0353759
0.503983
-0.40521
-0.422796
0.0698882
-1.12034
-0.0188122
0.0188122
0.0607336
-0.0607336
-0.171518
-0.0819047
-1.04388
1.43384
-0.0299846
-1.19049
0.762361
0.0192394
-0.0192394
-0.0636901
0.0397486
-0.0397486
1.22855
0.380536
-0.527633
-0.23084
-0.559566
0.410439
0.388415
-0.436374
-0.0784776
-0.140225
0.649252
-0.509026
-1.90751
1.1075
0.0209322
-0.0209322
0.347912
0.678361
-0.0425876
0.0425876
-0.719118
0.80252
-0.995753
-0.100718
0.0440592
-1.24484
0.0263328
-0.0263328
-0.0431633
0.0431633
-0.043121
0.043121
-0.0492669
0.0492669
-0.0449018
0.0449018
-0.0465279
0.0465279
-0.0444602
0.0444602
0.256886
-0.197227
0.0456125
-0.0449671
0.0449671
0.858785
0.0524572
-0.0524572
-0.296156
0.192752
0.245444
0.0323204
-0.0323204
0.919811
-1.79062
-0.0603086
0.0733383
-0.0166205
-0.089315
-0.335814
0.425129
0.0396599
-0.0396599
0.632347
0.0430575
-0.0430575
-0.224284
0.0449352
-0.0449352
1.37371
0.814358
0.194651
0.0353844
-0.0353844
0.224784
0.500299
0.190376
-0.661425
0.471049
-0.0128675
0.0128675
-0.0913303
-1.05347
0.0852691
-0.236195
-0.511377
0.433645
-0.911299
-0.0915528
0.938983
-0.362306
0.495609
0.084172
-1.1507
-1.15865
0.378906
0.366546
0.0213903
0.0110275
0.782473
0.134984
0.0356798
-0.170193
1.14497
1.16975
0.0470957
-1.21684
0.95443
-0.38182
0.226373
0.905958
-0.821698
-0.0842596
0.418295
0.23323
-0.122354
-1.3551
0.912951
0.442144
-1.45986
0.864544
-0.987491
-1.54894
-0.00472068
1.55366
1.37378
-1.04385
-1.00344
-0.91645
-1.00648
-1.3702
0.043693
0.0668588
-0.0668588
0.123794
-0.2975
0.651268
0.377921
-0.162949
0.439056
-0.0149381
0.0149381
-0.144696
-0.812827
-0.112906
-1.01933
0.802225
0.219467
0.26834
-0.337261
0.629386
-1.48138
-0.254243
-0.0233458
0.654337
-0.59625
-0.562404
-0.809157
-0.291246
-0.497823
-0.0824894
1.92351
1.32915
-0.0466655
-0.0168648
-0.165437
-1.35722
0.595705
-0.142011
-1.06294
1.738
1.35448
-0.130864
-0.122405
-1.62811
-1.27119
0.212424
0.342733
0.00454949
2.32021
-1.39639
-0.014378
-0.00620444
1.25661
0.37798
-0.469977
-0.079595
-1.05197
-1.17638
0.656502
-0.277437
-0.869287
-0.609279
-0.702905
-0.0458102
0.0458102
0.00840846
-0.00840846
-1.01202
0.402507
-0.605991
0.203484
-0.600426
1.15218
-0.688703
-0.863754
-0.0768428
-0.432339
-1.0474
0.216829
-0.257258
0.592124
-1.34157
1.24273
0.0988381
-1.15527
1.03255
1.05695
-0.467953
-0.588994
-1.13458
0.00900918
0.0107612
1.00818
-1.46533
1.81354
1.24115
-0.423117
1.17695
-0.170268
0.175141
1.17593
-0.472768
-1.10546
1.10546
-1.29623
0.215901
-0.115156
-0.100745
0.658813
-0.178331
-0.567128
0.414032
-1.51031
1.5393
-0.527414
0.461361
0.869737
-0.94505
0.0753133
-1.79054
-0.386556
0.292073
0.0805056
1.0474
0.657283
-1.31534
0.658061
0.245032
-0.0091244
0.314241
1.06681
-1.38105
0.923504
0.113509
-0.571351
0.0735284
0.300484
-0.155078
0.177715
0.00132501
0.129968
-0.408768
-1.24999
0.0832695
1.70942
-1.1798
0.374111
-0.0800495
-0.502353
0.582403
0.238866
-0.799263
0.560396
0.308362
0.0556235
-0.0556235
-0.169301
0.617255
0.675127
1.19532
-1.19532
0.284755
0.0325845
0.22854
-0.480319
1.05185
-0.106824
0.527624
0.320538
-0.119402
2.315
-1.01696
-1.05343
0.1466
-0.0767068
-0.296184
0.372891
0.266074
-0.452771
-0.49536
-0.0069944
-1.15393
0.0116998
1.17192
-0.648625
1.1576
-0.508971
0.3081
-0.0904159
0.960494
-0.141075
-0.00236041
1.16256
-2.15996
1.01499
0.892775
0.122216
1.00706
-1.03062
0.266048
-0.0338806
-0.220362
0.984048
-0.878842
-0.105207
-0.5409
0.524252
-0.157027
-1.76538
0.512089
-0.250978
0.359093
-0.0960791
-1.23735
2.16967
0.00392888
-0.0858788
0.0806058
0.814613
-0.829363
-0.0396979
0.0396979
-1.50895
0.378272
-0.0834026
2.0277
-0.419659
0.653163
-0.101474
0.0742575
-0.0715125
0.455734
-0.01297
0.11285
-0.0641779
0.267397
0.161216
-0.640385
0.479169
0.0257539
-0.0257539
0.0723965
-0.0723965
-0.807372
1.78576
1.08458
-1.95356
-0.0208681
0.0208681
1.03062
-0.476666
0.39289
-0.126163
-0.748279
0.874442
-0.472226
-0.120875
-0.355865
-0.651433
0.253568
0.26399
0.418558
0.636666
-0.405128
0.828327
-0.00946005
0.00946005
-1.22708
1.64587
-0.111333
0.111333
0.0550731
-0.134952
0.436136
-0.301184
-1.06928
-0.127229
-0.00709302
-1.07799
0.241171
0.537696
0.02381
0.445369
0.631256
-0.262783
-0.459318
0.220536
-0.296871
0.447088
-0.150217
0.704184
-1.33527
0.154261
1.78281
-0.805689
-0.268429
-0.160323
0.428753
-0.148161
0.599753
0.00628116
0.0659881
-0.0722692
-1.29166
-0.205181
0.185314
0.615631
-0.0226725
0.0124791
-0.841144
0.00367776
0.0514881
0.402359
-0.605137
0.157604
0.00893843
-0.105246
-2.04335
-1.0713
1.37565
0.244055
0.00433658
-0.00433658
-0.114401
-0.907093
-0.0244552
-0.120525
0.413991
-1.91816
-0.041426
0.180766
-0.13934
-0.053434
0.053434
1.82465
-0.479632
-1.34502
-0.498009
0.453767
-0.78193
0.368029
0.173146
-0.0439518
0.20332
-0.100032
0.304801
-1.37408
-0.796604
-0.0522753
-0.632631
-0.122819
1.46072
-0.012001
0.00885822
0.00314282
0.828925
0.341148
0.4844
0.989416
-1.79679
0.282062
-0.213796
-0.25095
-1.33501
1.23541
0.264686
0.0971764
-0.0971764
0.804026
0.268102
-0.437064
-0.421974
0.127948
-0.247177
1.15197
-0.183631
-0.526951
-0.36359
1.39429
-0.916694
2.07926
2.34439
-0.232004
0.148534
0.296161
1.48807
-1.23104
-1.14552
1.39624
-1.57142
-1.4463
0.199554
-0.321342
0.0435045
0.277837
1.42939
-0.10039
0.0515229
-0.950024
-0.0151215
-0.125019
0.0446891
-0.241474
-1.53565
0.163054
0.694147
-0.108571
-0.821189
0.150644
1.95324
-1.08387
0.596541
-0.912481
0.31245
0.0617811
1.23651
0.19749
-0.202444
-0.0371203
-0.356751
0.558263
-0.474906
0.123767
0.298582
0.90228
-0.123397
-0.234245
0.357642
1.03397
0.576904
1.44668
0.456194
-0.164935
-0.0636901
-0.102345
-0.241815
0.344161
0.0854122
-1.32506
-1.03095
0.00346634
-0.0952035
0.436959
1.08951
-0.542499
-1.03224
0.00779779
-0.0391779
0.168668
-0.470204
1.22978
-0.0852072
0.114565
0.307755
0.486421
-0.695759
0.635426
-0.389434
-0.321768
-0.0941215
0.41589
-0.940784
-1.10955
0.0370463
-0.00651016
-0.00673076
0.0618039
0.965929
-1.55988
0.593952
0.0795386
0.482491
-0.56203
0.360404
-0.691911
-0.988173
1.27459
0.0206249
-0.0124701
-0.0108856
-0.352967
-0.115068
0.369371
0.35583
-0.433722
-0.235826
-0.0732075
0.309034
1.05808
0.16408
-0.16408
0.602725
-0.0876464
-1.48042
-0.1046
-0.239818
0.700624
-0.430755
-0.141538
-0.38749
-0.00257893
0.00257893
-0.214869
-0.134079
0.348948
-0.431136
0.311416
-0.0103952
-0.131076
-0.27848
0.474836
-0.8815
-0.614747
1.01489
-1.10257
0.141861
-1.04903
-1.18392
1.74542
-1.24845
-0.157656
-0.312548
-0.249995
-0.294532
-0.683546
1.32021
-0.200958
-0.383737
-0.233957
-0.229192
0.463149
-0.254216
0.434386
-1.09245
0.866563
-1.89881
-0.361477
0.303491
0.00483291
-0.145229
0.2228
0.728563
-1.12576
-0.10572
-0.15136
-0.191715
0.343075
0.0207604
0.691601
0.367541
-0.3368
0.30168
-0.151014
0.872352
0.000912926
-0.425311
0.906733
-0.481422
-0.197354
0.271145
-0.0737906
0.110177
-0.280603
0.0480236
0.711599
-1.41615
-1.05283
-0.436183
0.743938
0.254473
-0.222502
-0.0319711
1.09535
-1.09535
-0.00140194
0.000866869
0.312041
0.0544879
1.22329
0.427078
-0.191206
-0.235872
0.177472
1.66363
-0.786416
-0.709445
-0.196397
0.131941
1.45912
-0.616401
1.60582
0.00190135
1.03922
0.788931
-1.60702
-0.15534
0.0127991
-0.0812849
0.0684858
0.365179
-0.00488783
-0.384148
0.273472
-2.13367e-05
-0.145039
-0.0986863
-0.034403
0.034403
-0.198691
-0.204638
0.403329
0.205224
-0.246744
1.31228
-0.00682053
0.00211671
-0.917728
-0.227977
0.196879
0.281701
-0.378841
0.208125
-0.774152
1.59531
-0.356848
-0.426624
-0.56237
0.349001
-0.0369594
-0.290907
-0.283537
0.161183
0.242446
-2.06776
0.568953
0.658721
-0.298963
0.228083
-0.0247381
-0.102439
0.524802
-0.157207
0.385231
0.553589
-0.93882
-0.23989
0.380179
-0.413065
1.39625
-0.830521
-0.421264
1.00233
0.180397
-0.416564
-0.151191
-0.191674
0.742217
-0.524568
-0.991311
2.01514
0.423219
-0.595865
0.25693
-0.0520206
-0.0329327
0.296585
0.133877
-0.396709
1.39291
0.935556
0.795669
-0.157857
0.779523
-0.487969
-0.291554
0.30843
0.606264
1.69714
-1.25177
0.323572
-0.396854
0.785409
1.00035
-0.447142
-1.32106
0.13714
-0.00358492
0.196985
0.219463
0.00951267
0.137875
-0.000542473
0.609192
-0.00573574
-0.00326535
-0.00233198
0.0236468
-0.0152649
-1.34292
2.0097
-0.413452
0.00418768
-0.484052
1.05218
1.27816
-2.00684
0.728676
0.000431531
0.0315668
0.00567969
-0.447868
0.296678
0.0192163
-0.0192163
0.135667
-0.0418468
-0.947273
1.5736
0.000866869
-0.25483
0.71942
-0.00034365
-0.672149
-0.442633
0.348809
0.300616
0.0103309
-0.803761
-0.275412
-0.00548764
-1.32402
0.0315883
-0.278277
-0.00747766
-1.31505
0.261581
0.221657
-0.357955
0.816132
-1.61989
-1.08026
0.258501
-0.150932
0.150932
-0.0016906
-0.0520339
-0.00565538
-0.151969
0.156323
-0.151547
1.81007
0.46615
-0.95628
1.85537
-0.00145159
0.349283
-0.0244286
-1.16112
-0.0421223
0.0656282
-0.119644
-0.412475
0.00933188
-0.132791
0.0223531
0.145532
-0.0965628
-1.14328
0.889638
0.000459468
0.0142233
-0.546023
0.961684
1.5625
-0.918349
1.13724
-1.09318
0.612325
0.292738
0.193527
0.43071
0.389058
-0.243591
0.221017
1.36888
0.0150403
-0.658405
-0.588999
0.156414
-0.183389
1.22546
0.297819
0.238645
0.379118
-0.425153
-0.00895826
-0.489051
2.14472
0.106757
-0.260609
0.0661768
0.004668
0.2245
-0.587555
0.363055
-1.11841
-0.790585
-1.0043
0.114667
-0.0793879
-0.0352795
0.462492
-0.853043
-0.00708905
-0.842414
-1.50585
-0.00889202
0.626643
-1.06263
0.128928
-0.00183487
0.0106483
-1.28705
-0.000436318
0.360598
-0.491469
-1.14167
-0.64698
0.505905
1.62633
0.556893
-1.09939
0.626502
0.724648
-0.494918
0.112902
-0.0367357
-0.0146014
1.39212
-0.479164
-0.96947
0.177839
-0.183336
-1.22457
-0.33427
0.291743
-0.300259
0.380764
0.0016507
0.007904
0.899586
0.726233
0.596963
0.630965
-0.878359
-0.603016
-1.12997
-0.758048
0.949701
-0.405171
-0.326242
-0.257667
-0.306438
0.582677
-1.10078
-1.5045
-0.00124087
-0.291681
0.358766
-0.0670852
-1.34655
-0.926396
-0.00321428
1.48628
0.00345852
-0.369702
-1.40837
-0.231383
-0.430042
-0.316141
0.392419
-0.566354
0.173935
0.651446
0.00031623
-0.145419
0.472904
-0.0980555
1.74814
-1.49963
-0.602552
0.496472
-1.39617
0.00811596
-0.0195567
0.0406811
0.154813
0.960465
0.0901908
0.369421
-0.378427
-0.0449191
1.47981
-0.853307
0.000427206
-0.789201
-0.0160009
-0.0143126
0.0303135
1.63517
-0.819038
-0.656623
-0.398234
-0.124581
0.522816
-0.526133
0.237077
-0.67326
0.00169277
-0.00283902
0.410538
-0.552077
1.18786
0.489512
0.00297024
-0.177802
-0.469178
1.70457
-0.906345
-0.254001
0.105786
0.00540061
0.61306
-0.024028
0.085723
-0.15817
1.35945
-0.607104
-0.333549
0.422287
-0.0887372
0.127902
0.487075
-0.567643
-0.502557
4.22531e-05
-1.09794
0.660874
0.409925
-0.342695
0.00598759
0.666707
0.702201
-1.36891
0.00206769
-0.339561
0.250246
-0.000506833
-0.133334
-0.443935
-0.603736
-0.388295
-0.512485
0.278528
-0.0116266
0.00733952
-1.35247
0.299067
0.660339
0.537797
0.00339762
0.0547115
-0.6716
0.59254
0.00187771
-1.09443
-0.209983
-0.505059
0.447526
-0.600292
-0.00252668
-0.459815
0.147267
-0.638943
1.297
2.12403
-1.60917
0.047857
0.810871
-0.789481
0.960682
0.0783048
0.103585
-0.141306
1.16659
0.0534876
-0.135392
-0.0209274
0.3673
0.778994
0.741288
-0.973057
-1.09017
1.13306
0.440532
-0.791444
-1.24188
-0.353056
-0.090203
1.33294
1.17598
-0.622387
-0.08163
0.360158
-0.34298
-0.443449
-0.084157
-0.0448266
0.647028
0.131251
-0.595295
0.464044
-0.0938512
-1.24115
-1.31324
0.109649
0.0265307
-0.569843
0.522293
-1.28565
-0.352986
1.09219
-1.16394
-0.320023
0.904406
-0.580647
-0.323759
0.306362
0.120716
0.380259
0.0602728
-0.0970848
0.475006
-0.169804
-0.035377
1.26767
1.16526
0.210411
-1.109
0.057018
0.319992
-0.202422
-1.01632
-1.08234
-0.175637
0.0803426
-0.0785077
0.752813
-0.0510676
-0.219096
0.270164
0.245365
-0.0584718
-0.26287
0.173036
1.26246
0.672268
0.109387
-0.0111732
-1.64683
0.0320269
0.00478438
-0.00617491
0.230574
-0.992666
-0.272302
-0.0109246
-0.177692
0.160573
0.0171192
-1.25733
0.659331
-1.40156
1.48945
0.0101326
-0.0126593
0.481119
0.708809
0.867029
-0.00462401
-0.224277
0.228465
0.422401
-0.233672
0.244003
-0.321507
-0.634178
-0.390832
-0.224817
-0.0649975
0.483922
0.331208
-0.425022
-0.0645107
0.0664121
-0.503185
0.313563
-0.0908188
0.519312
0.493953
-0.0886316
0.0886316
-0.0154465
0.145307
-0.151043
-1.08097
0.0936343
-0.744922
0.00981332
0.209029
0.185086
1.00718
-0.191566
0.187919
-0.214018
0.0260998
0.495161
-0.421632
0.339487
0.0558475
0.0651888
0.115906
-0.294441
-0.0177928
0.308143
-0.113491
-0.589629
-0.0473382
0.360901
-0.458642
-1.5232
-1.24342
2.15318
-0.151271
-0.16352
1.62069
0.48962
-0.101206
-1.04881
0.226951
-1.14646
1.53115
-0.384686
0.014374
-0.014374
0.0663625
0.00495851
-0.071321
0.294099
-0.0858062
-0.208293
-0.237554
0.281058
-0.0739454
0.0553691
-0.354478
-1.14631
1.06459
0.445071
0.643236
-1.44893
-0.0488729
0.326921
-0.400147
0.342906
-0.184926
-0.00105159
0.262547
-0.107733
-0.393092
0.349272
-0.00401435
0.00711668
0.316102
-0.379179
-0.520388
0.281404
-0.368805
-0.682822
1.33716
-1.25598
-0.134918
-0.36
-0.562899
0.606302
0.353399
-0.430242
0.848753
0.00761113
-0.300686
0.637209
1.54841
0.29917
-0.802315
0.229451
-0.264955
1.41747
-1.03701
-0.313938
-0.260212
0.356599
0.223563
-0.30476
-0.0481849
0.0195361
0.083828
-0.926242
-0.989918
1.8418
-1.04613
-0.00407189
-0.151708
-0.0109854
-0.00683216
-0.0569066
1.10949
-1.05258
0.250451
0.326979
0.103595
-0.281899
-0.368005
0.305926
1.72909
0.226518
-0.321698
0.199955
-0.321569
-0.43251
-0.166249
-0.0109854
0.011683
-0.0209162
1.4403
0.0161874
-0.0830851
0.10458
0.0744734
-0.0224749
0.0726263
-0.0726263
-0.361836
-0.0109766
0.124287
-0.722036
1.50451
0.0595754
0.349064
-0.21794
-0.0537555
-0.410131
0.316662
0.177289
-0.0280387
1.83683
-1.02247
-0.0230937
-0.0265563
-0.393486
0.075216
-0.042708
-0.832527
-1.06628
0.411911
-0.680536
-0.735613
0.0623143
0.24672
-0.41294
0.99889
0.0197697
-0.00614229
-0.0549249
-1.39907
-0.0197697
-0.929759
-0.582976
0.149165
-0.142006
0.0071845
0.400904
-1.36252
-0.628288
-0.058724
0.00362017
-0.103318
0.0699126
0.0865089
-0.0198907
-0.5653
0.113572
0.235376
-0.205757
-0.0331687
-0.27853
-0.0651427
-0.842568
0.144098
0.198978
0.37114
-0.468796
1.14596
-0.778821
-0.0338969
0.376803
1.09844
0.0370291
0.46327
-0.0123592
-1.43735
1.3435
0.878021
-0.300395
-0.577626
-0.241055
0.0185527
0.0500672
-0.283731
-0.13564
0.331195
0.0527472
0.818921
-1.55568
-0.483986
0.348346
0.0572864
-0.0219958
-0.134315
-1.1473
0.144139
-0.169351
0.0166485
0.0366409
-0.0532894
0.00828003
-0.0322797
0.0322797
0.637391
-0.892986
0.144707
-0.0199753
0.0199753
-0.586513
-0.284046
0.1311
-0.361571
-0.172076
1.03347
-0.47307
0.425341
-0.0997247
0.143167
0.0326214
-0.0280387
0.997104
-0.382575
0.345616
-0.393068
-0.168961
-0.155493
0.574051
-1.4765
-0.591262
0.338387
-0.0983773
0.185552
0.204118
-0.542472
-0.128475
0.0223002
-2.2662
-0.700359
-0.0453209
0.0173071
-0.389598
0.981857
0.0129264
0.092959
0.0247083
0.582848
0.160001
-0.179285
-0.0247083
-0.00855684
-0.169385
-0.238179
-0.909118
-0.112799
-0.716564
0.801108
0.250747
0.0308364
0.179407
0.597953
-1.68182
-0.0050372
-0.130354
0.204673
-0.353716
-0.105386
1.63767
-1.16098
-0.384129
0.0203349
-0.31111
1.36828
-0.0549409
0.946169
-0.951135
1.52319
-0.0112182
-0.814136
0.674369
0.0162328
0.271133
-0.0635837
-0.0453749
-0.634767
0.433809
-0.62602
0.477859
-0.141215
0.0263685
0.832897
-0.309893
-0.123829
-0.0252343
-0.378727
-0.246933
-0.00912223
0.374948
0.556143
-0.897586
0.341443
0.0053936
0.017865
-0.0379747
1.01807
-0.871466
1.04732
-0.0896008
-0.017865
1.63104
-0.481506
0.145692
-0.0211041
-1.09731
-1.54717
0.0702029
0.060062
0.538297
-0.175242
-1.07478
0.141342
-0.0753997
0.656368
-0.808663
1.28767
0.104968
0.0144684
-0.135343
-0.906896
1.05656
-0.111425
0.0816867
-0.150476
-1.10032
-0.0326103
-0.093111
0.0189678
-0.132485
-0.726302
1.38563
0.00415056
-0.163474
-0.911535
-0.00791771
0.174113
-0.0135401
-0.0927373
-0.0906418
0.61137
1.5683
0.488846
-0.694018
0.147994
1.37272
-0.473135
0.162239
1.13302
0.472792
-0.387252
-0.487106
0.375681
0.0325604
-0.0510784
-0.0490846
-0.0865586
0.255972
-0.053972
0.21772
-0.0137171
-0.0110149
-0.251412
0.145213
0.66009
-0.034592
-0.172401
0.0970157
-0.612819
0.441302
0.367727
1.85257
0.0112326
0.243399
-0.316175
-0.0129362
0.113443
-0.280901
-0.119987
0.0238034
-0.0233886
-1.42075
0.0682789
0.311719
0.129334
0.305052
-1.51811
-0.447087
0.809529
-0.333647
-0.475882
0.012199
1.21109
0.294615
0.291553
-0.142099
0.251916
-0.502451
-0.41003
1.4553
0.0283316
-0.16417
-0.0162328
-0.00952116
0.0482617
0.034592
0.826202
-0.459772
-0.909136
0.207846
-0.0152452
-0.0523032
0.167348
0.23598
-0.0346801
-0.252274
0.220303
-0.258704
0.327589
-0.451418
0.570702
0.587903
0.149248
0.181844
0.869511
-0.70537
-0.366326
0.232011
0.861159
-0.729643
-0.108359
-0.432385
-0.240875
0.055936
0.217
-0.0120579
-0.896264
0.839358
0.41079
-0.797346
0.000782415
-0.000782415
-0.632695
-0.742256
-0.761921
0.199022
-0.191168
-0.177819
1.47849
-1.30067
0.061564
-0.062966
-0.614289
-1.19923
0.49057
-0.09768
0.622362
0.0086411
-0.20038
0.0571926
-0.36471
0.264985
0.229521
-0.229865
-0.214788
0.133957
0.12029
0.0475347
-1.17188
0.148456
-0.53789
0.0080674
0.360813
-0.371699
0.227592
-0.162427
0.159161
-0.921992
-0.290957
-0.00166964
-0.00234471
0.0876771
-0.222529
0.361248
0.123588
-0.416844
-0.0671686
1.46526
-0.827865
-1.18102
-1.16927
-0.218738
-0.85913
1.07787
0.00145973
-0.0130863
-0.0639352
-0.810491
0.115363
0.157932
-0.000328326
0.0712827
-0.0727343
-0.168694
-0.373778
-0.467763
0.0355758
-0.040613
0.690662
-0.20115
0.360566
0.43241
-0.851282
-0.168949
-0.290865
-0.428843
0.763997
-2.32164
-0.220538
-0.195955
0.00331447
0.415935
0.510231
0.31219
-0.480743
1.99301
-0.52358
-0.105473
-0.075292
-0.741922
0.29478
1.06712
1.33791
-1.53404
0.0997455
-0.353146
-0.0220902
-1.25349
-0.0915308
1.59897
0.0401175
-0.0384247
0.280331
-0.0522479
-0.162056
-1.23799
0.427715
-0.258881
-0.381902
1.63099
-0.0245812
-0.0902319
0.0236398
-0.185571
-0.156396
-0.701146
0.076399
-0.613927
0.0203349
-1.27133
0.0116855
-0.0519985
0.0573991
-0.226874
-0.00901376
0.0137936
0.279996
-1.38548
-0.22202
0.890567
0.0401253
-0.770516
-0.319899
-0.276771
-0.56131
0.340144
-0.00770376
0.00244128
-0.102831
0.586094
0.0677276
-1.4761
0.322809
-0.334607
0.517975
-0.163006
0.160674
0.449277
-0.925871
-0.00711668
-0.00386874
0.527688
-0.125063
1.25809
-0.0718831
0.126703
1.18091
1.23204
-1.25607
-0.0594036
0.592974
-0.175265
0.166373
-0.126618
0.0758463
-0.0775369
0.0155752
-0.00454774
0.0512557
0.103092
0.91472
0.176162
0.211326
-1.07046
0.0498523
0.472776
-0.280342
-0.192434
0.409352
-1.3172
-0.0137171
-0.117251
-0.0440307
0.0391429
0.50121
-0.091313
0.00625821
-1.08511
1.04141
0.466938
-0.252723
-1.48684
-0.0143067
-0.0917057
0.355511
0.217291
-0.849844
-0.159611
1.00946
-0.020729
-0.187749
-0.0860423
-0.0633633
0.0667609
-0.193049
1.39703
-0.375877
-0.10548
0.0499696
-0.281454
0.287231
-0.109882
0.00384464
0.0777099
-0.0123349
-0.224556
-0.824478
-0.157022
0.00113791
-1.43256
0.0163869
0.0500251
-0.0474082
0.147603
-0.00277426
0.000229906
-0.203284
-0.0494934
-0.791893
-0.0770547
-0.0286653
-0.738362
-0.591022
-0.0442766
0.505274
-0.358007
-1.35217
1.94327
0.404754
0.0982859
1.09729
-0.0117103
-0.39178
-0.518474
0.249431
-0.230426
-0.0734048
0.181841
0.832917
0.255241
-0.537928
-0.336928
-0.156285
0.968816
-0.448482
-0.0747752
0.0329284
0.197736
1.53105
-0.356397
0.363592
-1.47314
-0.0213964
0.00898363
-0.163301
-0.628592
-0.00208617
-0.940575
0.359568
-0.924475
-0.416494
-0.010387
-0.515063
-0.302533
0.0877642
-0.445772
0.447407
-0.617644
-0.309876
-0.0899175
-0.374204
-0.193122
0.111628
-0.204662
1.11551
0.0189277
-1.33745
-0.491468
0.641982
-0.0804707
0.0864433
-0.485473
-0.560741
-0.429863
0.446632
0.13685
0.0246941
-0.129811
-1.37563
0.0728961
0.807049
-0.465606
0.666704
0.275498
0.947266
1.1863
0.217169
0.279303
-0.170562
0.0084583
-0.61132
0.449265
-0.00841648
0.152478
0.00819564
-0.104797
0.482563
-0.114836
0.0838084
0.598564
0.377278
-0.55252
0.214914
0.0207042
-1.03703
-0.27504
-0.244959
0.583645
0.133758
-0.0872976
-0.022584
0.08523
-0.00740672
0.0190922
-1.52102
0.0880228
-0.0966976
0.738333
-0.0247923
-0.00610903
0.706353
-0.48553
0.0973498
-0.112334
-1.11912
0.032787
-0.0910781
-0.162043
0.197183
0.0909931
0.0500038
0.0729384
1.28156
-0.480071
-0.102793
-0.375608
0.305826
-0.059106
-0.956455
0.340987
-8.50147e-05
-0.663544
0.109124
-0.310841
0.545284
-0.0222655
-0.421602
0.67517
-1.07667
0.214279
-0.873121
-0.680544
)
;

boundaryField
{
    SideWalls
    {
        type            empty;
        value           nonuniform List<scalar> 0();
    }
    Top
    {
        type            calculated;
        value           uniform 0;
    }
    Inlet
    {
        type            calculated;
        value           nonuniform List<scalar> 
18
(
-1.94444
-1.94444
-1.94444
-1.94444
-1.94444
-1.94444
-1.94444
-1.94444
-1.94444
-1.94444
-1.94444
-1.94444
-1.94444
-1.94444
-1.94444
-1.94444
-1.94444
-1.94444
)
;
    }
    Bottom
    {
        type            calculated;
        value           uniform 0;
    }
    Outlet
    {
        type            calculated;
        value           nonuniform List<scalar> 
18
(
2.05905
1.98134
1.99892
1.97012
1.98783
1.96521
1.94457
2.00377
2.00572
2.03307
1.99339
1.95711
1.98331
1.96661
1.92293
1.64809
1.95903
1.61992
)
;
    }
    Plate
    {
        type            calculated;
        value           uniform 0;
    }
}


// ************************************************************************* //
