/*--------------------------------*- C++ -*----------------------------------*\
| =========                 |                                                 |
| \\      /  F ield         | OpenFOAM: The Open Source CFD Toolbox           |
|  \\    /   O peration     | Version:  2306                                  |
|   \\  /    A nd           | Website:  www.openfoam.com                      |
|    \\/     M anipulation  |                                                 |
\*---------------------------------------------------------------------------*/
FoamFile
{
    version     2.0;
    format      ascii;
    arch        "LSB;label=32;scalar=64";
    class       volScalarField;
    location    "5.5";
    object      p;
}
// * * * * * * * * * * * * * * * * * * * * * * * * * * * * * * * * * * * * * //

dimensions      [0 2 -2 0 0 0 0];

internalField   nonuniform List<scalar> 
5098
(
-0.654599
0.517538
0.240062
2.16705
-0.892512
2.39121
0.0456929
-1.03964
0.23704
0.288379
-1.02667
0.868801
0.536375
2.67005
-0.503788
0.012527
-0.452981
-3.25521
-4.59682
-0.536986
1.49584
0.00997696
1.14986
3.2221
-5.37928
2.32054
1.44403
1.63453
-4.53615
0.889058
0.746699
2.85053
1.71734
0.00386374
-0.399582
-3.03016
1.76991
1.6877
2.57398
1.32321
2.13049
-10.76
2.29376
0.22337
-0.213964
0.645519
-0.817453
2.8896
0.758886
2.20365
0.213414
1.94801
-6.28313
1.6026
2.39428
2.25756
1.65937
2.04792
2.85719
-0.219249
-0.20865
-1.39849
-0.415147
0.553389
-6.26953
2.69722
0.0467283
0.120179
1.39849
1.95746
1.60872
-0.0791919
1.4659
0.192836
-0.147838
2.20662
-0.0862267
2.29764
0.356877
2.18835
-0.246769
-7.76015
2.12128
-0.0787424
-3.49675
0.832065
3.41306
-0.0713286
-1.24847
-0.231094
1.03151
-5.20529
0.893527
2.16799
2.58598
0.0455043
1.93863
2.34601
-0.144439
1.45772
-1.63964
2.33187
0.235677
0.0474622
2.30279
-0.407055
1.50882
0.0553182
2.93308
-1.17951
2.06567
-4.29871
1.65394
-5.33799
1.42279
-4.55994
-7.51861
-1.45789
0.0140806
3.2008
1.90954
0.178458
0.315537
-11.3935
-5.15358
-0.588647
1.52451
1.18744
2.60774
-5.2604
-8.30794
2.78363
2.7518
-1.20747
-0.865173
-2.01499
-1.69582
1.47697
2.60156
1.57956
1.9552
0.0746731
1.55264
0.269972
0.63889
0.052843
1.45207
-0.70045
-1.13586
1.3353
-7.3575
-4.94208
-0.781708
1.72005
3.45546
3.15095
2.05107
-1.34046
2.13607
-4.44711
1.63065
-0.558106
-4.85549
1.9467
-4.08349
0.592608
-0.983443
0.789312
-5.50716
2.03572
0.0249789
2.20702
0.387531
1.64378
0.651011
0.756795
2.07882
-2.85265
2.03131
3.46216
-3.07479
-6.29173
1.93252
-4.17502
1.91609
-0.979033
2.26085
1.73669
2.18144
-6.61589
-4.30045
0.321818
1.41692
-0.165299
0.639306
-5.28395
-5.46423
-2.22597
0.0297805
2.00172
-8.02117
1.94679
-0.208283
0.50728
1.54143
3.14843
-0.806441
2.63093
1.11773
1.41118
1.76444
1.90942
0.32256
0.591867
-0.881475
-4.59927
-0.171401
-1.71686
-5.16662
0.820426
0.955214
2.29673
0.089166
0.94502
-5.48492
1.64583
3.41205
1.56588
1.52721
0.52419
1.59883
3.28794
-6.09053
0.00712958
0.409942
0.459703
1.12303
-8.41361
-2.20418
1.89161
-8.20794
0.342624
0.122212
2.97587
1.46219
0.991776
2.62441
-1.43443
-0.491411
0.919569
0.399796
1.58439
-4.92508
-8.83102
1.75467
-8.44753
-0.819379
0.309568
2.84893
-0.0473121
-0.963776
-6.06592
-5.8993
1.48263
0.0455276
-2.14787
-4.43746
-1.1843
0.134226
1.92699
-6.57377
-0.0622828
-4.41179
0.13987
2.81787
0.259037
-9.88263
-5.65477
0.916816
1.75947
-7.9834
-0.925269
-5.5777
-0.974718
0.12603
0.118032
1.7497
0.0632129
0.594989
0.924929
-11.5598
-4.8516
2.95986
-0.146746
1.53661
0.269532
-0.428611
0.696174
1.39831
1.7081
0.0472704
-0.865955
2.25863
1.40075
-2.06559
1.78144
-1.76829
0.789149
1.88721
-0.827455
1.06694
-4.98571
2.35019
-0.190301
0.497127
3.45297
-1.52645
0.0718636
1.1941
3.08051
0.324863
-4.94274
-1.89804
-5.11009
-0.131957
2.60615
0.481162
1.48221
2.90418
0.0141561
1.93839
1.1551
2.60426
0.830613
1.91765
0.167221
0.771262
2.23056
1.35947
1.88528
1.51469
1.98929
0.416232
1.63939
-4.27987
-0.139931
1.49824
-4.50533
-1.43889
0.870708
0.676557
3.006
3.05319
-7.85561
-0.211034
-6.82716
-1.81771
0.655806
2.5673
-0.0882824
1.55228
1.55844
1.12964
-0.0617743
0.179119
2.84753
1.63636
1.00204
0.916999
-8.90869
2.75415
0.229018
-2.75263
-0.23721
-0.0768456
-1.42622
1.95695
0.352741
0.840327
-0.0503138
1.58959
-0.503442
1.75515
-0.852513
0.197026
-2.2799
-0.336073
-8.81012
2.08806
0.215704
1.4244
0.4837
1.62183
2.07296
1.10074
-4.4469
2.23812
-3.59959
0.501751
-0.761592
-4.82477
3.00691
2.19707
1.57563
-4.50664
0.445635
1.62104
-2.55084
0.320929
-1.19905
1.56358
-0.26792
-6.59851
-0.012306
-1.68487
0.0475628
1.41298
2.96484
-2.06007
0.832073
1.58861
2.29055
-0.0254962
0.848112
-6.81092
-5.18982
0.168552
-0.55195
0.134718
1.66246
0.0545532
-4.50663
0.0236776
1.78964
-2.01514
-5.10119
0.116886
1.19092
1.24965
-4.95238
2.00901
1.89604
1.14808
-0.282387
1.33375
-1.70257
-2.50807
-0.509321
-4.55622
1.53656
-0.692391
1.09317
1.60508
-0.22663
-0.637919
0.195814
-11.0692
0.821596
1.66861
-2.95135
2.26547
0.0178677
2.9665
-2.68865
2.09375
-2.40298
-5.42501
-10.2317
-1.8149
2.09046
-4.75875
0.874634
-0.0442101
-2.10648
1.43391
-4.25546
-4.86043
2.32213
-3.13832
0.870003
0.684805
-0.786568
-3.64856
1.42269
0.189754
1.87242
0.291914
-0.695618
0.275292
1.62652
-2.8737
-0.631163
-0.481016
-5.29068
-5.15807
0.00934638
2.46536
-3.64793
2.38422
1.70386
-2.94621
1.1664
-4.67645
-3.23199
-4.54795
-3.6099
1.16105
0.889412
-3.94154
-0.387919
-5.14052
1.57874
1.7264
0.555338
0.736224
1.5484
3.07973
-6.99818
-0.78591
2.46055
-2.71817
-0.779208
3.01151
-0.00843227
-3.38858
0.0204169
-5.60849
-4.5013
1.63804
0.934939
0.491156
3.39308
-5.26125
-0.0749016
-1.10158
-0.299046
0.138658
-1.65002
-5.43313
-0.389528
1.43783
0.236813
-6.63808
1.9006
-0.303511
-1.4981
-0.297805
-0.870279
3.38197
-3.0831
-2.01295
1.89257
-0.599747
-4.62882
-1.09032
-0.605697
-8.3127
2.36795
-0.75153
-1.17279
-0.756697
-0.631936
1.86217
-4.76951
0.158439
-4.45502
-5.06717
0.00116925
-5.09465
-4.89496
1.01416
0.774839
-4.95025
1.46126
1.90642
3.33331
-0.323835
1.85479
2.60984
-1.96839
0.137034
-7.38246
0.72502
0.125271
0.30623
-0.257641
-0.0226704
1.0981
0.685049
-6.77593
-5.07785
2.97495
-1.47161
-4.15472
-0.310322
1.85788
1.19547
0.997421
-2.64542
-2.38148
0.0176342
2.06146
0.902374
0.553959
2.78626
0.0995792
2.6516
-4.78906
-7.02805
0.00671851
0.0193389
-6.40097
-5.10644
2.71184
-2.62158
-2.37714
2.74577
-1.07229
-0.0672081
-0.204093
2.95676
-4.59745
2.46398
0.258192
-0.0538972
0.457841
-5.28452
1.35051
-0.327713
-0.212255
-6.72874
1.55269
2.06643
-5.97302
0.00303691
2.04597
2.85491
-7.13059
1.74324
3.33635
-2.40091
1.06156
-0.913732
1.69075
2.42731
2.14088
-4.20893
1.67614
0.614415
-2.93219
1.50427
-0.35134
1.98827
-0.869831
1.74711
1.15288
0.164963
0.0592496
0.594665
1.72602
2.13302
0.126624
-2.34512
2.87668
1.86151
2.22063
0.231011
-0.418959
0.0523548
0.055922
2.8011
3.00596
-3.29274
1.79236
-2.45219
-5.19821
0.256919
1.63912
-4.88279
-4.48109
-2.87698
-2.60253
-0.307242
0.818996
-4.05412
1.81783
2.16612
-4.60391
2.23287
0.0148878
1.70726
-6.38459
-2.06594
-0.307763
2.93595
-0.345698
-0.624393
-1.34573
-4.41868
1.52263
-1.05644
1.03803
2.72142
-3.44885
-4.13647
-3.4268
-4.49006
-4.71846
2.1755
-0.933528
2.90323
2.86496
2.69215
-4.84921
-5.20229
-4.26743
-4.79619
0.139205
-4.85549
-4.7849
-7.21795
-4.44808
2.2515
-5.24085
2.01117
-5.33977
2.65959
1.4907
-3.83739
0.220972
-4.60079
3.31495
0.0529247
1.59444
-1.84219
-5.00425
-1.75715
-4.41892
-4.01747
2.13767
-0.625088
-0.829216
-4.74777
-5.41529
1.12155
-1.95846
-0.333516
0.0275573
0.502801
0.378167
-7.39132
2.14484
2.68835
-4.72794
1.28433
-5.00695
2.04124
-4.39052
0.248194
1.25012
-3.06844
-0.394877
-5.33356
-0.416628
-8.83206
-0.990792
1.87755
1.33047
-4.17672
-0.224248
1.21314
1.42341
-0.0399698
0.80209
-7.57403
3.35696
1.26638
1.95171
0.224072
0.796932
-7.05624
-9.21462
-0.304541
-7.16376
-0.36912
2.78217
2.37542
-0.956153
0.990752
-1.69112
2.49709
0.926962
-5.38742
-6.15236
-6.79991
-4.58651
-0.0523177
0.199573
1.76711
-1.3445
-0.209018
-4.32706
1.48693
-0.682264
-5.09877
2.24782
1.07017
2.83324
-0.669996
1.84218
2.23843
2.09575
-0.491466
1.92348
-0.421852
0.518501
0.411594
0.216298
1.09615
-5.11382
-6.66722
-1.78079
-9.65655
0.793937
1.69875
0.510147
-5.20769
0.697119
3.43388
-1.5403
1.98854
0.041533
2.7198
-5.05956
1.59781
-0.296149
-6.32598
2.90095
-0.14574
-4.57651
0.736951
2.99992
1.93694
-0.562988
-1.00419
-1.91219
-3.72153
-3.12147
-4.97706
2.05861
-3.93613
-4.02891
-5.47551
1.39669
0.041015
-4.95236
-1.20996
-4.91074
1.14517
0.0457709
1.83428
-1.23664
-4.88702
2.73501
-8.4745
-3.76497
-4.80707
0.33775
-5.38067
-6.88572
-5.68317
-0.266775
0.020619
1.4493
-6.95823
-2.94618
-4.77309
0.148829
-0.713723
0.689744
-0.0235466
-5.59794
1.55164
0.0885262
2.58812
2.08336
0.748432
2.19703
0.592096
1.46465
3.18741
2.23188
-7.64556
-2.36717
0.280929
-2.28365
-0.765216
-5.82979
1.88121
-4.42774
2.50809
2.60252
1.78286
1.75813
-5.35432
0.968955
-2.67812
-0.186571
2.76625
2.04812
-0.299897
-0.0947234
-5.73272
-3.36235
0.116733
-4.70272
-2.45019
-0.517619
-0.0537136
-1.59894
0.826653
2.84635
1.82311
2.04956
1.85172
2.13642
0.0386326
-0.429005
-0.673976
-4.70907
0.576428
0.434635
1.52615
1.14979
2.93713
-2.11258
-0.963054
0.0604604
1.66873
-0.447529
-0.141329
-5.10956
3.28083
1.72165
-5.06592
1.73623
-0.646379
-9.05906
1.47066
1.92
1.00447
0.547855
0.946023
-0.259639
-0.171192
0.191488
2.7814
-1.28268
2.45321
-7.09182
-0.705287
-9.04271
1.36535
2.07217
-1.9347
0.0439504
3.2609
0.496482
1.50797
1.52225
3.01748
0.22053
1.96553
-0.202367
1.95032
0.0555165
-0.326158
2.51575
3.3336
0.531423
-1.41648
0.286459
-1.09381
-4.755
1.80764
0.874566
-2.74082
1.70732
2.1948
1.68116
1.75346
0.164527
1.81125
2.5304
-1.37569
3.11484
2.159
1.08165
0.0236123
-1.11899
0.0829094
1.87708
0.354524
1.87268
2.15693
1.71283
-3.69163
-4.43966
2.21013
1.29417
2.3751
-0.264237
1.59611
1.97712
1.32016
2.2603
2.21938
-0.45317
-0.728392
1.79336
2.1835
-1.59937
-0.746251
-1.70327
2.14573
0.452372
1.91948
3.03887
-4.95515
2.94508
3.22179
0.159455
-1.13062
0.258401
3.42131
-3.90911
2.11023
3.0481
0.72219
-5.75313
0.947541
1.36541
3.18246
1.42791
1.33262
3.3103
2.39763
-0.238486
3.29572
2.71407
-0.143499
-1.3008
-3.66656
0.0107445
0.524747
2.10879
2.68258
-3.94819
-0.220081
1.06269
0.67533
2.32036
-4.56276
2.81538
-2.0461
-6.28222
1.56162
-2.34829
2.10616
-0.641229
1.42639
-2.54271
2.68929
1.87629
1.73553
1.83812
-9.14342
-0.201261
-0.193824
1.19306
1.19033
2.84079
2.0394
0.0171441
1.25792
0.625168
-3.05979
2.66208
-0.123612
2.24351
0.105904
0.270938
-3.62477
0.398715
0.987902
2.98691
-0.0493256
1.27822
-3.05628
-1.11788
2.57894
2.45098
-4.43613
2.52492
0.669579
-3.65824
0.255262
1.23697
3.37558
-0.248762
-2.91544
2.31221
0.0854411
1.86536
-5.5537
-10.304
0.090062
-5.18741
-6.80278
0.779376
1.94444
-0.224592
-6.49642
0.0133133
-0.203872
-2.24432
0.873627
2.87547
1.36467
1.18708
-0.21142
-0.327662
0.164253
1.35863
-0.837058
0.0178679
0.0777562
0.00735458
0.314967
1.25688
0.622383
0.8014
1.30981
1.29692
-1.66606
-4.91236
0.32964
-1.33698
3.26109
1.10839
0.699279
-0.137175
-1.07003
-0.945719
-0.190527
-2.55772
-2.86734
-0.48546
-1.09034
1.94074
0.639439
0.01814
2.09436
-6.36782
-0.658182
2.81503
-3.25641
-2.26267
0.703351
1.66543
-2.58861
0.453907
-2.70121
-0.497856
-0.460677
-0.626077
2.13725
-5.51678
1.16266
0.0648643
-5.11547
-3.52064
-0.364619
1.49372
0.243881
-1.83435
2.81458
-7.7667
1.83225
-0.750358
-3.1931
-2.16648
-0.685654
-6.2699
1.80856
1.685
1.80717
-0.212633
-8.8986
2.50035
-4.4866
-2.67525
0.0167262
-5.96936
0.00181406
-0.384746
2.56141
-7.32438
-4.51014
-1.42811
1.21398
1.09753
-8.26678
1.1842
0.0758697
-0.744461
0.637676
1.06994
0.771734
0.245723
-7.90314
2.62234
-0.259717
0.00322423
1.11513
0.0197942
1.20135
-8.98484
-0.55473
-0.951139
1.28692
-0.137973
-0.576384
0.827075
0.0101246
0.143372
-0.379269
1.81152
-0.202847
-0.982114
1.65098
1.51744
-0.103476
0.852168
0.884635
1.70327
2.16033
1.92882
0.260352
2.86831
1.44686
-2.29758
1.31761
-9.68927
-0.0309507
0.0482564
0.705519
-0.599038
2.89164
0.584442
0.455167
0.141521
0.794726
-0.0588092
0.686077
-4.11226
1.41766
0.0461741
1.63584
0.970306
1.71267
-9.82573
2.2161
-7.02825
1.69967
1.79555
0.56733
-0.293405
-2.01079
-0.903966
2.07998
-6.16459
-4.47878
2.03083
1.21885
-0.163182
2.0671
1.32877
-1.02737
2.68089
-1.89879
0.473069
-1.68749
-1.58951
-0.151547
-0.426858
-1.09273
2.96625
0.00829922
0.578055
-0.463956
-1.80724
1.78685
2.18275
0.00939625
0.0127984
1.60092
-4.74582
1.66585
1.70959
-0.475959
-0.571928
1.31238
-0.175358
3.00438
-5.17585
1.35953
-0.137821
-1.34455
2.83935
1.93821
0.450735
2.43329
-1.66173
2.24656
2.17343
0.0173561
1.63137
1.66039
1.30169
1.64469
-1.14212
1.78093
0.29726
1.03333
0.00387747
-4.54657
1.79152
-6.07859
-5.15127
-0.0948699
-0.234143
1.40089
-4.36609
1.61434
0.495866
0.842525
1.62811
1.47533
0.645514
0.193233
-2.65982
1.64142
1.08632
-7.46538
-1.43245
-0.0749199
1.71611
-7.44103
-7.126
1.50002
-7.32227
2.18613
1.03122
-7.40584
-5.25729
1.95746
2.1212
-0.77981
1.4665
-4.94869
-1.10706
-3.72971
0.508384
-0.973725
-5.48421
3.18685
0.959403
-4.89825
0.0271676
-0.816505
1.62995
1.06422
-1.66922
-5.69179
-2.75268
-1.83369
-4.58156
1.38426
2.6691
-0.428946
-6.71643
0.0239362
-6.28324
1.91576
3.2241
-8.59436
1.26703
1.85427
-5.92313
0.588424
2.89797
-3.68642
-1.60335
1.36143
1.47447
1.28861
-0.978965
1.03123
0.0142575
1.19044
-2.17967
0.0558067
1.71632
-0.522995
0.399129
1.05864
1.56221
1.01074
0.0697673
0.746676
1.70783
1.25806
1.61135
3.02072
-1.6628
2.82634
-0.0733848
2.77034
3.33799
-5.93231
0.196078
0.412271
1.58529
-4.22923
0.78925
1.13482
0.0211684
1.91501
2.49403
1.97533
2.02724
0.505474
1.28369
-11.7326
3.28293
-6.79889
0.188859
-2.41263
-0.962862
-9.85108
1.69539
2.01651
0.960274
2.09795
-2.3895
0.07532
2.17508
1.69871
-0.164321
-0.718844
0.00862475
0.25763
0.539382
1.80625
3.14956
1.60351
2.31801
2.2414
1.92976
3.02146
1.10717
1.64923
0.182152
-1.88343
0.977845
1.35245
1.40559
3.32287
0.689035
0.899012
0.00266461
0.062956
3.19092
1.00588
-0.500725
-4.30708
1.50796
-1.53061
-0.168202
2.40008
1.69512
1.63552
1.80918
-0.0848638
2.41817
-4.74088
1.60654
0.308732
0.290389
0.206957
2.65737
0.308737
-0.0072603
1.70144
1.70514
-1.30372
1.49515
2.73236
-0.371718
-5.4911
-6.48503
-4.53965
-0.720962
-6.96984
-0.576069
1.51779
0.690764
0.0508993
1.83367
0.240945
-0.598226
-1.04056
-3.50757
-2.44727
0.247183
-6.33049
-7.21387
1.6272
1.58252
2.33466
-0.67841
0.687237
0.0406488
1.5386
2.59991
-4.53812
0.0238839
-0.0151088
2.747
1.34052
-0.564656
-1.02658
-4.55523
0.0189755
-0.371301
2.88924
-0.0151914
0.00558226
0.731552
0.710854
0.0126777
0.929462
0.290009
0.924806
-4.53294
-6.5346
0.302084
-7.20541
-0.0902863
0.903942
-3.07096
1.85904
1.10241
3.08459
0.697547
2.76059
-0.733799
1.9048
0.0563977
-0.15393
-1.85934
2.59048
-0.286187
0.420975
0.34911
-3.23289
-2.47518
0.00994168
0.0422661
-0.155014
-0.297681
-0.158809
0.245218
1.08788
2.06266
-4.83531
-0.95008
0.248298
-0.251204
0.080574
1.83755
0.4283
0.873534
-0.221067
-0.046384
2.42498
-2.74425
0.886776
0.00413603
0.0470593
-0.548334
2.39022
-2.34153
-0.0552873
-0.0821019
-4.86885
-0.801379
-0.105697
2.78201
2.011
0.013822
-4.11877
-6.43317
1.70993
-0.417906
-0.326897
0.00641752
0.702541
-0.282159
-0.0488154
-0.957352
0.00454217
0.71008
-0.83471
1.84159
0.608753
-1.26538
0.19548
0.644774
0.133971
-0.0581187
1.78349
0.211636
-0.448763
-0.615993
-0.180653
-0.989657
-0.109195
1.7982
-3.25293
-1.09319
-0.687834
0.00861459
-1.85312
0.229554
-0.124569
-0.0281844
2.52346
1.17292
-4.47562
-0.0638635
-5.72357
-0.990786
-0.126645
-0.151594
1.72439
1.1091
1.35048
1.64533
0.304213
-3.56084
-1.33648
-4.36577
-0.0968886
1.9273
-0.100525
0.73342
-5.95129
2.08599
0.0486896
1.77783
-0.849632
-1.10302
2.24061
0.0241598
0.000962813
-4.15548
2.46795
0.379939
1.49847
1.71498
-2.83282
0.00951966
1.59183
-4.78022
2.41879
-0.512311
2.36315
-1.86219
-0.126647
-1.1235
1.79154
2.30619
-3.60315
1.4505
0.690716
-0.161054
2.59829
0.590682
-5.37324
1.60334
-0.0569821
-0.411419
-1.05915
-4.93373
-0.0599056
-7.05688
0.00157099
1.48439
1.17388
-0.129656
0.0627498
0.733966
-0.397405
1.61378
-0.446682
0.017418
-1.07027
-0.049882
0.0611448
0.0243737
1.51405
0.540938
-0.0518998
-5.09128
1.92971
-0.12734
-0.773769
-0.148772
0.53977
2.75715
0.331002
0.00138395
1.39409
0.26571
-0.211712
0.304416
-2.77745
0.244158
0.0664466
0.123385
1.76492
0.00470853
-0.0931952
-7.24801
-0.0331283
0.0382042
-0.31278
1.69119
-0.370418
0.0273037
0.622186
-0.977314
-0.555592
-0.0177197
1.24691
-2.05238
0.162168
-0.28374
0.0648268
-0.00171177
0.0252115
0.0125452
-5.51952
-0.644329
-0.757339
0.474711
1.13822
0.0513727
0.7441
0.808828
-0.0491905
0.02043
0.844881
0.0848266
0.0257632
-0.482019
-0.735856
0.324973
-1.03615
-3.43367
0.0177174
0.399931
0.13719
1.05731
0.930382
0.0780229
0.356999
1.70329
0.0728761
-2.65961
-0.0169727
-3.15982
2.3102
1.60606
0.106091
-0.0138813
-0.0896847
0.0856559
0.028367
-0.0513242
-1.6929
-0.931821
1.5687
0.270938
-0.00548836
1.63683
0.0822474
2.55325
-0.112882
0.221053
0.149106
-0.122738
2.43653
-0.0123846
0.0495434
-2.41036
0.0478703
1.18742
0.617602
-0.0474425
1.68704
0.0630548
1.40408
2.26979
1.13245
0.937074
0.00767927
1.09343
0.0622581
0.374601
-3.60311
-3.16034
0.0658685
2.18173
0.563114
1.66609
0.81061
0.00757992
0.053477
0.0765689
-0.273824
1.35461
-2.28961
0.0408915
0.00624682
0.0450864
-0.0857115
-0.324647
-5.86393
2.81018
-4.1836
-5.89447
2.61826
-0.103362
0.0459526
0.00532338
0.0443989
1.62123
0.0631871
0.00694153
-4.43229
-2.72928
0.0317067
1.71121
0.0746349
0.0657312
-0.831311
0.0191535
-0.472736
-0.0462719
-0.00896688
0.0704505
1.71095
-8.82862
-0.148202
0.716562
-0.152642
-4.46376
0.0837823
-5.18846
0.00293688
1.90818
-4.73524
2.14646
-0.185666
0.0690358
-5.48038
-0.108155
-0.241951
-0.0794554
-4.45819
-0.0883642
2.65684
-1.62081
-3.27596
0.00407349
-2.71761
0.0149318
0.0949346
-6.75505
0.0090459
-0.0327963
-0.246129
0.00911103
0.0432078
2.07323
0.503307
0.0064569
0.0791996
-0.00751847
-9.74094
0.0810535
-3.18957
-0.0544972
-0.214619
1.98803
-0.170064
1.71423
0.0114216
-0.125041
0.00512289
0.00448472
0.0206224
-4.42471
-7.54686
0.0615939
0.99969
1.5434
0.656092
-0.00991628
-0.0157625
0.00800954
1.99701
-0.0539754
0.296122
1.07071
-0.00215956
-0.00190054
0.281386
-0.00710872
0.0190117
0.0835299
1.70317
0.00700854
1.40646
0.0178905
1.82395
0.0536088
1.27465
0.00939051
0.00579578
-7.97343
0.001314
-0.0449506
-0.301779
-0.861052
1.2917
0.00380384
0.678084
-0.0499406
-0.0635986
0.363513
0.060427
-0.0425972
-10.1065
-5.6107
-0.00342325
2.16137
1.54318
0.0236096
-0.0320754
-1.15991
0.0357866
0.46243
0.293722
0.0134492
2.41958
0.037473
0.0311106
0.0141901
-3.91035
1.71749
-0.227623
0.0652663
0.0154779
-5.13656
0.146823
0.0372492
-9.9326
0.709371
1.22204
0.0593154
-0.238433
0.103322
1.6246
0.00573205
0.0212133
0.0200006
0.0825667
0.120251
0.0758338
0.0694837
0.0113214
-0.0582237
0.0282884
-0.135574
0.0136664
0.071071
-0.293932
0.0823029
-0.0181286
0.093096
3.08144
-0.0304715
0.1217
0.00929357
-0.214195
0.838531
-0.0176421
0.0996941
0.324774
0.0494576
0.0104038
-0.0047177
0.0192278
1.67458
0.00744872
-0.0262717
0.111041
0.0212173
0.0176629
0.130536
-0.0368519
1.99842
-0.110101
-1.37726
1.42098
-0.00486886
0.038566
0.0868008
-0.327588
-6.79079
0.246186
0.244058
0.0145336
0.0272796
0.029481
-1.90996
1.85585
1.97065
0.0155451
0.0715105
0.0890547
-0.00650625
1.65716
0.00634707
0.0195357
1.72434
0.0115438
1.72623
0.0575185
0.0334079
-0.316919
0.0453375
0.0141068
2.09007
-0.0322197
0.00203869
-0.345007
-0.371973
1.72291
2.46497
0.00587542
-0.299405
0.0328261
0.0345473
0.00223348
1.82197
-9.54308
-0.00237667
0.037517
0.0851633
-0.0168615
-0.0121842
0.0564026
-1.81577
0.00263642
0.0449544
-1.0211
1.65464
-3.45752
0.0321346
-0.0037071
1.08954
1.11257
0.033965
0.00220912
-4.18954
-11.5292
0.0100249
0.0321887
0.0113364
0.0335676
0.00274346
-3.80308
0.0124531
0.0275628
0.0250973
1.65556
0.0137152
0.0818413
0.0377765
-0.170085
0.00779693
1.63598
-0.0222919
2.003
-1.01072
-6.85736
0.0325719
0.0661689
0.0353086
0.0302406
0.0864363
0.0186926
0.0488394
0.0894987
0.00791858
0.0116028
0.0111174
0.0261068
0.0397831
0.00992032
1.73754
0.0577169
-0.435943
2.08478
0.0224565
0.0935499
-0.992768
0.591546
0.0290866
-1.90385
0.01952
0.0411597
-5.11938
-0.123
0.0329779
-0.641313
0.0375878
-0.153177
0.186821
0.000974019
-9.49668
-0.127806
0.0383161
-1.46478
0.167011
0.0289151
0.0236274
0.0394519
0.0996111
0.0937173
0.0967956
0.32177
0.011835
0.0205541
0.0418763
-1.08794
0.0193784
0.00521179
0.0155245
-0.0333636
0.0166776
0.0260865
0.00160391
-1.13037
2.74739
0.0544591
0.0134908
0.0427717
-0.400527
1.93952
-0.0208721
0.186086
0.00329379
1.94285
0.0134642
0.644847
0.101329
0.012647
0.0260453
-0.148258
-4.40108
0.0701363
0.327042
1.63469
0.0310013
0.0066486
-0.0664561
2.02215
0.0344983
0.0357311
0.00587044
-0.0573561
1.39795
-0.00668311
0.0339
0.0128513
0.0231871
0.0243141
0.0394707
0.768279
-0.324044
2.18808
0.00123156
-1.17675
-0.273396
2.35305
1.36653
0.018183
0.025215
0.0646854
0.0539095
1.5469
-0.259352
0.0223605
0.0786482
-7.62692
0.0276147
0.079744
0.056126
3.16487
1.06292
1.55471
0.0287421
1.72061
0.0096666
-4.76678
-7.6113
2.28738
-7.34831
-7.51109
0.0251146
1.45453
-0.173989
0.0160692
-0.401838
-0.195101
-2.30137
0.310895
0.0472654
-0.00264374
1.7043
-0.0420886
0.596523
0.0265745
0.0331115
0.042837
1.74507
0.0238844
-3.67574
0.0689655
-4.44908
0.000887448
0.0362827
0.0618987
2.80563
-7.0317
-0.270915
0.0425835
0.0353991
0.0397429
1.14923
1.67312
-0.0353803
0.0379046
-5.21436
0.035094
1.05726
3.09642
0.8895
0.25429
-0.0242313
0.0403863
0.0312531
0.456903
0.0606069
0.042185
0.019514
0.661648
1.63225
1.63511
-7.51707
1.16271
0.0354224
0.0412732
-11.16
0.0922567
0.0399006
1.90681
-0.181414
-5.39195
0.0106382
2.69873
-0.707484
-0.234696
0.0282207
-1.01072
-0.177676
-4.8231
2.82679
-0.0679353
-0.563641
-5.66955
0.0430462
0.09747
0.27444
-0.425754
-0.203354
-1.54148
-6.57739
1.70489
-0.022836
-0.0992231
0.0548834
1.15962
-0.0272092
-6.22449
0.0165482
0.107269
3.22108
0.0196177
-5.92083
2.91731
0.0055106
0.0904454
0.012495
0.0104899
1.83123
-8.35803
1.58763
1.70921
-0.15663
0.030555
1.70947
0.842091
-0.130957
-1.31178
-5.69137
0.0187754
1.83135
0.0244625
-0.844444
-4.33845
0.533697
-0.436307
-0.04649
-0.00960752
1.64109
0.0284776
0.0234289
-3.44157
0.02443
0.0186781
0.0468256
-4.4994
-5.09225
-0.0141198
0.0289601
-0.183613
-0.707443
0.0727757
3.11144
0.0770119
-11.2507
0.48935
0.0190298
1.88607
-0.0906534
1.71572
0.0761885
1.5815
-4.18603
0.0893657
2.52689
0.0691228
-0.125049
1.93941
0.222824
-0.0564048
-0.0629885
1.73645
1.94765
0.0618504
2.00604
2.85758
1.25171
2.0517
-6.53954
-0.0174553
2.61977
-4.80606
0.604993
-0.139982
1.62017
-2.07948
2.05955
1.97741
2.13765
-0.102471
-0.0233668
-0.778366
0.0212544
0.113131
-4.93968
-2.2154
-0.00901691
0.025425
-2.15904
-0.000949984
-0.296106
0.515649
2.20825
2.35883
2.27684
0.100511
1.35318
-0.195548
0.464843
0.113291
-0.0387128
3.03401
0.0341725
-0.249724
0.147788
-4.80039
2.45356
-0.20393
-0.492133
-3.2959
0.110914
0.288835
-0.983537
-6.71511
1.46907
0.0375799
1.44061
1.81399
-4.0351
-0.703461
0.0796726
1.88921
-1.11432
0.00841585
-0.014852
0.0080651
1.56588
0.0287733
-0.156375
3.37617
2.44969
-0.104192
0.0818581
-3.28068
2.77296
1.66009
0.125328
2.97134
0.0237785
1.75139
0.601234
2.77817
0.161439
-4.18948
0.998018
-5.09528
0.00911721
0.0464319
0.115752
-4.85198
2.90487
0.096103
-0.193313
-0.931118
0.650712
1.15367
3.20796
-0.229934
-0.174623
-0.0125133
1.23772
-0.24616
-0.0271556
0.274077
1.63995
-0.0520755
-0.168208
-1.47393
0.151608
0.561051
1.69007
-0.0737768
2.84226
-0.152615
-0.198374
1.724
0.0238477
0.00926145
0.0657538
-0.74516
0.873441
0.0132121
0.777601
-1.79183
-0.194703
1.56648
-2.01822
-0.087331
-0.0770254
-0.182812
-0.293489
1.58557
0.0758858
0.0941739
9.02167e-05
-0.435255
-0.0840405
-0.32412
-4.87769
-0.00929775
0.959915
0.266875
-0.200039
0.335208
0.0291142
-11.3356
-0.208031
1.70938
-0.336025
-0.18743
0.140738
-0.296837
2.54893
-0.186277
0.909626
0.0466096
3.26593
3.10212
-0.035612
-0.561131
-4.67119
0.00143196
1.42074
1.71539
1.70235
-0.191743
0.0128301
0.0941405
2.69507
0.17646
0.0515414
0.498204
-0.383379
0.247108
-0.182295
1.42894
2.67267
0.00856246
0.108585
-0.20791
1.35031
2.27211
-0.554439
0.656274
-1.17651
3.16396
0.00906492
-0.0646143
1.34595
-0.724793
0.0132611
0.0182661
1.66751
0.0118882
0.0183602
-0.647279
-4.38691
-0.162976
-0.00273781
2.63005
0.811963
2.08279
-0.106547
-0.0580086
3.28161
-0.188131
0.0228815
0.681778
-0.362403
1.41305
1.45251
1.78605
-0.0017314
-2.04569
-0.479251
1.66664
-0.44706
0.0157371
-0.000885404
1.72411
0.366504
0.0189959
-0.12783
0.388216
-0.226177
0.0199754
0.0732043
-0.186753
-0.388191
-0.163311
1.21575
2.58353
0.259999
1.88285
1.61743
-1.87383
0.0174395
-11.3333
1.8522
0.128686
-0.0365449
-0.0625547
-0.140169
-0.189501
0.0482324
3.27092
0.00304618
1.79421
1.12226
-0.204114
0.0650633
-0.442654
0.0295617
0.612845
0.162968
-0.0968763
1.23432
-0.185075
-0.314737
2.01565
0.352211
0.419005
0.159781
-4.11522
0.120799
0.872952
-0.00707035
1.33893
0.107994
-1.03762
2.47971
2.1689
0.281409
1.60507
0.0161927
0.770231
1.6203
1.79754
0.0393101
0.104648
-4.2071
-0.125998
1.67177
-1.3361
2.37038
0.0240212
0.980237
-2.34716
-4.42681
1.67193
-0.348081
1.66721
0.286869
0.242586
0.0304771
0.413769
0.0274038
1.53297
0.687659
1.72023
0.522606
2.29135
2.4938
-0.0901094
2.15867
0.086205
0.00931513
0.662483
2.44428
1.05623
-1.16891
1.80497
0.249027
0.0662878
2.39216
1.64041
2.33493
-0.200872
-0.167362
-0.0121633
-7.66922
0.145804
0.0843609
1.47686
-6.63394
1.89265
0.00166926
-0.45914
1.56838
1.81207
0.320459
1.70416
0.0664201
-6.92699
-0.442634
-0.10865
-4.61611
0.977111
1.0055
-6.11894
-0.405977
0.3374
-0.128751
1.34932
2.42272
2.56002
0.827168
0.581724
-0.0105593
0.392637
1.60802
0.00971978
2.12067
0.148006
-0.156311
-0.53582
-0.417769
1.20748
1.74262
2.12396
1.45688
-0.151454
0.0555654
1.64687
1.65102
1.87505
0.300565
2.14184
0.895639
1.70873
1.19329
-0.0156252
0.0910123
1.87331
1.63584
-8.00063
1.75535
-0.260766
0.445258
1.33415
-0.405677
-1.53715
2.80196
2.03749
0.0661902
1.78091
0.545348
1.09539
0.0227718
0.0945964
-0.106544
-0.145707
-0.335074
-3.73333
0.648284
-0.558521
-0.223459
1.68258
2.37718
0.095989
1.70076
0.206093
3.41522
-1.98556
2.02239
-0.00422046
-4.45767
-2.55777
3.4835
0.300504
-0.184838
3.47936
0.0279296
-5.17088
1.71326
3.45916
-0.00659297
3.41703
0.957322
0.0216631
-1.25622
3.32417
-0.165208
-0.192034
-5.09345
0.247379
-0.299471
2.01501
3.17266
0.00867421
0.516119
2.10824
0.311277
1.8132
1.42631
0.0270359
-0.490538
-4.70818
3.11961
0.636851
-0.659404
0.290359
0.0405298
3.07244
1.35598
-0.0688312
-0.850732
3.02189
-2.97575
-1.06379
2.97239
2.0286
-1.29891
-3.19586
-1.65962
0.78892
2.04974
-1.57462
2.89555
1.69585
0.0837058
-1.87344
2.35924
0.310942
0.351284
-0.664401
-7.11233
1.55066
1.69535
-0.0277535
1.76094
0.17883
-1.37148
-6.01601
2.75802
1.28313
1.46642
-0.134087
-2.91586
-3.28851
-3.66878
-4.0571
-4.44393
-4.80592
-0.363742
-5.1737
-6.15371
2.07054
2.71533
1.22952
1.01925
0.323798
1.22942
-6.41968
2.68292
0.00319124
-6.62512
2.21159
-5.72038
-6.76021
0.07377
2.59278
1.54131
1.01637
0.547812
1.6986
-3.26367
-6.8485
2.56019
-6.78507
-0.0194001
0.678918
-6.1178
1.61217
2.51981
-0.170208
2.19453
0.0955296
1.35388
-6.90198
-0.448571
-0.199973
2.48044
-0.578073
-4.43586
2.44146
0.350584
-1.44893
-0.519821
-6.29094
2.40786
1.77441
0.59925
1.70047
0.449248
-0.0263704
-0.000242057
-6.18549
-5.85379
2.3643
0.738228
0.0675565
1.77605
0.860952
-6.29919
-0.475426
-6.04597
2.32997
-2.58409
1.73563
0.0269553
0.0390438
-5.9126
2.29039
0.779825
-8.6831
2.24504
-5.76104
-0.116989
-0.426847
-4.42475
0.229215
2.21483
-5.60005
2.15867
-5.49908
-0.174296
1.10796
0.013311
0.970745
0.00745508
2.11644
-5.40851
1.15765
2.6361
1.78586
-5.3501
-2.99564
2.0817
-0.00608111
-1.85058
1.45443
-5.26437
1.68083
2.04812
-0.004638
0.308688
-2.15823
1.69617
1.18543
0.00336134
0.480651
-5.21582
-4.42875
1.99708
0.573022
-7.47382
0.63134
-9.27583
-5.27868
0.495022
0.805224
1.9582
2.35669
1.77512
2.539
1.78971
-5.15805
1.25108
0.123058
-1.87909
0.828299
0.0091929
0.120751
0.982863
1.39809
-0.146527
-5.1402
-2.37598
1.87286
-1.66181
-0.535703
2.1244
1.3957
-0.015392
2.96891
-8.44417
0.457912
0.366619
-5.11512
0.422983
-2.8631
1.81995
2.06202
1.85727
1.1487
-5.07839
1.76807
1.70539
1.66947
1.60657
1.56098
1.49105
-4.18204
1.72456
1.43744
1.9264
1.32058
-10.4725
2.32504
-5.02196
-0.881581
-11.2669
1.30435
-4.75623
2.34362
-4.93944
0.497963
-4.83188
-7.24411
-4.69866
1.65605
-1.13521
0.207171
-4.56647
-5.57905
-1.08839
1.7328
-9.12978
-4.35608
1.81931
1.77785
-0.898924
-7.35965
1.92092
0.383134
-11.0337
0.134662
0.634533
1.52896
-3.06137
0.0774863
-1.43036
1.88787
-0.360413
-2.42307
-3.32492
0.923665
1.74995
0.197588
-5.22047
0.763194
1.97381
1.43341
-5.09569
1.71766
0.793998
1.47088
-0.348663
1.76542
-0.518545
0.00303389
0.00333972
0.784867
-3.55754
2.57827
0.330385
0.327539
0.276589
-4.33048
2.25416
1.82945
1.53974
1.7114
0.318314
-0.0133279
0.578384
-2.0547
0.985391
-0.927127
0.096635
1.23372
-4.10198
0.576033
3.14632
-0.0013365
0.913557
0.966079
-6.37056
0.102619
1.37005
0.0256298
0.77043
1.4985
1.68999
1.78202
1.80094
0.0996571
2.0049
-4.47117
0.115177
0.766134
0.111193
-0.630628
0.366285
2.03789
-5.55675
1.70787
-1.54751
-9.37741
0.403679
-3.57951
0.682353
0.060003
0.369891
1.87822
0.367376
-0.494861
0.110901
0.440122
-0.11023
-0.670021
-0.00523527
1.82999
0.167252
-1.41327
1.26877
0.268957
1.2984
-0.22316
0.126281
-0.187811
0.0762845
0.386003
-4.35263
0.32426
0.0224285
0.0542631
1.01721
2.60935
1.24355
-3.31276
1.68561
-0.0414706
1.30199
-0.0154296
0.0542793
1.50559
-7.22502
0.0297898
-1.3974
-5.73745
-6.30411
1.73334
-0.214652
2.14819
0.555531
0.00766658
2.69458
2.5673
-0.402998
0.590389
-0.713912
-0.926433
1.93204
-1.95576
0.147961
-3.58756
-0.130867
-3.10322
0.788035
1.14404
0.240363
0.00641923
0.301267
1.64682
-7.12889
-3.6033
1.1141
0.946294
2.54451
0.167306
0.660192
2.60706
2.64603
0.00163061
2.29289
1.32422
1.74111
0.44863
2.38261
1.81273
0.51519
0.0892208
-0.174197
1.31997
1.29996
0.00344769
0.00967201
-0.495098
3.23205
1.36037
1.03707
1.75987
1.02504
0.0146297
1.10945
0.343788
2.27323
-0.375927
0.220723
0.207954
2.90802
0.617926
1.89822
3.24398
1.72094
1.79971
-0.0223847
0.920146
0.00517035
2.03121
3.06791
-5.05736
0.724384
2.96135
-0.143178
0.181391
3.22183
0.919441
-11.4924
0.597364
-0.0167294
-4.53623
0.404176
0.0422722
0.384908
-0.110286
0.426248
-9.22092
0.154772
2.77617
1.84067
0.958726
1.51153
1.46585
-0.606087
1.67806
0.00476802
3.40226
-0.551176
-3.27601
0.298731
2.50484
1.67265
1.52168
0.304937
-1.14196
-1.65406
-0.592524
-0.232675
-0.142064
1.43292
-0.134862
-0.11253
-0.191327
1.82934
0.365573
1.53672
0.00107438
0.796127
0.941094
2.95648
1.50805
0.0917791
1.35802
-5.09343
1.99111
0.140161
1.57167
2.68161
0.192931
0.149366
-1.66896
0.0264858
1.66338
0.0820951
0.689678
0.000208497
1.46479
-6.35561
-0.659412
2.44356
0.953001
-1.51515
-3.17556
1.87119
2.08017
0.205238
3.29305
1.65972
0.649545
1.33213
-0.0335309
1.97145
-1.4843
0.0658359
-1.55743
-8.14491
1.70144
0.19368
0.644241
-0.341807
2.8337
1.37476
-0.4955
0.0616179
-0.148878
-3.25422
1.20108
1.40305
1.40485
-4.78575
0.787556
-0.311897
0.958722
-0.409745
1.04974
-0.294718
0.378657
0.294417
0.966404
0.581772
1.81639
-3.53125
0.0812351
0.285561
1.7011
2.1734
0.290698
-3.04923
0.130147
0.359987
0.809327
3.16424
1.85347
0.0146466
1.46015
-9.54816
1.70013
-1.55313
1.1317
2.58213
-1.45249
0.353943
-1.11074
1.66146
0.832739
-0.171665
-1.76532
-6.66897
-5.52682
-2.4766
-1.39846
1.86058
1.30343
0.0525715
1.86963
-6.17399
1.81059
0.545575
1.69045
0.137637
0.106506
1.76752
-4.62497
1.79882
-10.4546
-2.20439
2.70678
-1.07269
0.341875
-0.154359
0.693024
1.21809
2.44021
-1.35122
3.34407
2.99203
-4.97466
2.50015
0.365836
1.75381
3.1228
-2.35248
0.0078554
0.942923
1.75875
0.449294
-9.78012
0.0430431
0.354043
-1.71829
-0.108764
-0.157518
1.76456
-0.0585284
0.0746962
1.72155
2.24993
-3.80118
2.32945
-1.13722
-3.60612
0.174392
1.08354
1.62713
0.878589
2.19689
1.33136
3.46142
1.68006
-4.32447
3.49052
2.47532
2.53698
1.88005
3.48079
2.595
0.2792
1.50658
3.44051
0.813193
0.109137
-1.02138
1.578
-4.76656
0.990263
1.36212
-0.768169
2.48712
1.72022
-3.38781
-0.642248
0.719102
2.43014
2.3964
-0.229623
-1.23303
-7.82363
-4.83723
2.18874
-0.125854
0.0192685
-6.97459
3.23915
2.60899
0.106663
0.949286
-7.91295
-7.3016
2.26157
-0.297478
3.14618
1.73338
-10.0401
0.128207
-6.77069
1.21982
-1.22917
-6.87944
-2.79577
3.07379
-0.573869
-8.18153
0.331731
0.00605175
3.0971
-0.366662
-0.079084
-5.80156
0.48665
-5.58791
2.67158
0.728017
0.852889
-10.2983
-0.000319178
0.639406
-0.750033
3.04706
-1.45771
0.30687
1.70071
1.33276
-5.03509
-6.86249
1.63601
-0.955046
-0.792846
2.58374
2.99808
2.40646
0.411138
2.93342
2.51944
1.89116
0.918723
-1.17987
2.09542
1.20882
2.0124
1.9845
2.51671
2.08487
-1.91638
-3.67632
1.68801
-1.42858
1.40762
-6.26534
-1.62822
-5.13864
2.3503
-0.521527
0.648373
-1.27616
2.20556
0.103845
-1.71264
-0.699915
1.41752
-3.50896
-5.88228
-0.0732134
1.77784
0.663292
-10.4177
-0.516231
-6.69142
-0.0730388
0.20987
-0.00524546
-0.290615
0.736706
-4.23167
1.754
1.74863
-9.33626
-0.535974
-0.757346
-5.25704
0.784562
1.75436
-5.01938
1.39299
1.48775
0.539759
1.91814
1.31495
2.73878
2.00057
2.64641
-7.5401
-3.09407
1.15951
-3.47542
-3.86394
-4.24459
0.872675
-4.63158
-5.01177
0.0866623
0.375933
-6.30026
-0.00504674
0.841138
-1.03316
2.69988
1.49582
3.38475
-6.53517
-6.15389
-4.43607
2.80351
-0.195066
1.15748
-0.0431927
0.765662
-6.70877
-1.35776
-0.0387509
1.19747
-8.33245
-6.82295
1.22186
-1.61876
1.68558
-0.0467857
0.783524
-2.80034
2.57936
0.182543
2.736
0.344687
-6.85045
1.79361
-1.2474
0.843816
-0.512623
-2.00605
-5.30166
-0.25309
2.54006
1.86445
-6.01032
2.5296
2.54462
-3.67091
0.0112514
-6.84829
0.502102
1.62205
-0.371654
-0.882656
2.5005
0.451827
0.083151
0.338693
-6.56649
-5.11784
2.82402
-1.72049
1.206
0.32846
1.44712
-0.142241
2.22615
2.46064
-5.76243
-0.0425563
1.73198
-2.91899
1.16806
2.00042
0.058484
2.42541
-3.46382
-10.8464
0.215724
2.25836
0.00236125
2.32868
-1.3789
1.84476
1.89368
1.57662
0.0638744
-6.25396
2.38456
2.4464
1.77609
-1.4875
-0.252595
0.389758
-3.5494
-1.16301
2.84714
-6.71669
0.713616
-6.12007
2.35015
-4.43476
-0.334492
0.0596345
0.376217
1.78347
-0.221501
-1.38297
3.14572
1.81884
-6.00598
2.31113
1.21249
1.24995
-0.0224718
0.26147
-3.30249
1.59616
0.108595
2.02262
2.2683
-5.84914
-0.24816
1.40852
1.00847
-3.74626
1.26769
0.491846
0.11033
1.26018
-0.156086
1.28649
2.23222
-5.67253
1.35465
2.27625
1.46535
0.434656
2.18559
-5.56938
1.70167
-0.110374
-4.77565
0.34642
2.52419
-0.417026
1.73036
-7.61308
2.13711
-5.44613
-0.278324
1.27012
2.61414
-1.94308
1.28092
0.736638
-4.43173
1.80407
-5.3826
2.09985
2.37044
1.56744
0.503356
2.66324
-0.102096
1.69909
-0.242442
-5.30718
0.0595439
2.06649
-3.14715
0.812176
1.0974
-5.23626
1.68527
2.02045
-0.0549828
1.69682
1.20332
-8.76124
2.75756
-5.14781
-3.71531
-10.0115
1.97695
-9.91809
-0.166024
1.82124
1.11777
0.133855
1.13695
-5.98024
0.682491
-0.0318145
0.341961
0.864875
2.96155
-8.06897
1.75801
3.19879
1.2683
1.24917
-5.15188
1.71231
0.0121358
0.840866
-1.25224
0.98766
2.22676
-2.97061
-5.13097
1.84703
1.69452
1.23478
1.18486
-0.829777
1.10773
0.66328
1.28623
1.65974
1.76993
-4.40349
0.993882
-5.10139
-0.702675
1.67521
-2.46561
1.79425
1.68889
0.740586
0.65015
2.63689
0.319257
0.121842
1.7312
1.73698
1.42276
1.69048
-6.42935
1.63785
1.5852
0.482937
2.31522
-5.05471
0.95515
1.5246
2.38773
1.46321
1.03281
0.0359819
2.44782
2.38461
0.127006
1.06705
0.660023
-4.98467
0.736016
1.45621
0.925542
-4.88947
3.22455
2.5296
-2.8232
0.903308
0.287587
0.00281003
-4.76379
1.03456
1.00894
2.11495
0.174206
-4.62955
2.4213
-0.732762
-1.59797
0.0142118
1.66497
0.912024
1.89992
-2.21473
0.320173
2.91894
3.05905
1.19658
-0.390374
-1.96282
3.36572
0.864577
2.4818
1.53248
-0.196221
0.153078
-1.39966
-0.0803577
2.23055
0.241594
-9.68981
0.655176
0.712366
-1.34754
-9.51646
2.58104
-3.52093
-6.637
0.348055
0.595924
0.925467
-0.180896
0.372745
0.900378
0.711379
0.665843
0.0680181
2.95614
1.74384
1.95638
2.10322
1.27308
-2.29763
2.91237
-0.740867
0.24674
0.0423337
1.54376
-5.42387
0.447273
2.28188
0.369505
0.148314
0.239222
1.76778
0.82853
-6.29883
-6.22628
1.63001
1.77766
2.67143
1.69652
1.99536
2.29294
2.25313
-0.780274
2.11255
0.287092
0.894224
-5.06953
-2.14082
-2.10916
1.07031
0.415958
2.06048
0.819148
0.578837
-4.48827
-1.1844
1.17444
-0.123546
0.256757
-10.4628
1.67833
2.56883
-3.76502
0.0808118
-2.03382
-3.35581
0.164266
-2.44294
0.689396
1.62503
0.746068
-0.0050088
-6.34009
-4.13084
1.781
-0.6198
-6.86703
-0.458172
-2.17161
0.979167
-8.19374
1.07878
1.28298
3.04331
-0.456523
0.627055
2.45781
0.313571
0.516073
-3.67062
1.05059
-5.59737
-4.32323
-3.50456
0.065035
0.131269
0.739761
0.515204
-2.53417
0.732754
-7.96468
-0.228469
0.437434
0.509836
-7.97905
2.39888
-0.073288
1.70772
3.22612
2.45103
3.13679
-2.94502
2.39342
0.324439
0.126927
-1.44584
0.206008
0.367064
0.631652
0.101802
0.073456
0.807385
-4.4728
1.04577
-3.34121
-5.39558
-0.377374
-1.26289
1.95202
1.29913
-4.49615
1.28321
-5.18379
0.188668
-4.37942
0.180948
0.272328
-4.99968
-0.675232
-1.40438
1.84514
-0.0219092
-4.10417
-7.66948
1.84637
-1.18108
0.79169
0.512491
-8.653
0.131693
0.0309946
-0.018127
0.336541
-8.00468
-5.72375
-0.167386
-7.63923
0.378783
0.3864
1.89799
-0.942263
-0.362998
1.39652
-4.31595
-0.742213
0.76925
3.35175
-0.287235
0.42268
-0.665153
0.493365
-3.54787
1.95203
-0.594226
-3.53568
1.73353
0.384991
-6.52651
2.27514
-5.14502
-3.39859
2.48435
1.20179
-0.0760811
-0.772917
0.0766711
-10.2903
-0.411886
1.70754
2.10743
-5.00194
0.254861
0.195514
-0.0675662
0.853987
1.66483
0.106814
2.44147
2.59623
-10.6158
0.928142
-0.345691
0.102417
-5.03107
0.196077
1.51872
0.348081
3.16295
-5.05479
-5.09358
2.65131
-3.53814
-4.72571
-10.4516
-2.23959
1.71063
1.63929
-5.53158
-2.38065
1.38189
2.72598
-0.0404426
2.78138
-1.11225
-4.80688
0.429745
-4.80952
-3.55512
-1.15799
0.786264
-1.32913
-1.09675
2.30037
0.741558
0.391921
0.890096
3.39719
-4.36551
-5.70173
-5.19377
-1.02325
3.34874
-5.17237
0.692206
0.0496409
0.443836
-4.41852
-5.01026
-0.0133
0.107004
-0.109794
-0.0662353
0.00474761
-5.117
2.88877
-3.18958
-3.42992
2.93391
1.1119
2.45148
-3.49789
1.67871
0.105198
0.39842
1.43893
1.1445
2.58742
1.10657
-0.0702423
0.792605
0.223947
-2.45265
-8.4775
-0.454665
-1.00902
-4.3146
1.20201
0.937402
0.0764738
0.708902
0.33295
2.77447
1.72808
1.62155
0.441237
-3.55264
1.58094
-3.10159
-2.97303
1.7042
-0.443074
-3.05037
0.00993668
2.64219
-3.34721
2.54678
-0.0243188
2.3958
0.129631
2.61333
1.34947
1.38896
-5.11183
-0.841706
1.85594
1.34506
-0.798557
-0.129974
-4.36985
0.277745
-1.87625
2.79267
-0.961686
0.748414
-3.8305
0.669545
2.39765
-2.6833
-8.2219
0.757731
2.79993
-2.26241
-1.48606
0.094103
0.379815
-7.04019
-0.186836
1.32943
-9.20065
0.709079
1.83863
2.20921
1.04417
2.34441
2.03878
0.560664
0.0951076
-0.911416
2.72938
3.24038
-11.2608
0.587164
-1.22632
-0.0439344
-7.24579
0.475728
2.93506
-4.21933
1.92052
-0.487524
1.08519
2.49465
1.89311
-1.09093
0.412107
1.31673
2.6338
0.282088
0.405042
0.497916
1.86556
1.04836
-4.41664
-3.63352
-1.35281
-4.34913
1.95993
-6.50358
-3.35628
-5.13051
-4.6751
1.57636
-5.37782
0.216864
-0.12755
1.37059
2.85494
-0.246651
-1.2573
-0.0339644
-1.99801
2.03793
3.36802
0.12254
-3.2733
-6.23469
0.632175
0.525714
-0.193062
-0.640179
3.29353
0.740074
2.7237
-7.87836
0.773804
0.988228
-9.34109
0.0100186
-0.987145
-3.46678
0.948643
-0.112689
0.538731
-4.41999
1.01836
0.683082
-6.41549
-5.08426
0.747209
0.840826
2.64331
-1.16991
-0.15364
0.588605
0.362295
0.0808532
-8.07262
2.61349
-7.65693
1.73507
2.31342
1.94811
-6.47549
0.455021
1.92105
-0.626956
0.0378175
-0.305043
1.32726
2.51103
2.61907
2.2374
1.8072
-3.6361
-8.72203
0.887476
0.19356
-6.84179
2.78046
1.98521
1.07678
1.26761
1.2529
-4.61649
-8.90041
2.30897
0.830087
1.1595
-0.049113
2.47049
1.65895
0.141088
2.6852
0.20609
-1.9364
-6.98133
0.0778539
-7.93047
-0.200456
-2.17844
-2.01726
1.71042
-3.95706
0.981019
-2.9349
0.578961
-5.45517
0.0862345
0.215116
2.71195
-5.84515
-0.282317
-5.79395
0.589687
2.23138
1.27584
-8.25559
0.0969334
-3.97698
1.44814
-3.53712
0.057111
-2.93837
0.274248
0.0347534
1.89599
3.46
3.36637
0.335322
0.176011
-4.42059
2.68407
1.85693
1.41388
2.05687
0.54794
2.57669
-0.126825
-2.95188
0.165373
0.215784
2.36727
-1.65999
-2.97439
1.46935
1.49539
0.0788207
1.60372
2.44207
1.58099
2.42219
0.913789
1.81622
1.75627
1.17289
0.0393519
2.79081
-0.853623
0.507543
-3.50726
-6.7045
0.0255223
0.69916
0.231313
2.1267
2.46947
0.743956
-7.68549
2.37371
0.897705
-3.5979
1.31541
0.800544
-6.51786
0.441891
2.20381
-0.11399
-0.535277
1.05417
-5.4518
-0.906195
-0.988698
0.133948
0.945501
1.79027
2.91158
3.24828
0.572896
0.623786
1.54704
-1.22161
-3.07233
2.51767
-3.27651
-4.82256
1.00687
-3.92533
-3.66149
0.190479
1.23219
-6.58268
1.24855
2.50066
0.627797
0.161244
0.426683
2.73978
0.171266
-2.85537
-1.73623
1.27987
-10.7325
1.88521
-4.24575
2.5174
1.72042
1.23566
0.126555
-0.913138
2.67176
1.34122
-0.183745
-2.81695
-6.24833
0.0875578
1.69607
1.52851
0.790376
0.0765168
-0.892192
1.50838
-4.34517
0.294913
-0.108055
1.46761
3.093
-0.261676
-0.0232101
0.420746
0.0120404
-0.693592
1.34845
0.792267
-10.7916
0.151837
0.318366
2.3798
-6.74544
-0.513716
1.79831
2.10595
2.56222
0.04412
-2.5191
1.48723
1.07301
0.399583
-5.11397
-0.827109
-6.04282
1.57681
-3.90016
1.33652
-3.25167
-0.372468
-0.175977
0.00940036
-10.76
0.0839634
0.0866248
2.4295
2.42417
1.17157
-3.38309
2.73951
1.45719
-0.819593
-0.135772
-1.75883
-0.223523
0.145975
-1.21606
-4.04672
1.3844
-5.23125
0.976756
0.0219038
-3.10579
2.59619
1.43869
2.49931
2.34682
-0.965521
-4.38181
0.479107
3.11249
-0.259262
1.15993
1.69335
0.00676144
2.0492
0.745692
0.0128759
1.22702
-0.244827
2.05514
2.39693
1.62434
1.71805
0.239732
1.57835
0.142444
-6.85854
2.01675
2.5998
0.647386
-0.939634
-6.21211
2.86284
-1.12575
-4.84774
-10.1532
-0.223033
0.0107501
3.10051
0.797537
-0.182378
2.26791
-0.902617
-0.0888473
0.176829
1.91253
1.1405
0.878801
-1.02995
1.53852
0.00276903
3.09447
3.06624
-1.61434
1.99519
-1.3095
0.683881
0.0826547
1.71857
-3.72057
2.48092
-5.12262
2.16935
0.779266
1.31302
2.33033
-3.39124
0.0779024
0.44311
-1.46375
0.576275
-6.96485
-1.64747
-2.67557
-0.959181
2.58058
-5.03953
2.83106
-0.178145
-10.5773
0.47964
-3.29977
-2.58502
-5.88219
0.0106933
-2.13259
-4.0045
2.42745
-5.0916
2.53383
0.349365
-5.06368
-0.159827
-2.57176
0.674331
-0.112953
2.74365
0.98795
0.524022
0.133471
-5.10106
1.50157
0.184863
1.07842
0.0725289
-4.40989
-0.0586976
-7.02516
0.520402
-0.69267
0.856629
2.40343
1.8144
-0.46898
-0.278326
1.6587
1.70571
2.82187
3.02376
1.3949
-0.183564
1.68832
1.09599
0.512659
0.337193
2.76242
-5.13151
0.727811
-4.26438
0.883514
-0.0913906
-0.278188
-0.166697
0.561081
1.11326
3.26763
-0.101445
1.68034
1.74415
-4.73418
0.563953
-3.33164
1.48496
-5.0746
-2.31657
-0.0714796
0.277297
1.68701
1.03318
2.66012
0.0791274
2.53887
-0.345484
3.14213
1.82851
1.65925
-6.49352
-7.26921
-0.235215
0.364099
-2.07287
2.25527
2.32521
1.37355
0.328357
3.13842
0.710312
1.70117
-0.22447
-4.41161
0.475671
0.733166
1.95501
-3.16984
0.155113
-0.969976
-0.0546127
2.65914
0.95903
-4.39492
0.488966
-0.24656
0.375638
0.557113
-0.689915
1.03899
-6.30425
0.010788
-0.971187
-0.207939
-5.10649
-0.874575
-7.61015
-9.16614
-0.269642
1.86269
-0.21077
0.829241
0.106979
2.28125
-6.24372
0.565369
0.322288
-0.658512
-4.91012
2.38483
1.67526
0.228013
0.15685
2.41829
-2.81459
-6.89325
-1.84456
0.000582595
-1.11787
1.40892
1.12404
-0.227076
0.362655
2.49524
0.230576
0.129791
1.45827
1.0941
-4.13355
2.30606
-4.37968
2.61931
1.03366
2.21342
-1.47334
-4.2783
-3.43151
0.700301
2.55512
-3.58885
1.63592
1.01493
-8.01993
0.440468
-1.4104
3.01753
1.53824
0.0821472
1.02071
-0.111798
0.093675
2.39311
-3.90074
1.29784
2.07362
3.15103
1.9852
-7.93469
-5.82682
-4.08884
0.0928842
2.38221
-0.827701
0.102935
-2.46569
-4.75065
2.39519
0.317586
-6.77088
-0.0498989
2.32779
3.11763
-0.15441
0.0904515
2.2992
2.18789
1.25383
2.51874
-1.22691
-6.56794
1.6042
-8.21008
1.01963
-0.119671
-8.46598
2.4683
1.20929
-0.68585
-5.10576
2.33468
-5.90424
-2.57464
-0.209672
0.665204
1.6835
2.55844
-2.42404
-0.0187456
-6.68011
3.24739
3.16942
1.69207
2.13664
0.00948558
-5.95695
2.90414
0.502002
-1.83433
-0.129985
0.0178882
-6.31701
-1.23997
-6.08553
1.33909
-0.869185
0.0643963
2.07792
1.95021
-6.21467
-0.410744
-1.21283
0.771552
1.35594
2.45394
-2.55847
0.10412
-0.347426
1.17558
-4.38394
-0.392712
2.24078
2.06128
0.0024105
2.33323
2.12104
1.59257
1.19421
1.19368
-10.7913
1.97456
1.3216
-4.13178
-0.358917
-1.39546
2.30525
-6.47611
1.37851
0.949163
1.72244
-1.55751
1.82724
3.34825
-4.87412
0.906458
0.795064
-5.10684
3.00836
-0.190589
1.24301
-4.96303
0.0649104
0.162318
0.513494
0.696048
1.10199
1.21024
-2.86606
-0.260207
-5.43933
2.34263
0.733722
-4.37537
2.03412
1.84786
2.92846
3.22788
0.0973823
1.76241
-5.43128
1.51017
-0.0607347
1.1061
2.82251
2.43975
-0.947446
0.00301577
1.59307
-2.0075
-5.15699
-0.449481
0.729515
-6.58126
3.07902
-4.01911
-0.624898
2.29604
0.87077
1.04516
0.0604382
-2.56162
0.172545
2.30339
-0.306603
0.112053
0.832792
-4.34777
-0.286688
-4.45911
2.09687
1.41928
2.01779
-1.49941
1.53872
-0.378137
2.04131
-6.33013
1.70641
1.61567
2.42308
-4.43759
-4.40468
0.467566
-0.0131909
-4.90323
-0.685716
0.965314
-2.26458
2.88225
-6.92914
-0.133914
1.48899
-5.18164
-1.6565
-4.63037
0.315563
1.06098
1.55006
0.0423241
0.741775
1.36153
1.65178
1.13722
0.0624409
-0.11344
3.11448
0.0496379
0.771556
0.722076
-1.13482
0.534242
-1.11309
1.99392
1.97509
-0.945783
-7.20683
-4.91786
0.232799
-6.19063
1.52023
-5.40245
-7.38273
0.608477
0.242151
-0.796118
-1.00838
2.50136
3.18899
-0.75948
2.2677
3.10256
1.04056
0.0604263
-3.92027
0.230603
-4.96071
-1.84704
-3.09207
-3.72488
0.914573
0.0845913
1.25185
1.01273
2.13683
0.875606
2.16243
-0.229618
0.681423
1.10515
2.99648
1.03126
-4.41431
1.44474
-1.11279
0.0505886
2.46527
1.73132
-1.31223
1.86959
-0.253378
-0.345721
2.08849
-0.500843
-4.51847
-5.63088
1.71388
2.26016
3.03564
0.602426
1.67087
-3.72374
1.54436
0.17174
-1.10046
1.49193
-1.21877
1.07261
2.23132
1.99291
0.797562
2.31543
-8.45963
1.70269
0.565693
1.577
-0.228168
1.6258
1.61018
0.0146655
2.25002
-2.44555
-1.1241
0.756241
2.97827
-0.386845
1.0819
0.922065
1.07063
2.86894
0.923673
3.00809
-6.57489
-0.904969
2.12335
0.887932
-0.201
0.83979
0.748311
-0.941443
1.53353
0.894345
2.98365
1.55816
0.938428
)
;

boundaryField
{
    SideWalls
    {
        type            empty;
    }
    Top
    {
        type            zeroGradient;
    }
    Inlet
    {
        type            zeroGradient;
    }
    Bottom
    {
        type            zeroGradient;
    }
    Outlet
    {
        type            fixedValue;
        value           uniform 0;
    }
    Plate
    {
        type            zeroGradient;
    }
}


// ************************************************************************* //
