/*--------------------------------*- C++ -*----------------------------------*\
| =========                 |                                                 |
| \\      /  F ield         | OpenFOAM: The Open Source CFD Toolbox           |
|  \\    /   O peration     | Version:  2306                                  |
|   \\  /    A nd           | Website:  www.openfoam.com                      |
|    \\/     M anipulation  |                                                 |
\*---------------------------------------------------------------------------*/
FoamFile
{
    version     2.0;
    format      ascii;
    arch        "LSB;label=32;scalar=64";
    class       surfaceScalarField;
    location    "9.9";
    object      phi;
}
// * * * * * * * * * * * * * * * * * * * * * * * * * * * * * * * * * * * * * //

dimensions      [0 3 -1 0 0 0 0];

oriented        oriented;

internalField   nonuniform List<scalar> 
7520
(
-0.865267
0.681823
0.183444
-1.27447
-0.224383
1.49885
-0.116279
-1.7638
1.88008
0.280458
-0.0397404
-0.240717
-0.270642
2.91898
-2.64834
-0.114921
0.124052
-0.00913095
-0.304595
2.05439
-1.7498
-0.0690998
-2.32382
2.39292
-1.50697
1.3907
0.418601
0.12408
-0.542681
0.429004
0.159339
-0.588343
-0.21593
-1.42351
1.63944
0.403313
0.258373
-0.661686
-0.126052
0.173331
-0.0472785
-2.63095
1.09261
1.53834
0.0721631
1.40988
-1.48204
-0.109663
-0.014635
0.124298
-0.0317385
-0.265562
0.297301
0.0300252
0.0120874
-0.0421126
0.0725468
-0.18221
-0.475094
-0.177996
0.65309
-0.955979
1.02814
-0.0833967
-0.37474
0.458137
0.20741
-0.171501
-0.0359085
-0.0226322
0.0726552
-0.050023
0.299662
-0.291927
-0.00773544
0.913397
1.08931
-2.00271
-0.0583856
0.391477
-0.333092
-0.00104428
0.0310695
0.325176
-0.0682907
-0.256885
-0.925158
1.58709
-0.661933
-0.0618489
-0.0244981
0.086347
-1.87577
2.07962
-0.203857
1.04217
-0.855385
-0.186787
-0.299468
-1.17102
1.47049
-0.218178
0.853375
-0.635197
0.273319
-0.613346
0.340028
0.855975
-1.6511
0.795123
0.102425
-0.373872
0.271447
-0.0711803
-0.146629
0.21781
-0.0318268
0.312284
-0.0446049
-0.483657
0.528262
0.340293
-0.0406312
1.73412
-1.42752
-0.306592
-0.483355
-0.585841
1.0692
-1.47641
1.57497
-0.0985537
-0.0766066
0.0861572
-0.00955066
0.329995
-0.103527
-0.226468
-1.25195
0.326794
0.325908
-0.0907298
-0.235178
1.72919
0.158346
-1.88754
-0.693662
0.177555
0.516106
-0.0226388
0.0255171
-0.00287827
1.12676
0.50774
-1.6345
0.01755
-0.132471
-0.780016
0.0606742
0.719342
0.297129
-1.23965
0.942519
-0.0544283
-0.142884
0.197312
-0.150207
0.0883581
-2.44383
1.32123
1.1226
1.59891
-0.509072
-1.08984
-0.0527531
-0.0856723
0.138425
-1.20283
0.903365
0.775003
-0.37169
0.0245035
-0.0471423
0.00548009
-0.131532
1.27446
-2.7433
1.46884
0.150678
1.57851
-1.37287
1.0169
0.355972
0.375658
-0.278528
-0.0971293
-0.573239
0.870367
-0.707251
-0.138113
0.845364
0.410458
-0.102621
-0.307837
-0.0661847
0.535539
-0.469354
1.26442
-1.80459
0.540172
0.162448
-0.141767
-0.0206812
1.98485
-0.517676
-1.46718
0.50403
-0.816521
0.312491
1.24558
-0.901368
-0.344209
-0.916814
0.136798
-1.71424
-0.729589
0.367655
-0.549275
0.18162
0.274245
-0.711082
0.436837
0.428744
0.613429
-0.48472
0.452982
0.349492
-0.0243161
0.0549027
-0.0425898
-0.0123129
1.30437
0.68048
-1.92704
2.51563
-0.588593
0.595599
1.00331
-1.10991
1.11364
-0.0037316
-0.0369833
-0.0590704
0.0960537
1.39049
-1.60642
0.286167
0.231732
-0.129306
-0.243564
0.250275
-0.00671091
0.0075127
0.112525
-0.120038
-0.590421
0.3569
0.233521
1.63089
-0.366467
-0.856398
0.687151
0.169247
0.719854
-0.319432
-0.400422
-0.112233
0.141155
-0.0289214
0.639245
-0.101157
-0.538089
2.60378
-1.7451
-0.85868
0.564704
-0.387342
-0.477925
-1.35363
0.780391
-1.86873
1.56413
0.208622
-0.0945579
-0.114064
0.460278
-0.031274
-0.203206
0.201686
0.00151979
-0.0860018
0.0979293
-0.0119275
2.07015
-1.21417
-0.16402
0.0524033
0.111617
-0.756404
0.28131
0.036557
0.0159593
-0.0525163
0.592078
-0.224423
-0.645389
0.399721
0.245668
0.746298
-1.70923
0.96293
0.0870264
0.120383
-0.104212
-0.589449
-0.245864
0.0214207
0.224444
0.698692
-0.280091
0.535104
-0.512962
-0.0221411
0.0556721
-0.0873178
0.0316457
0.231463
-0.210141
-0.0213216
0.721394
-1.94941
1.22801
0.442027
-0.525424
-0.361814
-0.100744
0.462559
-0.0834739
-0.0805462
-0.213256
-0.0896471
0.302903
0.17802
0.038882
-0.216902
-0.0759659
0.253986
-0.503841
-0.141548
0.00196165
0.13767
-0.139631
-1.91545
2.62868
-0.713238
0.260704
-0.285833
0.025129
-1.09421
-0.259415
-0.0424538
-0.0648599
0.107314
1.48828
-0.361517
-0.613234
0.476079
0.137155
-0.239464
0.579116
-0.339652
0.357691
-0.0878787
-0.269812
0.254019
-2.01782
0.289587
-1.766
-2.3799
1.17821
1.20169
-0.878575
-0.494298
-2.41002
2.13297
0.277047
2.2119
0.108782
-2.32068
0.235874
-0.307055
0.923125
-0.688215
-0.234909
-0.263761
-0.0559115
0.319673
-0.0118803
-2.39814
-1.88977
0.0140027
0.0527832
0.00211953
0.0812021
-0.164233
0.0830307
0.333051
-0.387479
0.152784
0.56707
-0.187548
0.155721
-0.00775434
-0.00127667
0.00903102
0.862269
-0.445151
-0.417118
-0.5441
-2.08685
-0.111084
-0.152677
0.047223
-0.643013
0.59579
0.0994316
0.0458564
-0.145288
-1.38331
0.763625
0.619686
1.05888
-1.32952
-0.252255
0.639564
-0.387308
0.0330187
-0.055651
0.603316
-0.285742
-0.317574
0.224224
-0.467788
0.278372
-0.369102
0.864163
0.252587
-1.11675
0.347226
-0.405611
-0.324602
-1.3556
1.6802
1.2797
0.664742
0.787925
-0.51368
-1.18894
0.970762
-0.743722
1.00599
-0.262266
-0.04302
-0.0139783
0.0569983
0.212854
-0.247825
0.0349716
-0.0438465
0.635924
-0.304789
-0.189851
0.49464
0.108507
-0.00907504
-0.927459
0.974683
0.524757
-0.954201
0.429444
-0.480224
-0.110197
0.770165
-0.496846
0.17636
-0.0139114
0.0280992
-0.0138427
-0.0142565
0.0676124
-0.153614
-0.738344
0.221185
0.517159
0.144421
0.266037
-1.33968
-0.464916
-0.771597
-0.611714
-0.0184695
0.109799
-0.0913293
0.412226
0.0460576
-0.458284
-1.66511
-0.250336
-1.2554
2.31074
-1.05533
0.414663
0.188653
-0.0830719
0.11848
-0.035408
-0.738846
0.634634
0.542253
-1.02561
1.7125
-0.048674
-1.66383
-1.48878
1.96524
-0.47646
-0.034729
0.115931
0.325183
1.54268
-1.86786
0.0415649
-0.204015
0.16245
-0.17694
1.86006
-1.68312
-0.00436019
0.162525
-0.158165
-0.969085
1.33639
-0.367303
-0.0294785
-0.709368
-0.331927
-0.406417
0.300501
-0.265482
-2.15658
2.42206
0.0221759
-0.0100885
-2.04572
0.706039
-0.395022
-0.0592854
0.454307
0.0952982
-0.0396261
0.151518
1.56785
-1.71937
-0.389626
-0.692984
1.08261
-0.584918
0.471203
0.113715
3.066
-1.96721
-1.09879
0.589513
-0.979139
0.132435
-0.131585
-0.000850418
0.0732797
0.811582
-0.884862
0.0915385
-0.0916601
0.000121557
0.864801
0.784183
-1.64898
-0.320577
-0.535822
-0.142846
0.3355
-0.192653
-0.92529
0.635054
0.290236
-0.111806
0.0553557
0.05645
0.672673
-0.260447
0.975787
-1.78653
0.810747
-2.60793
1.11562
1.49231
-1.0912
-1.51673
-0.329973
0.353666
-0.0236928
0.00682669
0.0778592
-0.0846859
1.15497
-1.66163
0.506662
-0.00429912
1.14393
-1.13963
-0.0963726
-0.452903
1.04196
-0.177796
1.35918
1.25187
-2.61105
-0.241201
0.129716
0.111485
-0.0535718
-0.871719
1.82922
-0.379161
-1.45005
0.168647
-0.127083
0.0652565
0.0331888
-0.0478238
0.96574
0.863475
0.200802
0.579686
-0.780488
0.433462
-0.0419847
-0.0358321
-0.0465382
0.0823703
0.0200451
-0.000742947
-0.0193022
-1.88708
0.925259
0.961817
0.0984348
-0.0916081
0.304951
-0.302989
0.415979
-0.368384
-0.0475954
0.162583
0.167412
-1.59146
1.54609
0.0453644
1.05859
-0.533837
0.0226175
-0.0643249
0.0417074
-0.0033565
0.0595901
-0.0562336
0.158154
-0.260775
1.89146
-0.617002
0.0699707
-0.0614613
-0.00850942
0.000684237
-0.00843858
0.824384
-0.665044
0.34776
-0.0974846
-0.733152
0.728853
0.0584088
-0.0303096
2.05439
0.00392984
-0.0108883
0.00695848
0.106851
0.240908
-0.25028
0.164356
0.0859238
-0.0870405
0.726286
0.494017
-0.538622
0.587232
0.335892
0.578467
-0.418435
-0.160033
0.316994
-1.28608
-0.0242904
-0.188965
-2.29529
2.02981
0.0992536
0.0331815
-2.36439
0.270687
-0.510151
0.159252
-0.106294
-0.0529584
-0.657288
-1.22979
1.2696
1.33419
1.52996
-0.766336
-1.42351
0.034605
0.500499
0.248519
-0.191519
-0.0569995
0.18363
-0.307777
0.124148
-1.16286
0.577022
-0.276467
-0.278774
0.555241
0.386178
-0.262097
-0.097048
-1.9532
2.05025
0.815494
0.273617
-1.54527
1.27165
0.986464
1.09316
-1.11031
1.50879
-1.1836
-0.0570958
0.447285
-0.390189
-0.81775
0.773911
0.0438388
0.0869809
-0.0170101
-0.110725
0.390806
-0.280081
-0.21206
-0.190292
0.402353
-0.537879
1.81758
-0.339357
-0.405797
0.745154
-0.0879905
0.0113839
0.133316
-1.24323
-0.133284
0.097452
0.0118189
-2.0895
1.04846
1.04103
0.543207
-0.284833
0.00976315
-0.0421169
0.302821
1.30781
1.7582
1.65839
-0.463212
-1.19518
0.154166
-0.0524597
-0.101706
0.479869
0.765707
0.164379
0.0841403
0.33292
-2.04375
1.71083
-0.0475594
0.0203408
0.0272186
1.05305
0.577838
-0.263351
-0.110521
0.677537
-0.476735
-0.534096
1.44749
0.196625
0.011997
1.57283
-0.826536
0.180364
-0.172852
1.83709
-0.178701
0.126194
0.492427
0.08604
0.0254113
0.350246
-1.71038
-0.920535
0.862237
0.0582984
0.00781957
-0.149587
1.88656
0.00394749
-1.89051
-0.817958
0.4786
0.283802
0.0738891
-0.363537
0.0850082
-0.0190347
-0.882333
1.54283
-1.61428
0.0714496
0.00330005
-0.223337
0.220037
-0.577281
1.63033
-0.885326
1.60672
0.0220979
-0.0187978
0.645203
-0.245481
1.91036
-0.519873
-0.0112837
0.232835
-0.221551
-0.151646
-0.0255096
0.177156
0.151768
0.00239837
-0.107362
-0.768271
0.0105974
-0.0951018
0.0845044
1.51446
1.11422
-1.43661
1.112
0.163612
-0.525426
-1.35304
0.645793
-1.10948
1.35637
-0.246892
0.541692
-1.65401
1.47707
1.82948
-0.525112
1.28128
0.452832
-0.0876969
0.218321
1.32451
-1.33725
0.332018
1.00523
0.334037
-0.402327
0.0378918
0.060543
-0.260715
0.184749
-0.254411
-1.17311
0.298569
-1.11265
0.814079
-1.59142
1.19548
0.395945
0.447951
-0.586064
0.0721146
-0.124868
0.109874
-0.60234
0.408125
0.194215
-0.685956
0.4337
1.22051
0.608974
-1.48878
0.0893167
0.142146
1.68627
-1.45559
-0.230682
-0.336993
1.87967
-1.60948
2.30424
-0.69476
-0.60964
0.886611
-0.276971
0.0788814
-1.28172
0.0729571
0.00490216
-0.315416
0.489678
-0.174263
0.391581
-0.492737
1.36293
0.467395
-0.951767
0.484372
-0.0475557
-1.54064
1.58819
-0.066411
-0.136795
0.0584963
-0.417708
0.359212
-0.259276
0.707261
-0.447985
0.241973
-0.168031
-0.0739422
0.359959
-0.227466
-0.132492
-1.95561
1.73122
2.86633
-0.699928
-2.1664
0.0959658
0.0207151
-0.116681
-0.0326279
0.216257
0.189808
-0.670032
-0.817706
1.68251
0.043874
-0.00731705
1.7125
-1.06483
1.13811
-0.0837249
0.0837249
-0.381155
0.504784
-2.43182
2.24248
-0.920315
-1.32217
-1.30188
0.592455
0.709426
-0.0514271
0.115571
-0.0641435
0.969869
-1.11926
0.149391
-0.491474
-0.170296
0.66177
1.52318
-1.95211
0.428933
-0.000215132
-0.817534
-0.252491
0.100845
-0.153729
-0.48168
0.635409
0.588157
0.536633
-1.12479
-1.44167
-0.439555
0.755798
-0.316243
-0.862754
0.833961
0.0287939
1.46016
-1.30864
0.164081
-0.153483
0.0583148
0.345536
-0.411721
-2.05202
2.1955
-0.143483
-0.816917
1.42871
-0.611793
-0.025143
0.178651
-0.153508
-1.87655
-0.866741
-0.0177524
0.0167081
-1.73525
0.47985
-0.439292
0.328567
-0.138007
-0.471633
-0.0757234
0.028164
-0.749755
2.10894
0.0804389
-0.455179
-1.54306
0.166831
1.37623
-0.0681435
-0.0899997
0.158143
-0.958853
0.215131
0.265254
-0.654134
0.38888
1.61701
-0.190829
-1.42619
0.0260551
-0.164871
0.138816
-0.271477
0.165775
1.32873
-1.4945
-0.860945
1.95355
0.120105
0.735804
0.752474
-0.0548017
1.55792
0.279163
-1.42478
1.37722
-0.150354
0.0519985
0.0983551
0.311811
0.0394755
-0.351287
-1.79482
0.185345
0.0451038
-0.52876
-0.502266
-0.41827
0.325015
0.656714
-0.140883
-0.51583
0.22442
0.115873
-0.639282
1.55428
-0.914997
0.217143
-0.242653
-0.0539964
0.26685
0.28404
-0.599455
0.00442377
0.35799
-0.362414
-0.12249
-0.0410116
0.163502
0.214449
0.387658
-0.602107
-0.0150141
0.1079
-0.0928855
-0.341366
0.376947
-0.0355811
-0.0074914
-0.205443
0.212935
0.443013
-0.108976
-0.429695
-0.484962
0.914656
1.48789
-1.06613
-0.936575
-0.197878
0.253065
-0.0551865
0.0505984
-0.0606869
-0.32725
-0.257668
0.954889
-0.298175
0.0251497
-1.23684
1.21169
-0.264367
0.0185024
-0.0323748
-0.471467
0.191613
0.168346
0.221047
-0.225407
-1.07133
-0.0475628
-0.104971
0.152534
1.20263
-0.950045
1.48525
1.38108
0.0712873
0.344692
-0.154167
-1.76396
1.91813
0.77683
0.261938
-1.03877
0.0809573
-0.937289
0.60776
0.329529
-0.0530206
-0.0151229
-0.0279935
0.0723324
-0.044339
1.97235
-1.02384
-0.948515
0.157383
-0.356993
0.19961
0.703985
0.182686
-0.88667
0.0834227
0.119836
-0.203259
1.73808
0.0266887
-1.76477
-0.315154
0.049592
-0.31124
0.391679
0.0272267
0.0431188
-0.0703456
-0.566775
0.0820552
0.0190291
0.0148859
-0.0339149
-0.198112
-0.589528
0.78764
1.07781
0.539207
0.992682
-0.967532
0.643812
-0.903088
-1.83816
1.74111
-0.116523
0.0292056
0.306028
-0.558976
0.252948
0.672092
0.857869
1.13273
-1.28199
0.149261
1.29579
-0.559987
-0.173614
0.121154
-0.0113899
0.0644227
-0.0530328
-2.02219
-0.482834
2.50502
-0.370632
0.488645
-0.118013
-0.0119011
-0.0718238
0.6274
2.29158
-0.167031
-0.0741701
1.16564
-1.73698
0.571339
-0.530443
-0.373782
0.904226
1.39335
-0.417563
0.628827
0.486649
-0.542561
-0.324231
0.0124341
0.311797
0.0390299
-0.295915
-0.482992
0.950386
0.0327101
0.0588284
-0.244256
-0.101708
0.345964
0.0286872
0.941182
-0.222532
0.360202
-0.395037
-0.346057
0.367477
0.667277
-0.805284
0.146511
-0.0941077
0.0378636
-0.0856874
-1.94367
0.877531
0.881202
-0.696989
-0.184213
0.0391666
-0.0303941
-0.00877254
0.257894
0.886031
-0.118843
0.0331709
0.0440466
-1.5992
1.55515
-0.00487835
0.60926
-0.604381
-0.0910421
0.0904314
0.000610699
-0.767811
1.06638
-0.104164
-0.286161
0.390325
-0.308769
0.574023
-1.04519
1.39587
-0.350686
-0.325555
0.371404
-0.0458491
2.19574
0.0161559
0.548868
0.168997
-0.717865
-0.365205
0.275557
-0.208504
0.257009
1.57177
0.943869
0.244586
-2.56863
2.32404
-0.868355
-0.200858
1.06921
-0.126392
0.185822
-0.0594306
-0.861099
-0.012142
0.873241
-0.105586
0.0368508
0.0687351
-0.0567023
-0.0765818
-0.543584
0.0706029
0.00205232
-0.00809827
0.10555
-0.213762
0.512733
-0.298971
-0.299667
0.394629
-0.094962
-0.108694
0.151098
-0.0424031
0.720339
-0.435678
-0.00094494
-0.0416448
0.542414
-0.679675
0.137261
1.26784
-1.00995
-0.0653669
-0.338997
0.404364
0.0677132
-0.387145
-1.30941
1.46009
-0.214544
-0.473671
-1.2413
0.825668
0.415631
0.522667
-0.0291744
-0.493493
1.70106
-1.70106
-1.73251
0.0182649
-0.516473
-0.142656
-0.63685
0.779506
0.468511
-0.484138
0.0156263
0.0277767
0.0674469
-0.182224
0.114777
-0.0673044
0.26202
-0.194715
-0.308152
1.11643
-0.808279
0.244081
0.0456829
-0.289764
0.731492
-0.652611
-1.14258
0.274228
-0.0687635
-0.278631
0.347394
-0.0693423
-1.26791
-0.335818
-1.08822
0.752403
0.933552
-0.0670967
0.214561
-0.147464
-0.329556
0.454356
-0.124799
-0.386268
0.243422
-0.0963591
0.0142917
0.144961
0.0462483
0.0166099
-0.0014431
-0.0151668
0.0450209
0.0194017
0.383949
-0.813644
0.195512
-0.0950599
-0.100452
0.0161965
0.0105275
-0.026724
0.0532916
0.0688079
-0.1221
-0.0783982
0.207362
-0.128964
-0.410461
1.22454
0.375898
-0.989357
0.613459
-0.189306
-0.0889536
0.27826
0.0469812
-2.70053
2.65355
0.785354
-0.523258
-0.262096
0.398012
-0.11538
-0.192398
0.0798062
-0.0638468
-0.0659528
0.223335
0.288663
-0.857213
0.56855
-0.402285
-1.18917
-0.498053
0.647853
-0.1498
-0.0717544
-0.0117195
0.49241
-0.349789
-0.142621
0.335404
0.20701
-0.995821
0.39085
-0.369988
-0.0208617
-0.632331
0.355864
-0.0750531
0.551132
0.0522416
-0.0555981
-1.62489
-0.120212
-0.338517
0.622556
-0.0483233
-0.204168
-0.0721659
0.0191331
0.215725
-0.282822
-0.091987
-1.16278
0.752319
1.96794
-0.107871
-2.15658
2.25155
-1.10003
-1.15152
-0.177738
0.534638
-0.178467
-0.738347
0.38485
-0.317238
-0.293439
-0.0307918
-0.29597
-0.542157
0.838127
-0.034536
-0.00783448
0.0423705
0.0974319
-0.976007
-1.90916
-0.350026
-0.382032
0.732058
-0.59045
0.585572
-0.292242
-0.0523234
0.344565
0.595658
-0.15363
0.0994196
0.423247
2.19912
-0.675935
-0.794317
0.498347
-0.293548
-0.0703352
0.363883
-0.0551989
-0.0887838
-1.03048
0.562352
0.0929079
-0.65526
-0.107618
-0.0425894
0.970808
-1.26845
0.29764
-0.626712
-0.0487415
1.7498
-0.550769
-0.128906
0.686706
-2.01459
1.32789
-1.77648
0.917968
0.858507
0.193472
0.118253
-0.311725
0.149838
0.965922
0.111002
0.802598
-0.9136
-0.05483
-0.00663135
0.20839
-0.112424
0.413749
-0.607103
0.193354
1.33845
-1.49262
0.043107
0.0750036
-0.0326165
-0.0423871
-1.73857
0.00606325
-0.663795
-0.180248
-0.0176302
0.145379
0.00220405
-0.147583
-0.700918
0.352011
0.348907
-0.448215
0.391119
-0.966458
-0.424511
1.39097
-0.151687
-0.100348
0.0489212
-0.7829
1.02958
-0.246683
-0.272477
1.46795
-0.198085
-0.711391
-0.59049
0.557611
-0.25266
1.00573
-1.31388
0.0128341
-0.0421275
0.0292934
1.07991
-0.376951
-2.27139
-0.381896
-0.163867
0.545762
-0.0614927
0.246242
-0.00753685
-0.152956
0.160493
0.352294
0.100688
1.01318
-0.425947
-0.0853383
0.358273
-0.0799009
-0.335929
0.293812
-0.168133
0.00226996
0.165864
0.296443
-0.103517
-0.192926
-0.175588
-0.0481213
0.223709
0.0777901
0.0274816
-0.105272
0.112455
-0.0808095
-0.172476
-0.050861
-0.017568
1.11385
0.0278474
0.225784
-0.253631
0.0903693
-0.15396
0.0635907
0.00702545
-0.0169717
0.00994622
0.289937
0.306752
-0.746307
-0.0990156
0.424799
-0.0917483
0.0217601
0.0112586
-0.160084
-0.0439307
1.78842
-1.00424
-0.0456414
-0.17878
0.224421
-1.53307
0.223661
-0.0788659
-0.0240479
0.102914
-0.0549199
-0.0568857
-0.845809
-0.930667
0.43647
-0.0892449
-0.537724
-1.50603
-0.397977
0.153721
0.237697
-1.0206
0.669335
-0.80518
-2.04956
2.29414
-2.38883
0.366642
-0.0997306
-0.0455585
0.145289
-0.0108736
-0.310602
-0.378438
0.68904
0.0628267
-0.0713361
-0.161608
-1.63248
1.79409
-0.935274
-0.402314
1.33759
0.24788
0.527417
-0.775297
0.0114471
0.173424
0.217426
-0.302506
-0.296949
-0.212635
-0.112331
0.324966
-0.0296098
0.349283
0.306791
0.185619
0.0944001
-0.688543
-0.019142
0.0230718
-0.40099
0.489116
-0.0881262
-0.218633
0.0404676
-1.31767
0.123891
-0.0140918
-1.26216
0.292116
0.0107869
-0.495849
0.192859
-0.171775
-1.02366
-0.255074
1.27873
-0.0812289
0.466079
-0.694739
1.28719
-0.380004
-1.0223
-0.921365
-1.19974
1.34913
0.143346
-0.191781
0.055613
-0.121928
0.0663154
-0.760651
0.636909
0.123741
0.743302
-0.77278
0.283164
0.598038
-1.12511
-0.116188
0.0518173
-0.086581
0.0347636
-0.5543
0.768748
-1.37097
-0.164934
1.5359
-0.00835082
0.0533718
-0.291038
-0.674055
0.965093
-0.285665
0.48049
0.0842141
0.0596927
0.0660582
-0.125751
-1.25827
0.879105
0.00992579
0.0529009
-0.207603
-0.14939
-0.438532
0.0935109
0.0530001
-0.0777308
-0.00681722
-0.0248496
-0.045496
0.313645
1.23245
-0.455171
1.73646
1.02898
0.540081
-0.710377
0.0352901
-1.40626
-0.231978
-0.37521
0.46857
-0.0933606
-0.17402
-0.0361218
-0.0490766
0.0229878
-0.0681036
0.156462
-0.235162
2.14874
-1.91357
0.108961
-0.818329
-0.144682
-0.303074
-0.0844052
0.428705
-0.32767
0.422901
-0.0952312
-0.176057
-1.61246
1.78852
0.27695
0.19185
0.276662
-0.294138
-0.468612
1.00413
-0.535516
0.0824973
0.0203485
-0.0507426
0.32147
-0.674401
0.352931
-0.0318043
0.441187
-0.409383
-0.179278
-0.55345
0.732728
-0.320471
-0.08514
-2.00428
0.0407008
0.274606
-0.285889
0.0764531
0.0783949
-0.0684691
0.379007
-0.761039
2.49692
-1.03229
-1.46463
-0.165397
0.457059
-0.839186
0.548148
-0.185324
-0.184664
-0.219469
-0.0069988
1.06267
-0.633924
-0.11262
0.779602
-0.958881
0.175424
-0.114889
-0.0605348
-0.438951
-1.87026
1.07013
0.80013
-2.12959
2.17657
-1.00147
0.243629
0.75784
0.0145719
0.168073
-0.182645
0.66287
0.292018
-0.154376
0.234064
-0.0087906
0.0255987
0.0524994
-0.301621
-0.048168
1.27007
1.22685
-0.0637011
0.0171629
1.58707
-1.47829
-0.0528767
-1.3836
1.43648
1.13418
-0.0203282
-0.337728
-0.101565
-0.343065
0.142999
-0.301588
-0.0459757
0.0838675
0.749019
-1.28087
0.531849
0.143419
2.15115
-1.26648
-0.884667
0.0297829
0.0477024
0.0678681
-0.179047
0.814971
0.904491
-0.886226
0.574048
-1.50932
-1.20445
-0.0502952
1.25475
-1.00877
1.16538
-0.156604
0.117183
-0.011633
2.38557
0.0573205
-2.44289
-0.467042
1.22923
-0.762192
0.111662
0.282967
-0.716095
-0.14666
-0.0184376
0.117691
-1.36068
0.251201
-0.01632
0.0386209
-0.0223009
-0.171009
0.208269
-0.0372604
0.0601639
-0.414153
0.353989
0.638508
0.223729
-0.564371
-0.136547
0.00760902
0.869164
-0.869379
-0.081387
-0.0828459
-0.299188
0.0640105
0.872625
-0.533839
-0.338786
0.298468
-0.893951
0.595484
0.461553
-0.639821
0.178269
0.619938
-1.49411
0.78378
0.710331
-0.00340932
0.854479
0.314128
-1.16861
-0.171157
0.263192
-0.29038
0.0271883
0.204664
-0.0422139
-0.301534
0.00929213
-0.345872
-0.693578
1.02947
-0.567913
0.830456
-0.262543
-0.477421
-0.711519
1.82043
-0.771962
-0.108117
0.203936
-1.33595
0.0510328
-1.31957
1.26854
0.0692985
0.0881098
-0.157408
0.219175
0.310435
-0.52961
0.523255
0.0558614
0.0383173
-1.2981
0.820675
-0.55183
1.15959
0.109839
0.714545
0.359394
0.273551
0.0228928
0.925416
-0.446816
0.0819366
0.661365
-0.928877
0.339427
-1.4421
1.03978
1.05501
-1.23106
-1.93923
1.70406
0.0436887
-1.43203
0.236309
1.19572
0.168416
0.479436
0.0612609
-0.8571
0.714444
-0.172959
-0.125877
0.298835
-2.27788
1.38624
0.891636
0.431324
0.789469
-1.22079
0.0440512
-1.24379
0.819916
0.00255455
-0.82247
-0.313423
-0.657658
-0.695385
-0.00691544
-0.0196714
0.0750271
1.54121
-1.51452
-0.00732264
-0.903989
-0.590122
-0.0602827
0.0568754
-1.26133
1.18759
-0.333111
-1.47707
0.0535586
-0.23099
-0.88576
0.387933
-0.0336889
1.83816
0.216232
0.120618
-1.15109
0.169034
-0.130152
0.149496
-0.361556
0.336707
-0.618068
0.281361
-0.0465317
-0.0175058
0.0640375
-0.675031
0.844028
0.0610282
-0.0409831
-1.0775
1.17341
-0.0959151
-0.723243
0.809339
-2.09966
1.29032
-1.26541
-0.0728499
0.1293
-1.42193
0.107601
1.31433
-0.461337
1.00303
-0.699801
0.797232
0.14664
0.868349
0.514627
-0.909664
-0.860626
-0.224336
1.08496
-1.09662
-1.8114
1.64979
-0.150988
0.155136
-0.00414787
0.107153
-0.106542
0.736473
-1.21946
0.287674
0.656254
-0.943928
0.118952
0.563977
-0.682929
-1.01108
0.457633
0.0511262
0.0313091
-0.272026
0.428569
2.26355
0.122023
-0.769497
0.880498
-0.312152
0.104549
-1.0433
2.36682
-1.32351
-0.0905831
0.0786598
0.0976998
0.459683
-0.00154576
1.06693
1.24381
0.543324
-0.788806
0.299
-2.26621
-0.209064
0.161501
0.106246
-1.05629
-0.262454
-1.00599
-0.252601
0.0650535
0.884603
-0.456033
0.00440572
-0.91161
0.485663
0.221292
-1.73466
0.271781
1.46288
-0.0355475
0.516037
0.846687
-1.18259
-0.306185
0.843486
-0.365809
-0.477676
0.983436
-0.422196
-0.561241
-0.215624
0.0475932
0.720828
-0.690916
-0.0299123
-1.47069
0.971017
0.499671
0.440132
0.955742
0.00182014
0.143559
0.858411
-0.551659
-2.22945
1.18624
1.04321
-2.42206
1.93923
1.03906
0.556365
-1.59543
0.874062
-0.737264
1.46252
-0.531171
-0.931352
-1.12308
0.218472
-0.0973174
0.020317
-0.105909
0.235625
-0.0659455
0.160173
-0.0942273
0.582404
-0.0468654
-1.88091
-0.442903
0.662776
-0.249027
-0.0410872
-0.0505729
0.765809
-0.435196
-0.330613
0.878054
-0.526043
-0.179861
0.147233
-0.0865788
1.21931
0.125572
-0.0562734
-0.245153
-0.765929
-1.53978
0.516126
-0.0426451
-0.128856
0.166949
0.151902
0.155803
-0.10019
-0.54837
-0.31435
0.138795
-0.0986216
-0.0401738
0.216767
-0.916653
-0.16785
1.0845
0.0179312
0.0604637
0.00578133
1.35621
1.0322
-2.38841
-0.524435
0.772315
0.259216
-0.103494
0.594652
-0.843661
-1.05097
1.89463
-0.882003
-0.862923
0.320765
0.283987
-0.0919242
-0.192063
0.855899
-0.809841
-0.216457
2.01337
-1.20403
-0.226225
0.138346
-0.396696
-0.592661
-0.00866696
2.0191
-1.74111
-0.277987
-0.987379
-0.552404
-0.0874465
0.19812
0.0851737
-0.992009
-0.288199
1.28021
0.261846
-0.546859
0.515054
-1.56391
-1.25513
0.592196
0.662938
-0.239129
-0.00390917
0.243038
1.00337
-0.723036
-0.280331
0.130978
-0.199082
0.0953629
0.106323
0.673204
-1.63966
0.780267
0.20317
-0.477104
-0.317213
-0.0389525
0.031118
0.179778
0.0653236
-0.981977
0.0303533
0.416932
0.693746
-0.34821
-0.605009
0.671841
-0.0668317
0.832145
0.630378
0.420658
0.0432986
0.337314
0.232262
-0.569577
1.65401
-1.38223
-0.195343
0.386727
0.173845
0.0308185
0.112978
0.00419494
-0.0193618
0.00455162
-0.15554
0.548613
0.0152052
-1.75912
-0.0379361
-0.201193
-0.0865624
-0.035366
1.1115
-1.80624
0.709093
-0.327835
-0.381257
0.00533919
0.135816
-0.0204043
0.00408431
0.366192
0.0392752
0.124227
0.588411
-0.200753
-2.62241
1.26774
1.35466
-0.0775788
0.0185084
-0.0388785
0.142544
0.206949
-0.326261
-0.327872
0.881993
-1.72565
-0.0345461
-0.939841
2.29605
0.520021
-0.0924355
-0.427586
-0.474762
-0.383261
-0.100877
0.108928
-1.12779
0.3981
-0.678378
0.280279
0.48314
-0.345487
-0.137652
0.169717
0.962275
1.34196
-1.37828
1.38223
-2.86797
1.94141
0.926559
1.38729
-2.32713
2.66284
-1.35503
-1.08581
-1.1389
0.493702
-0.0855771
-0.109808
-0.3079
-1.48361
0.0515796
0.0186254
-1.30061
1.19501
-1.98008
0.785071
-0.0806927
0.316567
-0.334192
0.0553188
-0.101168
0.914243
1.23691
-2.32601
1.2827
-0.0899411
-0.792062
-1.33435
-0.571244
0.225757
2.12959
-2.11343
-0.0613897
-1.16372
0.0428358
1.11202
-0.946241
-2.04897
1.96453
0.0844415
0.309147
2.3444
0.391296
0.112212
-0.503508
1.43308
-0.859033
0.276703
0.0734247
0.605362
-0.637736
0.122683
0.150868
0.73598
0.637056
-1.37304
-0.410377
-0.224414
1.08502
-1.03906
-0.045961
0.691125
-0.598217
-1.49708
0.624441
0.872639
-0.370172
0.589347
-1.03056
0.161863
0.893808
-1.14647
0.321965
-0.624471
-0.0339948
0.0452533
-0.733499
0.422896
-0.946739
-1.45502
2.40176
-0.188229
0.215711
-0.513745
0.5958
1.28388
-1.87437
0.160534
1.29673
-1.7519
0.0719668
-0.0629474
0.247374
-1.25732
0.0753234
0.6065
0.535936
0.00610268
-0.487783
-2.56881
0.519253
-0.0911437
0.0265344
0.0646093
0.087685
-0.367766
1.15482
1.09673
1.32679
-1.02915
0.0674128
0.0231815
-0.0239245
0.500319
-0.436427
0.537115
-0.537579
-0.87088
2.25817
0.00182409
-0.00523341
-0.912952
-0.68574
1.59869
-1.22474
0.757698
-0.0804202
0.0394646
-0.0295184
-1.44735
-0.09571
-0.208408
0.606508
-1.46628
-1.15613
2.0191
0.578115
-1.18983
0.93629
-0.712561
-0.145551
0.466285
-0.248859
-0.299774
0.234408
-1.38049
0.397401
-0.866013
1.39239
-2.26327
-0.813261
-0.128482
0.404039
-0.245149
-1.80382
1.154
-0.961141
1.36184
0.644523
-1.73876
1.09424
1.48094
-0.50992
1.63944
-0.675858
-1.33812
2.01397
0.517365
1.33544
-1.0736
-0.645892
-0.609241
-1.81258
-1.05539
0.467484
-1.00366
1.58972
-0.586055
-0.163122
1.3703
-1.20718
-1.01836
-0.945807
1.96417
0.884647
0.20037
0.29404
0.404535
-0.288608
0.107948
0.18066
0.0744075
-0.31706
0.461031
-1.44841
-0.545778
-0.420463
-0.340188
-0.0616766
0.353793
0.390438
0.454925
-1.96018
1.01806
0.942119
-0.0508087
-1.61285
1.66366
0.0485545
-0.305032
0.110317
0.313692
-1.60226
1.60226
-0.49408
-0.0487164
0.542797
-0.460921
0.997554
-0.406583
-0.164661
-0.701519
-0.0798068
0.429089
-1.37828
0.209804
-1.35398
0.28915
1.21821
-1.28756
-1.25152
0.259513
-0.0393035
0.209118
-0.169815
0.176793
0.544035
-0.0619548
0.0154231
-1.03699
-1.2101
0.120542
1.08956
-1.37035
0.388613
-1.11122
-0.988442
-0.0724821
0.132175
0.192804
0.315721
-0.501045
-0.0491583
0.0243087
0.422116
-0.419826
-0.313672
-1.18851
1.57009
-0.381583
0.364374
0.192032
-0.218863
0.449927
-0.231063
-0.320526
0.130233
0.292944
-0.6572
0.364256
-0.939127
1.82173
-0.782661
-1.55498
-2.19238
0.579919
-2.18953
0.0613594
0.891681
1.08067
0.0993586
-0.985119
1.78657
0.408931
0.794367
-0.684529
0.629664
0.612717
0.261345
2.18357
-0.791177
-0.651813
-0.755781
1.40759
1.19055
-0.0878929
-1.10266
-0.053021
-0.100939
-0.243729
0.218586
0.177478
1.3555
-1.53297
-1.45891
1.23106
0.227851
1.45891
-1.70406
0.257804
-0.338497
-1.67008
1.01242
0.103583
-0.092789
0.0119795
-1.6626
0.117332
1.73057
-1.08605
-0.265203
-0.133451
0.135721
-0.49862
0.695833
0.296768
-0.097158
-0.0171371
0.370068
0.208016
-0.281958
-0.640156
-0.070926
0.614662
-2.07592
0.53528
-0.1135
0.521856
-0.408357
-1.05794
-0.922144
0.151498
0.63695
0.421645
-0.933055
0.163559
-0.433514
-0.206307
0.160712
-2.32824
1.24243
0.0557583
-0.0971163
-0.185706
0.0550649
-0.132796
-0.0676196
-1.35522
0.607467
-1.90251
1.29505
0.086008
0.29547
-0.381478
0.0639045
-0.255424
-1.09484
1.38399
0.281951
0.490364
1.29704
-1.18259
0.223324
0.0604772
1.66782
-1.90639
0.23857
0.483169
0.546414
-0.851379
0.0289085
0.403125
-0.566991
-0.0665913
0.0857243
-1.13976
-0.120945
0.126374
-0.00542981
-1.52654
0.223888
1.30265
-0.0857525
0.0774017
-0.00308554
-0.056079
0.0591645
1.21297
-1.15609
0.0610732
-0.078579
0.602119
0.177387
0.0911529
-0.0563892
-0.100766
0.089046
0.237049
0.680396
-0.917445
-0.435458
0.0213051
-0.917736
-1.02308
1.94082
0.168784
-0.0485527
0.272974
-0.824987
2.17657
-0.117687
0.106813
0.0787859
0.127328
0.104948
2.37385
-1.10378
-1.28561
0.902124
-0.504722
-1.30013
2.34334
-0.0967137
0.135989
0.0759401
-0.0878412
-0.010964
-0.242667
-0.339307
0.226976
-0.315106
0.592253
-0.276531
1.31852
0.149479
-0.0944144
0.208738
0.00582299
0.0464539
0.0750013
0.00886619
0.46985
-0.889676
0.246877
-0.287188
0.0403116
0.174073
-0.0859631
0.28476
0.641349
-0.926109
-0.294113
0.168237
0.399862
-0.481091
2.53429
-1.01982
1.02671
0.886509
0.0199927
0.436214
-1.29605
0.384234
-0.537864
-0.349032
0.742615
1.4565
-1.55521
1.55521
1.45659
-0.936894
1.07021
-0.0783305
1.55004
-1.47171
0.910777
1.03367
1.29328
-2.24002
0.0970265
-1.05591
-1.34906
-0.159057
-1.46202
1.62107
-0.450403
-0.181928
0.0912329
1.284
0.21667
-0.320187
-0.674371
1.65399
-0.979622
-0.192338
0.315021
0.0205904
-0.00944758
-0.0435731
2.54413
-1.0795
-1.46462
1.55825
-1.45065
1.09834
0.258033
0.0277586
-0.00566068
0.00213455
1.56571
0.467851
0.580652
0.973626
0.0286994
0.232378
-0.261077
-0.39972
0.25033
0.214369
-0.231683
0.0173142
0.191107
-0.260481
0.0693745
0.382447
-0.374838
0.370703
-0.589336
0.570863
-0.536258
0.0571811
0.0294811
-0.00170437
0.0473932
-0.255074
0.207681
0.113153
-0.111679
-0.00147343
2.11343
-1.68211
0.096565
-0.123676
0.0271107
-1.54121
-0.395341
0.303592
-0.998638
1.90941
0.295962
-0.380368
2.51822
-1.22494
0.282692
-0.362593
-0.192602
0.591809
-1.27552
-0.578037
1.35616
1.3721
-1.12472
-0.101245
0.188272
-0.138022
-1.47626
-0.33848
0.330744
0.2799
-0.424582
-0.423946
0.328715
-0.123733
-1.34206
1.28918
-1.44363
1.51508
-1.12317
-0.610779
0.450746
0.761826
0.435253
-0.483421
-0.0950938
0.187576
0.376489
-0.564065
-0.415072
1.38081
-0.764541
-1.19975
-2.13096
-0.108266
0.104019
0.00424749
-0.0378949
1.45005
-1.41216
1.07366
-0.0441941
0.363713
-0.457074
2.12588
-0.84188
1.19859
0.642816
-1.8414
0.263315
0.0334534
0.651044
-0.193986
0.23102
-0.855723
0.0373942
-0.973304
0.805453
-0.359459
0.267535
-0.0974408
0.135758
0.345962
-0.435207
-1.04485
1.17451
-0.694644
-0.364327
0.0616145
0.250724
0.447968
0.317477
0.0198371
1.7831
-1.55921
0.342083
-0.427223
1.37594
-0.808875
-0.0131889
-0.85619
-0.177224
0.0482599
1.05501
-0.0650479
0.0150249
-0.0175567
0.00878419
0.00104702
-0.173523
0.0553206
-0.0584062
-0.529472
1.5996
-1.25433
1.176
-0.549831
0.870596
-1.21757
0.131808
-0.508237
0.791401
0.344916
0.90279
0.564647
-1.46744
-0.721066
0.347284
-0.990578
-1.2873
-0.498093
-0.00702918
-0.0985667
0.0840488
0.0145179
1.41202
0.194869
-0.223791
-0.0960531
-1.77322
1.72241
0.508752
0.184994
1.12508
-0.25323
-0.0285156
0.281746
0.973703
-0.158731
-0.720001
2.2568
-1.5368
-0.678159
1.58563
-0.907471
-0.389749
0.197411
0.290062
-0.0415724
-0.0625157
0.104088
0.781267
-1.02063
1.25704
-0.236408
-0.33027
0.137872
-1.59111
-1.86516
0.775602
1.08955
-1.61072
-0.191439
-0.51008
1.28556
-1.96142
0.176185
-0.942114
1.242
-1.74009
0.473314
0.357142
1.02427
-0.395441
-0.0132789
-0.0449032
0.0581821
-0.217321
0.118298
-0.0504294
-0.00323978
-1.24158
1.24482
-0.297262
-0.388694
-0.0312759
0.100031
-0.068755
1.31931
-1.00518
0.471541
-1.29489
0.823346
0.281106
-0.134466
1.61805
-0.80256
0.0694899
-0.273658
0.625753
-0.839992
0.0672122
-0.771046
-0.084339
-0.282856
0.326716
-0.0438605
1.56807
-0.658664
-0.909409
-0.360405
0.249884
0.0315483
0.489834
0.205999
1.39608
-0.141269
0.109993
1.63184
-0.466463
-2.0619
0.723788
0.77186
-2.24113
1.46927
-1.54452
-0.297988
1.84251
0.943041
0.877384
-1.49093
1.90639
-0.415461
-1.48428
1.29345
0.269367
0.615777
-0.885144
-0.0973582
-0.906355
1.24798
-0.341628
-1.49093
0.904491
-0.412163
0.0639538
-0.179684
-1.07764
0.52694
-0.67674
-0.55858
-1.64863
0.904974
0.743656
-0.358986
0.261828
-1.84511
1.16374
0.681365
0.831621
-0.358307
-1.33317
-0.800025
2.3973
-1.62544
2.18056
-0.175645
0.193195
1.7054
-0.37667
-0.915347
1.59583
0.901278
-0.904518
2.46358
-1.53703
1.26852
-1.30064
0.0321255
-0.102173
0.00587602
0.0962974
-0.836571
0.113328
-1.07801
2.14494
0.308051
-0.0880142
0.362696
-0.57724
-0.654662
1.64113
0.922595
0.558343
0.415192
-1.95972
-1.13455
-0.73061
-1.43661
-1.33498
-0.7154
-0.93323
2.39585
-1.33581
-1.06004
0.8504
0.025592
-1.79881
1.68211
-0.442329
0.340765
0.487071
-0.299496
1.84362
0.523195
0.321835
0.0606117
1.71469
0.00771601
-0.106601
2.37015
0.873422
-0.0394619
0.314939
1.01185
0.708344
0.333615
1.1657
0.766786
-1.93249
0.178983
-1.67207
0.668411
0.306293
-0.113535
0.213566
-0.167053
0.369511
-0.346279
0.242115
-0.325665
-0.143688
1.01466
0.715905
1.37964
-1.22235
-0.157289
-0.199847
0.204399
0.560844
-0.0685924
0.02702
-0.00545778
0.225735
0.434819
-0.527254
-1.80852
0.722471
-0.29473
-0.264246
0.336409
0.0552694
0.338177
-1.55235
0.799757
-0.23578
-0.0508304
-0.102784
0.195688
-0.0215331
-0.174155
0.0269357
0.38646
-0.00374217
-0.0605828
-0.366578
-1.22307
-1.10703
0.32886
0.778173
1.349
-0.486629
-0.862367
-0.831437
1.25979
-0.428355
0.799774
-0.187057
-2.26429
1.54429
-0.114745
1.52462
1.24717
-0.391272
0.0430741
-0.227633
0.184559
0.688881
-0.209445
0.112519
-1.26861
1.57924
0.639494
-0.796098
-1.49117
0.73539
-1.25606
0.153401
-0.0337675
0.0170166
-0.2171
0.200083
-0.368352
-0.230503
0.199907
0.0305959
2.50046
0.416546
0.298502
-0.0103963
-0.227225
0.237621
1.28784
-0.538823
-1.63052
1.65611
-0.263184
0.220971
0.0604053
-1.02413
-1.05179
-0.66156
1.65521
-0.99365
-0.812445
-0.623138
1.43558
2.24608
-1.68441
-0.561676
0.992433
-0.00858305
-1.14353
-0.903202
-1.32578
0.0251393
1.25727
-2.66971
1.41244
0.205186
-1.8159
-0.536551
1.45915
-0.627642
1.02952
-0.401882
-1.41379
-0.974619
-1.53121
-0.709715
0.224754
-0.80307
-0.275005
-0.176381
0.451386
-0.682846
0.463301
0.219545
0.442571
0.0445006
0.708103
0.947107
0.0356521
-0.112234
0.127274
-0.0147493
-0.872392
0.904518
0.0156279
-0.189648
-0.872392
1.63394
-0.776066
-0.00819027
0.605409
-0.42714
-0.75175
1.83671
-1.08496
0.181958
-0.0194335
0.838779
0.335734
-0.29525
1.41785
0.0577671
0.513021
0.360102
-0.494126
0.134024
2.76949
-1.51221
0.688016
-1.32269
0.112591
-1.90807
0.703454
-1.68308
0.164129
-0.0495519
-0.114577
1.63248
-0.92766
-0.704821
-0.273179
-1.53788
1.81106
-0.522353
1.5241
-1.54143
0.0173293
0.313476
-1.94596
-1.05554
2.37406
-0.386654
-0.281708
0.668362
-0.0820328
0.720123
0.912358
0.0273017
-0.0986379
1.66782
0.848095
2.52515
-1.34693
-1.51228
-2.46933
-2.17208
1.3809
-0.347324
-1.80752
2.32677
0.00753193
-0.956932
0.257002
-0.63544
2.1126
-0.910916
-1.59362
-1.80407
0.0846996
-1.62909
0.913686
1.44706
0.809743
0.926082
-0.0980945
0.556174
-0.458079
1.41577
0.725026
-2.1408
0.470431
-0.0417263
-0.773163
1.2863
-0.513134
0.331905
1.22634
0.321266
-0.0274539
0.0556729
-0.646135
-0.442231
-0.414981
-1.72514
1.61854
0.803558
1.24321
1.28194
-0.0193653
0.536524
1.24741
1.27081
0.0357391
1.62051
-0.900383
1.41352
-0.677544
0.184473
0.111758
-1.58802
-0.0423275
2.32159
-2.27926
0.0163053
1.36333
1.71298
-1.00952
-2.56268
1.27455
1.28812
-1.53033
1.25715
0.627276
0.96855
-0.0109436
0.210796
-1.23691
0.689303
0.896328
-1.58037
0.136738
-1.31947
0.235415
1.72514
1.7351
-1.01919
0.133142
-0.0144472
-0.118695
0.759944
0.860563
0.660119
1.73718
-0.400526
0.0303541
-1.7774
2.43752
-1.51197
0.0857828
1.66383
-1.65611
1.66788
-0.95978
-1.88878
0.788745
0.98439
1.12821
-0.478428
0.950425
-0.471997
-0.318808
0.349161
0.0912269
0.256167
-0.0117112
-1.27585
0.683696
-1.30271
0.365812
1.42231
0.979454
0.639867
-0.150033
0.17738
-0.233351
-0.563903
-1.29718
-0.00343227
-0.858947
-0.942115
1.80106
-2.62533
0.999885
2.69185
-1.27314
-1.41871
0.91264
-0.168749
0.39176
-0.223011
0.19615
-1.95611
0.418227
-1.7575
1.00575
0.486835
-1.66348
1.17664
0.901278
1.96868
-1.55349
0.0470774
0.159373
-0.00722381
0.250436
-0.4693
1.09325
-2.04693
0.953689
-0.67975
-0.811421
-0.72136
0.447719
-0.629647
-1.21289
-1.53878
-0.0437074
-0.00545083
0.219412
0.345091
-1.86021
1.54143
0.318776
1.4522
1.23966
1.65847
1.11102
0.663159
-0.939662
0.985026
1.60166
-2.72301
1.21079
1.5241
0.337803
-0.0225894
-1.63052
1.78838
-1.06591
1.34191
-2.68885
0.189791
0.106901
-1.48739
-0.0754798
-0.806039
0.25438
1.95857
-1.19178
-0.0790853
-1.59551
0.233673
1.36183
0.939662
-0.0383837
0.00323488
0.171341
-0.0449669
-0.331556
0.230812
0.0245159
-0.092985
-0.22377
-0.0240558
-1.74603
0.887084
1.51046
-0.539697
-1.46619
-0.0158499
2.69061
-1.41606
-0.0516791
1.96369
-0.678127
1.6585
-0.753525
-1.11819
1.58002
-2.65835
0.880948
-0.862886
0.124539
-1.1009
-0.685635
2.60367
-1.26175
0.763374
-1.5748
0.342363
2.26633
-0.413761
0.899297
-0.485536
1.61971
1.96005
-1.17835
-0.781701
-0.761366
-0.247077
1.00844
-1.26966
-1.86021
1.24117
-1.07682
-0.164353
0.149563
1.10362
-1.25318
-1.35929
0.763938
0.0213811
-0.00467298
0.343394
1.98672
2.02149
-0.918384
0.457048
-1.02282
1.03913
0.0614866
-1.28384
-1.38748
0.00747988
1.38
0.68793
-0.912266
1.17013
-1.57241
1.9808
-0.738799
-1.19312
1.19312
0.887428
0.714233
-0.460622
0.653977
-0.854276
1.61422
-1.40148
1.40148
-2.49808
-2.10469
1.30467
0.555167
0.131984
-1.40333
-0.880238
0.433423
-0.122199
-1.43354
0.0302113
0.0454829
-0.651355
1.91379
-0.518642
1.90427
-1.38562
-1.37229
-1.47917
1.32011
-0.0702054
0.313526
-0.70018
1.57752
0.719326
0.530777
0.925809
2.72764
-1.61662
0.740222
0.314489
-0.815519
1.57889
-0.914693
0.223777
-0.864568
1.24117
-1.61229
2.89672
-1.61402
0.847122
-2.38392
-0.713447
1.58609
0.5848
1.07682
-1.06934
-0.158628
0.666293
-0.258955
-0.407338
-1.43003
1.43003
1.58808
-1.01723
-0.570846
-1.51452
0.888175
0.570971
-1.6202
1.6202
1.03354
0.554542
-0.141866
2.15541
0.219428
-0.0103097
-1.34203
0.00768066
1.86183
-0.398946
2.43596
-1.69292
2.44447
-1.1926
0.892655
-1.45353
-1.06934
-1.66689
1.66689
-1.50677
2.74643
2.74981
-1.53901
-1.75373
0.805217
2.34552
-1.4984
-0.938001
1.08756
-1.67616
1.02463
0.651533
0.356384
-2.23294
1.45004
1.05637
1.20996
-1.02282
-1.51087
1.51087
-0.0272726
0.177111
0.961338
-0.985026
0.0236882
1.5532
-1.61854
0.0653362
-1.71946
0.98243
0.737027
0.571702
0.863881
0.329355
-0.961338
-1.5532
-1.06175
1.59253
-1.70842
2.58937
1.50528
-0.76989
1.03913
-0.642626
0.932834
1.01161
-0.694827
-0.891991
-1.43514
0.294684
0.725574
-1.80534
1.21675
-1.30835
-0.582155
0.328533
1.48252
1.16591
1.49693
0.437396
-0.0401579
0.148249
-1.28604
-0.84592
2.13196
0.748442
0.659152
-1.07523
-1.24972
2.32496
-2.40976
-0.866294
0.388618
-1.48976
0.472531
-1.18365
1.2719
-1.4295
1.82549
1.00401
-1.69884
-0.928669
-0.0484079
-0.713538
1.46198
-0.906664
1.01922
-0.906968
1.32134
-0.414376
1.39551
-0.732351
2.51907
-1.05023
-0.727875
1.73188
-0.887051
0.149786
0.954524
0.665185
-1.24804
-0.168781
-1.56979
-1.64624
-0.908279
0.452246
0.173075
-0.130001
-1.83602
0.701473
1.4961
-0.353688
0.946455
-2.44486
-0.796837
-0.0546572
0.157108
-0.956316
-0.864854
-1.67958
2.00811
1.2842
0.804223
0.798701
1.13319
1.16138
-0.403544
-1.3302
-1.48677
-1.06987
2.55664
-0.745427
1.64822
1.19486
-1.04336
0.602601
-0.202739
0.898835
-2.50716
1.60833
0.0995279
-0.89159
-0.493069
-1.4633
-0.927976
-1.29346
0.497018
0.073845
-1.23058
-0.605442
0.475831
1.72968
-0.890686
-0.83899
-0.283217
1.54037
-1.00259
0.380537
0.593281
-1.82386
2.28895
-1.11175
-1.1772
1.77722
-0.294694
-0.368593
0.706339
-1.63284
0.926498
-2.75093
1.24416
-1.26066
-0.992496
-0.844417
2.20245
-1.1092
0.362975
0.0209036
0.00857749
-1.54602
1.20741
-0.584898
-0.675757
-0.468471
-0.500316
1.88965
-1.38934
1.00125
-2.54727
-1.47902
0.974004
-1.70188
-1.63512
0.791742
1.01646
-2.47976
0.809004
-1.2503
-0.208305
1.4586
1.50389
-2.55412
-0.894653
0.368611
0.969848
-1.54069
1.24088
-2.7199
0.680222
1.71269
-1.39075
0.0203917
1.03813
1.38034
0.396875
-2.21591
1.5902
0.625708
0.0148777
0.0375083
1.06611
1.24567
0.861848
-1.78729
0.925445
-1.74008
1.45988
-0.263061
-0.786691
1.7607
-0.0507185
0.769185
-0.697443
-1.71673
2.41418
1.1382
1.39608
-0.672444
0.660302
-1.45287
1.7859
-0.405562
0.486828
0.983451
-1.47028
1.56616
-2.66495
2.80704
-1.55563
-1.29145
1.88473
-1.28559
-0.53827
1.47852
-2.54839
0.414804
-0.879794
-0.753043
0.90758
-1.46174
0.554159
-1.65391
0.815874
-1.23025
-0.942985
0.0757499
0.149985
0.206904
0.872635
0.665275
-1.54507
-1.63453
0.454438
-0.636587
1.5146
1.02953
-0.765936
-1.09448
0.851718
1.35848
-2.62023
0.646939
0.74857
0.0104928
-1.08552
-0.654567
0.183947
-0.00529643
1.52283
0.485288
-0.974182
1.69351
-0.166225
0.621961
-1.20686
0.775381
-1.66607
-0.733728
-0.895358
-0.0360655
-0.940936
0.598208
0.542634
0.815178
-1.35781
-0.633114
-0.775593
-0.202918
0.161926
0.835178
-1.79149
-0.0641016
0.452476
1.39004
-0.0755859
0.0791625
-0.00357662
-0.0430266
0.64656
0.81542
1.9197
2.66467
-1.53148
-1.25482
1.68375
-1.14354
0.811905
0.525683
1.452
0.0245616
1.35851
2.69616
-0.987814
-1.55945
-0.0389658
-0.04387
0.0828358
-1.34188
-0.142404
-0.203111
0.45606
-0.608289
1.52685
-0.171357
0.304144
-0.720404
0.41626
-2.81996e-05
-0.0311515
0.00499421
-0.00117736
0.530364
0.892663
-0.285759
2.07233
1.42206
-0.601382
0.0825636
-0.450947
0.203999
-0.252715
-0.66325
1.47225
0.900549
0.356017
-0.637724
2.07549
1.63858
2.62234
-1.60312
-0.826814
-0.422904
1.46103
1.07807
1.54412
-2.41086
-0.989207
0.394954
-1.32589
0.930934
0.0263098
0.0492432
0.0099213
0.786079
1.54092
-0.449091
-1.09183
-0.171202
-1.34077
-0.194595
-1.05693
0.730615
1.18317
-0.088786
-1.39712
-0.207654
-0.0235006
-0.122202
0.145703
0.655524
-0.578594
1.56605
-0.98746
1.7145
-1.05851
-0.655987
0.935604
-0.011931
1.32626
1.06155
0.286106
-0.888092
-1.46861
-0.575771
-0.527624
1.10339
0.0619083
1.21372
-0.469029
0.0708669
0.398162
2.66169
-1.37749
-0.466183
-1.12832
-1.10493
-0.344995
1.44992
-0.0286408
-0.871864
-0.132403
0.656065
-1.90794
1.68526
-0.722331
-1.22293
1.26044
-0.109397
0.0918285
-0.230625
-1.55386
0.975263
0.239302
0.23113
0.0100995
2.55622
-1.25085
-1.30537
0.610826
-1.17794
1.75786
-0.0970356
-1.29063
1.38767
1.16814
0.957746
0.0853359
1.53484
-0.946581
-1.10035
-0.182758
0.0796586
-1.50498
0.102195
-0.0618123
-0.689558
0.0500258
1.47427
1.08195
-1.02247
1.69904
-0.676568
1.2066
-0.563209
0.224053
-1.57312
0.982885
-1.54412
0.561235
0.626749
-1.7109
-0.879722
1.51082
-0.749502
1.75523
0.189725
-0.12932
0.0468409
-0.0468409
0.219334
-1.22452
-0.69866
0.858826
-0.266388
-1.46544
-1.23796
0.976706
1.30695
0.0629736
0.21
-1.0893
1.56183
1.21184
-1.6174
-2.60395
1.0445
0.0863686
-0.329036
-0.548914
1.0907
0.419454
-0.928526
0.591449
-1.43432
2.64174
-0.177058
0.0864749
1.26184
0.0314695
-0.490261
-1.112
-0.473511
1.68535
-0.0548105
-1.66853
0.69435
0.00958157
1.11026
-0.276641
0.0231905
0.25345
1.24563
-0.128273
0.70898
-0.793319
0.0827618
-0.0827618
-0.769358
0.0896178
-1.80234
0.906983
0.0712636
-0.0467081
-1.5424
-0.0405768
-0.219953
-0.167161
-0.0676765
0.154681
1.48085
-0.682145
-0.133429
-0.522757
0.836449
-1.08456
-0.248825
-0.000740532
0.249565
-0.0993783
-0.120353
-0.0976754
0.459005
-1.09293
1.49681
-0.715673
-0.238528
0.371728
1.26987
1.1746
0.701205
-0.397061
0.0961425
0.817595
-1.12362
2.01526
-0.862673
-1.30421
2.16688
-0.886226
0.648961
-0.0826932
-0.0751648
-0.0938374
-2.62834
-0.154083
1.18292
0.472934
-1.65585
-1.52388
0.0732321
0.648148
-0.209142
0.111824
0.426835
-0.985777
-0.689727
-1.75317
0.223191
-0.136823
-0.108656
-1.50663
0.520854
-1.60597
1.69041
0.0780781
1.16727
1.16547
-2.33274
-0.313212
0.265616
0.910273
0.0359643
-0.119708
-0.939096
0.460668
-1.30547
0.227837
0.929509
-1.00248
0.412025
1.08869
1.11446
-2.20315
-0.113615
-0.479037
1.11599
0.852694
-0.860153
-0.931341
-0.111112
-0.415715
-0.0118702
0.992813
0.0990255
-0.264713
-0.353355
-0.942957
-0.17308
-0.0931241
-0.204483
0.129268
0.0365957
1.08832
-0.0986557
-0.715045
0.951354
-0.24757
1.35152
0.384936
0.865536
-0.842586
0.161462
1.00604
-1.75261
-1.22746
2.18974
0.0215258
0.0490771
-0.169965
0.988431
-2.21589
1.46428
-1.06834
0.800879
-0.163752
0.446719
-0.800548
-0.502158
-0.177564
0.0833369
-1.02437
1.46177
0.349082
-1.45401
-1.56487
0.888305
1.95492
-0.86168
-1.09324
0.879383
-0.424458
0.223866
0.36287
-0.586736
-1.08189
0.506118
-0.58961
1.9337
0.759199
1.27842
-2.35132
1.0729
0.748652
-0.463892
0.0097343
-0.163242
0.870267
-0.15195
-0.454805
1.46463
-1.00983
1.24374
-1.49624
0.252497
-1.06318
-0.596506
1.73193
-0.749497
1.23108
-2.40828
1.11441
-0.488653
-1.30889
1.64286
0.202833
0.372354
1.33848
0.210266
1.17022
-1.38048
-0.487922
0.209149
0.973177
-1.10799
-0.622553
-0.809726
1.43228
0.439913
-1.00696
-0.188742
0.00329555
0.185446
-0.478908
2.2371
-1.58299
-1.80227
1.22079
1.22755
0.0172665
0.56504
-1.95066
-0.437571
0.16093
-0.0106918
-1.4188
0.412228
-0.70949
-0.334334
-1.34082
-1.55149
0.465966
-0.775906
-0.239371
-0.273592
0.877165
1.06728
-0.299428
1.48234
-1.4127
2.57998
1.27668
-1.27062
-0.026002
0.515261
-0.759332
-0.285883
1.04521
-0.0709764
-0.0210106
1.51841
-0.386144
-0.0504699
-0.0020464
1.03987
-1.16106
-0.100269
-1.42166
-1.34755
0.310568
0.0705512
-1.29348
-1.06607
1.7176
2.39654
0.118371
-2.34094
1.26144
0.568199
0.920489
0.31126
-0.938902
-2.3155
0.808526
0.170599
0.913998
0.278382
-0.733409
1.62171
-0.0010211
-0.0258285
0.0268496
1.36895
-1.46599
-1.08509
-0.0427017
0.492851
0.306923
1.52078
0.347839
-0.749237
0.0692897
0.800586
-1.50393
-1.01079
0.58859
-1.10382
0.576793
1.14708
-1.45133
1.58807
-1.02047
-0.940814
1.66198
0.380741
-1.2059
-1.80633
0.817126
-0.0834061
-0.705501
0.338923
-0.527533
1.17333
-0.362836
0.0878308
-0.136098
1.19998
-2.30918
0.919438
-0.370826
0.518668
-2.07216
-0.994663
1.45569
-0.10423
-1.16438
-1.37573
0.251004
0.0918933
2.14207
0.0384889
-1.38108
1.53444
-0.153355
0.546042
1.63169
-2.17774
-1.36321
0.785005
-1.10871
-0.399367
1.50808
0.356325
-0.636416
1.47898
1.46781
-0.946956
-1.57208
0.0164505
0.609241
-2.00935
-1.2083
1.432
-1.97657
0.544569
1.48535
-0.983788
-0.0299346
1.01372
-0.32829
0.580707
-0.22832
-0.352388
-0.5494
0.25467
0.033934
1.59181
-1.03544
1.72387
0.491155
-0.134492
-0.356663
0.201812
0.490999
-0.346039
-0.0998815
-0.237979
1.04343
-0.0941848
-1.159
-1.30993
0.859214
-0.0881828
-0.771031
-0.098982
-0.00756012
-1.81557
-0.54223
0.87109
-1.16141
-0.133474
-1.59006
-1.26382
1.09993
-0.58256
-1.5603
-0.688903
-0.178476
0.449163
-0.942698
-1.19367
0.470633
2.08013
-1.51509
-0.749558
0.420053
0.219815
0.625681
0.960405
1.53686
0.85173
-1.05432
-0.921172
0.502903
-0.878939
1.39507
2.26262
-1.17393
1.21231
0.197239
0.382868
-0.403579
0.0207116
0.29152
-0.00479475
1.11843
-1.34546
-0.857917
1.07624
-0.737978
0.85852
-0.200964
0.242619
-0.547816
-0.957821
-0.323345
1.28117
1.46716
-1.66859
0.201431
-2.25281
1.11305
0.200405
-0.527655
1.15198
-0.731319
-0.0601447
0.00435804
1.39061
-1.23266
-0.157943
-1.22756
0.170636
-0.306728
-1.19473
0.363554
-0.497087
0.133533
0.209628
0.000176197
0.246577
0.186885
-0.391437
0.704963
-1.48684
-0.509355
0.791306
0.547081
0.208718
-0.0232346
-0.629247
1.05498
1.13475
0.936208
-1.38307
-0.0325408
0.101111
-0.101111
0.487827
-0.338331
-1.08614
0.844845
-1.13073
-0.0304196
-0.297673
1.10926
-0.0273177
-0.0590202
-1.43722
1.53524
-2.14131
0.0211014
0.902164
-0.207324
0.448232
1.07991
-0.226829
0.216666
0.0101632
0.993391
-0.0911645
-0.902227
-1.09876
0.375786
-2.14977
1.77398
-0.235126
-1.06639
1.18263
-0.116232
0.535182
-1.64389
-1.01
0.0403053
-1.43052
0.040398
-1.23535
1.19745
-1.38962
1.28046
0.109161
0.0464047
0.14332
0.440461
-2.0867
1.10379
-2.20737
1.10358
0.0353292
0.000670975
-0.27499
-1.09242
0.379854
-1.46941
0.114188
0.819306
1.05971
-1.87901
-0.4509
0.697135
0.139982
-0.0402188
-0.0997633
0.261794
-0.261794
1.43273
0.296786
1.99736
1.85631
0.499936
-0.894111
-0.0194883
0.208605
0.632548
-1.44214
2.5524
-0.149181
1.61634
-1.60051
-0.475703
-0.584695
0.517863
-0.653348
-0.670019
0.274323
0.395695
-1.22125
1.31231
-0.0910686
0.561146
-1.36169
1.08632
-1.94739
0.861062
1.33167
-0.130635
0.215808
-1.45636
-0.154062
-0.392796
-1.10401
1.2166
-1.53773
-0.0577722
0.696363
0.0714915
-0.889026
-0.877937
0.193408
-0.0758636
0.307684
-0.145758
0.892151
0.439522
-0.204016
0.213309
-1.50349
-1.51308
1.58139
-1.55446
-0.988345
1.86573
1.54998
0.89657
-0.246428
1.85298
0.473792
1.17322
0.206989
0.0107943
-0.370253
-1.0684
-0.169361
-1.25229
-0.950247
0.0199396
-0.0199396
0.686622
-0.270923
0.958956
-1.58151
0.00174653
-1.59009
-0.0220591
0.0220591
-1.21171
1.67081
-1.41832
-0.0318223
0.0318223
0.372666
1.20584
-0.00524634
0.451525
-0.0382476
0.0382476
0.620428
-0.0383692
0.0383692
0.0819672
1.2379
-1.31987
0.132578
-0.0442435
0.0442435
0.209455
-0.066004
0.0651549
0.000849017
0.00755151
-1.13072
0.747467
-1.47982
-0.50192
0.0420345
-0.0420345
-1.58146
-0.600614
-0.122628
-0.354316
1.05623
-0.70191
-1.26529
-0.123705
0.123705
-0.0585922
-0.0508043
-0.0399672
0.0399672
-0.535558
-0.390551
0.145027
-0.145027
-2.05763
-0.689359
-0.0414361
0.0414361
0.389184
0.748867
0.129399
-0.129399
-0.0385464
0.0385464
-0.73309
0.119058
-0.119058
-0.0383728
0.0383728
-0.631618
0.900985
0.107736
-0.107736
-0.519661
0.143913
1.4218
-0.762512
0.074565
-0.074565
-0.0521764
0.0521764
-1.3317
-0.201276
-0.719466
-0.411261
0.0855086
-0.0855086
0.568021
0.109516
-1.26648
2.42062
-1.76455
0.00116107
-0.024019
0.0228579
-0.202738
-1.37038
-0.10049
-1.05908
1.35758
0.479269
0.00984728
-1.9173
1.07542
0.204931
-0.076736
-0.128195
0.0440377
-0.0440377
0.0166167
0.105757
-1.27014
-0.504877
0.729631
-0.0718238
0.0608065
-0.0608065
0.0534728
-0.0534728
0.0467623
-0.0467623
0.0410761
-0.0410761
0.0419137
-0.0419137
1.90878
-0.052469
0.0398614
-0.0398614
-0.0290334
0.0290334
0.121979
-0.0488723
0.0488723
0.323237
-0.000627054
-1.26728
1.14625
-1.88505
0.659001
0.962071
0.0259807
-0.0259807
-0.0543524
0.0543524
0.02337
-0.02337
0.502015
-0.479027
-0.11854
0.145074
0.0216262
-0.0216262
-1.36789
0.0357407
-0.0357407
0.622276
1.30765
-0.451334
-0.329155
0.874702
0.0175269
-0.0175269
-0.0431064
0.0431064
0.0156573
-0.0156573
-1.24676
0.437033
0.476004
-0.333816
-0.142188
-0.00543487
-1.3141
0.229543
-0.045479
0.045479
-0.29125
1.36789
0.142979
-1.18536
0.00707982
-0.00707982
-1.71092
-0.0473975
0.0473975
2.46691
-2.122
-0.00902628
0.00902628
-0.0468186
0.0468186
0.204051
-0.204051
1.01041
-1.79307
-0.00823611
0.00823611
-0.0474896
0.0474896
-0.574784
0.998404
-0.423619
0.879051
-1.65512
-0.279761
-0.457118
0.736879
-1.25613
-0.0277013
0.645785
0.82647
0.0111144
-0.0111144
-0.0302943
0.0302943
-0.0383586
0.0383586
0.740168
-1.54273
0.985602
-2.42775
-1.42473
1.42473
0.593753
-1.25755
-0.575838
0.299307
2.03585
0.0165493
-0.0165493
-0.0501775
0.0501775
-1.03261
-0.508407
0.0202914
-0.0202914
-0.0555167
0.0555167
0.435788
-0.536665
-0.0981722
0.108959
-0.0581875
0.0581875
0.0266803
-0.0266803
-1.71454
0.771581
-2.21344
1.0355
0.00596027
-0.00596027
-0.67504
0.426013
-0.066007
0.066007
0.0451178
-0.0451178
-0.0520957
0.0520957
0.0459682
-0.0459682
-1.16204
0.982387
-1.31011
0.0342638
0.747968
-1.43753
-0.0500321
0.0500321
0.0720535
-0.0720535
-0.102608
0.102608
-0.0138178
-0.25984
0.519716
0.0422707
-0.0422707
-0.124876
0.72036
-0.0532194
0.0532194
-0.593371
1.09191
0.923349
0.0128592
-0.86905
0.0563624
-0.0563624
-0.0547392
0.0547392
-1.20238
1.19169
-0.532968
-0.475695
1.00866
-1.45357
-1.11726
0.807236
0.142707
-0.500742
0.358035
0.051638
-0.051638
0.00160223
-0.00160223
-0.0502122
0.0502122
0.327094
0.166538
-0.21609
0.359346
-0.664895
0.305549
-0.14341
0.152276
0.276645
-0.185355
-0.0912895
0.147403
-0.147403
-1.40657
1.40657
-0.0502249
0.0502249
0.546012
-0.474856
-0.466137
0.12714
-1.14789
-0.0383759
0.0383759
0.106517
-0.106517
-0.164384
-0.0741219
-0.891694
1.6204
-0.0960761
-1.16921
0.945353
0.0299148
-0.0299148
0.0822515
0.0577785
-0.0577785
1.22257
1.27789
-0.566499
-0.268663
-0.516679
0.313567
0.325403
-0.337273
-0.0945027
0.0235675
-0.585802
0.562234
-1.72031
1.06574
0.0176607
-0.0176607
0.416601
0.832914
-0.0627292
0.0627292
-0.746034
0.895821
-1.01246
-0.15615
0.0853613
-1.2474
0.0063587
-0.0063587
-0.0645494
0.0645494
-0.0655727
0.0655727
-0.075307
0.075307
-0.0700106
0.0700106
-0.0733061
0.0733061
-0.0715618
0.0715618
0.205267
-0.255246
0.0626434
-0.0740044
0.0740044
0.913187
0.0899002
-0.0899002
-0.252494
0.279604
0.234957
-0.00392327
0.00392327
0.963798
-1.70922
0.567885
-0.0435795
-0.00689049
-0.127684
-0.369618
0.497302
-0.0130835
0.0130835
0.334188
-0.0167542
0.0167542
-0.0248846
-0.0194246
0.0194246
1.36172
0.898715
0.118957
-0.0173782
0.0173782
0.0863915
-0.358356
0.312462
0.0202572
-0.332719
0.0118077
-0.0118077
-0.170169
-1.05435
0.150206
-0.359021
0.472757
-0.626819
-0.945066
-0.149411
0.601462
-0.0452878
0.50426
0.14816
-1.04896
-0.807649
-0.908717
-0.11188
0.11114
-0.0030075
0.882361
-0.0431456
0.00419316
-0.0817629
1.07445
1.20744
0.0835014
-1.29094
0.628252
-0.148984
0.223957
0.993111
-0.843981
-0.14913
0.531032
-0.068815
-0.0730506
-1.38478
0.971007
0.413776
-1.37225
0.710312
-1.0467
-1.82284
-0.218726
2.04156
1.45844
-1.83379
-0.819881
-0.880037
-0.89782
-1.32595
-0.0195098
0.0744765
-0.0744765
0.157012
-0.538848
0.519483
0.144786
-0.396855
0.479418
-0.00413965
0.00413965
-0.202272
-0.840503
-0.0240649
-0.911385
0.919307
-0.298879
0.46872
-0.356508
0.747559
-1.34894
-0.345284
-0.0570434
0.635369
-0.630636
-0.177013
-0.831711
-0.167075
-0.30234
-0.0982722
1.77877
1.31095
-0.0730509
-0.0296544
-0.247691
-1.35248
0.641504
-0.0863371
-1.06646
1.7312
1.40216
-0.106365
-0.132498
-1.63227
-1.35277
0.266626
-0.0291741
-0.00960627
2.69001
-1.51541
0.248777
-0.00615788
1.24279
0.246594
-0.680108
0.086391
-1.11592
-1.05443
0.650888
-0.146633
-0.759904
-0.379636
-0.523452
-0.107222
0.107222
0.0255536
-0.0255536
-1.10122
0.014432
-0.493931
0.479499
-0.639395
1.38464
-0.620028
-1.02144
0.628882
0.400642
-0.823612
0.258187
-0.312844
0.582965
-2.31448
1.35544
0.959042
-1.08195
1.05202
0.776399
-0.253699
-0.5227
-1.12466
0.174287
-0.0354714
1.01745
-0.853589
1.60106
1.18799
-0.391489
0.747814
0.0347357
-0.0305408
0.786667
-0.3387
-1.0032
1.0032
-1.23302
0.26379
-0.139271
-0.124518
0.769135
-0.299285
-0.361523
0.220254
-1.52188
1.53921
0.595099
-0.410105
0.876167
-0.897225
0.0210588
-1.57609
-0.482049
-0.134912
0.0844826
0.823612
0.694407
-1.18811
0.493704
0.1613
-0.00120694
0.28513
1.14661
-1.43174
0.662938
0.143713
-0.670589
0.368249
0.361488
-0.164077
0.218509
0.00246183
-0.67655
1.06516
-1.20299
0.0996703
2.35672
-1.44645
0.0857756
-0.101627
0.146184
-0.0445566
0.202748
-0.460169
0.257421
0.193262
0.121824
-0.121824
-0.312112
0.735008
0.627415
1.08803
-1.08803
0.0692816
0.0918477
0.0665734
-0.642835
1.11069
-0.238865
0.689611
0.382649
-0.132765
2.19992
-0.857952
-0.999656
0.111564
-0.146495
-0.282594
0.429088
0.257869
-0.458494
-0.464583
-0.0837872
-1.123
-0.062363
1.21039
-0.345389
0.80875
-0.46336
0.364804
-0.102976
0.973326
-0.150947
-0.0214254
0.624806
-1.72516
0.956104
0.912388
0.0437155
0.898729
-0.921628
-0.691216
-0.0338472
-0.311437
0.93804
-0.892781
-0.0452588
0.398961
-0.335008
-0.0723341
-1.74267
0.532285
-0.0649739
0.536378
0.0443297
-1.27401
2.08253
0.00542818
-0.113046
0.176508
0.80087
-0.892035
0.00414851
-0.00414851
-1.56039
0.454633
-0.113868
1.9368
-0.56403
0.731586
-0.122667
-0.0358496
0.0715017
0.510379
0.129185
0.146242
-0.084883
0.243873
0.00853594
-0.16865
0.160114
0.037787
-0.037787
0.14614
-0.14614
-0.762778
1.64183
0.699685
-1.94941
-0.0177508
0.0177508
0.921628
-0.635157
0.208017
0.165733
-1.01594
0.850205
-0.0889487
-0.114552
-0.412245
-0.651797
0.389254
0.328715
0.324375
0.611272
-0.484447
0.936693
-0.00457498
0.00457498
-1.87652
2.35031
-0.109448
0.109448
-0.0981291
-0.214983
0.495705
-0.280722
-1.14579
-0.184681
-0.698953
-1.29467
-0.361185
0.369486
-0.652342
0.407494
0.4229
0.343165
1.07843
-0.619427
-0.336151
0.531203
-0.195052
0.409114
-1.35931
0.215764
1.56331
-0.745713
-0.249301
-0.324691
0.573993
-0.313762
0.72599
0.00837541
0.0875491
-0.0959245
-1.25355
-0.477909
0.301528
0.576755
0.113405
0.048057
-0.911642
0.574943
-0.0321468
0.303268
-0.567514
0.0748185
-0.283939
-0.391101
-2.10243
-0.742237
1.35317
0.263168
0.0195891
-0.0195891
-0.102341
-0.929161
0.0601115
0.0577921
0.726701
-1.23983
-0.0482847
0.218085
-0.1698
-0.10711
0.10711
1.97519
-0.295053
-1.68014
0.806347
-0.323178
-0.887389
0.411685
0.242473
-0.33007
0.42949
-0.115508
0.296046
-1.44183
-0.8034
0.015163
-0.925205
-0.155537
2.41609
-0.0388628
0.00193256
0.0369302
-0.533954
0.238799
-0.0120096
0.909607
-1.67238
0.342393
-0.204521
-0.31137
-1.26382
0.787707
0.255725
0.0985323
-0.0985323
0.830066
0.183656
-0.550118
0.302243
0.243126
0.30327
1.60551
-0.224508
-0.445511
-0.171977
1.40261
-0.886924
1.51173
2.17533
0.18049
0.0954533
0.299411
1.42935
-0.563816
-1.42526
1.28594
-1.61934
-0.512015
-0.133017
-0.519053
0.244129
0.274924
1.44095
-0.114846
0.12789
-1.03012
-0.101042
-0.16493
0.467904
-0.130101
-1.56016
0.189779
1.03606
-0.0470756
-0.844514
0.183369
2.1004
-0.93226
0.537536
-0.802739
0.377087
0.138174
1.89653
-0.128415
-0.386047
-0.665593
0.861744
0.620366
-0.605079
0.158489
0.0934822
0.941732
-0.310031
-0.210728
0.520759
1.13152
0.660344
1.66125
0.481443
-0.033066
0.0822515
-0.169557
-0.232087
0.401644
0.0871338
-1.26394
-0.943423
0.0878308
-0.242678
0.619167
1.14565
-0.675017
-0.906897
0.00954925
-0.066435
0.22331
-0.539703
1.22792
-0.151633
0.124361
0.220739
0.41467
-0.637926
0.586068
-0.311744
-0.367098
-0.131405
0.498503
-0.87838
-1.00063
0.0136979
0.00797812
-0.556524
0.458395
0.756449
-1.52462
0.768173
0.0111438
-0.342934
0.33179
0.786155
-0.194346
-1.02455
1.33084
0.13663
0.0590583
-0.00932265
-0.399798
-0.164105
0.410534
0.284649
-0.33551
-0.282851
-0.081706
0.364557
1.28194
0.143987
-0.143987
0.602387
-0.119587
-1.48093
-0.119982
-0.283597
0.804029
-0.414845
-0.199235
-0.430412
-0.00745713
0.00745713
-0.263149
-0.14803
0.411179
-0.497577
0.220433
-0.00642536
-0.197001
-0.272299
0.57541
-0.877984
-0.679029
1.75719
-1.34238
0.0286082
-0.974544
-1.21907
2.51562
-1.6568
-0.223407
-0.316296
-0.291623
-0.151523
-0.608598
1.21987
-0.436229
-0.263951
-0.243174
-0.289878
0.533052
-0.30551
0.505916
-1.35639
0.998734
-1.90563
0.0423498
-0.0435272
0.00104702
0.090222
-0.203212
0.771411
-0.0788267
-0.119993
-0.203085
-0.2019
0.404985
-0.0582986
0.674069
-0.0307409
0.0926492
0.0110824
-0.183315
1.85325
0.00206728
-0.460261
1.01207
-0.55181
0.0214743
0.281156
-0.302631
-0.133505
0.0611313
-0.00581064
0.545365
-1.2946
0.0877109
-0.363256
0.583996
0.45799
-0.321999
-0.135991
0.901132
-0.901132
-0.00146887
0.0612288
-0.263523
0.135328
1.18379
-0.0597902
0.0795821
-0.0197918
0.229085
1.55579
-0.815622
-0.778492
-0.0236684
0.366031
1.26525
-0.584986
1.49459
0.00288964
0.827257
0.927977
-1.62269
-0.248172
-0.0293054
0.0341173
-0.00481193
-0.0495762
-0.0103416
-0.289776
0.253717
0.000173655
-0.175051
-0.388563
-0.0467482
0.0467482
-0.210441
-0.260659
0.4711
0.24519
-0.3
1.2813
-0.0113218
0.00318729
-0.878786
-0.276866
0.236289
0.326218
-0.446571
0.254376
-0.86288
1.50401
0.0224996
-0.446594
-0.635295
-0.141222
-0.122301
-0.408191
0.0812937
-0.154344
0.289639
-1.94058
0.450579
0.665407
-0.35292
0.270227
0.252296
0.238703
0.75107
-0.21341
0.239915
0.402957
-0.642872
0.0772923
-0.0671927
-0.460725
1.36771
-0.935117
-0.511796
0.859636
0.393287
0.00487461
-0.28958
0.588887
1.09203
-0.474843
-0.568182
1.32588
0.295792
-0.687229
-0.0341472
-0.294889
-0.0419372
0.333032
0.173751
-0.405928
1.30929
0.820739
0.841239
-0.00749234
0.7214
-0.409682
-0.311717
0.355977
-0.240542
1.80583
-1.39833
0.365262
-0.48497
0.717796
0.924034
-0.498771
-1.27771
0.0586404
-0.00483457
0.229666
0.268578
0.00980412
-0.113045
-0.0110173
0.502815
-0.00733374
-0.00671049
-0.00568622
-0.027595
0.000837609
-1.28485
1.82809
-0.335781
-0.00305272
-0.607443
0.987297
1.18114
-2.05348
0.872333
-0.0036749
0.0625033
-0.00261075
0.35974
-0.64932
-0.0100612
0.0100612
0.0611584
0.0180041
-1.03884
1.59998
0.0612288
-0.270066
0.665762
-0.00174377
-0.632787
-0.555609
0.372851
0.0203077
-0.00409928
-0.832415
-0.198641
-0.00736574
-1.27729
0.101755
-0.332379
-0.00186962
-1.37813
0.323781
0.17203
-0.23342
0.702063
-1.53448
-1.01453
0.190137
-0.125143
0.125143
-0.00237257
-0.0676539
-0.00126082
-0.185831
0.192507
0.0309205
1.63828
0.485793
-1.86387
1.78454
-0.00191848
0.305925
-0.0115641
-1.11916
0.0404854
-0.106489
-0.160858
0.912276
-0.718868
-0.179502
-0.630748
0.394968
-0.14484
-1.1253
0.864097
0.00057888
0.267079
0.434126
0.793153
1.48269
-0.607985
1.14608
-1.06071
0.642671
0.365772
0.257463
0.462939
0.360925
-0.295601
0.268283
1.23977
0.0223029
-0.770948
-0.140216
0.191359
-0.223899
1.10147
-0.643673
-0.295229
0.568689
-0.205135
0.464193
0.342154
2.17988
0.172428
-0.0126153
-0.0114037
-0.00306602
-0.0859583
0.6842
-0.598242
-1.05641
-0.680843
-0.86509
0.127563
-0.0255225
-0.10204
0.523432
-0.947051
0.0288138
-0.857728
-1.42442
-0.0577431
-0.415763
0.635175
0.164737
-0.00267072
0.00638884
-1.31405
-0.00599992
0.290019
-0.378034
-1.09584
-0.580733
0.429786
1.36839
0.492156
-1.16717
0.561689
0.833376
-0.601223
0.18076
-0.044337
-0.0566476
1.47049
-0.499483
-1.05427
0.468214
0.0418429
-0.819904
-0.395914
0.298223
0.115427
-0.0309442
0.00206356
0.0260853
0.95356
1.12657
0.528318
0.750413
-0.661296
-0.687645
-1.1582
-0.591361
0.918155
-0.480966
-0.385827
-0.18848
-0.367162
-0.0162172
-1.15425
-1.91265
0.111734
-0.232311
0.278432
-0.0461203
-1.35355
-0.889773
-0.0047244
1.4736
0.00452698
-0.337591
-1.42956
-0.21586
0.236118
-0.374079
0.321217
-0.433188
0.11197
0.0605681
-1.266e-05
0.286031
0.353383
-0.169593
1.83409
-1.71207
-0.740411
-0.232511
-1.33913
-0.0439317
-0.181212
0.0807227
-0.0386605
0.958257
0.128807
-0.0565683
0.0811299
-0.0805511
1.50205
-0.940362
-0.00846117
-0.846303
-0.151018
0.0528637
0.0981538
1.563
-0.860939
-0.522704
-0.399492
-0.268202
0.667695
-0.574781
0.159874
-0.52313
-0.0122541
-0.00495071
0.445934
-0.645168
1.24257
0.457023
0.00149718
-0.189026
-0.391707
1.70257
-0.913821
-0.277992
0.250327
-0.011302
-0.504711
-0.0482861
0.145751
-0.205896
1.44925
-0.65413
-0.331315
0.587927
-0.256612
0.382879
0.322085
-0.776961
-0.594517
-0.00102334
-1.20457
0.654454
0.260398
-0.400514
-0.010282
0.755195
0.570391
-1.32559
0.0017443
-0.406847
0.279164
-0.00244261
-0.288652
-0.420838
0.177261
-0.45354
-0.595109
0.351935
0.222949
-0.00916021
-1.35864
0.298365
0.502354
0.649624
-0.00367075
0.120003
-0.63419
0.314019
-0.0026704
-1.13603
-0.122236
-0.638357
0.492239
-0.567292
0.568786
-0.528514
0.212218
-0.670666
1.16437
1.84158
-1.05658
0.0339794
0.86033
-0.749191
0.50137
0.0906617
0.144964
-0.196837
1.19821
0.16306
-0.237182
-0.0157911
0.36492
1.13536
0.759266
-1.08988
-0.966979
1.12067
0.408452
0.0252022
-1.24692
-0.497568
-0.882874
2.23831
0.821646
-0.418689
0.00878419
0.315853
-0.544172
-0.287711
0.172353
-0.553508
0.475167
0.34281
-0.654973
0.312163
-0.0758315
-1.18799
-1.37392
0.144129
0.110772
-0.6085
0.504744
-1.07763
-0.584009
1.75284
-1.74531
-0.0987112
0.997212
-0.589876
-0.407336
-0.131052
0.0712615
0.429847
-0.0213953
-0.435395
0.580181
-0.306681
-0.171228
0.941434
1.22844
0.173988
-1.05371
-0.00702918
-0.0469827
0.0970084
-0.99802
-1.14361
-0.23187
0.104664
-0.101993
0.839554
-0.208597
-0.286762
0.495358
0.334864
-0.229262
-0.289791
0.209027
1.20401
0.706355
0.380651
-0.00872454
-2.05692
0.122154
-0.144744
-0.424377
0.271161
-0.98361
-0.322629
0.0627889
0.0212425
-0.0319989
0.0107563
-1.11742
0.707047
-0.573085
1.50259
0.0543089
0.514477
0.841696
-0.202202
0.75239
0.0143879
0.0498181
-0.0528708
-0.256212
0.0411765
-0.0452758
-0.00701593
-0.723268
-0.255871
-0.19609
0.539484
0.446356
0.36403
-0.531191
-0.0865113
0.089401
-0.523028
0.309136
-0.118116
0.641049
0.435526
0.0248365
-0.0248365
0.0043506
-0.0708811
0.0635474
-0.788806
0.231843
-0.604807
0.0146027
-0.0645938
0.110077
1.29143
0.0036125
0.275542
-0.365906
0.0903642
0.596755
-0.228507
0.311834
0.0411909
0.0660692
-0.0567232
-0.313748
0.589183
-0.493129
0.612086
-0.541372
-0.213603
0.522739
-0.59353
-1.68573
-1.12896
2.34267
0.619108
-0.459734
1.63606
0.38547
-0.0600671
-1.31235
0.26956
-1.24985
1.59412
-0.344268
0.0331296
-0.0331296
0.408887
-0.573517
0.16463
0.182195
-0.0940937
-0.0881009
-0.286735
0.530864
0.0249571
-0.697437
0.987499
-1.01365
1.77285
0.520688
0.535907
-1.28162
-0.0295362
0.463127
-0.203115
0.109157
-0.407723
0.0209786
0.480426
-0.519087
0.0617995
-0.0618277
0.0110311
-0.0937929
-0.0193315
0.0243257
-0.410789
0.322477
-0.436092
-0.581067
1.21644
-1.58006
-0.206023
-0.3952
0.366631
-0.763691
-0.367726
0.996608
0.747381
0.0039317
0.11206
0.39796
2.0767
0.291498
-0.628788
0.274589
-0.321297
1.29691
-0.445175
-0.498388
0.136509
-0.0568505
0.266382
-0.360219
-0.0528001
0.0251346
0.0160538
-0.873781
-0.855706
1.81577
-0.974526
-0.00596448
0.444236
0.103347
0.0203584
-0.0561324
1.19778
-1.14164
0.180788
0.370343
-0.219906
0.0830827
-0.446123
0.352999
2.04498
0.273249
-0.381905
0.24998
-0.383408
-0.342304
-0.194361
0.103347
0.0450112
-0.0181617
0.692138
0.480322
-0.0494898
0.149406
-0.0150939
0.029013
0.0269426
-0.0269426
-0.295587
-0.103825
-0.0875731
-0.468568
1.35093
0.090146
-0.0720897
0.0434489
-0.0266104
-0.50861
0.354527
0.170581
-0.0381617
1.8011
-0.902382
0.0580609
-0.311922
-0.185165
-0.0462499
-0.0219031
-0.936007
-0.969624
1.10374
-0.693733
-0.600869
0.0705805
0.293976
-0.526377
0.912836
0.0346943
0.033644
0.0614177
-2.11544
-0.0346943
-0.919995
0.118962
0.278852
-0.10763
0.00780065
0.316542
-1.42453
-0.564573
-0.216045
-0.0717485
-0.132743
0.0901533
0.856267
-0.0254967
-0.521806
0.127529
0.28365
-0.143168
-0.0433673
0.38144
-0.269248
-0.873719
0.154323
0.250661
0.381355
-0.589009
1.13794
-0.735593
0.179327
-0.0701707
0.438956
0.45431
-0.812667
0.00331748
-1.76256
1.68673
0.807233
-0.406193
-0.40104
-0.418249
0.09625
0.116209
-0.336162
-0.0933847
0.403594
0.0345387
0.853947
-0.753117
-0.363255
0.269871
0.0761475
-0.0298992
-0.145934
-1.04019
0.175765
-0.206184
-0.107763
0.124506
-0.0167428
0.0112875
-0.054571
0.054571
0.638803
-0.878352
-0.137586
-0.00217908
0.00217908
-0.430802
-0.343009
0.191059
0.288546
-0.359181
0.555615
-0.298194
0.271675
-0.112578
0.0570519
0.0360809
-0.0381617
1.26759
0.0183384
-0.140639
0.407131
-0.0753409
-0.215006
0.539381
-1.40684
-0.533741
0.37897
-0.119132
0.115556
0.223898
-0.629991
-0.2531
0.0604467
-2.54509
-1.33926
0.00449521
-0.373863
-0.469084
0.796179
0.0924058
0.120746
0.0354756
0.526496
0.19646
-0.219695
-0.0354756
0.0424004
-0.207925
-0.243886
-0.666475
-0.192541
-0.699493
0.727
0.383687
-0.0166874
0.0337698
0.844754
-1.77701
0.00196058
-0.188592
-0.0016196
0.233061
-0.0634273
1.66322
-1.23792
-0.426525
0.0276783
0.291543
1.32003
-0.067839
0.867913
-0.494847
1.39142
-0.0202652
-0.744136
0.601819
0.0245721
0.320939
-0.0832725
0.0230184
-0.773509
0.33728
-0.740492
0.426731
-0.427701
0.133586
0.882154
-0.248896
-0.0866143
0.0377018
0.200091
-0.324234
-0.0143852
0.374324
-0.529452
0.54896
-0.0195083
0.132197
0.0244532
0.43047
0.960385
-0.84882
1.01954
0.0182723
-0.0244532
1.72337
-0.560653
0.191035
-0.00345279
-1.05296
-2.13215
0.0453007
0.0331339
-0.497353
-0.100889
-1.09795
0.206348
-0.0865384
0.44711
-0.671003
1.13228
0.0869329
-0.0490021
-0.0655496
-0.856867
1.02071
-0.191579
-0.0376739
-0.339809
-1.14155
-0.208624
-0.13635
-0.557136
0.372923
-0.526376
1.23342
0.00563138
-0.0705066
-0.991849
-0.00325707
-0.023431
-0.00856785
-0.150617
-0.145298
0.98784
1.80422
0.205841
0.642496
-0.20837
1.7245
-0.770941
-0.0237438
1.06018
0.434408
-0.348948
-0.596198
0.404619
-0.0264115
-0.0798824
-0.235467
-0.143349
-0.345297
0.636817
-0.073082
-0.000917994
0.0506338
-0.298204
0.136404
0.625967
-0.0869564
-0.113309
0.538566
-0.539302
0.374918
0.411892
1.98049
-0.0282654
0.275821
-0.386933
-0.0148255
0.279001
-0.305141
-0.216158
0.106132
-0.027439
-1.38466
0.0260122
0.0386882
0.144395
0.361521
-1.4495
-0.405347
0.756443
-0.361902
-0.39454
0.0305349
1.15325
0.576062
-0.511727
-0.294136
0.0140224
-0.439447
-0.363292
1.89254
-0.0627518
-0.215547
-0.0245721
-0.0132148
0.122485
0.0869564
0.70159
-0.338891
-0.986694
-0.269614
-0.181936
0.0162281
0.17922
0.29188
0.289136
-0.402536
0.266545
-0.309429
0.247064
-0.333678
0.637994
0.561589
-0.00783159
0.219612
-0.601475
0.0718643
-0.429881
0.283947
0.932968
-0.757105
-0.176663
-0.327131
-0.195999
0.0142349
-0.0194683
-0.0162291
-0.900549
0.844417
0.407339
-0.889387
0.0155048
-0.0155048
-0.640769
-0.807641
0.671228
-0.304597
0.209213
-0.237631
1.50044
-1.26281
0.084113
-0.0855818
-0.631259
-1.06789
0.62056
-0.412543
0.707876
0.0562979
-0.306658
0.236177
-0.428045
0.315468
-0.0468079
0.0450641
-0.176368
0.0511862
-0.354491
-0.23888
-1.53763
0.195836
-0.50758
0.0352185
0.265862
-0.293316
-0.0574944
0.0601248
-0.0668353
-1.01043
-0.283034
0.144611
-0.13358
-0.432203
-0.286223
0.370438
0.126205
-0.325971
-0.0881071
1.35797
-0.719172
-1.21278
-1.06949
0.104155
-1.47462
1.37046
-0.0217393
0.244688
0.127104
-0.819901
-0.0677406
0.162311
-0.0874928
0.0929817
-0.0949002
-0.231526
-0.398465
-0.544691
0.0167838
-0.0148232
0.798859
-0.341836
0.291991
0.346583
-1.71757
-0.235315
-0.293199
-0.435479
0.824003
-2.2638
-0.257918
-0.383354
-0.00767628
-0.454407
-0.367132
0.313446
-0.64392
1.7123
-0.758613
-0.0956939
0.6091
-0.825456
0.326685
1.007
1.29725
-1.51432
0.0214619
-0.295701
-0.051134
-1.3301
-0.350038
1.587
0.0175816
-0.0298357
0.330933
-0.0607062
-0.349949
-1.28463
0.496738
0.715946
-0.474544
1.97147
-0.0230322
-0.0699528
0.16623
0.0317223
-0.116192
-0.632161
0.099948
0.462857
0.0276783
-1.19199
0.20414
-0.0139191
0.00261713
0.0747586
-0.0604488
0.0295438
0.203445
-1.34547
-0.27782
1.18655
0.0071775
-1.00237
-0.0282798
-0.332287
-0.625071
0.354573
-0.0104834
-0.0701713
-0.0446752
0.663017
0.08348
-1.51304
0.457728
-0.444328
0.444725
0.0555306
-0.0612168
0.386181
-0.998962
0.0937929
0.00955424
0.858713
-0.0987383
1.15892
-0.1008
0.192027
0.675851
1.24987
-1.29816
0.0723308
0.359079
-0.369216
0.311473
-0.184464
0.099048
-0.101421
-0.162505
0.159497
0.071357
0.171597
0.911668
-0.0366427
-0.036288
-1.43833
0.375046
0.549953
-0.310319
-0.239634
0.475235
-1.31946
-0.000917994
0.421537
0.123589
-0.133931
0.434477
-0.122417
0.00126108
-1.02243
1.35375
0.393711
0.0505058
-1.55725
0.542202
0.127712
-0.205883
-0.101451
-1.35736
0.0667576
1.2906
-0.0431543
-0.227652
0.0441379
0.029087
-0.0327577
0.0298527
1.18739
0.830748
-0.160997
0.0340966
-0.259789
-0.565221
-0.160607
0.0113047
0.0850464
-0.020274
-0.133283
-0.84126
-0.0161269
0.0014726
-1.44695
0.0226035
0.0667974
-0.0618806
0.200227
-0.0336908
-0.219024
-0.248492
0.191536
-0.879423
-0.0354
-0.0845926
-0.82021
0.121541
0.0678066
0.584881
-0.372663
-1.79976
2.1355
0.321028
0.0692967
1.05363
-0.0142248
-0.461986
-0.600738
0.293713
-0.273002
-0.137494
-0.0392535
0.805304
0.043326
-0.652952
-0.00565212
-0.169593
0.919892
-0.428926
-0.0130869
0.0310911
0.233258
1.37266
0.0380003
0.357807
-1.35844
-0.145289
-0.0467485
-0.210308
-0.669115
-0.00509236
-1.08579
0.418084
-0.865594
-0.366078
-0.00742674
-0.601569
-0.357297
0.137798
-0.510461
0.519379
-0.707914
-0.312203
-0.12005
-0.415438
0.0337006
0.215242
-0.240479
1.18698
-0.028104
-1.32959
-0.385056
0.714411
0.247322
0.113836
-0.546211
-0.574793
-0.528361
0.339167
0.203539
0.0169566
-0.151958
-1.35854
0.101622
-0.496558
0.47705
0.743118
0.446086
1.0255
0.414146
-0.0722825
-0.160229
-0.0246947
-0.0619562
-0.703089
0.35314
0.169051
-0.0499147
-0.0113021
-0.124039
0.592102
-0.18021
0.11085
0.431493
-0.381486
0.280597
-0.0245607
0.0653158
-1.06334
-0.0414386
-0.157866
0.677058
0.167856
-0.12531
-0.0352974
0.123566
0.0409776
0.163163
-1.45374
0.142238
-0.262629
0.90879
-0.00682734
-0.00920001
0.65888
0.0823985
0.0710713
-0.13744
-1.10893
0.0593834
-0.151298
-0.316908
0.233007
0.143736
0.0669711
0.100599
1.91928
0.216202
-0.165284
-0.441612
0.35954
-0.0655641
-1.04811
0.833491
-0.00756232
-0.744237
0.0900033
-0.288572
0.451782
-0.0289534
-0.36015
0.749404
-1.35367
0.391097
-0.914006
-0.635019
)
;

boundaryField
{
    SideWalls
    {
        type            empty;
        value           nonuniform List<scalar> 0();
    }
    Top
    {
        type            calculated;
        value           uniform 0;
    }
    Inlet
    {
        type            calculated;
        value           nonuniform List<scalar> 
18
(
-1.94444
-1.94444
-1.94444
-1.94444
-1.94444
-1.94444
-1.94444
-1.94444
-1.94444
-1.94444
-1.94444
-1.94444
-1.94444
-1.94444
-1.94444
-1.94444
-1.94444
-1.94444
)
;
    }
    Bottom
    {
        type            calculated;
        value           uniform 0;
    }
    Outlet
    {
        type            calculated;
        value           nonuniform List<scalar> 
18
(
2.22471
1.96429
2.1332
1.91913
2.01198
1.88639
1.82117
2.18059
2.22144
2.24502
2.0706
1.82439
2.1048
1.857
1.77786
1.54653
1.83494
1.37597
)
;
    }
    Plate
    {
        type            calculated;
        value           uniform 0;
    }
}


// ************************************************************************* //
