/*--------------------------------*- C++ -*----------------------------------*\
| =========                 |                                                 |
| \\      /  F ield         | OpenFOAM: The Open Source CFD Toolbox           |
|  \\    /   O peration     | Version:  2306                                  |
|   \\  /    A nd           | Website:  www.openfoam.com                      |
|    \\/     M anipulation  |                                                 |
\*---------------------------------------------------------------------------*/
FoamFile
{
    version     2.0;
    format      ascii;
    arch        "LSB;label=32;scalar=64";
    class       surfaceScalarField;
    location    "5.3";
    object      phi;
}
// * * * * * * * * * * * * * * * * * * * * * * * * * * * * * * * * * * * * * //

dimensions      [0 3 -1 0 0 0 0];

oriented        oriented;

internalField   nonuniform List<scalar> 
7520
(
-0.999026
0.79544
0.203586
-1.33007
-0.209776
1.53984
0.01701
-1.91142
1.89441
0.231377
-0.0323115
-0.199066
0.118732
1.49608
-1.61481
-0.0881859
0.0948042
-0.00661834
-0.294253
2.09421
-1.79996
-0.195431
-1.78366
1.97909
-1.4751
1.49211
0.84311
-0.0573514
-0.785759
0.121768
-0.262699
0.140931
-0.292202
-1.65173
1.94393
0.712627
-0.111006
-0.601622
-0.0970856
0.134372
-0.0372859
-1.90952
0.896864
1.01266
0.116135
1.57364
-1.68978
0.0355268
-0.0722485
0.0367217
-0.220179
0.012186
0.207993
0.0163001
0.0558002
-0.0721003
0.0263411
0.00918572
-0.396706
-0.284726
0.681432
-1.07447
1.19061
-0.0297974
-0.312499
0.342297
0.130893
-0.141345
0.0104524
0.0317548
-0.226823
0.195069
0.251518
-0.243199
-0.00831912
0.855436
1.12512
-1.98055
-0.0352103
0.313691
-0.278481
-0.0659095
0.0822096
0.195422
-0.0307772
-0.164644
-1.14925
1.74683
-0.597582
-0.0470484
-0.0179605
0.0650088
-1.83866
2.03594
-0.19728
-0.300335
0.256705
0.0436304
-0.267548
-1.27578
1.54333
-0.445767
0.991615
-0.545848
0.274688
-0.544927
0.270238
0.775026
-1.52849
0.753463
0.088722
-0.310924
0.222202
-0.0441121
-0.100389
0.144501
-0.0273236
0.258701
0.359066
0.255975
-0.615041
0.284681
-0.0331629
2.12731
-1.60092
-0.526382
-0.539916
-0.614802
1.15472
-1.47174
1.61398
-0.142236
-0.0841403
0.0320387
0.0521016
0.259139
-0.0761925
-0.182946
-1.34203
0.192785
0.271732
-0.0762263
-0.195506
1.79787
0.179027
-1.9769
-0.727432
0.260115
0.467316
0.161911
-0.149148
-0.0127626
1.0672
0.479975
-1.54717
0.0140693
-0.102255
-0.754278
0.128769
0.625509
0.394369
-1.263
0.868632
-0.0418488
-0.121976
0.163825
-0.115226
0.0681772
-2.19426
1.1076
1.08667
1.40567
-0.647218
-0.758448
-0.0115624
0.058338
-0.0467755
-1.27131
1.00376
0.834438
-0.121811
0.0201563
0.141755
0.00393541
-0.101021
1.10461
-2.26491
1.16029
0.154166
1.6437
-1.2365
0.976014
0.260487
0.312934
-0.235887
-0.0770467
-0.506784
0.901153
0.230317
-0.909898
0.679581
0.337276
-0.0929473
-0.244329
0.381974
-0.435157
0.0531828
0.775787
-1.44562
0.669829
0.126174
-0.110209
-0.015965
1.92897
-0.821371
-1.1076
0.398876
-0.75037
0.351493
1.69055
-1.1911
-0.499449
-0.815705
0.0614269
-1.47724
-0.717027
1.31294
-0.20839
-1.10455
0.224927
-0.61289
0.387962
-0.16668
-0.133655
-0.236835
0.0166568
0.212218
-0.0167961
0.0108374
-0.0504741
0.0396367
0.958074
0.970899
-1.85342
2.10321
-0.249792
0.597303
0.808363
-0.95226
1.12075
-0.168489
-0.00862687
-0.0354681
0.044095
1.33309
-1.62529
0.239421
0.193298
-0.104576
0.453213
0.250607
-0.70382
0.00748879
0.0828078
-0.0902966
-0.548009
0.392936
0.155073
1.30729
-0.531505
-0.716962
0.620656
0.0963062
0.742701
-1.12521
0.382507
-0.0864316
0.109097
-0.0226653
0.0037108
-0.00945449
0.00574369
2.48064
-1.3758
-1.10485
0.527645
-0.429141
-0.569886
-1.34511
0.838329
-1.93447
1.64021
0.163837
-0.0770689
-0.0867684
-0.00239831
0.124167
-0.156823
0.155646
0.00117731
-0.150293
0.222009
-0.0717157
1.90567
-1.13065
0.0898708
-0.0353279
-0.054543
-0.757625
0.360919
-0.0196682
-0.0490624
0.0687306
0.100021
1.21292
-0.805792
0.495993
0.309799
1.32414
-1.98723
0.663092
0.0293958
0.101497
-0.187117
-0.540315
-0.387917
0.0999565
0.287961
1.06618
-0.223073
0.0636549
-0.082078
0.0184231
-0.0217711
0.0121333
0.00963787
-0.0225442
0.0144386
0.00810555
0.684375
-1.77983
1.09546
0.384891
-0.414689
-0.344935
-0.0525848
0.39752
0.0904153
-0.000544508
-0.015689
-0.345391
0.36108
0.14109
0.0311112
-0.172201
-0.0622769
0.203367
-0.618678
-0.187114
-0.139406
-0.571951
0.711357
-0.87161
1.90029
-1.02868
0.409855
-0.424749
0.0148934
-1.16447
-0.180643
-0.0329599
-0.0490177
0.0819777
1.42797
-0.36077
-0.643496
0.425397
0.2181
-0.000837072
0.114095
-0.113258
0.286305
-0.0740293
-0.212275
0.220113
-2.13153
0.330791
-1.80253
-2.26042
0.792863
1.46755
-0.835835
-0.400666
-1.26717
1.12649
0.140688
1.98368
0.211649
-2.19533
0.179427
-0.223539
-0.0819231
1.24426
-1.16234
-0.246932
-0.362887
0.60982
0.132687
-1.39986
-1.84013
0.00146503
-0.00407645
0.0149139
0.0623746
-0.117707
0.0553321
0.283686
-0.325535
0.971771
-0.22907
-0.152683
0.125359
-0.045714
0.0120448
0.0336692
0.754377
-0.427592
-0.326785
-0.444322
-1.4652
-0.0157864
-0.231146
0.0374233
-0.581946
0.544523
0.231435
-0.0517264
-0.179708
-1.56783
0.93703
0.630797
0.705153
-0.58642
-0.0517101
0.443201
-0.391491
-0.256012
0.287767
0.51502
-0.242413
-0.272607
0.990575
-0.537361
0.234574
-0.3108
0.928364
0.288953
-1.21732
0.297196
-0.332406
-0.364002
-1.45216
1.81616
1.26764
0.676807
0.684987
-0.46006
-1.34614
0.900378
-0.713104
0.924742
-0.211639
0.0129509
-0.0370373
0.0240864
0.276846
-0.321492
0.0446461
-1.49163
1.59166
-0.270951
-0.150802
0.421753
0.230815
0.00061909
-0.849428
0.886852
0.562585
-1.05869
0.496104
-0.514787
-0.0332224
0.675643
-0.400954
0.136777
-0.010603
-0.46164
0.265479
0.196161
0.0728058
-0.223099
-0.342949
-0.125527
0.468476
0.130754
0.206522
-0.835379
-0.610238
-0.748777
-0.81905
0.00427278
0.0374001
-0.0416729
1.62629
-0.534185
-1.0921
-1.28262
0.411014
-1.15894
2.13724
-0.978301
0.357195
0.157825
-0.386509
0.303397
0.0831117
-0.771094
0.583977
0.582508
-1.12242
1.7492
-0.0508703
-1.69833
-1.46264
1.92628
-0.463644
-0.0227538
0.0851284
0.406862
1.40714
-1.81401
0.0330665
-0.1626
0.129534
-0.135391
1.79235
-1.65696
0.00164331
0.107891
-0.109534
-0.900426
1.23548
-0.335058
-0.1183
-0.652794
0.0814212
-0.42437
0.283912
-0.160509
-1.67699
1.8375
0.00680875
0.0489915
-1.61503
0.779647
0.126695
-0.237914
0.111219
0.036628
-0.0583992
0.144365
1.56373
-1.7081
-0.580968
-0.55079
1.13176
-0.507346
0.402773
0.104573
2.51404
-1.6349
-0.879144
0.442637
-1.02361
-0.0295152
0.0367898
-0.00727463
0.104664
0.728139
-0.832803
0.0411185
-0.0449916
0.00387313
0.824397
0.815573
-1.63997
-0.222772
-0.49419
-0.0576857
0.164011
-0.106326
-0.934278
0.707526
0.226752
-0.0710089
0.0387531
0.0322558
1.65769
-0.0314038
1.08733
-2.03933
0.952
-2.83336
1.22587
1.6075
-1.20714
-1.62623
-0.374053
0.492643
-0.11859
0.442456
-0.390051
-0.0524045
0.746306
-1.62842
0.882112
0.0382999
1.08857
-1.12687
-0.915624
0.707234
1.12802
-0.199652
1.07439
1.22935
-2.30374
-0.174748
0.0801538
0.0945944
0.0466824
-0.980961
1.8767
-0.489492
-1.38721
0.132115
-0.0990481
0.124297
-0.050237
-0.0220114
1.06053
0.816167
0.215676
0.652693
-0.868369
0.355603
-0.0419121
-0.0190681
0.0661628
-0.0470947
0.380368
-0.421361
0.0409931
-1.81049
0.855201
0.955293
0.266126
0.176329
0.706247
-0.845654
0.441936
-0.0303313
-0.411605
0.131625
0.127514
-1.80536
1.76324
0.0421258
1.16342
-0.600832
0.0585304
0.099515
-0.158045
-0.0293958
-0.198692
0.228088
0.117352
-0.210299
1.66219
-0.557578
-0.00279397
0.110418
-0.107624
0.00179824
-0.0475123
-0.210708
-0.0519911
0.888682
-0.638075
-0.650055
0.688355
-0.387035
-0.074605
2.09421
0.025852
-0.0247711
-0.00108084
0.0113023
0.87738
-0.19865
0.129079
0.0695709
0.0332289
-0.0295181
-0.275815
0.634881
1.41662
-1.49854
0.410867
-0.366414
-0.044453
0.301097
-1.20152
0.196146
-0.211835
-1.83015
1.66964
-0.0823782
0.052863
-2.02558
0.217365
-0.218202
-0.0733665
-0.0250129
0.0983795
-0.60574
-1.20475
1.54921
0.931436
1.72367
-0.786636
-1.65173
0.112908
-0.0492532
0.0814315
0.0502501
-0.131682
0.177715
-0.238004
0.0602887
-1.23192
0.617118
-0.193863
-0.261031
0.454893
0.333829
-0.391181
-0.113016
-1.96229
2.0753
0.998051
0.199053
-1.48814
1.28909
0.92635
1.10959
-0.711209
1.54634
-1.13948
-0.0548613
0.385556
-0.330695
-0.884406
0.746238
0.138168
-0.0652888
0.0624948
-0.0821521
0.322955
-0.240803
-0.262318
-0.26186
0.524178
-0.53189
1.79953
-0.277028
-0.364177
0.641205
-0.0557918
-0.0283485
0.26167
-1.21393
0.0216036
-0.0406717
0.00837264
-1.84398
0.988817
0.855164
0.35838
-0.469385
0.0088744
-0.0190184
0.428874
1.07926
1.43479
1.64344
-0.529872
-1.11356
0.116822
-0.0433688
-0.0734531
0.735546
0.955007
0.0990028
-0.0175713
0.677235
-2.09913
1.4219
-0.0505062
0.0680964
-0.0175903
0.564712
0.74258
-0.212616
-0.0983086
0.75576
-0.540084
-0.5747
1.43014
0.153488
0.0103495
1.83892
-0.514785
0.142185
-0.134696
1.76805
-0.12461
0.0991546
0.396266
0.0146014
0.0171473
0.295787
-1.75544
-0.837822
0.975257
-0.137435
0.00575634
-0.115966
1.74506
0.0738985
-1.81895
-0.712897
0.435868
0.219903
0.0664017
-0.303826
0.0679386
0.0138954
-1.205
1.5476
-1.56292
0.0153146
0.0129121
-0.28741
0.274498
-0.701199
1.26591
-0.834765
1.51914
0.0392055
-0.0262934
0.791796
-0.295803
1.93403
-0.600943
0.00515941
0.117428
-0.122588
-0.0650327
-0.100275
0.165308
0.113903
0.00291867
-0.190363
-0.736385
-0.262826
-0.0835927
0.346418
0.605425
1.29486
-1.72579
1.36179
0.10891
-0.453845
-0.767306
0.997623
-1.14555
1.33408
-0.188538
0.531605
-1.77821
1.64282
1.87701
-0.918938
1.31126
0.816046
-0.0670249
0.270502
1.2771
-1.31585
0.282235
1.03361
0.247171
-0.277948
0.369549
-0.103423
-0.209599
0.147322
-0.0864471
-1.51448
0.498009
-1.2219
0.723895
-1.26268
0.776366
0.486309
-0.165004
-0.744895
-0.0653088
0.0537463
0.0862436
-0.00415613
0.165594
-0.161438
-0.535208
0.483498
0.881598
0.995415
-1.46264
-0.0201567
-0.00238753
1.61544
-1.42823
-0.187208
-0.414202
1.82135
-1.64205
2.53527
-0.893227
-0.756002
1.04407
-0.288067
0.104571
-1.37588
-0.0504744
-0.339577
-0.272346
0.419951
-0.147605
-0.0206432
0.0111887
1.32417
0.708482
-1.27699
0.568512
-0.000798153
-1.56347
1.56427
-0.0517663
-0.105057
-0.00302658
-0.472371
0.475398
-0.610256
1.5062
-0.895944
0.195253
-0.135273
-0.0599795
-0.375618
0.358779
0.0168393
-1.97946
1.76969
2.1004
-0.454287
-1.64611
-0.0991087
0.0647035
0.0344052
0.0123516
0.165364
0.103341
-0.618128
-0.856984
1.68138
-0.036031
0.0163628
1.7492
-0.961919
1.06658
0.0768119
-0.0768119
-0.129683
0.271595
-2.12502
2.25075
-0.927271
-1.32348
-0.749771
0.824404
-0.0746331
-0.0704291
-0.285301
0.35573
1.02052
-1.19198
0.171468
-0.58893
-0.219721
0.808651
0.824874
-2.00498
1.1801
-0.0866312
-0.797775
-0.207575
0.142543
-0.202866
-0.58875
0.791616
0.764039
0.418235
-1.18227
-1.29986
-0.416413
0.663373
-0.246961
-0.803619
1.19501
-0.391391
1.44271
-1.29834
-0.00948567
-0.25334
0.0280012
-0.0474345
0.429409
-1.18772
1.06225
0.125479
-1.30532
1.82614
-0.52082
-0.0165774
0.129081
-0.112503
-1.4958
-0.769105
-0.0612655
-0.00464398
-1.63451
0.475575
-0.365164
0.283012
-0.205943
-0.550059
0.0327937
-0.0832999
-0.775314
1.8497
0.0426087
-0.355108
-1.52697
0.131731
1.39524
0.870862
-0.760254
-0.110608
-0.881944
0.168841
0.214329
-0.562573
0.348245
1.58851
-0.133464
-1.45504
-0.032063
0.00415649
0.0279065
-0.37708
0.767994
0.698285
-1.46628
-0.550671
1.44753
0.228817
0.669913
0.758053
-0.106029
1.58263
0.185413
-1.39377
1.39297
-0.00465866
-0.0648051
0.0694637
0.0509874
-0.166266
0.115279
-2.03397
0.391927
-0.0799064
0.335881
-0.611549
-0.226272
0.248051
0.850821
-0.274841
-0.57598
0.187575
0.0971058
-1.17111
1.81404
-0.642932
0.147648
-0.247923
-0.0683314
0.345178
0.242187
-0.514534
-0.206677
0.207408
-0.000731585
0.17919
-0.0441908
-0.134999
0.783195
-1.04124
0.258046
-0.0294187
-0.0459102
0.0753289
-0.285255
0.316777
-0.0315213
0.0850728
-0.418605
0.333532
0.300686
-0.0535148
0.139604
0.315896
-0.4555
1.42354
-1.02946
-0.951087
-0.0136904
-0.409151
0.422841
0.0857116
-0.0367201
-0.275003
-0.232343
1.12537
-0.274552
-0.0907692
-1.21333
1.3041
-0.357522
-0.0303955
-0.0237614
-0.594916
-0.161434
-0.214184
0.166347
-0.164704
-1.39176
-0.0343321
-0.0784359
0.112768
1.29544
-1.00648
1.07741
1.02299
0.38634
0.0555962
-0.158683
-1.60482
1.7635
0.703921
0.494975
-1.1989
-0.0612389
-1.03546
0.677184
0.358277
0.931506
-0.0606444
0.00612432
0.0410987
-0.047223
2.18591
-1.18391
-1.002
0.133476
-0.298728
0.165251
0.693454
0.431229
-1.12468
0.068137
0.099819
-0.167956
1.72908
0.0255839
-1.75466
-0.10072
0.112907
-0.25005
0.292659
0.0539797
-0.0116254
-0.0423543
0.0421322
-0.278968
0.0492207
0.0181206
-0.0673413
-0.490018
-0.660896
1.15091
1.14362
0.444888
0.974984
-1.06575
0.710021
-1.32028
-1.85926
1.74625
0.0547049
-0.0425716
0.256122
-0.60295
0.346828
0.730789
0.992878
1.12625
-1.32809
0.201838
1.21999
-0.550078
-0.129431
0.0860619
0.0889458
-0.38246
0.293514
-1.61215
-0.385549
1.9977
-0.40718
0.448009
-0.0408284
-0.0058402
0.0826521
0.23194
1.26414
-0.134699
-0.0400488
0.889226
-1.95735
1.06812
-0.764985
-0.343112
1.1081
1.58831
-0.500979
0.166057
0.55414
-0.917028
-0.258584
0.00439694
0.254187
0.0189884
-0.183633
-0.476488
1.18497
0.00884849
0.03227
-0.266525
0.0946952
0.17183
0.0262033
0.994313
0.324306
-0.896257
-0.452953
-0.416535
0.516491
0.734771
-0.940714
0.000728171
-0.036056
-0.108277
0.0862655
-1.93822
0.908752
0.0187043
0.102503
-0.121207
-0.303138
0.234639
0.0684994
0.225885
0.862683
0.0623615
-0.00402352
-0.0225287
-1.65585
1.67838
0.224247
-0.767816
0.543569
-0.0104302
0.0588808
-0.0484507
-0.69841
1.19642
-0.134984
-0.367767
0.502751
-0.274531
0.488859
-0.709433
0.952938
-0.243505
-0.606929
0.528098
0.0788309
2.0503
-0.0666124
0.0253348
-0.236066
0.210731
-0.237558
-0.107833
-0.175062
-0.0550414
1.1413
0.961917
0.242958
-1.40483
1.16187
-0.805066
-0.176478
0.981544
-0.10138
0.176685
-0.0753048
0.0981605
0.159602
-0.257763
-0.0708207
-0.158091
0.228911
-0.0261769
0.0477805
-1.098
-0.237998
0.011175
-0.0850277
0.0443559
-0.121824
0.385617
-0.263793
-0.226021
0.260028
-0.0340066
-0.00989564
0.109069
-0.0991738
0.79292
-0.383381
-0.072119
0.0216449
-0.142921
-0.600434
0.743355
1.20667
-0.980789
0.0122574
-0.35489
0.342633
-0.68219
-0.443018
-1.35533
1.5095
1.18825
0.0560093
-1.29882
0.840299
0.458516
0.213201
-0.0914433
-0.121758
1.75158
-1.75158
-1.59065
0.113411
-1.07575
-0.246047
-0.608957
0.855004
0.582566
-0.545309
-0.037257
-0.214192
-0.113596
0.0964268
0.0171697
0.00815376
0.199601
-0.207755
-0.500235
1.26276
-0.762527
0.265984
-0.169756
-0.0962278
0.78953
-0.684959
-1.04349
0.238422
-0.0387382
-0.211032
0.24977
-0.00529005
-1.31056
-0.517983
-1.22585
0.707867
0.667814
0.0177504
0.228956
-0.246707
-0.26852
0.325519
-0.0569992
-0.223671
0.165985
-0.0805203
-0.100307
0.0269407
0.0353235
-0.0157246
0.209424
-0.193699
-0.289624
-0.0928362
-0.223494
0.363098
0.0403653
-0.0728412
0.0324759
-0.0461793
-0.0944701
0.140649
0.0357202
-0.0717634
0.0360432
-0.0628997
0.16423
-0.10133
-0.623426
1.34732
0.570464
-1.13937
0.56891
-0.148367
-0.0782754
0.226642
-0.0807436
-2.32189
2.40263
0.881666
-0.577779
-0.303887
0.452525
-0.0368961
-0.201108
-0.0446683
-0.00439405
-0.053431
0.186907
0.314112
-0.946307
0.632195
-0.465814
-1.33955
-0.198212
0.833534
-0.635322
0.0334411
0.0569743
0.401056
-0.269514
-0.131541
0.345568
-0.488488
-0.665372
0.102383
-0.275265
0.172882
-0.520839
0.326976
-0.151447
0.576843
-0.271717
0.242321
-1.69982
0.324021
-0.293423
0.535611
0.0299463
-0.237522
0.381705
-0.0881906
0.318197
-0.300446
-0.0825492
-1.31693
0.693501
1.98777
-0.195425
-1.67699
2.25217
-1.08127
-1.1709
-0.0953142
0.48825
-0.0736453
-0.742059
0.505543
-0.432738
-0.240974
-0.0176107
-0.591747
-0.406335
0.998082
-0.00821484
0.143233
-0.135019
0.0282009
-0.864036
-1.98482
-0.30704
-0.331894
0.638934
0.572206
-0.347959
-0.239803
-0.0370285
0.276832
0.46236
-0.0774691
0.159671
0.05353
1.99911
-1.17423
-0.911232
0.319485
-0.246941
-0.0491509
0.296092
-0.0458346
-0.108284
-1.0837
0.164544
-0.298198
0.133654
-0.0818309
-0.0333947
0.907374
-1.16586
0.258482
-0.647029
-0.0483772
1.79996
0.0109839
-0.611418
1.3181
-2.05222
0.734121
-2.01982
1.41495
0.60487
0.144731
0.101373
-0.246104
0.155802
1.18843
0.00435997
0.823663
-0.828023
-0.0405331
0.150951
-0.00940434
-0.0897043
-0.0298917
-0.263836
0.293728
1.23984
-1.39853
0.170784
0.173775
-0.107682
-0.0660929
-1.45474
-0.135905
-0.577992
-0.621124
0.607434
0.106477
0.00344727
-0.109924
-0.601119
0.276735
0.324384
-0.389364
0.334502
-1.07654
-0.560697
1.63724
-0.111051
0.206225
-0.276654
0.172769
-0.602602
0.429833
-0.220395
0.996761
-0.153261
-0.844632
0.0948603
0.775346
-0.0690991
0.909714
-1.40995
-0.0515741
0.0427155
0.00885855
1.09152
-0.48004
-1.13477
-0.340536
-0.0716463
0.412183
-0.0524537
0.199776
-0.111765
-0.112387
0.224152
0.26302
-0.246363
-0.206607
1.62323
-0.189788
0.301987
-0.0674134
-0.429426
0.410407
-0.175996
0.0732444
0.102751
0.239024
-0.106973
-0.132051
-0.140467
-0.0398218
0.180289
0.259177
-0.0853354
-0.173841
-0.0651705
0.0748084
-0.208877
-0.0785329
-0.0483455
1.18715
-0.198763
0.0717151
0.127048
-0.0489171
0.031996
0.0169211
0.0431265
-0.42128
0.378154
0.214257
0.228737
-0.64515
0.00372828
0.356973
-0.0732871
-0.277803
0.0217903
-0.126944
-0.0356568
1.80245
-0.986874
0.0880733
-0.243969
0.155896
-1.58562
0.230292
-0.0750281
0.0845598
-0.0095317
-0.0393543
-0.0316545
-0.595174
-1.42464
0.355219
-0.0580236
-0.830176
-1.26896
-0.0932638
-0.173261
-0.561103
0.733873
0.985369
-0.720674
-1.14607
1.38903
-1.91832
0.306163
-0.216718
0.110986
0.105732
0.124647
-0.175343
-0.393788
0.569131
-0.0562352
-0.0513888
-0.449309
-0.870829
1.32014
-0.799603
-1.07851
1.87812
0.607005
0.348706
-0.955711
-0.0023831
0.349923
-0.24754
-0.265688
-0.248846
-0.166333
-0.101665
0.267999
0.253374
0.356446
0.273207
0.127849
0.243452
-0.600464
-0.0104939
0.0363459
-0.656087
0.874731
-0.218643
-0.141482
0.16556
-0.929828
0.044552
-0.00715188
-0.833648
0.0243136
0.336766
-0.692883
-0.15277
-0.136114
-0.901072
-0.323
1.22407
-0.15412
0.659664
0.16154
0.662865
-0.288789
-1.00629
-0.931924
-1.25836
1.42983
0.0746649
0.112365
0.00887045
-0.0592809
0.0504104
-0.625157
0.571695
0.0534621
0.679806
-0.798106
0.198105
-0.179401
-1.14467
-0.154142
-0.318248
0.319071
-0.000823269
1.06383
-0.280634
-1.45022
-0.128938
1.57916
-0.0459494
-0.243675
0.205661
0.10666
-0.312321
-0.228887
0.387846
0.139799
-0.0532543
0.00686761
0.0463867
-1.30493
0.815439
-0.0971964
0.0409611
-0.170773
-0.127954
-0.322035
0.00761676
-0.00688859
0.264755
0.308606
0.0626709
-0.105025
0.3228
1.44044
-0.66123
1.97249
1.0097
0.62476
-0.844481
0.0195395
-1.46976
-0.172201
-0.322596
0.378755
-0.0561584
0.0330205
-0.0185819
-0.0588916
0.0134098
-0.0536733
0.121851
-0.0988894
1.639
-1.54011
0.199197
-0.851991
-0.123225
-0.256153
-0.0693819
0.163928
-0.279926
0.353335
-0.0734092
-0.00877992
-1.44098
1.44976
0.636226
0.269967
0.312599
-0.644785
-0.57549
0.95278
-0.377289
-0.00685144
-0.0634571
0.298096
-0.457221
0.912338
-0.455117
-0.125985
-0.205442
0.331428
-0.124116
-0.648231
0.772347
-0.273804
-0.0586023
-2.03033
-0.0317294
0.179279
-0.17412
0.0218436
-0.0412437
-0.0559527
0.334814
-0.666708
2.1841
-0.944065
-1.24003
-0.0360725
0.4228
0.257698
-0.0520372
-0.338403
0.0631382
-0.168996
-0.0139505
-0.368912
0.202231
-0.273397
0.855631
-0.979747
0.135402
-0.0914942
-0.0439082
-0.378082
-1.93717
1.01057
0.926605
-1.8565
1.77576
-1.1605
0.370146
0.790353
0.0728276
0.0109188
-0.0837464
0.628432
0.49694
-0.102336
0.194801
-0.0700173
-0.0503721
-0.036574
-0.258226
-0.0112887
1.04575
1.13835
0.0800632
-0.0139004
1.53063
-1.31898
-0.0405285
-1.38908
1.4296
1.20572
-0.0185639
-0.289378
-0.0757859
0.278888
0.0240418
-0.244609
0.0170313
0.352518
0.603677
-1.63352
1.02985
0.0775109
2.41725
-1.43251
-0.984742
0.00849595
-0.31449
0.0291888
1.46857
0.123083
1.29587
-1.18246
1.07486
-1.87446
-1.23725
0.00959243
1.22765
-1.17654
-0.0421289
1.21867
-0.0220485
0.0664044
2.29771
0.0187268
-2.31643
-0.985059
2.01624
-1.03118
0.0443917
0.215636
-1.03004
0.226417
-0.0067562
-0.075622
-1.34239
0.196842
-0.00532441
-0.00995511
0.0152795
-0.0908721
0.219432
-0.128559
0.138085
-0.48384
0.345755
0.525447
0.44981
-0.514407
-0.0867126
0.0761082
0.867419
-0.95405
-0.0652037
-0.0525031
-0.248419
0.0529124
-0.0350833
1.44297
-1.40789
-0.512736
0.915158
-0.402422
0.0510791
-0.407817
0.356738
-0.969957
-1.58241
0.752811
0.829604
0.0160501
0.819985
0.280085
-1.10007
-0.388929
0.216445
-0.239705
0.0232604
0.164117
-0.034583
-0.243567
0.00376371
-0.283969
-1.43349
-0.0650531
-0.393102
0.790627
-0.397525
-0.719487
-0.626657
1.7347
-0.745888
-0.0998783
0.177538
-1.40472
0.0495064
-1.40027
1.35077
-0.218362
0.0363482
0.182013
0.978494
-1.13103
0.15254
0.1334
-0.0193047
-0.0970765
-1.47589
0.756406
-0.592063
1.26925
-0.314968
0.10426
0.291513
0.20873
0.0302942
0.809225
-0.373357
-0.0140591
0.693865
-0.969569
0.429255
-1.86328
0.784766
1.19598
-1.20476
-1.45195
1.35306
-0.139207
-1.46416
0.201692
1.26247
0.596325
0.237209
0.032623
-0.927933
0.681886
-0.105273
-0.128532
0.233805
-1.60568
0.295201
1.31048
0.353352
0.770076
-1.12343
0.0626614
-1.32102
0.770372
0.113542
-0.883914
0.00700164
0.240269
-1.00757
-0.0389697
-0.0113889
0.050142
1.49572
-1.47014
0.0532129
-1.01871
-0.563705
0.788014
-0.0391742
-1.19807
1.10091
-0.280928
-1.64282
-0.00890881
-0.29753
-0.919788
0.328618
0.0214604
1.85926
0.234951
0.158346
-1.24205
0.132561
-0.101449
0.205064
-0.467382
0.320378
-0.537687
0.217309
0.28379
0.00457495
-0.288365
0.028846
-0.264912
0.0589174
0.321451
-1.12228
1.14247
-0.0201882
-0.734733
1.13115
-1.87614
0.744993
-0.686879
-0.0563855
0.0886412
-1.48538
0.14452
1.34086
-0.361774
0.893379
-0.659647
0.687848
0.162705
0.966805
0.555297
-1.00825
-0.829659
-0.163521
0.99318
-0.637271
-1.25813
0.80882
-0.119309
0.122384
-0.00307502
0.0418539
-0.0903046
0.976793
-1.45328
-0.468828
-0.354054
0.822882
-0.160675
0.128937
0.0317382
-1.07733
0.429097
0.0358582
0.0249814
-0.224047
0.408271
2.04677
0.250938
-0.793745
0.798105
-0.258515
0.0877419
-1.13943
1.85714
-0.717715
-0.0740986
0.0621496
0.0746277
0.363558
-0.0212617
0.964429
1.17281
0.651871
-0.947674
0.317994
-1.95289
-0.162448
0.128116
0.148933
-1.15542
-0.20481
-0.961046
-0.204269
0.0515863
0.781016
-0.372746
-1.38315
0.565208
1.05802
0.179288
-1.67358
0.308713
1.36486
-0.0841511
0.471997
0.668722
-1.16178
-0.300856
0.734523
-0.313203
-0.42132
0.854361
-0.282373
-0.571987
-0.172528
0.0372542
0.62627
-0.646004
0.0197342
-1.0449
0.199505
0.8454
0.589525
0.363412
0.000583241
0.105894
0.744022
-0.515284
-1.88053
0.677718
1.20281
-1.8375
1.45195
0.861561
0.769222
-1.63078
0.787532
-0.726105
1.80248
-0.603617
-1.19886
-1.03447
0.166326
-0.0802637
-0.0683788
-0.101754
0.181908
-0.0324478
0.110282
-0.077834
-0.252174
-0.182983
-1.61712
-0.16654
0.0607958
-0.0906876
-0.0313491
-0.0136426
1.01667
-0.491373
-0.525299
0.761149
-0.484413
-0.110118
0.12247
-0.159422
1.28567
-0.224146
0.00578433
-0.330237
-0.747091
-1.47459
0.57352
-0.0720297
-0.0693154
0.120529
0.0714781
0.0926018
-0.0837313
-0.502495
-0.121464
0.0888333
-0.0764352
-0.0123982
0.174188
-1.05899
-0.28168
1.34067
-0.0826081
0.0413644
0.00281035
1.069
1.01288
-2.08187
-0.386727
0.993732
0.208225
-0.0828652
0.627742
-0.848365
-0.675283
1.52365
-0.939194
-0.9786
0.572265
0.294526
-0.189534
-0.104992
0.735665
-1.26985
-0.14605
1.6418
-0.510653
-0.174379
0.10035
-0.405207
-0.734167
0.0757371
1.98396
-1.74625
-0.237716
-0.887629
-0.586963
-0.148215
0.159954
0.0639575
-1.02659
-0.196025
1.22262
0.245629
0.366955
-0.492941
-1.63631
-1.63665
0.704173
0.932474
-0.155363
-0.00477662
0.16014
0.949723
-0.557415
-0.392308
0.10263
-0.156304
0.0752309
0.080415
0.876873
-1.95342
0.759665
0.0946952
-0.320005
-0.591227
0.156257
-0.0130236
0.144632
0.104606
-1.16359
0.0309802
0.354576
-0.529494
0.482059
-0.0824131
-0.0105025
0.0929156
0.988914
0.813568
0.569959
0.0600903
0.685483
-0.530843
-0.15464
1.77821
-1.4695
-0.17848
-0.44351
0.139327
0.0247904
0.203654
0.00905432
-0.202753
0.00345435
-0.122763
0.558102
0.0444438
-1.80382
-0.0191502
-0.136213
-0.0687864
0.00950552
1.0274
-0.865858
0.886896
-0.45392
-0.432976
0.00384802
0.105249
-0.00888299
0.00355858
0.394207
0.0998772
-0.234876
-0.606529
-0.434712
-2.27736
0.890023
1.38734
-0.0453963
0.00992819
0.00458154
0.099455
0.112763
-0.274757
-0.287816
0.513223
-1.36159
0.251916
-0.958757
2.02775
0.631893
-0.0825507
-0.549342
-0.656941
-0.485996
-0.0593123
0.0864629
-1.11269
0.490704
-0.717181
0.226477
-0.165696
0.0653402
0.100355
-0.158694
1.24677
1.2885
-1.3956
1.4695
-1.72158
1.26644
0.455136
1.07251
-2.03127
2.1739
-1.09465
-1.04413
-1.01295
-0.0250421
0.190636
-0.0591564
-0.413215
-1.54323
0.0790693
-0.0542174
-1.27387
1.21026
-1.97382
0.763552
-0.0507551
0.230182
-0.425727
0.219486
-0.140655
1.01033
1.40692
-1.8922
0.752768
-0.170331
-0.768863
-1.3414
0.189383
-0.124043
1.8565
-1.92311
-0.136788
-1.1018
0.106688
1.23089
-0.462896
-1.54969
1.60996
-0.060271
0.475821
1.92681
0.431067
-0.0687478
-0.362319
1.84431
-0.769446
0.22718
-0.256498
0.744088
-0.767849
0.0825999
0.12613
0.538425
0.923504
-1.46193
-0.60906
-0.453153
1.03289
-1.06202
0.0291344
-0.177846
-0.120352
-1.73476
0.740791
0.99397
1.21327
-0.234781
-0.45538
0.00618439
0.835621
-0.90472
0.276022
-0.54171
-0.254468
0.276258
-0.625087
0.449744
-1.16877
-0.808639
1.97741
-0.308953
0.223617
-0.178913
-0.100055
1.03276
-0.937898
0.0631838
1.36356
-2.02479
-0.0947075
-0.404249
0.21286
-1.19365
0.0984052
0.697035
0.431434
0.0276955
-0.616445
-1.49838
0.352312
0.0992331
0.32809
-0.427323
0.0669484
-0.307751
1.16214
1.09003
1.25239
-0.993909
0.0539513
-0.18886
-0.232501
0.429288
-0.221512
-0.0248513
-0.680048
-0.9459
2.01841
-0.24723
0.26328
-0.613925
-1.13776
1.75168
-1.95781
0.972749
-0.065217
0.29343
0.0847235
-1.46415
-0.0628216
-0.141801
0.632506
-1.02887
-1.24849
1.98396
0.558118
-1.37717
1.00785
-0.558043
-0.212757
0.0780968
-0.325637
-0.241257
0.253515
-1.63517
0.208818
-0.784308
1.07621
-2.02211
-0.789765
-0.293528
0.185695
-0.0749657
-1.47473
0.849847
-1.00262
1.34199
0.77038
-1.49377
0.72339
1.3473
-1.14779
1.94393
-0.934005
-1.03291
1.96692
0.562655
1.28048
-1.03485
-0.657774
-0.978874
-0.858798
-0.862781
0.454231
-0.650417
1.4597
-0.809281
-0.132004
1.38153
-1.24953
-0.998258
-0.951428
1.94969
0.910981
0.121905
0.229615
0.356441
-0.437467
0.279286
0.15818
-0.00512182
-0.242801
0.489042
-1.37667
-0.782392
-0.383073
-0.242084
-0.280108
0.304422
-0.308759
0.98834
-1.98839
0.872239
1.11615
-0.0385246
-1.64333
1.68185
0.0369763
-0.243176
0.0354207
0.611355
-1.83903
1.83903
-0.0419562
-0.0131086
0.0550648
-0.639349
1.05758
0.126298
0.0630848
-0.773159
-0.324474
0.68092
-1.3956
-0.059942
-1.2596
0.297685
1.26754
-1.27283
-1.19028
0.163683
-0.286882
0.356895
-0.0700132
0.124254
0.502016
0.331606
-0.0478154
-0.958507
-1.18677
0.197045
0.98973
-1.40631
-0.262251
-0.65556
-1.22058
-0.0306117
-0.0226425
0.156458
-0.234317
-0.104086
-0.00797733
0.0706482
0.371784
-0.269843
-0.355244
-0.734281
1.275
-0.54072
0.301089
0.199607
-0.227223
0.394286
-0.167062
-0.433415
0.171555
0.417011
-0.526911
0.1099
-1.13554
1.82178
-0.960219
-1.26579
-1.68329
0.242315
-1.33884
0.0486339
1.01297
1.17293
0.157292
-1.07708
1.15084
-0.0885927
-0.264621
-0.0503472
0.656007
0.60615
0.181382
2.01161
-0.9354
-1.06049
-0.798155
1.85865
1.1206
0.00910633
-1.1297
0.108045
-0.076049
-0.187562
0.170984
0.129192
1.33475
-1.46394
-1.27809
1.20476
0.0733316
1.27809
-1.35306
0.208414
-0.259169
-0.81582
1.05609
0.0748314
0.181361
-0.106553
-1.6723
0.184164
1.5265
-0.756122
-0.315953
-0.0604098
0.133654
-0.425333
0.945031
0.249986
-0.084735
0.617369
-1.07249
0.171135
-0.231114
-0.561694
-0.051196
0.681815
-2.07914
0.515668
-0.0690348
0.425515
-0.35648
-1.03566
-0.938152
0.0585748
0.648294
0.515123
-0.885063
0.0913186
-0.0919111
-0.315905
0.0997656
-2.08456
1.04042
0.0398914
-0.0193335
-0.281113
0.104697
0.160059
-0.0522748
-1.42025
0.674027
-1.48238
0.808348
0.057192
0.240539
-0.297731
0.161282
-0.111032
-1.01822
1.3159
0.623324
0.370408
1.31071
-1.16178
0.18038
0.0395234
1.67775
-1.96734
0.289585
-0.0601547
-0.542448
-0.823966
-0.0599484
0.367558
-0.439204
0.336281
-0.424471
-1.21448
-0.0329673
-0.0568013
0.0897686
-1.47328
0.198752
1.27453
0.371527
-0.417477
0.0710775
0.278927
-0.350004
1.16158
-1.20075
-0.347817
0.352392
0.603912
0.251092
-0.356127
0.355304
0.23948
-0.182506
0.171786
0.647534
-0.81932
-0.425368
-0.0584718
-0.925441
-1.01252
1.93796
-0.0599665
-0.246857
0.402753
-1.00397
1.77576
0.315613
-0.190966
0.0450781
0.0457683
0.023698
2.05863
-1.01288
-1.23387
0.758399
-0.549581
-0.613125
1.81594
0.33038
-0.230502
-0.12622
0.12038
0.236198
-0.10915
-0.279379
0.177714
-0.258795
0.0112178
-0.245535
1.08033
-0.291819
0.396515
0.303644
-0.0746875
0.0361382
0.296266
0.0562518
0.48207
-0.751913
0.203106
-0.232217
0.0291116
-0.307305
0.343653
0.171456
0.895162
-1.06662
-0.234714
0.106182
0.474954
-0.629074
1.70365
-1.09822
1.019
0.908781
0.0987681
0.559678
-1.07168
0.34583
-0.423299
-0.364021
1.15434
0.844769
-1.49719
1.49719
1.72971
-0.828057
1.08973
-0.0140485
1.51562
-1.50157
0.927049
1.0174
0.863778
-2.03255
0.175801
-1.15555
-1.34409
-0.214015
-1.43239
1.64641
-0.399578
-0.12126
0.0699951
0.991603
0.151939
-0.258911
-0.902073
1.56781
-0.665741
-0.173203
0.255803
-0.0269325
-0.049724
0.98123
2.55916
-1.00505
-1.55411
1.61861
-1.47409
1.12496
0.209125
0.0370181
0.00218739
0.00830117
1.55543
0.572434
1.11297
0.70107
0.0202633
0.190721
-0.210985
-0.335029
0.207075
0.175555
-0.18728
0.0117243
0.156282
-0.210112
0.0538299
0.514249
-0.438141
0.329914
-0.471396
-0.150884
0.263792
0.0161666
-0.241674
0.0274814
-0.553552
0.515897
0.0376547
-0.130159
0.110288
0.0198716
1.92311
-1.56976
0.375972
-0.263832
-0.11214
-1.49572
-0.334154
0.260867
-0.993016
1.92007
0.252746
-0.322128
2.042
-1.17822
0.239821
-0.307235
-0.151703
-0.34471
-1.33761
-0.0581727
1.60759
1.2979
-1.08504
-0.1068
0.136196
-0.073243
-1.48967
-0.286202
0.277883
0.236293
-0.359518
-0.357395
0.283986
-0.0746091
-1.3431
1.30257
-1.46625
1.48156
-1.16268
-0.464959
0.420506
0.653014
0.378131
-0.38942
-0.0517525
0.0575345
0.341776
-0.39931
-0.353571
1.4141
-0.971475
-1.00922
-1.98287
-0.0767837
0.0730495
0.00373421
0.00551443
1.41493
-1.42044
1.31717
-1.38222
0.316036
-0.372194
2.00327
-1.01166
0.823941
0.73243
-1.55637
0.219956
0.0300299
0.695426
-0.272626
0.175381
-0.796328
-0.0556629
-1.39949
1.11781
-0.39558
0.206046
-0.135028
0.0379514
0.299054
-0.357077
-1.09311
1.58007
-0.844525
-0.124143
0.055383
0.360586
0.705596
-0.016882
0.702365
1.72115
-1.5224
0.294557
-0.353159
0.925035
-1.1541
-0.103984
-0.850066
-0.13881
0.03748
1.19598
0.232565
-0.0374969
0.158486
-0.0899863
0.00499752
-0.213874
-0.2247
0.295777
-0.589082
1.59965
-1.22775
1.2137
-0.422191
0.994456
-0.834055
0.0962781
0.250105
-0.0520003
0.164274
0.838796
0.716878
-1.55567
-0.923627
0.580514
-0.0420465
-1.56363
-0.670414
0.0640155
0.23979
0.0761536
-0.315943
1.44237
0.156383
-0.179049
0.0412244
-1.76308
1.72456
-0.473744
-0.0557496
1.17068
-0.184608
-0.106158
0.290766
1.45538
-1.3323
-0.939877
1.99989
-1.06002
-1.03623
1.72226
-0.686023
-0.318032
0.14483
-0.283475
0.0825725
-0.0925057
0.00993315
0.783814
-1.10103
1.12075
-0.0197171
-0.269526
0.0684181
-1.65016
-1.94815
0.981918
0.966235
-1.63503
-0.365215
-0.407943
1.0249
-1.95891
0.256011
-1.0031
1.2735
-1.94391
0.302498
0.488128
1.56355
-1.39749
0.0227333
0.225548
-0.248281
-0.0511269
-0.336757
0.365946
-0.019977
-1.38217
1.40215
-0.126382
-0.408826
0.206244
-0.0818652
-0.124379
1.27342
-0.99333
0.569331
-1.36298
0.793645
0.216918
-0.0542133
1.78772
-0.789672
-0.021569
-0.215953
0.668414
-0.768
-0.0301056
0.147788
0.108917
0.575523
0.0929987
-0.668522
1.07741
-1.29174
0.214331
-0.299624
0.201316
0.0870655
0.320739
0.624292
1.76858
-0.151237
0.357481
1.27245
-1.31458
-1.94496
0.912049
0.882273
-1.98951
1.10724
-0.905101
-0.516924
1.42202
0.950281
0.784424
-1.62703
1.96734
-0.340301
-1.45939
1.32592
0.20078
0.589288
-0.790068
-0.0116596
-0.877241
1.44674
-0.569502
-1.62703
1.29587
0.491511
-0.00945143
-0.146547
-1.0471
0.189172
-0.824494
0.211577
-1.73366
0.852873
0.88079
-0.302834
0.218099
-1.40041
0.327011
1.0734
0.76303
-0.460532
-1.06105
-0.936251
1.98812
-1.10585
1.28735
-0.14007
0.154139
1.46627
-0.767981
-0.557625
1.52852
1.21912
-1.2391
1.57247
-1.11734
1.37141
-1.42672
0.0553081
-0.0777072
0.00432262
0.0733846
-0.751996
0.0172631
-0.99899
1.96342
0.406514
-0.132016
0.597712
0.590541
-0.597083
1.52343
0.171085
1.17621
0.54061
-1.44571
-0.984986
-0.963167
-1.72579
-1.22249
-0.838724
-0.894938
1.61949
-1.09623
-0.523265
0.950561
0.0349985
-1.79808
1.56976
-0.371005
0.295219
0.306161
-0.248627
1.22176
0.635387
0.388216
0.126032
1.69954
0.0250124
-0.149501
2.19627
0.905348
0.289662
0.289289
0.963102
0.764176
0.36384
0.802985
0.778496
-1.58148
-0.316903
-1.46597
0.815552
0.286573
-0.0039692
-0.077896
-0.19261
0.404401
-0.441631
0.306647
0.317129
-0.263946
0.710052
0.81645
1.63757
-1.45207
-0.1855
-0.160926
0.16438
0.555369
0.0116826
0.0708899
0.0338733
0.0691251
0.545714
-0.628265
-1.53541
0.779292
-0.398644
-0.204306
0.26689
0.0257687
0.322159
-1.45281
-0.0393875
0.168325
-0.073364
-0.149735
0.0157278
0.00354859
-0.0192764
-0.0107542
0.585662
-0.0218601
0.121375
-0.324441
-1.11727
-1.06394
0.251463
0.812474
1.70842
-1.52821
-0.180207
-0.482159
1.80132
-1.31916
0.719196
-0.113047
-1.99856
1.05869
-0.171848
1.74549
1.74784
-1.01217
0.0347604
-0.183896
0.149135
0.910204
-0.672995
0.0286477
-1.2294
1.52387
1.14566
0.0730143
-1.83667
1.03851
-1.20744
0.0777411
0.0052615
0.0139148
-0.176356
0.162441
0.00197297
-0.187872
0.162962
0.0249098
1.59007
0.964584
0.263043
-0.00856337
-0.185693
0.194257
1.55933
-0.955652
-1.63832
1.67332
-0.213464
0.178881
-0.0110161
-1.01717
-1.06197
-0.893948
1.64233
-0.748381
-0.232982
-1.66022
1.8932
1.61646
-1.44516
-0.171295
0.673867
0.0879309
-0.988635
-0.960096
-1.40314
-0.0235845
0.875692
-2.00829
1.13259
0.224317
-1.85934
-1.47544
1.64652
0.199836
-0.509401
0.309566
-1.10764
-0.974234
-1.42526
0.440531
-0.124635
-1.24875
-0.092163
-0.0198664
0.112029
-0.571988
0.423396
0.148592
0.32826
-0.0220981
0.914773
0.727557
-0.00170489
0.0494854
0.0934825
-0.0106747
-1.18379
1.2391
0.00424217
0.0287784
-1.18379
1.81299
-0.820112
-0.00624939
0.440459
-0.0837216
-0.974974
1.96618
-0.991207
0.120599
-0.0127077
0.964392
0.615679
-0.316995
1.40366
-0.0216173
0.720664
0.45343
-0.613116
0.159685
2.03359
-1.1579
0.745613
-1.22281
0.0360349
-1.96011
0.859863
-1.5256
-0.670787
0.807381
-0.136594
1.74269
-0.737934
-1.00476
-0.866883
-1.08196
1.94884
0.166901
1.4947
-1.52332
0.0286275
0.47266
-1.34349
-0.990342
2.07067
-0.142726
-0.410904
0.55363
0.0214898
0.988646
0.754047
0.0731477
-0.124536
1.67775
1.32095
2.19824
-1.40538
-1.65254
-2.09798
-2.0051
1.0697
-0.277347
-1.12744
1.47976
-0.0548726
-0.998124
0.133576
-0.527364
2.15911
-0.691558
-1.57376
-1.82633
0.118236
-1.65077
0.812045
1.05738
0.942517
0.946187
0.320841
0.58245
-0.903292
1.02654
0.947721
-1.97426
-0.413305
0.577233
-0.273107
1.81355
-1.54045
0.366595
1.25202
0.420577
-0.01017
0.210004
-0.918425
-0.48157
-0.464737
-1.69648
1.54698
0.851566
0.838717
1.35952
0.353396
0.11508
1.15717
0.884829
0.0159324
1.79843
-0.809788
1.5801
-1.04168
0.14782
0.0831061
-1.57278
-0.037927
2.01948
-1.98155
0.0116842
1.62589
1.61465
-0.754784
-2.11854
0.885598
1.23294
-1.94147
1.07459
0.929109
0.599415
0.0164512
0.179812
-1.40692
1.02695
0.695302
-1.55485
0.0886083
-1.27982
0.263401
1.69648
1.57784
-0.761388
0.102843
-0.0113835
-0.0914592
0.989345
0.80909
0.893015
1.09511
0.523296
0.689978
-1.10225
1.99527
-1.4922
0.0371524
1.69833
-1.67332
1.66952
-0.754749
-1.87809
0.796824
0.705061
1.45405
-0.367807
0.842022
-0.474215
-0.268839
0.299819
0.0548876
0.194883
0.069541
-1.34237
1.10875
-1.28132
0.453261
0.851118
1.12629
0.929461
-0.608722
-0.356759
-0.207208
-0.468613
-1.34806
0.0741903
-0.980561
-0.956049
1.93661
-1.98638
0.880533
2.11351
-0.896929
-1.21658
1.00782
-0.119742
0.307634
-0.187892
-0.384973
-1.95973
0.87777
-1.93504
0.960064
0.852491
-1.96661
1.11412
1.21912
1.49289
-0.952282
0.0290288
-0.321567
-0.0640872
0.182535
-0.409758
0.809905
-2.29018
1.48028
-1.05349
-0.783172
-0.850457
0.408051
-0.529311
-0.853788
-1.82294
-0.0372657
0.0292884
-0.446661
0.389026
-1.84577
1.52332
0.322441
1.19879
0.914711
1.1285
0.905091
0.153333
-1.2718
1.31393
1.781
-2.08362
0.925726
1.4947
-0.215431
0.0364964
-1.63832
1.56734
-0.788049
0.913397
-2.31877
-0.302198
0.0804694
-1.71564
0.0620103
-0.716187
0.200903
1.63126
-0.85276
0.000215785
-0.849247
-0.232092
1.08134
1.2718
-0.0526802
0.0569743
-0.121816
0.0650146
-0.26651
0.213925
0.041914
-0.0978667
-0.291049
-0.0304429
-1.89447
0.913911
1.71159
-0.811212
-1.65824
-0.0315364
2.12724
-1.24165
0.392663
1.97643
-0.951523
1.78672
-0.933844
-0.687561
1.80405
-2.00903
0.906776
-0.79624
0.054181
-1.28917
-0.750163
2.1694
-1.256
1.02654
-1.80971
-0.094413
2.06458
-0.60625
1.08756
-0.481313
1.60298
1.58914
-0.843333
-0.745812
-0.720335
-0.184409
0.904744
-1.11789
-1.84577
1.55533
-1.38302
-0.172305
-0.324709
1.10462
-0.779913
-1.57777
0.96721
0.0304996
-0.0351435
-0.314419
2.05892
1.97886
-0.816996
0.455222
-1.35101
1.3627
0.0586182
-1.51069
-1.60886
-0.0244679
1.63332
0.661643
-0.825165
1.18738
-1.65319
2.16166
-0.88816
-1.45875
1.45875
0.780381
1.00062
-0.0617183
0.355446
-0.813528
1.80287
-1.51073
1.51073
-2.07515
-1.98175
1.0455
0.453886
0.16677
-1.64039
-0.76903
0.395674
-0.0803743
-1.68519
0.0447961
0.38099
-1.04256
2.06817
-0.611443
1.46935
-0.857904
-1.328
-1.52616
1.31214
-0.0592989
0.442407
-0.585132
1.59483
0.866266
0.70417
1.02554
2.04008
-1.13499
0.931588
0.0175399
-0.802402
1.82894
-0.811641
0.165636
-0.92795
1.55533
-1.69078
2.22438
-1.47161
0.945475
-2.00549
-0.787798
1.78177
0.0227264
1.38302
-1.40749
-0.126155
0.638581
0.317516
-0.956096
-1.53132
1.53132
1.92255
-1.04279
-0.879769
-1.47014
0.317032
1.32949
-1.66673
1.66673
1.0284
0.894153
0.12247
1.97288
0.101506
0.255389
-1.40259
0.0611901
1.78157
-0.416703
1.97106
-1.74987
2.13676
-0.907413
0.882479
-1.07959
-1.40749
-1.61827
1.61827
-1.18732
2.10203
2.07696
-1.15124
-1.93611
0.934118
2.02403
-1.07855
-1.02771
0.703006
-1.93783
1.02054
0.917291
0.328993
-1.8248
0.881449
1.22238
0.842207
-1.35101
-1.41806
1.41806
0.0295586
0.126243
1.29239
-1.31393
0.0215333
1.45599
-1.54698
0.0909855
-1.93904
0.970796
0.968244
1.47148
0.421723
0.151481
-1.29239
-1.45599
-1.21849
1.92266
-1.11031
2.01709
1.84758
-0.809066
1.3627
-0.909425
0.938577
1.00587
-0.918504
-0.944436
-1.08683
0.247795
0.823053
-1.46194
1.21215
-1.21505
-0.603899
0.8802
1.06864
0.928607
1.2453
0.541382
-0.147246
-0.0876908
-1.26843
-0.983038
2.25147
1.04199
0.816659
-1.2857
-0.848016
2.13372
-2.06107
-0.756639
0.335318
-1.90738
0.864594
-0.810171
0.910668
-1.63707
1.82106
1.02618
-1.94468
-0.761495
0.0259178
-0.833216
1.87521
-0.942032
0.929762
-1.07205
1.9038
-0.831757
1.74225
-1.58892
2.09078
-0.930487
-0.909481
1.93566
-0.80827
0.0821653
0.63975
0.963225
-1.01985
-0.0135244
-1.44122
-0.973051
-0.798951
0.426205
0.137538
-0.102778
-1.94209
0.957104
0.803214
-0.827355
0.963122
-2.04168
-0.99913
-0.0404612
0.272549
-0.961458
-0.985665
-1.07681
1.95701
0.889575
0.973188
1.00047
0.941976
1.32334
-0.532985
-1.0517
-1.14672
-0.978358
2.12507
-0.869699
1.70849
1.13806
-1.07948
0.783828
-0.308875
0.957219
-2.03422
1.077
0.166007
-0.934871
-0.545153
-1.09794
-0.966707
-1.03775
-0.507879
0.356994
-1.03739
-0.9047
0.896063
1.93486
-0.939534
-0.995329
-0.853806
1.9284
-0.990006
0.434063
0.923102
-1.96049
2.18495
-0.804014
-1.38094
1.94868
-0.88004
-0.396413
0.915809
-1.89207
0.976266
-2.1379
0.950587
-1.8994
-1.02887
-0.839624
2.21682
-1.40691
0.342796
-0.180951
-0.0607227
-1.08446
0.95079
-0.806192
-1.09321
-1.16221
-0.90636
1.95906
-1.0527
0.966328
-2.05079
-1.22723
1.01514
-1.92462
-1.9383
1.01436
0.985788
-2.08373
1.01987
-1.25966
-0.155621
1.41528
1.13746
-2.06795
-0.792135
0.307721
1.02114
-1.90091
0.950502
-2.17774
0.666049
1.31304
-1.45554
0.0492303
1.05
1.0559
0.892776
-1.98289
1.06818
0.914711
-0.0591263
0.352004
0.752618
1.04836
0.806429
-1.84498
1.03855
-1.08683
1.78851
-0.0812404
-0.95075
1.96589
-0.314306
0.805953
-0.908439
-1.1039
2.01234
1.07197
0.631674
0.258312
-0.0987095
-1.11219
1.94653
-0.890625
0.810721
1.02113
-1.83185
1.27377
-2.15292
2.22428
-1.6103
-1.03143
1.95453
-1.04017
-0.920322
1.1174
-2.09576
-0.0775828
-0.952113
-0.939962
1.03291
-1.9097
0.876795
-1.74363
1.04611
-1.87786
-0.984113
0.0985611
-0.0294361
0.155924
0.913188
0.917156
-1.86927
-1.12103
0.450858
-1.01041
1.46458
1.09457
-0.947065
-1.00126
1.00109
0.981499
-2.2375
1.40795
0.334301
0.00572843
-1.14435
-0.79956
0.133442
-0.0043615
1.05767
0.899342
-0.764636
1.6309
-0.140001
1.0645
-1.8707
0.948351
-1.88789
-0.876153
-0.774616
0.0352955
-0.58442
0.927629
0.8469
1.03638
-1.88328
-0.868005
-0.928489
-0.222135
0.240763
0.99255
-1.95401
-0.0611183
0.600927
0.821098
-0.182011
0.0944629
0.0875485
-0.0186301
0.873318
1.00189
1.95045
2.05851
-1.11653
-0.789599
1.9697
-1.17879
0.781948
1.09617
1.12963
-0.0198464
1.89301
2.08022
-0.955788
-1.095
0.0604311
-0.0949326
0.0345015
-1.37545
-0.0839324
-0.151535
0.498363
-0.81336
1.46653
-0.131782
-0.490517
0.449591
0.0409256
-0.0529443
-0.0247076
-0.0688903
-0.0650847
0.897751
0.843207
0.199614
0.951224
1.59782
-0.841419
0.275385
-0.305716
-0.0106701
-0.00243844
-0.734603
1.75448
0.900107
0.0925737
-0.503478
1.96752
1.08385
2.07682
-1.14706
-0.856277
-0.86242
1.91242
-0.0659805
1.18233
-1.95143
-0.963622
1.08875
-1.89677
0.80802
0.0204012
-0.298736
-0.051268
0.781786
1.9016
-1.18953
-0.712074
-0.125414
-1.36678
-0.110559
-1.07972
0.740682
1.32748
0.132927
-1.94367
-0.097401
-0.0478606
-0.0712152
0.119076
0.651342
-1.20127
1.69522
-0.493946
1.87641
-0.664158
-1.21225
1.03059
-0.0399135
1.38077
0.911449
1.112
-0.901279
-1.47175
-0.488354
-0.503239
0.991593
0.0185468
0.899247
-0.0971204
0.388043
-0.290923
2.15351
-1.26394
-1.13565
-1.02591
-0.710136
-0.488842
1.19898
0.133107
-0.992396
-0.123455
0.445031
-1.56036
1.87063
-1.20754
-0.792502
1.14451
-0.0129549
-0.0353907
-0.248297
-1.64987
0.448602
-0.654192
0.240887
0.139414
2.09261
-0.929905
-1.1627
0.814017
-1.05466
1.29698
0.29668
-1.1178
0.821116
0.871872
1.1314
0.0639113
1.71387
-1.32476
-0.965422
-0.0933746
0.0892103
-1.8604
-0.109975
-0.0406456
-0.858512
0.113151
1.26587
0.826737
-0.597215
1.80262
-1.20541
1.00301
-0.194966
0.181604
-1.5257
0.320382
-1.44658
1.1262
1.20647
-1.63345
-0.899537
1.82967
-0.905749
1.81546
0.304321
-0.315337
0.00794984
-0.00794984
0.159211
-1.15254
-1.06662
0.502156
0.125166
-1.02649
-1.19004
0.595087
1.87998
0.121568
0.281184
-1.0363
1.90089
1.03385
-1.92448
-2.0533
0.958299
-0.332533
0.223383
1.16292
1.4128
0.247182
-0.8944
0.457591
-1.06499
2.01578
-0.127489
0.05339
1.01523
-0.146374
-0.477246
-1.36179
-0.881818
1.91567
-0.0414961
-1.56011
0.795479
0.0245564
0.899248
0.0812216
0.150753
-0.231975
0.911866
-0.112827
-0.201504
0.310421
1.76963e-05
-1.76966e-05
-0.782102
0.571494
-1.75956
0.984942
0.0383012
-0.0354293
-1.14185
-0.0309975
-0.234105
-0.0933848
-0.0536536
-0.720511
1.71608
-0.715614
-0.121911
-0.411789
1.02314
-1.1123
-0.360542
0.0128378
0.347704
-0.0814077
-0.0965282
-0.0823068
-0.222767
0.424998
1.65028
-0.793536
-0.265154
0.876121
1.21234
0.924423
-0.548482
0.0579648
-0.0676645
0.981482
-0.0322512
1.34273
-0.480383
-1.81564
2.29602
-1.18246
0.509585
-0.070942
-0.0662454
-0.0816354
-2.19384
-0.0932645
1.09987
-0.267349
-0.832522
-1.58106
0.106974
1.34929
-0.154817
0.0745533
0.42216
-0.270371
-0.562265
-1.75417
-0.151863
-0.18067
-0.0957594
-1.19231
0.921935
-1.22784
1.16757
-0.165403
0.957624
1.29392
-2.25155
-0.208383
-0.203221
0.520227
-0.276003
-0.0733839
-0.843417
0.47561
-1.21893
0.171831
0.0731603
0.624507
-0.0523013
0.90123
1.34871
-2.24994
-0.0870193
-0.580031
1.22833
0.998257
-1.03935
-0.914655
-0.0731406
-0.499685
-0.049657
0.573801
0.0592589
-0.20004
-0.337647
-0.737061
-0.166094
-0.0625206
0.529165
0.132366
-0.0296148
1.01907
-0.0701473
-0.782747
0.984439
-0.26437
1.35346
0.61903
0.231247
-0.837095
-0.00675366
0.950474
-1.84952
-1.06157
2.30834
-0.106408
-0.13159
-0.174425
1.29887
-2.36044
1.14457
-0.658257
0.69708
-0.0799451
0.295581
-0.697161
-0.584157
-0.117664
0.0398296
-0.526292
1.06767
0.507168
-1.2173
-1.76089
0.55548
1.58037
-0.827546
-0.752822
0.704506
0.283834
0.229718
0.458846
-0.688564
-0.988072
0.499718
-1.31229
1.69837
-0.0766988
1.39428
-2.33362
0.939334
0.876876
-0.70542
0.00616058
-0.118664
0.476227
-0.15273
-0.720767
1.26187
-0.541104
0.781956
-1.24589
0.463933
-1.05913
-0.915571
1.91658
-0.945787
0.933742
-2.31468
1.22176
-0.55335
-1.27852
1.91323
0.218145
0.115782
1.30611
0.435348
0.768157
-1.2035
-0.414849
0.153818
-0.0192824
-0.964079
-0.98708
-0.947038
1.93412
0.618274
-0.346906
-0.134444
0.00163551
0.132808
-0.374532
1.80932
-1.32618
-1.9954
1.32036
1.39223
0.00991776
0.61539
-1.47329
0.383324
-0.302102
-0.0268574
-1.61021
0.451448
-0.57783
-0.550084
-1.15421
-1.77286
0.628509
-1.25443
-0.075387
-0.00669095
0.872226
1.07222
0.261189
0.838682
-1.47164
2.42926
0.944211
-1.08012
-0.0215995
0.374386
-0.70688
-0.645906
1.35279
-0.00610154
-0.0764477
1.82552
-0.435259
0.0593812
0.00934942
0.967051
-1.18573
-0.0123419
-1.39144
-1.26919
0.310684
0.380958
-1.17346
-1.00567
1.92296
2.22767
0.127776
-2.36972
1.36467
0.959422
1.02519
-0.333729
0.533564
-2.41876
0.943663
0.386057
0.961826
0.229571
-1.29413
1.84961
0.00595595
0.00347603
-0.00943198
1.15855
-0.861869
-1.13376
0.021067
0.410666
0.30853
1.48622
0.582668
-0.693071
0.0502957
1.00193
-1.5697
-0.912634
0.63026
-1.60069
0.907553
0.99535
-1.44082
1.52943
-0.966793
-0.960354
1.73303
0.469876
-0.758617
-1.96199
0.998369
-0.0688316
-0.619365
0.294924
0.273851
0.723772
-0.0956361
0.00347308
-0.0732789
0.920575
-2.32749
0.988149
-0.430047
0.589087
-1.54137
-0.907272
1.39631
-0.0297891
-1.19961
-1.29484
0.209808
0.110487
1.01064
0.276711
-1.36549
1.47632
-0.110832
0.572981
1.04194
-1.61492
-1.03128
0.531391
-1.07113
-0.355797
1.42693
0.755243
-0.978315
1.05195
1.36243
-0.4405
-1.64681
0.0365118
0.978874
-1.9497
-1.3941
0.884206
-1.50611
0.621905
0.78874
-0.946777
-0.127028
1.0738
-0.347415
0.263349
0.0173902
-0.280739
-0.574758
0.176114
0.0106655
1.65013
-0.880911
1.9029
-0.183886
0.129645
0.0542406
0.157228
-0.128111
0.155052
-0.494143
-0.430749
1.54856
0.352344
-1.13226
-0.822546
1.20102
-0.501704
-0.699319
-0.029967
-0.0603376
-1.95437
-0.570789
0.822252
-1.15809
-0.204883
-0.856606
-1.33774
1.19365
-0.630997
-1.87428
-0.713037
-0.000772821
0.218138
-0.443497
-1.1053
0.547886
1.62081
-1.00542
-0.778977
0.297803
0.631658
0.747325
1.03444
1.74539
0.350346
-0.857266
-0.907463
0.68119
-0.776625
1.35014
2.25137
-1.35014
0.77922
0.163013
0.326375
-0.345596
0.0192205
0.210718
-0.00100161
0.998203
-1.3284
-0.809721
1.08022
-0.651831
0.848876
-0.033213
-0.0206252
-0.76477
-1.06259
0.293575
0.769015
1.49164
-1.65784
0.166193
-1.89072
0.676236
0.180122
-0.455125
1.19707
-0.627114
-0.0750671
-0.0014743
1.35055
-1.23856
-0.111986
-1.18512
0.105403
-0.333606
-0.978779
-0.0452055
-0.420909
0.466114
-0.128099
0.0681574
0.211706
0.143897
-0.173327
0.615734
-1.45185
-0.429781
1.0531
0.45816
0.205213
-0.0195154
-0.591933
1.34534
0.963004
0.950945
-1.39435
-0.0272208
0.0530708
-0.0530708
0.628745
-0.42368
-1.05972
0.827482
-1.47339
-0.0254307
-0.299672
1.02781
-0.0227311
-0.336002
-0.909887
1.65445
-2.30354
-0.328095
0.996035
0.274281
0.603099
1.09152
-0.31613
0.108955
0.207175
0.914653
-0.0192364
-0.895416
-1.03375
0.433005
-1.40535
0.972343
-0.163937
-1.06086
1.0915
-0.0306475
0.482945
-1.55408
-0.885623
-0.273787
-0.933131
-0.102037
-1.22823
1.23375
-1.38416
1.31041
0.0737484
0.258156
0.0461647
0.499431
-1.47248
1.22601
-2.34722
1.1212
0.0202102
0.000587526
-0.27131
-1.12383
0.565785
-1.52251
0.102259
0.937861
1.11187
-2.04974
-0.362765
0.956171
0.107166
-0.0308707
-0.0762948
0.0805056
-0.0805056
1.19208
0.350292
1.03874
1.21025
0.367357
-0.89455
0.0665272
0.178771
0.519702
-1.12822
2.02747
-0.127411
1.61905
-1.56823
-0.412589
-0.0696935
0.162609
-0.630259
-0.713461
0.254999
0.458462
-1.22554
1.26271
-0.0371731
0.622699
-1.31986
0.958205
-2.26111
1.30291
1.6382
-0.113833
0.17779
-1.37899
-0.0676254
0.434581
-1.10709
1.14312
-1.11373
0.264481
0.9947
0.155922
-0.953697
0.332502
-0.382849
-0.057306
0.323705
-0.0829417
0.924217
0.713986
-0.160675
0.164439
-1.53183
-1.50087
1.55327
-1.56402
-0.940091
1.72452
1.11812
0.547156
-0.0724106
1.05506
0.4247
0.834557
0.163937
-0.0670139
-0.328566
-1.28693
-0.125008
-1.26643
-0.877611
-0.0186097
0.0186097
0.666397
-0.220301
0.962247
-1.94933
0.00668451
-1.34683
0.0036958
-0.0036958
-1.19275
1.36885
-0.904921
-0.0051786
0.0051786
0.376844
1.26686
-0.00429756
0.402681
-0.0156225
0.0156225
1.02202
-0.0194956
0.0194956
0.0531606
1.27423
-1.3274
-0.0239443
-0.0276175
0.0276175
0.251316
0.0261838
-0.0870579
0.0608741
0.0278257
-1.1905
0.334553
-1.92347
-0.45555
0.0294593
-0.0294593
-1.68438
-0.56252
-0.487955
-0.327763
0.974249
-0.646486
-1.21552
0.0131877
-0.0131877
0.095092
-0.108047
-0.0285345
0.0285345
-0.452009
-0.614609
-0.0212932
0.0212932
-2.17578
-1.02511
-0.02993
0.02993
0.270035
1.00761
-0.0255354
0.0255354
-0.0280328
0.0280328
-0.169516
-0.0303744
0.0303744
-0.0280565
0.0280565
-0.607415
0.808195
-0.0368482
0.0368482
-0.470314
0.118779
1.43665
-0.754089
-0.0328247
0.0328247
-0.0382613
0.0382613
-1.3211
-0.142839
-0.663054
-0.810334
-0.0492759
0.0492759
0.649288
0.106472
-1.43251
1.66136
-1.21633
0.341751
-0.185696
-0.156055
-0.155226
-1.37047
0.0169274
-1.02405
1.28709
0.574537
0.300193
-1.86345
0.851784
-0.169864
-0.192323
0.362187
0.0323263
-0.0323263
0.00828763
0.0419621
-1.24157
0.393929
-0.518564
0.0826521
-0.0845915
0.0845915
-0.0912116
0.0912116
-0.0953911
0.0953911
-0.0984677
0.0984677
-0.113786
0.113786
0.896427
0.313826
-0.124961
0.124961
0.127972
-0.127972
0.0425918
-0.0359204
0.0359204
0.216451
-0.0362899
-1.27427
1.15597
-2.04413
0.729152
0.917256
-0.125042
0.125042
-0.0398558
0.0398558
-0.120624
0.120624
0.43861
-0.4252
0.385119
-0.0570292
-0.122505
0.122505
-1.30028
0.0261616
-0.0261616
0.620966
1.331
-0.516717
-0.351652
0.624451
-0.113713
0.113713
-0.0316687
0.0316687
-0.123228
0.123228
-1.63602
0.688985
0.329381
-0.273451
-0.0559302
-0.0162906
-1.28146
0.169161
-0.0333756
0.0333756
-0.23731
1.30028
0.117786
-1.1461
-0.0625048
0.0625048
-1.03948
-0.0348423
0.0348423
1.77851
-1.61424
-0.010004
0.010004
-0.0343928
0.0343928
0.0716015
-0.0716015
0.825344
-1.78556
0.0555165
-0.0555165
-0.0349803
0.0349803
-0.516972
0.90722
-0.390248
0.979851
-1.79996
-0.648042
-0.420684
1.06873
-1.46197
-0.048723
0.746446
1.00803
-0.0427539
0.0427539
0.121338
-0.121338
-0.028362
0.028362
0.876827
-1.6665
0.81561
-1.94383
-1.41629
1.41629
0.748885
-1.32688
0.116384
-0.361919
1.31545
-0.0264633
0.0264633
-0.0367346
0.0367346
-0.979903
-0.496165
-0.00460322
0.00460322
-0.0405826
0.0405826
0.545069
-0.604381
-0.0101603
0.346926
-0.0424126
0.0424126
0.00794659
-0.00794659
-1.56423
0.827173
-1.68198
0.627313
0.0144609
-0.0144609
-0.096011
0.00532339
-0.0481689
0.0481689
0.0147028
-0.0147028
-0.0375659
0.0375659
0.0219774
-0.0219774
-1.19438
0.989871
-1.32021
-0.0221638
0.902294
-1.76081
-0.0358987
0.0358987
0.0286502
-0.0286502
-0.0560478
0.0560478
0.0685633
-0.284516
0.528156
0.0201543
-0.0201543
0.41321
-0.815632
-0.0380073
0.0380073
0.169929
0.105031
1.2377
0.0871859
-0.937252
0.0273062
-0.0273062
-0.0391846
0.0391846
-1.39509
1.36824
-0.711166
-0.72695
1.43812
-1.40927
-1.15166
0.922038
0.0532318
-0.327985
0.274753
0.0248841
-0.0248841
0.0159352
-0.0159352
-0.0357147
0.0357147
0.593363
0.0412771
0.766104
0.102736
-0.619376
0.516641
-0.253641
0.309893
-0.374293
0.204027
0.170266
0.0569748
-0.0569748
-1.41255
1.41255
-0.035392
0.035392
0.506567
-0.403277
-0.424134
0.0692437
-1.12301
-0.0192535
0.0192535
0.0608245
-0.0608245
-0.169418
-0.0826225
-1.05112
1.42096
-0.0255868
-1.18993
0.758281
0.0190272
-0.0190272
-0.0569403
0.0397639
-0.0397639
1.2183
0.37177
-0.52462
-0.231402
-0.559616
0.408081
0.388974
-0.438631
-0.07843
-0.14194
0.668111
-0.526171
-1.90583
1.10627
0.0201033
-0.0201033
0.346658
0.669912
-0.0426077
0.0426077
-0.72094
0.803105
-0.989743
-0.110328
0.052477
-1.24686
0.025065
-0.025065
-0.0431909
0.0431909
-0.0431561
0.0431561
-0.0493166
0.0493166
-0.0449551
0.0449551
-0.0465906
0.0465906
-0.0445241
0.0445241
0.256779
-0.197377
0.0456735
-0.0450343
0.0450343
0.857066
0.0525368
-0.0525368
-0.268945
0.156805
0.246246
0.0311174
-0.0311174
0.921666
-1.79137
-0.119836
0.0742968
-0.0149156
-0.0909264
-0.33693
0.427856
0.038918
-0.038918
0.632421
0.043022
-0.043022
-0.22132
0.0458255
-0.0458255
1.37073
0.802746
0.206311
0.0364761
-0.0364761
0.215256
0.474923
0.14952
-0.670044
0.520525
-0.0134288
0.0134288
-0.101761
-1.05078
0.0822687
-0.248675
-0.524329
0.456704
-0.905881
-0.0953821
0.943325
-0.360875
0.502923
0.0851485
-1.1521
-1.16476
0.389465
0.344408
0.016003
0.0103409
0.786613
0.120284
0.0359727
-0.151857
1.12684
1.17004
0.0458431
-1.21588
0.955602
-0.381065
0.225765
0.905349
-0.81927
-0.0860784
0.419164
0.254199
-0.13173
-1.35215
0.914436
0.437711
-1.46074
0.863155
-0.98763
-1.54078
-0.00854278
1.54932
1.37985
-1.02452
-1.00553
-0.916773
-1.00549
-1.3737
0.0453055
0.0671458
-0.0671458
0.123945
-0.301482
0.654878
0.378741
-0.166923
0.442308
-0.01608
0.01608
-0.143134
-0.816546
-0.111404
-1.01981
0.813933
0.208088
0.268791
-0.337539
0.639486
-1.4809
-0.254589
-0.0233595
0.641734
-0.595935
-0.568823
-0.804174
-0.294894
-0.498886
-0.0824104
1.92689
1.32306
-0.0488229
-0.00980166
-0.143248
-1.34748
0.596467
-0.14258
-1.0643
1.74111
1.35159
-0.131601
-0.125631
-1.62903
-1.26925
0.209531
0.34739
0.0033069
2.30452
-1.38009
-0.0147262
-0.00589906
1.24851
0.378998
-0.470909
-0.0917196
-1.04554
-1.17979
0.646802
-0.258873
-0.871391
-0.617249
-0.703029
-0.0458723
0.0458723
0.00833224
-0.00833224
-1.01621
0.402402
-0.607918
0.205516
-0.602263
1.14181
-0.681222
-0.87393
-0.0993185
-0.410083
-1.05435
0.217021
-0.257482
0.594727
-1.32333
1.22494
0.0983902
-1.15496
1.02793
1.05847
-0.463101
-0.595373
-1.1339
0.0187803
0.00912624
1.0158
-1.44887
1.78343
1.24374
-0.420107
1.17535
-0.159689
0.168743
1.17427
-0.468671
-1.10916
1.10916
-1.29643
0.216118
-0.115429
-0.100688
0.659802
-0.177732
-0.575555
0.424318
-1.51081
1.53944
-0.525221
0.469471
0.866511
-0.945956
0.0794455
-1.79571
-0.388195
0.297155
0.068791
1.05435
0.643944
-1.31532
0.671374
0.234968
-0.00849896
0.31887
1.07053
-1.3894
0.932474
0.113736
-0.572283
0.073397
0.300545
-0.155715
0.177818
0.00106231
0.149664
-0.411915
-1.24792
0.0571654
1.68991
-1.16968
0.381178
-0.0826404
-0.505891
0.588532
0.246804
-0.813679
0.566875
0.310916
0.0556972
-0.0556972
-0.168694
0.618439
0.677409
1.19806
-1.19806
0.285753
0.0385402
0.227288
-0.479318
1.05175
-0.106926
0.527432
0.321038
-0.119723
2.30957
-1.02107
-1.05993
0.158654
-0.0760766
-0.29688
0.372957
0.266556
-0.451724
-0.494689
-0.00780584
-1.15374
0.00764696
1.17407
-0.648619
1.15621
-0.507589
0.309216
-0.0911165
0.959082
-0.143496
-0.00292704
1.20874
-2.17416
1.00775
0.899599
0.108147
1.01011
-1.03515
0.290779
-0.0339377
-0.220651
0.983565
-0.88279
-0.100775
-0.540939
0.531487
-0.157915
-1.7673
0.512462
-0.243798
0.359728
-0.0963795
-1.2304
2.17406
0.00393028
-0.0857612
0.0807539
0.810654
-0.829891
-0.0395277
0.0395277
-1.50824
0.37866
-0.0834406
2.01706
-0.419335
0.650517
-0.101427
0.0727575
-0.0744624
0.455681
-0.0124802
0.112762
-0.0641284
0.267192
0.161934
-0.647034
0.485099
0.025725
-0.025725
0.0724933
-0.0724933
-0.808236
1.78809
1.07371
-1.92172
-0.0212959
0.0212959
1.03515
-0.477687
0.393966
-0.121588
-0.749119
0.870706
-0.476141
-0.12158
-0.356658
-0.652081
0.254556
0.264887
0.416545
0.640301
-0.403978
0.830183
-0.00943219
0.00943219
-1.21704
1.64174
-0.111792
0.111792
0.0544647
-0.135431
0.437058
-0.301627
-1.0683
-0.128689
0.0155986
-1.07882
0.246294
0.540909
0.0346136
0.44432
0.650972
-0.258699
-0.459229
0.236463
-0.298454
0.447681
-0.149228
0.706679
-1.3353
0.156503
1.78559
-0.804104
-0.268129
-0.160643
0.428773
-0.148881
0.600329
0.00627447
0.0658847
-0.0721592
-1.29334
-0.20547
0.185604
0.619689
-0.026676
0.0199223
-0.840168
0.00332085
0.0517439
0.399349
-0.603654
0.159022
0.00926302
-0.105274
-2.03391
-1.09071
1.37563
0.243419
0.00421886
-0.00421886
-0.12068
-0.915469
-0.0217831
-0.118717
0.345464
-1.88591
-0.0418754
0.181172
-0.139297
-0.0535049
0.0535049
1.81411
-0.481398
-1.33271
-0.508151
0.447996
-0.781756
0.369167
0.172847
-0.0438228
0.203494
-0.100211
0.307326
-1.37563
-0.798877
-0.0463569
-0.626112
-0.122972
1.44374
-0.0142469
0.0106595
0.00358732
0.844024
0.338768
0.488853
0.988278
-1.79651
0.281733
-0.213315
-0.251283
-1.33774
1.26882
0.279736
0.0975887
-0.0975887
0.80918
0.264625
-0.437024
-0.424665
0.128137
-0.250886
1.14731
-0.192162
-0.521299
-0.371146
1.39967
-0.846785
2.05552
2.33774
-0.233426
0.146471
0.306927
1.46092
-1.22968
-1.13582
1.39628
-1.57748
-1.41281
0.211712
-0.321906
0.0435074
0.278399
1.42948
-0.101034
0.0571263
-0.952542
-0.0151305
-0.12518
0.0120654
-0.227497
-1.53957
0.169101
0.678567
-0.114308
-0.820562
0.150901
1.94334
-1.07147
0.594286
-0.91024
0.312503
0.0618832
1.21842
0.20034
-0.185814
-0.0142861
-0.370687
0.559089
-0.475041
0.1233
0.287185
0.903793
-0.123706
-0.234445
0.358151
1.02264
0.572752
1.44673
0.457277
-0.167439
-0.0569403
-0.102209
-0.241578
0.343787
0.0702127
-1.31794
-1.02928
0.00347308
-0.0955397
0.437316
1.09095
-0.543066
-1.0381
0.0077557
-0.0394102
0.169148
-0.471351
1.22807
-0.0851719
0.114731
0.30822
0.483396
-0.697279
0.640974
-0.385975
-0.322346
-0.0940735
0.41642
-0.940788
-1.10895
0.0189075
-0.00629701
-0.0065166
0.0609813
0.956443
-1.55736
0.600913
0.0714679
0.491394
-0.562862
0.358625
-0.703335
-0.989642
1.27622
0.0263672
-0.0106394
-0.0130175
-0.353608
-0.115005
0.371447
0.355921
-0.434454
-0.235779
-0.0741712
0.30995
1.05046
0.164715
-0.164715
0.601349
-0.0925206
-1.47571
-0.10573
-0.239866
0.700521
-0.430487
-0.14176
-0.387551
-0.00287803
0.00287803
-0.214634
-0.134342
0.348976
-0.432311
0.311265
-0.0104439
-0.131379
-0.278379
0.475568
-0.880146
-0.615048
1.00794
-1.08553
0.140137
-1.03465
-1.17933
1.73778
-1.23562
-0.158679
-0.312672
-0.242555
-0.29437
-0.690444
1.33075
-0.201862
-0.383271
-0.236046
-0.229405
0.465451
-0.254477
0.434599
-1.0887
0.851129
-1.88923
-0.356656
0.291571
0.00499752
-0.131292
0.216102
0.74332
-1.13596
-0.106415
-0.151194
-0.192478
0.343672
0.0232742
0.691833
0.357032
-0.338485
0.290483
-0.151313
0.867239
0.000924783
-0.427782
0.907217
-0.479435
-0.187195
0.234958
-0.0477625
0.112391
-0.274481
0.0497808
0.714192
-1.40726
-1.09468
-0.43363
0.74185
0.254874
-0.222849
-0.0320248
1.09965
-1.09965
-0.00139548
0.00356629
0.320846
0.0413407
1.22256
0.430138
-0.193078
-0.23706
0.17709
1.65843
-0.781602
-0.711852
-0.196745
0.102332
1.46148
-0.614022
1.6023
0.00189715
1.02987
0.785595
-1.60447
-0.155447
0.0143004
-0.0807054
0.066405
0.361066
-0.00483906
-0.386704
0.274609
-2.37294e-05
-0.145032
-0.0986891
-0.034331
0.034331
-0.199883
-0.205042
0.404925
0.205489
-0.246985
1.31326
-0.00647374
0.00210857
-0.918482
-0.228326
0.197328
0.283263
-0.379791
0.208211
-0.774158
1.59593
-0.37432
-0.427786
-0.560286
0.345738
-0.0248911
-0.294595
-0.30004
0.16831
0.24297
-2.06618
0.58677
0.641555
-0.300074
0.229132
-0.0186629
-0.109448
0.521446
-0.160268
0.389361
0.558134
-0.947495
-0.247286
0.3867
-0.413362
1.3983
-0.831059
-0.419284
1.00195
0.128285
-0.419208
-0.137827
-0.224093
0.748907
-0.526549
-1.06287
2.03562
0.422963
-0.59629
0.26531
-0.0419271
-0.0329382
0.29745
0.122698
-0.394562
1.39832
0.926754
0.80628
-0.167112
0.782974
-0.479766
-0.303208
0.308513
0.626868
1.69393
-1.24961
0.323892
-0.397276
0.786987
1.0011
-0.446438
-1.31347
0.134136
-0.00359415
0.194967
0.220006
0.00956547
0.143782
-0.00193941
0.611635
-0.00662009
-0.00417951
-0.00307657
0.0347383
-0.0153185
-1.35063
2.01402
-0.406527
0.00293021
-0.485996
1.05178
1.28192
-2.00926
0.727336
0.000366223
0.0319038
0.00441757
-0.459113
0.321286
0.0201133
-0.0201133
0.136142
-0.0416791
-0.950251
1.57295
0.00356629
-0.266257
0.724719
-0.00188044
-0.664663
-0.442775
0.3494
0.293237
0.00879173
-0.803344
-0.276156
-0.00550708
-1.3228
0.0295585
-0.277856
-0.00951445
-1.31034
0.259557
0.222243
-0.359031
0.8194
-1.62274
-1.08501
0.258591
-0.151502
0.151502
-0.00170697
-0.0519931
-0.00663451
-0.151963
0.156219
-0.161642
1.81218
0.467419
-0.944303
1.84842
-0.00146661
0.345401
-0.031664
-1.15884
-0.0394619
0.0656457
-0.119974
-0.415547
0.0326981
-0.137072
0.0227487
0.145576
-0.0978306
-1.14374
0.871251
0.000449483
0.00240898
-0.550891
0.956996
1.54875
-0.924303
1.13633
-1.08386
0.617222
0.287522
0.175229
0.430401
0.390493
-0.244064
0.221333
1.35814
0.0150466
-0.658126
-0.591429
0.15646
-0.18368
1.23357
0.314527
0.219037
0.380651
-0.425857
-0.0249721
-0.483178
2.13305
0.107308
-0.25405
0.0683546
0.00445694
0.204037
-0.581851
0.377814
-1.12478
-0.792021
-0.999968
0.115134
-0.0801362
-0.0349977
0.461892
-0.852141
-0.0153258
-0.839037
-1.49161
-0.00890404
0.605137
-1.0518
0.129061
-0.00182995
0.0125498
-1.28776
-0.000434104
0.360048
-0.492064
-1.14922
-0.653062
0.509567
1.64016
0.557387
-1.10045
0.625292
0.724852
-0.495714
0.112641
-0.0368576
-0.0146267
1.38838
-0.473948
-0.979356
0.170075
-0.174787
-1.2264
-0.334357
0.296312
-0.304627
0.373418
0.00166713
0.0066728
0.899766
0.721043
0.595008
0.629065
-0.86968
-0.611224
-1.14157
-0.758015
0.9508
-0.405787
-0.326895
-0.25812
-0.306909
0.584393
-1.0963
-1.50283
-0.00122831
-0.292255
0.359479
-0.0672239
-1.33896
-0.921337
-0.00242206
1.48458
0.0034699
-0.376811
-1.40838
-0.197467
-0.472577
-0.315524
0.390732
-0.56669
0.175958
0.648809
0.000322714
-0.18425
0.475282
-0.103239
1.73586
-1.48492
-0.602295
0.516003
-1.39743
0.00308079
-0.0292352
0.0461626
0.156092
0.9727
0.0907177
0.356611
-0.376457
-0.0418105
1.48012
-0.854831
-0.000226264
-0.789749
-0.0219836
-0.012902
0.0348856
1.63256
-0.813161
-0.673763
-0.398091
-0.124714
0.522805
-0.527911
0.238343
-0.671973
0.00107607
-0.00284374
0.410076
-0.551836
1.18645
0.491108
0.00297706
-0.184635
-0.468427
1.70441
-0.907591
-0.240002
0.106318
0.00496174
0.600734
-0.0262354
0.0655737
-0.140641
1.36222
-0.608753
-0.333233
0.42251
-0.0892769
0.128034
0.4877
-0.567883
-0.502556
3.4866e-05
-1.09902
0.661994
0.410896
-0.34301
0.00605236
0.666315
0.70299
-1.36931
0.00206652
-0.341523
0.250597
-0.00051021
-0.133412
-0.444418
-0.608311
-0.388819
-0.514508
0.278462
-0.0112501
0.00780064
-1.35212
0.304085
0.660562
0.536511
0.00410402
0.0547963
-0.671929
0.593592
0.00280352
-1.0925
-0.212437
-0.505017
0.447672
-0.599119
-0.00257821
-0.461154
0.148482
-0.630481
1.30186
2.1162
-1.58481
0.0465791
0.808491
-0.792488
0.955614
0.0782779
0.10363
-0.141476
1.17404
0.0339531
-0.116576
-0.020918
0.366789
0.776723
0.746925
-0.968949
-1.09039
1.13991
0.439867
-0.801496
-1.24484
-0.353396
-0.0896715
1.31461
1.18492
-0.626784
-0.0899863
0.361009
-0.343619
-0.444249
-0.08373
-0.0459528
0.645763
0.131676
-0.596006
0.46433
-0.0940015
-1.24374
-1.31283
0.10808
0.0295132
-0.573255
0.52279
-1.28838
-0.340034
1.08576
-1.14063
-0.327364
0.904976
-0.580839
-0.324137
0.307341
0.122797
0.380418
0.0594485
-0.0973447
0.476086
-0.170068
-0.0354021
1.271
1.16482
0.219634
-1.11917
0.0640155
0.321891
-0.20874
-1.01596
-1.07932
-0.177631
0.0805413
-0.0787113
0.754925
-0.0511306
-0.219472
0.270602
0.245629
-0.058592
-0.263314
0.173526
1.25872
0.675311
0.10938
-0.0112919
-1.63815
0.0398746
-0.00337815
-0.0102353
0.194136
-0.990897
-0.272576
-0.0119401
-0.166758
0.147684
0.0190737
-1.26949
0.660428
-1.3817
1.45486
0.0105502
-0.0131284
0.46786
0.677799
0.859553
-0.00438356
-0.220667
0.223597
0.424619
-0.234394
0.243186
-0.291072
-0.632976
-0.39063
-0.210488
-0.103931
0.485027
0.331867
-0.425251
-0.064419
0.0663162
-0.514404
0.31361
-0.0910098
0.520276
0.488935
-0.0874643
0.0874643
-0.0163068
0.13477
-0.14139
-1.08964
0.0938143
-0.741987
0.00982491
0.20454
0.17645
1.00449
-0.196141
0.188193
-0.214335
0.0261427
0.495995
-0.422598
0.33959
0.0561464
0.0649809
0.107356
-0.297199
-0.0158619
0.312751
-0.10644
-0.591574
-0.0477104
0.36132
-0.469608
-1.51194
-1.2376
2.13685
-0.176398
-0.145169
1.61874
0.491467
-0.102493
-1.03638
0.22726
-1.14597
1.53027
-0.384296
0.0149559
-0.0149559
0.0705059
0.00398037
-0.0744862
0.295048
-0.0861926
-0.208856
-0.238004
0.281512
-0.0729048
0.0760368
-0.359512
-1.12874
1.05205
0.444523
0.644737
-1.44884
-0.0491598
0.327104
-0.400118
0.327238
-0.185199
-0.00109995
0.264807
-0.108715
-0.388409
0.335464
-0.00379428
0.00377658
0.304704
-0.373595
-0.519721
0.282487
-0.369507
-0.69629
1.33802
-1.24922
-0.135037
-0.360677
-0.554451
0.612416
0.335878
-0.435197
0.850959
0.00750644
-0.304908
0.636487
1.535
0.299559
-0.799851
0.229838
-0.265267
1.39919
-1.04885
-0.314445
-0.266775
0.355986
0.224259
-0.305895
-0.0474493
0.0196059
0.0782903
-0.917327
-0.995518
1.84043
-1.03415
-0.00411338
-0.184679
-0.00730952
-0.00587813
-0.0604834
1.10997
-1.04948
0.249254
0.327589
0.110438
-0.291107
-0.368453
0.305932
1.71456
0.226492
-0.322251
0.199731
-0.321641
-0.431834
-0.172547
-0.00730952
0.0134113
-0.0228432
1.44556
0.0158736
-0.0826539
0.10481
0.0724574
-0.0224258
0.0727136
-0.0727136
-0.36698
-1.85871e-06
0.130439
-0.715018
1.50163
0.0599402
0.36019
-0.227083
-0.053913
-0.410464
0.317199
0.176724
-0.0280037
1.81921
-1.01647
-0.0301292
-0.0266099
-0.394299
0.0771003
-0.0464734
-0.819246
-1.06999
0.407362
-0.66426
-0.743003
0.0629243
0.247026
-0.412432
0.998093
0.0198618
-0.00744828
-0.0698376
-1.38605
-0.0198618
-0.936961
-0.585037
0.149385
-0.15282
0.00560087
0.403355
-1.36743
-0.619223
-0.0535497
0.0100235
-0.103235
0.0698407
0.0792234
-0.0198764
-0.568906
0.11404
0.234937
-0.206642
-0.036311
-0.285387
-0.0652205
-0.843047
0.144551
0.199121
0.371441
-0.468842
1.14983
-0.776086
-0.0544788
0.381717
1.18883
0.0125391
0.462384
-0.013202
-1.43152
1.33752
0.878378
-0.299568
-0.578809
-0.241424
0.0185754
0.048968
-0.283073
-0.136143
0.331946
0.0529226
0.818179
-1.57801
-0.484311
0.348168
0.0573114
-0.021988
-0.134626
-1.15098
0.144245
-0.169676
0.0164414
0.0406871
-0.0571285
0.00829371
-0.0323267
0.0323267
0.634456
-0.8909
0.141782
-0.0209843
0.0209843
-0.603091
-0.284032
0.131302
-0.343913
-0.173043
1.04876
-0.48189
0.426368
-0.100404
0.143547
0.0181259
-0.0280037
0.990063
-0.376789
0.351898
-0.404317
-0.158545
-0.158415
0.574961
-1.47687
-0.589309
0.339631
-0.098795
0.186343
0.1983
-0.544159
-0.128662
0.0223364
-2.25489
-0.694708
-0.0454151
0.0542584
-0.387343
0.980706
0.0129053
0.0928859
0.0247173
0.572563
0.159964
-0.179479
-0.0247173
-0.00132314
-0.16952
-0.243661
-0.907707
-0.111305
-0.718585
0.801465
0.250287
0.0336242
0.16353
0.594389
-1.66586
-0.0049043
-0.130964
0.203592
-0.362212
-0.102039
1.63922
-1.16067
-0.384664
0.0203008
-0.322954
1.36912
-0.0547998
0.944347
-0.964587
1.51174
-0.0112339
-0.816389
0.670969
0.0162286
0.271174
-0.063541
-0.0519513
-0.635027
0.433165
-0.627087
0.478206
-0.0942621
0.0332606
0.831953
-0.310319
-0.124135
-0.0321418
-0.386269
-0.247231
-0.00910453
0.3748
0.563881
-0.908394
0.344514
0.00235104
0.0178679
-0.0334795
1.02695
-0.868292
1.04716
-0.0968375
-0.0178679
1.63195
-0.483675
0.146745
-0.0288226
-1.09596
-1.54444
0.0792425
0.0657365
0.535608
-0.157794
-1.07449
0.140835
-0.0758147
0.661351
-0.806577
1.29645
0.0942907
0.0149215
-0.136502
-0.907082
1.05139
-0.110908
0.0880535
-0.151529
-1.10288
-0.032598
-0.0929841
0.017185
-0.138392
-0.733189
1.39362
0.00741222
-0.151766
-0.907206
-0.00766439
0.166054
-0.0183701
-0.0928632
-0.0907696
0.584167
1.56451
0.494915
-0.707662
0.156772
1.36897
-0.469204
0.159616
1.1289
0.473401
-0.387038
-0.487802
0.376894
0.0331303
-0.0581433
-0.0364763
-0.0865723
0.259523
-0.048805
0.218855
-0.0141369
-0.0129096
-0.251461
0.145729
0.659714
-0.0346384
-0.173483
0.0773087
-0.616039
0.44662
0.368321
1.85351
0.0111661
0.243457
-0.316598
-0.0132164
0.113979
-0.281598
-0.119442
0.0285886
-0.0237165
-1.42323
0.071106
0.297419
0.129724
0.304875
-1.51843
-0.44744
0.81267
-0.342299
-0.470371
0.01837
1.20419
0.286555
0.309662
-0.14206
0.250311
-0.504425
-0.405815
1.44527
0.0298527
-0.162925
-0.0162286
-0.00949644
0.0483499
0.0346384
0.814071
-0.462613
-0.906692
0.228834
-0.0166628
-0.0489331
0.167902
0.237023
-0.0337991
-0.252655
0.22063
-0.259078
0.3279
-0.452035
0.568666
0.587396
0.15659
0.181954
0.852556
-0.700016
-0.367023
0.232396
0.859959
-0.726069
-0.108052
-0.432002
-0.239971
0.0504582
0.212822
-0.0121837
-0.900107
0.839624
0.41117
-0.799365
0.000660282
-0.000660282
-0.633679
-0.742992
-0.764946
0.210495
-0.187894
-0.180428
1.48187
-1.30145
0.0615004
-0.0628958
-0.616149
-1.1997
0.491644
-0.0976778
0.619437
0.00625654
-0.17413
0.0645803
-0.364661
0.264257
0.226982
-0.228863
-0.215484
0.131803
0.128638
0.0412909
-1.15262
0.154213
-0.540188
0.00897018
0.362619
-0.372789
0.221453
-0.153843
0.149664
-0.922481
-0.295476
0.00387424
-0.00766852
0.0777114
-0.223268
0.363067
0.123928
-0.414693
-0.0671352
1.46907
-0.834617
-1.18425
-1.16428
-0.21947
-0.854493
1.07396
0.00193972
-0.0131899
-0.0532493
-0.809965
0.105417
0.158561
0.000460644
0.0714039
-0.0728705
-0.168957
-0.375202
-0.462917
0.037358
-0.0422623
0.691641
-0.200534
0.359106
0.428981
-0.842404
-0.17037
-0.290784
-0.429477
0.765825
-2.31909
-0.221966
-0.196397
0.000786415
0.402004
0.554547
0.312669
-0.480768
1.95779
-0.477512
-0.104763
-0.0738116
-0.73949
0.293052
1.05827
1.33271
-1.53291
0.100151
-0.347402
-0.0224001
-1.24718
-0.0855296
1.60037
0.0384791
-0.0374031
0.281259
-0.0521271
-0.163125
-1.23913
0.428311
-0.27945
-0.377801
1.6231
-0.00909437
-0.0887723
0.0237812
-0.185856
-0.156411
-0.700953
0.0764706
-0.608174
0.0203008
-1.26434
0.011677
-0.0500316
0.0549933
-0.227267
-0.0123746
0.0154022
0.28048
-1.38708
-0.222269
0.888363
0.0406649
-0.769101
-0.317853
-0.275286
-0.565501
0.34284
-0.00770283
0.00284756
-0.103882
0.585933
0.0650326
-1.47341
0.32334
-0.335981
0.509462
-0.156029
0.152953
0.4488
-0.937527
-0.00377658
-0.00353294
0.50892
-0.131777
1.26068
-0.0719937
0.126881
1.15731
1.22999
-1.25622
-0.0640878
0.594426
-0.175527
0.166623
-0.126801
0.0759455
-0.0776525
0.00826566
0.00207521
0.0512205
0.103667
0.913465
0.174664
0.213202
-1.0677
0.0502288
0.476396
-0.280883
-0.195514
0.409448
-1.31597
-0.0141369
-0.129237
-0.035646
0.0308069
0.503365
-0.0936491
0.00684734
-1.07759
1.0343
0.46211
-0.247494
-1.48548
-0.0331926
-0.0973141
0.360749
0.221652
-0.838158
-0.164077
1.00224
-0.0239982
-0.18817
-0.113451
-0.0631999
0.0673039
-0.195371
1.39852
-0.377106
-0.111207
0.0453502
-0.283298
0.289423
-0.110045
0.00636553
0.0787528
-0.012974
-0.215223
-0.819424
-0.145779
0.00118186
-1.42913
0.0163719
0.0499443
-0.0474573
0.147807
-0.0027114
0.000272966
-0.204528
-0.0634309
-0.793556
-0.07793
-0.0284846
-0.73838
-0.609171
-0.0572878
0.506604
-0.358122
-1.33995
1.93441
0.404306
0.0984446
1.09251
-0.0116754
-0.388383
-0.518336
0.250385
-0.231164
-0.0901833
0.179082
0.829495
0.241285
-0.540261
-0.329339
-0.156423
0.961439
-0.450585
-0.0748651
0.033186
0.198952
1.53204
-0.355777
0.365555
-1.4745
-0.00608855
0.00759328
-0.162992
-0.630564
-0.00517327
-0.931476
0.360951
-0.926472
-0.416951
-0.0101854
-0.518193
-0.303374
0.0879355
-0.446057
0.446972
-0.617485
-0.310913
-0.0899739
-0.37516
-0.199242
0.0948609
-0.209818
1.11563
0.0187187
-1.34318
-0.49118
0.642661
-0.0868469
0.086367
-0.487277
-0.561612
-0.430356
0.446613
0.137527
0.0261759
-0.129961
-1.36653
0.0729556
0.807417
-0.462903
0.665868
0.275587
0.94669
1.20555
0.204252
0.311752
-0.164149
0.00845473
-0.611819
0.448694
-0.00145773
0.146908
0.00604428
-0.104421
0.483212
-0.114891
0.0838849
0.595609
0.392755
-0.550549
0.207648
0.0226604
-1.03862
-0.273902
-0.24588
0.584524
0.133925
-0.0874176
-0.022627
0.085351
-0.00735478
0.0190318
-1.52627
0.0881462
-0.0972823
0.728188
-0.0224423
-0.00608896
0.697919
-0.51626
0.0931471
-0.112928
-1.11913
0.0361819
-0.0912037
-0.163019
0.198258
0.0911233
0.0499205
0.0729905
1.26706
-0.481499
-0.0887446
-0.377028
0.306979
-0.059953
-0.957815
0.335584
-8.04456e-05
-0.664222
0.108768
-0.309354
0.545378
-0.0222386
-0.421505
0.676061
-1.06436
0.215529
-0.874593
-0.680189
)
;

boundaryField
{
    SideWalls
    {
        type            empty;
        value           nonuniform List<scalar> 0();
    }
    Top
    {
        type            calculated;
        value           uniform 0;
    }
    Inlet
    {
        type            calculated;
        value           nonuniform List<scalar> 
18
(
-1.94444
-1.94444
-1.94444
-1.94444
-1.94444
-1.94444
-1.94444
-1.94444
-1.94444
-1.94444
-1.94444
-1.94444
-1.94444
-1.94444
-1.94444
-1.94444
-1.94444
-1.94444
)
;
    }
    Bottom
    {
        type            calculated;
        value           uniform 0;
    }
    Outlet
    {
        type            calculated;
        value           nonuniform List<scalar> 
18
(
2.05708
1.98069
1.9973
1.97055
1.98706
1.96536
1.94712
2.00226
2.00446
2.03043
1.99256
1.95617
1.98423
1.96542
1.92226
1.64978
1.96106
1.62619
)
;
    }
    Plate
    {
        type            calculated;
        value           uniform 0;
    }
}


// ************************************************************************* //
