/*--------------------------------*- C++ -*----------------------------------*\
| =========                 |                                                 |
| \\      /  F ield         | OpenFOAM: The Open Source CFD Toolbox           |
|  \\    /   O peration     | Version:  2306                                  |
|   \\  /    A nd           | Website:  www.openfoam.com                      |
|    \\/     M anipulation  |                                                 |
\*---------------------------------------------------------------------------*/
FoamFile
{
    version     2.0;
    format      ascii;
    arch        "LSB;label=32;scalar=64";
    class       volScalarField;
    location    "1.2";
    object      p;
}
// * * * * * * * * * * * * * * * * * * * * * * * * * * * * * * * * * * * * * //

dimensions      [0 2 -2 0 0 0 0];

internalField   nonuniform List<scalar> 
5098
(
-0.840359
0.232648
0.144643
1.57123
-0.285305
1.78302
-0.0900193
-0.378864
0.222092
-0.174914
-0.709545
0.607616
-0.0644034
2.03354
-0.194934
0.0247184
-0.859237
-0.744366
-6.58692
-0.866633
1.06516
0.0283594
0.513822
2.57747
-0.851257
1.71233
0.978287
1.04931
-6.44562
0.157492
0.482665
2.19692
1.19807
-0.747196
-0.34523
-1.45392
1.22196
1.27012
1.94362
0.70333
1.53631
-0.803964
1.68693
0.254231
-0.343014
0.442044
-0.814337
2.23439
0.438895
1.60621
0.142997
1.4308
-1.00238
1.12665
1.78319
1.69775
1.25237
1.45492
2.20287
-0.101485
0.0464653
-0.817679
-0.348491
-0.0268976
-1.02376
2.06266
0.00236071
0.0101797
0.885087
1.37095
1.18339
0.0364236
0.867225
-1.48347
-0.0698218
1.61122
0.0808783
1.77371
0.244314
1.60223
-0.128025
-0.941291
1.56401
-0.68874
-0.731607
0.0742174
2.8821
0.0923061
-0.539993
0.0588137
0.609386
-1.29015
0.571718
1.57187
1.954
0.0719416
1.34438
1.77812
-0.0437937
0.894787
-0.434932
1.7302
-0.318606
0.0872794
1.76857
-0.611648
1.06643
0.0905763
2.2739
-0.733286
1.46947
-6.683
1.17924
-1.0692
1.01726
-8.56842
-0.872397
-1.63033
0.0510673
2.54824
1.41609
0.383297
0.0128912
-0.956251
-1.59245
-0.87747
1.04462
0.566293
1.9913
-1.12294
-0.861228
2.13835
2.10862
-1.38525
-0.274902
-0.532656
-1.23468
1.02007
1.96976
1.12445
1.44746
-1.26895
0.959338
0.223618
0.396907
0.123349
0.919522
-0.225467
-0.512353
0.717537
-0.68695
-5.08688
-0.213503
1.16041
2.89657
2.48168
1.45925
-0.37255
1.54194
-6.96167
1.06317
-0.208384
-6.20916
1.42659
-0.787177
0.314373
-0.298741
0.16611
-0.849203
1.44668
0.0807876
1.60801
0.208713
1.06108
0.517603
0.571557
1.52312
-1.38632
1.45913
2.86022
-2.52331
-0.846374
1.36251
-0.794001
1.36406
-0.974599
1.69688
1.18559
1.58483
-1.23037
-6.34583
-1.39285
0.814938
-0.0270495
0.386224
-1.12615
-0.989627
-0.587345
0.0193147
1.41565
-0.891447
1.43928
-0.364794
0.273709
1.05895
2.47889
-0.464237
1.99876
0.707838
0.788415
1.18426
1.37678
-1.06967
0.310584
-0.458686
-6.37295
-0.0416813
-0.713645
-1.5336
0.417247
0.548349
1.69593
0.0837616
0.484722
-1.00929
1.21939
2.76572
1.02218
0.959042
-0.349042
1.08792
2.61995
-0.931922
-0.0715732
0.321071
0.350413
0.912891
-1.04029
-0.72906
1.40235
-0.967737
0.100002
0.123792
2.3134
0.978512
0.637056
1.99077
-0.733233
-0.825
0.595869
0.0957825
0.993817
-7.586
-0.962495
1.31168
-1.07384
-0.257325
-1.28246
2.19565
-0.00600316
-0.892523
-1.0329
-0.875027
0.882777
0.0992859
-0.791423
-6.99305
-0.675225
0.0498001
1.4346
-1.17901
-0.0998839
-6.94469
0.0914507
2.166
-0.452884
-0.756512
-0.690697
0.255933
1.17121
-0.862709
-0.307134
-1.01446
-0.425558
-1.12529
-0.940467
1.31008
0.0941401
0.393019
0.588285
-0.949358
-3.87782
2.31798
-0.253291
0.957961
-0.224939
-0.210994
0.466027
0.935761
1.23414
0.110032
-0.444376
1.65697
1.03365
-0.795299
1.20123
-2.09232
0.581222
1.34103
-0.801157
0.624804
-7.70002
1.7474
0.00763385
-0.0810576
2.86724
-1.38201
0.0402183
0.752599
2.41181
0.27189
-4.59343
-0.664906
-2.72782
-0.097729
1.97277
0.171707
1.04898
2.24666
0.0656074
1.34783
0.706273
1.97246
0.137212
1.32968
0.0967135
0.291242
1.63578
0.945981
1.32044
0.915583
1.40167
0.250759
1.18698
-6.62321
0.0417723
1.00944
-7.46946
-1.58267
0.579279
-0.143361
2.42042
2.38487
-0.87465
-0.0263822
-0.861232
-0.562659
0.413298
1.95606
0.0297954
1.07213
0.999439
0.702089
0.0604433
0.242894
2.19232
1.20936
0.529508
0.202502
-1.08174
2.10995
0.211153
-1.94526
0.113061
0.0277766
-0.814009
1.38117
-2.63646
0.243605
0.0610118
0.975928
-0.889766
1.24573
-0.360087
0.2102
-2.33763
-0.324572
-1.01201
1.50028
-0.523525
0.92952
0.248792
1.10274
1.47678
0.823746
-1.33792
1.64052
-1.87355
0.194107
-0.281355
-7.45834
2.35952
1.65778
1.0321
-8.44522
0.269014
1.14791
-0.789673
-1.80923
-0.471657
1.12507
-0.0883916
-1.03743
-0.0882047
-1.79089
0.0579254
0.994058
2.39248
-2.2608
0.450544
1.11572
1.69263
0.138451
0.501933
-0.853362
-1.31654
-1.15692
-0.165387
0.215661
1.07481
0.00180593
-6.63672
0.0618386
1.20961
-2.07366
-3.06996
0.143201
0.560566
0.76926
-1.38785
1.47149
1.33624
0.803345
-0.91584
1.04252
-1.83777
-0.781894
-0.165849
-6.18187
1.04154
-0.794445
0.725693
1.12084
-0.881523
-0.742596
0.218734
-0.826039
0.352302
1.1195
-2.80196
1.6609
0.0513049
2.36594
-2.48279
1.51018
-0.718668
-1.03187
-0.809605
-0.803949
1.49651
-6.06552
0.151693
-0.515609
-0.668536
0.929335
-1.63162
-6.48099
1.72638
-2.93598
0.450179
0.815018
-1.00245
-1.97368
0.810891
0.21825
1.28948
0.124358
-0.248348
-0.714104
1.08104
-2.3037
-0.207703
-0.532704
-1.27524
-1.68135
0.0274195
1.84708
-3.08916
1.77395
1.2155
-0.749022
0.524671
-7.23178
-0.709498
-6.90096
-2.8694
0.833377
0.39961
-1.33366
-0.274561
-1.89415
1.07461
1.29494
0.369879
0.340402
1.08047
2.41218
-0.96672
-0.219581
1.90829
-0.791637
-0.276671
2.3493
0.0562519
-2.08328
-0.0386769
-0.847733
-4.35421
1.04999
0.211781
0.284353
2.74108
-0.775874
-0.212526
-0.320563
-0.422705
0.128852
-1.65306
-1.03065
-0.814277
0.958868
-0.94047
-0.999946
1.35501
-0.885191
-0.814802
-0.262626
-0.343407
2.79269
-2.13315
-2.33846
1.32852
0.125204
-5.56749
-0.538448
-0.687562
-0.844537
1.75814
-0.76137
-0.468373
-0.709958
-0.193035
1.32965
-6.06813
-0.940595
-5.2386
-6.78076
0.0684349
-0.833664
-8.94291
0.355412
0.0248498
-7.86042
1.04728
1.39459
2.82752
-0.104582
1.3376
2.01351
-0.450364
-0.00685898
-0.675504
0.446164
-1.13177
0.199337
-0.102975
0.0545689
0.753449
0.441869
-0.983869
-2.32739
2.34978
-0.920238
-0.763163
-0.264514
1.2992
0.555302
0.572166
-2.02279
-1.83079
0.0677259
1.7808
0.208298
-0.299999
2.13733
-0.922364
2.01647
-0.822166
-0.953029
-0.578158
-0.932067
-1.02301
-2.62124
2.07242
-1.70912
-2.0605
2.10186
-0.461398
-0.272242
-0.364836
2.31573
-9.28253
1.84483
0.0659703
-0.0166341
-0.167809
-1.20386
0.745354
-0.123541
0.0615249
-0.788174
0.98152
1.54751
-0.870906
0.0893207
1.47624
2.29009
-0.975583
1.40624
2.78665
-1.57458
0.681249
-0.467734
1.19604
1.86326
1.56876
-5.56125
1.09015
0.173408
-0.791738
1.00056
-0.204314
1.4253
-0.380993
1.16392
0.530382
-0.986193
0.0731572
0.120492
1.1439
1.53836
0.0333244
-0.687899
2.21884
1.27778
1.68597
0.10916
-0.139662
0.0654533
0.0829389
2.14918
2.3866
-2.63037
1.309
-0.79083
-6.19741
-0.428627
1.12566
-6.75821
-6.75632
-0.779828
-0.70476
-0.0504737
0.43468
-1.6386
1.2394
1.59968
-6.83749
1.64329
-0.0235762
1.18603
-1.0296
-0.540979
0.157327
2.27678
-0.11031
-0.204141
-0.811625
-8.92871
1.06209
-0.317479
0.398658
2.08029
-0.771993
-0.736555
-2.59012
-0.611588
-5.80599
1.57879
-0.785861
2.36
2.21734
2.05411
-0.803957
-1.44279
-6.27588
-7.20566
-0.00264937
-2.82931
-8.81738
-1.2003
-0.777074
1.68088
-1.14249
1.42281
-0.840783
2.02511
1.05696
-4.20485
0.0105692
-10.5023
2.64892
0.0698725
1.01004
-0.716538
-0.760884
-0.503209
-0.755207
-3.52106
1.57701
-0.183628
-0.261247
-8.76882
-1.05899
0.562543
-0.788802
-0.0808255
0.0570904
0.00426399
0.270478
-0.803378
1.54308
2.05037
-4.57793
0.673767
-0.81507
1.47037
-6.74234
0.0906705
0.638907
-0.785926
0.147674
-1.07161
-0.131508
-0.881611
-0.278762
1.32377
0.866141
-4.9429
-0.055516
0.578604
1.01561
-0.187972
0.049925
-0.828033
2.70809
0.706445
1.44704
-0.886473
0.484683
-1.00652
-0.750243
-0.247316
-0.950605
-0.642415
2.13346
1.78617
-0.835158
0.603005
-0.798072
1.87361
0.23133
-1.02115
-1.03183
-1.25309
-7.99735
-0.0377066
0.256936
1.27318
-1.41589
-0.18308
-5.00214
0.895313
-0.86219
-1.95145
1.65046
0.430724
2.18216
-0.188594
1.34598
1.63554
1.50261
-0.171144
1.33743
-0.0952069
-0.080428
0.193841
0.0812514
0.631203
-2.16306
-1.00651
-0.427333
-0.766525
0.450338
1.11842
0.236449
-1.28108
-0.0992482
2.83138
-0.795181
1.42226
0.0384166
2.07975
-6.86022
1.1279
-0.68259
-0.774266
2.24559
-0.627269
-5.49726
0.405563
2.33477
1.38067
-0.338153
-0.441342
-1.65293
-3.32494
-2.75912
-2.37024
1.46442
-4.29165
-1.70809
-1.01657
0.796241
0.0107158
-6.78704
-0.523425
-7.53161
0.753093
-0.143949
1.25082
-0.326681
-8.88565
2.0928
-1.11683
-1.09205
-7.28611
0.248233
-1.03602
-1.0308
-0.783677
-0.106038
0.0616976
1.01148
-0.997758
-0.503634
-9.65898
0.148232
0.127891
-0.0942262
0.117053
-1.01681
1.09375
-1.24049
2.08561
1.65521
0.295168
1.6047
0.451433
1.02381
2.51929
1.63281
-0.752519
-0.484272
-0.51215
-0.467693
-0.539187
-0.863319
1.35946
-4.47489
1.88618
1.97326
1.20088
1.17637
-0.679189
0.501364
-1.43897
-0.00603823
2.11981
1.45439
-0.279478
-0.13918
-1.03426
-0.482273
-1.31734
-10.4725
-1.30092
-0.56348
-0.215133
-0.668019
0.107529
2.19919
1.26011
1.51095
1.37449
1.54177
0.0585651
-0.108973
-0.208417
-7.57667
0.349286
-0.231215
0.935049
0.749303
2.28702
-0.545827
-0.555912
-0.0347131
1.25055
-0.765422
0.00140231
-3.13429
2.61064
1.2574
-2.71531
1.15565
-0.484469
-0.739938
0.95432
1.40724
0.616823
0.278133
0.270685
-0.846969
-0.136902
0.0799263
2.13687
-1.55621
1.84679
-0.936625
-0.652835
-0.980025
0.92293
1.49476
-0.681885
0.0657839
2.59403
0.325429
0.999927
1.04901
2.37813
0.000684187
1.37819
-0.355874
1.36901
0.0738736
-0.0821663
1.89491
2.73443
0.309789
-0.443784
-0.898909
-0.574657
-4.95463
1.34299
0.46678
-2.32052
1.12192
1.59787
1.09714
1.21475
0.149151
1.34184
1.90419
-0.479386
2.44629
1.56258
0.427837
0.00829912
-1.24067
0.0872726
1.29256
0.133365
1.33979
1.56098
1.1696
-0.568508
-0.601393
1.61394
0.876822
1.79338
-0.0630445
1.09992
1.40754
0.805583
1.66315
1.64204
0.0319251
0.0597617
1.21408
1.60849
-0.552872
-0.275663
-0.91337
1.5961
0.315669
1.38254
2.37322
-0.827702
2.28671
2.5583
-1.11088
-0.379527
-0.269371
2.78619
-3.99905
1.54479
2.39922
0.389219
-1.02627
0.584682
0.87889
2.5465
0.828819
1.06225
2.65957
1.83692
0.132283
2.63276
2.07286
0.144927
-0.803827
-3.51206
0.0198027
0.103586
1.51321
2.0462
-3.84498
-0.0405539
0.74602
0.252401
1.84192
-1.01747
2.26516
-0.654821
-0.708567
0.968161
-2.14792
1.57769
-0.361956
0.94762
-0.780471
2.05087
1.29004
1.24668
1.33738
-0.736801
-0.191366
-0.0675583
0.546002
0.718556
2.18936
1.4458
0.0226104
0.763614
0.140171
-0.792777
2.02768
0.108184
1.64242
-0.555781
-0.190677
-0.759221
0.302206
0.581594
2.33625
-0.0226054
0.855872
-0.770699
-0.341727
1.95227
1.97063
-0.81738
1.90291
0.388412
-0.781873
0.093178
0.604859
2.74008
-0.0501988
-3.13591
1.71443
-1.31117
1.43611
-1.04183
-0.870717
0.114671
-1.3991
-1.02503
-0.00049091
1.37423
-0.0511307
-1.02796
0.0179517
-0.449936
-1.80868
0.584453
2.21951
0.943739
0.806878
-0.78759
-0.752051
0.20603
0.925597
-0.262571
0.0206834
0.0578901
0.00153335
-2.91499
0.936984
0.33181
0.502454
0.906141
0.674723
-1.52
-6.58889
0.251497
-0.523529
2.59727
0.770175
0.3381
-0.772694
-0.412975
-0.470187
-0.0318526
-0.737798
-0.782515
-0.196347
-0.4618
1.37937
-0.0396205
0.0604124
1.50003
-1.02876
-0.85757
2.16846
-1.17739
-1.62337
0.258838
1.22027
-0.667322
0.284651
-0.435237
0.0148736
-0.887422
-0.194076
1.5424
-0.833742
0.602539
0.0844623
-0.795576
-0.692023
-0.107164
1.02357
0.248658
-0.804713
2.1652
-1.12798
1.33562
-0.842909
-2.02152
-2.4455
-0.225821
-1.35927
1.22953
1.20813
1.27969
-0.317699
-0.941371
1.89096
-0.722914
-2.47225
0.0200277
-0.855813
0.0625631
0.149205
1.93215
-1.23445
-6.65526
-0.405526
0.773934
0.745591
-0.724981
0.784968
0.118427
-0.450416
0.384042
0.683392
0.365186
-0.573965
-0.794204
2.01666
-0.14619
-0.0586655
0.627055
0.0228297
0.839821
-0.840082
-0.196697
-0.266109
0.85235
-0.0587644
0.107865
0.505937
0.017812
-0.0137755
-0.437723
1.30203
-0.00140975
-0.277909
1.09457
1.11629
0.0997266
0.477728
0.589963
1.24214
1.546
1.36221
-0.219577
2.26669
1.01988
-1.36392
0.768965
-0.881627
0.0757673
0.0551616
0.392626
-0.839703
2.27228
0.174054
0.33617
-1.31971
0.4078
-0.808383
0.214037
-3.69982
0.966445
-0.904976
1.19295
0.724557
1.21593
-0.926259
1.63864
-0.937135
1.18699
1.33407
0.387194
-0.604655
-0.756224
-0.836944
1.4852
-0.758696
-7.79211
1.45526
0.669701
0.0495517
1.48169
1.09788
-0.462929
2.05788
-2.02056
-0.261264
-0.551019
-0.852347
0.0359099
-0.172763
-0.327256
2.30378
-0.0118308
0.251788
-0.140906
-0.639909
1.29104
1.65982
0.0203864
0.0499219
1.10529
-9.60512
1.07778
1.20009
-0.139295
-0.175035
0.694323
-0.0140929
2.33971
-1.49286
0.888455
0.0561996
-1.37376
2.33248
1.37234
-0.0867113
1.81762
-0.409553
1.64724
1.60058
0.0772648
1.10311
1.08455
1.00607
1.16608
-0.985632
1.29594
-0.53753
0.371617
0.00491607
-9.94787
1.42926
-1.03378
-1.70705
-0.103735
-0.0552368
0.792339
-3.54574
1.14524
0.102821
0.543782
1.11724
0.870352
-0.163021
0.21728
-0.559276
1.19301
0.466825
-0.97853
-0.581384
-0.909619
1.15891
-0.953519
-0.913115
1.02156
-0.931849
1.59061
0.650921
-1.0056
-1.25342
1.4242
1.65252
-0.264736
1.07781
-3.3077
-0.344607
-3.55872
0.329721
-0.402723
-1.12055
2.5206
0.301661
-5.55321
0.0524051
-0.363844
1.21119
0.548897
-0.54398
-1.08375
-0.794596
-0.475314
-2.71426
0.771688
2.03151
-0.291381
-0.749849
0.00759908
-1.04676
1.74481
2.55642
-1.13334
0.724083
1.2709
-1.06301
0.309391
2.2543
-4.23242
-0.578774
0.899933
1.13517
0.944967
-0.400086
0.58078
0.0117613
0.581599
-2.01548
0.0661624
1.15473
-0.114285
0.270587
0.658546
1.08527
0.595246
0.0990429
0.42132
1.20231
0.8893
1.04142
2.3538
-0.745698
2.18391
0.113198
2.12618
2.71302
-1.17433
0.285279
0.286354
1.05515
-6.89763
0.489188
0.659303
0.0555303
1.32788
1.87111
1.3853
1.43333
0.338078
0.680643
-0.892117
2.62482
-0.968997
-0.805194
-0.793857
-0.556851
-1.00379
1.15479
1.42776
0.68371
1.5066
-2.32009
0.0933894
1.57733
1.11213
-0.0237314
-0.248696
-0.078212
-0.812503
0.28751
1.27385
2.49305
1.12815
1.71258
1.63988
1.34524
2.36528
0.708088
1.19105
0.017583
-0.690355
0.346309
0.874945
0.810659
2.66174
-0.0445064
0.640591
0.00697916
0.0874079
2.52235
0.57286
-0.284009
-0.664163
0.923312
-0.639
-0.0578639
1.78699
1.23089
1.04702
1.31625
0.15236
1.89666
-10.4652
1.02393
0.148383
0.235427
-1.30625
2.02034
0.11067
0.000644516
1.20198
1.12575
-0.356769
1.05585
2.09281
-0.135866
-0.854008
-0.971138
-7.19514
-0.227889
-0.91813
-0.322196
1.07142
0.303455
0.0620256
1.29696
-1.29904
-0.208341
-0.676447
-2.3061
-0.569543
0.265258
-0.999758
-1.1211
1.14852
1.06824
1.73072
-0.849196
0.437507
-0.385634
1.05757
2.01521
-0.762433
0.0357469
0.0668208
2.10571
0.889631
-0.624756
-0.443435
-9.642
0.057758
0.119161
2.25306
0.061693
0.00500555
0.428806
0.222316
0.0174986
0.618661
0.261163
0.443396
-0.799901
-0.894693
-0.569139
-1.03366
0.0337301
0.307253
-2.55774
1.32065
0.901972
2.43703
0.440502
2.18675
-0.740243
1.39842
-0.779405
-0.0707681
-0.447196
1.959
-0.262139
-0.0952956
0.27081
-2.20555
-0.483148
0.0229348
0.053636
-0.0796514
-0.0746729
-0.0453832
0.233501
0.688316
1.51457
-6.83986
0.124277
0.186501
-0.0168768
-0.392035
1.32254
-0.136346
0.578162
-0.0318996
0.0203742
1.81107
-0.657814
0.40019
0.00263822
0.0528619
-0.162473
1.78083
-0.704569
0.151869
-0.0131283
-6.36422
-0.285116
0.0450033
2.14038
1.43816
-0.00144219
-5.7192
-0.616283
1.19648
0.0969558
-0.102662
0.00873507
0.503965
0.103732
0.046783
-0.312384
0.0115389
0.447992
-0.575147
1.26044
-0.165431
-0.454884
0.0600421
0.336325
0.254311
0.131282
1.20224
0.00879571
-0.163781
-0.206712
-0.078719
-0.642635
0.050481
1.26613
-2.37597
-1.16638
0.138214
0.0184187
-2.07699
-2.41842
0.103303
0.0379221
1.90189
0.771807
-9.26468
0.135047
-0.854854
-0.754267
-0.366582
0.0162668
1.27133
0.452914
0.955515
1.14462
-1.42083
-3.15686
-0.362779
-6.35952
-1.03
1.38209
0.0651894
0.34912
-1.02712
1.50468
0.0585399
1.26869
0.126391
0.125643
1.66897
0.0378743
-0.0354868
-0.953382
1.85079
-0.377451
1.02419
1.192
-0.492888
0.0706109
1.08835
-8.38051
1.80641
-0.155263
1.75551
-0.587538
-0.0653907
0.101585
1.29991
1.70277
-1.04432
1.03471
0.372704
-0.040657
1.96888
0.270851
-0.821772
1.12463
0.0452432
0.115954
-0.397361
-0.78451
0.0720742
-0.943962
0.00354269
1.13728
0.80024
-0.0115657
0.069343
0.38619
0.0830981
1.11862
-0.443034
0.0306837
-0.534523
-0.436575
0.0793004
-1.23721
0.953196
-0.267856
0.0441834
-5.74328
1.33664
0.00072239
-0.852572
-0.0141395
0.344924
2.11496
-0.365017
0.00489953
0.76786
0.216549
-0.128628
-0.14983
-1.67969
0.0577243
0.07164
-0.0836032
1.28735
0.0112337
0.0633491
-1.13532
0.0618356
0.0377871
-0.0764944
1.25408
-0.0937102
0.0330667
0.00739169
-0.819262
0.112457
0.0713412
0.617176
-0.777851
0.270606
0.132463
0.113556
0.0778731
0.0289301
0.0216569
-0.749969
-0.205325
-0.234393
0.19812
0.566387
0.106755
0.4235
0.436127
0.0383697
0.0243079
0.64656
0.115864
0.030833
-0.177719
0.116615
0.150897
-0.95448
-0.790391
0.0300421
0.174654
0.224591
0.71203
0.61396
0.0908343
-1.31839
1.20638
0.0770122
-0.790989
0.0687854
-1.11707
1.7082
1.13756
0.124037
0.0293923
0.00790029
0.105943
0.035675
0.0908331
-0.797882
0.13047
1.07771
0.307276
0.0602427
1.18937
0.098412
1.97676
0.107613
0.226703
0.183722
0.0415178
1.82006
0.051419
0.049114
-0.469032
0.0508641
0.716025
0.326144
0.0348228
1.1403
0.0865963
0.89319
1.67283
0.475267
0.614403
0.0480479
0.668549
0.0691673
-0.207936
-1.14765
-0.6683
0.0694094
1.59681
0.311162
1.09504
0.47299
-0.000442737
0.0575936
0.105301
-0.380553
0.747504
-0.642091
0.0417677
0.00395193
0.0510509
0.0720317
-0.0960509
-0.846115
2.15931
-0.700259
-1.03071
2.00334
0.157849
0.0482543
0.0598257
0.0501511
1.06121
0.0645997
0.0492416
-8.02329
-0.494225
-0.181613
1.20833
0.0968091
0.0642263
-1.00254
0.0280531
0.112505
-0.0417661
0.0612098
0.0689257
1.25473
-0.81514
-0.917271
0.453894
0.0175529
-9.46807
0.111907
-0.730561
0.0501742
1.3207
-9.21521
1.57803
-0.0207471
0.0763146
-1.01404
-0.00872376
-0.0304295
0.0402334
-0.801456
-0.866351
2.02533
-0.78192
-2.21464
0.00110092
-1.21739
0.0206801
0.114364
-1.31495
0.017319
0.056261
-0.0942507
0.0515911
0.0542155
1.54215
0.329319
-0.00357021
0.110325
0.0304298
-0.858818
0.081393
-1.68831
0.0532562
-0.0737885
1.45161
0.0944997
1.23303
-0.0248463
0.0332115
0.0798397
0.014184
0.0224601
-6.83846
-0.76624
0.0912194
0.628809
1.03758
0.357717
0.0364323
0.0299326
0.0806771
1.393
0.0180341
0.253212
0.614198
-0.0347887
0.0506045
-0.385935
0.0536515
-0.0344133
0.105266
1.2682
-0.000651589
0.873194
0.00701099
1.2621
0.0570674
0.653031
0.0136748
0.0303981
-1.19468
0.0466823
0.0331535
-0.0377252
0.100696
0.876161
0.0602328
0.0774607
0.0956344
0.0383393
0.258042
0.0629108
0.0353832
-0.903931
-1.02702
0.0234301
1.58523
1.07483
0.0501911
0.0612563
-0.444942
0.0396304
0.298422
-0.34971
-0.0222651
1.80726
0.0937828
0.0210523
0.0253066
-3.3625
1.24637
0.0755901
0.0677377
0.0215323
-1.72021
0.172937
0.044349
-0.954873
0.452966
0.813224
0.0644068
-0.0729302
0.108384
1.15785
-0.0155282
0.0262155
-0.038713
-0.00509981
-1.29573
0.0875301
0.0700487
-0.0122871
-0.0299926
0.0372255
0.0518573
0.0179815
0.0205603
-0.0809142
0.0996496
0.0321803
0.107359
2.45835
0.0838346
0.177095
0.00737294
0.104023
0.359697
0.0489824
0.130806
0.244689
0.0537968
0.0686012
0.0448012
0.0144104
1.19922
0.0136468
0.0632107
0.145086
0.0286853
0.0313028
0.201923
0.0324931
1.42346
0.00695514
-0.556582
0.792893
0.0349144
0.038529
0.105454
0.0795366
-1.13479
-0.58203
0.276467
0.0283909
0.0930178
0.0409589
-0.548135
1.3673
1.42537
0.0263319
0.0959773
0.109552
0.07096
1.19573
0.00999147
0.0636337
1.22543
0.019599
1.25125
0.0549899
0.0322696
0.106278
0.0262479
0.00192276
1.50319
0.0427407
0.00806691
-0.00986019
-0.122509
1.17505
1.84802
0.0160476
-0.0660114
0.0454515
0.036821
0.00108852
1.23939
-1.04861
0.00225592
0.0384001
0.100566
0.0736683
0.0214451
0.0708079
-1.50134
0.00553251
0.0498979
-0.708724
1.18495
-3.81313
0.0415562
0.0370241
0.702414
0.786941
0.0412902
0.00722017
-3.91761
-0.8821
0.0154919
0.0429916
0.0151426
0.0329737
0.0063287
-3.35058
0.0161082
0.164596
0.0365652
1.29826
0.0266234
0.114031
0.0423735
-0.704857
0.0218702
1.1729
0.16892
1.44632
0.0816226
-0.958638
0.0383156
0.0664084
0.0439926
0.0522812
0.109141
0.0290373
0.0473808
0.110075
0.00543788
0.0154172
0.0514903
0.0341059
0.0144039
0.0350352
1.22383
0.0820501
-0.200209
1.53273
0.0245352
0.088775
-0.406843
0.339203
0.030703
-0.438963
0.0307993
0.038163
-2.07423
0.0382251
0.0360825
-0.513739
0.043172
0.0869852
-0.882761
0.0303316
-0.994008
0.0229079
0.0434266
-0.504555
-0.987212
0.034569
0.0283447
0.0465386
0.198664
0.0769224
0.105365
0.244846
0.0178979
0.0237659
0.032197
-0.269037
0.0311541
0.0120804
0.0218598
0.0563738
0.0531266
0.0326644
-0.00964259
-0.76562
2.10364
0.0480949
0.0171271
0.0460701
-0.704097
1.42605
0.0546629
0.253267
0.00148342
1.40533
0.02714
0.429953
0.136099
0.0137216
0.0295687
0.104055
-6.83433
0.0817715
0.28059
1.04468
0.0337083
0.0621566
0.0586953
1.43139
0.0488775
0.0547089
-0.0406729
0.0461897
0.952803
0.0840972
0.0379849
0.0284245
0.03816
0.0160072
0.0404326
0.535334
-0.547927
1.74286
0.0113609
-0.805594
-0.0691642
2.27668
0.757169
0.0301378
0.0298257
0.0720139
0.0543491
1.06431
-0.0808882
0.0407122
0.105135
-0.987515
0.0273381
0.118217
0.0435721
2.68706
0.717601
1.16708
0.0490717
1.22157
-0.00372879
-0.644157
-0.963718
1.68804
-0.918022
-0.939648
0.0262897
0.850448
0.0036779
0.0344807
-0.11359
-0.0257145
-1.11954
-1.20706
-1.47514
0.0266805
1.13701
0.047971
-0.0503199
0.0346101
0.039989
0.0512695
1.26479
0.0305004
-0.607534
0.0414249
-6.69435
0.00191262
0.0494112
0.0641112
2.15839
-0.899886
-0.0700573
0.0668259
0.0376724
0.0431275
0.719818
1.18001
0.0150247
0.0427053
-1.40125
0.0457149
0.442688
2.44023
0.513536
0.268802
0.0623288
0.0626842
0.0230924
0.229208
0.0659149
0.0559913
0.0225659
0.394742
1.15686
1.11868
-1.0167
0.724713
0.0525527
0.109071
-0.978873
0.095999
0.0540406
1.35634
-0.00293283
-1.2165
0.00940596
2.06005
-0.251854
-0.108856
0.0554718
-0.43075
0.00571286
-8.30145
2.22129
0.0844793
-0.227692
-1.13072
0.0694622
0.138438
0.0811393
-0.137409
0.0202547
-0.618778
-1.0464
1.2047
0.00542267
0.173072
0.0600896
0.553763
0.078005
-1.06521
0.0183049
-0.86658
2.55183
0.0326504
-1.09176
2.26313
0.013025
0.118797
0.0687212
0.0165946
1.30361
-0.834256
1.15387
1.25572
0.0756295
0.06302
1.21008
0.55233
0.0753475
-0.73895
-0.814264
-1.17524
1.30225
0.0373725
-0.307688
-3.00425
0.0116962
-0.142268
0.0406369
0.0676604
1.17084
0.0644675
0.0419644
-3.12103
0.0288048
0.029964
0.0330921
-2.29455
-0.564677
0.167137
0.0451539
0.0423376
-0.162149
0.0544732
2.44453
0.0974551
-0.977626
0.356916
0.0298927
1.30026
0.000669907
1.26402
0.0599819
1.10485
-1.84278
0.101875
1.89965
-0.709555
-1.00611
1.42797
-0.51992
0.0530788
0.0287884
1.21714
1.35928
0.0538375
1.41396
2.22895
0.649891
1.45633
-1.1794
0.0208746
1.98514
-9.61055
0.217975
0.0851116
1.16417
-1.98907
1.4693
1.39062
1.54321
-0.576958
0.0691904
-0.817342
0.0295147
0.11953
-0.619984
-0.795828
0.0310674
0.0326055
-0.470509
0.0872094
-0.0532003
-0.170246
1.60817
1.75039
1.67379
0.132302
0.757531
-8.07293e-05
0.302139
0.141681
0.0806365
2.3691
0.129229
0.0745924
0.201242
-2.01296
1.83633
0.0661197
-0.182162
-2.12785
0.154607
-2.34781
-0.329402
-0.891021
0.883406
0.0342176
0.919865
1.29338
-0.688688
-0.378179
0.19479
1.3091
-0.926152
0.0161264
0.0418096
0.00318564
0.983653
-0.213036
0.0534844
2.71936
1.84269
-0.00795394
0.107535
-3.10634
2.13254
1.07963
-0.376585
2.43651
0.0288467
1.17269
0.391263
2.18616
0.279358
-0.782129
0.635386
-3.30427
0.000122369
0.072355
0.212706
-0.832277
2.26217
0.222071
0.0834047
0.135971
-0.139867
0.703323
2.54632
0.0199988
0.000548727
0.0717579
0.811701
-0.0414852
0.087628
0.00168405
1.09922
0.0834599
0.0193698
-0.418707
0.170496
0.285136
1.10425
0.0952317
2.20257
-0.0724175
0.0101484
1.19825
0.0335178
0.00492549
0.210943
-0.655501
0.554221
0.0244131
0.534801
-0.687609
0.0139983
0.992276
-0.439219
-0.00981369
0.179047
0.0747476
0.053371
0.98655
0.0720651
0.124325
-0.0136558
-0.337262
0.0447535
-0.0732983
-1.69798
-0.0322926
0.380507
0.239798
0.00974462
0.28933
0.0699242
-0.924574
-0.00171416
1.2844
-0.0987203
0.00667716
0.186112
-0.0953464
1.92442
-0.0282483
0.229563
0.183405
2.71008
2.44979
0.101492
-0.649678
-8.04101
-0.00124663
0.97884
1.22172
1.16853
0.0059512
0.0160178
0.143833
2.0649
0.249874
0.12743
0.328996
-0.395031
0.306908
0.0300685
0.986972
2.03532
0.0706887
-1.1197
-0.0111503
0.962729
1.70559
-0.300085
0.286836
-0.763942
2.4948
-0.00165899
0.0660845
0.838509
0.13784
0.0214547
0.0248648
1.17606
0.0026678
-0.00182178
-0.452029
-5.07498
0.0348793
-0.000107517
1.99794
0.43576
1.48648
0.0562115
-1.35884
2.63928
0.0180433
0.171198
0.377002
-0.11952
0.952276
1.01586
1.21904
0.00358988
-0.722555
-0.146475
1.23553
-0.128149
0.0271154
0.0823662
1.24944
0.0380656
0.0323239
0.0448594
0.259616
-0.0696183
0.03025
0.192519
0.0399997
-0.124056
0.0083198
0.811256
1.99593
-0.697703
1.40349
1.04143
-0.831267
0.0167516
-0.859898
1.2696
-0.882589
0.147381
0.152587
0.0323796
-0.0270351
0.134116
2.68022
0.00920249
1.28933
0.844473
0.00196175
0.0305835
-0.453358
0.0590751
0.0998167
-0.975559
0.0715218
0.753395
0.0252187
-0.0935168
1.47333
-0.157584
0.302458
0.20957
-0.819779
0.165586
0.427876
0.149006
0.89383
0.193733
-0.42165
1.85991
1.57997
-1.68859
1.01092
0.0122333
0.480951
1.20917
1.34405
-0.53848
-1.3222
-4.71371
0.0319688
1.15615
-0.525812
1.76745
0.0296211
0.54831
-0.774625
-6.87858
1.18149
-0.121098
1.13358
0.0672636
0.247157
0.16681
-0.272672
-0.861939
0.93681
0.11062
1.23038
0.171188
1.68004
1.87404
0.0700059
1.58296
0.237327
0.00193771
0.330531
1.82916
0.369765
-1.40116
1.28736
0.00362716
0.15093
1.78194
1.10112
1.72869
-0.0216815
-0.0147499
0.173132
-1.11486
-0.0502468
0.108655
1.06481
-0.823043
1.38548
0.0242715
-0.152025
1.0009
1.30066
0.250402
1.19812
0.086181
-0.967116
-0.118116
0.0242731
-10.485
0.569124
0.670621
-0.830169
-0.115762
0.254329
0.0434242
0.726349
1.80978
1.95689
0.40952
0.343862
-0.0760581
0.31756
1.08087
0.00777961
1.52437
-0.945385
0.0102117
-0.173486
-0.113782
0.704023
1.24829
1.53791
0.902237
0.0276678
0.0689777
1.22041
1.20328
1.3148
-0.26202
1.59619
0.519619
1.21123
0.754363
0.193895
0.176332
1.28569
1.2068
-0.716459
1.28151
-0.0520916
0.0281095
0.908798
-0.10485
-0.609248
2.15597
1.62193
0.218825
1.19939
0.286697
0.701404
0.220426
0.165859
0.0160414
-0.00897899
-0.0896798
-0.940468
-0.00246152
-0.185258
-0.0650027
1.24018
1.84376
0.236026
1.23999
0.24848
2.92813
-1.595
1.44401
0.2051
-8.63663
-0.541666
2.9098
0.276576
-0.0112245
2.86285
-0.0291262
-1.52827
1.16027
2.82217
0.0889039
2.76571
0.62888
0.212178
-0.813609
2.6623
0.0269769
-0.0322072
-4.21174
0.0568814
0.117967
1.45521
2.50374
0.0105097
0.308059
1.52676
-0.24159
1.2808
0.967632
0.0697127
-0.892666
-9.02573
2.44902
0.333434
-0.85804
0.238111
0.195848
2.40409
0.849314
0.0906781
-0.851652
2.35312
-0.719002
-0.835211
2.30553
1.49128
-0.816106
-1.33739
-0.809092
0.500563
1.48502
-0.819955
2.24699
1.22343
0.164645
-0.797553
1.75246
0.0487148
0.212974
-0.253888
-0.878127
1.0622
1.24507
-0.941453
1.24939
0.148965
-0.630645
-1.46372
2.11908
0.661402
1.02815
-0.326197
-0.7954
-0.799072
-0.805689
-0.817221
-0.833796
-0.831994
-0.0929693
-0.838539
-0.890379
1.6847
2.08018
0.670544
0.623256
0.28482
0.904937
-0.907956
2.05533
-0.00160344
-0.917251
1.62687
-1.49229
-0.92728
0.00082736
1.96344
1.11997
0.616389
0.237607
1.23748
-1.04648
-0.948723
1.93798
-0.929792
0.1821
-0.080395
-1.02494
1.17291
1.90032
0.0327161
1.59943
0.15217
0.955382
-0.993966
-0.142446
-0.223834
1.8636
-0.229786
-7.01229
1.82696
-0.60214
-0.751193
-0.191329
-1.02197
1.79857
1.26933
0.37025
1.21894
0.132771
0.0542563
0.0485374
-1.03084
-0.875472
1.7527
0.419648
0.0812765
1.29738
0.484657
-0.726523
-0.147003
-1.02509
1.73257
-0.79666
1.20209
0.0667116
0.0112691
-1.03312
1.69525
0.463412
-0.899705
1.65141
-1.02821
0.00622734
-0.120577
-6.92154
-0.552245
1.62679
-0.995725
1.55872
-1.02246
-0.844891
0.68394
0.0147359
0.605299
0.0199527
1.5186
-0.989591
0.501437
2.0881
1.30975
-1.06694
-0.522713
1.48878
-0.801879
-0.437765
1.01578
-1.12377
1.23321
1.45486
0.0321864
0.192931
-2.00098
1.23622
0.778252
0.188049
-0.388319
-1.26964
-6.97909
1.40331
0.215373
-1.07936
0.0600375
-1.09477
-1.49649
-0.382997
0.542062
1.36937
1.77848
1.22829
1.95274
1.24492
-1.79514
0.629349
-0.131068
-0.77413
0.573091
0.023307
0.188923
0.644313
0.932768
0.0032946
-2.21166
-0.799515
1.301
-0.495662
-0.447317
1.53713
1.01478
-0.206747
2.3067
-0.697127
0.269938
0.320124
-2.78659
0.0451251
-1.09993
1.24362
1.47679
1.36427
0.701273
-3.51931
1.18729
1.12065
1.08705
1.01126
0.960691
0.883318
-5.81241
1.13892
0.826355
1.3678
0.712819
-0.984277
1.92089
-4.36695
-0.578035
-0.9247
0.870329
-7.86327
1.7321
-5.32629
0.177045
-6.36227
-0.852614
-7.29835
1.24537
-0.679398
-1.19662
-7.98035
-1.54443
-0.429928
1.24037
-1.06239
-8.29428
1.26756
1.29858
-0.271144
-0.692376
1.35005
0.300471
-0.8364
0.166533
0.361423
1.16262
-1.67496
0.160322
-0.511786
1.38744
-0.907832
-1.11772
-0.792445
0.498995
1.25884
0.153198
-1.23198
0.512882
1.42398
0.914215
-1.78105
1.23503
0.476052
0.962103
-0.087836
1.26353
-0.170413
0.00322855
0.0387546
0.489715
-2.63791
1.95159
-0.624707
-0.301761
-0.572298
-7.69271
1.66653
1.28235
1.08057
1.20606
0.305029
0.0918741
-0.134782
-1.13605
0.296462
-0.791602
0.187428
0.826024
-4.55757
-0.00545399
2.47925
-0.0122636
0.585808
0.631106
-0.8015
0.130617
0.823057
0.204995
0.520601
1.02969
1.23819
1.25298
1.2076
0.193573
1.47188
-7.2003
0.146449
-0.00992559
-1.13081
-0.340054
-0.407439
1.44735
-0.798961
1.19896
-1.27134
-0.925158
0.341947
-1.48545
-0.140631
-1.22878
0.317808
1.3535
-0.546934
-0.203518
0.138748
0.17045
0.0929413
-0.444773
-0.0469527
1.24732
0.153598
-0.362178
0.899046
0.135685
0.876246
-0.947718
0.230508
0.129533
0.0183753
0.126668
-0.82067
0.132056
0.022891
0.117496
0.628217
1.97696
0.719385
-2.26835
1.24175
-0.260146
0.848638
-0.0160205
0.0648197
0.988028
-1.04875
0.0134169
-1.01576
-0.779995
-1.0196
1.26206
-0.0641519
1.55153
-0.0429104
0.00404744
2.05756
1.9396
-0.540923
0.318366
-0.262992
-0.287254
1.36796
-0.819101
-0.0726079
-1.85421
-0.00354317
-3.24496
0.0150751
0.582753
0.165354
0.0666073
-0.283636
1.23598
-0.835935
-2.74682
0.671939
0.321752
1.91784
0.223188
0.382756
1.99222
2.03604
0.0133643
1.74485
0.930437
1.28404
0.208509
1.77353
1.31893
0.210777
-1.27865
0.176109
0.912934
0.918193
0.0100375
0.0121246
-0.346227
2.57406
0.925364
0.361912
1.2361
0.650348
-0.196528
1.0451
0.145008
1.70614
-0.125879
-0.783697
0.221939
2.25184
-0.165247
1.39116
2.92612
1.19176
1.22123
0.103639
0.458352
0.00085437
1.47873
2.403
-5.55575
0.0797436
2.29851
-0.0738885
-0.0027999
2.55343
0.202525
-0.856598
0.352435
0.119051
-7.30176
0.240835
0.0141849
-0.301737
0.11291
0.151757
-0.725751
0.0124744
2.45675
1.35829
0.462346
0.915173
1.04759
-0.563172
1.13987
-1.30291
2.77758
-0.188448
-3.00257
-0.579988
1.9082
1.17422
1.04486
0.17026
-0.608951
-1.5754
-0.229704
-0.0225515
-0.0358535
1.00227
-0.158382
0.0419587
-0.505556
1.25707
0.150134
1.07755
0.0248646
0.113845
0.380023
2.29505
1.02198
-1.11341
0.856873
-3.89963
1.44381
-1.06005
1.14744
2.18695
-0.781886
0.132768
-0.413888
0.137386
1.22637
-1.27994
0.439822
-0.623373
0.990003
-1.31385
0.121428
1.82808
0.238396
-0.793487
-0.602666
1.32797
1.528
-0.83438
2.6634
1.133
0.430292
0.9276
0.150446
1.37995
-0.453716
-1.30856
-0.491499
-0.712789
1.24325
-0.206633
0.424121
-0.495079
2.20161
0.770394
-0.194639
0.0834517
0.152949
-1.99794
0.814361
0.897741
0.802761
-1.60302
0.0869452
-0.0649998
0.601994
-0.108409
0.66072
0.183576
0.285481
-3.23456
0.603433
0.267419
1.23585
-0.737546
0.0663605
0.263829
1.22904
1.5914
0.271905
-0.582865
-0.860219
-0.532777
0.518162
2.64153
1.36502
-1.17895
0.850946
-0.80299
1.25818
-0.648536
0.68321
1.95188
-0.576524
-1.71945
-1.06766
1.26619
0.127182
0.173464
-0.441789
-1.35156
-0.717439
-0.615652
-1.59383
1.27424
0.814847
0.0880099
1.29277
-0.844235
1.30213
-0.248224
1.23721
0.25472
0.102593
1.21558
-8.8905
1.21792
-0.959293
-0.802965
2.08791
-0.783589
0.368056
-1.53691
-0.0207915
0.744499
1.82508
-0.672738
2.68274
2.32791
-2.06132
1.88572
-0.431194
1.2434
2.50772
-2.58432
0.0428055
0.58782
1.18944
0.353481
-1.05324
-1.27236
-0.522511
-0.92817
-0.124534
-0.0428325
1.17156
-1.04848
-0.0308246
1.15628
1.65455
-4.91021
1.72544
-0.415172
-4.51709
0.223871
0.670799
1.23617
0.453354
1.60488
0.809264
2.92311
1.12155
-7.99857
2.8886
1.85455
1.92043
1.45453
2.84923
1.97547
-0.111018
0.947995
2.79635
0.513005
0.212402
-0.261821
1.1011
-8.90075
0.623242
0.89655
-0.303279
1.86932
1.28912
-2.6609
-0.559536
0.109362
1.84012
1.78441
-0.0243128
-0.706171
-0.934979
-8.15587
1.5913
-0.245309
0.150207
-0.984075
2.66495
1.98956
-0.195999
0.614443
-1.01674
-0.891297
1.65908
-0.067059
2.47592
1.16748
-1.06649
0.00780635
-0.907804
0.799376
-0.873287
-1.05981
-3.12027
2.41953
-0.875795
-1.03476
-0.620615
0.0807514
2.42763
-0.0615735
-1.03157
-1.4896
0.210772
-1.40058
2.03855
0.479453
0.506872
-0.859293
0.013804
0.405148
-0.852003
2.37812
-0.80697
-0.494411
1.25527
0.773471
-4.5617
-1.0593
1.15595
-0.841929
-1.0408
2.05068
2.33002
1.79404
-0.293824
2.27608
1.90092
1.30467
0.570314
-0.825981
1.50035
0.794634
1.4211
1.39649
1.88949
1.50395
-1.00863
-1.80457
1.1644
-0.811714
0.987189
-1.39455
-0.958111
-1.63213
1.74114
-0.16448
0.5577
-1.02102
1.60708
-0.857132
-0.814648
-0.257426
1.02896
-2.06559
-1.1641
0.0156496
1.21272
0.332473
-1.02615
-0.388949
-0.715349
0.0776268
-0.147109
0.000786721
0.168896
0.177568
-2.18619
1.16999
1.21309
-1.10976
-0.462038
-0.435973
-1.45788
0.459957
1.17532
-1.50553
0.94443
0.906681
0.355924
1.3893
0.838996
2.1016
1.43796
2.01122
-0.68636
-0.795869
0.712691
-0.801344
-0.81006
-0.823419
0.553214
-0.835434
-0.838562
0.00254939
0.314172
-0.898427
0.107673
0.422297
-0.551593
2.0669
1.03656
2.72911
-0.912425
-0.691907
-8.25777
2.49736
0.0326598
0.705573
-1.07318
0.426891
-0.923624
-1.18033
-0.848359
0.602638
-0.903378
-0.935489
0.824504
-0.886179
1.14263
-0.17092
0.46316
-1.68723
1.95373
0.0419208
2.1299
0.341663
-0.946101
1.26589
-0.5064
0.575235
-0.45343
-2.1217
-3.05438
-0.0395192
1.91944
1.279
-0.883466
1.90538
1.9197
-2.77565
0.0408306
-0.946945
0.330853
1.1025
-0.0986533
-0.550225
1.88207
0.271303
-0.168609
0.076747
-1.02599
-4.33358
2.17201
-0.58418
0.84838
-1.63842
1.04099
0.189375
1.62742
1.84494
-0.641907
0.0926769
1.17511
-0.916757
0.756919
1.43638
0.158803
1.8135
-2.06252
-0.984704
0.0477683
1.68095
0.0391735
1.72178
-0.946535
1.35239
1.30793
1.01478
0.0408618
-1.03176
1.77444
1.83113
1.28209
-1.19
-0.393226
-0.246059
-0.612512
-0.523091
2.21007
-0.874664
0.396495
-1.03101
1.74694
-6.95177
-0.268523
0.0940359
0.103751
1.2604
-0.465315
-0.740425
2.55325
1.33269
-1.02795
1.71487
0.8291
0.815395
0.088017
-0.755154
-0.511942
1.00571
0.126788
1.42875
1.67381
-1.03047
-0.32089
0.991629
0.31113
-4.77467
0.849701
0.173936
0.24828
0.79092
-0.459951
0.840461
1.64004
-1.01588
0.790398
1.67366
0.899178
-0.473188
1.59254
-1.00028
1.13814
0.0538063
-0.826958
0.193645
1.89996
-0.107519
1.18074
-1.05523
1.53823
-1.00592
-0.101439
0.798066
1.98125
-1.17403
0.921855
0.412591
-6.93057
1.23146
-1.0144
1.5046
1.76138
1.1379
-0.240375
2.03247
-0.0766688
1.18063
-0.0629125
-1.08734
-1.22877
1.47323
-3.31955
0.51406
0.592861
-1.17567
1.17318
1.42718
-0.247696
1.2228
0.56512
-1.10946
2.13064
-1.60312
-4.54472
-1.02242
1.38507
-1.07131
-0.220866
1.25786
0.801148
0.186566
0.662795
-1.3891
0.333361
-0.988817
-0.266281
0.513481
2.29955
-0.98469
1.24141
2.52964
0.838454
0.764484
-1.98237
1.24155
-1.0996
0.561528
-0.946971
0.395357
1.69421
-3.41816
-2.44649
1.27254
1.14042
0.734785
0.648793
-0.279451
0.438183
0.347443
0.670696
1.15887
1.20345
-1.09825
0.472604
-3.13678
-0.284963
1.22736
-0.763786
1.21582
1.2754
0.0591109
0.0714752
2.0273
0.204205
0.172004
1.16529
1.15447
0.912714
1.10576
-0.680028
1.05033
0.987109
-0.198491
1.71173
-3.9267
0.569529
0.92104
1.77733
0.851962
0.473537
-0.0191885
1.82887
1.79845
-0.964182
0.678653
0.344773
-4.84851
0.400379
1.01448
0.551993
-5.89073
2.62434
1.92199
-0.762662
0.553004
0.219769
0.0209117
-6.92418
0.631448
0.407826
1.57603
-0.887402
-7.73755
1.81571
-0.848105
-1.14504
0.0670062
1.16418
0.542542
1.36934
-0.663501
0.231943
2.26336
2.39719
0.849359
0.142545
-0.759887
2.92949
0.22019
1.87244
1.09792
-0.045743
0.192094
-1.28225
-0.0071533
1.68734
-0.705861
-0.892298
0.363778
-0.0400558
-0.419879
-0.977885
1.96671
-1.88124
-0.964456
-0.519675
0.00469415
0.702784
-0.0632848
-1.07764
0.497529
0.160461
0.0962018
0.0997652
2.29428
1.21139
1.42817
1.50885
0.731667
-0.883195
2.25777
-0.234455
-2.34475
0.0754179
1.00605
-1.52576
0.347718
1.74403
-0.222291
-0.973024
0.187068
1.26933
0.478705
-1.03879
-1.12133
1.17459
1.25001
2.14046
1.14298
1.45732
1.69648
1.65733
-0.543873
1.5511
-0.683546
0.51712
-4.77664
-0.742181
-0.585407
0.407663
-0.444231
1.4652
0.594208
-0.0349212
-7.20656
-0.457304
0.678124
-0.964627
-3.1657
-1.02026
1.17122
2.02148
-0.80172
0.110775
-1.44328
-0.618569
-0.689754
-0.444484
0.505954
1.17331
0.0531599
-1.11063
-0.897536
-0.641524
1.32093
-0.200373
-0.930491
-0.279794
-0.444323
0.527284
-0.755071
0.532021
0.688085
2.37551
-0.130709
-0.110106
1.84091
-0.973756
-0.134187
-3.95846
0.489372
-0.871685
-8.24845
-0.799508
0.0820333
0.196771
0.432987
-0.303346
-2.70925
-0.0646102
-1.21734
-0.017779
-0.467445
-0.112182
-1.03982
1.84541
0.0160639
1.32397
2.79461
1.89831
2.47705
-0.795818
1.79552
-2.72135
0.203339
-0.61452
-1.49268
-0.492678
-0.0863854
0.114854
0.107868
0.485914
-0.682024
0.675305
-2.70745
-0.846803
-0.55278
-0.328061
1.43982
0.685063
-8.23881
0.830968
-1.44844
-0.702681
-8.37916
1.05382
-0.698784
-4.92348
-0.576542
-0.408042
1.29166
0.00845481
-5.71092
-0.731029
1.26866
-1.12227
0.0747481
0.246963
-1.16498
-0.986119
-1.28092
-1.09122
-0.384758
-0.958906
-0.880872
-0.978357
-0.912817
0.189579
-0.416469
1.32192
-0.762936
-0.132876
0.82082
-0.592854
-0.495002
0.457469
2.69374
-0.0689942
0.222057
-0.178925
-0.319755
-3.61234
1.36405
-0.535805
-0.792492
1.20631
-0.500189
-1.08845
1.67172
-2.03781
-2.20079
1.86655
0.856886
0.106861
-0.444474
-1.23838
-0.830984
-0.911511
1.21538
1.58232
-1.76321
-0.755716
0.248771
-0.997803
0.114245
1.08541
0.117562
1.82704
1.96537
-1.02113
0.59764
-0.930217
-1.09829
-1.24814
-0.562254
0.965142
0.305207
2.4998
-4.0348
-3.67967
2.54617
-2.31435
-9.84368
-0.808426
-1.03777
1.13409
1.08904
-1.26281
-1.27664
0.794513
2.10059
0.0433181
2.14019
-0.664665
-8.08806
-0.226462
-7.21739
-0.798063
-0.676087
0.0615101
-0.388533
-0.826217
1.69761
0.383349
-0.396707
0.510226
2.73973
-8.4555
-1.02361
-1.33703
-0.345694
2.68549
-1.59272
0.473687
-0.0736598
-0.462759
-1.51089
-6.06871
0.0344012
0.170575
0.00610835
-0.272474
-0.115517
-5.10863
2.23181
-0.631466
-4.00865
2.27381
0.751398
1.83189
-4.24653
1.19466
-0.759865
-0.446791
1.08632
0.729825
1.96161
0.513981
0.0969399
0.404229
0.204251
-0.634042
-1.17034
0.169748
-0.451825
-7.84006
0.784147
0.214365
0.163217
0.372677
-0.631514
2.1525
1.17407
1.14367
-0.145719
-4.43657
1.08025
-3.16519
-0.599732
1.25453
0.142997
-3.68402
-0.0263665
2.0063
-0.750613
1.92278
0.0196287
1.7851
-0.938076
1.97859
0.703928
0.764721
-3.8441
-0.245588
1.27883
0.720143
-0.628447
0.108712
-7.42218
0.0973974
-1.39434
2.15333
-0.575365
0.202866
-1.67549
0.363134
1.78561
-1.13178
-0.996927
0.425849
2.15615
-0.756173
-0.399161
0.129159
-0.0113862
-1.3042
-0.141269
0.914376
-0.772888
0.522906
1.26963
2.1611
0.672985
1.74399
1.54888
-0.31197
0.124519
-0.253523
2.10812
2.61977
-0.885797
0.25583
-0.669813
-1.3625
-1.29086
-0.138499
2.27444
-1.50542
1.3248
-0.554765
0.499468
1.87448
1.30789
-0.846699
-0.503545
0.904948
1.99994
-3.54652
0.354926
0.230904
1.35409
0.620906
-8.56858
-0.793414
-0.637158
-7.57041
1.42013
-0.858874
-3.59642
-0.690943
-10.6581
1.15998
-0.675083
-0.706043
-0.0132643
0.829215
2.19949
-0.101715
-0.465312
-0.105444
-0.96249
1.44352
2.70499
0.211808
-0.880063
-1.16228
-0.222879
0.239013
-0.0641577
-0.684736
2.62253
0.00682645
2.08581
-0.922143
0.183025
0.450785
-0.943699
-1.02661
-0.655325
-4.15501
0.479487
-0.0225383
-0.298543
-7.05945
0.604666
-0.0147089
-0.657464
-4.68328
0.385343
0.524004
2.00681
-0.337619
0.066831
0.337275
0.138259
0.115144
-0.942537
1.97888
-0.898546
1.21072
1.72132
1.36969
-0.835601
0.211862
1.33335
-0.234933
-0.999828
-0.215927
1.03742
1.93051
1.98933
1.63715
1.32332
-2.89302
-0.995622
0.540791
0.201992
-1.08085
2.38
1.39707
0.719017
0.808476
0.659597
-7.37063
-0.915866
1.70198
0.256414
0.786428
-0.066568
1.84913
1.19836
-1.03847
2.05414
-0.888857
-1.28842
-0.925573
0.111095
-1.08846
-0.20982
-0.96961
-0.798848
1.13143
-0.806333
0.279727
-0.823937
0.490166
-1.37219
0.210562
0.18227
2.09831
-0.622319
-0.0940565
-1.22754
0.35433
1.71956
0.695154
-0.96824
-0.977667
-2.7073
0.868619
-0.556199
0.107606
-1.70731
-2.53648
0.0756929
1.29294
2.83465
2.70775
-0.65586
0.173257
-7.08318
2.09864
1.34009
1.32695
1.52709
-0.337141
2.21493
0.179447
-0.620532
-0.0897855
-0.693128
1.75861
-1.23019
-1.79985
0.890445
1.03628
-1.2375
1.01092
1.82622
1.00124
1.8094
0.304439
1.3148
1.20148
0.584201
-1.15352
2.15483
-0.474772
0.264151
-2.63154
-0.653055
0.056693
0.377894
-0.799803
1.53087
1.85119
0.405316
-1.23454
1.76444
0.518026
-4.34491
0.844752
0.434719
-1.1181
0.211642
1.68573
0.0806748
-0.266297
0.528538
-1.58349
-0.896337
-0.393033
-0.968499
0.553954
1.22426
2.25211
2.57721
-0.256074
-0.228748
0.968967
-0.566758
-3.38746
1.89512
-1.50034
-8.28754
0.600595
-2.35008
-1.683
-0.703354
0.804602
-0.903007
0.629476
1.88871
0.29003
-0.842338
-0.45192
2.10599
0.183099
-3.25526
-1.20184
0.878287
-0.88634
1.29688
-0.514206
1.9016
1.16934
0.898956
-1.02547
-0.604161
2.07895
0.75278
-0.063341
-3.30299
-0.867326
-1.18339
1.1844
1.01001
0.535658
-1.44674
-0.947208
1.0822
-0.583085
-3.23846
0.0861387
1.01486
2.42437
-0.0783806
0.077887
-0.239171
0.0344231
-0.25199
0.980827
0.460805
-0.935328
-0.892129
0.0337487
1.76579
-0.918781
0.0474518
1.24002
1.5793
1.93444
-0.820959
-0.590254
0.994719
0.71062
-0.256244
-2.37739
-0.920886
-0.881357
1.06414
-0.808958
0.857892
-0.845398
-0.353138
-0.977364
-0.245134
-0.835788
-0.709956
-1.32344
1.84367
1.82315
0.81366
-1.89537
2.10159
1.02395
-0.562724
-0.0214646
-1.07602
-0.0358821
-0.817917
-0.824683
-5.30973
0.894603
-1.19274
0.542515
0.0623591
-0.799252
2.12952
0.929848
1.88042
1.74098
-0.54316
-7.48597
-0.377969
2.47656
-0.120175
0.647597
1.19219
-0.00410344
1.49789
0.517177
-0.179069
0.816321
-0.0363718
1.51797
1.8132
1.04531
1.26648
-2.28272
1.12796
0.21876
-0.925118
1.42632
2.03036
0.123628
-0.662479
-0.890717
2.20833
-0.492649
-7.25904
-0.966203
-0.0210251
-0.0147838
2.50225
0.153087
0.160292
1.67281
-1.09871
-0.0143724
-0.877278
1.35785
0.797006
0.47252
-0.629459
1.81287
0.0584918
2.43429
2.39809
-0.753819
1.41638
-0.645555
0.377364
-1.35967
1.3206
-0.803999
1.86265
-2.44505
1.57602
0.2147
0.848837
1.75855
-0.649324
0.103912
-0.411968
-0.778506
-0.155867
-0.950791
-0.772387
-3.17951
-0.587106
1.95477
-0.59008
2.17114
0.025946
-0.909209
-0.17086
-0.798516
-0.939968
-0.791564
-1.30098
-2.53118
-0.65658
1.85451
-3.21586
1.915
-0.417871
-6.08141
-0.969376
-2.56219
0.364639
-0.131678
2.10972
0.309255
-0.336015
0.165266
-5.33631
1.0567
-0.599956
0.713132
0.141952
-7.25573
0.114736
-0.656303
0.208492
-0.411089
0.224997
1.7875
2.01752
-0.142242
-0.0580366
1.23301
1.17865
2.17171
2.53405
0.861991
-0.0411603
1.23261
0.59053
-0.267924
-0.325737
2.12238
-2.24196
0.381105
-0.822944
0.328224
0.00918108
-0.940446
0.123879
0.344692
0.448719
2.59053
0.16445
1.22453
1.29181
-10.6997
0.379165
-1.96003
0.990824
-3.66545
-1.00277
0.0980028
-0.725676
1.19611
0.353313
2.23141
-0.828329
1.91818
-0.920526
2.47234
1.30752
1.16363
-0.905096
-0.87147
-0.0616944
-0.221538
-1.25979
1.65881
1.72148
0.973986
-0.272651
2.47372
0.373509
1.23655
-0.958867
-7.18173
-0.309834
0.00939545
1.39046
-0.554544
-0.848516
-0.842018
0.0911861
2.02225
0.597225
-7.34492
0.247097
-0.0725953
-0.567296
0.238225
0.146383
0.641562
-0.888397
0.0647007
-0.510849
-0.0497399
-1.70682
-0.843555
-1.07886
-1.11656
-0.0799603
1.33604
-0.00626629
0.438689
-1.00847
1.6767
-1.09306
-0.338013
-0.397499
-0.499623
-6.02447
2.01702
1.2362
0.0516795
0.223533
1.8054
-0.622448
-0.949695
-0.651505
0.0580376
-0.546797
0.84619
0.751211
-0.0306436
0.153814
1.91634
-0.806828
-0.935188
0.843471
0.430233
-0.813778
1.69977
-7.804
1.97598
0.696323
1.63039
-0.554515
-0.809706
-3.57528
0.0669109
1.93179
-0.542868
1.20567
0.579444
-0.676826
0.234705
-0.548994
2.35058
0.93804
0.183007
0.57402
0.125201
-1.28659
1.78311
-1.9624
0.927675
1.49414
2.58233
1.43416
-1.15922
-1.03024
-0.815547
0.169309
1.7958
-0.320991
0.127776
-2.90901
-9.76806
1.80246
0.0753351
-0.994886
0.121978
1.73043
2.44899
0.0797997
0.200859
1.69956
1.59338
0.844087
1.89909
-0.45655
-0.915824
1.21276
-0.918094
0.344461
0.0278932
-0.933805
1.85085
0.767273
-0.894476
-2.85992
1.72738
-1.02845
-1.00387
-0.0177712
0.40643
1.17496
1.93614
-2.58082
0.0580615
-0.915912
2.57747
2.80736
1.22905
1.54169
-0.0105889
-1.31626
2.43625
0.350358
-0.751226
0.0233342
-0.00598666
-1.03453
-0.789504
-1.26098
0.846521
-0.489605
-1.02552
1.52342
1.38559
-0.87756
-0.910611
-0.349675
0.446525
0.815347
1.85061
-3.00511
0.166721
-0.366396
0.693623
-6.95828
-0.123341
1.64599
1.4713
0.0663912
1.7476
1.55446
1.04476
0.686742
0.619487
-0.927306
1.38157
0.745896
-0.526009
0.18345
-0.75686
1.69993
-0.866349
0.771517
0.575041
1.19487
-0.762915
1.32229
2.89731
-6.72415
0.56704
0.293821
-1.66543
2.34211
-0.0295468
0.712345
-5.55656
0.0894672
-0.867571
0.351332
0.195919
0.723503
0.628102
-3.41315
-0.0422829
-1.01539
1.78045
0.441234
-8.31717
1.49322
1.26496
2.26998
2.80993
0.138198
1.18268
-0.612657
0.91096
0.112694
0.677713
2.17321
1.82818
-0.342477
0.056512
1.0516
-0.795358
-1.13855
-0.554876
-0.0719161
-1.29088
2.85076
-0.803869
-0.253048
1.70883
0.564047
0.696522
-1.28079
-0.785881
-1.26999
1.69681
-0.121694
0.11846
0.29612
-7.93096
-0.938335
-0.828459
1.50402
0.844543
1.42444
-0.968331
1.02874
-0.198752
1.44618
-0.87449
1.11199
1.13949
1.83953
-1.92509
-7.14906
0.669858
0.13187
-1.74008
-0.47207
0.442236
-2.43978
2.23087
-0.937262
-0.998652
0.880435
-1.6399
-1.06326
-0.837277
-0.828255
1.15461
0.950495
-1.26144
0.461102
0.781663
1.15549
0.475947
0.0690885
-0.0784958
2.44595
-0.836524
0.49131
0.206893
-0.382148
0.392424
-0.829814
1.40023
1.41339
-0.386712
-1.08859
-0.567305
-0.774266
-1.27776
0.917404
-1.39413
-1.22566
0.350544
0.029984
-0.425903
-0.553686
1.90368
2.56631
-0.788067
1.68912
2.52792
0.630404
-1.1095
-0.797982
-0.235362
-0.567995
-2.08319
-3.67987
-0.58791
0.611414
-1.11465
0.677231
0.326087
1.53931
0.330698
1.56745
-0.954415
0.0011715
0.435984
2.32913
0.665644
-6.91669
0.874754
-0.823549
-1.25949
1.847
1.15025
-0.436542
1.28299
-0.132079
-0.156346
1.49738
-0.234832
-0.825567
-1.07312
1.12875
1.66052
2.51093
0.297432
1.19458
-2.1701
1.07016
-0.958718
-0.323878
0.886831
-0.395837
0.398381
1.63229
1.40023
0.276615
1.75032
-0.924501
1.23534
0.288586
1.06389
-0.324868
1.1769
1.10612
-1.36219
1.65464
-0.42429
-0.411517
0.259474
2.31374
-0.156367
0.659989
0.403735
0.396204
2.21666
0.395456
2.44696
-0.880723
-0.349273
1.53195
0.370707
-0.261086
0.323248
0.262259
-0.373028
1.04474
0.542726
2.31987
1.09494
0.557261
)
;

boundaryField
{
    SideWalls
    {
        type            empty;
    }
    Top
    {
        type            zeroGradient;
    }
    Inlet
    {
        type            zeroGradient;
    }
    Bottom
    {
        type            zeroGradient;
    }
    Outlet
    {
        type            fixedValue;
        value           uniform 0;
    }
    Plate
    {
        type            zeroGradient;
    }
}


// ************************************************************************* //
