/*--------------------------------*- C++ -*----------------------------------*\
| =========                 |                                                 |
| \\      /  F ield         | OpenFOAM: The Open Source CFD Toolbox           |
|  \\    /   O peration     | Version:  2306                                  |
|   \\  /    A nd           | Website:  www.openfoam.com                      |
|    \\/     M anipulation  |                                                 |
\*---------------------------------------------------------------------------*/
FoamFile
{
    version     2.0;
    format      ascii;
    arch        "LSB;label=32;scalar=64";
    class       volScalarField;
    location    "1";
    object      p;
}
// * * * * * * * * * * * * * * * * * * * * * * * * * * * * * * * * * * * * * //

dimensions      [0 2 -2 0 0 0 0];

internalField   nonuniform List<scalar> 
5098
(
-0.641097
0.339623
0.156631
1.63466
-0.131512
1.85395
0.0537641
-0.24704
0.251437
0.0414561
-0.611625
0.675088
-0.000917676
2.11071
-0.0971543
0.0647913
-0.804695
-0.637646
-7.12473
-0.810251
1.15964
0.0984208
0.508707
2.67806
-0.743643
1.78079
1.09035
1.0845
-6.73877
0.102905
0.490535
2.28189
1.26785
-0.678059
-0.242284
-1.2102
1.28849
1.32932
2.01496
0.711508
1.59721
-0.686625
1.75362
0.306214
-0.168799
0.594702
-0.738509
2.31835
0.489316
1.66887
0.257177
1.55555
-0.943136
1.21019
1.85544
1.77978
1.30673
1.51104
2.2881
-0.0637925
0.0946714
-0.737685
-0.265995
0.0599055
-0.969444
2.14106
-0.0425648
0.193321
0.952065
1.42375
1.25904
0.103191
0.891553
-0.817469
0.0491661
1.67523
0.000660351
1.86151
0.283001
1.68433
-0.0703473
-0.808496
1.60867
-0.60287
-0.62304
0.00614296
3.0467
0.0963303
-0.356771
0.0799506
0.686371
-1.07655
0.682191
1.63583
2.0283
0.151452
1.39367
1.87169
0.0661604
0.952844
-0.275966
1.80055
-0.646438
0.102389
1.85337
-0.428374
1.1838
0.227819
2.3591
-0.642181
1.52467
-6.90505
1.24015
-1.03853
1.12268
-7.76486
-0.733552
-1.51201
0.0913405
2.64606
1.50667
0.529102
0.143686
-0.842175
-1.24241
-0.824753
1.11856
0.568151
2.06967
-1.05875
-0.751857
2.21957
2.18865
-1.25041
-0.163001
-0.361132
-1.13244
1.15784
2.04533
1.18605
1.56092
-1.63625
0.989236
0.273519
0.560167
0.159803
0.958574
-0.130961
-0.409776
0.727566
-0.588344
-4.30796
-0.118283
1.27456
3.05695
2.57287
1.51679
-0.273808
1.60382
-7.32036
1.14169
-0.0995867
-5.50039
1.47904
-0.681177
0.414286
-0.164183
0.162109
-0.742239
1.5097
0.159206
1.67122
0.284999
1.09907
0.615026
0.751749
1.58533
-1.15844
1.52833
2.99965
-2.48661
-0.696092
1.41049
-0.687634
1.42744
-0.811517
1.76343
1.27181
1.64804
-1.1353
-6.46625
-1.06431
0.834757
0.0804278
0.478884
-1.04506
-0.869712
-0.442974
0.00035761
1.47376
-0.785487
1.52714
-0.125501
0.389046
1.05143
2.56933
-0.45921
2.07531
0.755686
0.805185
1.27215
1.46856
-0.825338
0.477261
-0.32718
-7.10438
0.0355197
-0.6114
-1.18406
0.554596
0.613701
1.76585
0.103842
0.5725
-1.01814
1.24438
2.88479
1.16955
1.01064
-0.478499
1.27416
2.72117
-0.830346
-0.124835
0.318691
0.383904
1.03106
-0.944661
-0.677823
1.46995
-0.83719
0.299099
0.114493
2.40152
1.12875
0.710439
2.06727
-0.63916
-0.758787
0.646021
0.283252
1.02403
-5.45157
-0.858844
1.38938
-0.971423
-0.15074
-0.331926
2.27728
0.0254389
-0.783073
-0.999322
-0.772494
0.907784
0.0609429
-0.699929
-7.42309
-0.567714
0.152252
1.49711
-1.09715
-0.000661953
-7.07468
0.200179
2.24818
-0.968584
-0.641578
-0.504536
0.235248
1.19948
-0.754676
-0.212901
-1.02488
-0.319499
-1.33975
-1.07107
1.38967
0.0994301
0.46676
0.604236
-0.829103
-2.58667
2.41167
-0.0937279
1.00508
0.023118
-0.00743408
0.516866
1.00834
1.28093
0.138472
-0.219138
1.72584
1.10413
-0.706015
1.2456
-2.00948
0.760216
1.39412
-0.723033
0.692369
-5.52995
1.81818
0.0655707
-0.0816343
3.01586
-1.28593
0.0474586
0.850629
2.50007
0.315195
-2.99689
-0.564284
-1.69681
-0.0347317
2.0515
0.345723
1.21074
2.33072
0.108547
1.39804
0.828013
2.04836
0.0998043
1.38147
0.174364
0.376034
1.70119
0.93817
1.38271
0.943601
1.45642
0.269467
1.24422
-6.8153
0.165101
1.12356
-7.7107
-1.46868
0.689265
-0.24016
2.52171
2.47177
-0.767628
0.0407243
-0.751841
-0.364628
0.479919
2.0264
0.101239
1.18073
1.0716
0.749793
0.0955421
0.295665
2.27462
1.22479
0.693004
0.154367
-0.973243
2.19037
0.264924
-1.71407
0.140339
0.123096
-0.732647
1.43552
-2.59197
0.253892
0.0969111
1.01749
-0.841187
1.33374
-0.147783
0.276343
-2.12567
-0.254523
-0.917337
1.56502
-0.737707
0.990983
0.351422
1.19802
1.53457
0.931756
-1.14703
1.70543
-1.53953
0.287939
-0.183236
-5.86534
2.4524
1.72585
1.16614
-7.86773
0.370965
1.20719
-0.694735
-2.28316
-0.343823
1.27657
0.00201653
-0.981816
0.0635523
-1.67321
0.0854356
1.05895
2.49938
-2.15139
0.549659
1.18132
1.74966
0.210557
0.634321
-0.744142
-1.09377
-0.487566
-0.0749311
0.260541
1.11108
-0.0257859
-6.95063
0.123894
1.25435
-1.91812
-1.91648
0.179138
0.559294
0.879532
-1.19373
1.50549
1.39626
0.838887
-0.880324
1.16125
-1.74415
-0.581532
-0.0684336
-6.53697
1.10636
-0.718081
0.847464
1.25015
-0.846368
-0.659658
0.301766
-0.710037
0.418156
1.18678
-2.57559
1.72631
0.0888863
2.46616
-2.4375
1.55353
-0.615303
-1.04109
-0.716259
-0.717371
1.55543
-6.35293
0.0981474
-0.327922
-0.612224
1.08231
-1.37733
-7.50788
1.78461
-2.66861
0.662582
0.974231
-0.830491
-1.60563
0.829457
0.270246
1.33817
0.221366
-0.129908
-0.0740324
1.1521
-2.0707
-0.124922
-0.347871
-1.0832
-1.22238
-0.0263456
1.91551
-2.71525
1.84497
1.33413
-0.646741
0.518307
-8.51448
-0.601601
-7.54995
-2.4906
0.83145
0.57094
-1.10849
-0.0874805
-1.39799
1.19367
1.39313
0.448354
0.469662
1.15253
2.50057
-0.869341
-0.129969
1.99229
-0.695421
-0.134354
2.43844
0.0981496
-1.72346
-0.0432307
-0.703825
-3.75895
1.08552
0.163101
0.365662
2.85645
-0.665254
-0.0617454
-0.205421
-0.269364
0.258992
-1.48891
-1.02236
-0.747633
1.13003
-1.56495
-0.91093
1.45693
-0.844863
-0.733092
-0.0716648
-0.209776
2.92476
-1.88853
-2.24784
1.37858
0.209059
-5.12117
-0.402627
-0.592829
-0.733284
1.82865
-0.678448
-0.333112
-0.619444
-0.0877903
1.40682
-4.07225
-1.11542
-3.75049
-4.69342
0.102405
-0.725975
-6.77955
0.335116
-0.0412202
-5.47397
1.16247
1.51837
2.98547
0.0176634
1.42664
2.10739
-0.303933
0.146441
-0.581188
0.531306
-1.15269
0.351004
0.0340949
0.0935982
0.862763
0.533468
-0.891218
-1.70382
2.44148
-0.777158
-0.653064
-0.235903
1.37573
0.55104
0.726011
-1.74178
-1.60501
0.100916
1.90708
0.168746
-0.421464
2.21878
-1.04229
2.0933
-0.713186
-0.852873
-0.422235
-0.956091
-0.945791
-1.76605
2.15121
-1.50521
-1.87515
2.18151
-0.35282
-0.133903
-0.192647
2.41078
-8.40355
1.91635
0.215205
0.0423971
-0.0815018
-1.10355
0.759954
-0.00559719
0.0990915
-0.675594
1.02561
1.64132
-0.766754
0.150539
1.51958
2.3927
-0.880856
1.51306
2.92833
-1.37997
0.767744
-0.290666
1.33777
1.95926
1.65349
-5.63068
1.12788
0.279199
-0.693642
1.06227
-0.0565097
1.46774
-0.250562
1.20646
0.532099
-0.859737
0.100304
0.211642
1.18506
1.60092
0.164433
-0.578318
2.30481
1.3713
1.77345
0.276864
-0.0247228
0.0975687
0.111561
2.23181
2.48364
-2.31802
1.39444
-0.696148
-4.56949
-0.388094
1.15588
-7.24532
-7.19837
-0.679908
-0.598871
0.0832065
0.531668
-1.37705
1.28622
1.65426
-7.6126
1.72605
-0.0125096
1.28828
-0.979431
-0.413116
0.239397
2.36175
-0.00676572
-0.0941059
-0.654478
-9.01718
1.0357
-0.20066
0.391712
2.15917
-0.66649
-0.625376
-2.2988
-0.480904
-6.13836
1.64035
-0.656068
2.4768
2.30064
2.13221
-0.694856
-1.19923
-6.46013
-8.61766
0.218582
-1.97686
-7.69473
-1.09104
-0.668502
1.78381
-1.05295
1.47843
-0.732832
2.10235
1.18287
-3.26397
0.140603
-9.9265
2.75349
0.102309
1.04397
-0.675393
-0.649852
-0.380158
-0.643787
-3.07435
1.62238
-0.073891
-0.165534
-6.53198
-1.05668
0.58655
-0.697557
0.0179986
0.0863071
0.0821975
0.370665
-0.692011
1.60832
2.12703
-3.67715
0.684888
-0.70599
1.53132
-6.88826
0.202985
0.649126
-0.685367
0.219419
-1.02559
-0.0143314
-0.771712
-0.188248
1.40868
0.941592
-4.99344
0.0338088
0.577468
1.15378
0.0901475
-0.0177758
-0.715762
2.81856
0.722809
1.53241
-1.60315
0.582768
-0.922668
-0.658166
-0.0614617
-0.848684
-0.530586
2.21454
1.88945
-0.763844
0.710901
-0.710394
1.94982
0.191244
-1.01757
-0.994345
-1.14087
-9.38908
-0.019754
0.329232
1.35181
-1.30814
-0.0194963
-3.44894
0.922636
-0.801289
-1.47996
1.72837
0.425778
2.2668
-0.0392443
1.43829
1.70095
1.56366
-0.0676585
1.39002
0.015901
0.0148572
0.292845
0.174317
0.670961
-1.48574
-0.919925
-0.30738
-0.653225
0.62517
1.15863
0.342456
-1.12137
-0.18896
2.96522
-0.708612
1.4912
0.0120193
2.15851
-4.6557
1.24493
-0.586699
-0.660025
2.32832
-0.515828
-5.24423
0.603112
2.42018
1.44717
-0.168327
-0.311321
-1.52177
-2.46743
-2.46593
-1.72874
1.52107
-3.22232
-1.42792
-1.02602
0.816376
-0.020689
-4.74364
-0.426834
-6.2824
0.883589
0.174159
1.29985
-0.250193
-6.54711
2.1703
-1.01118
-0.950149
-4.99345
0.331386
-1.0136
-0.961499
-0.653738
0.0151111
0.0887733
1.08437
-0.908947
-0.395416
-7.86742
0.13115
0.193743
-0.177147
0.189345
-1.02382
1.18319
-1.47988
2.1881
1.76079
0.364789
1.65354
0.570591
1.10317
2.61326
1.69577
-0.635204
-0.348853
-0.5205
-0.337772
-0.412582
-0.757885
1.41877
-3.98715
1.95747
2.04886
1.24516
1.21903
-0.552732
0.545572
-1.2753
0.0380289
2.19942
1.52818
-0.141741
0.0560319
-1.03011
-0.406747
-1.70038
-9.13489
-1.1219
-0.418989
-0.0456937
-0.55802
0.0559072
2.27867
1.32489
1.57694
1.5211
1.60327
0.0872599
-0.010609
-0.0717877
-5.37133
0.442103
-0.127614
0.962988
0.901344
2.37566
-0.421063
-0.427625
0.146861
1.28099
-0.694375
0.0620607
-2.01424
2.71079
1.37341
-1.87011
1.19811
-0.327542
-0.621308
1.04858
1.52582
0.676369
0.3822
0.24094
-0.801333
-0.03932
0.1832
2.21784
-1.44617
1.91946
-0.83458
-0.54667
-0.877052
1.00424
1.5648
-0.550055
0.0934183
2.69305
0.483812
1.06036
1.16337
2.4713
0.173043
1.43342
-0.25678
1.45377
0.100279
0.0178409
1.96889
2.8545
0.40725
-0.310743
-2.64081
-0.369149
-3.78663
1.48786
0.669091
-2.08586
1.16205
1.66269
1.13521
1.25687
0.113083
1.41443
1.98335
-0.334723
2.5365
1.62536
0.4135
-0.0299214
-1.1505
0.160107
1.34122
0.262197
1.39161
1.6231
1.22985
-0.477228
-0.490925
1.67785
1.02761
1.88043
0.0383906
1.17999
1.47465
0.888436
1.72932
1.74182
0.0739493
0.147836
1.2592
1.70786
-0.43665
-0.202117
-0.762303
1.65726
0.399663
1.47342
2.4605
-0.719249
2.37238
2.65572
-0.747404
-0.237487
-0.187008
2.90949
-3.73093
1.60517
2.49544
0.604069
-1.02047
0.721634
0.985735
2.64806
0.852335
1.02499
2.76465
1.92775
0.175864
2.73524
2.15309
0.20412
-0.721426
-2.65397
0.0310023
0.159198
1.57354
2.12376
-3.50453
0.0353833
0.888952
0.316577
1.95905
-0.886265
2.37556
-0.545189
-0.606518
0.998279
-1.97324
1.66058
-0.119231
1.03173
-0.68347
2.12815
1.34108
1.35488
1.41362
-0.621685
-0.0364525
-0.0295857
0.537508
0.759476
2.27301
1.50018
0.0309453
0.785625
0.210606
-0.693344
2.10465
0.168932
1.71226
-0.155633
-0.573693
-0.651471
0.379195
0.607738
2.42419
0.0864228
0.909013
-0.668486
-0.22408
2.02769
2.08129
-0.708691
1.97751
0.489472
-0.676436
0.238273
0.604402
2.85525
0.0443344
-3.01081
1.78361
-1.52364
1.55597
-1.04647
-0.758994
0.146155
-1.11091
-0.950789
-0.0787188
1.43566
0.0391805
-0.948207
0.0191581
-0.323133
-1.61256
0.692552
2.3026
1.03912
0.915646
-0.723564
-0.681864
0.240353
0.965739
-0.136804
0.0274921
0.0824783
0.0013068
-1.7065
1.03939
0.444692
0.621519
0.985283
0.68159
-1.35703
-6.25415
0.253717
-0.455496
2.69686
0.829918
0.495998
-0.70492
-0.24973
-0.335537
0.057316
-0.635883
-0.637588
-0.0794604
-0.313137
1.41526
-0.0542524
0.0928201
1.55956
-0.97056
-0.683759
2.24511
-1.00833
-1.40905
0.293376
1.29473
-0.55356
0.371654
-0.318091
0.0956737
-0.839592
-0.105257
1.6097
-0.725557
0.660025
0.110849
-0.685483
-0.582016
-0.0201063
1.06381
0.311277
-0.717629
2.24737
-1.02894
1.41771
-0.693026
-1.70869
-2.34203
-0.0920635
-1.19635
1.27205
1.27648
1.36704
-0.104181
-0.836844
1.96654
-0.6053
-2.24988
0.0215185
-0.749748
0.100646
0.220034
2.01023
-1.10077
-6.83986
-0.284462
0.894875
0.816722
-0.627009
0.822531
0.148216
-0.221569
0.480499
0.767305
0.42341
-0.537322
-0.682718
2.11994
0.0165114
-0.044629
0.647621
0.0256364
0.919083
-0.729117
-0.0914532
-0.138182
0.981041
-0.041424
0.143921
0.55134
0.0290704
0.144816
-0.321209
1.38968
0.0756587
-0.171959
1.19889
1.18621
0.0895154
0.663239
0.738758
1.36489
1.65056
1.44166
0.0193526
2.36749
1.0953
-1.16691
0.781741
-0.769865
0.134569
0.0787651
0.571548
-0.69677
2.37039
0.253605
0.48522
-1.48926
0.469144
-0.760608
0.251059
-3.12443
1.06426
-0.961001
1.18243
0.744487
1.26132
-0.820218
1.70821
-0.835295
1.20046
1.3912
0.511313
-0.486277
-0.549093
-0.766438
1.543
-0.643049
-9.00604
1.53416
0.713661
0.124927
1.56271
1.22473
-0.282126
2.14693
-1.93151
-0.276807
-0.530295
-0.68678
0.131246
-0.0908368
-0.20364
2.3897
-0.0661416
0.392078
-0.0460658
-0.524548
1.44739
1.72778
0.0232
0.0876107
1.18857
-8.64727
1.11394
1.30312
-0.0119599
-0.0735306
0.70338
0.0655963
2.42546
-1.27016
1.02617
0.0786283
-1.2308
2.4506
1.41308
-0.00202183
1.88733
-0.297448
1.71219
1.66317
0.157956
1.17647
1.12965
1.16819
1.23517
-0.836815
1.36205
-0.54463
0.350777
0.00522986
-9.50643
1.53317
-1.00297
-1.23714
0.0189893
0.0135609
0.807762
-2.46554
1.21082
0.18296
0.698654
1.22432
0.893724
-0.261261
0.208128
-0.427925
1.22874
0.465514
-0.882113
-0.465769
-0.900325
1.2915
-0.852712
-0.810767
1.13491
-0.829982
1.65373
0.745543
-0.917288
-1.16429
1.52573
1.76262
-0.108987
1.22851
-2.2266
-0.244773
-2.85026
0.416988
-0.252978
-1.09556
2.61543
0.282285
-3.64373
0.0680276
-0.277396
1.25556
0.581033
-0.402489
-1.06352
-0.698047
-0.336489
-1.96402
0.7864
2.10795
-0.107563
-0.636871
0.00821468
-1.00443
1.90033
2.65271
-1.01548
0.787285
1.31908
-1.03664
0.395342
2.34211
-4.19812
-0.453409
1.08634
1.28744
1.1316
-0.211969
0.648747
0.0150659
0.586576
-1.85409
0.0914628
1.2451
0.00598668
0.359275
0.727157
1.17527
0.771442
0.126481
0.557362
1.30963
1.03598
1.08934
2.43982
-0.737542
2.26957
0.182246
2.20361
2.82675
-1.03008
0.336625
0.402593
1.17996
-7.10399
0.613145
0.68927
0.0922605
1.37799
1.94639
1.43832
1.48827
0.439938
0.695138
-0.777554
2.72675
-0.87436
-0.164382
-0.703079
-0.412544
-0.903899
1.31719
1.48451
0.824523
1.56472
-2.07892
0.120173
1.64111
1.15127
0.0652119
-0.126488
0.0827579
-1.96102
0.366509
1.34341
2.58744
1.2054
1.77967
1.70421
1.39954
2.45534
0.83888
1.27361
0.1273
-0.584998
0.344756
0.921106
0.838772
2.7674
-0.102065
0.668878
0.00846269
0.114287
2.61568
0.696114
-0.110383
-0.519245
0.951904
-0.410142
0.0207769
1.86134
1.32575
1.0809
1.39568
0.205402
1.99809
-8.68195
1.06038
0.281484
0.28169
-0.341453
2.10119
0.193215
0.0924709
1.32696
1.16532
-0.298817
1.12387
2.17233
-0.0405072
-0.747318
-0.875018
-7.49403
-0.124032
-0.816947
-0.198978
1.18623
0.3583
0.0867293
1.33844
-2.33815
-0.0768755
-0.517162
-1.92288
-0.424897
0.328653
-0.917067
-1.02701
1.21958
1.18503
1.80027
-0.783213
0.575357
-0.127061
1.14522
2.12322
-0.64885
0.0461587
0.10782
2.18449
0.920778
-0.509388
-0.295354
-10.376
0.0919882
0.168307
2.34488
0.101761
0.00765736
0.602506
0.257179
0.0277174
0.660143
0.329012
0.51805
-0.652671
-0.793037
-0.0802389
-0.956099
0.075378
0.336548
-2.01492
1.38687
0.835711
2.53481
0.500318
2.29156
-0.599911
1.50573
-0.72757
0.0439574
-0.29345
2.03756
-0.145143
0.0231121
0.340044
-1.80426
-0.353156
0.0304471
0.0738666
-0.0342271
0.0250982
0.0245
0.227641
0.805318
1.59915
-6.36725
0.194993
0.225254
0.08698
-0.0972081
1.40785
-0.0755259
0.727283
0.0557768
0.0617419
1.87961
-0.507481
0.450921
0.00554213
0.0719517
-0.0561597
1.85315
-0.582049
0.236072
0.0414072
-4.55366
-0.150521
0.117968
2.22191
1.52663
0.00252072
-5.78713
-0.516538
1.24693
0.1517
-0.00749389
0.0121838
0.542561
0.13691
0.101153
-0.194345
0.0150222
0.591642
-0.443325
1.30908
-0.244758
-0.289737
0.170161
0.497631
0.288756
0.196876
1.28168
0.234663
-0.0517975
-0.0881981
-0.00326158
-0.533616
0.0168668
1.38827
-1.89516
-1.07911
0.202934
0.094323
-1.95724
-1.67022
0.144467
0.0754198
1.9766
0.938887
-9.91268
0.223254
-0.752092
-0.666696
-0.219832
0.0466761
1.3746
0.437862
1.12662
1.17475
-3.48371
-2.81322
-0.256313
-6.44774
-1.02965
1.48218
0.125986
0.385749
-1.00414
1.57588
0.0819305
1.35451
0.173228
0.181839
1.75705
0.0482343
-0.0459185
-0.8413
1.92416
-0.215542
1.13046
1.27716
-0.403302
0.0967333
1.19924
-7.62555
1.87909
-0.0563956
1.82586
-0.45787
-0.109878
0.165878
1.37269
1.7707
-0.903114
1.20012
0.524416
0.0124976
2.04463
0.449967
-0.712361
1.21407
0.102303
0.175236
-0.267844
-0.673839
0.127667
-0.841556
0.0048794
1.22066
0.832124
0.0336381
0.0908325
0.531985
0.145066
1.28023
-0.302384
0.0423332
-0.377567
-0.214445
0.112302
-1.60736
0.999
-0.360344
0.100821
-3.9012
1.38437
0.0469869
-0.788378
0.0653803
0.443255
2.19502
-0.387809
0.00476802
0.78004
0.312779
-0.0936871
-0.26068
-1.44898
0.188421
0.0912182
0.127418
1.34524
0.0142297
0.137856
-0.988772
0.0982489
0.0551911
0.0119468
1.34826
0.00865593
0.0344616
0.0148393
-0.743454
0.165752
0.110377
0.618486
-0.684302
0.307311
0.191766
0.148285
0.120591
0.0275925
0.0237936
-0.635943
-0.0909555
-0.137748
0.336713
0.5904
0.128484
0.579882
0.603331
0.0916021
0.0341683
0.798721
0.173682
0.0414924
-0.0562575
0.174723
0.312043
-0.839412
-0.686505
0.0371361
0.293821
0.230998
0.829764
0.811139
0.122047
-0.72672
1.33399
0.106658
-0.695311
0.110362
-0.952269
1.77699
1.22175
0.150526
0.0501267
0.0560567
0.129624
0.0533241
0.159236
-0.714738
0.183459
1.24145
0.377682
0.10295
1.27387
0.119831
2.0757
0.170724
0.204969
0.228198
0.112369
1.8938
0.102072
0.0671923
-0.33948
0.0669871
0.79205
0.494917
0.0849689
1.2517
0.115863
0.922129
1.74344
0.461793
0.67554
0.0877637
0.733586
0.096328
-0.0228327
-1.00016
-0.557115
0.0955874
1.66817
0.457572
1.14445
0.617566
-0.00355139
0.0782674
0.131329
-0.289868
0.762139
-0.524104
0.0597122
0.00404278
0.0718763
0.120585
-0.00613364
-0.738426
2.23984
-0.583355
-1.01259
2.08923
0.209786
0.0675503
0.083963
0.0734588
1.09993
0.0860385
0.0805604
-9.04097
-0.334004
-0.0256854
1.2881
0.125934
0.0836934
-0.849104
0.0361597
0.166486
-8.95976e-05
0.105676
0.0930463
1.35541
-0.704628
-0.898208
0.670109
0.0744058
-9.55043
0.146259
-0.614246
0.0788916
1.37046
-7.62986
1.64513
0.0407641
0.105591
-1.02299
0.049115
0.0551122
0.115442
-0.693812
-0.871263
2.10912
-0.692874
-2.14923
0.0133876
-0.996446
0.0538134
0.135294
-1.16007
0.0232716
0.0934348
0.00998745
0.0953389
0.0712954
1.6242
0.400013
-0.0229364
0.15388
0.0649059
-0.746719
0.114979
-1.44497
0.112517
0.00295136
1.52959
0.136259
1.37345
-0.00100015
0.0993845
0.115325
0.0165483
0.0313352
-7.08941
-0.650256
0.118562
0.719636
1.07081
0.49585
0.0484494
0.0753912
0.0994187
1.47191
0.109125
0.308743
0.752904
-0.0323895
0.0953396
-0.425479
0.102307
-0.019567
0.129536
1.36291
0.00162458
0.899596
0.0439001
1.34976
0.0775159
0.659603
0.0135909
0.0487326
-1.06314
0.0830958
0.068781
0.0596022
0.141701
0.949945
0.0849149
0.103386
0.146432
0.0795698
0.353945
0.0817851
0.0744331
-0.795749
-1.03246
0.0520274
1.67792
1.14462
0.0574244
0.099734
-0.388902
0.0485297
0.366494
-1.03146
0.00478714
1.88024
0.17051
0.0352302
0.0386122
-2.9106
1.35122
0.126473
0.0721495
0.0330278
-1.40668
0.184976
0.0618166
-0.844879
0.602334
0.956407
0.0897937
0.0174447
0.135279
1.31996
-0.0121093
0.0341038
-0.000400237
0.0180429
-1.50161
0.121693
0.0890645
-0.0235964
0.0441282
0.0447066
0.124637
0.0233235
0.0602821
0.00224787
0.128622
0.0520614
0.119534
2.55618
0.0921666
0.230427
0.0133329
0.157173
0.398056
0.0882309
0.158823
0.335298
0.0685263
0.10133
0.0780523
0.0242507
1.34967
0.0167354
0.103911
0.202148
0.0404778
0.0418234
0.223543
0.0355097
1.48257
0.0804791
-0.449421
0.835942
0.0764312
0.053729
0.101095
0.179359
-1.0562
-1.11974
0.325247
0.0637944
0.150799
0.0473477
-0.443101
1.43158
1.47503
0.0404599
0.128629
0.128845
0.118037
1.31822
0.0104762
0.0950609
1.36212
0.0481856
1.33714
0.0727311
0.0529945
0.149054
0.0491621
0.00221687
1.5638
0.0966666
0.00827209
0.090442
-0.0167397
1.22741
1.92201
0.020534
0.0322411
0.0641465
0.0428223
0.00195891
1.28556
-0.939506
0.00234194
0.0519254
0.135019
0.112237
0.0679991
0.0846419
-1.3374
0.00727138
0.0459052
-0.572757
1.30055
-3.70159
0.0522768
0.0835736
0.773808
0.904554
0.0444439
0.00749197
-2.74554
-0.764384
0.0222824
0.0575337
0.0150486
0.0504465
0.00772235
-2.79682
0.0238367
0.245907
0.050656
1.39876
0.0341552
0.138443
0.063519
-0.620332
0.029438
1.23937
0.220402
1.52157
0.13839
-0.858188
0.0476587
0.0991594
0.0670708
0.0839379
0.1353
0.0371174
0.0540494
0.1294
0.00592768
0.0256617
0.0948976
0.0438697
0.0169735
0.0502697
1.32276
0.0969515
-0.109961
1.55367
0.0358613
0.100327
-0.302643
0.443047
0.0492378
-0.330169
0.043894
0.0497776
-1.39959
0.101917
0.051251
-0.383312
0.0561864
0.127402
-1.27784
0.0145857
-0.898219
0.0841169
0.0562385
-0.412207
-1.16748
0.0391143
0.0404324
0.0600689
0.319641
0.101472
0.123203
0.32857
0.0256517
0.0330626
0.0280879
-0.183585
0.041919
0.0132791
0.0459929
0.0827171
0.0914343
0.0539778
-0.0168376
-0.678823
2.1846
0.0601938
0.0279679
0.0570604
-0.613961
1.53007
0.100362
0.303706
0.00221217
1.46782
0.0343867
0.496319
0.15974
0.0128837
0.0393687
0.142331
-7.03734
0.113719
0.356207
1.07917
0.0459884
0.056663
0.100156
1.48766
0.0707135
0.0648755
-0.0579941
0.105467
1.10083
0.135384
0.0472487
0.0371447
0.0575067
0.037693
0.0501181
0.644233
-0.391491
1.85634
0.00968223
-0.724631
0.0292739
2.46916
0.769128
0.0492529
0.0420343
0.087052
0.0813513
1.16618
-0.00267395
0.0756162
0.116221
-0.894126
0.0495699
0.145236
0.0506888
2.85634
0.823368
1.26296
0.0686431
1.31699
0.00155457
-0.525806
-0.864534
1.75549
-0.816128
-0.837952
0.0358049
0.871193
0.0547417
0.0580764
-0.0185643
0.0513234
-1.00473
-0.372139
-1.71208
0.0415825
1.19861
0.0950902
-0.0421698
0.0460336
0.0512362
0.0664154
1.34342
0.0471553
-0.502844
0.0411547
-6.79862
0.000610382
0.076048
0.0878102
2.24125
-0.796968
0.0466335
0.0959294
0.0482759
0.0534768
0.871175
1.28362
0.0346408
0.0702917
-1.25237
0.0689063
0.44488
2.5345
0.625473
0.30533
0.103521
0.0916609
0.0429042
0.430403
0.0815685
0.0860601
0.0395122
0.533199
1.2452
1.14802
-0.932351
0.80202
0.08258
0.180545
-0.849384
0.130295
0.0768317
1.42333
0.0766487
-1.15105
0.0346642
2.14236
-0.121962
-0.0415752
0.0948083
-0.216563
0.0819306
-9.42621
2.32561
0.124931
-0.106861
-1.0905
0.0978993
0.171532
0.191686
-0.0685647
0.0945698
-0.378984
-0.991901
1.28001
0.046277
0.231847
0.0843843
0.55832
0.129806
-1.02191
0.0468328
-0.930284
2.64746
0.052019
-1.05879
2.35015
0.0146877
0.151789
0.104513
0.023375
1.4131
-0.686736
1.29888
1.36542
0.122533
0.0937968
1.32052
0.679252
0.127653
-0.551454
-0.705273
-1.21759
1.38338
0.05901
-0.182498
-2.16115
0.0950049
-0.0495677
0.0714581
0.104735
1.28882
0.0986493
0.0773534
-2.44825
0.0440608
0.0421552
0.0473509
-1.73877
-0.485136
0.227991
0.0700164
0.119688
-0.038036
0.0814474
2.53579
0.131942
-0.85451
0.467566
0.0411083
1.34975
0.044386
1.36115
0.074589
1.17866
-1.52205
0.128136
1.97211
-0.657608
-0.996171
1.52317
-0.0551296
0.106608
0.0428049
1.30337
1.41152
0.0720343
1.46831
2.32501
0.66234
1.51309
-1.04895
0.0692998
2.0613
-7.31927
0.286142
0.126446
1.26589
-1.90894
1.52706
1.44688
1.60508
-0.451468
0.0806938
-0.64228
0.0447269
0.138079
-0.504629
-0.706071
0.0625527
0.0469589
-0.372355
0.105074
0.033936
-0.16972
1.67256
1.81933
1.74104
0.164828
0.782865
0.0827204
0.393504
0.161404
0.124068
2.45608
0.192511
0.134194
0.242189
-1.5782
1.90954
0.0964189
-0.0365219
-1.7163
0.197291
-0.812784
-0.198872
-0.788109
0.911349
0.0359548
1.00234
1.37534
-0.556751
-0.240467
0.263396
1.35811
-0.815159
0.0215544
0.0825996
0.00326572
1.01896
-0.0915489
0.0633574
2.83035
1.90981
0.0570795
0.121354
-2.406
2.21589
1.11614
-0.0230006
2.55202
0.0403752
1.21625
0.487284
2.2981
0.363101
-0.65456
0.687555
-2.19789
-0.0021686
0.101794
0.234488
-0.723459
2.35422
0.231431
0.132999
0.191522
-0.223272
0.762271
2.64374
0.144721
0.0821413
0.114973
0.930292
0.0356468
0.160119
0.134956
1.1752
0.126536
0.0905159
-0.293865
0.252496
0.366342
1.14281
0.127888
2.28977
-0.0268079
0.0602974
1.26004
0.044402
0.00913833
0.24744
-0.541649
0.601904
0.0339666
0.556223
-0.461639
0.0668625
1.01992
-0.329156
0.0274248
0.247506
0.182644
0.0715391
1.0159
0.0511876
0.161387
-0.00846091
-0.169296
0.101096
0.00240696
-1.43201
-0.0394331
0.416321
0.354156
0.0989738
0.341875
0.101741
-0.81758
0.0616614
1.40146
-0.00394546
0.0858534
0.230616
0.0434248
1.99909
0.0430072
0.1963
0.230952
2.84513
2.54375
0.138761
-0.44107
-6.77587
-0.000542011
1.05632
1.33122
1.22928
0.0997143
0.0236797
0.209795
2.15314
0.263482
0.212374
0.408697
-0.247841
0.314581
0.0972375
1.07176
2.11409
0.105752
-1.21334
0.0760868
1.04556
1.79811
-0.227589
0.367353
-0.602704
2.58612
0.0003647
0.110223
0.938426
0.205
0.029618
0.0349842
1.27337
0.00721617
0.00214588
-0.329339
-5.19375
0.110533
-0.00101393
2.07424
0.589493
1.57393
0.153743
-1.74631
2.74321
0.0779897
0.211662
0.471631
-0.00519387
1.05499
1.12428
1.28956
0.00364589
-0.61931
-0.0425573
1.32004
-0.0395694
0.0347896
0.123348
1.34711
0.172526
0.0434594
0.104999
0.350834
-0.0349366
0.0357186
0.225966
0.111576
-0.00987471
0.0957049
0.867768
2.09785
-0.78358
1.51902
1.07575
-0.701475
0.0259866
-0.750616
1.31726
-1.00218
0.203164
0.222389
0.111288
0.0348448
0.206632
2.7969
0.0110143
1.37487
0.845391
0.0769941
0.0673762
-0.298478
0.0895633
0.156994
-1.0956
0.114396
0.793676
0.119318
0.00654606
1.54744
0.0245693
0.357561
0.296327
-0.714031
0.234107
0.498351
0.207797
0.978202
0.271681
-0.358746
1.9308
1.64149
-3.46713
1.04278
0.0203971
0.625499
1.25374
1.40287
-0.254392
-1.49267
-4.44535
0.105108
1.22458
-0.388891
1.82864
0.0390398
0.58482
-0.678041
-7.21462
1.2881
-0.0202007
1.2501
0.258516
0.275574
0.226957
-0.310203
-0.903981
0.963848
0.145152
1.33035
0.268441
1.75152
1.94829
0.126065
1.66271
0.309535
-0.008054
0.447408
1.90186
0.342068
-1.28283
1.37526
0.124125
0.211423
1.85311
1.20093
1.79743
0.0519566
0.0447736
0.240942
-1.01217
0.136633
0.203595
1.01895
-0.710979
1.47822
0.00871711
-0.0480615
1.06393
1.41297
0.36493
1.22137
0.0954205
-0.864648
-0.0253043
0.0477928
-10.567
0.693955
0.761998
-0.721392
-0.0161144
0.337838
0.130208
0.735241
1.88286
2.0236
0.477311
0.453468
0.0692886
0.358983
1.12713
0.0163509
1.58554
-1.20089
0.0917275
-0.0657593
-0.0181137
0.745695
1.3468
1.60251
0.919041
0.105202
0.0716732
1.31394
1.29381
1.39461
-0.658253
1.67069
0.690899
1.30432
0.829581
0.260422
0.244358
1.33695
1.2547
-0.605512
1.35825
0.0303258
0.147513
0.987031
0.00850774
-0.490645
2.23883
1.72461
0.271862
1.24409
0.368073
0.847384
0.295969
0.233957
0.0648855
0.071724
0.0046959
-0.784895
-0.00308098
-0.0748883
0.0254521
1.32023
1.93361
0.301057
1.33179
0.285206
3.10871
-1.37641
1.50922
0.272725
-8.42961
-0.413562
3.06825
0.339675
0.0497029
3.00393
0.170834
-1.14558
1.27619
2.95001
0.167427
2.88368
0.725084
0.261659
-0.733635
2.76746
0.0799707
0.0512531
-2.6537
0.177069
0.178194
1.50456
2.59563
0.0161672
0.399678
1.57399
-0.0341033
1.37883
1.08961
0.0987457
-0.844494
-10.0717
2.53818
0.412973
-0.799361
0.293291
0.256912
2.49183
0.90084
0.1731
-0.785193
2.44006
-0.5892
-0.762196
2.39267
1.53746
-0.736488
-1.1578
-0.723189
0.616383
1.58328
-0.739575
2.33548
1.32529
0.244576
-0.711226
1.82337
0.178154
0.352073
-0.139857
-0.773126
1.12432
1.34199
-0.945356
1.33246
0.225939
-0.494498
-1.24007
2.19922
0.666166
1.15248
-0.137614
-0.697087
-0.698668
-0.701964
-0.710871
-0.726509
-0.724256
0.00536207
-0.728366
-0.788896
1.78405
2.15948
0.701532
0.783549
0.365999
1.01992
-0.808301
2.13517
-0.000974624
-0.819299
1.69058
-1.27094
-0.828874
0.0722255
2.03889
1.29134
0.762524
0.40359
1.35413
-0.905768
-0.848908
2.01351
-0.824639
0.254184
-0.149626
-0.982707
1.25636
1.97571
0.120955
1.68997
0.190636
1.03399
-0.902273
-0.0486539
-0.0232876
1.93908
-0.103263
-7.28625
1.90147
-0.77946
-0.608309
-0.0790687
-0.95794
1.87167
1.32595
0.476207
1.30951
0.233559
0.0935564
0.0736514
-0.982135
-0.77242
1.82179
0.472013
0.104536
1.39178
0.552048
-0.612805
-0.0458304
-0.992161
1.80341
-0.702426
1.27809
0.094884
0.000343945
-1.01955
1.76346
0.594832
-0.792731
1.71865
-1.03241
0.0728628
-0.0443514
-7.23256
-0.265956
1.6931
-1.00608
1.62067
-1.03758
-0.811661
0.738586
0.0155679
0.735928
0.047924
1.57939
-0.973571
0.48776
2.1938
1.44553
-1.04963
-0.389925
1.54798
-0.774561
-0.3382
1.08551
-1.03529
1.33909
1.50945
0.00746098
0.269926
-1.92889
1.32866
0.811421
0.249801
-0.502718
-1.06276
-7.39096
1.45547
0.287481
-0.923064
0.119757
-0.979113
-1.28192
-0.519827
0.709041
1.4203
1.87145
1.30446
2.05198
1.33261
-1.22537
0.630482
0.00268923
-0.681582
0.775177
0.054014
0.221047
0.726065
1.04577
0.0777419
-1.40206
-0.707517
1.35228
-0.438916
-0.29593
1.6136
1.12082
-0.0827259
2.39146
-0.590216
0.392685
0.390294
-1.69623
0.162845
-0.941487
1.2911
1.53394
1.43362
0.841645
-2.14038
1.2307
1.1617
1.12505
1.0438
0.988511
0.907492
-5.85569
1.17927
0.845524
1.42071
0.72371
-0.873496
2.01698
-2.79789
-0.394812
-0.80634
1.03192
-6.16899
1.83322
-3.68835
0.266594
-4.71076
-0.743884
-5.80579
1.32533
-0.562293
-1.87094
-6.93512
-1.29787
-0.297849
1.31357
-0.926968
-8.35379
1.37163
1.4109
-0.135235
-0.580207
1.43624
0.350703
-0.713037
0.218659
0.505006
1.26302
-1.41029
0.254238
-0.392514
1.48892
-0.867265
-0.933006
-0.691895
0.633119
1.34974
0.227362
-1.08397
0.654888
1.52148
0.966078
-1.44252
1.38148
0.570245
1.0368
0.0180652
1.33732
-0.0664866
0.00659582
0.0264628
0.611053
-2.59494
2.02691
-0.329426
-0.363816
-0.189442
-8.14951
1.7542
1.38302
1.15271
1.34149
0.382497
0.159515
-0.163109
-0.989049
0.26313
-0.649387
0.268483
0.898953
-4.42545
0.0392289
2.57265
-0.0162989
0.705802
0.773408
-0.688758
0.160278
0.851514
0.277893
0.689591
1.09552
1.34342
1.35391
1.30183
0.246693
1.5551
-7.99384
0.149655
-0.0883784
-1.16678
-0.0362895
-0.431676
1.5295
-0.689731
1.22655
-1.16241
-0.821405
0.39762
-1.22943
-0.237754
-1.49814
0.382176
1.44753
-0.680323
-0.0929074
0.127425
0.356896
0.160519
-0.307624
0.004064
1.29376
0.236649
-0.300281
0.968699
0.236807
0.973018
-0.923551
0.287898
0.189922
0.00110456
0.215086
-0.712031
0.23157
0.0885742
0.0824763
0.718822
2.05263
0.7356
-1.84859
1.31347
-0.0611287
0.969694
-0.0228545
0.0739095
1.07793
-0.972203
0.001134
-0.872214
-0.66808
-0.951205
1.33466
-0.0302801
1.61356
-0.000256883
-0.00663909
2.13626
2.01493
-0.413851
0.478521
-0.146046
-0.176198
1.45629
-0.619063
0.0832615
-1.52216
0.0576492
-3.09067
-0.0601069
0.636776
0.226659
0.0809414
-0.505429
1.35294
-0.725172
-2.2772
0.693118
0.321659
1.99209
0.272695
0.530309
2.08333
2.12134
0.0361968
1.83158
1.00652
1.3798
0.288647
1.84172
1.43841
0.350811
-1.43501
0.239695
0.962953
0.989336
-0.00540662
0.0581971
-0.19071
2.67332
1.00652
0.336383
1.31406
0.721721
0.022267
1.19339
0.286034
1.79173
-0.00245059
-0.840483
0.284967
2.33918
-0.246048
1.46435
3.13516
1.24191
1.27193
0.263146
0.540127
-0.00677416
1.52054
2.49261
-3.74254
0.0800362
2.38453
0.0674898
0.142835
2.64907
0.147312
-0.74425
0.429848
0.167787
-7.56887
0.350557
0.0196977
-0.315817
0.184356
0.250383
-0.613768
0.14926
2.63356
1.50914
0.484393
0.940818
1.15284
-0.441822
1.20642
-1.65888
2.90009
-0.0745394
-2.99633
-1.72895
1.97095
1.23488
1.17947
0.269947
-0.490382
-1.47291
-0.126209
0.0646399
0.0737815
1.06359
-0.0618446
0.119715
-0.354628
1.31729
0.23571
1.17633
0.0462202
0.0834446
0.42248
2.38238
1.15155
-1.39647
0.980673
-2.52152
1.54942
-0.928965
1.25627
2.29543
-0.455651
0.204034
-0.331502
0.216645
1.31663
-1.48194
0.56107
-0.506639
1.0713
-1.18518
0.183878
1.89932
0.19608
-0.572595
-0.476692
1.40366
1.59354
-0.722508
2.77048
1.17019
0.525261
1.05385
0.188584
1.43189
-0.392464
-1.41185
-0.396435
-0.602032
1.38286
0.0358538
0.521175
-0.355069
2.28845
0.786899
-0.0790299
0.114967
0.223275
-1.90494
0.860217
1.001
0.821849
-1.35699
0.0461961
0.030344
0.712845
-0.00339725
0.776662
0.244814
0.33329
-1.62801
0.703546
0.435703
1.28223
-0.589794
0.0898654
0.318922
1.32284
1.65828
0.338923
-0.461486
-0.858253
-0.639505
0.682871
2.78498
1.47828
-1.49439
0.87383
-0.693409
1.3487
-0.478551
0.815944
2.02757
-0.454053
-0.796275
-0.975257
1.35094
0.0784373
0.240007
-0.317131
-1.17365
-0.598769
-0.494108
-1.47689
1.39115
0.845871
0.173
1.34823
-0.736867
1.37239
-0.319944
1.32597
0.289845
0.105305
1.23519
-10.0757
1.26283
-0.84811
-0.714127
2.1739
-0.69981
0.4233
-1.9694
-0.0650321
0.838703
1.89891
-0.596378
2.79026
2.41436
-1.58264
1.97993
-0.22863
1.32503
2.607
-2.45934
0.0549749
0.733519
1.23753
0.391311
-0.942382
-1.34897
-1.77459
-0.774644
0.0219216
0.0603159
1.2604
-1.05742
0.161607
1.20778
1.71688
-4.97608
1.79235
-0.285439
-4.61274
0.248986
0.818201
1.31747
0.50148
1.6676
0.887539
3.09093
1.17714
-8.39775
3.03764
1.92878
2.00863
1.55982
2.9827
2.06176
0.0914512
0.971461
2.91891
0.691853
0.26894
-0.195566
1.17399
-7.05432
0.754265
0.981933
-0.185023
1.98106
1.36348
-2.10909
-0.422216
0.133044
1.92012
1.86231
0.0587423
-0.499546
-0.831595
-8.54905
1.65158
-0.0700554
0.230693
-0.858527
2.78759
2.05906
0.0454582
0.692598
-0.928423
-0.786467
1.72375
0.0241976
2.56621
1.24921
-0.940673
0.141307
-0.8082
0.935917
-0.713428
-0.924525
-3.01384
2.51299
-0.821606
-0.896198
-0.772647
0.107674
2.51576
0.0342642
-1.03055
-1.27121
0.364418
-1.23659
2.11653
0.501622
0.604594
-0.741194
0.0245932
0.49442
-0.789495
2.46532
-0.56444
-0.147366
1.35727
0.852841
-2.91873
-0.991974
1.23456
-0.771943
-0.924833
2.16516
2.41722
1.86637
-0.3047
2.36413
1.97949
1.35431
0.724209
-0.749251
1.56053
0.902933
1.47595
1.45651
1.96622
1.56676
-0.798163
-1.49418
1.24134
-0.731351
1.08289
-1.20582
-0.823974
-1.3758
1.81094
-0.0912305
0.561951
-0.839098
1.67181
-0.926138
-0.731029
-0.135435
1.14762
-1.7482
-1.11726
0.0289
1.29605
0.430002
-0.899407
-0.237851
-0.602797
0.157314
0.0686826
0.0258987
0.233486
0.207532
-1.72637
1.21265
1.31858
-0.975307
-0.30681
-0.323295
-1.28885
0.571599
1.22344
-1.29235
1.04511
0.937722
0.413287
1.45919
0.976538
2.18104
1.4929
2.08737
-0.571719
-0.696753
0.767686
-0.699278
-0.704844
-0.716378
0.645968
-0.727512
-0.72964
0.149374
0.336352
-0.797919
0.169384
0.500238
-0.481872
2.14572
1.11188
2.84251
-0.813685
-0.574058
-7.76283
2.70406
0.113284
0.789223
-1.08412
0.568923
-0.825388
-1.01269
-0.87004
0.621017
-0.796661
-0.83674
0.959935
-0.711578
1.23308
0.00531865
0.569485
-1.58785
2.02913
0.145418
2.23208
0.416765
-0.843308
1.36513
-0.355502
0.673278
-0.32613
-1.97354
-2.96892
0.0480938
1.9949
1.32744
-0.781427
1.97834
1.99389
-2.11576
0.0861932
-0.847382
0.389915
1.14196
0.00391458
-0.356462
1.95749
0.346986
-0.0583929
0.230403
-0.95397
-2.78965
2.25452
-0.462077
0.955914
-3.57439
1.16243
0.248177
1.69189
1.9201
-0.523598
0.164156
1.27836
-0.814933
0.807744
1.52363
0.238272
1.88737
-1.69031
-0.870782
0.155522
1.78516
0.0318363
1.7893
-0.805416
1.4616
1.3562
1.0746
0.153276
-0.975051
1.84603
1.90412
1.36952
-1.0102
-0.234009
-0.484405
-0.491544
-0.296146
2.29929
-0.769831
0.538713
-0.989566
1.81721
-7.24246
-0.122012
0.130263
0.251467
1.34964
-0.304023
-0.585272
2.65934
1.38769
-1.00481
1.7843
0.866484
0.951807
0.165696
-0.967258
-0.366729
1.0381
0.18655
1.48303
1.74134
-1.02656
-0.154777
1.10233
0.277519
-4.7911
0.947994
0.306605
0.345007
0.895705
-0.28505
0.902008
1.70613
-1.026
0.827542
1.74054
1.04284
-0.625565
1.65727
-1.01568
1.21378
0.0821235
-0.718661
0.278228
1.97438
-0.00504736
1.24162
-0.971652
1.59977
-1.01301
-0.0173391
0.903651
2.05599
-0.994987
0.99691
0.450733
-7.31134
1.28438
-0.998248
1.56468
1.8329
1.25684
-0.269673
2.11347
0.0457453
1.26815
-0.00600523
-1.04256
-1.62963
1.52997
-3.32162
0.62257
0.746934
-1.04226
1.25698
1.48059
-0.0364577
1.31675
0.559351
-0.968562
2.22283
-1.37298
-4.56676
-0.887877
1.43623
-0.946005
-0.0902935
1.34927
0.983142
0.211357
0.690815
-1.20314
0.455316
-0.994253
-1.13251
0.641259
2.38463
-0.888819
1.36707
2.62316
0.875459
0.874203
-1.29148
1.3567
-1.13333
0.673771
-0.773745
0.401276
1.77607
-3.354
-1.51087
1.32201
1.20759
0.845614
0.689162
-0.172196
0.418267
0.446194
0.676734
1.27419
1.25638
-0.918208
0.514051
-1.8861
-0.154092
1.32037
-0.664684
1.26138
1.33175
0.0291409
0.103149
2.11858
0.25934
0.192989
1.22609
1.19672
1.00283
1.14465
-0.556762
1.08588
1.0173
-0.188712
1.78268
-2.42202
0.655752
0.947424
1.86759
0.873236
0.468412
0.105744
1.90482
1.87385
-0.97352
0.74383
0.455305
-3.21974
0.52913
1.1133
0.594449
-4.19595
2.73422
2.00107
-0.661335
0.661307
0.274391
0.0721405
-5.29178
0.73746
0.418387
1.66198
-0.764241
-6.41162
1.92022
-0.780956
-0.988069
0.100531
1.28003
0.575816
1.46451
-0.541797
0.190271
2.3468
2.48737
0.936045
0.210749
-0.665458
3.11977
0.208731
1.95173
1.25177
0.0499039
0.232926
-1.10923
0.0173777
1.77084
-0.709722
-0.754469
0.511498
-0.107153
-0.272607
-0.871764
2.03214
-1.58499
-0.863899
-0.577988
0.0368088
0.746415
0.0285003
-2.16022
0.575023
0.218055
0.138815
0.136961
2.38187
1.22836
1.50113
1.57884
0.785932
-0.784179
2.3459
-0.135565
-0.822237
0.104095
1.10629
-1.30121
0.395913
1.83266
-0.344083
-1.22068
0.255426
1.37677
0.581382
-0.965916
-1.07446
1.27309
1.38015
2.24935
1.17022
1.54622
1.76476
1.72375
-0.389957
1.63185
-0.839602
0.609123
-3.03061
-0.55902
-0.460041
0.388662
-0.545701
1.52287
0.677448
-0.0292244
-7.46991
-0.280154
0.733809
-0.954088
-1.75009
-0.907321
1.26588
2.11761
-0.696587
0.174436
-1.24331
-0.553603
-0.486925
-0.359864
0.542408
1.26614
0.0183992
-1.13659
-0.796792
-0.524264
1.41397
-0.0914573
-0.831423
-0.133427
-0.308635
0.595419
-0.638257
0.545384
0.712259
2.46228
-0.00548213
-0.159599
1.91541
-2.64654
-0.133559
-3.79788
0.482311
-0.770113
-8.53078
-0.696643
0.118631
0.243852
0.53549
-0.393998
-2.56275
-0.150582
-1.0729
0.061392
-0.610946
-0.105372
-0.949947
1.94734
0.0730603
1.4065
2.97165
2.00232
2.5717
-0.697338
1.86618
-3.6981
0.285588
-0.456136
-1.82678
-0.32548
-0.124979
0.173091
0.145492
0.689582
-0.564564
0.815018
-2.67847
-0.740436
-0.4309
-0.240771
1.52077
0.695288
-7.51846
0.921935
-1.13252
-0.913549
-8.14114
1.27439
-0.843512
-3.31677
-0.453734
-0.307914
1.34831
0.0741072
-5.88738
-0.612953
1.31718
-1.01659
0.0227124
0.323117
-1.0212
-1.25273
-1.60025
-1.11527
-1.24175
-0.858622
-0.778359
-0.960353
-0.808439
0.269984
-0.324579
1.36954
-0.60529
0.0275334
0.880007
-0.478336
-0.362406
0.567566
2.80262
0.0263988
0.292829
-0.056793
-0.392625
-3.37686
1.41676
-0.410643
-0.679989
1.28201
-0.621848
-1.02987
1.73953
-1.31675
-2.12659
1.94105
0.999915
0.173485
-0.272113
-1.4668
-0.714736
-0.868057
1.26379
1.68361
-1.43607
-0.933671
0.337751
-0.999193
0.0504433
1.12151
0.110568
1.89496
2.04298
-0.902059
0.715794
-0.892911
-1.20259
-1.07731
-0.409179
1.04312
0.402628
2.5945
-2.47289
-2.25157
2.77193
-1.95103
-9.81724
-0.688779
-0.89334
1.18363
1.14943
-1.18406
-1.14158
0.822068
2.17939
0.061091
2.22149
-0.535939
-8.22877
-0.264297
-5.45005
-0.694569
-0.483174
0.00670144
-0.286933
-0.650588
1.76133
0.429525
-0.428201
0.597534
2.85402
-8.83938
-1.0232
-1.0854
-0.247836
2.79275
-1.1714
0.552804
0.0779267
-0.614161
-1.28828
-4.18382
0.122427
0.239117
0.107002
-0.130748
0.0459637
-3.35785
2.31773
-0.54302
-3.97801
2.3607
0.857292
1.90805
-4.24986
1.24856
-0.470322
-0.514199
1.17247
0.868609
2.0392
0.515991
0.186283
0.464332
0.3035
-0.475212
-1.02024
0.226699
-0.321036
-8.32219
0.831922
0.16374
0.200397
0.43463
-0.795973
2.25323
1.30132
1.26088
-0.12323
-4.44612
1.10461
-3.16647
-0.490934
1.33351
0.21272
-3.65143
-0.0200924
2.08309
-0.605485
2.00035
0.0636392
1.85622
-1.0712
2.0542
0.708981
0.778487
-2.43921
-0.147675
1.33565
0.727915
-0.512547
0.175117
-7.87679
0.218871
-1.22425
2.24415
-0.451447
0.247803
-1.39166
0.426267
1.8562
-0.990106
-0.903865
0.573853
2.23877
-0.657121
-0.26934
0.206555
0.115208
-1.13343
-0.00682783
1.02885
-0.666109
0.590844
1.33092
2.36448
0.774593
1.81654
1.63624
-0.437333
0.176058
-0.17588
2.20242
2.72605
-0.782655
0.316903
-0.530669
-1.77039
-1.12636
-0.149447
2.36089
-1.27532
1.37317
-0.447177
0.507311
1.94823
1.35594
-0.666177
-0.645427
1.01292
2.07599
-2.37717
0.438454
0.302785
1.41885
0.685671
-9.39318
-0.688821
-0.545359
-8.04241
1.51053
-0.752028
-3.62877
-0.572765
-10.1239
1.3002
-0.556041
-0.571572
0.0688555
0.851208
2.28573
0.00875619
-0.369124
0.0474987
-0.775031
1.49992
2.81524
0.224755
-0.715705
-1.1
-0.335557
0.357974
0.0243871
-0.55478
2.72414
-0.0511742
2.16445
-0.81718
0.220951
0.476575
-0.815535
-1.04674
-0.463764
-4.18736
0.558291
0.0798457
-0.400001
-7.28587
0.675345
-0.0413198
-0.532859
-3.01116
0.440251
0.629023
2.08481
-0.313019
0.127001
0.483789
0.336718
0.1358
-0.841176
2.05401
-0.793116
1.27019
1.78876
1.42033
-0.725377
0.372446
1.38501
-0.0754555
-1.03065
-0.0610615
1.02132
2.01476
2.06472
1.70214
1.42001
-2.40673
-0.898779
0.595761
0.251954
-1.00924
2.53578
1.45089
0.812412
0.926101
0.686812
-7.61574
-0.811293
1.7726
0.272857
0.941663
0.0688774
1.92324
1.28437
-1.25385
2.13508
-1.33004
-1.11485
-0.825139
0.104089
-0.993305
-0.0495511
-0.78229
-0.711555
1.17539
-0.699202
0.243168
-0.733496
0.548168
-1.25115
0.269394
0.266727
2.19826
-0.504807
-0.0255446
-1.15509
0.460744
1.81988
0.721705
-0.869269
-1.05899
-2.04635
0.89803
-0.449871
0.15964
-1.58558
-3.34148
0.084909
1.33733
2.9668
2.81838
-1.49525
0.234468
-7.5373
2.20971
1.4301
1.48838
1.63114
-0.468561
2.39886
0.239173
-0.500093
0.0363835
-1.07309
1.82798
-1.09409
-1.51854
0.931206
1.10585
-1.46708
1.04245
1.89938
1.03505
1.88133
0.312351
1.4047
1.26649
0.599193
-1.21025
2.24323
-0.411166
0.402493
-2.14469
-0.532478
0.0934665
0.434676
-0.97144
1.59256
1.9256
0.552181
-1.07252
1.83897
0.566909
-4.41398
0.885546
0.585297
-1.05437
0.399198
1.78804
0.168495
-0.141298
0.550354
-1.32991
-0.772201
-0.309328
-1.09708
0.623705
1.28292
2.33793
2.6742
-0.356191
-0.337324
1.00133
-0.377909
-3.26902
1.9683
-1.27874
-6.25789
0.708225
-1.84763
-1.39783
-0.908059
0.93593
-0.802075
0.635507
1.97669
0.390078
-1.01656
-0.573637
2.18439
0.247003
-3.21799
-1.00809
1.01057
-0.773586
1.34808
-0.446273
1.97216
1.21955
0.970069
-0.780772
-0.470193
2.18235
0.779342
0.0445043
-3.2505
-0.761945
-1.28306
1.23541
1.10444
0.584114
-1.6108
-0.789874
1.12937
-0.466012
-3.49584
0.149254
1.07614
2.51241
0.0361445
0.123222
-0.259797
0.0759781
-0.117621
1.09176
0.612031
-0.82207
-1.0685
0.176251
1.83663
-0.820133
0.207104
1.29368
1.70108
2.00944
-0.849452
-0.474519
1.07439
0.835146
-0.295306
-1.51649
-0.807006
-0.779452
1.11738
-0.70309
0.893493
-0.69296
-0.277963
-0.957735
-0.107371
-0.716529
-0.555924
-1.52348
1.95495
1.89703
0.916274
-1.58728
2.18131
1.10718
-0.447972
0.00583353
-0.900587
0.0351772
-0.83811
-0.747387
-5.36028
0.990332
-1.05339
0.588111
0.0987663
-0.698991
2.25441
1.0071
1.95575
1.82959
-0.431878
-8.09635
-0.4895
2.57544
-0.0258349
0.6883
1.25302
-0.0547347
1.57616
0.701335
-0.00447846
0.937894
0.0534829
1.63573
1.90412
1.08098
1.37856
-2.46886
1.25513
0.293939
-0.825833
1.47891
2.12974
0.170169
-0.482563
-0.789289
2.29276
-0.371598
-7.4522
-0.835994
0.0633743
-0.0414112
2.60346
0.137064
0.218454
1.74054
-0.982208
0.0864598
-1.15335
1.42997
0.823323
0.587931
-0.491944
2.02089
0.106913
2.52723
2.48506
-0.546239
1.48135
-0.503473
0.448735
-1.49872
1.43075
-0.699487
1.93738
-1.54019
1.63758
0.256226
0.910197
1.84041
-0.529228
0.0952271
-0.523698
-0.69041
-0.19536
-0.847697
-0.48565
-3.13031
-0.450252
2.03013
-0.476251
2.25408
0.111724
-0.800474
-0.178019
-0.696912
-0.801142
-0.68041
-1.72308
-2.46594
-0.535227
1.93382
-1.92946
1.99966
-0.715502
-4.00084
-0.954219
-2.50436
0.528987
0.0383905
2.19561
0.279287
-0.4576
0.200706
-3.46103
1.16652
-0.554983
0.839609
0.158278
-7.8996
0.178731
-0.527474
0.297123
-0.244138
0.221694
1.86273
2.24676
-0.00835576
0.0357041
1.28182
1.26307
2.25482
2.67111
0.904186
0.0700073
1.32432
0.617887
-0.321159
-0.858131
2.20283
-1.44006
0.532958
-0.715191
0.36299
0.0265852
-0.908931
0.180669
0.444792
0.431698
2.68878
0.193146
1.32463
1.34507
-9.26537
0.497106
-1.61231
1.10497
-2.22165
-0.881041
0.16092
-0.934169
1.24242
0.32666
2.37259
-0.900606
1.99353
-0.881373
2.56262
1.38957
1.24073
-0.80505
-0.763974
0.0121105
-0.46521
-1.10944
1.71175
1.79026
1.07629
-0.652232
2.56757
0.55845
1.32944
-0.934147
-7.63574
-0.358114
-0.0428273
1.45097
-0.422869
-0.981837
-0.77024
0.174008
2.09893
0.741139
-7.76996
0.460113
-0.0027802
-0.739416
0.317647
0.197138
0.778971
-0.786335
0.0769801
-0.381438
0.0670451
-1.40549
-0.774645
-0.993341
-0.970367
0.00828758
1.41166
0.0729131
0.550519
-1.10669
1.74332
-0.96804
-0.467839
-0.0392667
-0.398156
-4.23837
2.13924
1.32302
0.161994
0.273061
1.87682
-0.514444
-0.84718
-0.478417
0.0752466
-0.421717
0.881976
0.861205
0.0351855
0.340909
2.00517
-1.02951
-0.823273
0.863718
0.412503
-0.705939
1.76758
-8.51044
2.05048
0.916177
1.69527
-0.430104
-0.701686
-3.38393
0.0779294
2.00684
-0.419784
1.33431
0.662282
-0.574206
0.30783
-0.402096
2.43712
0.96599
0.25183
0.654972
0.16108
-1.5926
1.85353
-1.5952
1.03804
1.57182
2.70094
1.50438
-1.00842
-1.02511
-0.70839
0.146642
1.88789
-0.223599
0.164994
-2.84882
-8.38584
1.88062
0.233293
-0.899221
0.169065
1.80296
2.53803
0.149733
0.27352
1.79164
1.658
0.911395
1.97437
-0.329168
-0.816517
1.30174
-0.812142
0.318108
0.0919904
-0.831503
1.92057
0.880376
-0.771912
-1.74016
1.7907
-1.01549
-0.847225
0.05892
0.477587
1.23829
2.01132
-2.51533
0.06817
-0.816097
2.67508
3.0144
1.33544
1.60721
-0.0542906
-1.19144
2.57748
0.40434
-0.657379
0.0666874
-0.0433264
-0.966473
-0.705809
-1.15819
0.969597
-0.275398
-1.08043
1.62274
1.43364
-0.774629
-0.866598
-0.224119
0.52625
0.897987
1.92358
-2.93705
0.229681
-0.22459
0.704053
-7.1455
-0.00359845
1.71812
1.52339
0.0876819
1.83458
1.63764
1.22013
0.735511
0.657775
-0.804893
1.43244
0.769316
-0.403478
0.246344
-0.666884
1.76415
-0.760687
0.786024
0.691189
1.28639
-0.672378
1.43524
3.08348
-4.86665
0.769996
0.344244
-1.37688
2.42823
0.042774
0.785497
-3.84089
0.149872
-1.07918
0.426322
0.223245
0.822444
0.661855
-3.3652
0.0763175
-1.02585
1.85319
0.584563
-8.9631
1.5755
1.3106
2.35364
3.00096
0.195861
1.22664
-0.49582
0.938861
0.205746
0.783644
2.25693
1.89746
-0.181401
0.124421
1.13754
-0.70723
-0.999743
-0.437633
-0.15975
-1.12999
3.06761
-0.696323
-0.120916
1.79248
0.657548
0.773515
-1.56776
-0.628354
-1.15288
1.76369
-0.0502093
0.169434
0.336756
-8.55621
-0.906023
-0.720383
1.56861
0.870187
1.47801
-0.82543
1.0786
-0.0566102
1.50318
-0.770248
1.19624
1.25738
1.93785
-1.57535
-7.64829
0.83379
0.147472
-1.44551
-0.304823
0.464046
-2.27436
2.31273
-0.83655
-0.988043
0.904728
-1.37705
-0.884981
-0.728655
-0.976366
1.32838
0.978757
-1.66894
0.532982
0.802534
1.26588
0.460346
0.134651
0.00740995
2.53534
-0.874803
0.582838
0.255698
-0.213813
0.459816
-0.7545
1.45261
1.5004
-0.291881
-1.00922
-0.455311
-0.907324
-1.11681
0.944204
-1.20798
-1.07004
0.486086
0.11699
-0.29246
-0.424322
1.99911
2.6695
-0.615543
1.74989
2.63847
0.699102
-1.17435
-0.691465
-0.310102
-0.47643
-1.96942
-3.65665
-0.46886
0.731593
-1.20245
0.701679
0.296244
1.60127
0.374811
1.63555
-0.928574
-0.00897915
0.416313
2.41599
0.855632
-7.16247
0.908456
-0.748831
-1.60862
1.91932
1.19342
-0.377045
1.33181
-0.00694476
-0.0268754
1.56112
-0.113508
-0.717087
-0.926634
1.16933
1.72627
2.63606
0.419535
1.27934
-1.73243
1.15285
-1.02734
-0.28352
0.912252
-0.29461
0.375499
1.69668
1.45318
0.33338
1.84286
-0.819943
1.26287
0.472071
1.19223
-0.104595
1.29601
1.21483
-1.76576
1.71845
-0.308989
-0.304708
0.309011
2.40039
-0.0328033
0.723289
0.440753
0.373643
2.29844
0.416845
2.55958
-0.776648
-0.203367
1.59634
0.435394
-0.110299
0.375191
0.316342
-0.223581
1.06179
0.655999
2.40646
1.204
0.711832
)
;

boundaryField
{
    SideWalls
    {
        type            empty;
    }
    Top
    {
        type            zeroGradient;
    }
    Inlet
    {
        type            zeroGradient;
    }
    Bottom
    {
        type            zeroGradient;
    }
    Outlet
    {
        type            fixedValue;
        value           uniform 0;
    }
    Plate
    {
        type            zeroGradient;
    }
}


// ************************************************************************* //
