/*--------------------------------*- C++ -*----------------------------------*\
| =========                 |                                                 |
| \\      /  F ield         | OpenFOAM: The Open Source CFD Toolbox           |
|  \\    /   O peration     | Version:  2306                                  |
|   \\  /    A nd           | Website:  www.openfoam.com                      |
|    \\/     M anipulation  |                                                 |
\*---------------------------------------------------------------------------*/
FoamFile
{
    version     2.0;
    format      ascii;
    arch        "LSB;label=32;scalar=64";
    class       surfaceScalarField;
    location    "1.7";
    object      phi;
}
// * * * * * * * * * * * * * * * * * * * * * * * * * * * * * * * * * * * * * //

dimensions      [0 3 -1 0 0 0 0];

oriented        oriented;

internalField   nonuniform List<scalar> 
7520
(
-0.978321
0.687213
0.291108
-1.40705
-0.135918
1.54297
-0.0390009
-1.64186
1.68086
0.257814
-0.0348801
-0.222934
-0.18491
1.40108
-1.21617
-0.102811
0.110607
-0.00779643
-0.239182
2.0671
-1.82792
-0.0511496
-1.53122
1.58237
-1.22761
1.18861
0.940416
0.230481
-1.1709
-0.227206
-0.119314
0.346521
-0.151882
-1.82583
1.97771
0.744229
-0.064691
-0.679538
-0.114295
0.157402
-0.0431068
-1.76764
0.988649
0.778991
0.168024
1.58995
-1.75797
-0.178502
-0.0429377
0.221439
-0.0312191
0.304336
-0.273117
0.0547514
0.0564522
-0.111204
0.0746065
-0.253108
-0.503539
-0.207612
0.711151
-1.06122
1.22924
-0.0358854
-0.337346
0.373231
0.183028
-0.169145
-0.0138828
-0.0282401
0.0971165
-0.0688763
0.277061
-0.273085
-0.00397611
0.850016
1.13355
-1.98357
-0.0390112
0.34239
-0.303379
0.0280289
0.0267225
0.232494
-0.0370829
-0.195411
-1.05681
1.7683
-0.711494
-0.0558582
-0.0214296
0.0772878
-1.73844
1.94756
-0.20912
-0.336574
0.399324
-0.0627498
-0.14602
-1.25532
1.40134
-0.656612
0.853188
-0.196575
0.299377
-0.589516
0.290139
0.901103
-1.59579
0.694688
0.0944049
-0.352824
0.258419
-0.0523752
-0.11927
0.171645
-0.0307312
0.288545
0.548576
-0.0453889
-0.503187
0.316667
-0.0396051
1.86429
-1.15652
-0.707768
-0.397402
-0.72064
1.11804
-1.50828
1.66989
-0.161615
0.0327641
0.134555
-0.167319
0.308476
-0.0958131
-0.212662
-1.36122
0.304413
0.300166
-0.0817434
-0.218422
1.76732
0.147154
-1.91448
-0.705979
0.209143
0.496836
-0.0796494
0.082772
-0.00312258
1.00537
0.473325
-1.4787
0.0163401
-0.119151
-0.776619
0.0725923
0.704027
0.33761
-1.23515
0.897535
-0.0451211
-0.13456
0.179681
-0.137604
0.0817459
-2.33202
1.0992
1.23282
1.76008
-1.17448
-0.5856
-0.020947
-0.0549554
0.0759024
-1.12031
0.974291
0.9275
-0.18327
0.0152986
-0.094948
0.00452276
-0.118818
1.09362
-2.14068
1.04706
0.223127
1.5442
-1.27738
1.00555
0.271834
0.342441
-0.258185
-0.0842557
-0.529198
0.866808
0.729808
-1.00689
0.277079
0.366592
-0.101002
-0.26559
0.28519
-0.493829
0.208638
0.854743
-1.67646
0.821722
0.146343
-0.127899
-0.0184438
2.32906
-0.905162
-1.4239
0.471093
-0.804881
0.333788
1.55173
-1.35786
-0.193868
-0.884583
0.107964
-1.52298
-0.809038
0.691954
0.0568777
-0.748831
0.268966
-0.66692
0.397954
-0.0162451
-0.320329
0.318061
-0.34928
0.252721
-0.0202267
0.0315294
-0.0439827
0.0124534
1.27461
1.05445
-1.52361
1.74038
-0.216775
1.1684
0.591681
-1.01284
1.15225
-0.139417
-0.0667401
0.114033
-0.0472928
1.38407
-1.53595
0.265285
0.218168
-0.123764
1.00487
-0.38929
-0.615584
0.00792506
0.097953
-0.105878
-0.574646
0.368745
0.205901
1.57043
-0.715685
-0.770679
0.666366
0.104313
0.833502
-0.782143
-0.0513593
-0.100684
0.126848
-0.0261641
0.0729315
-0.130092
0.05716
2.12537
-1.3568
-0.768569
0.543685
-0.508153
-0.470168
-1.37266
0.843465
-1.80171
1.56253
0.196082
-0.0891249
-0.106957
-0.317406
0.0901996
-0.182372
0.181017
0.00135491
-0.394839
0.468914
-0.0740752
1.9181
-1.01699
-0.0591666
0.0572418
0.00192477
-0.807988
0.304449
0.107611
0.131088
-0.238699
0.0136075
0.678346
-0.742631
0.373523
0.369108
1.17607
-2.05694
0.880874
0.0633278
0.1197
-0.148696
-0.557283
-0.313183
0.022388
0.290795
1.50958
-0.569166
-0.133502
0.418187
-0.284685
0.144998
-0.0706344
-0.074364
0.12238
-0.117141
-0.00523884
0.688765
-1.78404
1.09527
0.412899
-0.448785
-0.357685
-0.0837988
0.441484
-0.104191
0.0450245
0.107203
0.283603
-0.390805
0.168385
0.0355021
-0.203887
-0.0701637
0.238549
-0.629492
-0.113139
0.254054
-0.668464
0.41441
-0.682215
1.37322
-0.691002
0.334844
-0.37887
0.0440259
-1.14718
-0.225488
-0.0385765
-0.0572907
0.0958672
1.4039
-0.398529
-0.629297
0.469923
0.159374
-0.00409574
0.15152
-0.147425
0.320935
-0.0839706
-0.236964
0.202284
-1.84415
0.305667
-1.81394
-2.08577
0.901564
1.1842
-0.873922
-0.403458
-1.21962
0.792086
0.427534
1.594
0.207274
-1.80127
0.205295
-0.257671
0.200181
0.489466
-0.689648
-0.414772
-0.743293
1.15807
-0.134782
-1.08484
-1.75428
0.0158431
0.0239542
0.00757512
0.0758341
-0.150207
0.0743724
0.310258
-0.355379
0.663505
0.169998
-0.17356
0.142829
0.0132535
-0.01954
0.00628654
0.808653
-0.459549
-0.349105
-0.56721
-1.20043
0.281993
-0.696765
0.0781139
-0.622096
0.543982
-0.175966
-0.0940327
0.269999
-1.54868
0.785316
0.763359
0.402866
-0.587776
-0.070798
0.490262
-0.419464
0.144396
-0.172636
0.552842
-0.253594
-0.299248
1.06039
-0.0555125
0.260125
-0.341869
0.978492
0.173302
-1.15179
0.322108
-0.361119
-0.353717
-1.31665
1.67037
1.2722
0.672248
0.735138
-0.466172
-1.06958
0.412972
-0.690225
0.949349
-0.259124
-0.0150568
-0.0267845
0.0418413
0.271281
-0.331886
0.0606043
-0.80832
0.821928
-0.295153
-0.157488
0.452641
-0.243481
0.0675149
-0.843114
0.921227
0.386492
-0.971221
0.584729
-0.494899
-0.0797464
0.722851
-0.423473
0.158732
-0.0123892
0.336129
-0.14596
-0.19017
-0.0118656
-0.382974
-0.558604
-0.27438
0.832984
0.141039
0.225553
-0.786138
-0.890326
-0.870449
-0.678226
-0.0627502
-0.00410725
0.0668574
0.980846
-0.501489
-0.479357
-0.865407
0.183191
-1.15326
2.09411
-0.940847
0.386061
0.166781
0.309166
-0.264282
-0.0448848
-0.730267
0.581572
0.649999
-1.0474
1.77132
-0.0586029
-1.71272
-1.62528
2.18754
-0.562258
-0.0306357
0.10647
0.442336
1.16805
-1.61038
0.0381458
-0.189685
0.151539
-0.110398
1.7943
-1.6839
0.0011714
0.128815
-0.129986
-0.913615
1.27891
-0.365295
-0.062585
-0.667682
0.056805
-0.615409
0.26284
-0.217547
-1.6444
1.86195
-0.16995
0.226402
-1.74706
0.960923
0.337558
-0.024463
-0.313095
-0.0109324
0.155931
0.18422
1.53982
-1.72404
-0.542241
-0.615032
1.15727
-0.538121
0.440807
0.0973142
2.27345
-1.4597
-0.813758
0.504217
-1.04646
0.0445217
-0.059211
0.0146893
0.136531
0.730734
-0.867264
0.068817
-0.0712255
0.00240857
0.856943
0.768428
-1.62537
-0.244313
-0.526365
-0.0704302
0.198912
-0.128482
-0.939086
0.673534
0.265552
-0.0960707
0.0492305
0.0468401
0.821877
0.158969
1.09473
-2.01035
0.915621
-2.47812
1.12762
1.3505
-1.01953
-1.45859
-0.383873
0.43596
-0.0520864
-0.330244
0.339735
-0.00949083
0.430473
-1.14363
0.713159
-0.00756921
1.11869
-1.11112
-0.508612
0.56549
1.0894
-0.110911
0.971428
0.98553
-1.95696
-0.218315
0.112262
0.106053
-0.0196339
-0.919452
1.82017
-0.430946
-1.38922
0.15422
-0.116075
0.0201518
-0.272452
0.229514
0.997136
0.823033
0.277243
0.580274
-0.857517
0.387782
-0.0453917
0.0280292
-0.237357
0.209328
-0.285835
0.332696
-0.046861
-1.8384
0.893328
0.945074
-0.129734
-0.20051
0.843967
-0.589913
0.876778
-0.0548002
-0.821978
0.152512
0.155964
-1.92656
1.92181
0.00474966
1.08334
-0.696847
-0.0126237
-0.081153
0.0937767
0.00796357
0.0719795
-0.0799431
0.130451
-0.231453
1.72525
-0.631631
0.0583628
-0.19227
0.133907
0.00253545
0.010718
-0.42684
0.307525
0.543887
-0.933177
-0.711132
0.703563
0.302134
0.0339953
2.0671
-0.010225
0.00462828
0.00559668
-0.701504
1.24539
-0.235395
0.155224
0.080171
0.176031
-0.1031
0.0409049
0.507671
0.851542
-0.651361
0.450757
-0.39412
-0.0566366
0.333156
-1.24677
-0.125669
0.232871
-1.62795
1.41041
0.0823933
-0.0378716
-1.6791
0.262353
-0.266448
-0.137921
-0.0812063
0.219127
-0.638982
-1.19942
1.17985
0.945524
1.66906
-0.883745
-1.82583
0.354416
-0.487918
-0.141955
-0.20275
0.344705
0.18616
-0.286932
0.100772
-1.25199
0.531346
-0.206859
-0.281109
0.487968
1.18032
-0.949839
-0.174502
-1.7577
1.9322
0.89785
0.266859
-1.5438
1.27694
0.929357
1.0182
-0.905917
1.39221
-0.94987
-0.0462018
0.414412
-0.368211
-0.879932
0.791064
0.0888681
0.10656
-0.0481971
-0.0893311
0.351197
-0.261866
-0.31611
-0.192844
0.508954
-0.509977
1.78217
-0.287383
-0.403056
0.690439
0.243681
-0.210917
0.230119
-1.24295
-0.171983
0.200013
0.00992346
-1.93589
1.055
0.880894
0.433294
-0.497985
0.00889742
-0.0684242
0.403269
0.974771
1.29868
1.59491
-0.506389
-1.08852
0.143163
-0.0500399
-0.0931229
0.952791
0.598935
-0.242261
0.100306
0.564248
-1.62408
1.05983
0.0978659
-0.165054
0.0671881
0.661308
0.909119
-0.249926
-0.102898
0.758565
-0.481322
-0.552787
1.4028
0.185154
0.0109283
1.91687
-0.740804
0.163742
-0.155817
1.75038
-0.155472
0.115644
0.430191
0.0205654
0.0196255
0.322815
-1.65455
-0.920506
1.01726
-0.0967553
0.00667887
-0.134578
1.82581
-0.0198078
-1.806
-0.763798
0.476414
0.247933
0.0730024
-0.333528
0.0753428
-0.208819
-1.14904
1.55323
-1.54089
-0.012334
0.0768862
-0.402543
0.325657
-0.955813
1.61712
-0.885494
1.57426
0.145717
-0.0688308
0.767128
-0.393605
1.95393
-0.569861
0.00512727
0.143172
-0.148299
-0.134645
-0.0491993
0.183844
0.140774
0.00238911
0.183498
-0.836689
0.148591
0.122363
-0.270954
0.538059
0.835158
-1.76618
1.41247
0.145134
-0.502819
-0.380941
1.11075
-1.12123
1.30959
-0.188359
0.56434
-1.98168
1.87128
2.15302
-0.878415
0.906632
0.957658
-0.0828834
0.260838
1.29239
-1.30681
0.238358
1.06845
0.280168
-0.31725
-0.377448
0.247714
-0.245172
0.175008
0.196406
-1.35293
0.73983
-1.11324
0.37341
-1.74535
0.868651
0.876697
-0.521007
-0.48588
0.103794
-0.124741
0.0909079
-0.0900482
0.480694
-0.390646
-0.582778
0.51198
1.1997
0.953328
-1.62528
0.0542392
0.0681411
1.63332
-1.42769
-0.205634
-0.43791
1.60596
-1.24451
2.08877
-0.844262
-0.822665
0.976978
-0.154313
0.240734
-1.36105
0.101183
0.238552
-0.282892
0.454658
-0.171766
-0.110596
-0.0194958
1.40041
0.50212
-1.22354
0.721419
-0.0716459
-1.55141
1.62305
-0.0600876
-0.122284
0.0587731
-0.480004
0.421231
-0.763418
1.06269
-0.299276
0.223194
-0.155523
-0.0676703
-0.0927962
0.774632
-0.681836
-1.88371
1.74779
1.8202
-0.533025
-1.28718
0.674835
-0.633046
-0.041789
-0.0150715
0.201231
0.153189
-0.648088
-0.817598
1.67454
0.155195
-0.0475835
1.77132
-0.964407
1.10094
-0.0314879
0.0314879
-0.364428
0.230085
-1.75369
2.25716
-0.949385
-1.30777
-0.463952
0.850893
-0.38694
0.00917041
0.171443
-0.180613
1.06374
-1.10029
0.0365466
-0.469102
-0.34511
0.814212
0.942125
-1.98759
1.04547
-0.0382003
-0.841731
-0.255015
0.120371
-0.298026
-0.491171
0.789197
0.706881
0.514922
-1.2218
-1.31071
-0.402845
0.706208
-0.303363
-0.504018
1.34934
-0.845318
1.49052
-1.3063
-0.0984838
0.247075
-0.0776725
-0.202653
0.487843
-1.1305
0.722625
0.407879
-1.47571
1.67098
-0.195272
-0.0195254
0.152144
-0.132619
-1.34874
-0.791935
-0.0105323
0.0385612
-1.6992
0.545945
-0.395472
0.306141
-0.37587
-0.446795
-0.122264
0.220129
-0.669479
1.64091
0.0485256
-0.385872
-1.51453
0.134075
1.38046
0.441645
-0.789541
0.347897
-0.880735
0.19051
0.22546
-0.599198
0.373738
1.59837
-0.205552
-1.39282
-0.0151211
-0.121189
0.13631
-0.3251
0.564622
0.428813
-0.993435
-0.390025
1.37867
0.298964
0.682185
0.721715
-0.0287708
1.51202
0.238366
-1.43956
1.36791
-0.206318
-0.0402393
0.246558
-0.257409
-0.0541369
0.311545
-1.72416
0.479652
-0.334112
0.288723
-0.626957
-0.293549
0.263302
0.915352
-0.456702
-0.45865
0.210822
0.105844
-1.05272
1.88168
-0.828962
0.202783
-0.251983
-0.0936184
0.3649
0.277316
-0.560208
-0.0771822
-0.242372
0.319554
-0.120974
0.0523737
0.0686
0.585875
-0.674214
0.0883387
0.00829827
0.0572395
-0.0655377
-0.313948
0.349082
-0.0351343
0.299264
-0.690986
0.391722
0.341957
-0.0617896
0.0419533
0.380061
-0.422015
0.994721
-1.00937
-0.974201
-0.581711
-0.0227091
0.60442
0.180084
0.0463181
-0.31102
-0.227101
1.02079
-0.105442
0.0298964
-1.24668
1.21678
-0.321046
0.00786374
-0.116304
-0.513188
-0.405439
0.312643
0.192032
-0.190861
-1.27931
-0.0408048
-0.0922827
0.133087
1.19873
-1.02543
1.03954
0.78066
0.684829
0.191949
-0.226633
-1.64634
1.87297
0.401446
0.683641
-1.08509
-0.338418
-0.984149
0.499195
0.484954
0.823929
-0.382284
-0.0873569
-0.0687809
0.156138
2.22425
-1.23726
-0.986988
0.146172
-0.335762
0.18959
0.404331
0.667722
-1.07205
0.079663
0.110265
-0.189928
1.62863
0.0454573
-1.67409
0.284926
0.0194101
-0.2753
0.323825
0.0656947
0.0654964
-0.131191
0.387302
-0.0692407
0.0300723
0.0455089
-0.0755812
-0.762986
-0.412805
1.17579
1.20263
0.395733
1.06016
-1.03027
0.206477
-0.969895
-1.86866
1.69416
-0.185771
0.115136
0.32962
-0.610795
0.281175
0.845096
0.823965
1.15692
-1.33269
0.175768
1.24703
-0.56485
-0.161198
0.111158
-0.0563419
0.195871
-0.139529
-1.44364
-0.244815
1.68846
-0.374311
0.464658
-0.0903471
-0.00219909
-0.0292888
0.529012
0.872072
-0.156335
-0.0619797
1.14914
-2.10986
0.960717
-0.96961
0.103224
0.866386
1.72789
-0.633159
0.0135568
0.42349
-1.16678
-0.287912
0.00555542
0.282356
0.0232108
-0.218622
-0.656113
1.15823
0.0214323
0.0473846
0.251308
0.089619
-0.340927
0.132094
0.931647
-0.118915
-0.549549
-0.334151
-0.425118
0.447506
0.552589
-0.92846
0.0224245
0.0348174
-0.0484818
0.277996
-1.90091
0.891539
0.0219252
0.205119
-0.227044
0.137795
-0.101831
-0.0359645
0.262079
0.856607
-0.0643632
0.00940783
-0.0307588
-1.55674
1.5875
-0.146989
-0.446366
0.593356
-0.053528
0.0782617
-0.0247336
-0.324986
1.06482
-0.219382
-0.303044
0.522426
-0.297907
0.523367
-0.769515
1.71849
-0.948974
-0.888271
0.537257
0.351014
1.68654
-0.0925359
-0.292384
-0.061569
0.353953
0.36114
-0.0775371
-0.193422
-0.286179
0.999313
0.741068
0.491682
-1.29961
0.807924
-0.803638
-0.194985
0.998623
0.0720739
-0.341129
0.269056
0.12086
0.266848
-0.387708
0.580104
0.0909394
-0.671044
0.0149383
-0.186922
-0.907799
0.0987737
-0.00165724
0.10555
0.094463
-0.136462
0.419754
-0.283292
-0.254278
0.294861
-0.0405825
-0.019586
-0.049172
0.068758
0.77143
-0.420154
-0.0343993
-0.0095834
-0.372749
-0.383212
0.75596
1.21944
-0.957361
-0.0355048
-0.351156
0.386661
-0.308761
-0.473382
-1.29093
1.51405
0.660431
-0.170964
-1.24588
0.785244
0.460635
0.271679
-0.115276
-0.156403
1.78588
-1.78588
-1.67132
0.148341
-0.910165
-0.140937
-0.701799
0.842736
0.53704
-0.564028
0.0269881
0.0814535
0.182117
-0.209858
0.027741
-0.0441051
0.245859
-0.201754
-0.570568
1.17236
-0.601789
-0.267332
-0.0608661
0.328198
0.787807
-0.547073
-1.09237
0.288734
-0.0446585
-0.240483
0.285142
0.0418186
-1.34863
-0.711795
-1.10485
0.393057
0.864153
-0.0496665
0.237631
-0.187965
-0.293857
0.359344
-0.0654877
-0.262108
0.191678
-0.0899477
-0.229404
0.0914829
0.0413274
-0.0434475
-0.133394
0.176842
0.163571
0.0322997
-0.312895
0.354848
0.172277
-0.223596
0.0513188
0.0433662
0.0413308
-0.084697
-0.00204282
0.176269
-0.174226
-0.0721842
0.192874
-0.12069
-0.773433
1.14684
0.718852
-1.03478
0.315924
-0.177964
-0.0833013
0.261265
-0.0162242
-1.91662
1.93284
0.84333
-0.621292
-0.222038
0.335177
-0.0873363
-0.199595
0.252008
-0.120921
-0.0631677
0.20934
0.356389
-0.902034
0.545645
-0.48463
-1.44193
-0.281276
0.938402
-0.657126
0.00941611
-0.113607
0.433063
-0.292014
-0.141049
0.139204
-0.511952
-0.576945
-0.326005
0.379762
-0.0537569
-0.557278
0.350419
-0.0950497
0.564973
0.141566
-0.133602
-1.37803
0.021229
-0.294266
0.571582
-0.0297749
-0.225241
-0.21917
0.0796417
0.267028
-0.316695
-0.0879274
-1.12565
0.352218
1.9171
-0.122794
-1.6444
2.1755
-1.05111
-1.12439
-0.1429
0.511645
-0.139721
-0.744862
0.524745
-0.536611
-0.267772
-0.02014
-0.573553
-0.49575
1.0693
-0.0599423
-0.113035
0.172977
0.0334624
-0.907384
-1.78846
-0.344163
-0.340841
0.685003
0.281204
-0.428194
-0.267421
-0.0415119
0.308933
0.501384
-0.0884849
0.199576
0.072103
1.9625
-1.02037
-0.98786
0.414307
-0.269529
-0.0539899
0.323519
-0.0486623
-0.000752913
-1.09953
-0.31012
-0.0721752
0.382295
-0.0983385
-0.0392656
0.913005
-1.21385
0.300844
-0.651692
-0.042033
1.82792
0.329002
-0.712214
1.15322
-2.03276
0.879541
-1.96399
1.21313
0.750868
0.178534
0.111948
-0.290482
0.158678
1.08797
0.0616137
0.827906
-0.88952
-0.0344167
-0.157853
0.12704
0.547795
-0.0446103
-0.343155
0.387765
1.2217
-1.44833
0.479348
-0.184942
0.228867
-0.0439248
-1.51923
-0.152095
-0.654338
-0.854276
0.272564
0.125768
0.00376944
-0.129537
-0.670057
0.347668
0.322389
-0.416619
0.370417
-1.10816
-0.598845
1.707
-0.125654
-0.1256
0.13477
0.469025
-0.528484
0.0594594
-0.84356
1.71221
-0.184938
-0.881521
0.417568
0.567708
0.276259
0.71586
-1.28643
0.0918774
-0.167342
0.0754647
1.30205
-0.178046
-1.03813
-0.364923
-0.0839948
0.448917
-0.0560451
0.231054
-0.055081
0.275107
-0.220026
-0.282941
-0.0663391
0.162233
0.689309
-0.392022
0.330745
-0.0706196
-0.419141
0.350717
-0.176611
0.0268494
0.149762
0.277473
-0.105271
-0.172201
-0.166365
-0.0431968
0.209562
-0.208976
-0.0328718
0.241848
0.0859821
-0.160346
-0.27115
-0.131393
0.111814
1.19797
0.358041
-0.152094
-0.205947
0.351052
-0.0615045
-0.289548
-0.182422
0.419467
-0.237045
-0.361364
0.291757
-0.694601
-0.0177257
0.388514
-0.0782559
0.199266
-0.0548698
-0.149767
-0.0399176
1.7877
-1.01927
0.751743
-0.951773
0.20003
-1.56405
0.273119
-0.0670859
-0.148105
0.215191
-0.0499997
-0.0460709
-0.821925
-1.14207
0.385231
-0.0631236
-0.762821
-0.861257
0.343807
-0.092499
0.0203041
0.448721
1.09121
-0.791413
-0.835205
1.32689
-1.59708
0.153434
0.395621
-0.145825
-0.249796
-0.119049
-0.200967
-0.410434
0.611402
0.166343
-0.0324359
-0.689682
-0.636731
1.32641
-0.920663
-0.981672
1.90233
0.588608
0.471923
-1.06053
-0.0145602
-0.2878
-0.0382049
-0.271133
-0.289075
-0.199912
-0.106249
0.306162
0.824733
0.333332
0.292783
0.14028
-0.252423
-0.638428
0.0473526
-0.0575776
-0.381331
1.28485
-0.903515
-0.156002
-0.244884
-1.61308
-0.0268652
0.022758
-0.552518
-0.127711
-0.263095
-0.81559
0.225677
-0.179367
-0.953881
-0.317308
1.27119
-0.28681
0.811555
0.514767
0.336126
-0.319958
-0.994187
-0.906719
-1.27922
1.31577
0.0876791
0.0733396
0.0334486
-0.0959708
0.0625222
-0.670165
0.607588
0.0625771
0.740803
-0.803388
0.298178
-0.276253
-1.13182
-0.114056
0.161949
-0.192884
0.0309346
0.603713
-0.0178377
-1.40917
-0.0125615
1.42173
0.0477677
0.115803
0.0531622
0.327748
-0.38091
-0.267912
0.438246
0.10544
0.0971434
0.0360949
-0.133238
-1.27774
0.846792
0.15646
0.0098831
-0.197993
-0.13777
-0.355646
-0.00189972
0.0243242
-0.138224
-0.328381
-0.0818589
-0.0493322
0.429132
1.49267
-0.731366
1.638
0.994339
0.491481
-0.836592
-0.0559682
-1.3532
0.652178
-0.348973
0.409877
-0.0609043
-0.0930751
-0.0240663
-0.00365346
0.0241875
-0.0631641
0.14491
-0.105258
1.51835
-1.41309
0.163974
-0.831657
-0.131047
-0.282083
-0.073296
-0.144506
-0.304258
0.383689
-0.0794313
0.0160202
-1.48567
1.46965
0.646224
0.198127
0.338912
-1.08284
-0.582102
1.00821
-0.426105
0.113093
0.0572213
-0.159052
-0.595267
0.525437
0.0698302
0.386088
-0.509876
0.123788
-0.200685
-0.553033
0.753718
-0.297207
-0.0639116
-1.94231
0.0953982
0.209007
-0.203879
0.0514772
0.186989
-0.030529
0.3729
-0.713741
2.16303
-0.927486
-1.23554
-0.00464761
0.465922
0.343445
-0.290282
0.246682
0.13308
-0.203602
-0.00906058
-0.395232
0.378987
-0.496548
0.785056
-0.985741
0.164402
-0.108342
-0.0560603
-0.390897
-1.73993
0.877007
0.862922
-1.71099
1.69477
-1.09367
0.5145
0.579166
-0.834346
0.00394871
0.830398
0.366236
0.654559
0.148183
0.214523
0.842682
0.751923
0.050474
-0.278557
-0.0134571
0.995044
1.16799
-0.252731
0.0153744
1.34114
-1.13387
-0.0533558
-1.40046
1.45382
1.11989
0.0780827
-0.313302
-0.0821702
-0.152085
0.0563776
-0.283214
-0.164669
-0.212778
0.177474
-1.06804
0.890568
-0.272371
2.23734
-1.40741
-0.829925
0.00795211
0.158501
0.0129421
0.694965
0.126962
1.61359
-1.46525
0.997053
-1.91772
-1.22459
-0.00196603
1.22655
-0.844163
0.261752
0.582411
0.237724
-0.143261
1.95057
0.0343448
-1.98492
-1.08069
1.61716
-0.536467
0.0531018
0.241759
-1.23191
0.727891
0.00405153
0.0783418
-1.35476
0.233528
0.00906763
-0.0304259
0.0213583
-0.155539
0.220116
-0.0645763
0.0714159
-0.448492
0.377076
0.604389
0.412872
-0.525245
-0.144812
0.0108419
0.870011
-0.908211
-0.0778839
-0.0723226
-0.276114
0.0576923
0.0896108
0.707485
-0.797096
0.0495023
0.528558
-0.578061
0.0729768
-0.483498
0.410521
-0.545765
-1.41645
0.57376
0.84269
-0.0310704
0.838354
0.285608
-1.12396
-0.629526
0.247273
-0.272146
0.0248732
0.190485
-0.0389454
-0.272326
0.00490543
-0.311041
-0.784576
0.133216
-0.442155
0.84834
-0.406184
-0.805722
-0.263862
1.89021
-0.835207
-0.10468
0.201064
-1.26789
-0.0327323
-1.28043
1.31316
0.116292
-0.0141139
-0.102178
0.768714
-0.506942
-0.261772
0.175949
-0.0244282
0.170638
-1.18431
0.378589
-0.686581
1.18578
-0.0690076
-0.357832
0.318762
0.25217
0.0253027
0.859135
-0.382721
0.0611208
0.679682
-0.94182
0.384537
-1.89716
0.915486
1.49133
-1.47531
-1.61713
1.51187
0.123249
-1.4345
0.229114
1.20538
0.593272
0.345129
0.0362587
-0.901
0.760063
-0.149578
-0.12806
0.277638
-1.13648
0.349871
0.786609
0.343394
0.572083
-0.915476
-0.035384
-1.24384
0.777846
0.0494409
-0.827286
0.263064
0.624052
-1.00499
0.0540056
-0.0158385
0.065069
1.59486
-1.5494
-0.146485
-0.996075
-0.420375
0.644618
-0.0138257
-1.21076
1.14899
-0.310634
-1.87128
0.0454498
-0.173278
-0.978515
0.354266
0.237757
1.86866
0.198434
0.0600821
-1.15962
0.156662
-0.12116
0.135954
-0.452064
0.332264
-0.602013
0.269749
-0.148851
0.00905107
0.1398
0.309767
-0.371336
-0.0312905
-0.254544
-1.13073
1.18159
-0.0508656
-0.730292
0.797125
-1.37359
0.576461
-0.834375
-0.0688842
0.115724
-1.49188
0.118888
1.37299
-0.39192
0.95626
-0.677627
0.711089
0.158523
0.936663
0.64695
-0.981101
-0.827531
-0.199425
1.02696
-0.819634
-1.2407
0.551017
-0.138768
0.142537
-0.00376932
0.0796539
-0.104388
0.7848
-1.44091
0.0398441
-0.548863
0.509018
-0.327124
0.247074
0.0800495
-1.01649
0.463452
0.0411614
0.0279353
-0.250869
0.435662
1.8238
0.126772
-0.780814
0.842428
-0.295459
0.0974659
-0.821377
1.46506
-0.643682
-0.0868251
0.0717444
0.086988
0.394485
-0.0212534
0.885797
1.20831
0.531292
-0.924897
0.337258
-1.79696
-0.187827
0.147022
0.0374049
-1.06283
-0.269701
-0.944148
-0.232685
0.0591247
0.820538
-0.384876
-0.68193
-0.0572808
0.746589
0.20475
-1.76427
0.362555
1.40172
-0.0543502
0.492596
0.36902
-1.35352
-0.271762
0.78504
-0.350513
-0.434528
0.915816
-0.313364
-0.602452
-0.198666
0.0431426
0.686368
-0.666457
-0.0199108
-1.70029
0.772598
0.927693
0.959015
0.759474
0.00081976
0.124948
0.814588
-0.522831
-1.47685
0.585185
0.891669
-1.86195
1.61713
0.54753
0.79488
-1.34241
0.854669
-0.746705
1.70851
-0.759098
-0.949413
-1.09723
0.203996
-0.0928379
0.0658716
-0.105437
0.217699
-0.052878
0.145028
-0.09215
-0.28712
-0.206708
-1.30342
-0.227799
0.0764292
-0.12104
-0.0384197
-0.0328058
1.04702
-0.370402
-0.676618
0.823524
-0.475856
-0.155381
0.14031
-0.0849557
1.24188
0.129934
-0.0136414
-0.24975
-0.766736
-1.49971
0.545828
-0.0593476
-0.109797
0.13132
0.0615362
0.13301
-0.0995615
-0.517211
-1.02139
0.121762
-0.0940931
-0.027669
0.20522
-0.605716
-0.912135
1.51785
0.16845
0.0185387
0.00833592
1.02562
0.978732
-2.00435
-0.503537
1.09215
0.237732
-0.0949028
0.417494
-1.04371
-0.623568
1.66728
-0.951549
-1.03642
0.540672
0.297916
-0.113984
-0.183932
0.276727
-0.778217
-0.206386
1.21544
-0.418316
-0.200477
0.116507
-0.271075
-0.763701
0.0315939
1.89804
-1.69416
-0.203883
-0.89461
-0.605099
0.19445
0.187857
0.0703876
-1.0338
-0.26134
1.29514
0.275291
0.453315
-0.0672273
-1.61271
-2.0112
0.794662
1.21654
-0.184454
-0.00561775
0.190071
0.986541
-0.588679
-0.397862
0.123716
-0.186881
0.0868262
0.0941908
0.90602
-2.01418
0.80556
0.110256
-0.390674
-0.597186
-0.144189
0.0311543
0.169644
0.748366
-1.35408
0.0199094
0.394503
-0.457717
0.255065
-0.136035
-0.0350213
0.171056
0.7221
0.986411
0.537221
0.051653
0.279136
-0.459668
0.180531
1.98168
-1.61912
0.231182
-0.565281
0.161858
0.0286262
0.142376
0.0239328
0.152909
0.00424074
-0.143008
0.611778
0.0499736
-1.69659
-0.0230738
-0.16138
-0.0829133
-0.0130575
1.05635
-0.541584
0.891415
-0.583712
-0.307703
0.00453103
0.122317
0.00289462
0.00617301
0.401036
-0.0714498
0.14005
-0.374436
-0.299778
-2.00051
0.898163
1.10234
0.110688
0.00334534
-0.034383
0.1162
0.136521
-0.281948
-0.317251
0.422166
-1.46588
-0.115686
-0.954215
1.97983
0.625654
-0.153737
-0.471916
-0.788927
-0.423724
-0.140304
0.10227
-1.13269
0.431008
-0.723504
0.292496
-0.326734
0.281273
0.0454613
-0.0636704
1.12218
0.966592
-1.63893
1.61912
-1.44963
0.845918
0.603707
1.02346
-1.97768
2.05333
-1.07856
-1.00675
-0.954219
-0.145092
0.625787
-0.128168
-0.351836
-1.52691
0.0924192
-0.0244265
-1.30826
1.24268
-2.02199
0.779312
-0.0582617
0.263557
-0.541076
0.659691
-0.308678
0.880015
1.35732
-1.48865
0.667271
-0.108395
-0.843154
-1.35115
0.304388
-0.0231155
1.71099
-1.80353
-0.0880754
-1.3249
0.0425538
0.811883
-0.24726
-1.46927
1.65015
-0.180878
0.30411
1.62873
0.462155
-0.0626168
-0.399538
1.90072
-0.903666
0.253411
0.150069
0.633789
-0.750093
0.109072
0.143098
0.0883061
0.861565
-0.949871
-0.732595
-0.432032
1.05495
-1.05927
0.00432697
-0.381658
0.309482
-1.63416
0.871075
0.763083
0.624268
0.144446
-0.741275
0.128846
0.856226
-0.579967
0.314272
-0.585405
0.182922
-0.237792
-0.667414
0.466447
-0.994445
-0.91512
1.90956
0.271745
-0.304617
0.300244
-0.369485
1.03332
-0.615752
0.0793788
0.990295
-1.72166
0.114858
0.254797
0.251873
-1.20923
-0.00600933
0.693222
0.0952064
0.116879
-0.60805
-1.37493
0.539725
0.139884
-0.495591
0.355708
0.0736383
-0.335504
1.07307
1.10243
1.28837
-0.987523
-0.0452741
0.159087
0.173609
0.477398
0.303412
-0.369751
-0.727777
-0.952989
1.97645
0.166757
-0.197827
-0.812879
-1.05375
1.86663
-1.57934
0.498654
-0.0772901
-0.434716
0.197671
-1.4167
-0.0978364
-0.223014
0.654022
-1.06401
-0.936495
1.89804
0.68304
-1.36127
1.07029
-0.657419
-0.270178
-0.387945
0.349741
-0.275159
0.239654
-1.66007
0.251335
-0.833437
1.02436
-1.97735
-0.812132
0.29819
-0.375727
-0.0283606
-1.44091
0.848402
-0.622725
1.37675
0.920941
-1.68908
0.768142
1.73009
-0.95749
1.97771
-0.949923
-0.986633
1.93656
0.431461
1.29215
-1.01686
-0.791476
-1.21972
-0.908862
-0.540763
0.471433
-0.72639
1.67314
-0.946751
-0.133351
1.37278
-1.23942
-1.00772
-0.954892
1.96261
0.894084
0.160863
0.289343
0.394143
-1.00272
0.158904
0.843816
0.0534896
-0.305472
0.497794
-1.3924
-0.832093
-0.408354
-0.261812
0.268195
-0.395906
-0.840341
1.11742
-1.96063
0.955584
1.00504
-0.0554426
-1.62974
1.68519
0.112466
-0.285924
0.0841702
0.565765
-1.84564
1.84564
-0.0606727
-0.00501073
0.0656834
-0.590092
1.10501
0.298379
0.00600956
-0.822706
-0.678406
1.01174
-1.63893
-0.0571267
-1.28729
0.322883
1.2711
-1.22928
-1.21009
0.176287
0.282236
-0.367268
0.0850323
0.166068
0.5203
-0.162773
0.0139225
-0.954135
-1.16076
0.136328
1.02443
-1.39946
-0.067484
-0.370064
-1.00352
-0.0454762
0.14262
0.177644
-0.146401
0.393083
-0.137431
0.0555718
0.384625
-0.3006
-0.366814
-0.748642
1.57066
-0.822016
0.357352
0.214942
-0.214234
0.425525
-0.211292
-0.39707
0.204226
0.44388
-0.578229
0.134349
-0.900393
1.49229
-0.944757
-1.46433
-1.65835
0.172677
-1.08691
0.0574449
0.98269
1.24156
0.0372068
-1.01572
1.11396
-0.391338
-0.39085
0.321843
0.650089
0.613176
0.241493
1.97189
-0.947531
-1.00137
-0.905884
1.90725
1.15148
-0.0215084
-1.12997
-0.210213
0.148709
-0.215773
0.196248
0.13573
1.34124
-1.47697
-1.48351
1.47531
0.00819999
1.48351
-1.51187
0.23046
-0.288722
-0.492543
1.1166
0.0956536
-0.187586
0.0272401
-1.67085
0.12705
1.73347
-0.812528
-0.436978
-0.10903
0.135879
-0.455395
1.06519
0.277077
-0.0874874
0.701635
-0.631805
0.193177
-0.260847
-0.601015
-0.0659055
0.220045
-2.04942
0.498011
-0.0745174
0.457307
-0.38279
-1.07173
-0.950258
0.0922067
0.458235
0.625104
-0.889471
0.108658
-0.118321
-0.365177
0.111192
-1.99383
0.98708
0.103904
-0.0833506
-0.233344
-0.0360538
-0.10217
0.068574
-1.38593
0.851021
-1.55894
0.707924
0.0656384
0.266949
-0.332587
-0.656127
0.453377
-1.01552
1.33841
0.559054
0.533091
1.35717
-1.35352
0.202136
0.0457964
1.66829
-1.87433
0.206037
-0.31823
-0.210254
-0.842626
0.0153399
0.391689
-0.475684
-0.196082
0.275724
-0.903463
-0.193429
-0.0196285
0.213058
-1.48668
0.238491
1.24819
-0.222228
0.269996
-0.0414916
-0.176771
0.218263
1.17295
-1.18677
0.22462
-0.215569
0.652959
0.189777
0.23423
-0.203295
-0.191846
0.0782389
0.240625
0.632412
-0.873037
-0.457241
0.0087492
-0.955747
-1.03773
1.99347
0.192611
-0.734826
0.934856
-0.789062
1.69477
-0.20628
0.0872314
0.0671441
0.0547975
0.0267947
1.9901
-0.995056
-1.23082
0.825524
-0.574189
-0.52444
1.41611
-0.192201
0.120751
0.0929052
-0.0951043
-0.569768
0.36382
-0.319311
0.213061
-0.152431
-0.453443
0.307042
1.04925
0.168921
-0.204975
0.264813
-0.0271822
0.0434017
-0.446582
0.233803
0.507352
-0.807952
0.226724
-0.260728
0.0340046
0.171054
-0.185168
0.353291
0.757873
-1.11116
-0.274501
0.146441
0.36696
-0.653771
1.31049
-0.772426
0.988697
0.872715
0.0503684
0.566051
-1.01509
0.368773
-0.457258
-0.249201
1.02356
0.93894
-1.6107
1.6107
1.59318
-0.883924
1.11404
-0.0314561
1.5104
-1.47895
0.912247
1.0322
0.926683
-1.92113
0.0902434
-1.07598
-1.35095
-0.21131
-1.48396
1.69528
-0.427306
-0.129972
0.0847134
0.729466
0.192931
-0.298203
-0.967207
1.79978
-0.832569
-0.186802
0.295874
-0.00325939
0.312332
0.511597
2.18063
-0.814494
-1.36614
1.58767
-1.46878
1.10461
0.204975
0.152177
-0.00645959
-0.0114659
1.55129
0.560436
1.02171
0.859974
0.0240843
0.213616
-0.2377
-0.3768
0.23903
0.197249
-0.211485
0.0142362
0.176089
-0.238432
0.062343
0.459061
-0.448219
0.352696
-0.508697
-0.143376
0.497792
0.038917
0.0938656
-0.0124122
-0.375915
0.473962
-0.098047
0.114585
-0.108029
-0.0065555
1.80353
-1.46014
-0.436609
0.197703
0.238906
-1.59486
-0.361859
0.283603
-0.989553
1.9018
0.276913
-0.350209
1.93343
-1.00675
0.264189
-0.334809
-0.174612
-0.668868
-1.31581
-0.122005
1.54816
1.30481
-1.05294
-0.109353
0.17268
-0.0540159
-1.48688
-0.314604
0.310628
0.262357
-0.393403
-0.386125
0.306694
-0.104682
-1.35211
1.29876
-1.47835
1.46602
-1.18376
-0.505679
0.449042
0.688237
0.406327
-0.419784
-0.0776688
0.069143
0.368574
-0.437717
-0.426594
1.42373
-0.98982
-0.971233
-1.93549
-0.0968639
0.0928475
0.0040164
-0.00984478
1.43696
-1.42711
0.842173
-0.708957
0.340874
-0.401779
1.639
-0.909534
0.867361
0.855645
-1.72301
0.248898
0.0281791
0.695857
-0.229935
0.201803
-0.85169
0.0200337
-1.49988
0.58775
-0.386282
0.272298
0.0894474
0.0811911
0.323199
-0.386323
-1.12221
1.43328
-0.480489
0.111928
0.0562355
0.993374
0.516209
-0.297383
0.576519
1.75616
-1.51767
0.318476
-0.382388
0.884566
-0.714568
-0.0424421
-0.865769
-0.16453
0.0438402
1.49133
-0.0790321
0.0101558
-0.06781
0.0318455
0.0297769
-0.300927
0.1069
-0.148391
-0.568228
1.44523
-1.23491
1.20346
-0.511614
1.05229
-0.937067
0.100923
0.377464
-0.0792862
0.077443
0.615532
0.754324
-1.36986
-0.626071
0.729295
-0.173134
-0.963346
-0.733865
-0.0264791
-0.224043
0.0124362
0.211607
1.45639
0.180223
-0.206387
-0.118553
-1.70595
1.65051
-0.425448
-0.0322691
1.15144
-0.223149
-0.0552989
0.278448
0.873403
-0.74644
-0.956372
1.95944
-1.00307
-0.988808
1.84097
-0.852161
-0.363172
0.176369
-0.0711434
-0.150177
-0.0355054
0.185682
0.899353
-0.684953
1.57782
-0.892868
-0.31059
0.110995
-1.80169
-1.94509
1.0017
0.943384
-1.64121
-0.35857
-0.464136
0.980706
-1.93063
0.211967
-0.978702
0.961957
-1.69582
0.350391
0.497948
0.916905
-0.903348
-0.0190832
-0.109683
0.128767
-0.317891
0.222667
-0.209725
0.0121952
-1.5607
1.5485
-0.149001
-0.433778
0.0835172
0.728176
-0.811693
1.28103
-0.995427
0.612051
-1.41917
0.807114
0.264734
-0.106211
1.7383
-0.840454
0.0534023
-0.278643
0.488928
-0.84794
0.0445517
0.137995
0.261329
0.605196
-0.0960577
-0.509139
0.948886
-0.764525
-0.184362
-0.340049
0.237151
0.0283645
0.491192
0.574003
1.58535
-0.738846
0.822363
1.00552
-0.743763
-1.91109
0.924456
0.937513
-1.94794
1.01043
-0.696726
-0.75616
1.45289
1.06729
0.822912
-1.55961
1.87433
-0.314724
-1.45556
1.25001
0.230842
0.608089
-0.838931
-0.0370739
-0.628847
1.63159
-1.00274
-1.55961
1.61359
0.283134
-0.0280697
-0.169918
-1.03932
0.274416
-0.931541
0.563808
-1.87506
1.01289
0.862172
-0.336644
0.249156
-0.897772
0.230253
0.667519
0.82291
-0.472519
-1.0185
-0.946888
1.94224
-1.00472
1.2158
-0.161975
0.178315
1.05347
-0.624657
-0.705933
1.76039
1.53711
-1.52491
1.39274
-0.789035
1.56614
-1.60623
0.0400903
-0.091905
0.00501562
0.0868894
-0.828839
0.0985462
-0.989091
1.87489
0.540461
-0.214803
0.545556
0.114875
-0.622258
1.55162
0.78809
0.941998
0.736407
-1.43313
-0.95198
-0.993108
-1.76618
-1.70635
-0.869058
-1.006
1.40056
-0.807182
-0.593383
0.95339
0.0281388
-1.73409
1.46014
-0.400234
0.318064
0.339789
-0.270646
1.03936
0.425696
0.400971
0.0580902
1.63664
0.0138676
-0.142057
1.96586
0.603339
0.745997
0.33033
0.958037
0.678214
0.411189
0.876277
0.883734
-1.76001
-0.0638104
-1.67726
0.950872
0.30463
0.913437
-0.185261
-0.305299
0.490634
-0.458324
0.238942
0.531413
-0.322775
0.814913
0.918556
1.69316
-1.51246
-0.180696
-0.185968
0.190209
0.54398
-0.195781
0.045604
-0.00705261
-0.19598
0.45896
-0.612697
-1.73192
0.919395
-0.324496
-0.286299
0.293525
0.0303007
0.338596
-1.35559
-0.0933891
0.340463
-0.0945989
-0.288375
0.109996
0.00364354
-0.113639
0.00543627
0.558677
0.00596367
-0.0871167
-0.324157
-0.992356
-1.07923
0.281718
0.797508
1.74275
-0.976167
-0.766584
-0.666986
1.65278
-0.985798
0.786251
-0.173075
-1.95604
0.999672
-0.183114
1.77306
1.03383
-0.757106
0.0397813
-0.2117
0.171918
1.14075
-0.795624
0.0426169
-1.22939
1.54704
0.822059
-0.239647
-1.89178
0.985891
-1.24019
0.110221
-0.326622
0.0154826
-0.201916
0.186433
0.303707
-0.214112
0.18604
0.0280724
1.18503
0.964601
0.28795
-0.0102701
-0.210429
0.220699
0.978229
-0.800754
-1.67071
1.69885
-0.246534
0.207589
-0.069501
-0.995059
-1.05436
-0.929198
1.81723
-0.888032
-0.784232
-1.01025
1.79448
1.36759
-1.09677
-0.27082
0.870579
-0.0469703
-0.95359
-0.920527
-1.59367
-0.0125553
0.924604
-1.93769
1.01308
0.188165
-1.82937
-0.958519
1.74661
0.355808
-0.450254
0.0944464
-1.04543
-0.958917
-1.22919
0.407719
-0.0276572
-1.05595
-0.118308
-0.0253382
0.143646
-0.611256
0.451523
0.159733
0.360592
-0.0208031
0.949054
0.868175
-0.0227025
-0.164219
0.110523
-0.01257
-1.48482
1.52491
0.0059766
-0.0990517
-1.48482
1.72992
-0.905954
-0.00786778
0.52292
-0.112399
-0.99398
1.9543
-0.960324
0.144134
-0.0153188
0.613584
0.819696
-0.393867
1.62668
-0.059606
0.882982
0.289408
-1.33922
1.04982
1.95429
-1.02969
0.756297
-1.23285
0.072091
-1.94341
0.933215
-1.76578
-0.709175
0.459159
0.250016
1.86165
-0.896868
-0.964783
-0.924014
-1.00815
1.93216
0.491736
1.57651
-1.57205
-0.0044638
0.698179
-1.33491
-0.954933
2.00419
-0.177481
-0.434205
0.611686
-0.212795
0.96526
0.896391
-0.231956
0.19952
1.66829
0.624983
2.01227
-1.11071
-1.79456
-2.00036
-1.97323
1.0257
0.300584
-0.842942
1.38267
0.268436
-1.02562
0.155859
-0.566293
2.04266
-0.858455
-1.54593
-1.82876
0.104716
-1.78547
0.916412
1.00395
0.955491
0.936723
0.88852
0.343739
-1.23226
0.970876
0.96928
-1.94016
-0.574858
0.430352
-0.676617
1.57396
-0.897341
0.332957
1.25471
0.419569
-0.0688516
-0.194911
-0.940212
-0.508187
-0.393847
-1.70264
1.56058
0.850409
0.913684
1.09859
0.572857
0.260127
1.00588
0.927557
0.0151239
1.89932
-0.934055
1.04229
-0.953983
0.169953
0.0766274
-1.56351
0.0128833
1.7879
-1.80078
-0.00404758
1.69721
1.791
-0.857783
-1.94001
0.918065
1.02195
-1.92361
0.999599
0.927269
0.833117
-0.00712375
0.195594
-1.35732
0.984979
0.855989
-1.60819
0.129843
-1.02633
0.241509
1.70264
1.7723
-0.853748
0.119798
-0.0130933
-0.106704
0.97969
0.919626
0.933637
1.0086
-0.0588959
0.683164
-1.01364
1.94727
-1.49632
0.103508
1.71272
-1.69885
1.8437
-0.894649
-1.8779
0.826788
0.820963
1.22169
-0.384286
0.894837
-0.510552
-0.302397
0.322307
0.0645058
0.220636
0.0576978
-1.28698
1.03767
-1.33876
0.454839
0.931812
0.977752
1.15384
-0.662648
-0.0814134
-0.214988
-0.501824
-1.33985
0.031592
-1.01465
-0.932979
1.94763
-1.93742
0.932697
1.9703
-0.930228
-1.04008
0.982128
-0.131309
0.335089
-0.20378
-0.0813676
-1.93669
0.928545
-1.9335
0.939517
0.926266
-1.94656
1.02029
1.53711
1.53246
-0.796056
-0.0710355
-0.066073
0.0277637
0.237231
-0.451465
0.703924
-1.68829
0.984366
-0.984326
-0.90745
-0.941513
0.437083
-0.567055
-0.924336
-1.88799
-0.109757
-0.0276736
-0.604661
0.315371
-1.87525
1.57205
0.303204
1.03371
0.936595
1.01684
0.937446
0.563711
-1.57986
1.58461
1.88137
-1.96127
0.93158
1.57651
-0.0897557
0.0531283
-1.67071
1.75511
-0.835711
0.93716
-2.04787
-0.0691671
0.0619192
-1.72198
-0.264182
-0.776457
0.253626
1.77676
-0.893029
-0.00873703
-0.622426
-0.550069
1.1725
1.57986
-0.0427584
-0.00163377
-0.283218
0.26359
-0.30575
0.221951
-0.228089
0.19756
-0.305927
-0.0259586
-1.92971
0.915063
1.23484
-0.821869
-1.67657
-0.0814001
1.96597
-1.04791
-0.294832
1.95232
-0.971613
1.94208
-0.929192
-0.614855
1.89366
-1.94954
0.935904
-0.856828
0.111965
-1.28122
-0.729139
1.94845
-1.01129
1.00321
-1.91066
-0.107532
1.91955
-0.781613
0.843082
-0.0614686
1.79785
1.72972
-0.858629
-0.871089
-0.749331
-0.197216
0.946547
-0.957982
-1.87525
1.78153
-1.58502
-0.196512
-0.783798
1.29849
-0.514687
-1.61465
0.981085
0.0201645
0.0183967
-0.103703
1.97256
1.96255
-0.868247
0.476328
-1.61197
1.60793
0.0534212
-1.56588
-1.62341
-0.0374322
1.66084
0.632141
-0.831566
1.24965
-1.73428
1.83208
-0.870119
-1.63901
1.63901
0.89034
0.99103
-0.0879579
0.475723
-0.95653
1.93622
-1.68705
1.68705
-1.93698
-1.95015
1.00326
0.488475
0.177891
-1.70481
-0.816833
0.434112
-0.0894977
-1.71934
0.0145245
-0.248911
-0.997652
2.11182
-0.80887
1.57152
-0.762654
-1.72407
-1.5038
1.29249
-0.0221285
0.463546
-0.641027
1.78645
0.902966
0.837509
0.755666
1.9627
-1.02526
0.946835
-0.11367
-0.937852
1.94106
-0.861548
0.195091
-0.885068
1.78153
-1.81694
1.78531
-1.11804
0.957638
-1.9607
-0.888052
1.65113
0.14101
1.58502
-1.62245
-0.146492
0.324425
0.835901
-1.16033
-1.67232
1.67232
1.93309
-0.997806
-0.93528
-1.5494
0.787678
0.958931
-1.81425
1.81425
0.999155
0.933931
-0.19124
1.93714
-0.0996728
-0.267595
-1.37216
0.0210147
1.83938
-0.437659
1.91669
-1.59002
1.84801
-0.862478
0.890085
-1.02186
-1.62245
-1.74525
1.74525
-1.04342
1.98002
1.96239
-1.03081
-1.95951
0.972523
1.97625
-1.01861
-1.16154
0.377737
-1.94307
0.989697
0.953373
0.350683
-1.69943
0.723593
1.00452
0.91503
-1.61197
-1.54716
1.54716
-0.00688024
0.165558
1.55855
-1.58461
0.0260604
1.53427
-1.56058
0.0263085
-1.9453
0.949759
0.995545
0.972632
0.821847
0.195953
-1.55855
-1.53427
-0.846001
1.68351
-1.02076
1.95666
1.90455
-0.918663
1.60793
-0.943916
0.955792
0.988652
-0.955607
-0.954389
-1.02329
0.254331
0.914521
-1.23486
1.01809
-1.23737
-0.568625
0.929176
1.00299
0.831348
1.22198
0.970936
0.078091
-0.225104
-0.987814
-0.917106
1.90492
0.984823
0.922426
-0.959409
-0.873171
1.83258
-1.9822
-0.827274
0.392747
-1.91736
0.919555
-0.916607
0.925898
-1.63678
1.84588
1.00281
-1.95842
-0.896007
0.00461234
-0.903241
1.88806
-0.918364
0.941945
-0.998609
1.91073
-0.912121
1.51512
-0.95141
2.01228
-0.965215
-0.947734
1.95054
-0.865204
0.1185
0.849079
0.948768
-0.979195
-0.0260858
-1.49314
-0.734954
-0.837867
0.45299
0.159586
-0.119804
-1.93126
0.979283
0.570252
-0.903324
0.949995
-1.9686
-1.01163
-0.0456029
-0.188895
-0.939947
-1.00483
-1.00407
1.93325
0.922118
0.985551
0.998368
0.937128
1.2185
-0.639335
-1.00929
-1.08479
-0.955077
2.03987
-0.86402
1.47955
1.1797
-1.0875
0.796711
-0.429751
0.952036
-1.96466
1.01263
0.107119
-0.950273
-0.551892
-1.03221
-0.967159
-0.998608
-0.558224
0.414848
-0.993905
-0.937358
0.93307
1.99135
-0.947427
-1.04392
-0.919736
1.91934
-0.981223
0.276913
0.953159
-1.94706
1.79762
-0.778044
-1.01958
1.92814
-0.925156
-0.408451
0.962171
-1.94814
0.985969
-1.97845
0.935025
-1.90193
-0.996246
-1.01492
1.75305
-1.04912
0.327253
0.0776496
0.0162161
-1.01657
0.949213
-0.905992
-0.995942
-1.03718
-0.936549
1.93188
-0.995333
0.962005
-1.97857
-1.05255
1.00288
-1.95061
-1.94016
1.00131
0.955552
-1.98776
1.0224
-1.2517
-0.169833
1.42153
1.04004
-2.00525
-0.85545
0.379594
0.991402
-1.92668
0.926062
-1.97861
0.523379
1.05899
-1.38088
-0.0185781
0.990995
0.995925
0.932217
-1.94042
0.991889
0.948532
0.181667
0.823658
0.474828
0.99418
0.659246
-1.67457
1.01532
-1.00735
1.76031
-0.155393
-0.947458
1.95033
0.298886
0.901357
-0.939921
-1.01567
1.95559
0.707934
0.602552
0.357942
-0.0910934
-1.04481
1.92846
-0.932532
0.958451
0.631389
-1.58984
1.19513
-2.00889
2.1212
-1.58152
-0.98258
1.93574
-0.991908
-0.955156
1.02575
-1.98083
0.261841
-0.923963
-1.02418
0.993338
-1.92395
0.93061
-1.86325
0.985795
-1.89792
-1.04389
0.027207
-0.223187
0.191195
0.940994
0.948759
-1.87272
-1.02367
0.437856
-0.952608
1.27348
0.907152
-0.957361
-1.05997
0.854559
0.972367
-1.98365
0.911458
0.603663
0.0247928
-0.848759
-0.847063
0.15741
-0.0052661
0.995322
0.937928
-0.906842
1.80981
-0.153847
0.982316
-1.88831
0.96464
-1.91207
-0.915159
-0.870311
-0.0365587
-0.833838
0.949302
0.925352
0.988133
-1.91348
-0.933344
-0.948078
-0.291132
0.193145
1.01457
-1.95452
-0.0443453
0.835352
0.617535
-0.128145
0.0904804
0.0376645
-0.021773
0.935816
0.952248
1.92754
1.95551
-1.01838
-0.922079
1.96755
-1.19758
0.89503
1.0073
1.04264
0.0381478
1.91115
1.97766
-0.939247
-1.03932
0.00768515
-0.0695922
0.0619071
-1.35583
-0.0997294
-0.220204
0.501379
-0.9156
1.47714
-0.135895
-0.0511139
0.412663
-0.361549
0.0534958
-0.0287127
0.047849
0.0544264
0.932206
0.941053
0.489668
0.624294
1.24512
-0.866529
0.831114
-0.885914
-0.013404
0.0083933
-0.79717
1.81957
0.988444
0.119086
-0.553291
1.92982
1.00751
1.96292
-1.02097
-0.836351
-0.924395
1.91539
0.160242
1.14842
-1.94036
-0.935344
0.993278
-1.90025
0.906973
0.0237498
0.19555
0.0227132
0.956669
1.90684
-1.03111
-0.875736
-0.14034
-1.35598
-0.125733
-1.08436
0.758656
1.35317
-0.164606
-1.93746
-0.11399
-0.0356273
-0.103563
0.13919
0.656309
-0.936092
1.80152
-0.865425
1.86548
-0.846407
-1.01908
0.986751
0.0167509
1.35624
0.93454
0.984764
-0.925479
-1.53157
-0.510444
-0.52159
1.03203
0.0193718
0.838214
0.157132
0.37466
-0.531792
1.95511
-1.03299
-1.03048
-1.0381
-0.686458
-0.903091
1.58955
-0.128041
-0.966702
-0.128116
0.5498
-1.66767
1.89518
-1.0143
-0.601453
1.42511
-0.0441371
0.155952
-0.232435
-1.74593
0.809843
-0.608798
0.0339401
-0.10497
1.88848
-0.929687
-0.958789
1.28278
-1.0308
1.20347
0.639901
-1.24326
0.603358
0.677778
0.961222
-0.0116919
1.74421
-0.980874
-0.707416
-0.106911
-0.0339208
-1.90005
-0.249713
-0.0534622
-0.947797
-0.064417
1.07141
0.817065
-0.893718
1.84765
-0.953931
0.964127
-0.11875
0.20936
-1.56031
0.787004
-1.71813
0.931124
1.04877
-1.64332
-0.864017
1.7333
-0.887771
1.60363
-0.323284
0.253783
0.047134
-0.047134
0.184971
-1.1804
-0.991058
0.61153
-0.116391
-1.00709
-1.21323
0.833347
1.90666
0.803357
0.131499
-0.992633
1.91219
0.984405
-1.91694
-1.98012
0.940795
0.532383
-0.168563
0.488275
0.975004
-0.175106
-0.999378
0.275368
-0.966618
1.91583
-0.16261
0.0757848
1.01104
-0.330786
-0.433172
-1.41247
-0.929029
1.91343
-0.0471122
-1.74909
0.842245
0.0271097
0.897449
0.592497
-0.713835
0.121338
0.907202
-0.118381
-0.136987
0.398316
0.0345663
-0.0345663
-0.784287
0.665911
-1.92265
1.05234
0.0494508
-0.0404512
-1.04558
-0.035396
-0.22642
-0.104562
-0.0607879
-0.396843
1.76995
-0.771578
-0.126987
-0.525186
1.09095
-1.10301
-0.30965
-0.0224988
0.332149
-0.084946
-0.102522
-0.0860203
-0.0708944
0.449881
1.7823
-0.814422
-0.1568
0.922757
0.990311
0.857696
-0.446299
0.395185
0.0663874
0.972776
-0.223565
1.01017
-0.737898
-1.3842
2.1221
-1.46525
0.562966
-0.0724517
-0.0657058
-0.0827756
-1.96268
-0.10237
1.18935
-0.652504
-0.536844
-1.47069
0.0019086
0.995407
-0.193114
0.100276
0.489703
-0.77613
-0.505402
-1.47952
0.172051
0.360332
-0.0976136
-1.71575
0.939618
-1.19064
1.00976
0.507998
0.866891
1.01455
-1.88144
-0.31267
-0.509308
0.560411
0.176467
-0.07891
-0.878723
0.494438
-1.23234
0.193022
0.164446
0.540498
-0.259293
0.75364
1.06733
-1.82097
-0.0935404
-0.675812
1.13405
0.972628
-1.05671
-0.897813
-0.0785797
-0.489538
0.0176214
0.614844
0.0839545
-0.253591
-0.348422
-0.834566
-0.170241
-0.0678464
0.185087
0.134361
0.0154009
0.98316
-0.0762472
-0.73953
0.968644
-0.25207
0.948454
0.689543
0.170465
-0.871583
0.0461257
0.92067
-1.83871
-0.696054
1.81823
0.0449865
0.0537873
-0.173729
1.04998
-1.74603
1.64423
-0.767533
0.631358
-0.0916855
0.333444
-0.751107
-0.587656
-0.158617
0.066467
-0.725359
1.69629
0.78622
-1.47268
-1.76215
0.808223
1.72591
-0.976324
-0.749581
0.352043
0.765377
0.29141
0.384992
-0.676403
-1.05529
0.544842
-0.952311
1.82195
0.234318
1.10747
-1.85096
0.743491
0.974312
-0.621021
0.00732012
-0.139939
0.807999
-0.151761
-0.90824
1.68843
-0.780185
0.682882
-1.427
0.744113
-1.05656
-0.940484
1.90376
-0.954005
0.849758
-1.86934
1.11521
-0.626279
-1.28216
1.91709
0.211528
0.0433126
1.01652
0.789796
0.640525
-1.43032
-0.445954
0.164844
0.240991
-1.08041
-0.976046
-0.520228
1.49627
0.918871
-0.788055
-0.158736
0.00187173
0.156865
-0.370664
1.66935
-1.19183
-1.98968
1.2693
1.48468
0.0638201
0.760101
-1.52276
0.241371
0.351126
0.000186024
-1.63697
0.473418
-0.622419
-0.739344
-1.48004
-1.59468
0.745919
-1.00536
0.379052
0.0391353
0.889243
1.0552
0.627717
0.561631
-1.14524
2.01213
0.952175
-1.10427
-0.0241097
0.409064
-0.530623
-0.943687
1.47431
-0.0415299
-0.0463975
1.80341
-0.329467
-0.196433
-0.0422654
0.942674
-1.21251
0.00174725
-1.38759
-1.27641
0.322275
0.778731
-1.38018
-0.97057
1.92394
1.8643
0.119775
-1.89099
1.07649
1.21295
0.841867
-0.0927898
0.448598
-2.03268
0.805069
0.839511
0.956104
0.261456
-1.01906
1.82729
-0.017407
0.0319569
-0.0145499
1.3118
-0.671897
-1.10923
-0.0234621
0.468184
0.318067
1.36397
0.5271
-0.532104
0.0622117
1.00595
-1.77559
-0.952362
0.638998
-1.53921
0.946521
0.958278
-1.45851
1.58836
-0.937951
-0.957189
1.52217
0.419534
-0.678107
-1.94547
1.01012
-0.0768901
-0.653273
0.329116
0.726636
0.384113
-0.121137
0.00282865
-0.113444
0.771527
-1.82065
0.965111
-0.353334
0.740667
-1.53672
-0.932656
1.43045
-0.0112506
-1.21814
-1.28563
0.232694
0.0064594
0.696517
0.519286
-1.39394
1.51856
-0.124612
0.696932
0.836728
-1.53366
-0.981327
0.784342
-1.07186
-0.407299
1.47916
0.592674
-1.16184
0.989332
1.72288
-0.783263
-1.54488
-0.0366426
1.21972
-1.92154
-1.09781
0.782089
-1.49687
0.714782
0.464091
-0.970537
-0.0342815
1.00482
-0.330458
0.313423
0.0096543
-0.323077
-0.586654
0.262158
0.0113536
1.32522
-0.530342
1.9048
-0.16368
-0.204655
0.368335
0.181026
-0.198388
0.289871
-0.896546
-0.906723
1.49447
0.776826
-1.29151
-0.65159
1.42717
-0.922182
-0.504986
-0.072005
-0.0323825
-1.95343
-0.57656
0.858278
-1.22535
-0.193811
-0.615542
-1.46357
1.11652
-0.685062
-1.91292
-0.780456
-0.00547398
0.267827
-0.844466
-1.14074
0.552056
1.6991
-0.939001
-0.758282
0.556552
0.597288
0.839012
0.812123
1.42811
0.130485
-0.773966
-0.975945
0.682396
-0.819231
1.36506
1.87178
-1.11814
0.688541
0.184105
0.360191
-0.374084
0.0138927
0.284075
-0.00132609
0.96744
-1.34057
-0.857537
1.11838
-0.718584
0.854912
-0.0177295
-0.0438299
-0.86695
-1.19073
0.729881
0.460846
1.49834
-1.66975
0.171417
-1.50824
0.604775
0.181829
-0.492848
1.21255
-0.675332
-0.0375056
0.0246832
1.39005
-1.26642
-0.123628
-1.14457
0.0602093
-0.309337
-0.753318
-0.0109322
-0.487315
0.498247
-0.269599
0.212473
0.229331
0.158451
-0.212581
0.676127
-1.43396
-0.576513
1.13557
0.520605
0.185603
-0.0214908
-0.610389
1.07886
0.739371
0.942801
-1.35986
-0.0299975
0.0645244
-0.0645244
0.571463
-0.43551
-1.04737
0.5527
-1.49639
-0.0276787
-0.31482
1.04555
-0.0243889
-0.660209
-0.766786
1.86196
-1.73419
0.267234
0.956834
0.94028
0.305111
1.30205
0.312438
-0.207727
-0.104711
0.94152
-0.0482287
-0.893291
-1.05609
0.622106
-1.35845
0.736345
-0.174173
-1.04592
1.10683
-0.0609164
0.503225
-1.57509
-0.85683
0.109949
-0.799939
0.179685
-1.21453
1.20468
-1.38697
1.27938
0.107585
-0.18092
-0.142364
0.699995
-1.43495
1.07697
-2.0411
0.964131
0.0248642
0.000646998
-0.265587
-1.18661
0.529194
-1.48194
0.0960076
0.943282
0.89339
-1.83667
-0.396814
0.985992
0.124793
-0.0359663
-0.0888269
0.102095
-0.102095
1.53372
0.579375
0.747512
1.18618
0.407698
-0.902148
0.0126281
0.188425
0.555836
-1.00496
1.90241
-0.133896
1.63223
-1.59241
-0.42269
-0.10049
0.271547
-0.620055
-0.726047
0.319639
0.406408
-1.24247
1.2675
-0.0250322
0.604962
-1.35607
0.65533
-1.63635
0.981023
1.51115
-0.123725
0.194113
-1.41405
0.369941
0.0833743
-1.09767
1.16976
-1.14212
0.519694
1.10709
0.110405
-0.952136
0.380555
-0.058712
-0.0681552
0.335273
-0.142128
0.559415
0.951736
-0.184796
0.189701
-1.48927
-1.49617
1.62412
-1.61869
-1.00227
1.82518
1.11603
0.221123
-0.0911366
0.779076
0.603591
0.854816
0.194414
-0.00942654
-0.376856
-1.0816
-0.14758
-1.24001
-0.702374
0.000721191
-0.000721191
0.429573
-0.248594
0.586375
-1.56242
-0.0121474
-0.967328
-0.00829632
0.00829632
-0.955713
1.56843
-0.82432
-0.0171937
0.0171937
0.302097
1.2421
0.0419067
0.411646
-0.0262292
0.0262292
1.18794
-0.0286378
0.0286378
0.04974
1.2591
-1.30884
0.122333
-0.0362372
0.0362372
0.268284
-0.0583656
0.227211
-0.168845
-0.0228181
-1.16094
0.559999
-1.51141
-0.469922
0.036022
-0.036022
-1.4527
-0.566107
-0.614346
-0.35939
0.992718
-0.633328
-1.22376
-0.0308443
0.0308443
-0.13635
0.0922131
-0.0343639
0.0343639
-0.583246
-0.527918
0.0360831
-0.0360831
-1.87282
-1.00301
-0.0357108
0.0357108
0.292385
1.14949
0.0301065
-0.0301065
-0.0331476
0.0331476
-0.0858891
0.0280359
-0.0280359
-0.0329571
0.0329571
-0.595721
0.826563
0.0280662
-0.0280662
-0.0966838
0.0624121
1.48888
-0.753239
0.0186583
-0.0186583
-0.0448423
0.0448423
-1.34961
-0.127365
-0.457584
-1.0388
0.0257821
-0.0257821
0.603384
0.155181
-1.40741
1.53113
-0.981329
-0.245537
0.158081
0.0874562
-0.168949
-1.39136
-0.0105378
-0.97676
1.26471
0.357698
0.927148
-1.53591
0.62638
-0.206978
0.534299
-0.32732
0.0375609
-0.0375609
0.010265
0.0562719
-1.27441
0.394261
-0.421918
-0.0292888
0.0262282
-0.0262282
0.0249801
-0.0249801
0.0232701
-0.0232701
0.0216082
-0.0216082
0.0249701
-0.0249701
0.613719
0.572466
0.0266274
-0.0266274
-0.0250039
0.0250039
0.101928
-0.0416047
0.0416047
0.240774
-0.0404809
-1.30815
0.934111
-1.80423
0.780773
0.914503
0.0246847
-0.0246847
-0.0461275
0.0461275
0.024962
-0.024962
0.470306
-0.446118
-0.365593
-0.129998
0.0272043
-0.0272043
-1.40799
0.0301642
-0.0301642
0.636674
1.33723
-0.469039
-0.388478
0.241535
0.0272705
-0.0272705
-0.0365752
0.0365752
0.0356494
-0.0356494
-1.51932
0.999095
0.363513
-0.298292
-0.0652202
-0.00117131
-1.23686
0.133854
-0.0385441
0.0385441
-0.278626
1.40799
0.139162
-1.10748
0.0194333
-0.0194333
-0.812843
-0.0401533
0.0401533
1.58067
-1.50322
-0.0300333
0.0300333
-0.0395521
0.0395521
0.0902451
-0.0902451
0.617799
-1.56256
-0.0284042
0.0284042
-0.0401991
0.0401991
-0.500443
0.941746
-0.441303
0.827225
-1.73318
-0.542542
-0.610656
1.1532
-1.51873
-0.04715
0.819915
0.99965
0.0315267
-0.0315267
-0.0235242
0.0235242
-0.0324026
0.0324026
0.752202
-1.59266
0.837432
-1.84239
-1.44113
1.44113
0.675821
-1.33016
0.392004
-0.0849624
1.2668
0.032698
-0.032698
-0.0423261
0.0423261
-0.94608
-0.531218
0.0267344
-0.0267344
-0.0468571
0.0468571
0.470605
-0.61091
0.0388035
-0.301898
-0.0490254
0.0490254
0.0213869
-0.0213869
-1.72103
0.886467
-1.5885
0.557701
0.015124
-0.015124
-0.118957
-0.00208264
-0.0557042
0.0557042
0.0173354
-0.0173354
-0.043315
0.043315
0.00264605
-0.00264605
-1.26584
0.996539
-1.32033
0.033348
0.873431
-1.82123
-0.0414761
0.0414761
-0.0129411
0.0129411
-0.0678185
0.0678185
-0.00133557
-0.277307
0.503315
-0.0208932
0.0208932
-0.118564
-0.459497
-0.0439851
0.0439851
0.235629
0.301319
0.708856
0.0378489
-0.903618
-0.0436512
0.0436512
-0.04534
0.04534
-1.38134
1.38152
-0.404888
-1.00156
1.40645
-1.36738
-1.16435
0.567587
0.0633074
-0.368733
0.305425
-0.0632158
0.0632158
-0.00955926
0.00955926
-0.041454
0.041454
0.514439
-0.235138
0.694297
0.155141
-0.683257
0.528116
0.446368
-0.212565
-0.376438
-0.299878
0.676316
0.071173
-0.071173
-1.43447
1.43447
-0.0412407
0.0412407
0.539689
-0.403755
-0.454053
0.102897
-1.09261
0.108468
-0.108468
0.0734363
-0.0734363
-0.227705
-0.0285692
-1.14074
1.29638
-0.0346644
-1.1891
0.819676
-0.132525
0.132525
0.0249324
0.046911
-0.046911
0.753657
0.431371
-0.405269
-0.255318
-0.563315
0.343112
0.414624
-0.397003
-0.0892843
-0.440444
0.510703
-0.0702596
-1.70801
0.860948
-0.149215
0.149215
0.564552
0.280858
-0.0504612
0.0504612
-0.721278
0.839778
-0.972929
-0.151033
0.0195952
-1.28543
-0.16618
0.16618
-0.051281
0.051281
-0.0513798
0.0513798
-0.0586999
0.0586999
-0.0534338
0.0534338
-0.0553056
0.0553056
-0.0529376
0.0529376
0.252086
-0.228226
0.0536144
-0.053626
0.053626
0.847589
0.0631713
-0.0631713
0.373218
-0.134312
0.244305
-0.16663
0.16663
0.725061
-1.58908
-0.183564
-0.251288
0.0548543
-0.122113
-0.332783
0.454896
-0.158056
0.158056
0.524911
-0.136386
0.136386
0.134388
-0.115555
0.115555
1.3414
0.59178
0.278655
-0.0732898
0.0732898
-0.572572
0.0808248
-0.185685
-0.39614
0.581825
0.0135588
-0.0135588
-0.133903
-1.0465
0.123842
-0.186673
-0.0917382
0.461679
-0.929155
-0.13081
1.26564
-0.921903
0.502346
0.149543
-0.978188
-1.37977
0.45341
-0.00468922
0.0581408
0.00765691
0.423248
-0.134114
-0.010075
-0.0396416
1.0998
1.15136
0.0873338
-1.2387
1.27049
-0.912792
0.236246
0.918494
-0.81071
-0.107784
0.445708
-0.320234
0.128994
-1.31714
0.923021
0.394118
-1.46083
0.749341
-1.00856
-1.53696
0.0234929
1.51346
1.38406
-0.703382
-0.993145
-0.904733
-1.07716
-1.33561
-0.00496299
0.0971899
-0.0971899
0.14427
-0.478106
1.05096
0.434962
-0.436617
1.26773
0.0170464
-0.0170464
-0.174301
-0.841983
-0.0430858
-0.938709
0.476649
0.711294
0.30228
-0.364897
0.332073
-1.1986
-0.289433
-0.0278173
0.439395
-0.373024
-1.00674
-0.810122
-0.447416
-0.524398
-0.0954658
1.89775
1.31688
-0.0577768
-0.0409472
0.258681
-1.08549
0.637746
-0.149271
-1.05241
1.72466
1.40358
-0.156547
-0.134534
-1.53955
-1.28758
0.240213
0.892618
-0.0200094
2.02051
-1.16281
-0.0140167
-0.0298132
1.16009
0.412576
-0.530897
-0.0508339
-1.09257
-1.10955
0.470219
0.244119
-0.895888
-0.746398
-0.223497
-0.0564829
0.0564829
0.00783569
-0.00783569
-1.08019
0.464404
-0.760629
0.296226
-0.754668
1.06172
-0.619099
-0.608085
-0.330696
-0.119558
-1.14837
0.237403
-0.283005
0.348587
-1.05498
0.731889
0.323087
-1.07657
1.04229
1.29987
-0.920601
-0.379267
-1.10003
0.140226
-0.00391572
0.632181
-0.916425
1.47642
1.37459
-0.66696
1.25963
0.12197
-0.0980372
1.32549
-0.80928
-1.18262
1.18262
-1.2748
0.248659
-0.130262
-0.118396
0.707878
-0.200526
-0.87655
0.137704
-1.42046
1.416
-0.40712
0.374851
0.914287
-0.962124
0.0478365
-1.81766
-0.402395
-0.200426
-0.00929936
1.14837
0.505057
-1.19073
0.68567
-0.207847
-0.00192503
0.252694
1.09363
-1.34633
1.21654
0.130869
-0.639186
0.114789
0.336926
-0.160556
0.204277
0.00331117
0.348855
-0.416339
-1.22643
-0.194388
1.51091
-0.950499
0.463965
-0.520476
-0.0019481
0.522424
0.713748
-0.851918
0.138171
0.432765
0.0682611
-0.0682611
-0.193931
0.660377
0.387076
1.34086
-1.34086
0.375233
0.0259715
0.549719
-0.537384
1.09782
-0.125689
0.574731
0.360891
-0.12374
1.90122
-0.934625
-1.06699
0.14151
-0.122441
-0.292065
0.414506
0.26422
-0.498408
-0.457653
-0.059558
-1.1157
0.00821186
1.14602
-0.486237
1.1727
-0.68646
0.339767
-0.0906102
0.963516
-0.205797
-0.0145124
0.820623
-1.52804
0.991423
0.908155
0.0832683
0.993019
-1.14111
0.447708
-0.0384964
-0.250937
1.0316
-0.965709
-0.0658897
-0.342951
0.314881
-0.106104
-1.73323
0.530952
-0.333482
0.424847
-0.111424
-0.970296
1.77536
0.0045359
-0.102874
0.0928669
0.793493
-0.841722
-0.016154
0.016154
-1.48775
0.4083
-0.0902363
1.86462
-0.477997
0.706847
-0.117329
-0.220391
0.197689
0.493302
-0.00304045
0.136256
-0.0788111
0.2746
0.956232
-0.989251
0.0330192
0.0320056
-0.0320056
0.0884878
-0.0884878
-0.802023
1.62925
0.660918
-1.53409
-0.0390539
0.0390539
1.14111
-0.539962
0.427563
-0.605867
-0.52722
1.13309
0.0230544
-0.12046
-0.42728
-0.695827
0.289642
0.352489
0.358663
0.490244
-0.421715
0.874706
-0.0115722
0.0115722
-0.96392
1.56751
-0.157794
0.157794
0.22106
-0.183094
0.476128
-0.293033
-1.09178
-0.151298
0.316744
-1.12684
0.589998
0.317983
0.287214
0.470926
0.75353
-0.700689
-0.443301
0.372407
-0.319832
0.479331
-0.159499
0.450354
-1.32983
0.132251
1.86289
-0.890117
-0.285667
-0.183113
0.46878
-0.175737
0.649156
0.00734931
0.0795657
-0.086915
-1.27356
-0.249814
0.224476
0.611218
0.111296
-0.0651702
-0.861023
0.00789673
0.0577867
0.334766
-0.621066
0.111086
0.0109328
-0.12989
-1.65064
-1.3503
1.38027
0.25196
-0.00437384
0.00437384
-0.128757
-0.902136
-0.00148245
0.0273262
0.552735
-1.45008
-0.0440968
0.203017
-0.158921
-0.065277
0.065277
1.39054
-0.37301
-1.01753
-0.435287
0.117057
-0.840988
0.418298
0.219723
-0.05967
0.259246
-0.116704
0.256999
-1.34878
-0.878621
-0.0539687
-0.717115
-0.141581
1.1393
-0.0595939
0.0556284
0.00396555
0.473653
0.268577
0.145435
0.850533
-1.65256
0.320409
-0.209415
-0.272359
-1.46357
0.580249
0.914224
0.123148
-0.123148
0.804412
0.200407
-0.457925
0.375485
0.144524
-0.552997
1.16672
-0.258018
-0.46803
-0.598565
1.3576
-0.629195
1.44982
2.02101
-0.457763
0.160015
0.346013
0.928411
-0.757946
-1.10292
0.975742
-1.5685
-0.807086
0.307222
-0.362066
0.0563205
0.305746
1.41959
-0.111122
0.116672
-1.00996
-0.0190418
-0.145064
-0.413057
0.323302
-1.57469
0.183322
0.490148
-0.0952197
-0.855053
0.171369
1.60787
-0.930097
0.440796
-0.877774
0.337848
0.0712161
0.949847
0.239467
0.322837
0.349993
-0.431361
0.561837
-0.501737
0.132809
-0.251956
0.906166
-0.143019
-0.252152
0.395171
0.819614
0.490665
1.29724
0.492276
0.273545
0.0249324
-0.146188
-0.238224
0.384412
-0.18371
-1.0823
-0.958799
0.00282865
-0.1114
0.479974
1.12491
-0.572858
-0.918115
0.00899714
-0.0550681
0.206329
-0.519178
1.21589
-0.135538
0.128658
0.418589
0.370609
-0.682822
0.651152
-0.331513
-0.346271
-0.101885
0.448156
-0.741448
-1.09522
0.257473
-0.0124599
-0.0107207
0.23178
0.952059
-1.28407
0.332008
-0.0318995
0.425193
-0.393293
-0.0126342
-0.656234
-0.933015
1.23765
0.11301
-0.00301381
0.0321164
-0.377446
-0.124378
0.375793
0.343594
-0.474987
-0.269491
-0.0679924
0.337484
0.768543
0.225536
-0.225536
0.592332
-0.0914872
-1.50092
-0.105428
-0.268656
0.745778
-0.453393
-0.152366
-0.414689
0.00902698
-0.00902698
-0.24892
-0.135668
0.384588
-0.475159
0.258908
-0.00903546
-0.176282
-0.275183
0.510152
-0.892035
-0.317927
0.908147
-0.646307
-0.291585
-1.00535
-1.15036
1.58941
-0.977884
-0.200945
-0.318234
-0.298935
-0.745051
-0.716426
1.20667
-0.238861
-0.402166
-0.23369
-0.268595
0.502285
-0.290074
0.471902
-1.16561
0.653813
-1.57193
0.253448
-0.199021
0.0297769
-0.012859
0.755259
0.457686
-0.589862
-0.118403
-0.178969
-0.202913
0.381882
0.183139
0.687274
-0.226919
0.246291
-0.222824
-0.17027
0.563033
0.00165806
-0.467743
0.943305
-0.475562
-0.286939
-0.205372
0.492311
0.545479
0.128759
-0.0218593
0.717673
-1.24978
-0.825001
-0.318865
0.737454
0.295785
-0.256037
-0.0397483
1.23527
-1.23527
-0.00134689
0.0382098
0.289536
-0.616856
1.22213
-0.433776
0.157666
0.27611
0.20881
1.60085
-0.848644
-0.785013
0.265875
-0.373407
1.47773
-0.651831
1.50236
0.00256324
1.0104
0.593229
-1.51244
-0.170206
-0.0068194
0.23988
-0.233061
-0.212117
-0.0020706
-0.323044
0.270963
0.000190521
-0.165243
-0.127386
-0.0403064
0.0403064
-0.208804
-0.238571
0.447374
0.225307
-0.272419
1.27593
3.02181e-05
0.00250893
-0.905342
-0.253298
0.217902
0.306331
-0.408852
0.24251
-0.825231
1.28413
-0.140528
-0.466184
-0.589101
-0.286328
0.575864
-0.11171
0.292433
-0.163439
0.274061
-1.96848
0.668597
0.46545
-0.325544
0.253092
0.0161719
-0.21456
0.608085
-0.228549
0.714215
0.0966613
-0.810876
0.165748
-0.270718
-0.457948
1.51029
-0.871498
-0.518176
1.04528
-0.170787
-0.361005
0.341799
-0.426762
0.448801
-0.568129
-0.949258
1.44791
0.435917
-0.648498
-0.635551
0.466989
-0.0385249
0.331694
-0.499504
-0.302239
1.27653
0.882544
0.639624
0.127827
0.789229
-0.428385
-0.360844
0.332053
0.304543
1.71929
-1.24836
0.348281
-0.427191
0.795468
0.83378
-0.448242
-1.29592
0.145565
-0.00404385
0.236925
0.254026
0.00742984
0.418965
-0.00306059
0.58753
-0.00124808
-0.00171006
-0.00166187
-0.00622824
0.00336191
-1.2837
1.78872
-0.438227
-0.000319199
-0.555483
1.08468
1.19632
-1.73503
0.538711
-0.00139767
0.0487823
0.000277302
-0.0776306
0.41943
-0.0257063
0.0257063
0.100894
-0.0104134
-0.965112
1.57007
0.0382098
-0.32019
0.726599
0.0022423
-0.484449
-0.47682
0.369909
-0.225478
6.61837e-05
-0.843315
-0.261901
-0.00641101
-1.30651
0.0781488
-0.310583
0.00837883
-1.33974
0.29324
0.226409
-0.314484
0.72813
-1.57145
-1.01866
0.367417
-0.158641
0.158641
-0.00196888
-0.0576986
0.00147976
-0.17468
0.180168
0.645136
1.63734
0.477892
-0.668233
1.6076
-0.00160922
0.381346
0.0187431
-1.17968
0.106936
-0.165302
-0.147384
-0.409452
0.35074
-0.20878
0.0165557
0.323907
-0.084411
-1.19
0.547016
0.000601237
-0.384049
-0.0622505
1.1601
1.01976
-0.778228
1.14642
-1.12682
0.619208
0.327339
-0.418997
0.448273
0.481554
-0.274413
0.250024
1.22273
0.0182403
-0.700538
-0.0701051
0.178737
-0.208734
1.13882
0.39899
0.0496077
0.480944
-0.491876
-0.331591
-0.103696
1.85013
0.14668
0.191357
-0.0332761
-0.0149093
0.0229281
-0.449674
0.426746
-1.10347
-0.761301
-0.969326
0.130226
-0.0483059
-0.0819197
0.453199
-0.894503
-0.0179298
-0.857505
-1.36297
-0.01185
0.0115538
-0.616214
0.149169
-0.00216827
-0.00534747
-1.27351
-0.000752511
0.31913
-0.533933
-1.11796
-0.658276
0.452479
1.32093
0.568544
-1.1414
0.605642
0.759417
-0.530813
0.122459
-0.0401483
-0.0190722
1.42093
-0.497912
-1.16207
0.21532
0.110858
-1.19543
-0.37266
0.291565
0.23641
-0.24571
0.0018389
-0.0155871
1.05588
0.643223
0.596652
0.674538
-0.878491
-0.320111
-1.10975
-0.710516
1.01493
-0.436507
-0.360101
-0.275948
-0.339525
0.329135
-1.0816
-1.59989
-0.00377815
-0.297158
0.389426
-0.0922676
-1.34183
-0.920943
-0.0195646
1.37628
0.00388596
-0.291104
-1.38518
0.242563
-0.638704
-0.355603
0.317466
-0.601991
0.284525
0.411038
0.000213296
-0.566376
0.429335
-0.0827962
1.43064
-1.30387
-0.655425
0.389988
-1.32921
-0.0306507
-0.144861
0.134323
0.260826
0.985747
0.117044
-0.230299
0.268447
-0.0926772
1.4715
-0.865858
-0.0240574
-0.823722
-0.104085
-0.0151586
0.119244
1.582
-0.85387
-0.725277
-0.422196
-0.146003
0.568199
-0.537399
0.336304
-0.655169
-0.0166895
-0.0035502
0.437236
-0.589602
1.24308
0.513947
0.00329405
-0.245276
-0.413
1.73562
-0.90883
0.112351
0.129697
-0.0169654
0.398968
-0.0441838
-0.250592
0.213086
1.36439
-0.669707
-0.35738
0.463955
-0.106575
0.170684
0.505443
-0.526313
-0.539066
-9.88346e-05
-1.14099
0.683067
0.43558
-0.37039
-0.000450246
0.737619
0.686634
-1.42425
0.00236799
-0.380902
0.258789
-0.000688369
-0.15702
-0.465399
-0.367488
-0.425742
-0.567932
0.334242
0.0179402
0.00857425
-1.33418
0.336885
0.59254
0.620013
0.0216703
0.0978431
-0.686402
0.925962
0.0208308
-1.09946
-0.178279
-0.547885
0.477553
-0.572603
-0.0219165
-0.50439
0.186157
-0.450997
1.13667
2.00052
-1.21618
0.0658651
0.825811
-0.767671
0.635154
0.0865577
0.131141
-0.179309
1.17651
-0.25564
0.227071
-0.0168752
0.391618
0.762083
0.905195
-0.774469
-1.02552
1.16617
0.417995
-0.493186
-1.25708
-0.389978
-0.298277
1.03017
0.901579
-0.804918
0.0318455
0.396547
-0.386893
-0.468502
-0.248336
-0.116092
0.60179
0.177814
-0.650648
0.472834
-0.0889792
-1.37459
-1.29764
0.0982227
0.0675299
-0.571605
0.545252
-1.04768
-0.0959504
1.0418
-0.773365
-0.39738
0.909539
-0.583993
-0.325545
-0.251229
-0.182547
0.419777
-0.00178254
-0.135815
0.570777
-0.205475
-0.0443389
1.31304
1.18529
0.281745
-1.14576
-0.0264791
-0.199744
0.135327
-1.01071
-1.05721
-0.199155
0.093604
-0.0914357
0.80318
-0.0627571
-0.251446
0.314203
0.272271
-0.0715098
-0.290557
0.192623
1.25668
0.697248
0.143184
-0.0090206
-1.34584
0.147875
-0.0947465
0.134033
-0.161524
-1.02139
-0.320004
0.0426964
0.131127
-0.133152
0.00202488
-1.11739
0.384797
-0.815774
0.98022
0.00452863
-0.0264451
0.493122
0.328936
0.722225
-0.00892418
0.0761718
-0.076491
0.0810716
0.0853464
-0.0852802
-0.00196635
-0.66671
-0.379748
0.343387
-0.44709
0.503357
0.35337
-0.457933
-0.0782589
0.0808222
-0.578735
0.336956
-0.106103
0.578764
0.349295
0.0164716
-0.0164716
0.0225858
-0.0783337
0.0770856
-1.20201
0.10844
-0.738025
0.0117782
0.270591
-0.519502
1.06755
-0.35963
0.216729
-0.249257
0.0325278
0.55848
-0.443691
0.32943
0.0523237
0.0691177
-0.0639499
-0.298184
-0.0667385
0.429168
-0.150512
-0.738819
-0.0613764
0.398332
-0.478095
-1.32269
-0.955808
1.79402
-0.380718
0.314645
1.62453
0.468775
-0.0541506
-0.715042
0.245591
-1.13166
1.52618
-0.394519
-0.0665612
0.0665612
0.17758
0.0151689
-0.192748
0.254895
-0.100358
-0.154536
-0.272231
0.328551
0.248455
0.326067
-0.39721
-0.65157
0.885887
0.474661
0.635268
-1.52538
-0.0753913
0.358413
-0.249227
-0.228913
-0.224517
-0.00373649
0.435275
-0.174449
0.275081
-0.221586
-0.00454004
-0.0300262
-0.219859
0.267708
-0.745078
0.303698
-0.397239
-0.763689
1.20308
-1.27248
-0.144753
-0.38606
-0.0373286
0.432514
0.0902721
-0.420968
0.733355
0.00628574
-0.591102
0.427619
1.31491
0.323661
-0.78206
0.252794
-0.293245
0.843835
-0.71335
-0.353314
0.179497
-0.213418
0.250387
-0.333162
0.13208
0.0227327
0.0301748
-0.88768
-1.21395
1.63456
-0.994941
-0.0122095
-0.147182
0.0271996
0.00364467
0.0264796
1.02722
-1.0537
0.195084
0.369889
0.0143467
0.345986
-0.397419
0.329573
1.55238
0.260446
-0.35806
0.233382
-0.36037
-0.372757
-0.238152
0.0271996
0.0736774
-0.0882273
0.68041
0.00244598
-0.0990179
0.135585
-0.233511
0.0512843
0.0536425
-0.0536425
-0.0815808
-0.118
-0.221153
-0.75379
1.17704
0.0653663
-0.285493
0.157451
-0.0354924
-0.441811
0.339441
0.17312
-0.0325453
1.55763
-0.965849
-0.17067
-0.0604944
-0.42682
-0.230457
-0.00298664
-0.588303
-0.983625
0.424263
-0.477807
-0.77197
0.0591014
0.278382
-0.494584
1.05326
0.0272401
0.0980505
0.0647004
-1.13415
-0.0272401
-0.930331
-0.184349
0.17984
-0.516977
-0.0550427
0.417951
-1.49836
-0.66573
0.130532
-0.0572833
-0.123876
0.0846101
0.112637
-0.0233087
-0.581537
0.11555
0.269039
-0.282861
-0.0839351
-0.30485
-0.0811472
-0.890768
0.15156
0.230322
0.392026
-0.506016
1.22999
-0.459611
-0.552726
0.323813
0.818717
-0.298027
0.378851
0.00801944
-1.30301
1.21403
0.929583
-0.394498
-0.535086
-0.280037
0.0239998
0.0913829
-0.317803
-0.190339
0.354407
0.0677417
0.809452
-0.958674
-0.489064
0.298725
0.0670581
-0.0257308
-0.139278
-1.18239
0.164147
-0.191826
0.0497502
0.113712
-0.163462
0.00976745
-0.0383071
0.0383071
0.442981
-1.05177
0.52455
0.018057
-0.018057
-0.687819
-0.3198
0.168039
-0.0804662
-0.21473
0.816253
-0.678082
0.346337
-0.099655
0.0962537
0.0159925
-0.0325453
0.908495
0.280035
0.295829
-0.395354
0.00206104
-0.229869
0.588532
-1.46821
-0.500273
0.363868
-0.114352
0.152016
0.197418
-0.601547
-0.157121
0.0286393
-1.94797
-0.68197
-0.0188607
0.174396
-0.517357
1.0318
0.0144008
0.112947
0.0286707
0.652661
0.18355
-0.205041
-0.0286707
-0.00343454
-0.195287
-0.323729
-0.935687
-0.138495
-0.703227
0.806127
0.291693
-0.0641532
-0.197897
0.41255
-1.34265
0.00101063
-0.169473
-0.129593
-0.0578811
0.061685
1.68992
-1.20073
-0.411083
0.0234127
-0.369935
1.33811
-0.0606752
0.708259
-0.739488
0.960611
-0.0139493
-0.782324
0.646651
0.0203987
0.293193
-0.0749777
0.0335882
-0.692275
0.453414
-0.672885
0.497148
0.0723044
0.119165
0.641756
-0.314034
-0.160953
0.038188
-0.498514
-0.275866
-0.0154802
0.402578
0.0636337
-0.518269
0.454635
0.0351362
0.0203967
0.239581
1.02367
-0.882155
1.0469
0.07606
-0.0203967
1.64526
-0.519845
0.187062
0.00195844
-1.10543
-1.38875
0.188314
0.170483
0.408213
0.0185328
-1.07013
0.181187
-0.0751576
0.826632
-0.748413
1.07299
-0.0326207
-0.0258921
-0.0945677
-0.861092
1.06007
-0.12345
-0.0577792
-0.180295
-1.14501
-0.0419725
-0.117574
0.0475249
-0.274569
-0.767407
1.1522
-0.00859157
0.0667233
-0.583718
-0.000849694
-0.112259
-0.0208929
-0.109989
-0.108633
0.280275
1.4364
0.853428
-0.482599
0.420348
1.46507
-0.409193
-0.113266
0.9959
0.506464
-0.368106
-0.522498
0.399048
0.0824382
-0.163644
0.528745
-0.0935297
0.390468
-0.106393
0.319183
0.0120947
0.0321354
-0.284205
0.158709
0.613165
-0.0425336
-0.141534
-0.314304
-0.607659
0.379954
0.394438
1.81698
0.00914873
0.262347
-0.340927
-0.0130891
0.134421
-0.299463
-0.136107
0.106784
-0.0251843
-1.39275
0.0585725
-0.256897
0.129419
0.342484
-1.53343
-0.453165
0.797156
-0.400384
-0.396772
0.055956
1.16618
0.45505
0.397001
-0.169528
-0.381227
-0.387923
-0.489852
1.21192
0.123428
-0.175198
-0.0203987
-0.0116069
0.0575787
0.0425336
0.716267
-0.438712
-0.985541
-0.106806
-0.0954269
0.0190758
0.176602
0.270772
-0.0790363
-0.284622
0.244874
-0.287814
0.283155
-0.444108
0.36926
0.596945
-0.199011
0.19909
0.236278
-0.49805
-0.406924
0.267646
0.903921
-0.527166
-0.118491
-0.482754
-0.172415
-0.0617639
-0.136063
-0.0325989
-0.988444
1.01492
0.429903
-0.832298
-0.0105469
0.0105469
-0.659288
-0.733115
-0.485272
0.447943
-0.674034
-0.210409
1.46191
-1.25151
0.0758698
-0.0772167
-0.715492
-1.22954
0.562636
-0.135073
0.649159
0.0268354
0.312681
0.140091
-0.398457
0.298802
-0.0767549
0.0789972
-0.218231
0.0757664
0.233541
0.00208737
-0.780155
0.221555
-0.553068
0.0166134
0.306333
-0.375185
-0.0784633
0.0763088
-0.0780188
-0.954902
-0.230857
0.0681603
-0.0727003
0.0499982
-0.266822
0.372262
0.121383
-0.359982
-0.0790216
1.29914
-0.856155
-1.21329
-0.990201
-0.500598
-0.654391
1.15499
0.0459409
-0.0280007
0.0759326
-0.857745
-0.0670105
0.167426
-0.0563402
0.0833705
-0.0849798
-0.21701
-0.384537
-0.342825
0.0152537
-0.0142431
0.743717
-0.22977
0.403733
0.367076
-0.575614
-0.199563
-0.304828
-0.434122
0.773558
-1.8926
-0.242072
-0.25234
-0.00229159
0.155383
0.483342
0.346186
-0.526038
1.47551
-0.491144
-0.145731
-0.134478
-0.780907
0.332665
1.00752
1.315
-1.32645
0.0516579
-0.34046
-0.0401189
-1.00453
-0.0129954
1.55852
-0.148694
0.132004
0.304427
-0.051335
-0.195084
-1.26038
0.476602
-0.395717
-0.36634
1.58832
0.228055
-0.0304955
0.0334349
0.0629789
-0.205909
-0.684694
0.0894562
-0.0649236
0.0234127
-0.874179
0.0106227
0.182227
-0.199192
-0.279685
0.022147
0.045479
0.239881
-1.41869
-0.244454
0.857527
-0.00475567
-0.486062
-0.403394
-0.410776
-0.450293
0.328367
-0.00913258
-0.0413117
-0.0698104
0.623599
0.0964477
-1.48162
0.357096
-0.454135
0.436312
0.0683082
-0.0699701
0.468861
-1.20858
0.0300262
-0.00282661
0.559085
-0.217669
1.21357
-0.0844579
0.148964
0.75931
1.22966
-1.27385
0.142876
0.593321
-0.212367
0.200517
-0.148486
0.0887491
-0.090718
-0.0717857
0.0794426
0.0638698
0.155051
0.937047
-0.0574152
0.435554
-1.08995
0.0789014
0.512024
-0.284229
-0.227794
0.439798
-1.36012
0.0120947
-0.328818
0.0629568
-0.0650274
0.504288
-0.104158
-0.00596234
-1.04947
1.05309
0.429945
0.126475
-1.5545
-0.265585
-0.257342
-0.36688
-0.178986
-0.693459
-0.388203
1.08166
-0.0810241
-0.210419
-0.313404
0.215082
-0.193412
0.0713578
1.4812
-0.346051
-0.185992
-0.0135071
-0.272866
0.35722
-0.130675
0.00971065
0.0715873
-0.0419167
-0.116753
-0.888597
0.151275
0.00126175
-1.43506
0.0206129
0.0602093
-0.0555472
0.172054
0.00305082
0.00534249
-0.234059
-0.401192
-0.820199
-0.0538518
-0.0645507
-0.765194
-0.388688
0.0593529
0.565432
-0.379275
-1.13374
1.61675
0.365875
0.156551
1.03339
-0.0133469
-0.360557
-0.558839
0.270768
-0.256875
-0.0496824
-0.0571379
0.832379
-0.19189
-0.611892
0.249669
-0.158096
0.962982
-0.552756
-0.0479018
0.0374884
0.218407
1.64529
0.303436
0.245021
-1.34024
0.23353
0.00683898
-0.192791
-0.627408
-0.00712731
-0.662645
0.392156
-0.915919
-0.425738
-0.00988351
-0.562855
-0.327018
0.110565
-0.489841
0.46156
-0.655508
-0.325519
-0.105665
-0.400039
-0.379936
-0.203035
-0.256457
1.14115
-0.00442185
-1.34358
-0.503015
0.698968
-0.221446
0.105326
-0.485397
-0.61091
-0.461626
0.455276
0.171774
0.0338972
-0.141392
-1.09044
0.0864232
0.44486
0.00977526
0.708981
0.261422
1.0064
0.792761
-0.255597
0.645584
0.130382
0.0121996
-0.658569
0.463485
0.076616
-0.0571492
-0.0128209
-0.108611
0.518531
-0.124093
0.0980767
0.620941
0.449474
-0.430941
-0.143191
0.0266396
-1.03735
0.588326
-0.210367
0.626845
0.156444
-0.103685
-0.0269893
0.101317
-0.00846306
0.0190857
-1.4306
0.105613
-0.138077
0.44239
0.0109052
-0.00758805
0.690479
-0.652439
0.080827
-0.135772
-1.16382
0.113623
-0.109385
-0.189708
0.219433
0.108907
0.0603998
0.0863244
1.02825
-0.367874
0.0816002
-0.407858
0.332033
-0.0536508
-0.984833
0.365603
-0.0004779
-0.717745
0.116104
-0.384574
0.560891
-0.0265152
-0.437137
0.726779
-0.87232
0.25426
-0.889662
-0.653229
)
;

boundaryField
{
    SideWalls
    {
        type            empty;
        value           nonuniform List<scalar> 0();
    }
    Top
    {
        type            calculated;
        value           uniform 0;
    }
    Inlet
    {
        type            calculated;
        value           nonuniform List<scalar> 
18
(
-1.94444
-1.94444
-1.94444
-1.94444
-1.94444
-1.94444
-1.94444
-1.94444
-1.94444
-1.94444
-1.94444
-1.94444
-1.94444
-1.94444
-1.94444
-1.94444
-1.94444
-1.94444
)
;
    }
    Bottom
    {
        type            calculated;
        value           uniform 0;
    }
    Outlet
    {
        type            calculated;
        value           nonuniform List<scalar> 
18
(
1.96097
1.96105
1.96539
1.95529
1.96028
1.95501
1.94477
1.96268
1.96577
1.9683
1.96062
1.94992
1.97676
1.9528
1.98189
1.83927
1.93582
1.8034
)
;
    }
    Plate
    {
        type            calculated;
        value           uniform 0;
    }
}


// ************************************************************************* //
