# Moment      
# CofR        : (0.000000e+00 0.000000e+00 0.000000e+00)
#
# Time        	total_x total_y total_z	pressure_x pressure_y pressure_z	viscous_x viscous_y viscous_z
9.91005        -1.870027e+02 8.760092e+01 1.835852e+03 -1.865285e+02 8.741875e+01 1.831724e+03 -4.741650e-01 1.821638e-01 4.128093e+00
9.9101         -1.872570e+02 8.773924e+01 1.838040e+03 -1.867828e+02 8.755692e+01 1.833914e+03 -4.741621e-01 1.823161e-01 4.126583e+00
9.91015        -1.874243e+02 8.784422e+01 1.839296e+03 -1.869501e+02 8.766177e+01 1.835170e+03 -4.741710e-01 1.824546e-01 4.125312e+00
9.9102         -1.875460e+02 8.792895e+01 1.840145e+03 -1.870718e+02 8.774637e+01 1.836021e+03 -4.741893e-01 1.825809e-01 4.124245e+00
9.91025        -1.875858e+02 8.797477e+01 1.840109e+03 -1.871116e+02 8.779207e+01 1.835985e+03 -4.742151e-01 1.826963e-01 4.123353e+00
9.9103         -1.876071e+02 8.801365e+01 1.839900e+03 -1.871329e+02 8.783085e+01 1.835777e+03 -4.742469e-01 1.828023e-01 4.122606e+00
9.91035        -1.875934e+02 8.803447e+01 1.839355e+03 -1.871191e+02 8.785157e+01 1.835233e+03 -4.742834e-01 1.828999e-01 4.121983e+00
9.9104         -1.876003e+02 8.806746e+01 1.839042e+03 -1.871259e+02 8.788447e+01 1.834920e+03 -4.743235e-01 1.829901e-01 4.121466e+00
9.91045        -1.875579e+02 8.807040e+01 1.838221e+03 -1.870836e+02 8.788733e+01 1.834100e+03 -4.743666e-01 1.830738e-01 4.121040e+00
9.9105         -1.874894e+02 8.805853e+01 1.837150e+03 -1.870150e+02 8.787538e+01 1.833030e+03 -4.744117e-01 1.831514e-01 4.120691e+00
9.91055        -1.873967e+02 8.803291e+01 1.835757e+03 -1.869222e+02 8.784969e+01 1.831637e+03 -4.744585e-01 1.832237e-01 4.120409e+00
9.9106         -1.873197e+02 8.801486e+01 1.834565e+03 -1.868452e+02 8.783157e+01 1.830445e+03 -4.745062e-01 1.832913e-01 4.120179e+00
9.91065        -1.872505e+02 8.799914e+01 1.833524e+03 -1.867759e+02 8.781579e+01 1.829404e+03 -4.745545e-01 1.833544e-01 4.119998e+00
9.9107         -1.871714e+02 8.797759e+01 1.832387e+03 -1.866968e+02 8.779417e+01 1.828267e+03 -4.746033e-01 1.834136e-01 4.119859e+00
9.91075        -1.870875e+02 8.795279e+01 1.831204e+03 -1.866129e+02 8.776932e+01 1.827084e+03 -4.746520e-01 1.834690e-01 4.119755e+00
9.9108         -1.869943e+02 8.792258e+01 1.829923e+03 -1.865196e+02 8.773906e+01 1.825803e+03 -4.747005e-01 1.835210e-01 4.119681e+00
9.91085        -1.868890e+02 8.788658e+01 1.828523e+03 -1.864142e+02 8.770301e+01 1.824403e+03 -4.747486e-01 1.835700e-01 4.119632e+00
9.9109         -1.867964e+02 8.785495e+01 1.827280e+03 -1.863216e+02 8.767134e+01 1.823160e+03 -4.747962e-01 1.836161e-01 4.119605e+00
9.91095        -1.866955e+02 8.781892e+01 1.825952e+03 -1.862206e+02 8.763526e+01 1.821833e+03 -4.748431e-01 1.836597e-01 4.119595e+00
9.911          -1.865953e+02 8.778263e+01 1.824639e+03 -1.861204e+02 8.759892e+01 1.820520e+03 -4.748893e-01 1.837008e-01 4.119601e+00
9.91105        -1.864986e+02 8.774714e+01 1.823381e+03 -1.860237e+02 8.756340e+01 1.819262e+03 -4.749346e-01 1.837398e-01 4.119619e+00
9.9111         -1.863720e+02 8.769795e+01 1.821771e+03 -1.858970e+02 8.751417e+01 1.817652e+03 -4.749790e-01 1.837767e-01 4.119645e+00
9.91115        -1.862665e+02 8.765765e+01 1.820420e+03 -1.857914e+02 8.747383e+01 1.816300e+03 -4.750224e-01 1.838118e-01 4.119679e+00
9.9112         -1.861423e+02 8.760848e+01 1.818855e+03 -1.856672e+02 8.742464e+01 1.814735e+03 -4.750648e-01 1.838452e-01 4.119719e+00
9.91125        -1.860357e+02 8.756721e+01 1.817485e+03 -1.855606e+02 8.738333e+01 1.813365e+03 -4.751060e-01 1.838769e-01 4.119761e+00
9.9113         -1.859236e+02 8.752225e+01 1.816098e+03 -1.854485e+02 8.733834e+01 1.811978e+03 -4.751462e-01 1.839072e-01 4.119807e+00
9.91135        -1.858109e+02 8.747697e+01 1.814688e+03 -1.853357e+02 8.729303e+01 1.810568e+03 -4.751852e-01 1.839361e-01 4.119854e+00
9.9114         -1.856865e+02 8.742636e+01 1.813142e+03 -1.852112e+02 8.724239e+01 1.809022e+03 -4.752231e-01 1.839638e-01 4.119901e+00
9.91145        -1.855640e+02 8.737650e+01 1.811624e+03 -1.850887e+02 8.719251e+01 1.807504e+03 -4.752599e-01 1.839903e-01 4.119946e+00
9.9115         -1.854386e+02 8.732490e+01 1.810077e+03 -1.849633e+02 8.714088e+01 1.805957e+03 -4.752955e-01 1.840158e-01 4.119988e+00
9.91155        -1.853043e+02 8.726914e+01 1.808413e+03 -1.848289e+02 8.708510e+01 1.804293e+03 -4.753299e-01 1.840402e-01 4.120028e+00
9.9116         -1.851624e+02 8.720979e+01 1.806683e+03 -1.846870e+02 8.702573e+01 1.802563e+03 -4.753631e-01 1.840638e-01 4.120062e+00
9.91165        -1.850350e+02 8.715663e+01 1.805120e+03 -1.845596e+02 8.697254e+01 1.801000e+03 -4.753951e-01 1.840865e-01 4.120091e+00
9.9117         -1.849008e+02 8.710040e+01 1.803481e+03 -1.844254e+02 8.691630e+01 1.799361e+03 -4.754260e-01 1.841085e-01 4.120115e+00
9.91175        -1.847696e+02 8.704525e+01 1.801863e+03 -1.842941e+02 8.686112e+01 1.797743e+03 -4.754557e-01 1.841297e-01 4.120133e+00
9.9118         -1.846368e+02 8.698943e+01 1.800258e+03 -1.841613e+02 8.680527e+01 1.796138e+03 -4.754843e-01 1.841503e-01 4.120144e+00
9.91185        -1.845029e+02 8.693273e+01 1.798626e+03 -1.840274e+02 8.674855e+01 1.794506e+03 -4.755117e-01 1.841703e-01 4.120149e+00
9.9119         -1.843607e+02 8.687227e+01 1.796899e+03 -1.838852e+02 8.668808e+01 1.792779e+03 -4.755380e-01 1.841897e-01 4.120146e+00
9.91195        -1.842323e+02 8.681826e+01 1.795326e+03 -1.837567e+02 8.663405e+01 1.791206e+03 -4.755632e-01 1.842086e-01 4.120135e+00
9.912          -1.840779e+02 8.675182e+01 1.793466e+03 -1.836023e+02 8.656759e+01 1.789346e+03 -4.755873e-01 1.842270e-01 4.120116e+00
9.91205        -1.839348e+02 8.669077e+01 1.791732e+03 -1.834592e+02 8.650653e+01 1.787612e+03 -4.756102e-01 1.842450e-01 4.120089e+00
9.9121         -1.837895e+02 8.662840e+01 1.789970e+03 -1.833138e+02 8.644414e+01 1.785850e+03 -4.756321e-01 1.842626e-01 4.120052e+00
9.91215        -1.836429e+02 8.656549e+01 1.788193e+03 -1.831672e+02 8.638121e+01 1.784073e+03 -4.756529e-01 1.842799e-01 4.120007e+00
9.9122         -1.834949e+02 8.650183e+01 1.786397e+03 -1.830192e+02 8.631754e+01 1.782277e+03 -4.756727e-01 1.842968e-01 4.119953e+00
9.91225        -1.833554e+02 8.644287e+01 1.784703e+03 -1.828797e+02 8.625855e+01 1.780583e+03 -4.756913e-01 1.843135e-01 4.119889e+00
9.9123         -1.831848e+02 8.636874e+01 1.782706e+03 -1.827091e+02 8.618441e+01 1.778586e+03 -4.757090e-01 1.843299e-01 4.119815e+00
9.91235        -1.830151e+02 8.629532e+01 1.780747e+03 -1.825394e+02 8.611097e+01 1.776627e+03 -4.757255e-01 1.843461e-01 4.119729e+00
9.9124         -1.828709e+02 8.623310e+01 1.778978e+03 -1.823951e+02 8.604874e+01 1.774859e+03 -4.757410e-01 1.843621e-01 4.119634e+00
9.91245        -1.827215e+02 8.616831e+01 1.777157e+03 -1.822458e+02 8.598393e+01 1.773038e+03 -4.757556e-01 1.843779e-01 4.119529e+00
9.9125         -1.825258e+02 8.608348e+01 1.774797e+03 -1.820500e+02 8.589909e+01 1.770677e+03 -4.757691e-01 1.843936e-01 4.119413e+00
9.91255        -1.823758e+02 8.601890e+01 1.772985e+03 -1.819001e+02 8.583449e+01 1.768866e+03 -4.757816e-01 1.844092e-01 4.119284e+00
9.9126         -1.822099e+02 8.594700e+01 1.770984e+03 -1.817341e+02 8.576257e+01 1.766864e+03 -4.757930e-01 1.844247e-01 4.119145e+00
9.91265        -1.820352e+02 8.587135e+01 1.768872e+03 -1.815594e+02 8.568691e+01 1.764753e+03 -4.758035e-01 1.844401e-01 4.118995e+00
9.9127         -1.818441e+02 8.579027e+01 1.766514e+03 -1.813683e+02 8.560581e+01 1.762396e+03 -4.758130e-01 1.844554e-01 4.118832e+00
9.91275        -1.817542e+02 8.574762e+01 1.765567e+03 -1.812784e+02 8.556315e+01 1.761448e+03 -4.758217e-01 1.844706e-01 4.118663e+00
9.9128         -1.815717e+02 8.566877e+01 1.763357e+03 -1.810959e+02 8.548429e+01 1.759239e+03 -4.758294e-01 1.844857e-01 4.118482e+00
9.91285        -1.813925e+02 8.559109e+01 1.761198e+03 -1.809167e+02 8.540659e+01 1.757080e+03 -4.758362e-01 1.845009e-01 4.118289e+00
9.9129         -1.812116e+02 8.551256e+01 1.759021e+03 -1.807358e+02 8.532804e+01 1.754903e+03 -4.758420e-01 1.845160e-01 4.118083e+00
9.91295        -1.810104e+02 8.542563e+01 1.756641e+03 -1.805345e+02 8.524110e+01 1.752523e+03 -4.758469e-01 1.845313e-01 4.117865e+00
9.913          -1.808705e+02 8.536420e+01 1.754922e+03 -1.803946e+02 8.517965e+01 1.750805e+03 -4.758509e-01 1.845465e-01 4.117636e+00
9.91305        -1.806834e+02 8.528290e+01 1.752676e+03 -1.802076e+02 8.509834e+01 1.748559e+03 -4.758539e-01 1.845618e-01 4.117395e+00
9.9131         -1.804988e+02 8.520260e+01 1.750456e+03 -1.800229e+02 8.501802e+01 1.746339e+03 -4.758560e-01 1.845771e-01 4.117141e+00
9.91315        -1.803059e+02 8.511810e+01 1.748145e+03 -1.798301e+02 8.493351e+01 1.744028e+03 -4.758572e-01 1.845926e-01 4.116874e+00
9.9132         -1.801143e+02 8.503369e+01 1.745838e+03 -1.796384e+02 8.484909e+01 1.741722e+03 -4.758575e-01 1.846082e-01 4.116595e+00
9.91325        -1.799179e+02 8.494818e+01 1.743486e+03 -1.794420e+02 8.476356e+01 1.739370e+03 -4.758569e-01 1.846238e-01 4.116303e+00
9.9133         -1.797228e+02 8.486338e+01 1.741144e+03 -1.792469e+02 8.467874e+01 1.737028e+03 -4.758553e-01 1.846396e-01 4.115998e+00
9.91335        -1.795211e+02 8.477545e+01 1.738728e+03 -1.790452e+02 8.459079e+01 1.734612e+03 -4.758528e-01 1.846556e-01 4.115680e+00
9.9134         -1.793217e+02 8.468837e+01 1.736333e+03 -1.788459e+02 8.450370e+01 1.732217e+03 -4.758495e-01 1.846717e-01 4.115348e+00
9.91345        -1.791153e+02 8.459825e+01 1.733860e+03 -1.786394e+02 8.441357e+01 1.729745e+03 -4.758452e-01 1.846880e-01 4.115002e+00
9.9135         -1.789177e+02 8.451322e+01 1.731486e+03 -1.784418e+02 8.432851e+01 1.727372e+03 -4.758400e-01 1.847046e-01 4.114642e+00
9.91355        -1.787286e+02 8.443047e+01 1.729219e+03 -1.782528e+02 8.424575e+01 1.725105e+03 -4.758339e-01 1.847213e-01 4.114270e+00
9.9136         -1.785128e+02 8.433626e+01 1.726632e+03 -1.780369e+02 8.415152e+01 1.722518e+03 -4.758269e-01 1.847383e-01 4.113883e+00
9.91365        -1.782779e+02 8.423223e+01 1.723883e+03 -1.778021e+02 8.404747e+01 1.719770e+03 -4.758191e-01 1.847555e-01 4.113482e+00
9.9137         -1.780981e+02 8.415524e+01 1.721660e+03 -1.776223e+02 8.397047e+01 1.717547e+03 -4.758103e-01 1.847729e-01 4.113068e+00
9.91375        -1.778806e+02 8.406025e+01 1.719054e+03 -1.774048e+02 8.387546e+01 1.714941e+03 -4.758007e-01 1.847906e-01 4.112639e+00
9.9138         -1.776684e+02 8.396773e+01 1.716508e+03 -1.771926e+02 8.378292e+01 1.712396e+03 -4.757902e-01 1.848085e-01 4.112196e+00
9.91385        -1.774555e+02 8.387490e+01 1.713956e+03 -1.769797e+02 8.369008e+01 1.709845e+03 -4.757788e-01 1.848268e-01 4.111738e+00
9.9139         -1.772249e+02 8.377361e+01 1.711176e+03 -1.767491e+02 8.358877e+01 1.707065e+03 -4.757665e-01 1.848453e-01 4.111266e+00
9.91395        -1.769973e+02 8.367425e+01 1.708444e+03 -1.765215e+02 8.348939e+01 1.704334e+03 -4.757533e-01 1.848641e-01 4.110779e+00
9.914          -1.767618e+02 8.357147e+01 1.705645e+03 -1.762861e+02 8.338659e+01 1.701534e+03 -4.757391e-01 1.848833e-01 4.110276e+00
9.91405        -1.765360e+02 8.347344e+01 1.702923e+03 -1.760603e+02 8.328853e+01 1.698813e+03 -4.757241e-01 1.849028e-01 4.109758e+00
9.9141         -1.762816e+02 8.336313e+01 1.699934e+03 -1.758059e+02 8.317821e+01 1.695825e+03 -4.757082e-01 1.849227e-01 4.109224e+00
9.91415        -1.760472e+02 8.325958e+01 1.697049e+03 -1.755715e+02 8.307464e+01 1.692941e+03 -4.756913e-01 1.849430e-01 4.108674e+00
9.9142         -1.758070e+02 8.315530e+01 1.694198e+03 -1.753313e+02 8.297034e+01 1.690090e+03 -4.756735e-01 1.849636e-01 4.108108e+00
9.91425        -1.755659e+02 8.304895e+01 1.691252e+03 -1.750903e+02 8.286397e+01 1.687144e+03 -4.756548e-01 1.849846e-01 4.107525e+00
9.9143         -1.753171e+02 8.294024e+01 1.688266e+03 -1.748414e+02 8.275524e+01 1.684159e+03 -4.756351e-01 1.850061e-01 4.106926e+00
9.91435        -1.750672e+02 8.282993e+01 1.685271e+03 -1.745916e+02 8.264490e+01 1.681165e+03 -4.756145e-01 1.850279e-01 4.106311e+00
9.9144         -1.748071e+02 8.271840e+01 1.682209e+03 -1.743316e+02 8.253335e+01 1.678104e+03 -4.755931e-01 1.850502e-01 4.105680e+00
9.91445        -1.745427e+02 8.260307e+01 1.679062e+03 -1.740671e+02 8.241799e+01 1.674957e+03 -4.755707e-01 1.850728e-01 4.105031e+00
9.9145         -1.742834e+02 8.248920e+01 1.675929e+03 -1.738078e+02 8.230410e+01 1.671825e+03 -4.755473e-01 1.850960e-01 4.104365e+00
9.91455        -1.740279e+02 8.237755e+01 1.672811e+03 -1.735524e+02 8.219243e+01 1.668707e+03 -4.755230e-01 1.851196e-01 4.103682e+00
9.9146         -1.737620e+02 8.226115e+01 1.669651e+03 -1.732865e+02 8.207600e+01 1.665548e+03 -4.754977e-01 1.851437e-01 4.102982e+00
9.91465        -1.734786e+02 8.213731e+01 1.666266e+03 -1.730031e+02 8.195214e+01 1.662164e+03 -4.754715e-01 1.851683e-01 4.102263e+00
9.9147         -1.732058e+02 8.201818e+01 1.662987e+03 -1.727303e+02 8.183299e+01 1.658885e+03 -4.754443e-01 1.851934e-01 4.101527e+00
9.91475        -1.729242e+02 8.189514e+01 1.659610e+03 -1.724488e+02 8.170992e+01 1.655509e+03 -4.754161e-01 1.852190e-01 4.100771e+00
9.9148         -1.726245e+02 8.176420e+01 1.656020e+03 -1.721491e+02 8.157895e+01 1.651920e+03 -4.753869e-01 1.852451e-01 4.099997e+00
9.91485        -1.723948e+02 8.166349e+01 1.653243e+03 -1.719194e+02 8.147822e+01 1.649144e+03 -4.753568e-01 1.852718e-01 4.099206e+00
9.9149         -1.720942e+02 8.153210e+01 1.649636e+03 -1.716189e+02 8.134680e+01 1.645537e+03 -4.753258e-01 1.852990e-01 4.098396e+00
9.91495        -1.717957e+02 8.140166e+01 1.646053e+03 -1.713204e+02 8.121633e+01 1.641956e+03 -4.752937e-01 1.853267e-01 4.097567e+00
9.915          -1.714818e+02 8.126496e+01 1.642304e+03 -1.710066e+02 8.107960e+01 1.638208e+03 -4.752606e-01 1.853551e-01 4.096718e+00
9.91505        -1.712062e+02 8.114403e+01 1.638988e+03 -1.707310e+02 8.095864e+01 1.634892e+03 -4.752265e-01 1.853840e-01 4.095851e+00
9.9151         -1.708952e+02 8.100822e+01 1.635271e+03 -1.704201e+02 8.082281e+01 1.631176e+03 -4.751914e-01 1.854135e-01 4.094963e+00
9.91515        -1.705875e+02 8.087368e+01 1.631565e+03 -1.701124e+02 8.068823e+01 1.627470e+03 -4.751553e-01 1.854437e-01 4.094055e+00
9.9152         -1.702956e+02 8.074600e+01 1.628068e+03 -1.698204e+02 8.056053e+01 1.623975e+03 -4.751181e-01 1.854745e-01 4.093127e+00
9.91525        -1.699748e+02 8.060520e+01 1.624213e+03 -1.694997e+02 8.041970e+01 1.620121e+03 -4.750799e-01 1.855058e-01 4.092180e+00
9.9153         -1.696572e+02 8.046647e+01 1.620411e+03 -1.691821e+02 8.028094e+01 1.616320e+03 -4.750407e-01 1.855378e-01 4.091212e+00
9.91535        -1.693427e+02 8.032885e+01 1.616629e+03 -1.688677e+02 8.014328e+01 1.612538e+03 -4.750004e-01 1.855704e-01 4.090223e+00
9.9154         -1.690312e+02 8.019249e+01 1.612891e+03 -1.685562e+02 8.000689e+01 1.608802e+03 -4.749591e-01 1.856037e-01 4.089214e+00
9.91545        -1.687297e+02 8.006079e+01 1.609271e+03 -1.682548e+02 7.987515e+01 1.605183e+03 -4.749168e-01 1.856376e-01 4.088184e+00
9.9155         -1.684665e+02 7.994682e+01 1.606107e+03 -1.679916e+02 7.976115e+01 1.602020e+03 -4.748735e-01 1.856722e-01 4.087134e+00
9.91555        -1.678100e+02 7.965934e+01 1.598277e+03 -1.673351e+02 7.947363e+01 1.594191e+03 -4.748290e-01 1.857075e-01 4.086062e+00
9.9156         -1.672808e+02 7.942767e+01 1.591881e+03 -1.668060e+02 7.924193e+01 1.587796e+03 -4.747818e-01 1.857448e-01 4.084932e+00
9.91565        -1.669648e+02 7.929103e+01 1.588161e+03 -1.664901e+02 7.910525e+01 1.584077e+03 -4.747338e-01 1.857825e-01 4.083787e+00
9.9157         -1.666282e+02 7.914279e+01 1.584072e+03 -1.661535e+02 7.895697e+01 1.579990e+03 -4.746847e-01 1.858210e-01 4.082620e+00
9.91575        -1.662894e+02 7.899490e+01 1.579978e+03 -1.658147e+02 7.880904e+01 1.575896e+03 -4.746345e-01 1.858602e-01 4.081429e+00
9.9158         -1.659255e+02 7.883626e+01 1.575632e+03 -1.654509e+02 7.865036e+01 1.571551e+03 -4.745831e-01 1.859002e-01 4.080215e+00
9.91585        -1.656340e+02 7.871223e+01 1.572134e+03 -1.651594e+02 7.852629e+01 1.568055e+03 -4.745304e-01 1.859411e-01 4.078976e+00
9.9159         -1.651776e+02 7.850424e+01 1.566585e+03 -1.647031e+02 7.831826e+01 1.562508e+03 -4.744768e-01 1.859824e-01 4.077718e+00
9.91595        -1.647842e+02 7.833305e+01 1.561882e+03 -1.643098e+02 7.814703e+01 1.557805e+03 -4.744219e-01 1.860246e-01 4.076433e+00
9.916          -1.644151e+02 7.817179e+01 1.557445e+03 -1.639407e+02 7.798572e+01 1.553370e+03 -4.743658e-01 1.860677e-01 4.075123e+00
9.91605        -1.640260e+02 7.800207e+01 1.552781e+03 -1.635517e+02 7.781596e+01 1.548707e+03 -4.743084e-01 1.861116e-01 4.073788e+00
9.9161         -1.636051e+02 7.781830e+01 1.547734e+03 -1.631309e+02 7.763214e+01 1.543661e+03 -4.742497e-01 1.861563e-01 4.072426e+00
9.91615        -1.631924e+02 7.763824e+01 1.542796e+03 -1.627182e+02 7.745203e+01 1.538725e+03 -4.741896e-01 1.862022e-01 4.071033e+00
9.9162         -1.627716e+02 7.745421e+01 1.537741e+03 -1.622975e+02 7.726796e+01 1.533672e+03 -4.741282e-01 1.862490e-01 4.069613e+00
9.91625        -1.623401e+02 7.726531e+01 1.532566e+03 -1.618660e+02 7.707901e+01 1.528497e+03 -4.740654e-01 1.862968e-01 4.068166e+00
9.9163         -1.619067e+02 7.707653e+01 1.527358e+03 -1.614327e+02 7.689018e+01 1.523291e+03 -4.740013e-01 1.863456e-01 4.066691e+00
9.91635        -1.615496e+02 7.692113e+01 1.523085e+03 -1.610757e+02 7.673474e+01 1.519020e+03 -4.739360e-01 1.863953e-01 4.065189e+00
9.9164         -1.610914e+02 7.672025e+01 1.517576e+03 -1.606176e+02 7.653381e+01 1.513513e+03 -4.738693e-01 1.864460e-01 4.063661e+00
9.91645        -1.607587e+02 7.657600e+01 1.513587e+03 -1.602849e+02 7.638950e+01 1.509525e+03 -4.738015e-01 1.864975e-01 4.062108e+00
9.9165         -1.602591e+02 7.635684e+01 1.507568e+03 -1.597854e+02 7.617029e+01 1.503508e+03 -4.737323e-01 1.865500e-01 4.060525e+00
9.91655        -1.597888e+02 7.615113e+01 1.501921e+03 -1.593152e+02 7.596453e+01 1.497862e+03 -4.736616e-01 1.866036e-01 4.058912e+00
9.9166         -1.593387e+02 7.595525e+01 1.496586e+03 -1.588651e+02 7.576859e+01 1.492528e+03 -4.735894e-01 1.866583e-01 4.057269e+00
9.91665        -1.588066e+02 7.572163e+01 1.490135e+03 -1.583331e+02 7.553491e+01 1.486080e+03 -4.735157e-01 1.867141e-01 4.055593e+00
9.9167         -1.583355e+02 7.551567e+01 1.484470e+03 -1.578620e+02 7.532890e+01 1.480417e+03 -4.734405e-01 1.867710e-01 4.053885e+00
9.91675        -1.578217e+02 7.529095e+01 1.478300e+03 -1.573483e+02 7.510412e+01 1.474248e+03 -4.733637e-01 1.868291e-01 4.052145e+00
9.9168         -1.573358e+02 7.507875e+01 1.472469e+03 -1.568625e+02 7.489186e+01 1.468419e+03 -4.732854e-01 1.868883e-01 4.050372e+00
9.91685        -1.568419e+02 7.486420e+01 1.466547e+03 -1.563687e+02 7.467725e+01 1.462499e+03 -4.732056e-01 1.869487e-01 4.048567e+00
9.9169         -1.562632e+02 7.461094e+01 1.459547e+03 -1.557901e+02 7.442393e+01 1.455500e+03 -4.731241e-01 1.870100e-01 4.046729e+00
9.91695        -1.557402e+02 7.438270e+01 1.453274e+03 -1.552672e+02 7.419563e+01 1.449229e+03 -4.730409e-01 1.870730e-01 4.044852e+00
9.917          -1.553187e+02 7.419865e+01 1.448216e+03 -1.548457e+02 7.401151e+01 1.444174e+03 -4.729562e-01 1.871371e-01 4.042945e+00
9.91705        -1.546698e+02 7.391610e+01 1.440439e+03 -1.541969e+02 7.372890e+01 1.436398e+03 -4.728702e-01 1.872021e-01 4.041010e+00
9.9171         -1.539622e+02 7.360509e+01 1.431925e+03 -1.534894e+02 7.341782e+01 1.427886e+03 -4.727813e-01 1.872693e-01 4.039013e+00
9.91715        -1.533333e+02 7.332649e+01 1.424390e+03 -1.528606e+02 7.313915e+01 1.420353e+03 -4.726911e-01 1.873375e-01 4.036989e+00
9.9172         -1.526979e+02 7.305222e+01 1.416739e+03 -1.522253e+02 7.286482e+01 1.412704e+03 -4.725984e-01 1.874076e-01 4.034912e+00
9.91725        -1.521586e+02 7.281620e+01 1.410258e+03 -1.516861e+02 7.262872e+01 1.406225e+03 -4.725040e-01 1.874789e-01 4.032801e+00
9.9173         -1.516267e+02 7.258360e+01 1.403868e+03 -1.511543e+02 7.239605e+01 1.399838e+03 -4.724081e-01 1.875515e-01 4.030654e+00
9.91735        -1.507320e+02 7.218824e+01 1.393183e+03 -1.502597e+02 7.200062e+01 1.389155e+03 -4.723104e-01 1.876254e-01 4.028471e+00
9.9174         -1.502506e+02 7.198128e+01 1.387335e+03 -1.497784e+02 7.179358e+01 1.383309e+03 -4.722102e-01 1.877011e-01 4.026236e+00
9.91745        -1.496638e+02 7.172467e+01 1.380288e+03 -1.491917e+02 7.153689e+01 1.376264e+03 -4.721083e-01 1.877782e-01 4.023963e+00
9.9175         -1.491066e+02 7.148154e+01 1.373604e+03 -1.486346e+02 7.129368e+01 1.369583e+03 -4.720046e-01 1.878567e-01 4.021653e+00
9.91755        -1.484842e+02 7.120924e+01 1.366125e+03 -1.480123e+02 7.102131e+01 1.362106e+03 -4.718990e-01 1.879367e-01 4.019302e+00
9.9176         -1.478204e+02 7.091975e+01 1.358151e+03 -1.473487e+02 7.073173e+01 1.354134e+03 -4.717915e-01 1.880183e-01 4.016908e+00
9.91765        -1.472512e+02 7.067070e+01 1.351305e+03 -1.467796e+02 7.048260e+01 1.347290e+03 -4.716818e-01 1.881011e-01 4.014474e+00
9.9177         -1.462285e+02 7.022159e+01 1.339020e+03 -1.457569e+02 7.003341e+01 1.335008e+03 -4.715706e-01 1.881852e-01 4.012005e+00
9.91775        -1.453825e+02 6.985262e+01 1.328840e+03 -1.449111e+02 6.966434e+01 1.324831e+03 -4.714551e-01 1.882726e-01 4.009446e+00
9.9178         -1.447354e+02 6.956931e+01 1.321062e+03 -1.442640e+02 6.938095e+01 1.317055e+03 -4.713378e-01 1.883613e-01 4.006850e+00
9.91785        -1.440598e+02 6.927358e+01 1.312923e+03 -1.435886e+02 6.908513e+01 1.308919e+03 -4.712185e-01 1.884516e-01 4.004209e+00
9.9179         -1.433378e+02 6.895788e+01 1.304360e+03 -1.428667e+02 6.876934e+01 1.300359e+03 -4.710970e-01 1.885436e-01 4.001522e+00
9.91795        -1.425996e+02 6.863527e+01 1.295453e+03 -1.421287e+02 6.844663e+01 1.291454e+03 -4.709734e-01 1.886373e-01 3.998789e+00
9.918          -1.418249e+02 6.829664e+01 1.286210e+03 -1.413541e+02 6.810791e+01 1.282214e+03 -4.708474e-01 1.887327e-01 3.996006e+00
9.91805        -1.410700e+02 6.796469e+01 1.277013e+03 -1.405993e+02 6.777586e+01 1.273020e+03 -4.707190e-01 1.888301e-01 3.993173e+00
9.9181         -1.403272e+02 6.764221e+01 1.268140e+03 -1.398566e+02 6.745328e+01 1.264150e+03 -4.705883e-01 1.889292e-01 3.990291e+00
9.91815        -1.395031e+02 6.728132e+01 1.258246e+03 -1.390326e+02 6.709229e+01 1.254259e+03 -4.704552e-01 1.890302e-01 3.987356e+00
9.9182         -1.387156e+02 6.693712e+01 1.248775e+03 -1.382453e+02 6.674799e+01 1.244791e+03 -4.703196e-01 1.891331e-01 3.984369e+00
9.91825        -1.378982e+02 6.657918e+01 1.238970e+03 -1.374281e+02 6.638994e+01 1.234989e+03 -4.701815e-01 1.892380e-01 3.981328e+00
9.9183         -1.370363e+02 6.620217e+01 1.228607e+03 -1.365662e+02 6.601282e+01 1.224629e+03 -4.700408e-01 1.893449e-01 3.978231e+00
9.91835        -1.361943e+02 6.583399e+01 1.218491e+03 -1.357244e+02 6.564453e+01 1.214516e+03 -4.698975e-01 1.894539e-01 3.975079e+00
9.9184         -1.353482e+02 6.546428e+01 1.208327e+03 -1.348785e+02 6.527471e+01 1.204356e+03 -4.697516e-01 1.895649e-01 3.971871e+00
9.91845        -1.345838e+02 6.513064e+01 1.199151e+03 -1.341142e+02 6.494096e+01 1.195182e+03 -4.696031e-01 1.896780e-01 3.968608e+00
9.9185         -1.333444e+02 6.459144e+01 1.184186e+03 -1.328750e+02 6.440165e+01 1.180220e+03 -4.694518e-01 1.897932e-01 3.965286e+00
9.91855        -1.321209e+02 6.404858e+01 1.169583e+03 -1.316516e+02 6.385867e+01 1.165621e+03 -4.692961e-01 1.899117e-01 3.961869e+00
9.9186         -1.312828e+02 6.368117e+01 1.159422e+03 -1.308136e+02 6.349114e+01 1.155464e+03 -4.691379e-01 1.900321e-01 3.958402e+00
9.91865        -1.303297e+02 6.326491e+01 1.148050e+03 -1.298607e+02 6.307476e+01 1.144095e+03 -4.689768e-01 1.901548e-01 3.954870e+00
9.9187         -1.293835e+02 6.285245e+01 1.136590e+03 -1.289147e+02 6.266217e+01 1.132639e+03 -4.688127e-01 1.902799e-01 3.951275e+00
9.91875        -1.284042e+02 6.242499e+01 1.124811e+03 -1.279355e+02 6.223458e+01 1.120863e+03 -4.686456e-01 1.904073e-01 3.947616e+00
9.9188         -1.273394e+02 6.195759e+01 1.112049e+03 -1.268709e+02 6.176705e+01 1.108105e+03 -4.684754e-01 1.905372e-01 3.943890e+00
9.91885        -1.263263e+02 6.151652e+01 1.099831e+03 -1.258580e+02 6.132585e+01 1.095891e+03 -4.683019e-01 1.906697e-01 3.940095e+00
9.9189         -1.252024e+02 6.102318e+01 1.086396e+03 -1.247342e+02 6.083237e+01 1.082460e+03 -4.681252e-01 1.908046e-01 3.936230e+00
9.91895        -1.241161e+02 6.054922e+01 1.073362e+03 -1.236482e+02 6.035828e+01 1.069430e+03 -4.679451e-01 1.909424e-01 3.932293e+00
9.919          -1.230275e+02 6.007374e+01 1.060272e+03 -1.225597e+02 5.988266e+01 1.056344e+03 -4.677616e-01 1.910829e-01 3.928282e+00
9.91905        -1.218548e+02 5.956010e+01 1.046168e+03 -1.213872e+02 5.936887e+01 1.042244e+03 -4.675746e-01 1.912261e-01 3.924197e+00
9.9191         -1.206650e+02 5.903841e+01 1.031859e+03 -1.201976e+02 5.884704e+01 1.027939e+03 -4.673841e-01 1.913720e-01 3.920036e+00
9.91915        -1.195359e+02 5.854743e+01 1.018279e+03 -1.190687e+02 5.835591e+01 1.014363e+03 -4.671900e-01 1.915209e-01 3.915798e+00
9.9192         -1.182747e+02 5.799478e+01 1.003113e+03 -1.178077e+02 5.780311e+01 9.992014e+02 -4.669919e-01 1.916728e-01 3.911476e+00
9.91925        -1.169990e+02 5.743714e+01 9.877922e+02 -1.165322e+02 5.724532e+01 9.838851e+02 -4.667902e-01 1.918276e-01 3.907076e+00
9.9193         -1.157115e+02 5.687261e+01 9.723102e+02 -1.152449e+02 5.668063e+01 9.684076e+02 -4.665846e-01 1.919854e-01 3.902594e+00
9.91935        -1.144198e+02 5.630842e+01 9.567761e+02 -1.139535e+02 5.611627e+01 9.528781e+02 -4.663751e-01 1.921464e-01 3.898026e+00
9.9194         -1.131039e+02 5.573344e+01 9.409671e+02 -1.126378e+02 5.554113e+01 9.370738e+02 -4.661615e-01 1.923106e-01 3.893372e+00
9.91945        -1.118260e+02 5.517603e+01 9.256158e+02 -1.113601e+02 5.498355e+01 9.217272e+02 -4.659438e-01 1.924780e-01 3.888631e+00
9.9195         -1.104241e+02 5.456326e+01 9.087630e+02 -1.099583e+02 5.437061e+01 9.048792e+02 -4.657219e-01 1.926487e-01 3.883800e+00
9.91955        -1.089416e+02 5.391355e+01 8.909172e+02 -1.084761e+02 5.372072e+01 8.870383e+02 -4.654959e-01 1.928228e-01 3.878879e+00
9.9196         -1.075357e+02 5.329889e+01 8.740254e+02 -1.070704e+02 5.310589e+01 8.701515e+02 -4.652654e-01 1.930004e-01 3.873863e+00
9.91965        -1.062473e+02 5.273720e+01 8.585921e+02 -1.057823e+02 5.254402e+01 8.547234e+02 -4.650306e-01 1.931815e-01 3.868754e+00
9.9197         -1.041861e+02 5.183534e+01 8.337548e+02 -1.037213e+02 5.164197e+01 8.298913e+02 -4.647903e-01 1.933669e-01 3.863529e+00
9.91975        -1.027275e+02 5.119840e+01 8.162079e+02 -1.022630e+02 5.100485e+01 8.123497e+02 -4.645450e-01 1.935563e-01 3.858197e+00
9.9198         -1.011317e+02 5.050465e+01 7.970418e+02 -1.006674e+02 5.031090e+01 7.931890e+02 -4.642950e-01 1.937495e-01 3.852763e+00
9.91985        -9.964183e+01 4.984926e+01 7.791495e+02 -9.917779e+01 4.965531e+01 7.753023e+02 -4.640405e-01 1.939463e-01 3.847232e+00
9.9199         -9.791554e+01 4.909380e+01 7.583707e+02 -9.745176e+01 4.889965e+01 7.545291e+02 -4.637809e-01 1.941473e-01 3.841593e+00
9.91995        -9.605500e+01 4.828163e+01 7.359899e+02 -9.559149e+01 4.808727e+01 7.321541e+02 -4.635164e-01 1.943524e-01 3.835848e+00
9.92           -9.429897e+01 4.751396e+01 7.148496e+02 -9.383572e+01 4.731940e+01 7.110196e+02 -4.632463e-01 1.945626e-01 3.829980e+00
9.92005        -9.260092e+01 4.677388e+01 6.945358e+02 -9.213795e+01 4.657910e+01 6.907118e+02 -4.629723e-01 1.947777e-01 3.824024e+00
9.9201         -9.067105e+01 4.592684e+01 6.712717e+02 -9.020837e+01 4.573185e+01 6.674539e+02 -4.626893e-01 1.949953e-01 3.817889e+00
9.92015        -8.881135e+01 4.511393e+01 6.489269e+02 -8.834895e+01 4.491871e+01 6.451153e+02 -4.624006e-01 1.952174e-01 3.811632e+00
9.9202         -8.692029e+01 4.428731e+01 6.262115e+02 -8.645818e+01 4.409187e+01 6.224063e+02 -4.621060e-01 1.954442e-01 3.805249e+00
9.92025        -8.481064e+01 4.336525e+01 6.007460e+02 -8.434884e+01 4.316958e+01 5.969473e+02 -4.618053e-01 1.956758e-01 3.798736e+00
9.9203         -8.288804e+01 4.252500e+01 5.776438e+02 -8.242654e+01 4.232908e+01 5.738517e+02 -4.614986e-01 1.959122e-01 3.792093e+00
9.92035        -8.070434e+01 4.157089e+01 5.513749e+02 -8.024315e+01 4.137474e+01 5.475896e+02 -4.611854e-01 1.961537e-01 3.785312e+00
9.9204         -7.863026e+01 4.066566e+01 5.264731e+02 -7.816940e+01 4.046926e+01 5.226948e+02 -4.608657e-01 1.964005e-01 3.778391e+00
9.92045        -7.644409e+01 3.970472e+01 5.001560e+02 -7.598355e+01 3.950807e+01 4.963847e+02 -4.605393e-01 1.966523e-01 3.771328e+00
9.9205         -7.419982e+01 3.872738e+01 4.732197e+02 -7.373961e+01 3.853047e+01 4.694556e+02 -4.602061e-01 1.969093e-01 3.764121e+00
9.92055        -7.186480e+01 3.770323e+01 4.451171e+02 -7.140493e+01 3.750606e+01 4.413603e+02 -4.598660e-01 1.971718e-01 3.756765e+00
9.9206         -6.954846e+01 3.667967e+01 4.172864e+02 -6.908894e+01 3.648223e+01 4.135371e+02 -4.595185e-01 1.974398e-01 3.749253e+00
9.92065        -6.709059e+01 3.561994e+01 3.876906e+02 -6.663142e+01 3.542222e+01 3.839490e+02 -4.591637e-01 1.977142e-01 3.741583e+00
9.9207         -6.459180e+01 3.452693e+01 3.576439e+02 -6.413299e+01 3.432894e+01 3.539101e+02 -4.588012e-01 1.979946e-01 3.733747e+00
9.92075        -6.202318e+01 3.340486e+01 3.267672e+02 -6.156475e+01 3.320658e+01 3.230414e+02 -4.584307e-01 1.982813e-01 3.725741e+00
9.9208         -5.936446e+01 3.224293e+01 2.948116e+02 -5.890640e+01 3.204436e+01 2.910940e+02 -4.580521e-01 1.985744e-01 3.717561e+00
9.92085        -5.668818e+01 3.107307e+01 2.626279e+02 -5.623052e+01 3.087420e+01 2.589187e+02 -4.576651e-01 1.988739e-01 3.709202e+00
9.9209         -5.387924e+01 2.984472e+01 2.288415e+02 -5.342197e+01 2.964554e+01 2.251408e+02 -4.572695e-01 1.991802e-01 3.700660e+00
9.92095        -5.100086e+01 2.858596e+01 1.942125e+02 -5.054400e+01 2.838647e+01 1.905206e+02 -4.568651e-01 1.994935e-01 3.691928e+00
9.921          -4.809192e+01 2.731515e+01 1.592380e+02 -4.763547e+01 2.711534e+01 1.555550e+02 -4.564514e-01 1.998140e-01 3.682999e+00
9.92105        -4.502693e+01 2.597478e+01 1.223792e+02 -4.457090e+01 2.577464e+01 1.187054e+02 -4.560284e-01 2.001419e-01 3.673868e+00
9.9211         -4.191352e+01 2.460992e+01 8.495784e+01 -4.145793e+01 2.440944e+01 8.129331e+01 -4.555956e-01 2.004775e-01 3.664530e+00
9.92115        -3.867969e+01 2.319562e+01 4.604789e+01 -3.822453e+01 2.299480e+01 4.239291e+01 -4.551530e-01 2.008202e-01 3.654983e+00
9.9212         -3.539516e+01 2.175879e+01 6.542972e+00 -3.494046e+01 2.155762e+01 2.897758e+00 -4.547000e-01 2.011712e-01 3.645213e+00
9.92125        -3.199537e+01 2.027360e+01 -3.434017e+01 -3.154114e+01 2.007206e+01 -3.797539e+01 -4.542364e-01 2.015304e-01 3.635218e+00
9.9213         -2.843581e+01 1.871677e+01 -7.714678e+01 -2.798205e+01 1.851488e+01 -8.077177e+01 -4.537618e-01 2.018983e-01 3.624986e+00
9.92135        -2.484591e+01 1.714807e+01 -1.203132e+02 -2.439264e+01 1.694579e+01 -1.239277e+02 -4.532758e-01 2.022751e-01 3.614509e+00
9.9214         -2.102960e+01 1.547935e+01 -1.662107e+02 -2.057682e+01 1.527669e+01 -1.698145e+02 -4.527781e-01 2.026612e-01 3.603781e+00
9.92145        -1.716108e+01 1.378711e+01 -2.127206e+02 -1.670881e+01 1.358406e+01 -2.163134e+02 -4.522678e-01 2.030571e-01 3.592783e+00
9.9215         -1.333842e+01 1.210816e+01 -2.586661e+02 -1.288668e+01 1.190470e+01 -2.622476e+02 -4.517449e-01 2.034631e-01 3.581514e+00
9.92155        -9.213614e+00 1.032360e+01 -3.084219e+02 -8.762406e+00 1.011972e+01 -3.119918e+02 -4.512079e-01 2.038807e-01 3.569934e+00
9.9216         -4.901486e+00 8.438905e+00 -3.602865e+02 -4.450824e+00 8.234601e+00 -3.638447e+02 -4.506622e-01 2.043034e-01 3.558190e+00
9.92165        -4.256617e-01 6.481617e+00 -4.141148e+02 2.444082e-02 6.276880e+00 -4.176610e+02 -4.501025e-01 2.047368e-01 3.546151e+00
9.9217         3.902673e+00 4.590342e+00 -4.661649e+02 4.352202e+00 4.385161e+00 -4.696987e+02 -4.495290e-01 2.051808e-01 3.533816e+00
9.92175        8.559784e+00 2.551511e+00 -5.221876e+02 9.008726e+00 2.345876e+00 -5.257088e+02 -4.489413e-01 2.056358e-01 3.521177e+00
9.9218         1.340865e+01 4.327056e-01 -5.805170e+02 1.385699e+01 2.266034e-01 -5.840252e+02 -4.483386e-01 2.061022e-01 3.508221e+00
9.92185        1.852339e+01 -1.806772e+00 -6.420653e+02 1.897111e+01 -2.013352e+00 -6.455602e+02 -4.477203e-01 2.065806e-01 3.494931e+00
9.9219         2.351514e+01 -3.987392e+00 -7.020885e+02 2.396222e+01 -4.194463e+00 -7.055698e+02 -4.470862e-01 2.070712e-01 3.481304e+00
9.92195        2.893485e+01 -6.356309e+00 -7.672940e+02 2.938129e+01 -6.563883e+00 -7.707614e+02 -4.464355e-01 2.075746e-01 3.467324e+00
9.922          3.450174e+01 -8.788546e+00 -8.342277e+02 3.494751e+01 -8.996638e+00 -8.376807e+02 -4.457676e-01 2.080912e-01 3.452976e+00
9.92205        4.036177e+01 -1.135122e+01 -9.047463e+02 4.080685e+01 -1.155984e+01 -9.081846e+02 -4.450817e-01 2.086217e-01 3.438246e+00
9.9221         4.617138e+01 -1.389317e+01 -9.746236e+02 4.661576e+01 -1.410233e+01 -9.780468e+02 -4.443779e-01 2.091661e-01 3.423132e+00
9.92215        5.227598e+01 -1.655888e+01 -1.048074e+03 5.271963e+01 -1.676860e+01 -1.051482e+03 -4.436550e-01 2.097250e-01 3.407614e+00
9.9222         5.863909e+01 -1.934356e+01 -1.124622e+03 5.908200e+01 -1.955386e+01 -1.128013e+03 -4.429124e-01 2.102993e-01 3.391673e+00
9.92225        6.526899e+01 -2.224256e+01 -1.204391e+03 6.571114e+01 -2.245345e+01 -1.207767e+03 -4.421492e-01 2.108892e-01 3.375296e+00
9.9223         7.152538e+01 -2.496891e+01 -1.279062e+03 7.196674e+01 -2.518041e+01 -1.282420e+03 -4.413646e-01 2.114959e-01 3.358459e+00
9.92235        7.860375e+01 -2.807036e+01 -1.364846e+03 7.904431e+01 -2.828247e+01 -1.368187e+03 -4.405607e-01 2.121173e-01 3.341213e+00
9.9224         8.627687e+01 -3.143242e+01 -1.457161e+03 8.671660e+01 -3.164518e+01 -1.460484e+03 -4.397331e-01 2.127570e-01 3.323461e+00
9.92245        9.401837e+01 -3.481183e+01 -1.550228e+03 9.445725e+01 -3.502525e+01 -1.553533e+03 -4.388814e-01 2.134155e-01 3.305194e+00
9.9225         1.021345e+02 -3.836036e+01 -1.647915e+03 1.025725e+02 -3.857445e+01 -1.651201e+03 -4.380048e-01 2.140932e-01 3.286397e+00
9.92255        1.103054e+02 -4.192900e+01 -1.746254e+03 1.107425e+02 -4.214379e+01 -1.749521e+03 -4.371025e-01 2.147907e-01 3.267050e+00
9.9226         1.190326e+02 -4.574760e+01 -1.851224e+03 1.194688e+02 -4.596310e+01 -1.854471e+03 -4.361735e-01 2.155087e-01 3.247137e+00
9.92265        1.280576e+02 -4.969813e+01 -1.959764e+03 1.284929e+02 -4.991438e+01 -1.962991e+03 -4.352170e-01 2.162480e-01 3.226635e+00
9.9227         1.373902e+02 -5.377492e+01 -2.072094e+03 1.378244e+02 -5.399193e+01 -2.075300e+03 -4.342316e-01 2.170094e-01 3.205520e+00
9.92275        1.471726e+02 -5.805962e+01 -2.189763e+03 1.476058e+02 -5.827741e+01 -2.192947e+03 -4.332162e-01 2.177940e-01 3.183765e+00
9.9228         1.572176e+02 -6.244553e+01 -2.310709e+03 1.576498e+02 -6.266413e+01 -2.313870e+03 -4.321696e-01 2.186021e-01 3.161346e+00
9.92285        1.684664e+02 -6.737106e+01 -2.446086e+03 1.688975e+02 -6.759050e+01 -2.449224e+03 -4.310883e-01 2.194359e-01 3.138190e+00
9.9229         1.794423e+02 -7.216011e+01 -2.577961e+03 1.798723e+02 -7.238040e+01 -2.581075e+03 -4.299766e-01 2.202969e-01 3.114382e+00
9.92295        1.911370e+02 -7.727057e+01 -2.718683e+03 1.915658e+02 -7.749175e+01 -2.721772e+03 -4.288290e-01 2.211852e-01 3.089808e+00
9.923          2.040106e+02 -8.288531e+01 -2.873690e+03 2.044382e+02 -8.310742e+01 -2.876754e+03 -4.276414e-01 2.221043e-01 3.064378e+00
9.92305        2.164072e+02 -8.830883e+01 -3.022839e+03 2.168337e+02 -8.853188e+01 -3.025878e+03 -4.264145e-01 2.230540e-01 3.038110e+00
9.9231         2.297298e+02 -9.413503e+01 -3.183126e+03 2.301549e+02 -9.435907e+01 -3.186137e+03 -4.251471e-01 2.240351e-01 3.010977e+00
9.92315        2.439742e+02 -1.003613e+02 -3.354502e+03 2.443981e+02 -1.005864e+02 -3.357485e+03 -4.238362e-01 2.250498e-01 2.982919e+00
9.9232         2.590428e+02 -1.069651e+02 -3.535797e+03 2.594653e+02 -1.071912e+02 -3.538751e+03 -4.224789e-01 2.261007e-01 2.953871e+00
9.92325        2.744530e+02 -1.137003e+02 -3.721171e+03 2.748741e+02 -1.139275e+02 -3.724095e+03 -4.210751e-01 2.271873e-01 2.923833e+00
9.9233         2.906410e+02 -1.207780e+02 -3.915833e+03 2.910607e+02 -1.210063e+02 -3.918726e+03 -4.196229e-01 2.283138e-01 2.892755e+00
9.92335        3.078831e+02 -1.283080e+02 -4.123826e+03 3.083012e+02 -1.285375e+02 -4.126687e+03 -4.181174e-01 2.294782e-01 2.860554e+00
9.9234         3.258077e+02 -1.361483e+02 -4.339425e+03 3.262243e+02 -1.363790e+02 -4.342252e+03 -4.165570e-01 2.306825e-01 2.827198e+00
9.92345        3.447140e+02 -1.444156e+02 -4.566949e+03 3.451289e+02 -1.446476e+02 -4.569741e+03 -4.149387e-01 2.319319e-01 2.792605e+00
9.9235         3.647652e+02 -1.531935e+02 -4.808178e+03 3.651785e+02 -1.534267e+02 -4.810935e+03 -4.132589e-01 2.332288e-01 2.756702e+00
9.92355        3.857149e+02 -1.623654e+02 -5.060367e+03 3.861265e+02 -1.626000e+02 -5.063086e+03 -4.115147e-01 2.345751e-01 2.719428e+00
9.9236         4.085830e+02 -1.723562e+02 -5.335384e+03 4.089927e+02 -1.725922e+02 -5.338064e+03 -4.097011e-01 2.359750e-01 2.680677e+00
9.92365        4.324069e+02 -1.827591e+02 -5.622134e+03 4.328148e+02 -1.829965e+02 -5.624774e+03 -4.078151e-01 2.374306e-01 2.640386e+00
9.9237         4.578404e+02 -1.938913e+02 -5.928256e+03 4.582463e+02 -1.941302e+02 -5.930854e+03 -4.058518e-01 2.389459e-01 2.598449e+00
9.92375        4.837058e+02 -2.051962e+02 -6.239685e+03 4.841096e+02 -2.054367e+02 -6.242239e+03 -4.038070e-01 2.405235e-01 2.554783e+00
9.9238         5.119547e+02 -2.175633e+02 -6.579301e+03 5.123564e+02 -2.178055e+02 -6.581810e+03 -4.016753e-01 2.421661e-01 2.509290e+00
9.92385        5.416450e+02 -2.305495e+02 -6.936336e+03 5.420445e+02 -2.307934e+02 -6.938798e+03 -3.994526e-01 2.438783e-01 2.461857e+00
9.9239         5.736250e+02 -2.445452e+02 -7.321428e+03 5.740222e+02 -2.447909e+02 -7.323841e+03 -3.971378e-01 2.456659e-01 2.412402e+00
9.92395        6.071454e+02 -2.591897e+02 -7.724959e+03 6.075401e+02 -2.594372e+02 -7.727320e+03 -3.947198e-01 2.475333e-01 2.360750e+00
9.924          6.432648e+02 -2.749886e+02 -8.159627e+03 6.436570e+02 -2.752381e+02 -8.161934e+03 -3.921926e-01 2.494844e-01 2.306773e+00
9.92405        6.827016e+02 -2.922354e+02 -8.634297e+03 6.830911e+02 -2.924870e+02 -8.636547e+03 -3.895473e-01 2.515266e-01 2.250282e+00
9.9241         7.230636e+02 -3.098769e+02 -9.120060e+03 7.234504e+02 -3.101306e+02 -9.122252e+03 -3.867775e-01 2.536649e-01 2.191135e+00
9.92415        7.676060e+02 -3.293645e+02 -9.656037e+03 7.679898e+02 -3.296204e+02 -9.658166e+03 -3.838731e-01 2.559076e-01 2.129116e+00
9.9242         8.140956e+02 -3.496987e+02 -1.021532e+04 8.144765e+02 -3.499569e+02 -1.021738e+04 -3.808259e-01 2.582580e-01 2.064072e+00
9.92425        8.651808e+02 -3.720304e+02 -1.083005e+04 8.655584e+02 -3.722911e+02 -1.083205e+04 -3.776257e-01 2.607281e-01 1.995763e+00
9.9243         9.201085e+02 -3.961047e+02 -1.149115e+04 9.204827e+02 -3.963680e+02 -1.149307e+04 -3.742602e-01 2.633241e-01 1.923937e+00
9.92435        9.793784e+02 -4.220187e+02 -1.220496e+04 9.797491e+02 -4.222848e+02 -1.220681e+04 -3.707153e-01 2.660574e-01 1.848294e+00
9.9244         1.043534e+03 -4.500857e+02 -1.297677e+04 1.043900e+03 -4.503547e+02 -1.297853e+04 -3.669759e-01 2.689405e-01 1.768508e+00
9.92445        1.112121e+03 -4.800840e+02 -1.380232e+04 1.112484e+03 -4.803560e+02 -1.380400e+04 -3.630294e-01 2.719824e-01 1.684314e+00
9.9245         1.186511e+03 -5.126266e+02 -1.469746e+04 1.186870e+03 -5.129018e+02 -1.469906e+04 -3.588559e-01 2.751982e-01 1.595290e+00
9.92455        1.268390e+03 -5.484126e+02 -1.568302e+04 1.268745e+03 -5.486912e+02 -1.568452e+04 -3.544353e-01 2.786025e-01 1.501010e+00
9.9246         1.357388e+03 -5.872811e+02 -1.675463e+04 1.357738e+03 -5.875634e+02 -1.675603e+04 -3.497492e-01 2.822200e-01 1.401042e+00
9.92465        1.453560e+03 -6.293774e+02 -1.791286e+04 1.453905e+03 -6.296635e+02 -1.791416e+04 -3.447682e-01 2.860621e-01 1.294802e+00
9.9247         1.559916e+03 -6.759037e+02 -1.919204e+04 1.560255e+03 -6.761939e+02 -1.919322e+04 -3.394683e-01 2.901480e-01 1.181779e+00
9.92475        1.676929e+03 -7.271343e+02 -2.060010e+04 1.677263e+03 -7.274289e+02 -2.060116e+04 -3.338174e-01 2.945056e-01 1.061280e+00
9.9248         1.805940e+03 -7.835896e+02 -2.215337e+04 1.806267e+03 -7.838888e+02 -2.215430e+04 -3.277818e-01 2.991576e-01 9.325994e-01
9.92485        1.947329e+03 -8.454769e+02 -2.385532e+04 1.947650e+03 -8.457810e+02 -2.385612e+04 -3.213110e-01 3.041314e-01 7.946996e-01
9.9249         2.106765e+03 -9.151773e+02 -2.577422e+04 2.107079e+03 -9.154868e+02 -2.577487e+04 -3.143635e-01 3.094674e-01 6.466655e-01
9.92495        2.281216e+03 -9.914719e+02 -2.787453e+04 2.281523e+03 -9.917871e+02 -2.787502e+04 -3.068834e-01 3.152088e-01 4.873067e-01
9.925          2.476958e+03 -1.077164e+03 -3.022936e+04 2.477256e+03 -1.077485e+03 -3.022968e+04 -2.988182e-01 3.213914e-01 3.155309e-01
9.92505        2.697299e+03 -1.173516e+03 -3.288293e+04 2.697589e+03 -1.173844e+03 -3.288306e+04 -2.900932e-01 3.280747e-01 1.297363e-01
9.9251         2.946251e+03 -1.282521e+03 -3.587900e+04 2.946532e+03 -1.282856e+03 -3.587893e+04 -2.806247e-01 3.353241e-01 -7.186702e-02
9.92515        3.229047e+03 -1.406255e+03 -3.928534e+04 3.229317e+03 -1.406598e+03 -3.928505e+04 -2.703107e-01 3.432145e-01 -2.914336e-01
9.9252         3.551301e+03 -1.547113e+03 -4.316046e+04 3.551560e+03 -1.547464e+03 -4.315993e+04 -2.590379e-01 3.518349e-01 -5.313928e-01
9.92525        3.919282e+03 -1.708140e+03 -4.759428e+04 3.919529e+03 -1.708501e+03 -4.759348e+04 -2.466688e-01 3.612863e-01 -7.946448e-01
9.9253         4.347078e+03 -1.895355e+03 -5.274420e+04 4.347311e+03 -1.895727e+03 -5.274311e+04 -2.330370e-01 3.716993e-01 -1.084753e+00
9.92535        4.839869e+03 -2.110929e+03 -5.867544e+04 4.840087e+03 -2.111313e+03 -5.867403e+04 -2.179432e-01 3.832218e-01 -1.405940e+00
9.9254         5.419265e+03 -2.364388e+03 -6.564952e+04 5.419466e+03 -2.364784e+03 -6.564776e+04 -2.011370e-01 3.960582e-01 -1.763618e+00
9.92545        6.100559e+03 -2.662499e+03 -7.384911e+04 6.100741e+03 -2.662910e+03 -7.384695e+04 -1.823405e-01 4.104009e-01 -2.163532e+00
9.9255         6.915954e+03 -3.019126e+03 -8.366241e+04 6.916115e+03 -3.019553e+03 -8.365980e+04 -1.611582e-01 4.265556e-01 -2.614170e+00
9.92555        7.898655e+03 -3.449261e+03 -9.548977e+04 7.898792e+03 -3.449706e+03 -9.548664e+04 -1.371110e-01 4.448859e-01 -3.125757e+00
9.9256         9.101695e+03 -3.975281e+03 -1.099752e+05 9.101804e+03 -3.975746e+03 -1.099715e+05 -1.095997e-01 4.658622e-01 -3.711099e+00
9.92565        1.059360e+04 -4.627921e+03 -1.279501e+05 1.059368e+04 -4.628411e+03 -1.279458e+05 -7.780468e-02 4.900948e-01 -4.387594e+00
9.9257         1.246019e+04 -5.444381e+03 -1.504191e+05 1.246023e+04 -5.444900e+03 -1.504139e+05 -4.066778e-02 5.184169e-01 -5.177952e+00
9.92575        1.487711e+04 -6.501093e+03 -1.795037e+05 1.487711e+04 -6.501645e+03 -1.794976e+05 3.376441e-03 5.519449e-01 -6.114460e+00
9.9258         1.806895e+04 -7.897216e+03 -2.179271e+05 1.806889e+04 -7.897808e+03 -2.179199e+05 5.631773e-02 5.922303e-01 -7.240132e+00
9.92585        2.233690e+04 -9.765169e+03 -2.692816e+05 2.233678e+04 -9.765810e+03 -2.692730e+05 1.211182e-01 6.415585e-01 -8.617880e+00
9.9259         2.836731e+04 -1.240387e+04 -3.419076e+05 2.836711e+04 -1.240458e+04 -3.418973e+05 2.022264e-01 7.033517e-01 -1.034250e+01
9.92595        3.717419e+04 -1.625529e+04 -4.479327e+05 3.717388e+04 -1.625607e+04 -4.479201e+05 3.068623e-01 7.832255e-01 -1.256836e+01
9.926          5.085338e+04 -2.224479e+04 -6.124759e+05 5.085294e+04 -2.224568e+04 -6.124603e+05 4.475358e-01 8.900515e-01 -1.555778e+01
9.92605        7.366940e+04 -3.222321e+04 -8.872072e+05 7.366875e+04 -3.222425e+04 -8.871875e+05 6.460233e-01 1.040953e+00 -1.977741e+01
9.9261         1.165666e+05 -5.100029e+04 -1.403642e+06 1.165657e+05 -5.100156e+04 -1.403616e+06 9.484178e-01 1.270494e+00 -2.620296e+01
9.92615        2.111987e+05 -9.240974e+04 -2.542851e+06 2.111972e+05 -9.241140e+04 -2.542814e+06 1.462657e+00 1.659918e+00 -3.712359e+01
9.9262         5.006273e+05 -2.190863e+05 -6.027699e+06 5.006248e+05 -2.190888e+05 -6.027639e+06 2.544007e+00 2.479339e+00 -6.007322e+01
9.92625        2.516171e+06 -1.100267e+06 -3.029340e+07 2.516165e+06 -1.100272e+06 -3.029326e+07 6.435346e+00 5.421396e+00 -1.426683e+02
