/*--------------------------------*- C++ -*----------------------------------*\
| =========                 |                                                 |
| \\      /  F ield         | OpenFOAM: The Open Source CFD Toolbox           |
|  \\    /   O peration     | Version:  2306                                  |
|   \\  /    A nd           | Website:  www.openfoam.com                      |
|    \\/     M anipulation  |                                                 |
\*---------------------------------------------------------------------------*/
FoamFile
{
    version     2.0;
    format      ascii;
    arch        "LSB;label=32;scalar=64";
    class       volScalarField;
    location    "0.7";
    object      p;
}
// * * * * * * * * * * * * * * * * * * * * * * * * * * * * * * * * * * * * * //

dimensions      [0 2 -2 0 0 0 0];

internalField   nonuniform List<scalar> 
5098
(
-0.329167
0.720486
0.305045
1.92943
0.0878053
2.1578
0.499152
0.0367472
0.405083
0.444951
-0.313066
0.864112
0.231646
2.42659
0.142716
0.144913
-0.647806
-0.318886
-8.50875
-0.659823
1.55734
0.227997
0.706494
3.0088
-0.394994
2.08364
1.53087
1.34276
-8.00449
0.246877
0.704181
2.60048
1.62942
-0.328156
0.345115
-0.746198
1.56107
1.61874
2.32849
0.928748
1.88674
-0.329924
2.05406
0.477951
0.302201
0.989657
-0.524611
2.63706
0.744465
1.96496
0.558981
1.82661
-0.587459
1.49964
2.16138
2.0344
1.5046
1.79722
2.60772
0.0816586
0.28253
-0.501064
0.232219
0.327036
-0.613051
2.45988
-0.0580348
0.549637
1.30823
1.71106
1.53643
0.336103
1.13262
0.216302
0.337262
1.97429
-0.0346008
2.0795
0.497166
2.00203
0.126965
-0.448992
1.90514
-0.238193
-0.298537
0.130083
3.40912
0.132145
-0.0764651
0.234617
0.948002
-0.841766
0.958542
1.93134
2.33991
0.423048
1.67131
2.15064
0.357546
1.21114
0.0973014
2.10609
-2.87948
0.200141
2.07287
-0.120834
1.53055
0.563089
2.68137
-0.354654
1.80876
-7.70361
1.56442
-0.780098
1.4629
-4.62403
-0.361282
-1.10166
0.194865
2.97438
1.77977
0.90549
0.440503
-0.448874
-0.907892
-0.68797
1.37553
0.774326
2.36451
-0.808281
-0.391744
2.53791
2.50606
-0.818501
0.160719
-0.0314685
-0.804445
1.57707
2.35987
1.47038
1.87372
-1.75379
1.24182
0.438738
0.99524
0.229588
1.37501
0.140022
-0.183033
0.94836
-0.246237
-2.70763
0.107817
1.67689
3.419
2.90001
1.80202
0.0792053
1.89619
-8.28345
1.42978
0.163012
-3.54494
1.6724
-0.352552
0.72649
0.0684429
0.355358
-0.393684
1.80679
0.403898
1.96694
0.541061
1.35665
0.770458
1.26422
1.84699
-0.591713
1.85886
3.35694
-2.15176
-0.306558
1.68385
-0.360398
1.65217
-0.340175
2.07991
1.53089
1.94336
-0.754342
-6.91683
-0.0320528
1.07159
0.288966
0.65935
-0.82676
-0.495238
-0.0840583
0.0145156
1.76087
-0.426606
1.81377
0.346447
0.831189
1.28802
2.89579
-0.230674
2.39055
0.936961
1.03652
1.63773
1.80227
-0.0626624
0.918129
-0.00540851
-8.08957
0.237657
-0.311979
-0.89206
1.05584
0.844676
2.07969
0.161488
0.862359
-0.735136
1.37212
3.23161
1.66132
1.35207
-0.452271
1.62262
3.05334
-0.396316
-0.160302
0.404055
0.511894
1.3868
-0.578311
-0.36173
1.6925
-0.42695
0.52202
0.155181
2.72224
1.44798
0.947964
2.38251
-0.351226
-0.570727
0.844424
0.632431
1.28
-2.66075
-0.496725
1.6538
-0.604
0.151824
0.288884
2.59518
0.114632
-0.219894
-0.651287
-0.422594
1.15053
0.0112539
-0.422922
-8.30816
-0.255022
0.442987
1.71845
-0.73268
0.3541
-7.57063
0.431266
2.56512
-3.73789
-0.278308
-0.160599
0.410752
1.53119
-0.395635
0.0144249
-0.730708
-0.0102616
-1.36988
-1.74395
1.68696
0.161787
0.674809
0.733995
-0.443726
-1.52218
2.7163
0.271846
1.26119
0.434403
0.369628
0.691455
1.40566
1.60495
0.201105
0.27977
2.0372
1.34041
-0.434515
1.52266
-1.73643
1.25485
1.61265
-0.502542
0.942788
-2.74577
2.12351
0.198074
0.0947931
3.37477
-0.969579
0.109728
1.07947
2.82709
0.482355
-1.66369
-0.271093
-0.960712
0.280627
2.35533
0.681403
1.69111
2.65433
0.212543
1.67776
1.12448
2.36323
0.260826
1.65762
0.527104
0.633719
2.00191
1.12291
1.64594
1.18988
1.74528
0.52902
1.58173
-7.05586
0.369661
1.40675
-7.98829
-1.10258
0.930275
-0.162136
2.84431
2.80022
-0.411728
0.205202
-0.398364
0.0448101
0.685024
2.31947
0.33731
1.56268
1.37646
0.946077
0.194814
0.454869
2.5932
1.495
1.28096
0.308239
-0.594992
2.50689
0.536993
-1.09917
0.273696
0.376544
-0.490896
1.70592
-0.242587
0.432717
0.195927
1.39379
-0.719434
1.6878
0.194873
0.464154
-1.59955
0.393908
-0.53556
1.83474
-2.57629
1.38677
0.607246
1.60609
1.82295
1.31912
-0.710051
2.00583
-0.993842
0.697512
0.0654785
-3.37751
2.76411
1.97935
1.641
-5.12048
0.768306
1.41989
-0.406933
-0.263007
-0.145566
1.72285
0.296898
-0.626627
0.352549
-1.17593
0.158415
1.40936
2.82155
-1.67233
0.795352
1.45334
2.07992
0.435517
1.12353
-0.390032
-0.853144
0.282928
0.200098
0.454469
1.37969
-0.00207697
-8.13729
0.186843
1.52818
-1.35153
-1.04334
0.264126
0.766837
1.303
-0.685063
1.79083
1.64531
1.18322
-0.806954
1.51352
-1.24835
-0.229519
0.155382
-7.12301
1.37512
-0.498119
1.02332
1.65695
-0.739424
-0.407835
0.509106
-0.347708
0.679963
1.42422
-2.02973
2.02519
0.176088
2.78556
-2.14098
1.86908
-0.309279
-0.766024
-0.330369
-0.455248
1.84058
-5.48767
0.244397
0.18013
-0.380851
1.58675
-0.859768
-7.67115
2.08257
-2.07091
1.04591
1.34757
-0.48365
-1.04593
1.06227
0.529451
1.61615
0.622418
0.111396
0.363411
1.44082
-1.39539
0.158922
0.0772062
-0.636572
-0.88503
-0.0707709
2.22752
-1.92425
2.15147
1.71822
-0.334006
0.718023
-9.42888
-0.274712
-8.87368
-1.61984
1.14798
1.08303
-0.709921
0.327514
-0.972136
1.61347
1.78729
0.648387
0.969703
1.39626
2.82628
-0.505696
-0.0150403
2.26814
-0.402719
0.180986
2.75835
0.206029
-1.15391
-0.0413502
-0.322978
-2.49091
1.34718
0.313823
0.605481
3.20037
-0.327746
0.393814
0.138505
0.296438
0.632188
-0.894089
-0.776975
-0.560881
1.60742
-3.23826
-0.542626
1.79232
-0.726284
-0.491225
0.401489
0.149238
3.28032
-1.16079
-1.93522
1.65583
0.374281
-3.89629
-0.0179104
-0.292257
-0.376368
2.13407
-0.432544
-0.0436308
-0.332763
0.212784
1.69759
-2.09012
-0.984326
-2.11885
-2.24894
0.181434
-0.384675
-3.49369
0.515247
0.0813493
-2.69059
1.41914
1.83862
3.34903
0.314952
1.75032
2.40432
0.0421349
0.551444
-0.205919
0.916042
-0.777397
0.757413
0.306091
0.19501
1.17247
0.917119
-0.527632
-1.09916
2.76187
-0.253844
-0.321847
0.309866
1.68515
0.7531
1.37721
-1.1595
-0.987229
0.181308
2.2793
0.328026
-0.376907
2.5345
-1.47162
2.40823
-0.377096
-0.489761
0.143438
-1.10827
-0.577675
-1.06504
2.46675
-0.879595
-1.22275
2.4972
-0.149574
0.316073
0.182312
2.72757
-4.82059
2.22529
0.524296
0.166023
0.240088
-0.836279
0.988783
0.321452
0.272478
-0.330329
1.27747
1.94976
-0.415039
0.314553
1.81313
2.71237
-0.515324
1.89658
3.28994
-0.759334
1.01282
0.030296
1.80962
2.22956
1.93036
-5.49243
1.39302
0.500245
-0.393252
1.38141
0.335902
1.77154
0.105989
1.47883
0.740126
-0.635441
0.171615
0.447628
1.45277
1.89244
0.504563
-0.269793
2.62672
1.66292
2.01419
0.705895
0.285401
0.178185
0.181277
2.54274
2.80309
-1.6099
1.72389
-0.408002
-2.62942
-1.34306
1.37869
-6.15987
-8.41701
-0.376652
-0.286207
0.308838
0.816054
-0.903969
1.56491
1.92949
-9.05947
1.98979
0.0398278
1.66458
-0.624747
-0.0586384
0.394214
2.68345
0.289419
0.2025
-0.177213
-6.6267
1.2026
0.057762
0.581569
2.47504
-0.351721
-0.287809
-1.48138
-0.144186
-5.78585
1.93647
-0.294712
2.81579
2.61818
2.44833
-0.362702
-0.895671
-6.6128
-8.6697
0.550315
-1.28829
-4.63256
-0.701781
-0.335772
2.02728
-0.822417
1.76225
-0.387988
2.41809
1.6204
-2.06379
0.641076
-6.21077
3.08841
0.191499
1.30321
-0.385165
-0.308952
-0.0157175
-0.303919
-2.0869
1.94
0.213933
0.0491133
-3.32713
-0.774116
0.764959
-0.423347
0.279089
0.151733
0.412579
0.721703
-0.335067
1.93543
2.44873
-2.36025
0.9047
-0.368613
1.80664
-7.4344
0.509586
0.868254
-0.380231
0.376134
-0.805904
0.275857
-0.408123
0.104678
1.68351
1.26656
-4.6413
0.31588
0.783662
1.54949
0.320236
0.105527
-0.360082
3.16018
0.966665
1.8272
-2.36778
1.02067
-0.55546
-0.303662
0.374505
-0.485376
-0.171967
2.529
2.22419
-0.562448
0.933569
-0.447459
2.24778
0.351352
-0.75433
-0.646692
-0.745744
-9.58975
0.0553592
0.514855
1.67018
-0.835929
0.394385
-1.91887
1.16637
-0.636282
-1.01267
2.04153
0.62272
2.58531
0.201831
1.72341
1.99618
1.85191
0.218218
1.66614
0.236957
0.322962
0.653562
0.464726
0.89908
-0.96916
-0.549314
0.0584407
-0.303808
0.956925
1.41951
0.77246
-0.853644
-0.0943931
3.32105
-0.452274
1.79253
0.0195464
2.47534
-2.26386
1.60312
-0.273497
-0.32395
2.64738
-0.108095
-4.24574
0.93093
2.74619
1.71296
0.262694
-0.040932
-0.890544
-1.52914
-1.82171
-1.15618
1.80422
-1.90927
-0.901027
-0.756317
1.05689
-0.0437345
-2.20803
-0.126373
-3.80107
1.33978
0.463119
1.58013
0.0720596
-3.27827
2.48968
-0.619765
-0.500795
-2.48012
0.560016
-0.775512
-0.599493
-0.250622
0.255336
0.157014
1.49048
-0.541133
-0.134277
-4.24208
0.196906
0.38126
-0.0757663
0.420155
-0.718911
1.57039
-2.45464
2.51214
2.0818
0.663968
2.02281
0.935435
1.47359
2.94011
1.99445
-0.292246
-0.0263093
-0.708057
0.0155762
0.047726
-0.406546
1.75231
-2.86612
2.26956
2.36352
1.51904
1.49205
-0.217164
0.785816
-0.645128
0.149281
2.51287
1.80593
0.389953
0.474613
-0.706482
-0.0984794
-1.67617
-5.22041
-0.689088
0.0553446
0.378801
-0.239143
0.200964
2.59254
1.62023
1.88291
1.77832
1.89666
0.155333
0.20636
0.144117
-2.77011
0.732111
0.215491
1.21354
1.14577
2.68609
-0.0504991
-0.0836379
0.440609
1.5402
-0.470069
0.283635
-1.10135
3.04254
1.74947
-1.15011
1.47012
0.120057
-0.279933
1.5006
1.83035
0.928457
0.756475
0.409418
-0.647894
0.269343
0.512341
2.53754
-1.14574
2.23564
-0.48008
-0.220435
-0.510236
1.42901
1.91425
-0.0570757
0.160569
3.02336
0.852122
1.26568
1.34648
2.79335
0.495297
1.71259
0.225258
1.77833
0.167888
0.287783
2.28113
3.20447
0.638817
0.0633604
-3.59445
0.0626579
-2.37628
1.75108
1.02592
-1.46429
1.43231
1.95981
1.39848
1.54435
0.172971
1.73043
2.28237
0.0159216
2.86218
1.91869
0.599214
-0.0603023
-0.800305
0.267588
1.62002
0.684451
1.65719
1.91675
1.48254
-0.163981
-0.0867545
1.97672
1.30879
2.22524
0.294003
1.51462
1.7634
1.10494
2.03033
2.03358
0.263316
0.346779
1.53639
1.96381
-0.0265732
-0.0389879
-0.134961
1.95496
0.586313
1.77601
2.78394
-0.380865
2.69521
2.98455
0.134039
0.0353365
-1.69666
3.25974
-2.91506
1.87499
2.81578
1.06937
-0.695406
1.02235
1.32741
2.97894
1.09228
1.0212
3.10139
2.22597
0.298828
3.06765
2.46672
0.374393
-0.479114
-1.60613
0.0547633
0.492222
1.86509
2.44035
-2.58908
0.191477
1.11314
0.579184
2.24382
-0.492523
2.69802
-0.097459
-0.28034
1.2541
-1.29649
1.93619
0.338359
1.27347
-0.388145
2.44549
1.62185
1.71235
1.70132
-0.270488
0.361624
0.102851
0.733506
0.998878
2.59214
1.78371
0.059034
1.06718
0.455422
-0.390649
2.41975
0.371383
2.02601
0.342511
-2.81048
-0.331539
0.539144
0.879422
2.73805
0.379159
1.14155
-0.362119
0.113204
2.34276
2.38966
-0.37608
2.2916
0.76533
-0.357056
0.651768
0.810449
3.20206
0.309762
-2.42158
2.08833
-2.60007
1.89256
-0.748932
-0.373605
0.235957
-0.849932
-0.583922
0.0297084
1.69876
0.248249
-0.578295
0.0345098
0.0320498
-1.05245
1.08783
2.62477
1.46056
1.27687
-0.499882
-0.437702
0.389425
1.20101
0.110793
0.0493996
0.154053
0.00892204
0.0549633
1.3967
0.84427
1.00757
1.37502
0.898699
-0.801141
-4.58028
0.341572
-0.089245
3.02744
1.16057
0.954606
-0.452356
0.0103791
0.0125425
0.252623
-0.329305
-0.224885
0.163444
-0.0410586
1.71847
0.106003
0.166195
1.846
-0.611202
-0.307225
2.56184
-0.512951
-0.816443
0.608496
1.59229
-0.223523
0.617477
-0.129714
0.318683
-0.717987
0.190626
1.9303
-0.378971
0.806106
0.180789
-0.350774
-0.241167
0.256258
1.46754
0.498155
-0.453469
2.56665
-0.648989
1.72537
-0.244893
-1.07541
-1.91901
0.214947
-0.786338
1.54676
1.64149
1.67031
0.448501
-0.471423
2.26201
-0.268394
-1.68842
0.033086
-0.398724
0.186216
0.408085
2.3157
-0.707438
-7.69285
0.0691111
1.29247
1.24019
-0.288842
0.993697
0.243878
0.214317
0.649912
1.02794
0.678701
-1.01725
-0.326903
2.44235
0.401924
0.0413935
0.933907
0.0397622
1.1855
-0.367253
0.126215
0.151726
1.41673
0.0802074
0.277837
0.737782
0.0545858
0.595027
0.207345
1.68426
0.237086
0.0647193
1.43954
1.42829
-0.0144952
1.18813
1.1975
1.70686
2.00694
1.70736
0.370255
2.68196
1.22227
-0.702945
1.02823
-0.408398
0.371002
0.139936
1.04672
-0.385638
2.67535
0.513267
0.753859
-0.884388
0.756517
-0.527123
0.529479
-2.09199
1.37093
-1.0991
1.35926
1.09798
1.63891
-0.453298
2.01576
-0.478636
1.46851
1.61788
0.830213
-0.0936631
-0.0474329
-0.567541
1.83135
-0.307902
-9.45772
1.81789
0.908573
0.319807
1.87202
1.60282
0.0473652
2.44143
-1.6256
-0.160562
-0.0804971
-0.0754182
0.351713
0.0959216
0.131047
2.71379
-0.127876
0.819163
0.23011
-0.192649
1.73928
1.93085
0.0327598
0.15948
1.57011
-5.2016
1.3805
1.68031
0.225441
0.141146
0.925351
0.319571
2.74922
-0.908548
1.52033
0.171361
-0.730152
2.81237
1.71097
0.335577
2.19843
0.0746165
2.01299
1.95836
0.401229
1.55579
1.38965
1.58406
1.58799
-0.387169
1.70884
-0.614341
0.533397
0.0194758
-6.03682
1.9339
-0.660669
-0.895046
0.437196
0.198641
1.04204
-1.46383
1.51057
0.497997
1.16914
1.57692
1.13383
-0.17683
0.25772
-0.0854262
1.56301
0.666028
-0.516142
-0.0211788
-0.878939
1.72566
-0.489285
-0.455972
1.55504
-0.473578
1.95099
1.19718
-0.550088
-0.843013
1.81799
2.06322
0.180422
1.66423
-1.38342
-0.0522107
-1.84302
0.632022
0.0186756
-0.782904
2.94212
0.460911
-1.88459
0.0917071
-0.0629738
1.50712
0.881589
-0.0307029
-0.750403
-0.403871
0.00232921
-1.25377
1.01615
2.42909
0.343676
-0.292441
0.0379873
-0.657081
2.26878
2.98109
-0.624888
0.967108
1.59823
-0.703202
0.680392
2.65642
-3.84047
0.00424032
1.60351
1.74518
1.66863
0.0892405
0.825492
0.0339099
0.797147
-1.20515
0.157391
1.6662
0.225647
0.604077
0.938533
1.53023
1.33352
0.19735
0.908638
1.69004
1.45595
1.35212
2.76833
-0.286807
2.57989
0.254253
2.51584
3.17248
-0.602909
0.420937
0.744272
1.61704
-7.4012
1.0366
0.94674
0.179026
1.65771
2.24999
1.72098
1.77293
0.831251
0.916468
-0.41808
3.06045
-0.512905
0.351106
-0.424631
-0.127565
-0.512362
1.78765
1.77228
1.29166
1.85734
-1.51687
0.188835
1.93562
1.41989
0.333487
0.218408
0.413393
-4.16266
0.696799
1.6588
2.91068
1.61735
2.07695
1.99895
1.67348
2.77191
1.30595
1.63966
0.595843
-0.278521
0.525567
1.21837
1.08167
3.10204
0.0292689
0.782209
0.0119928
0.184378
2.94421
1.14694
0.270284
-0.195245
1.19975
-0.201994
0.216178
2.16274
1.65549
1.34411
1.68217
0.380358
2.31226
-4.71671
1.32022
0.605586
0.49244
0.307084
2.41026
0.438342
0.377071
1.73286
1.42992
0.116026
1.50492
2.48883
0.16898
-0.399155
-0.48372
-7.87227
0.0556858
-0.463921
0.140454
1.59145
0.613298
0.149808
1.57687
-1.82089
0.185892
-0.0336205
-1.28361
-0.104619
0.508855
-0.550441
-0.655737
1.50301
1.64545
2.10519
-0.603796
1.01803
0.288447
1.54363
2.40469
-0.209552
0.0714382
0.193613
2.49751
1.13383
-0.159378
-0.0461554
-8.40182
0.162175
0.339197
2.66618
0.19257
0.0135236
1.09403
0.532359
0.0527905
0.975847
0.531067
0.723301
-0.361644
-0.441146
0.360719
-0.590557
0.151744
0.509015
-1.29238
1.71059
1.04097
2.85475
0.731464
2.61104
-0.0564062
1.82638
-0.327327
0.349393
0.130001
2.34633
0.229842
0.40026
0.532636
-1.1793
-0.0609601
0.0492116
0.12722
0.142185
0.274081
0.194926
0.318812
1.25093
1.89107
-4.40776
0.370484
0.396006
0.270136
0.36174
1.7232
0.110133
1.02301
0.31743
0.147886
2.18389
-0.121972
0.674477
0.0117455
0.123764
0.216454
2.15954
-0.21568
0.286918
0.141338
-2.49756
0.159306
0.228818
2.54062
1.88165
0.0293778
-5.83849
-0.196815
1.5967
0.282875
0.241729
0.021247
0.676208
0.29152
0.188897
0.0759956
0.0226377
1.05983
-0.0356842
1.58647
-0.137473
0.0580761
0.564725
0.995203
0.329891
0.42144
1.65269
0.398449
0.189805
0.132489
0.195857
-0.207894
0.013792
1.71132
-1.20538
-0.639815
0.363785
0.192468
-1.64979
0.0393308
0.21988
0.147106
2.28806
1.48404
-8.27143
0.258702
-0.406558
-0.401928
0.143426
0.169792
1.7662
0.627088
1.61327
1.48269
-2.35671
-2.04071
0.108554
-6.80778
-1.16212
1.81534
0.233235
0.686267
-0.664153
1.86891
0.141904
1.73628
0.309797
0.345534
2.0783
0.0747268
-0.00594484
-0.380257
2.23359
0.150004
1.55174
1.67119
-0.0267526
0.150479
1.59793
-4.95736
2.18663
0.221971
2.13095
0.0152268
-0.061751
0.345794
1.64443
2.07347
-0.476328
1.68862
1.02699
0.187915
2.35792
0.99481
-0.369354
1.62155
0.200756
0.316208
0.0238705
-0.340957
0.215957
-0.480988
0.00839507
1.52382
1.22214
0.126802
0.151693
1.02302
0.296487
1.81157
0.0827687
0.0658892
-0.0307608
0.25031
0.197082
-1.95997
1.27423
-0.270124
0.205133
-1.81
1.65818
0.139219
-0.611981
0.224194
0.702329
2.51287
-0.589654
0.00732257
1.00189
0.556394
0.0591195
-2.39368
-0.848159
0.440549
0.148507
0.436504
1.61844
0.0211784
0.238284
-0.578478
0.17996
0.100611
0.272495
1.71427
0.26666
0.0549673
0.206136
-0.526846
0.303108
0.185396
0.827042
-0.403896
0.386531
0.373957
0.232153
0.216818
0.0472715
0.0333286
-0.295445
0.188886
0.169618
0.733816
0.779096
0.192137
1.09858
1.10183
0.195606
0.0608943
1.26201
0.421807
0.06885
0.222196
0.32704
0.801855
-0.48052
-0.372477
0.0562616
0.624125
0.286901
1.16671
1.36986
0.211208
0.173602
1.74238
0.178513
-0.403564
0.183919
-0.490518
2.08102
1.61987
0.233339
0.106721
0.177652
0.204757
0.100469
0.267705
-0.464033
0.333373
1.68873
0.508864
0.190218
1.64565
0.200902
2.374
0.231176
0.24086
0.353955
0.230544
2.2022
0.19022
0.115705
-0.0281615
0.111761
1.29811
0.990342
0.191933
1.70178
0.193073
1.20048
2.03105
0.653541
1.1662
0.177021
1.00693
0.167233
0.38359
-0.549033
-0.215199
0.164676
1.93956
0.93362
1.39273
1.0383
0.00158954
0.133386
0.196582
0.0634553
0.991587
-0.192176
0.107612
0.0101927
0.123174
0.199512
0.236054
-0.388225
2.55681
-0.241051
-0.678435
2.39517
0.36324
0.118279
0.149662
0.132709
1.39872
0.143998
0.162075
-9.19595
-0.0110447
0.398104
1.6491
0.190949
0.137249
-0.497603
0.0510934
0.307143
0.122308
0.19074
0.160268
1.73306
-0.340089
-0.860226
1.26342
0.204719
-6.77722
0.237226
-0.272791
0.137354
1.64982
-4.10628
1.90534
0.206893
0.177244
-0.750635
0.148339
0.306294
0.221411
-0.363884
-0.76759
2.42885
-0.428986
-1.79193
0.0300598
-0.52646
0.117835
0.201346
-0.752089
0.0387471
0.160191
0.276864
0.187601
0.118572
1.87945
0.621261
-0.0143894
0.254772
0.154737
-0.387628
0.207717
-0.871779
0.219556
0.191245
1.82964
0.326066
1.85088
0.0655518
0.320862
0.166568
0.0227734
0.0568626
-7.75896
-0.305131
0.188225
1.00047
1.34173
0.964978
0.0998535
0.159129
0.1662
1.82507
0.236269
0.509016
1.16405
-0.00459393
0.185146
-1.08323
0.190941
0.0268985
0.197258
1.72748
0.00973874
1.12893
0.138383
1.63684
0.13133
0.876654
0.0186454
0.0951672
-0.668681
0.169817
0.133743
0.261196
0.294424
1.38299
0.130853
0.310805
0.248105
0.175239
0.627011
0.132175
0.171357
-0.423789
-0.728937
0.133779
1.94723
1.52547
0.0830627
0.188331
-0.127062
0.0745219
0.610672
-3.51714
0.0837854
2.18682
0.429726
0.0745124
0.0710279
-1.95858
1.72109
0.27144
0.113766
0.0615723
-0.97539
0.28513
0.10777
-0.482363
1.02211
1.23814
0.156635
0.272701
0.243104
1.87127
0.0175067
0.0570567
0.0963427
0.117466
-1.12735
0.192455
0.151349
-0.0235022
0.187312
0.0674589
0.367676
0.0380374
0.176642
0.224337
0.211183
0.115092
0.162712
2.88205
0.112953
0.317486
0.0225884
0.29494
0.650671
0.169848
0.255785
0.610856
0.111985
0.155959
0.135573
0.0500434
1.86693
0.0267366
0.17402
0.326084
0.0666672
0.066598
0.265148
0.0741499
1.75471
0.22403
-0.0633903
1.16022
0.143367
0.0930109
0.113097
0.369254
-0.692498
-4.01531
0.482411
0.140988
0.317432
0.0648939
-0.0870124
1.6854
1.72409
0.0791294
0.213937
0.189466
0.18483
1.7526
0.0221293
0.173222
1.75814
0.125146
1.6999
0.119187
0.103486
0.290715
0.109596
0.0111069
1.91911
0.203178
0.0102478
0.260198
0.247192
1.5391
2.23196
0.032692
0.292637
0.111585
0.0673243
0.00401213
1.56264
-0.551402
0.00119036
0.0888014
0.227803
0.162691
0.172673
0.134369
-0.782717
0.0111622
0.054372
-0.0520095
1.69395
-3.20365
0.0828173
0.179615
1.15823
1.26891
0.0634048
0.00781989
-1.58772
-0.396229
0.0405211
0.0970197
0.022528
0.0955172
0.0117632
-1.78963
0.0448176
0.391145
0.0869619
1.78156
0.0511829
0.191473
0.113979
-0.314598
0.0447797
1.53752
0.362222
1.82544
0.320912
-0.495332
0.0763725
0.175477
0.123618
0.162066
0.208492
0.0607716
0.0774264
0.184735
0.0116667
0.0490967
0.17262
0.0714329
0.0487631
0.100612
1.6997
0.129233
0.0917919
1.83598
0.0720385
0.157188
-0.0341916
0.82755
0.0961732
0.0428372
0.0781059
0.0824611
-0.941603
0.310204
0.089721
0.150685
0.0927297
0.258502
-1.71196
-0.00954624
-0.511544
0.200869
0.0930677
0.00432892
-0.602834
0.0636924
0.072546
0.0987942
0.547853
0.169821
0.169499
0.631404
0.0449004
0.0566006
0.046742
0.115998
0.0684502
0.0178408
0.0974365
0.148531
0.176575
0.104981
-0.0173866
-0.420746
2.49215
0.0981153
0.0699849
0.0914817
-0.329141
1.79244
0.205801
0.387531
0.00562017
1.76795
0.0594032
0.704077
0.241385
0.0163692
0.0650693
0.258421
-7.59952
0.200812
0.550619
1.34481
0.0787014
0.0246883
0.189509
1.77601
0.126536
0.0866279
-0.0257354
0.216248
1.47916
0.250055
0.0724242
0.0572739
0.105658
0.0912501
0.0801567
1.03237
-0.00957096
2.16257
0.00579591
-0.48921
0.279029
2.81741
1.00161
0.102857
0.0740327
0.132037
0.151762
1.55984
0.22096
0.15351
0.149329
-0.529589
0.0998324
0.199559
0.0818432
3.2095
1.2359
1.63151
0.119193
1.67663
0.0285237
-0.191324
-0.501998
2.05791
-0.458004
-0.477936
0.064427
1.11091
0.197001
0.106211
0.251705
0.227143
-0.610676
0.241818
-1.79005
0.0976633
1.60952
0.195204
0.117564
0.076996
0.0839963
0.109697
1.62927
0.0900992
-0.181165
0.071253
-7.08158
-0.00185617
0.141032
0.149919
2.56045
-0.442009
0.296539
0.164183
0.0791045
0.0918318
1.40392
1.68567
0.092619
0.138776
-0.881218
0.129058
0.652231
2.85634
1.05618
0.461269
0.212298
0.17135
0.0905335
0.85717
0.120755
0.159741
0.0850973
0.841369
1.63061
1.44994
-0.562685
1.07274
0.153369
0.362115
-0.455168
0.229621
0.134725
1.63608
0.29076
-0.815387
0.0927302
2.44338
0.193661
0.144175
0.192505
0.141612
0.335209
-7.77496
2.63772
0.231659
0.207968
-0.768408
0.167289
0.251108
0.411756
0.0986148
0.311612
-0.137626
-0.637285
1.64643
0.133193
0.401645
0.145436
0.762507
0.23981
-0.675928
0.100016
-0.636687
2.97627
0.0962379
-0.725876
2.66742
0.0205318
0.231367
0.198113
0.0405974
1.75532
-0.32367
1.72787
1.72323
0.259089
0.176504
1.70434
0.876706
0.280868
-0.153397
-0.360917
-1.6253
1.72675
0.11955
0.0838227
-1.35065
0.3993
0.23915
0.154381
0.19917
1.69277
0.18832
0.155754
-1.55105
0.0815448
0.0749315
0.0872043
-1.14936
-0.162728
0.349902
0.132582
0.370839
0.0999797
0.15876
2.85925
0.203523
-0.465456
0.597878
0.0701055
1.62765
0.159506
1.72377
0.130746
1.47015
-0.966669
0.210254
2.28705
-0.131781
-1.08103
1.82349
0.34969
0.209859
0.100453
1.66931
1.69434
0.113851
1.75239
2.63804
0.880262
1.79916
-0.613368
0.163752
2.38383
-3.71499
0.589803
0.252161
1.62634
-1.61506
1.8208
1.72478
1.89653
0.0126891
0.0938565
-0.240006
0.0841551
0.226388
-0.156781
-0.43259
0.145962
0.0836853
-0.0310791
0.19897
0.20651
-0.0533703
1.96654
2.12178
2.0336
0.24916
1.01645
0.330139
0.764653
0.23602
0.255561
2.77987
0.251643
0.276307
0.383639
-1.06202
2.21049
0.206728
0.270863
-1.11611
0.34958
0.200284
0.0975178
-0.435297
1.1579
0.0669212
1.20691
1.70367
-0.199652
0.115118
0.431338
1.63753
-0.251352
0.0341858
0.154676
0.0132218
1.2751
0.266262
0.214416
3.17177
2.2368
0.201294
0.183333
-1.49107
2.52487
1.38635
0.378579
2.89353
0.0707599
1.47803
0.752921
2.60688
0.503953
-0.241068
1.09167
-1.31513
0.00984752
0.177568
0.355873
-0.385575
2.66141
0.331341
0.2828
0.35302
-0.126419
1.05863
2.97178
0.419808
0.274833
0.221911
1.39325
0.182849
0.391514
0.476911
1.42385
0.234067
0.228635
0.168637
0.421997
0.615875
1.41461
0.233142
2.59743
0.229596
0.250418
1.61423
0.0721428
0.0164852
0.332771
-0.13817
0.999331
0.0598681
0.681278
-0.0678493
0.253828
1.2888
-0.00257548
0.147274
0.43128
0.344383
0.217907
1.27005
0.0615923
0.227246
0.010041
0.30446
0.183449
0.206351
-0.908234
-0.0126201
0.642181
0.588148
0.317166
0.517752
0.185354
-0.430622
0.31629
1.8216
0.196161
0.330963
0.365827
0.300078
2.31105
0.262557
0.366132
0.424135
3.20401
2.86614
0.233346
-0.107423
-3.77806
0.00181094
1.45613
1.70772
1.55779
0.353002
0.0400311
0.350691
2.45279
0.347861
0.449625
0.663456
0.155486
0.355817
0.311409
1.43989
2.42563
0.202299
-2.48231
0.308961
1.42375
2.11429
0.00516837
0.597466
-0.108208
2.91398
0.014704
0.218523
1.11754
0.382192
0.0493466
0.059126
1.66336
0.0212525
0.00974239
0.149697
-4.78417
0.290079
-0.00195836
2.38891
1.06268
1.86919
0.400432
-2.22798
3.07726
0.243995
0.360741
0.757725
0.257915
1.3072
1.54424
1.63372
0.00820646
-0.324693
0.231285
1.66693
0.181682
0.0525641
0.216899
1.64556
0.483769
0.0734442
0.223736
0.70385
0.0978901
0.0509127
0.354493
0.290426
0.228619
0.346574
1.29399
2.39471
-0.69828
1.85237
1.34778
-0.278761
0.04815
-0.372881
1.59602
-1.3449
0.406644
0.413593
0.337128
0.279877
0.452596
3.14436
0.0187329
1.73029
1.11667
0.313426
0.170774
0.141694
0.164382
0.39476
-1.0136
0.232248
1.1156
0.353005
0.223674
1.85691
0.373863
0.577609
0.531759
-0.347416
0.406874
0.740692
0.430572
1.26563
0.441507
-0.113013
2.24322
1.93248
-1.74222
1.30327
0.0415783
1.05901
1.53331
1.64691
0.27148
-2.11726
-3.66017
0.343481
1.59153
0.0167092
2.14358
0.0654756
0.924321
-0.38599
-7.90494
1.68437
0.230665
1.68301
0.762694
0.393046
0.401842
-0.07863
-0.894718
1.21354
0.326249
1.68883
0.521762
2.10726
2.25819
0.246753
1.96169
0.45134
-0.0192819
0.875842
2.21089
0.517092
-0.946887
1.71826
0.456012
0.461863
2.1592
1.55779
2.10189
0.293757
0.176686
0.416421
-0.639659
0.420382
0.420915
1.12433
-0.362895
1.79824
-0.0185759
0.226968
1.33603
1.75965
0.631431
1.51546
0.122286
-0.500518
0.184126
0.143603
-7.22416
1.13921
1.1314
-0.373029
0.227551
0.554418
0.368853
0.951682
2.19032
2.32717
0.729687
0.661014
0.500838
0.509695
1.40896
0.0356692
1.87805
-1.43
0.326324
0.209416
0.249546
1.02653
1.70355
1.86843
1.23923
0.341399
0.108591
1.67506
1.65991
1.65413
-1.90964
1.88007
1.0304
1.6653
1.10426
0.417255
0.473041
1.61164
1.47284
-0.26827
1.67582
0.280314
0.429156
1.36804
0.248542
-0.152669
2.55747
2.03244
0.437624
1.51984
0.779717
1.3577
0.446712
0.420675
0.162856
0.248802
0.274763
-0.413067
0.1652
0.191273
0.195788
1.67007
2.28339
0.441383
1.68579
0.42706
3.47451
-0.904526
1.85291
0.438177
-5.93811
-0.0680274
3.43013
0.537057
0.270066
3.36093
0.573031
-0.859808
1.61742
3.30263
0.403215
3.23006
1.13567
0.400229
-0.499163
3.10484
0.170758
0.304703
-1.27225
0.637234
0.351149
1.77213
2.92438
0.0323214
0.63251
1.90341
0.355991
1.71089
1.5223
0.18689
-0.734882
-7.96515
2.86824
0.636762
-0.648813
0.492473
0.446997
2.82311
1.12087
0.403969
-0.601979
2.76997
-0.19873
-0.55413
2.7216
1.82472
-0.505593
-0.646921
-0.465165
1.00341
1.90612
-0.496666
2.66236
1.68647
0.472557
-0.450815
2.12851
0.530902
0.664409
0.156109
-0.417939
1.53127
1.69999
-1.02174
1.62411
0.470469
-0.163028
-0.819909
2.5184
0.879182
1.57133
0.274275
-0.398134
-0.393222
-0.387851
-0.388791
-0.397403
-0.38777
0.273343
-0.378392
-0.436624
2.14897
2.4802
0.921586
1.09162
0.566683
1.34133
-0.45803
2.45729
0.000834571
-0.473081
1.97677
-0.849838
-0.480093
0.215012
2.35344
1.77339
1.25945
0.702809
1.76643
-0.452732
-0.494354
2.32929
-0.458634
0.445145
-0.0338218
-0.630181
1.60224
2.29026
0.317064
1.97877
0.226801
1.42435
-0.546472
0.206374
0.435864
2.2525
0.144557
-7.81262
2.21244
-0.846798
-0.0625611
0.212232
-0.602045
2.18004
1.56601
0.720563
1.67012
0.500254
0.150223
0.120774
-0.629234
-0.421416
2.123
0.770367
0.170093
1.77723
0.829029
-0.268871
0.230524
-0.64388
2.11055
-0.414345
1.57284
0.170914
-0.0183506
-0.68794
2.0677
0.95517
-0.424267
2.02255
-0.722664
0.211458
0.145501
-7.84909
-0.977048
1.99441
-0.70863
1.91438
-0.767185
-0.649836
1.33372
0.00961839
1.2576
0.128177
1.87189
-0.70345
0.678105
2.49982
1.9125
-0.838417
-0.074901
1.83992
-0.53513
0.0279251
1.45906
-0.817761
1.70108
1.79461
0.0116296
0.54444
-1.64295
1.68439
1.17245
0.423945
-0.445216
-0.815928
-8.10411
1.7378
0.579664
-0.533715
0.367818
-0.588406
-0.801197
-0.508623
1.21364
1.70047
2.17291
1.60061
2.32598
1.69188
-0.862734
0.839972
0.372224
-0.40416
1.35489
0.131301
0.27269
1.14056
1.48425
0.234813
-0.896928
-0.426938
1.63663
-0.0203225
0.231494
1.89127
1.50964
0.262799
2.71448
-0.258506
0.773582
0.56743
-0.967866
0.459258
-0.421759
1.57162
1.85551
1.76399
1.40305
-1.09012
1.50648
1.43768
1.39706
1.30581
1.23909
1.15121
-5.99233
1.45103
1.07925
1.69525
0.945467
-0.495527
2.39057
-1.33186
0.0296509
-0.411015
1.53741
-3.23425
2.12578
-1.71746
0.526493
-2.22724
-0.38735
-3.07617
1.6672
-0.08652
-0.829599
-4.02677
-0.865661
0.0913151
1.66012
-0.520897
-6.49678
1.74719
1.73185
0.0596044
-0.237312
1.80178
0.555608
-0.365573
0.442701
0.910334
1.61001
-0.902268
0.482226
-0.0302328
1.78898
-0.775897
-0.540914
-0.385229
1.15877
1.70009
0.482163
-0.84348
1.07448
1.86443
1.20774
-1.01344
1.78994
0.80408
1.37604
0.207353
1.64646
0.226825
0.00659929
-0.00844808
1.01233
-2.21279
2.34261
0.287857
-0.694871
0.320295
-8.10737
2.05375
1.76774
1.50945
1.71694
0.553124
0.384194
-0.0114202
-0.446931
0.434284
-0.165752
0.471092
1.32759
-3.814
0.254763
2.89837
-0.0122386
1.13131
1.19814
-0.346132
0.257787
1.1495
0.451491
1.17964
1.31851
1.71359
1.7183
1.67046
0.437122
1.86209
-9.04855
0.2161
0.0219692
-1.71427
0.522648
-0.36769
1.85088
-0.347299
1.51746
-0.584325
-0.452245
0.577665
-0.766405
-0.158342
-2.05023
0.552234
1.7957
-0.177586
0.204815
0.15533
0.642282
0.397994
0.0697313
0.0994523
1.56839
0.500116
0.012019
1.36747
0.508543
1.41781
-0.920511
0.420423
0.361582
0.0375884
0.509777
-0.382116
0.472193
0.204867
0.0410825
1.18176
2.36457
1.01711
-1.19274
1.65914
0.32603
1.39032
0.00988824
0.111088
1.25466
-0.608669
-0.0089086
-0.327388
-0.330815
-0.591937
1.5953
0.0756974
1.90601
0.160867
-0.0156616
2.4566
2.32619
-0.0203834
0.945947
0.179198
0.0923728
1.81761
-0.288705
0.437582
-0.961497
0.200573
-2.47911
0.0561919
0.824446
0.479309
0.0524555
-1.27209
1.72189
-0.370301
-1.4925
0.942538
0.492587
2.3004
0.435957
0.869004
2.41785
2.44835
0.0754319
2.15634
1.40078
1.64454
0.546746
2.14037
1.77891
0.687156
-2.58832
0.414865
1.34184
1.32427
-0.0239301
0.129317
0.183842
3.00407
1.38996
0.515888
1.64323
1.15558
0.398164
1.57404
0.699641
2.06392
0.242898
-0.79964
0.46248
2.66471
-0.143305
1.78141
3.48987
1.57013
1.5426
0.551257
0.745325
-0.0187942
1.78839
2.81536
-1.69679
0.264893
2.71029
0.496103
0.436545
2.97937
0.289404
-0.384427
0.679892
0.305915
-7.97824
0.708102
0.020536
-0.381948
0.382881
0.529029
-0.263803
0.451725
2.98969
1.78155
0.764962
1.1885
1.52438
-0.0134547
1.46854
-2.10104
3.25128
0.184108
-2.69859
-3.26176
2.2938
1.4857
1.63895
0.49897
-0.154802
-1.13518
0.142543
0.318326
0.348459
1.15774
0.294311
0.369118
0.0886556
1.58963
0.512162
1.575
0.135723
0.232069
0.643782
2.71055
1.58721
-1.60352
1.3483
-1.39695
1.86414
-0.270085
1.61471
2.6426
-0.755412
0.410615
0.022108
0.460622
1.67661
-2.4059
0.973949
0.000487438
1.51677
-0.780488
0.345941
2.20632
0.355448
0.0701185
-0.133754
1.62764
1.86563
-0.808304
3.10893
1.40724
0.731996
1.41927
0.285036
1.71359
-0.0509738
-2.36548
-0.0742926
-0.218786
1.68628
0.413666
0.730336
0.0634394
2.59872
1.01999
0.209088
0.174969
0.416531
-1.52664
1.24273
1.19833
1.05818
-0.853061
0.193363
0.291126
1.0669
0.261143
1.22469
0.406714
0.466698
0.0713612
1.12537
0.71041
1.55955
-0.195224
0.151461
0.528559
1.68037
1.92001
0.521464
-0.134692
-0.202275
-0.569011
1.14749
3.14698
1.80443
-1.84067
1.11246
-0.328988
1.69939
-0.0321899
1.26765
2.33804
-0.116584
0.137064
-0.484064
1.68845
0.241692
0.422475
0.0756954
-0.769043
-0.261559
-0.143991
-1.11501
1.78609
1.17859
0.427151
1.62477
-0.385988
1.70659
-0.22578
1.68627
0.411006
0.176031
1.58932
-9.1238
1.53723
-0.476717
-0.441831
2.48106
-0.457621
0.479707
-2.5632
0.0725762
1.09251
2.20716
-0.208101
3.12815
2.73443
-1.0814
2.29108
0.301588
1.68033
2.93747
-2.06092
0.0533707
1.06843
1.51032
0.558476
-0.54839
-2.02031
-1.91363
-0.326644
0.343043
0.398354
1.61897
-1.22598
0.580245
1.44969
2.04955
-4.91965
2.08779
0.0378823
-4.54224
0.333808
1.31822
1.66082
0.781365
1.9711
1.02305
3.45552
1.44503
-7.49823
3.39718
2.24064
2.35325
1.87316
3.33745
2.39149
0.431608
1.26431
3.26848
1.17557
0.468628
0.0710397
1.56942
-3.81165
1.173
1.41379
0.080398
2.28549
1.66427
-1.34993
0.0474622
0.3435
2.17757
2.16587
0.311759
0.0111972
-0.471363
-9.1802
1.98203
0.308867
0.450324
-0.470655
3.13761
2.36407
0.402523
1.10098
-0.55416
-0.431308
2.02308
0.289118
2.89536
1.56652
-0.538984
0.443083
-0.457737
1.30409
-0.162831
-0.510124
-2.57894
2.83354
-0.687726
-0.481141
-0.77393
0.106134
2.84661
0.250484
-1.16303
-0.803136
0.797409
-0.861127
2.42263
0.736992
0.831817
-0.391026
0.0899246
0.761392
-0.621225
2.79663
-0.128549
0.310974
1.72885
1.06177
-1.36192
-0.631405
1.47891
-0.575029
-0.622744
2.46238
2.74704
2.16668
-0.288696
2.69215
2.30719
1.63382
1.22606
-0.52817
1.85234
1.33593
1.75992
1.73802
2.27227
1.85562
-0.321737
-0.969754
1.49176
-0.493396
1.45258
-0.761479
-0.339194
-0.949741
2.11765
0.0796554
0.641835
-0.341872
1.96165
-1.14079
-0.478152
0.139111
1.46981
-1.0982
-0.76775
0.082653
1.62014
0.619575
-0.480973
0.24031
-0.248525
0.40209
0.420556
0.0598191
0.408904
0.411064
-1.11864
1.48707
1.64561
-0.586515
0.138186
0.0568626
-0.902815
0.943584
1.48453
-0.795162
1.27277
1.19117
0.657905
1.68272
1.44362
2.50101
1.76562
2.40056
-0.218801
-0.39466
1.00356
-0.389371
-0.386752
-0.391035
1.08365
-0.394274
-0.386024
0.461295
0.438277
-0.44668
0.40541
0.777236
-0.256078
2.46571
1.50269
3.18514
-0.465852
-0.210815
-5.23516
3.04133
0.247609
1.05496
-1.28273
0.905359
-0.47769
-0.53918
-0.734265
0.822264
-0.436252
-0.485856
1.41032
-0.229028
1.4937
0.357228
0.856896
-1.24143
2.34465
0.52606
2.5618
0.530178
-0.482022
1.71426
-0.0246282
0.831577
0.152373
-1.46824
-2.53473
0.306897
2.31038
1.60704
-0.429695
2.28734
2.30549
-1.34773
0.172776
-0.488018
0.632953
1.38105
0.274733
0.0802339
2.27117
0.630223
0.393364
0.717336
-0.586277
-1.35304
2.56668
-0.11088
1.35485
-1.27287
1.5429
0.411572
1.991
2.23208
-0.166886
0.399625
1.57228
-0.385933
1.26571
1.87074
0.465191
2.19658
-1.08195
-0.493149
0.433746
2.0741
0.0656721
2.09446
-0.264746
1.7987
1.63172
1.36559
0.457832
-0.619913
2.15227
2.21251
1.70111
-0.516441
0.188001
-0.26719
-0.140194
0.0779351
2.60071
-0.416212
0.826479
-0.637507
2.12157
-7.77539
0.224885
0.255532
0.712957
1.68847
0.0101666
-0.105038
2.99291
1.59222
-0.66431
2.09021
1.22307
1.35965
0.34588
-1.10239
-0.0664082
1.29458
0.415896
1.76617
2.04547
-0.705157
0.230811
1.49842
0.44688
-4.61169
1.36942
0.687846
0.511076
1.14702
0.168923
1.18738
2.0075
-0.720534
1.06154
2.04207
1.54448
-0.643251
1.95562
-0.733071
1.59924
0.123452
-0.383126
0.561493
2.2807
0.265989
1.55512
-0.605957
1.89251
-0.746404
0.187396
1.20582
2.36689
-0.437704
1.3652
0.705854
-7.95837
1.54812
-0.756717
1.85646
2.12418
1.60089
-0.13987
2.41393
0.353663
1.64237
0.164821
-0.831788
-1.95883
1.81838
-3.11703
1.02488
1.26484
-0.82184
1.65572
1.76503
0.381508
1.68373
0.75982
-0.57629
2.53717
-0.84879
-4.27108
-0.496575
1.71679
-0.529952
0.279936
1.65018
1.45527
0.312671
0.997193
-0.752345
0.870124
-1.11162
-1.55683
1.10869
2.7024
-0.520781
1.75224
2.95224
1.09696
1.23496
-0.872703
1.63098
-1.44549
0.875191
-0.314641
0.625651
2.07625
-3.05114
-0.920864
1.60476
1.45911
1.14038
0.967386
0.0735923
0.601669
0.833102
0.89228
1.6905
1.51542
-0.499607
0.768668
-1.01193
0.165477
1.70451
-0.365983
1.53972
1.59527
0.214063
0.294737
2.4185
0.454298
0.27435
1.48398
1.47264
1.25671
1.41744
-0.200837
1.35411
1.27357
-0.121857
2.08183
-1.17788
0.909563
1.19504
2.18683
1.11087
0.769439
0.423354
2.21322
2.12076
-2.1062
1.19734
0.850031
-1.48082
0.942377
1.37039
0.812665
-1.91255
3.07362
2.3177
-0.356562
1.05703
0.490634
0.175938
-2.60724
0.972967
0.628896
2.00157
-0.39424
-3.5629
2.243
-0.59786
-0.43545
0.194096
1.69166
0.823441
1.79489
-0.115459
0.199949
2.66237
2.809
1.30854
0.399364
-0.380028
3.48445
0.363437
2.26132
1.68287
0.218332
0.363215
-0.555857
0.106006
2.1098
-0.799446
-0.379123
0.936106
0.0155858
0.168847
-0.502835
2.3417
-0.983747
-0.467997
-0.499943
0.182407
0.782336
0.232886
-0.750507
0.812528
0.451475
0.391664
0.18783
2.71027
1.59409
1.82028
1.89352
1.05602
-0.300546
2.67212
0.17825
0.219351
0.190885
1.49623
-0.905447
0.593093
2.14413
-0.553783
-1.37394
0.468306
1.73308
0.96837
-0.61369
-0.724617
1.64154
1.77135
2.57031
1.41859
1.82141
2.06898
2.0265
0.0528172
1.93351
-0.805987
0.796197
-1.40859
-0.165798
-0.111524
0.570198
-0.46734
1.81072
0.737614
0.124798
-7.89942
0.160324
1.07635
-1.00077
0.0908366
-0.512847
1.64539
2.41035
-0.379998
0.25402
-0.734325
-0.241079
-1.15499
0.00948627
0.698027
1.6514
0.178867
-1.43058
-0.445517
-0.176269
1.67159
0.204179
-0.481548
0.218186
0.0644309
0.835835
-0.300063
0.789819
0.932039
2.79218
0.264121
-0.0411818
2.22623
-1.32083
-0.0194305
-3.21872
0.743096
-0.430553
-7.06018
-0.385334
0.204069
0.45249
0.899106
-0.308525
-2.03757
-0.0514407
-0.656253
0.228973
-0.610242
0.0371146
-0.582195
2.25313
0.180513
1.79275
3.32875
2.32279
2.89592
-0.39676
2.15844
-0.53277
0.465041
-0.0106084
-0.396367
0.0261817
0.0192827
0.318162
0.297754
1.27855
-0.216995
1.25902
-2.32997
-0.395004
-0.110115
-0.0323148
1.81185
0.916736
-4.54725
1.24151
-0.887916
-2.6738
-5.90134
1.59899
-0.762683
-1.52051
-0.0957548
0.116226
1.60807
0.231729
-5.96124
-0.277736
1.59709
-0.483338
0.173833
0.586266
-0.609351
-1.45878
-2.04608
-1.38087
-0.903565
-0.494687
-0.431467
-0.999042
-0.450075
0.527438
0.0190058
1.65122
-0.111012
0.338824
1.12176
-0.131924
0.0178709
0.894958
3.14129
0.295152
0.559765
0.114219
-0.305059
-2.6706
1.69852
-0.0330921
-0.322291
1.65591
-0.556515
-0.675263
2.03209
-0.887133
-1.74547
2.25259
1.31967
0.387929
0.12923
-2.21342
-0.359918
-0.779414
1.59307
2.00481
-0.976219
-0.956181
0.515641
-1.09861
0.182541
1.39107
0.139921
2.20469
2.35416
-0.505171
1.06856
-0.832424
-2.32985
-0.613384
-1.42977
1.48561
0.615439
2.92129
-1.19837
-1.11972
3.10218
-1.24112
-6.6181
-0.346271
-0.330321
1.44477
1.39744
-0.824147
-0.811265
1.0567
2.49466
0.107618
2.54073
-0.0552821
-5.96971
-0.12603
-2.62322
-0.38197
0.0428964
0.151459
-0.0156733
-0.131717
2.0664
0.718147
-0.335343
1.05732
3.19776
-7.34979
-0.707424
-0.840926
0.0357531
3.13098
-0.882312
0.758669
0.395397
-0.627328
-0.796986
-1.87968
0.375702
0.371985
0.298613
0.3462
0.389955
-1.59772
2.63982
-0.186954
-3.67081
2.68682
1.23952
2.21363
-3.95187
1.53899
0.199642
-0.429177
1.3956
1.28678
2.35044
0.743321
0.267812
0.734953
0.557473
-0.0884977
-0.627087
0.387283
0.0766335
-7.9779
1.02029
0.311556
0.237768
0.695873
-0.82624
2.57231
1.74123
1.62247
0.0373862
-4.27066
1.44476
-2.9376
-0.170098
1.59644
0.378465
-3.39287
0.028393
2.39751
-0.263527
2.30007
0.172278
2.16144
-2.04945
2.36763
0.9167
1.00248
-1.25503
0.137423
1.60014
0.9411
-0.03752
0.37706
-8.32473
0.494893
-0.732498
2.54733
-0.10231
0.472834
-0.890029
0.616288
2.16748
-0.601675
-0.528035
1.06293
2.55767
-0.360545
0.0492499
0.356308
0.461907
-0.723097
0.323177
1.44604
-0.307314
0.791233
1.60214
2.70603
1.14556
2.11743
1.98156
-0.409185
0.29834
0.0803017
2.52592
3.06355
-0.393474
0.613799
-0.0956029
-2.25368
-0.718949
0.00478472
2.6855
-0.797461
1.64894
-0.0514525
0.720921
2.25672
1.63078
-0.218245
-0.642552
1.41105
2.38978
-0.0214306
0.503747
0.530827
1.7546
0.909309
-8.91074
-0.372577
-0.0462568
-8.33989
1.81827
-0.399901
-3.4228
-0.233578
-6.44583
1.69564
-0.21411
-0.911068
0.233799
1.12446
2.60866
0.319053
-0.203466
0.53285
-0.323557
1.78797
3.15551
0.271731
-0.33904
-0.740925
-0.285336
0.704185
0.19642
-0.121926
3.05806
0.0848028
2.48288
-0.459276
0.440445
0.717478
-0.41707
-1.24953
0.0747071
-4.05581
1.09562
0.401979
-0.324061
-7.70669
0.927013
0.129053
-0.149512
-1.61364
0.746314
0.952532
2.40338
0.0548796
0.374257
0.788188
0.777842
0.201999
-0.476251
2.36647
-0.434778
1.6243
2.08573
1.70798
-0.375647
0.753226
1.66304
0.263805
-1.30595
0.280199
1.08533
2.3182
2.3715
2.00032
1.74344
-1.5247
-0.522273
0.825304
0.438597
-0.649489
2.89666
1.73401
1.00537
1.39996
0.891124
-7.89416
-0.441014
2.07161
0.488613
1.39
0.388553
2.22618
1.63993
-1.33984
2.43696
-3.09395
-0.573935
-0.473214
0.121806
-0.619901
0.313538
-0.234992
-0.445999
1.43423
-0.377609
0.411056
-0.365656
0.618628
-0.862191
0.324818
0.51969
2.53141
-0.171233
0.163966
-0.792356
0.71711
2.14224
0.950555
-0.504594
-1.62586
-1.31631
1.13957
-0.00783973
0.19906
-1.23237
-0.744281
0.162027
1.60382
3.32146
3.15855
-0.648086
0.490484
-8.2435
2.50778
1.75632
1.85508
1.92904
-0.451925
2.74677
0.40174
-0.147357
0.404187
-3.31015
2.13361
-0.583165
-0.946388
1.17868
1.32671
-2.21773
1.3016
2.20108
1.29669
2.18766
0.501254
1.64734
1.53195
0.824009
-1.69328
2.54561
-0.183377
0.738148
-1.35997
-0.171391
0.112647
0.668658
-0.940994
1.88508
2.23275
1.01047
-0.659179
2.14593
0.842281
-4.31943
1.18552
0.947142
-0.701131
0.791438
2.07723
0.21717
0.189368
0.783785
-0.90575
-0.342797
-0.0790937
-2.19414
0.914353
1.56721
2.66107
3.00414
-0.281767
-0.278652
1.26222
0.00882974
-2.74525
2.27855
-0.7438
-3.24968
0.960126
-1.17927
-0.881834
-2.48745
1.17295
-0.45038
0.85298
2.26504
0.632505
-2.23496
-0.516846
2.4942
0.391506
-2.99551
-0.461353
1.35046
-0.403759
1.62182
-0.11328
2.27461
1.5337
1.25445
-0.671455
-0.0142644
2.48604
1.01984
0.262874
-2.98604
-0.408869
-2.21566
1.58425
1.27674
0.791736
-2.69651
-0.389428
1.30704
-0.119594
-0.397135
0.384581
1.43376
2.84165
0.256179
0.186923
-0.267339
0.130468
0.171909
1.25626
1.08645
-0.451346
-2.08999
0.528953
2.15166
-0.472204
0.546747
1.57736
2.02309
2.31776
-0.646846
-0.105539
1.27159
1.19785
-0.355888
-0.940126
-0.483743
-0.428346
1.35544
-0.383807
1.17266
-0.262237
0.220125
-0.987882
0.236769
-0.360459
0.139244
-2.64271
2.23377
2.19372
1.26765
-0.998313
2.50153
1.46565
-0.0414835
0.111221
-0.446181
0.261113
-1.89237
-0.523451
-5.22693
1.19712
-0.829762
0.795103
0.118476
-0.393999
2.61505
1.25879
2.26946
2.13932
-0.0444371
-8.58385
-0.420171
2.90222
0.227227
0.948931
1.63385
-0.122339
1.87429
1.19743
0.359961
1.38056
0.315878
1.94491
2.19457
1.34687
1.77051
-0.298564
1.50904
0.4343
-0.476172
1.77753
2.43516
0.413015
-0.0892844
-0.437645
2.61336
0.00998788
-5.62949
-0.453313
0.298441
-0.0765906
2.92917
0.333729
0.364028
2.04532
-0.673373
0.363694
-2.31955
1.76946
1.13884
1.06704
0.00872036
2.35712
0.184292
2.85144
2.81429
0.0240782
1.76446
0.00180981
0.670357
-2.62126
1.80992
-0.383882
2.24944
-0.934032
1.92565
0.467709
1.21708
2.13118
-0.187581
0.102668
-0.447955
-0.430662
-0.0588093
-0.485307
0.0171673
-2.88274
0.0319118
2.34535
-0.14493
2.57094
0.239745
-0.421349
-0.0708891
-0.388634
-0.427653
-0.339539
-2.11807
-2.1834
-0.189907
2.21922
-1.02826
2.29871
-0.323212
-1.97761
-0.998084
-2.24741
1.00491
0.517889
2.50156
0.451587
-0.416504
0.281064
-1.71789
1.53028
-1.59623
1.28339
0.256019
-8.71552
0.394607
-0.211525
0.563283
0.150136
0.398037
2.16916
2.56544
0.26377
0.298924
1.58515
1.62212
2.57231
3.03233
1.14784
0.349348
1.68848
0.855123
-0.216303
-0.668725
2.52168
-0.913293
0.869329
-0.388195
0.57379
0.189587
-0.877165
0.342885
0.651538
0.618661
3.01899
0.281929
1.71112
1.597
-5.22161
0.659246
-1.05855
1.57766
-1.109
-0.324726
0.390926
-1.04235
1.44362
0.505962
2.73766
-0.704535
2.3087
-0.809926
2.89103
1.761
1.62746
-0.454677
-0.407833
0.248934
-0.527608
-0.575586
2.0359
2.0943
1.45579
-0.766587
2.89382
1.06483
1.69609
-0.937572
-8.29403
-0.251674
0.0931536
1.75712
-0.093372
-2.24148
-0.567882
0.252528
2.41419
1.21241
-8.36659
0.828137
0.249702
-0.785006
0.619462
0.344
1.19597
-0.433809
0.0698879
-0.0189542
0.315624
-0.941938
-0.581242
-0.625813
-0.593401
0.261436
1.71057
0.242185
1.00819
-1.83682
2.04339
-0.539752
-0.451239
0.404013
0.0963702
-1.95299
2.50736
1.67934
0.563707
0.412164
2.1855
-0.130987
-0.487661
-0.125638
0.110379
-0.069328
1.15814
1.25858
0.244334
0.743619
2.30696
-1.15214
0.00560103
1.10016
0.599245
-0.38111
2.07626
-8.70116
2.36126
1.15349
1.96417
-0.0681842
-0.371673
-2.73205
0.273859
2.32203
-0.0836697
1.75736
0.964959
-0.230808
0.58043
-0.0255678
2.76721
1.21697
0.505625
0.863347
0.262348
-1.82635
2.17247
-1.02162
1.36879
1.87786
3.04822
1.82932
-0.588534
-0.701793
-0.385157
0.130862
2.17987
0.0583739
0.293957
-2.56446
-4.76321
2.15919
0.761751
-0.526296
0.30691
2.09648
2.86626
0.339239
0.3282
2.11259
1.95193
1.35096
2.28849
0.0508375
-0.466944
1.57934
-0.450934
0.494395
0.219594
-0.464129
2.23176
1.40553
-0.471445
-0.983277
2.10888
-0.684061
-0.451918
0.28648
0.876666
1.60054
2.32701
-2.24953
0.0997381
-0.465806
3.00531
3.35718
1.72855
1.89518
-0.126824
-0.809719
2.93817
0.65207
-0.374312
0.177339
-0.0900759
-0.610327
-0.460886
-0.787497
1.29741
0.132127
-1.52658
1.88516
1.67724
-0.42207
-0.77271
0.0475372
0.911679
1.06175
2.21418
-2.65083
0.291429
0.220795
0.964701
-7.5601
0.243171
2.02893
1.81891
0.0706967
2.13089
1.94304
1.54178
0.975169
0.852967
-0.411078
1.71242
1.01136
-0.1254
0.394173
-0.39529
2.06314
-0.408327
1.01862
1.07646
1.61079
-0.400556
1.79043
3.44583
-2.33581
1.26821
0.573907
-0.914369
2.75693
0.285278
1.05087
-1.75797
0.246624
-1.86901
0.655676
0.491171
1.15785
0.862103
-3.07309
0.28737
-0.76076
2.10726
1.01628
-8.11962
1.85368
1.58612
2.66926
3.356
0.307484
1.50332
-0.122368
1.18478
0.279584
1.05949
2.57537
2.20466
0.131493
0.214381
1.41416
-0.439726
-0.491309
-0.104466
-0.0662769
-0.682216
3.41436
-0.371692
0.162302
2.09986
0.869055
1.14348
-2.0352
-0.348753
-0.042607
2.06577
0.132853
0.320083
0.550055
-8.31988
-0.869231
-0.389522
1.84888
1.1237
1.76215
-0.314255
1.36789
0.288956
1.78926
-0.417628
1.59602
1.67006
2.25553
-1.0198
-8.44966
1.18192
0.115906
-0.944028
0.191138
0.703716
-1.85826
2.62572
-0.482503
-1.06262
1.14851
-0.935964
-0.406055
-0.393473
-0.284897
1.68106
1.22966
-1.94546
0.791974
1.05057
1.67691
0.648326
0.233496
0.258458
2.86281
-0.854304
0.832995
0.485665
0.177475
0.649944
-0.538482
1.73537
1.84053
-0.189245
-0.642641
-0.151129
-0.818269
-0.681573
1.19254
-0.727307
-0.623808
0.856141
0.607786
0.0680421
-0.0829924
2.30406
3.00429
-0.207539
2.01791
2.97706
0.962573
-1.70217
-0.369049
-2.17661
-0.130752
-1.5915
-3.35459
-0.115868
1.1532
-1.90402
0.922588
0.472204
1.89475
0.58776
1.91861
-0.920884
0.158434
0.600156
2.74649
1.16119
-7.70198
1.18441
-0.533009
-1.9975
2.22659
1.47133
-0.0261396
1.60989
0.317466
0.308709
1.85215
0.224216
-0.384992
-0.530685
1.44321
2.02114
2.98605
0.774365
1.6316
-1.10979
1.44528
-0.771352
0.0596907
1.1569
0.0372366
0.556981
1.9932
1.73589
0.550399
2.09427
-0.454857
1.55189
0.860181
1.5277
0.284676
1.67932
1.61772
-1.84786
2.0123
-0.0795313
0.050839
0.547839
2.72887
0.301995
1.01192
0.697157
0.556113
2.61384
0.688102
2.89684
-0.423053
0.103832
1.88361
0.651013
0.309114
0.600984
0.573608
0.0494704
1.33626
1.00347
2.73384
1.45861
1.05781
)
;

boundaryField
{
    SideWalls
    {
        type            empty;
    }
    Top
    {
        type            zeroGradient;
    }
    Inlet
    {
        type            zeroGradient;
    }
    Bottom
    {
        type            zeroGradient;
    }
    Outlet
    {
        type            fixedValue;
        value           uniform 0;
    }
    Plate
    {
        type            zeroGradient;
    }
}


// ************************************************************************* //
