/*--------------------------------*- C++ -*----------------------------------*\
| =========                 |                                                 |
| \\      /  F ield         | OpenFOAM: The Open Source CFD Toolbox           |
|  \\    /   O peration     | Version:  2306                                  |
|   \\  /    A nd           | Website:  www.openfoam.com                      |
|    \\/     M anipulation  |                                                 |
\*---------------------------------------------------------------------------*/
FoamFile
{
    version     2.0;
    format      ascii;
    arch        "LSB;label=32;scalar=64";
    class       surfaceScalarField;
    location    "0.7";
    object      phi;
}
// * * * * * * * * * * * * * * * * * * * * * * * * * * * * * * * * * * * * * //

dimensions      [0 3 -1 0 0 0 0];

oriented        oriented;

internalField   nonuniform List<scalar> 
7520
(
-0.976956
0.634216
0.34274
-1.23185
-0.254409
1.48626
-0.00497285
-1.61165
1.61663
0.274017
-0.0391573
-0.23486
-0.24489
1.43403
-1.18914
-0.130524
0.141099
-0.0105748
-0.290359
2.11159
-1.82123
-0.00692209
-1.43922
1.44614
-1.0902
1.08523
0.596078
0.27867
-0.874749
-0.205821
-0.0721198
0.277941
-0.217787
-1.82535
2.04313
0.627184
0.108806
-0.73599
-0.136298
0.18665
-0.0503521
-1.83762
1.00448
0.833145
0.15595
1.61298
-1.76893
-0.166433
-0.0412926
0.207726
-0.00718911
0.259743
-0.252554
-0.228969
0.120501
0.108469
0.0812506
-0.247684
-0.529562
-0.195927
0.725489
-1.08625
1.2422
-0.0505142
-0.3587
0.409215
0.204354
-0.177051
-0.0273021
-0.0363083
0.136705
-0.100397
0.291791
-0.283764
-0.00802727
0.861479
1.18871
-2.05019
-0.0481573
0.366563
-0.318406
-0.107494
-0.121475
0.293831
-0.0483433
-0.245488
-0.963359
1.67268
-0.709321
-0.0675222
-0.0267031
0.0942253
-1.78909
1.96479
-0.175692
-0.168572
0.194577
-0.0260054
-0.127953
-1.20523
1.33318
-0.566356
0.742234
-0.175878
0.302332
-0.601288
0.298956
0.90468
-1.63437
0.729692
0.101868
-0.370116
0.268247
-0.0642934
-0.152767
0.217061
-0.0317661
0.305783
0.568001
-0.10684
-0.46116
0.329946
-0.0381554
1.69507
-1.10065
-0.594417
-0.310634
-0.738346
1.04898
-1.49567
1.55397
-0.0583011
0.0310667
0.126525
-0.157592
0.330768
-0.103188
-0.227579
-1.30554
0.34218
0.315863
-0.0878047
-0.228059
1.73653
0.136441
-1.87297
-0.72523
0.166249
0.558981
-0.108978
0.114548
-0.00556961
1.01321
0.568983
-1.58219
0.0179858
-0.14851
-0.780366
0.0452216
0.735144
0.340546
-1.29815
0.957601
-0.0499826
-0.139445
0.189428
-0.160401
0.0928788
-2.45335
1.20853
1.24482
1.83353
-1.13747
-0.69606
-0.0239144
-0.0729752
0.0968896
-1.1321
1.00415
0.941715
-0.314531
0.0279802
-0.136958
0.00621607
-0.142514
1.12619
-2.26163
1.13544
0.277847
1.45868
-1.30884
1.01602
0.292823
0.361094
-0.269917
-0.0911771
-0.497807
0.838353
0.76549
-1.24493
0.479445
0.390739
-0.106812
-0.283927
0.614434
-0.156729
-0.457705
0.72857
-1.63858
0.910011
0.180835
-0.158856
-0.021979
2.36613
-0.963454
-1.40268
0.526817
-0.834046
0.307229
1.38664
-1.1885
-0.198144
-0.901675
0.121309
-1.61768
-0.83567
0.691702
-0.0383435
-0.653358
0.283179
-0.680685
0.397506
0.0490205
-0.217592
0.29768
-0.304869
0.319742
-0.0259106
0.0505883
-0.0495439
-0.00104445
1.34846
1.01767
-1.4367
1.59963
-0.162932
1.20727
0.626254
-1.08916
1.18381
-0.0946462
-0.0183029
-0.108687
0.12699
1.28637
-1.50416
0.276706
0.230349
-0.12848
0.978575
-0.0687121
-0.909862
0.00883162
0.126241
-0.135073
-0.606443
0.373333
0.23311
1.48069
-0.752117
-0.80433
0.678725
0.125605
0.847666
-0.700196
-0.14747
-0.127264
0.159443
-0.0321787
0.266361
-0.355381
0.0890198
2.13357
-1.37349
-0.76008
0.572039
-0.550567
-0.426389
-1.28344
0.785631
-1.82095
1.53059
0.211323
-0.0955888
-0.115734
-0.271068
0.065247
-0.224756
0.223806
0.000950465
-0.621489
0.71852
-0.0970308
1.99547
-1.09079
-0.298809
0.0803706
0.218439
-0.806757
0.277195
0.12304
-0.0940333
-0.0290065
0.107597
0.584105
-0.713478
0.302686
0.410792
1.17045
-2.07475
0.904305
0.0798661
0.124487
-0.104207
-0.621023
-0.289191
-0.0125657
0.301757
1.10791
-0.511836
-0.0322969
0.375798
-0.343501
-0.0267811
-0.236471
0.263252
0.147183
-0.141367
-0.00581586
0.718793
-1.8504
1.13161
0.434816
-0.485331
-0.359686
-0.101331
0.461018
-0.135245
-0.163565
0.0931879
0.289404
-0.382592
0.179066
0.0409661
-0.220032
-0.075679
0.254745
-0.642435
-0.0710429
0.423684
-0.699485
0.275802
-0.709373
1.33934
-0.629965
0.310689
-0.368858
0.0581689
-1.05956
-0.22388
-0.0477058
-0.0715596
0.119265
1.43465
-0.42144
-0.605047
0.474965
0.130082
-0.0484365
0.287423
-0.238987
0.351216
-0.0936641
-0.257552
0.251658
-1.86331
0.357458
-1.85312
-2.00229
0.877044
1.12524
-0.881942
-0.426899
-1.28528
0.774588
0.51069
1.64224
0.192257
-1.83449
0.234806
-0.2991
0.274363
0.396844
-0.671207
-0.0697819
-0.748657
0.818438
-0.258774
-1.0265
-1.8284
0.039304
0.045572
0.0050163
0.0850288
-0.168551
0.083522
0.324534
-0.374517
0.573717
0.273949
-0.190027
0.158261
-0.132125
0.0523589
0.0797658
0.84836
-0.466844
-0.381516
-0.622936
-1.21469
0.497132
-0.566914
0.0510982
-0.605516
0.554418
-0.171695
-0.0783558
0.250051
-1.40879
0.679785
0.729004
0.342025
-0.586915
-0.139396
0.56023
-0.420834
0.168643
-0.204951
0.585252
-0.277967
-0.307285
1.29865
-0.320075
0.270308
-0.358113
0.992042
0.112409
-1.10445
0.335618
-0.383775
-0.360083
-1.18085
1.54093
1.21176
0.732681
0.765906
-0.482727
-0.91947
0.353115
-0.6825
0.931234
-0.248734
-0.0348782
-0.0218392
0.0567175
0.270604
-0.340158
0.0695536
-0.679461
0.787057
-0.308555
-0.169959
0.478514
-0.233832
0.0621371
-0.911614
0.962712
0.334863
-0.937867
0.603004
-0.501513
-0.10493
0.753681
-0.451349
0.197165
-0.0163303
0.228206
0.0578799
-0.286086
-0.125059
-0.49643
-0.898964
0.0424848
0.856479
0.147483
0.243256
-0.792794
-0.845787
-0.857212
-0.551577
-0.00910755
0.136868
-0.12776
0.862087
-0.381024
-0.481063
-0.861212
0.151839
-1.14377
2.12994
-0.986171
0.406007
0.179245
0.30479
-0.259405
-0.0453849
-0.722065
0.617858
0.653578
-0.964212
1.81065
-0.0553706
-1.75528
-1.78028
2.22688
-0.4466
-0.0355378
0.120567
0.48246
1.11321
-1.59567
0.0449613
-0.208099
0.163138
-0.258872
1.77196
-1.51309
0.000990408
0.165993
-0.166984
-0.903838
1.25224
-0.348398
-0.0194684
-0.702597
-0.236162
-0.662802
0.322114
-0.247345
-1.6942
1.94155
-0.479727
0.600227
-1.7966
1.0038
0.276512
0.00177996
-0.278292
0.182341
-0.209123
0.0530323
1.6588
-1.71183
-0.421314
-0.680662
1.10198
-0.571583
0.460937
0.110646
2.32185
-1.50051
-0.821345
0.556741
-0.978054
0.168124
-0.178757
0.0106325
0.105965
0.766489
-0.872454
0.0912864
-0.0922863
0.00099992
0.849162
0.814225
-1.66339
-0.277963
-0.526367
-0.0973583
0.266022
-0.168664
-0.969121
0.66396
0.305161
-0.116145
0.058353
0.0577919
0.786681
0.0754062
1.13279
-2.16864
1.03585
-2.48427
1.08947
1.39479
-1.07239
-1.41187
-0.390559
0.412991
-0.0224318
-0.328275
0.396805
-0.0685294
0.462563
-1.04306
0.580494
0.021387
1.11952
-1.14091
-0.513013
0.474669
1.10894
-0.116897
1.02156
0.979128
-2.00069
-0.239481
0.124696
0.114785
-0.0697938
-0.899327
1.7604
-0.344205
-1.4162
0.18036
-0.135398
0.005444
-0.23061
0.189318
0.894825
0.865579
0.314782
0.53201
-0.846792
0.411622
-0.0450588
-0.0923089
0.150177
-0.057868
-0.284637
0.355955
-0.071318
-1.78758
0.856845
0.930735
-0.0468848
-0.281391
0.942666
-0.518983
0.934331
-0.488037
-0.446293
0.16434
0.166428
-1.93176
1.85264
0.0791209
1.0398
-0.704938
-0.000722336
-0.131334
0.132056
0.00898595
0.106204
-0.11519
0.142729
-0.249541
1.57908
-0.45289
0.0615433
-0.202493
0.14095
-0.00439758
-0.127727
-0.348141
0.276021
0.916041
-0.984753
-0.652338
0.673725
0.329301
-0.101096
2.11159
0.0518898
-0.0366714
-0.0152184
-0.349188
1.26523
-0.252059
0.164503
0.0875564
0.306386
-0.0400251
0.106482
0.461519
0.827968
-0.553605
0.504625
-0.415107
-0.0895177
0.31296
-1.2168
-0.127377
0.220565
-1.61557
1.36823
0.157686
0.010438
-1.62249
0.31938
-0.367816
-0.230543
0.0199592
0.210584
-0.595949
-1.19163
1.11581
1.01776
1.5265
-0.846711
-1.82535
0.401292
-0.433589
-0.301022
-0.0804227
0.381445
0.188513
-0.306347
0.117834
-1.24875
0.510405
-0.240733
-0.279268
0.520001
0.779289
-0.500618
-0.107408
-1.73632
1.84373
0.815469
0.131519
-1.44222
1.3107
0.860961
1.10382
-0.886473
1.30968
-0.827223
-0.0437129
0.428677
-0.384965
-0.84871
0.814511
0.0341991
0.121424
-0.0598808
-0.0978057
0.370305
-0.272499
-0.352396
-0.155339
0.507735
-0.509536
1.7213
-0.307815
-0.408456
0.716271
0.212543
-0.181477
0.180071
-1.26924
0.215445
-0.307754
0.0138348
-2.02938
1.13954
0.889835
0.544875
-0.43607
0.0106938
-0.0929574
0.403646
1.03766
1.2842
1.61783
-0.505874
-1.11196
0.160625
-0.05591
-0.104715
0.802932
0.583708
-0.414082
0.11306
0.488976
-1.52958
1.0406
-0.184548
0.184988
-0.000440155
0.51786
0.962827
-0.262049
-0.108067
0.772792
-0.45801
-0.574273
1.43575
0.198809
0.0125138
1.90478
-0.734335
0.191457
-0.182626
1.78056
-0.16273
0.132654
0.464443
0.0401816
0.0217034
0.339391
-1.68451
-0.959905
0.971323
-0.0114181
0.00872608
-0.167582
1.85203
0.0647563
-1.91679
-0.776239
0.468423
0.273245
0.0779713
-0.350835
0.0809175
-0.209218
-0.979278
1.5888
-1.63758
0.0487789
0.149469
-0.486317
0.336848
-0.895234
1.41309
-0.885169
1.60396
0.240708
-0.0912387
0.758034
-0.455348
1.76917
-0.4828
0.00281371
0.192511
-0.195325
-0.156998
-0.0329283
0.189926
0.157145
0.00348092
0.177413
-0.820848
0.147272
0.11608
-0.263352
0.597975
0.741363
-1.77242
1.41233
0.158237
-0.517924
-0.495061
1.26055
-1.14449
1.36465
-0.220168
0.570397
-2.0686
1.80973
2.18824
-0.839778
0.85777
0.837296
-0.0877194
0.298968
1.28983
-1.24982
0.222806
1.02701
0.316315
-0.364658
-0.387236
0.340351
-0.260137
0.184457
0.131508
-1.23216
0.668338
-0.975939
0.307601
-1.83053
0.872474
0.958059
-0.583046
-0.661889
0.116939
-0.140854
0.0974515
-0.697528
0.740131
-0.0426033
-0.642348
0.502952
1.25618
0.932055
-1.78028
0.0584029
0.0887802
1.60783
-1.40212
-0.205708
-0.24336
1.35657
-1.22541
2.01069
-0.785272
-0.833051
0.894896
-0.0618453
0.182474
-1.31457
0.16343
0.233375
-0.300374
0.481563
-0.181189
-0.275961
-0.0794198
1.32022
0.402085
-1.03334
0.631253
0.042269
-1.61287
1.5706
-0.0707396
-0.154017
0.0965043
-0.484518
0.388013
-0.60197
0.917827
-0.315857
0.249023
-0.174905
-0.0741176
-0.210161
0.655671
-0.44551
-1.94777
1.69336
1.84995
-0.495574
-1.35438
0.50912
-0.779917
0.270797
-0.0272695
0.215782
0.186003
-0.687516
-0.855388
1.70455
0.114838
0.00820226
1.81065
-1.0049
1.11086
-0.0487939
0.0487939
-0.655043
0.257218
-1.69392
2.2005
-0.869837
-1.33066
-0.447708
1.00846
-0.560747
-0.0203485
0.234193
-0.213844
1.06407
-0.998154
-0.0659159
-0.40648
-0.385837
0.792317
0.950207
-1.9797
1.0295
0.0184981
-0.867208
-0.268234
0.111236
-0.351554
-0.428976
0.78053
0.615625
0.54862
-1.16425
-1.28142
-0.420937
0.724178
-0.303241
-0.609446
1.34503
-0.735588
1.39827
-1.34524
-0.0869817
0.234253
0.164039
0.481704
0.132729
-1.22956
0.732593
0.496962
-1.30323
1.62743
-0.3242
-0.024278
0.191565
-0.167287
-1.46468
-0.796948
-0.072047
-0.0354471
-1.60609
0.462326
-0.418566
0.32076
-0.449988
-0.383063
-0.0177014
-0.166847
-0.536221
1.55778
0.0590347
-0.417735
-1.53044
0.0893807
1.44106
0.439176
-0.655575
0.2164
-0.900582
0.218082
0.248893
-0.6273
0.378407
1.71027
-0.136418
-1.57385
-0.0280691
-0.126985
0.155054
-0.294055
0.458277
0.445205
-0.903483
-0.321626
1.3261
0.238793
0.703774
0.730874
-0.018067
1.54725
0.233307
-1.34511
1.38738
-0.179657
-0.0465129
0.22617
-0.217855
-0.0314056
0.24926
-1.66032
0.434908
-0.353737
0.246897
-0.596364
-0.363541
0.286837
0.884776
-0.530954
-0.353822
0.217104
0.112842
-1.03294
1.88259
-0.849651
0.221895
-0.254823
-0.110685
0.381289
0.28219
-0.582564
-0.0473451
-0.225472
0.272817
-0.221372
-0.0374444
0.258817
0.624463
-0.633249
0.00878554
0.0116975
0.0764317
-0.0881292
-0.330383
0.366755
-0.036372
0.607926
-0.838967
0.231041
0.39249
-0.0761755
-0.252014
0.460922
-0.208908
0.951539
-1.11466
-0.935525
-0.385475
-0.115724
0.501199
0.142871
0.457357
-0.321486
-0.250097
0.891708
-0.00693125
0.0573793
-1.26381
1.20643
-0.312731
0.0235398
-0.162126
-0.480309
-0.348705
0.138544
0.224226
-0.223235
-1.17172
-0.0510613
-0.117968
0.169029
1.13004
-1.01763
1.03959
0.810368
0.344216
0.590114
-0.111495
-1.61653
1.72802
0.302055
0.659164
-0.961219
-0.454967
-0.884517
0.375059
0.509458
0.706488
-0.267312
0.0206499
0.109113
-0.129763
2.24477
-1.19704
-1.04772
0.154566
-0.352151
0.197585
0.238226
0.65154
-0.889765
0.0808242
0.117767
-0.198591
1.6444
0.0390369
-1.68344
0.253287
0.00645616
-0.296456
0.35549
-0.205269
0.0750324
0.130237
0.335655
-0.0379751
0.0196882
0.0968007
-0.116489
-0.685859
-0.217983
0.903842
1.15864
0.551632
1.07091
-1.01353
0.2286
-0.83057
-1.80489
1.69748
0.00867333
-0.245144
0.345233
-0.603623
0.258389
0.791022
0.735474
1.1572
-1.29182
0.134624
1.17682
-0.473045
-0.177275
0.121365
-0.0666397
0.227982
-0.161342
-1.39592
-0.299544
1.69546
-0.386269
0.50196
-0.115691
-0.00241086
-0.046383
0.576442
0.857592
-0.168196
-0.0712849
1.18397
-2.13847
0.954504
-0.826299
0.118688
0.707611
1.59599
-0.4632
0.10722
0.168099
-0.916756
-0.311224
0.00861356
0.302611
0.0313971
-0.276885
-0.638717
1.0408
0.0310721
0.0602143
0.241766
0.0716578
-0.313423
0.113772
0.950298
-0.245122
-0.454363
-0.230939
-0.432264
0.419698
0.450958
-0.900946
0.194455
-0.114085
-0.0420682
0.231386
-2.01191
0.897245
0.108062
-0.0210132
-0.0870483
0.176306
-0.129591
-0.0467146
0.276823
0.842696
-0.0870586
0.0140834
-0.049137
-1.49574
1.54488
-0.27217
-0.334788
0.606958
-0.0823128
0.0940323
-0.0117196
-0.211531
0.879869
-0.278991
-0.265768
0.544759
-0.310686
0.559579
-0.803462
1.69572
-0.892257
-0.855413
0.262568
0.592845
1.67553
-0.0332915
-0.246535
-0.0206329
0.267168
0.343579
-0.0541744
-0.20294
-0.235922
0.904686
0.694947
0.558758
-1.36828
0.809524
-0.816477
-0.200414
1.01689
0.0129122
-0.430895
0.417983
0.0396344
0.0611602
-0.100795
0.528817
-0.00293654
-0.525881
-0.105756
0.321201
-0.890782
0.139508
-0.002803
-0.160155
-0.147599
-0.163344
0.460573
-0.29723
-0.283714
0.339219
-0.0555046
0.44474
-0.335105
-0.109635
0.744717
-0.438798
-0.0181573
-0.0313865
-0.585581
-0.357282
0.942863
1.23627
-0.959449
-0.0630495
-0.354129
0.417179
-0.233029
-0.467167
-1.19283
1.47067
0.626483
-0.229639
-1.23723
0.844864
0.392362
0.408571
-0.157867
-0.250704
1.7783
-1.7783
-1.68685
0.0691691
-0.882291
-0.104007
-0.679405
0.783412
0.511129
-0.573715
0.0625862
0.109666
0.31116
0.0180739
-0.329234
-0.0618157
0.260632
-0.198816
-0.548854
1.08089
-0.532033
-0.252312
-0.0401046
0.292417
0.806111
-0.623637
-1.09219
0.275712
-0.0533506
-0.272857
0.326207
-0.0243207
-1.2255
-0.673884
-0.966473
0.292589
0.871846
-0.0842046
0.24736
-0.163156
-0.317023
0.399784
-0.082761
-0.322707
0.225349
-0.0956336
-0.199812
-0.0307306
0.0512512
-0.0403625
-0.147989
0.188351
0.187303
0.0406786
-0.285217
0.0332025
0.0875338
-0.188474
0.10094
0.0586507
0.0588254
-0.117476
0.291886
-0.265829
-0.0260572
-0.0798858
0.212782
-0.132896
-0.692212
0.999813
0.726846
-0.910721
0.183875
-0.189497
-0.0870184
0.276515
-0.0162993
-1.93275
1.94905
0.813909
-0.659465
-0.154444
0.263342
-0.108656
-0.197691
-0.079984
-0.0140493
-0.065248
0.219814
0.386117
-0.857697
0.471581
-0.428738
-1.50302
-0.467416
0.878415
-0.410999
-0.226168
0.0909228
0.464754
-0.31805
-0.146705
0.0186418
-0.604223
-0.623259
-0.299771
0.358965
-0.0591937
-0.595716
0.354983
-0.0883922
0.563357
0.17106
-0.162074
-1.37093
-0.00256739
-0.32149
0.60368
-0.0467423
-0.221492
-0.254478
0.0931362
0.248499
-0.332703
-0.10047
-0.992774
0.300562
1.90301
-0.131055
-1.6942
2.1495
-1.08426
-1.06524
-0.165799
0.539133
-0.150095
-0.75158
0.461845
-0.586904
-0.285748
-0.0254764
-0.433208
-0.561395
0.994603
-0.0575094
-0.131386
0.188895
0.0804156
-0.962358
-1.78546
-0.353563
-0.355561
0.709125
0.151666
-0.423836
-0.287397
-0.0461079
0.333504
0.543594
-0.108778
0.273872
0.134699
1.9489
-0.998694
-0.94274
0.509532
-0.283859
-0.0600235
0.343882
-0.0536767
0.0588477
-1.057
-0.28831
-0.0357843
0.324094
-0.11534
-0.0450607
0.924814
-1.23549
0.310679
-0.648043
-0.042929
1.82123
0.476531
-0.833812
1.12722
-2.02039
0.893178
-1.96601
1.18625
0.77976
0.192597
0.118703
-0.3113
0.160079
0.89739
0.109417
0.799481
-0.908899
-0.0292105
-0.173282
-0.100261
0.609381
0.0391282
-0.586133
0.547005
1.246
-1.3575
0.750796
-0.184306
0.21733
-0.0330245
-1.50101
-0.185842
-0.689915
-0.667339
0.281864
0.160513
0.00341819
-0.163931
-0.695414
0.360529
0.334885
-0.439999
0.396286
-1.06177
-0.595627
1.6574
-0.183997
-0.189663
0.169314
0.449406
-0.456318
0.00691181
-0.796211
1.66869
-0.198777
-0.984217
0.536509
0.514117
0.428549
0.625334
-1.17419
-0.0692475
-0.0728389
0.142086
1.34171
-0.122166
-1.06698
-0.38025
-0.11136
0.49161
-0.0609425
0.2454
-0.0398631
0.248156
-0.208292
-0.268495
-0.0363741
0.238917
0.589052
-0.600174
0.346248
-0.0759404
-0.418283
0.325326
-0.180411
0.00383969
0.176572
0.296537
-0.107256
-0.189281
-0.174859
-0.0481905
0.223049
-0.205192
-0.0232908
0.228483
0.234801
0.0284506
-0.304663
-0.181655
0.532389
1.18889
0.336202
-0.344208
0.00800585
0.282785
0.435246
-0.718031
-0.337468
0.426417
-0.0889486
-0.330668
0.290402
-0.711339
-0.172672
0.409437
-0.0849027
0.224396
-0.0557529
-0.16243
-0.0456692
1.74978
-0.935554
0.549316
-0.620027
0.0707109
-1.48411
0.291284
0.124453
0.126211
-0.250664
-0.0577589
-0.058386
-0.832803
-1.13321
0.410715
-0.0750967
-0.6933
-0.83628
0.308599
-0.0668335
0.113538
0.335868
0.819639
-0.798138
-0.78215
1.34091
-1.58687
0.190947
0.45703
0.162914
-0.619943
-0.00293354
-0.233373
-0.417097
0.650471
0.166961
-0.0260111
-0.747977
-0.649088
1.39706
-0.931068
-0.965642
1.89671
0.393794
0.590037
-0.983831
0.0323538
-0.285019
-0.0147522
-0.288403
-0.294161
-0.212935
-0.111
0.323935
0.720287
0.098151
0.307439
0.157316
-0.245555
-0.675053
0.218506
-0.166616
-0.62033
1.21031
-0.589984
-0.177892
-0.241815
-1.59967
0.149604
-0.0127364
-0.507687
-0.104687
-0.277905
-0.864003
0.345021
-0.167374
-0.952455
-0.316134
1.26859
-0.403925
0.865769
0.624448
0.384007
-0.349806
-1.0437
-0.968205
-1.29954
1.23362
0.108776
0.0585598
0.0497227
-0.12017
0.0704469
-0.712591
0.626443
0.086148
0.766695
-0.786163
0.115605
-0.00754385
-1.19089
-0.0463372
0.183504
-0.236372
0.0528681
0.549884
0.0745787
-1.35475
-0.00988146
1.36463
0.0506631
0.13664
0.0047226
0.264546
-0.269269
-0.285131
0.47618
0.0958589
0.105496
0.0418844
-0.14738
-1.17413
0.829922
0.159228
0.00773222
-0.206404
-0.145747
-0.393198
0.12138
0.0730758
-0.190385
-0.279588
-0.0453121
0.175549
0.33372
1.51892
-0.625864
1.48363
1.01188
0.414222
-0.800059
-0.0473213
-1.30743
0.54173
-0.36684
0.438391
-0.0715514
-0.112996
-0.0283717
0.319834
0.020938
-0.0712302
0.164109
-0.0152499
1.42002
-1.40477
0.0971808
-0.799778
-0.141008
-0.292571
-0.0819453
-0.319695
-0.31826
0.404753
-0.0864937
0.0475188
-1.48002
1.43251
0.474299
0.155462
0.355667
-0.969518
-0.541828
1.01748
-0.475651
0.0467417
0.0709748
-0.200566
-0.593264
0.425236
0.168028
0.41158
-0.494866
0.0832865
-0.254134
-0.521399
0.775533
-0.310281
-0.0734941
-2.00314
0.00863359
0.251586
-0.248772
0.0721931
0.182723
-0.0234945
0.36754
-0.723101
2.17256
-0.966517
-1.20604
0.338984
0.468033
0.230911
-0.226188
0.245426
0.113539
-0.218664
-0.00891596
-0.239201
0.288221
-0.624372
0.777994
-1.03213
0.180106
-0.119344
-0.0607618
-0.408699
-1.69003
0.799363
0.890665
-1.71437
1.69807
-1.02737
0.546779
0.480591
-0.528201
-0.0435185
0.57172
0.234373
0.657334
0.354276
0.22731
0.546379
0.539948
0.0839352
-0.293733
-0.0243163
1.01989
1.15266
0.107061
0.0431156
1.21809
-1.02583
-0.0536453
-1.35789
1.41154
1.13498
0.0539096
-0.32594
-0.0926261
-0.290286
-0.49526
-0.299954
-0.282442
-0.104794
0.19354
-0.927309
0.733769
-0.54053
2.22964
-1.39705
-0.832588
0.0355195
0.180992
0.0532004
0.602889
0.184168
1.65296
-1.58379
0.993285
-1.92435
-1.19922
-0.036524
1.23575
-0.82338
0.348802
0.474578
-0.302924
0.155325
1.96746
0.0287081
-1.99617
-1.00577
1.61158
-0.605811
0.0711219
0.268097
-1.26725
0.657802
-0.0129268
0.170613
-1.30307
0.158582
-0.00285354
0.00338034
-0.000526796
-0.194595
0.233883
-0.0392886
0.0635765
-0.43524
0.371663
0.654622
0.316701
-0.547066
-0.148348
-0.0192724
0.918747
-0.900249
-0.0838211
-0.0847296
-0.290371
0.0623124
0.172802
0.596628
-0.76943
0.136201
0.433132
-0.569333
0.191209
-0.612309
0.4211
-0.457063
-1.34976
0.533501
0.816257
-0.0338909
0.802505
0.327993
-1.1305
-0.654187
0.25932
-0.28768
0.0283604
0.207291
-0.0441525
-0.294871
0.00747469
-0.329967
-0.775691
0.222086
-0.529382
0.859686
-0.330304
-0.70973
-0.209741
1.92765
-0.788106
-0.107356
0.203596
-1.21511
-0.0492022
-1.24686
1.29606
0.16199
0.0777766
-0.239767
0.780994
-0.456785
-0.324209
0.305644
-0.0182209
-0.178471
-1.08647
0.376743
-0.712386
1.08744
-0.0222668
-0.325874
0.344279
0.271587
0.0249501
0.883566
-0.415143
0.0780297
0.688665
-0.957322
0.336299
-1.89252
0.926877
1.59262
-1.5451
-1.642
1.62675
-0.0834999
-1.51318
0.308038
1.20514
0.354301
0.524114
0.0438748
-0.87928
0.775273
-0.167208
-0.132245
0.299453
-1.1497
0.437118
0.71258
0.146799
0.655198
-0.801997
-0.102223
-1.19732
0.860141
-0.0194203
-0.840721
0.207192
0.706179
-1.20124
-0.28353
-0.0202763
0.0786293
1.6329
-1.59386
-0.355292
-0.986012
-0.363745
0.656366
0.0441824
-1.24341
1.09448
-0.291977
-1.80973
-0.0156208
-0.144654
-0.959796
0.377812
0.184873
1.80489
0.306695
0.0638461
-1.12085
0.176326
-0.13536
0.0979289
-0.450325
0.341273
-0.624086
0.282813
-0.174408
0.00681094
0.167597
0.266213
-0.286846
0.00352821
-0.288165
-1.07898
1.17288
-0.0939033
-0.720109
0.718446
-1.30417
0.585722
-0.852489
-0.0759443
0.133736
-1.36787
0.045914
1.32196
-0.421991
0.992389
-0.682254
0.76267
0.151977
0.918126
0.69794
-0.928879
-0.818077
-0.243243
1.06132
-0.83414
-1.31239
0.564411
-0.161013
0.164862
-0.00384951
0.102143
-0.113863
0.717724
-1.35644
0.154674
-0.54667
0.391996
-0.189363
0.639223
-0.449861
-1.03477
0.513375
0.0477565
0.0310348
-0.265895
0.432217
1.76375
0.203705
-0.769595
0.879012
-0.3105
0.104096
-0.687599
1.31112
-0.623523
-0.0937529
0.0860433
0.111122
0.425771
-0.0165568
0.958965
1.17097
0.463759
-0.919107
0.259349
-1.75986
-0.219711
0.168649
0.023531
-1.04116
-0.25866
-0.976833
-0.258078
0.0680514
0.862585
-0.430369
-0.584463
-0.155186
0.744238
0.227044
-1.66657
0.326918
1.33966
-0.0649403
0.54112
0.382115
-1.40134
-0.378941
0.825582
-0.371822
-0.45376
0.950638
-0.368176
-0.582461
-0.226614
0.0517095
0.722674
-0.685562
-0.0371125
-1.72047
0.801292
0.919176
0.898373
0.797347
0.0015198
0.158993
0.834683
-0.544281
-1.40346
0.627505
0.775958
-1.94155
1.642
0.525113
0.751822
-1.27694
0.837387
-0.716077
1.56642
-0.734835
-0.831584
-1.07674
0.222161
-0.100796
0.076407
-0.110173
0.234869
-0.0651384
0.161765
-0.0966268
0.14558
-0.302309
-1.23511
-0.204109
0.407118
-0.36799
-0.0439715
-0.0483148
0.886619
-0.188771
-0.697848
0.859269
-0.49874
-0.174829
0.14756
-0.0155449
1.17274
0.220812
-0.0588221
-0.224611
-0.810163
-1.4844
0.531948
-0.0511026
-0.125949
0.144658
0.185455
0.154932
-0.10521
-0.552068
-0.97342
0.141083
-0.102555
-0.0385278
0.215573
-0.669439
-0.843619
1.51306
0.165793
0.0169301
0.0181782
1.01622
0.964822
-1.98104
-0.58341
0.977205
0.268389
-0.110128
0.232431
-1.01798
-0.656165
1.67414
-0.904016
-0.973496
0.412101
0.304025
-0.101784
-0.20224
0.323472
-0.704496
-0.227154
1.17
-0.451556
-0.230428
0.136764
-0.182559
-0.728162
0.00114963
1.84423
-1.69748
-0.146742
-0.968408
-0.515995
0.18812
0.197209
0.0788137
-0.985808
-0.228698
1.21451
0.25944
0.420943
-0.00936319
-1.54306
-2.10968
0.828367
1.28131
-0.232439
-0.00700868
0.239448
1.02909
-0.657823
-0.371269
0.132475
-0.203705
0.104088
0.119718
0.944921
-2.00669
0.795048
0.15559
-0.470394
-0.472346
-0.1683
0.0369139
0.17738
0.710059
-1.3795
0.0233879
0.405289
-0.225519
0.707224
-0.653661
0.345183
0.308478
0.668867
0.897552
0.503149
0.0485739
0.505875
-0.768579
0.262704
2.0686
-1.74168
0.215131
-0.57991
0.173516
0.0337748
0.10943
0.0246673
0.163684
0.0031177
-0.16413
0.63334
0.0417582
-1.72744
-0.0292114
-0.203228
-0.0919481
-0.0282216
1.18973
-0.565285
0.845193
-0.639999
-0.205194
0.00614044
0.153303
0.00814106
-0.0109946
0.40881
0.0294881
0.229329
-0.29068
-0.342568
-1.94472
0.894154
1.05056
-0.125781
0.0170933
-0.0553794
0.139996
0.179746
-0.300669
-0.326631
0.507347
-1.52532
-0.141915
-0.953947
1.97017
0.634269
-0.199526
-0.434743
-0.782598
-0.402601
-0.171114
0.11109
-1.1155
0.411251
-0.713233
0.301982
-0.248172
0.200496
0.0476761
-0.0409796
1.01753
0.99316
-1.67692
1.74168
-1.48625
0.802601
0.683649
1.01383
-1.96777
2.10522
-1.06757
-1.00923
-0.959169
0.549177
0.190954
-0.162258
-0.32226
-1.49092
-0.0222584
0.0139748
-1.30579
1.17904
-1.90882
0.729778
-0.0672618
0.302068
-0.576411
0.767291
-0.174446
0.905703
1.32394
-1.46737
0.779768
-0.055201
-0.848815
-1.3563
0.213814
-0.0133185
1.71437
-1.74766
-0.0671005
-1.28925
0.0278143
0.741351
-0.283073
-1.48952
1.72671
-0.237192
0.330424
1.61862
0.467505
-0.0117128
-0.455792
1.89774
-0.904454
0.269411
0.197295
0.576367
-0.738493
0.119462
0.152124
0.14692
0.69871
-0.84563
-0.700185
-0.318874
1.06424
-1.05438
-0.00986688
-0.325089
0.289305
-1.50291
0.772028
0.730887
0.56597
0.215024
-0.822095
0.139654
0.955033
-0.526485
0.327563
-0.615966
0.18412
-0.239873
-0.699927
0.466554
-0.985104
-0.919917
1.90502
0.25901
-0.282301
0.284951
-0.322926
1.14446
-0.607949
0.176189
0.996347
-1.62221
0.133122
0.143975
0.252422
-1.21187
-0.0263613
0.660578
0.0535702
0.175706
-0.604682
-1.37904
0.596892
0.281003
-0.420138
0.139135
0.0807146
-0.353213
1.09443
1.05507
1.27276
-0.962081
-0.080951
0.183868
0.172087
0.49951
0.291903
-0.328277
-0.713513
-0.956045
1.96987
0.172293
-0.206184
-0.834411
-1.03901
1.87342
-1.5505
0.544729
-0.0801509
-0.402635
0.313686
-1.52293
-0.00751086
-0.259387
0.670638
-1.02613
-0.918584
1.84423
0.659172
-1.21075
1.05307
-0.736364
-0.394924
-0.366089
0.351336
-0.312567
0.249518
-1.68187
0.297489
-0.839317
1.01514
-1.97119
-0.845081
0.310497
-0.364672
-0.0738645
-1.41566
0.896276
-0.551255
1.26842
0.895209
-1.76889
0.873683
1.72996
-0.928669
2.04313
-0.951159
-0.977814
1.92897
0.336594
1.2828
-1.02336
-0.804755
-1.30492
-0.957688
-0.528562
0.481069
-0.916334
1.70229
-0.785958
-0.145643
1.3614
-1.21576
-1.0175
-0.964125
1.98163
0.881707
0.182537
0.287617
0.416883
-0.763974
0.140928
0.623046
0.0634144
-0.318238
0.501579
-1.46999
-0.785911
-0.418512
-0.294079
0.28888
-0.393567
-0.787558
1.267
-1.94655
0.956341
0.990207
0.00647016
-1.69932
1.69285
0.153961
-0.298013
0.0991966
0.411192
-1.72699
1.72699
-0.147777
-0.00128237
0.149059
-0.491864
1.04048
0.186842
0.0269719
-0.789268
-0.601656
0.699807
-1.67692
-0.112278
-1.28417
0.279271
1.24984
-1.27416
-1.25055
0.264741
0.316327
-0.37191
0.055583
0.185384
0.53729
-0.193582
0.0191741
-0.971207
-1.22714
0.151005
1.07613
-1.39013
0.0253452
-0.382245
-0.921923
-0.0440348
0.149531
0.197649
-0.113339
0.358764
-0.0807882
0.0354761
0.394084
-0.342927
-0.357
-0.84288
1.6707
-0.827818
0.376542
0.226067
-0.218423
0.451085
-0.232663
-0.385654
0.230315
0.429677
-0.641281
0.211604
-0.81774
1.31628
-0.791164
-1.595
-1.73451
0.254481
-1.07985
0.0643719
1.05413
1.19063
0.0142374
-0.974034
1.21193
-0.479335
-0.322085
0.299819
0.64146
0.587445
0.249941
1.95939
-0.944248
-0.980074
-0.920995
1.90107
1.18041
-0.0580333
-1.12238
-0.108737
0.543983
-0.24832
0.224042
0.163344
1.31975
-1.4831
-1.55289
1.5451
0.00779202
1.55289
-1.62675
0.24834
-0.315601
-0.550485
1.25666
0.102817
-0.276925
0.305375
-1.62702
0.184801
1.75147
-0.856263
-0.486724
-0.146111
0.149951
-0.480645
0.944338
0.291197
-0.0936125
0.744649
-0.576622
0.203582
-0.2777
-0.613353
-0.067332
0.511091
-2.16719
0.554317
-0.0909223
0.483992
-0.393069
-1.00807
-0.900745
0.126034
0.397076
0.642725
-0.934068
0.164473
-0.21536
-0.396949
0.128542
-1.99502
0.98579
0.046227
-0.126416
-0.206287
0.00618462
-0.19657
-0.188473
-1.35663
0.933507
-1.65166
0.718154
0.0748741
0.288796
-0.36367
-0.498211
0.417788
-1.00427
1.28354
0.386114
0.591091
1.25263
-1.40134
0.22094
0.0523046
1.66693
-1.9574
0.290474
-0.313334
-0.142984
-0.896589
0.0558684
0.406867
-0.518227
-0.206275
0.299411
-0.839861
-0.155511
-0.0510127
0.206524
-1.48613
0.213784
1.27235
-0.233905
0.284568
-0.0440974
-0.186615
0.230712
1.18986
-1.14568
0.233687
-0.226876
0.64747
0.135942
0.269424
-0.216555
-0.253078
0.344001
0.234042
0.629456
-0.863498
-0.453531
0.0182907
-0.89484
-0.976239
1.87108
0.0372372
-0.560382
0.631093
-0.711893
1.69807
-0.285458
0.282525
0.0779441
0.0765033
0.00390086
1.98393
-0.964038
-1.30801
0.859878
-0.562389
-0.540036
1.31599
-0.239737
0.269225
0.122256
-0.124666
-0.380026
0.388032
-0.34035
0.22935
-0.145148
-0.419382
0.306043
0.997761
0.259969
-0.253784
0.253673
-0.00631269
0.0490065
-0.433187
0.328393
0.5279
-0.870827
0.242596
-0.282771
0.0401749
0.301193
-0.223416
0.367117
0.697269
-1.06439
-0.294524
0.162279
0.251
-0.654925
1.29045
-0.692471
1.0496
0.936373
0.00387107
0.488097
-1.0302
0.386565
-0.495342
-0.181384
1.00613
0.942773
-1.6722
1.6722
1.44089
-0.931026
1.1111
-0.0138986
1.55093
-1.53703
0.914796
1.02965
0.931463
-1.91657
0.0294271
-1.06156
-1.32279
-0.168045
-1.3811
1.54914
-0.444759
-0.150957
0.0963827
0.622977
0.216026
-0.323282
-0.954125
1.79363
-0.839506
-0.195262
0.314724
0.0101952
0.194632
0.511856
2.01527
-0.780453
-1.23482
1.53612
-1.49021
1.13776
0.226898
0.247085
-0.0063764
0.0453677
1.61343
0.553441
1.01074
0.871847
0.0282531
0.230792
-0.259046
-0.391861
0.246114
0.214891
-0.231508
0.0166169
0.192448
-0.263855
0.0714071
0.431327
-0.4506
0.37231
-0.550202
-0.0641358
0.465427
0.0523775
0.127436
-0.0177698
-0.812256
0.332582
0.479674
0.148185
-0.137869
-0.0103163
1.74766
-1.60087
-0.447742
0.149921
0.297821
-1.6329
-0.383017
0.298115
-0.980319
1.89512
0.288173
-0.370118
1.92337
-0.99191
0.276862
-0.352802
-0.200563
-0.817233
-1.34908
-0.210376
1.44673
1.34817
-1.09575
-0.10796
0.187826
-0.145833
-1.49175
-0.332788
0.32476
0.274421
-0.415429
-0.408439
0.321945
-0.119622
-1.30844
1.25479
-1.42682
1.4756
-1.13347
-0.552894
0.463376
0.699884
0.426859
-0.451175
-0.0962866
0.104253
0.388866
-0.493119
-0.383231
1.27806
-0.988808
-0.966583
-1.91861
-0.113648
0.109058
0.00458953
-0.00524897
1.41738
-1.41214
0.818168
-0.596083
0.357317
-0.428868
1.50075
-0.877771
0.858882
0.896718
-1.7556
0.261722
0.0294754
0.670695
-0.202662
0.232655
-0.848536
0.0487584
-1.49999
0.656375
-0.37103
0.269246
0.332347
-0.510817
0.336609
-0.411705
-1.09732
1.28037
-0.477441
-0.679527
0.0618861
0.681371
0.426544
-0.397245
0.90312
1.68757
-1.47378
0.332746
-0.406241
0.91459
-0.640642
0.011663
-0.911912
-0.184663
0.0517667
1.59262
-0.117683
0.0172866
-0.0938891
0.0471745
0.0576117
-0.362275
0.133019
-0.177116
-0.567494
1.36686
-1.17551
1.16161
-0.576803
0.988904
-0.94042
0.114984
-0.157964
0.27357
0.00435992
0.566599
0.739599
-1.3062
-0.448147
0.566836
-0.239598
-0.9101
-0.663975
-0.0350637
-0.337606
0.142085
0.195521
1.4051
0.202041
-0.23422
-0.121159
-1.65066
1.65713
-0.568923
0.343403
1.13182
-0.25721
-0.027087
0.284297
0.840852
-0.656684
-0.953231
1.94615
-0.992919
-0.984494
1.85374
-0.869242
-0.389102
0.19384
-0.00305582
0.0912523
0.149606
-0.240859
0.917665
-0.778713
1.60901
-0.830297
-0.328104
0.130412
-1.81891
-1.93913
1.00269
0.936438
-1.65395
-0.283046
-0.506222
0.974182
-1.92534
0.131434
-0.941597
0.955812
-1.61979
0.417008
0.442678
0.883385
-0.776165
-0.0234053
-0.134115
0.157521
-0.419757
0.276984
-0.223784
-0.0384766
-1.50049
1.53897
-0.213852
-0.428495
0.11908
0.450219
-0.569298
1.32634
-0.998349
0.512786
-1.40538
0.892591
0.282789
-0.130812
1.63748
-0.822015
0.0621285
-0.28362
0.382507
-0.84824
0.0620762
0.0457133
0.148864
0.834303
-0.28403
-0.550273
0.959611
-0.682752
-0.276858
-0.359628
0.251561
0.00141473
0.582964
0.361373
1.48126
-0.502322
0.621401
1.00668
-0.657882
-1.90426
0.926451
0.939138
-1.93835
0.999213
-0.710083
-0.792146
1.50223
1.0915
0.836148
-1.5756
1.9574
-0.381807
-1.49117
1.35476
0.284057
0.58711
-0.871167
0.200377
-0.716753
1.63832
-0.921564
-1.5756
1.65296
0.28344
0.423784
-0.185436
-1.02644
0.484393
-0.895392
0.639248
-1.83535
0.975279
0.860076
-0.35279
0.259177
-0.879415
0.298269
0.581145
0.852777
-0.435768
-1.00968
-0.948578
1.93382
-0.994682
1.30649
-0.183739
0.201725
1.0145
-0.569294
-0.748168
1.76584
1.6148
-1.65327
1.43786
-0.754208
1.49364
-1.56519
0.0715483
-0.111289
0.00656696
0.104722
-0.835789
0.11568
-0.942241
1.90121
0.627246
-0.290398
0.574373
0.0521102
-0.515711
1.37667
0.819772
0.910189
0.791246
-1.50133
-0.945285
-0.993845
-1.77242
-1.75213
-0.839965
-0.99539
1.40776
-0.784258
-0.623501
0.949711
0.0467712
-1.69743
1.60087
-0.424431
0.331805
0.394772
-0.290519
0.959737
0.351384
0.411247
0.0200801
1.64568
0.0114496
-0.0538264
1.81758
0.694075
0.650959
0.331673
0.941086
0.685044
0.423895
0.866288
0.896853
-1.76314
-0.0108248
-1.83651
0.920176
0.320717
0.652776
-0.202558
-0.3363
0.39895
-0.472881
0.19389
0.0157563
-0.473461
0.859284
0.892189
1.66364
-1.49658
-0.167059
-0.20125
0.204367
0.586555
0.0230205
0.0682318
-0.0114792
-0.170675
0.413648
-0.613174
-1.76301
0.906744
-0.300881
-0.302742
0.317246
0.0382446
0.345575
-1.43636
0.636694
0.00252973
-0.0804684
-0.415961
0.13941
0.0127754
-0.152185
-0.0068516
0.476263
0.00424888
-0.135583
-0.34749
-0.982011
-1.10564
0.313874
0.791763
1.72368
-0.927516
-0.796168
-0.710825
1.64292
-0.932096
0.763074
-0.175628
-1.94682
0.99359
-0.171924
1.7849
0.965746
-0.642275
0.0452602
-0.228644
0.183384
1.00213
-0.47802
0.079813
-1.22549
1.51188
0.76203
-0.287453
-1.90837
0.987376
-1.23019
0.107809
-0.517654
0.0184786
-0.21566
0.197181
0.447347
-0.2283
0.195805
0.0324956
1.17848
0.927491
0.324809
-0.009347
-0.224179
0.233526
0.912623
-0.719083
-1.69706
1.74383
-0.261165
0.217013
-0.0614348
-1.07461
-1.09258
-0.914135
1.8172
-0.903064
-0.801451
-0.947288
1.74874
1.34367
-1.09891
-0.244761
0.879495
-0.0569418
-0.948718
-0.900282
-1.61945
0.0542641
0.931194
-1.93123
1.00004
0.238284
-1.89224
-0.922234
1.74201
0.376385
-0.329633
-0.0467523
-1.03121
-0.949825
-1.1793
0.200899
0.260023
-1.02543
-0.187741
-0.0585271
0.246268
-0.65113
0.46602
0.18511
0.400225
-0.00545262
0.923063
0.894136
0.118079
0.203123
0.143257
-0.0170155
-1.58173
1.65327
0.00862441
-0.12162
-1.58173
1.56138
-0.825908
-0.00833748
0.66651
-0.24541
-0.992379
1.94766
-0.955278
0.187276
-0.0212829
0.600886
0.679487
-0.348039
1.59286
-0.246542
0.790072
0.343826
-0.920216
0.576391
1.94155
-1.01035
0.738954
-1.33126
0.104125
-1.93753
0.939954
-1.77946
-0.61235
0.467563
0.144787
1.87149
-0.906953
-0.964536
-0.928094
-0.996282
1.92438
0.579173
1.57782
-1.60572
0.0279065
0.744619
-1.39371
-0.974677
1.97244
-0.26808
-0.408325
0.676405
-0.201627
0.963955
0.907535
-0.214548
0.188537
1.66693
0.682761
1.97478
-1.09774
-1.77335
-2.00589
-1.96466
1.02042
0.291931
-0.812004
1.4089
0.369791
-1.02693
0.188277
-0.605374
2.00996
-0.884721
-1.45915
-1.81132
0.0994842
-1.78293
0.942964
0.993852
0.952297
0.926943
0.729527
0.516715
-1.24624
0.965091
0.970813
-1.9359
-0.679632
0.359937
-0.715406
1.57796
-0.862554
0.28957
1.24655
0.42672
-0.101394
-0.200057
-0.939174
-0.488108
-0.369589
-1.69564
1.64181
0.735592
0.901158
1.07363
0.200665
0.655814
0.994311
0.929062
0.0156131
1.89867
-0.934719
0.988229
-0.841309
0.192694
0.0631525
-1.5549
0.0163831
1.77744
-1.79382
-0.0264244
1.69007
1.82788
-0.887926
-1.92073
0.914664
1.00606
-1.91703
0.988937
0.916629
0.849211
-0.0106269
0.16752
-1.32394
0.977858
0.875878
-1.52542
0.0985953
-1.01957
0.24475
1.69564
1.75998
-0.867794
0.149339
-0.0167461
-0.132593
0.963951
0.934723
0.936223
0.997597
-0.158121
0.724091
-1.00168
1.9379
-1.51389
-0.0599575
1.75528
-1.74383
1.85725
-0.934189
-1.90605
0.821795
0.834381
1.17558
-0.418285
0.924761
-0.506476
-0.317848
0.341236
0.0785557
0.247652
0.011808
-1.28597
1.02377
-1.30984
0.378817
0.93692
0.9681
0.934996
-0.352032
-0.0401388
-0.219681
-0.535681
-1.34204
0.0362509
-1.02032
-0.936656
1.95697
-1.9289
0.934219
1.94845
-0.935506
-1.01294
0.961282
-0.145436
0.361886
-0.21645
-0.0327805
-1.92798
0.931695
-1.92797
0.935593
0.928764
-1.93425
1.00549
1.6148
1.58534
-0.794095
-0.0675796
-0.0310224
0.0242422
0.246698
-0.46512
0.752221
-1.67137
0.919152
-0.996192
-0.912179
-0.944045
0.443996
-0.594953
-0.928863
-1.90065
-0.066664
-0.0141243
-0.615184
0.258661
-1.90574
1.60572
0.300019
1.01725
0.931193
1.00508
0.936467
0.630672
-1.62364
1.70276
1.88539
-1.94632
0.935961
1.57782
-0.0555914
0.070659
-1.69706
1.7928
-0.886061
0.970582
-2.06832
-0.0363466
0.0768448
-1.75872
0.141276
-0.800064
0.255783
1.82103
-0.924172
-0.0948216
-0.650912
-0.569976
1.22089
1.62364
-0.00884349
-0.00534887
-0.232549
0.181537
-0.328158
0.226827
-0.20608
0.182585
-0.31653
-0.0236274
-1.89751
0.877191
1.11058
-0.757466
-1.686
-0.0829288
1.94583
-1.03117
-0.121632
1.94751
-0.973328
1.93382
-0.958544
-0.591815
1.89965
-1.9393
0.937623
-0.879624
0.128044
-1.35762
-0.811022
1.92339
-0.952804
0.993328
-1.90551
-0.0757918
1.90801
-0.667764
0.717817
-0.0500522
1.79612
1.74502
-0.870347
-0.874672
-0.760903
-0.238983
0.999886
-1.04207
-1.90574
1.76654
-1.6968
-0.0697354
-0.782058
1.41352
-0.631459
-1.60915
0.980927
0.0450912
-0.0805383
-0.0680453
1.95534
1.88739
-0.889472
0.467481
-1.67724
1.65082
0.0636076
-1.56019
-1.62323
0.0239578
1.59927
0.638626
-0.881869
1.3161
-1.74483
1.77235
-0.816533
-1.70229
1.70229
0.914609
0.970784
-0.280721
0.827725
-0.93632
1.90027
-1.72168
1.72168
-1.92742
-1.94687
0.998291
0.5331
0.145625
-1.70616
-0.867478
0.452335
-0.101467
-1.72819
0.0220276
-0.119501
-0.986037
2.17617
-0.801769
1.5668
-0.765031
-1.72484
-1.45322
1.28518
-0.0381208
0.43032
-0.698401
1.78127
0.924816
0.711423
0.729472
1.94829
-1.01182
0.9503
-0.07724
-0.950494
1.94382
-0.905643
0.220082
-0.884926
1.76654
-1.83378
1.88898
-1.10922
0.95936
-1.95228
-0.801749
1.53264
0.651569
1.6968
-1.67285
-0.16526
0.515154
0.720868
-1.23602
-1.71279
1.71279
1.92801
-0.988907
-0.939101
-1.59386
0.81603
0.925976
-1.79264
1.79264
0.991932
0.936076
0.0429093
1.92929
-0.0550316
-0.316879
-1.37601
0.0197092
1.67582
-0.336159
1.91087
-1.47876
1.84611
-0.866981
0.851866
-1.01889
-1.67285
-1.74949
1.74949
-1.017
1.9482
1.95033
-1.01437
-1.98263
0.934904
1.96536
-1.006
-1.24853
0.466468
-1.94275
0.989831
0.952917
0.257979
-1.72266
0.783572
0.986655
0.921352
-1.67724
-1.57885
1.57885
-0.0218354
0.181915
1.61364
-1.70276
0.0891262
1.56246
-1.64181
0.0793484
-1.93457
0.938003
0.996572
0.945033
0.803705
0.256413
-1.61364
-1.56246
-0.849989
1.56141
-1.00922
1.94685
1.88525
-0.89787
1.65082
-0.950816
0.956298
0.988147
-0.944743
-0.94647
-1.0213
0.277049
0.872057
-1.08
0.917066
-1.26875
-0.648035
0.932332
0.992044
0.850479
1.25474
0.84659
-0.00830453
-0.250401
-0.987073
-0.830598
1.81767
0.973423
0.927646
-0.873685
-0.912529
1.78621
-1.97113
-0.874476
0.420716
-1.91582
0.926915
-0.929911
0.932892
-1.64727
1.80816
0.990985
-1.93573
-0.913612
-0.0523608
-0.931925
1.90535
-0.923099
0.939066
-0.98444
1.90682
-0.922377
1.57629
-0.945621
2.01895
-0.883517
-0.958438
1.94942
-0.873882
0.157805
0.856482
0.939642
-0.974042
-0.00882499
-1.49218
-0.756711
-0.887857
0.457488
0.182006
-0.136746
-1.92674
0.981457
0.604918
-0.911542
0.953723
-1.95972
-1.01063
-0.0522755
-0.107391
-0.928855
-1.02411
-0.994467
1.9268
0.903815
0.997503
0.949777
0.938507
1.11758
-0.636993
-1.0076
-1.05244
-0.965643
2.01808
-0.853853
1.42045
1.1518
-1.02576
0.760955
-0.509955
0.94655
-1.95117
1.00462
0.0721748
-0.92099
-0.564859
-1.01741
-0.962271
-0.992358
-0.516511
0.452375
-0.987491
-0.939252
0.934825
1.89795
-0.924069
-0.973879
-0.924257
1.91319
-0.977808
0.139425
0.951891
-1.93938
1.71238
-0.740454
-0.971923
1.92106
-0.92902
-0.420471
0.942659
-1.89072
0.94806
-1.96273
0.945732
-1.89598
-0.99307
-1.05577
1.72224
-0.970015
0.325718
0.102291
0.0251446
-1.01317
0.933825
-0.911892
-0.984091
-1.02067
-0.940741
1.92871
-0.987972
0.948521
-1.96169
-1.02984
1.00788
-1.96632
-1.94389
0.953321
0.951851
-1.96926
1.04595
-1.21411
-0.198423
1.41253
1.04954
-1.93306
-0.885009
0.386269
0.993868
-1.93297
0.942542
-1.97238
0.365046
1.08109
-1.45058
0.0604478
0.982561
0.987843
0.93322
-1.93258
0.983573
0.949003
-0.141731
0.834031
0.579486
0.984173
0.592315
-1.56665
0.974334
-0.997751
1.76106
0.0320905
-0.951165
1.95905
0.31335
0.92501
-0.94015
-1.00533
1.94548
0.612353
0.678094
-0.0536555
0.114816
-1.05404
1.92356
-0.935718
0.847958
0.685614
-1.53357
1.12449
-1.94583
2.06703
-1.5834
-0.977506
1.9294
-0.982821
-0.956561
1.02074
-1.98638
0.363335
-0.933456
-0.957263
0.977936
-1.91422
0.93628
-1.89326
0.974174
-1.89655
-0.946783
0.0158917
-0.186567
0.207368
0.94152
0.950018
-1.88347
-1.00965
0.442144
-0.962423
1.12586
0.889413
-0.95493
-1.05288
0.790773
0.968507
-1.92131
0.902943
0.67335
0.00841979
-0.841477
-0.778311
0.198643
-0.00707746
0.98625
0.940549
-0.883627
1.80844
-0.161407
0.975399
-1.88729
1.01826
-1.94233
-0.874254
-0.908675
-0.0620404
-0.818843
0.951207
0.934781
0.977895
-1.91268
-0.955033
-0.947657
-0.324845
0.169423
1.01234
-1.94119
-0.0358339
0.86809
0.63414
-0.105793
0.0912326
0.0145604
-0.0268059
0.936321
0.969027
1.91947
1.93909
-1.00058
-0.927425
1.95692
-1.15037
0.908192
0.988518
0.999464
0.0631484
1.90896
1.9452
-0.942785
-1.01891
-0.0218642
-0.0625841
0.0844483
-1.39844
-0.0927325
-0.260114
0.518503
-0.921152
1.46801
-0.14826
-0.000337095
0.359114
-0.358776
0.0655066
-0.0339201
0.0470718
0.0576923
0.931499
0.934964
0.572457
0.639471
1.16322
-0.786476
0.35873
-0.846768
-0.0499874
0.048705
-0.80651
1.85246
1.15649
0.209453
-0.617778
1.92412
0.997819
1.95244
-1.01337
-0.792668
-0.929413
1.91197
0.233705
1.0603
-1.85725
-0.930936
0.979098
-1.89073
0.911633
0.0287495
0.209029
0.0216828
0.974985
1.89128
-1.01093
-0.880353
-0.10987
-1.40402
-0.183188
-1.06736
0.880144
1.29603
0.0522971
-1.92814
-0.146027
-0.0279372
-0.119097
0.147034
0.63639
-0.916201
1.79529
-0.87909
1.86342
-0.868351
-0.995064
0.979542
0.0360727
1.28589
0.92572
0.963854
-0.944606
-1.46227
-0.507816
-0.518816
1.02663
0.060429
0.838692
0.0577756
0.417023
-0.474799
1.9417
-1.03789
-1.0165
-1.11203
-0.722808
-0.85733
1.58014
0.0585427
-0.938553
-0.132983
0.625853
-1.70602
1.89753
-0.993225
-0.642596
1.47663
0.591086
-0.0586966
-0.234599
-1.74762
0.831418
-0.574083
-0.105549
0.0427877
1.85968
-0.884597
-0.975085
1.0252
-1.03015
1.28463
0.662727
-1.33572
0.672991
0.597734
0.903014
0.0461244
1.87765
-0.912926
-0.758447
-0.131663
0.0474087
-1.89359
-0.0550813
-0.0646412
-0.924558
0.045809
1.06185
0.797832
-0.904508
1.83392
-0.929408
0.956068
-0.185325
0.218467
-1.54126
0.821644
-1.73343
0.911786
1.02918
-1.65778
-0.930122
1.70665
-0.841792
1.46713
-0.305594
0.244159
0.106715
-0.106715
0.204645
-1.20299
-0.985031
0.653551
0.0377623
-1.08728
-1.20895
0.840691
1.90618
0.55112
0.0799726
-0.98345
1.91037
0.976978
-1.9127
-1.95574
0.936836
0.330577
0.0574547
0.419187
0.981781
-0.114779
-1.02269
0.290697
-0.985844
1.91967
-0.178033
0.0842799
0.959352
-0.375813
-0.314658
-1.41233
-0.932063
1.90904
-0.0519782
-1.74716
0.863535
-0.0160431
0.919086
0.512712
-0.48416
-0.0285525
0.910533
-0.123614
0.0770818
0.0717822
0.0628225
-0.0628225
-0.773713
0.922696
-1.9522
1.04352
0.0658895
-0.0441543
-1.03002
-0.0390599
-0.228907
-0.123032
-0.0662062
-0.417718
1.76125
-0.811471
-0.130277
-0.568492
0.979684
-1.10114
-0.292961
-0.0410655
0.334027
-0.0948446
-0.110324
-0.0932563
0.0800865
0.208135
1.62975
-0.804274
-0.133593
0.928523
0.953977
0.892132
-0.39619
0.395853
0.0883042
0.954738
-0.300072
1.01265
-0.77969
-1.356
2.13569
-1.58379
0.63913
-0.0783809
-0.0710659
-0.0906691
-1.92248
-0.123343
1.30062
-0.701079
-0.599543
-1.58907
0.0988643
0.926958
-0.208907
0.108111
0.373042
-0.823241
-0.579832
-1.41633
-0.0676092
0.398186
-0.106676
-1.72226
0.899017
-1.24637
1.00918
0.304071
0.804481
0.967153
-1.77163
-0.603191
0.156898
0.559415
0.185624
-0.0938585
-0.92218
0.503895
-1.28207
0.25563
0.24477
0.451245
-0.299578
0.710922
1.00425
-1.71517
-0.102486
-0.660562
1.05764
1.06618
-1.0394
-0.901789
-0.0922598
-0.490088
0.0553447
0.775465
0.101519
-0.265232
-0.358854
-0.875106
-0.173076
-0.0789588
0.763115
0.142904
0.0336682
0.978302
-0.0854803
-0.649615
0.957653
-0.256109
0.887182
0.596452
0.226701
-0.869422
-0.318054
0.942037
-1.8292
-0.679558
1.69708
0.0603861
0.079122
-0.17669
1.02291
-1.70246
1.71038
-0.75232
0.679485
-0.114568
0.382665
-0.774193
-0.53565
-0.176865
0.0802382
-0.798867
1.64546
0.80518
-1.52799
-1.7625
0.833097
1.71547
-1.00565
-0.709822
0.520966
0.746037
0.334626
0.345267
-0.679893
-1.05291
0.545097
-0.931086
1.8248
0.318969
1.07799
-1.89782
0.819837
0.87023
-0.503113
0.00983777
-0.177125
0.829978
-0.161003
-0.842376
1.75381
-0.911435
0.731333
-1.4798
0.748462
-1.06652
-0.942313
1.90781
-0.96981
0.869962
-1.84189
1.0644
-0.681896
-1.33024
1.91438
0.270719
0.0706273
0.969977
0.796654
0.700022
-1.49668
-0.463488
0.18422
0.323932
-1.08866
-0.88483
-0.565288
1.45012
0.911512
-0.803082
-0.20087
0.00191153
0.198959
-0.284247
1.56844
-1.148
-1.97606
1.21948
1.51187
0.0271002
0.78513
-1.55016
0.348193
0.164519
0.080563
-1.72784
0.465593
-0.679446
-0.631272
-1.48059
-1.49669
0.655217
-0.988513
0.382738
-0.0069396
0.917905
1.02654
0.656856
0.643766
-1.12942
1.9339
0.979125
-1.16497
-0.0277339
0.454316
-0.609994
-0.859298
1.46929
-0.0651647
-0.0353054
1.75694
-0.294816
-0.0538393
0.0248328
0.937023
-1.16542
-0.0779835
-1.36237
-1.28149
0.310286
0.770714
-1.41331
-0.964313
1.91723
1.83712
0.122927
-1.84532
1.06486
1.24468
0.759633
0.0613956
0.314989
-1.9069
0.816699
0.780567
0.949
0.277459
-0.988219
1.82132
-0.0955833
0.222746
-0.127163
1.36539
-0.702663
-1.11327
-0.00222804
0.480039
0.283034
1.27623
0.420412
-0.434589
0.0735203
1.00602
-1.76138
-0.993227
0.625051
-1.52737
0.950066
0.952481
-1.46765
1.56624
-0.9314
-0.962605
1.48298
0.265596
-0.789818
-1.94162
1.01068
-0.0837851
-0.676507
0.329017
0.736675
0.523875
-0.198678
0.0109368
-0.132512
0.797781
-1.7678
0.968269
-0.334928
0.758237
-1.55233
-0.941719
1.4433
-0.0677232
-1.15777
-1.36048
0.264737
-0.00547442
0.69343
0.613057
-1.37715
1.49343
-0.116282
0.765215
0.83204
-1.59725
-0.974134
0.768716
-1.01995
-0.345371
1.36532
0.413532
-0.925368
0.981809
1.68937
-0.790357
-1.58513
0.00172843
1.30492
-1.91331
-1.0441
0.791924
-1.50491
0.712981
0.555585
-0.976563
-0.0483715
1.02493
-0.339654
0.417646
-0.048968
-0.368678
-0.563443
0.262562
0.0205035
1.25623
-0.504409
1.90255
-0.11169
-0.240831
0.352521
0.208824
-0.201986
0.171255
-0.805918
-0.83983
1.4962
0.740319
-1.37178
-0.725962
1.41591
-0.796266
-0.619646
-0.094055
-0.0198079
-1.94912
-0.552961
0.866834
-1.22721
-0.178164
-0.678862
-1.53466
1.05236
-0.715767
-1.90102
-0.786877
-0.0389481
0.358328
-0.849595
-1.15451
0.496686
1.72792
-0.942788
-0.763944
0.585627
0.349369
0.767222
0.765414
1.32209
0.189581
-0.693648
-0.971274
0.607734
-0.863634
1.39558
1.73775
-1.02683
0.790072
0.194072
0.376375
-0.390202
0.013827
0.478729
-0.00222745
0.963294
-1.33976
-0.712331
1.0113
-0.661545
0.81255
-0.368023
-0.046607
-0.813143
-1.29226
0.728012
0.564249
1.49481
-1.69991
0.205108
-1.45824
0.618378
0.191897
-0.513383
1.2301
-0.726948
-0.0264278
-0.000772489
1.33735
-1.23183
-0.105522
-1.2443
0.176939
-0.237559
-0.763547
0.204674
-0.555191
0.350517
-0.208509
0.0962301
0.240052
0.17157
-0.302397
0.732717
-1.43931
-0.602351
0.988464
0.541037
0.183141
-0.0242765
-0.614679
0.989564
0.70752
0.932867
-1.43087
-0.032276
0.0902
-0.0902
0.543924
-0.445995
-1.07742
0.593944
-1.45324
-0.0311195
-0.274969
1.04146
-0.0283736
-0.639427
-0.840368
1.91987
-1.67647
0.28606
0.895476
0.724931
0.540298
1.34171
0.29722
-0.192143
-0.105077
0.959908
-0.096766
-0.863142
-0.955805
0.673209
-1.39717
0.723959
-0.207134
-1.03595
1.1577
-0.121752
0.587368
-1.60732
-0.872763
0.14297
-0.73969
-0.101058
-1.21789
1.21264
-1.37857
1.30284
0.0757391
-0.176418
-0.129176
0.720292
-1.477
1.01113
-1.96874
0.95761
0.0345088
0.00082846
-0.271226
-1.16447
0.42811
-1.38918
0.0325525
0.855085
0.853765
-1.70885
-0.408403
0.985829
0.157345
-0.0439669
-0.113378
0.160918
-0.160918
1.68698
0.619403
0.721505
1.26589
0.423779
-0.90524
-0.00365859
0.195186
0.591625
-0.983701
1.90279
-0.125048
1.61985
-1.59269
-0.450595
-0.466467
0.774945
-0.655702
-0.73023
0.355371
0.374859
-1.21407
1.28333
-0.0692576
0.548307
-1.3225
0.686909
-1.64694
0.960027
1.4419
-0.127731
0.206545
-1.42571
0.382728
0.0382145
-1.0849
1.18903
-1.19224
0.541324
0.952465
0.0489093
-0.916117
0.302156
-0.00233781
-0.0825396
0.354005
-0.184582
0.607167
0.834734
-0.212242
0.219717
-1.52862
-1.50831
1.6696
-1.67645
-0.962589
1.79874
1.21864
0.270348
-0.150273
0.777765
0.631132
0.840798
0.189093
0.00540489
-0.376435
-1.00765
-0.123285
-1.23908
-0.760091
0.0132659
-0.0132659
0.334986
-0.261956
0.624029
-1.50886
0.0419987
-0.957954
-0.0182822
0.0182822
-0.895766
1.6356
-0.887143
-0.028976
0.028976
0.242988
1.21569
-0.0166674
0.379783
-0.0373786
0.0373786
1.24183
-0.0383786
0.0383786
0.0539224
1.25657
-1.31049
0.133869
-0.0454393
0.0454393
0.300417
-0.0574824
-0.124342
0.181825
-0.0357669
-1.0977
0.547642
-1.49326
-0.497934
0.0437406
-0.0437406
-1.38705
-0.597393
-0.289121
-0.355363
1.02386
-0.668493
-1.23315
-0.048561
0.048561
0.0653095
0.525776
-0.0419723
0.0419723
-0.633282
-0.431103
0.0543768
-0.0543768
-1.72636
-0.901692
-0.0438642
0.0438642
0.3423
1.26991
0.0457524
-0.0457524
-0.0410957
0.0410957
-0.138064
0.0423752
-0.0423752
-0.0413258
0.0413258
-0.628144
0.912201
0.0421091
-0.0421091
-0.103396
0.164044
1.44939
-0.745839
0.0280257
-0.0280257
-0.0568445
0.0568445
-1.30486
-0.178237
-0.522092
-0.93115
0.0386526
-0.0386526
0.572674
0.200118
-1.39705
1.55971
-0.933855
-0.243457
0.157519
0.0859386
-0.18857
-1.35269
0.0180494
-1.01839
1.3432
0.504371
0.705944
-1.54733
0.669562
-0.30614
0.45552
-0.149379
0.0483942
-0.0483942
0.0138328
0.0629028
-1.22067
0.533985
-0.273962
-0.046383
0.0420746
-0.0420746
0.0407398
-0.0407398
0.0387344
-0.0387344
0.0365304
-0.0365304
0.0414382
-0.0414382
0.618314
0.647573
0.0442412
-0.0442412
-0.0406432
0.0406432
0.147718
-0.0540319
0.0540319
0.269443
0.11246
-1.33796
0.859726
-1.67626
0.577152
0.971993
0.0397348
-0.0397348
-0.0602479
0.0602479
0.0394398
-0.0394398
0.498682
-0.477744
-0.153311
-0.266827
0.042672
-0.042672
-1.49014
0.0399396
-0.0399396
0.613782
1.32465
-0.440962
-0.40583
0.269146
0.0431273
-0.0431273
-0.048348
0.048348
0.0545493
-0.0545493
-1.4642
0.898908
0.410154
-0.321274
-0.0888804
-0.00490228
-1.32026
0.219116
-0.0512706
0.0512706
-0.278467
1.49014
0.0887039
-1.19126
0.0294047
-0.0294047
-0.803794
-0.0537138
0.0537138
1.568
-1.56364
-0.0354238
0.0354238
-0.0531775
0.0531775
0.137588
-0.137588
0.627587
-1.41875
-0.0379919
0.0379919
-0.0540059
0.0540059
-0.526748
0.971539
-0.444792
0.792306
-1.61821
-0.376466
-0.605099
0.981565
-1.60805
0.0478542
0.841914
1.01055
0.0435615
-0.0435615
-0.0384337
0.0384337
-0.0434311
0.0434311
0.729937
-1.55195
0.82613
-1.80983
-1.43829
1.43829
0.642608
-1.33252
0.355579
-0.0495363
1.33456
0.0484638
-0.0484638
-0.0572659
0.0572659
-0.949819
-0.453431
0.0442149
-0.0442149
-0.0634063
0.0634063
0.448937
-0.620051
0.0308653
-0.30877
-0.0669163
0.0669163
0.0437644
-0.0437644
-1.78722
0.912115
-1.59559
0.565441
0.0468019
-0.0468019
-0.288882
-0.079108
-0.0756423
0.0756423
0.0566912
-0.0566912
-0.059312
0.059312
0.0460587
-0.0460587
-1.11475
0.979613
-1.26092
-0.0250431
0.870676
-1.79523
-0.0570559
0.0570559
0.0678046
-0.0678046
-0.093909
0.093909
-0.00280363
-0.280816
0.506152
0.032285
-0.032285
-0.180687
-0.388646
-0.0603842
0.0603842
0.160837
0.358042
0.65461
-0.0161866
-0.895726
0.0450215
-0.0450215
-0.0613346
0.0613346
-1.34893
1.42949
-0.394828
-0.824766
1.21959
-1.41732
-1.15473
0.629462
0.0879616
-0.423957
0.335995
0.0457915
-0.0457915
0.0475744
-0.0475744
-0.0560259
0.0560259
0.377334
-0.132628
0.600191
0.272719
-0.721303
0.448585
0.439606
-0.111212
-0.382407
-0.162135
0.544542
0.106053
-0.106053
-1.43491
1.43491
-0.0554657
0.0554657
0.540338
-0.435522
-0.462402
0.108273
-1.10485
-0.0453656
0.0453656
0.100918
-0.100918
-0.267906
-0.0175434
-1.13602
1.28136
-0.0519978
-1.18115
0.86221
0.0447229
-0.0447229
0.0384776
0.063739
-0.063739
0.652847
0.525633
-0.347169
-0.279001
-0.579689
0.319575
0.431092
-0.375747
-0.0959598
-0.452156
0.464872
-0.0127164
-1.59949
0.821174
0.0390888
-0.0390888
0.575999
0.269272
-0.0688374
0.0688374
-0.744951
0.902756
-0.981795
-0.148702
0.111379
-1.22613
0.0319947
-0.0319947
-0.0703572
0.0703572
-0.0713791
0.0713791
-0.0812169
0.0812169
-0.0741394
0.0741394
-0.076051
0.076051
-0.0730235
0.0730235
0.211285
-0.266222
0.0656585
-0.073859
0.073859
0.893946
0.0870849
-0.0870849
0.366314
-0.0684928
0.257148
0.0176587
-0.0176587
0.653982
-1.50783
-0.0994874
0.0295684
-0.0834077
-0.136136
-0.35674
0.492877
0.000786193
-0.000786193
0.383365
-0.0220412
0.0220412
0.133583
-0.056148
0.056148
1.35932
0.578659
0.219914
-0.0809808
0.0809808
-0.459451
-0.03184
-0.0871786
-0.426762
0.513941
0.131182
-0.131182
-0.175901
-1.02709
0.153085
-0.218642
-0.0399001
0.422628
-0.905708
-0.147173
1.24436
-0.727646
0.523125
0.196244
-0.843643
-1.31836
0.400859
-0.0649906
0.1053
0.0126682
0.405752
-0.153588
-0.0147116
-0.00991221
1.08082
1.09902
0.101889
-1.20091
1.18156
-0.677193
0.262152
0.983933
-0.812735
-0.171199
0.485913
-0.286667
0.329576
-1.38939
1.00597
0.383423
-1.39551
0.686185
-0.942894
-1.62027
0.0596783
1.56059
1.36376
-0.639937
-0.996443
-0.926274
-0.971212
-1.35611
0.0163508
0.114465
-0.114465
0.166429
-0.650102
0.850767
0.385789
-0.561646
0.920376
-0.128108
0.128108
-0.174049
-0.8429
-0.0420264
-0.866638
0.623143
0.618691
0.370766
-0.382479
0.301675
-1.08815
-0.328626
-0.0360324
0.403841
-0.489703
-0.828654
-0.851373
-0.547547
-0.463271
-0.100089
1.93133
1.27452
-0.0179478
0.0419123
0.238026
-1.02716
0.660793
-0.127694
-1.06007
1.79275
1.30949
-0.132674
-0.146178
-1.53726
-1.3447
0.267279
0.754659
-0.0810127
2.0168
-1.12467
-0.145576
0.0989688
1.12949
0.407778
-0.623137
-0.0381421
-1.047
-1.01338
0.376391
0.239451
-0.834071
-0.614421
-0.216149
-0.0822053
0.0822053
-0.0207187
0.0207187
-1.05441
0.229789
-0.743119
0.51333
-0.76411
1.04172
-0.605005
-0.728539
-0.328242
-0.00139058
-1.30334
0.249252
-0.301528
0.453918
-1.01089
0.594435
0.416455
-1.13039
1.08201
1.12621
-0.690995
-0.435212
-1.13261
0.153393
0.00166181
0.696276
-0.829101
1.37674
1.46524
-0.615754
1.02929
0.14539
-0.120723
1.08582
-0.65928
-1.33975
1.33975
-1.363
0.262403
-0.138751
-0.123652
0.756256
-0.228356
-0.631254
0.128933
-1.44775
1.47565
-0.287183
0.630586
0.932304
-0.923421
-0.00888305
-1.8949
-0.454699
-0.269681
0.0458972
1.30334
0.420167
-1.09645
0.676283
-0.199884
-0.00292823
0.250905
1.12201
-1.37291
1.28131
0.154095
-0.705087
0.241816
0.354876
-0.161036
0.215681
0.0013321
0.322265
-0.296919
-1.20651
-0.298281
1.41355
-0.854138
0.419951
-0.554406
-0.314263
0.868669
0.491448
-0.65206
0.160613
0.491371
0.0977848
-0.0977848
-0.244782
0.711336
0.449013
1.44102
-1.44102
0.361258
0.0580009
0.455695
-0.55976
1.1132
-0.163895
0.627272
0.380807
-0.129246
1.85073
-0.857571
-1.01594
0.0713342
-0.144878
-0.282216
0.427094
0.272301
-0.49583
-0.469666
-0.0824018
-1.17352
-0.0177365
1.10775
-0.365811
1.00093
-0.635118
0.359404
-0.100227
0.954379
-0.230956
-0.0874422
0.775441
-1.53389
0.98811
0.927415
0.0606953
1.00505
-1.25936
0.51264
-0.0427293
-0.285896
0.936135
-0.884797
-0.0513379
-0.309898
0.733681
-0.0866643
-1.72571
0.559516
-0.335634
0.52527
-0.107624
-0.9601
1.7768
0.00608191
-0.121422
0.119635
0.81421
-0.910976
-0.00624998
0.00624998
-1.50543
0.432518
-0.100713
1.77358
-0.528597
0.711987
-0.124628
0.171418
-0.0533392
0.519556
0.040674
0.152552
-0.0881805
0.29482
0.598208
-0.991336
0.393128
0.0391511
-0.0391511
0.123695
-0.123695
-0.815804
1.60811
0.679399
-1.59193
-0.0336269
0.0336269
1.25936
-0.640134
0.394724
-0.548917
-0.607936
1.15685
-0.386545
-0.127657
-0.433362
-0.681013
0.350709
0.382573
0.342916
0.370465
-0.46736
0.924848
-0.0100592
0.0100592
-0.936772
1.5679
-0.184019
0.184019
0.201708
-0.19933
0.506229
-0.306899
-1.11543
-0.141461
0.291332
-1.24313
0.64359
0.396621
0.437682
0.367774
0.775542
-0.684277
-0.275512
0.355599
-0.335809
0.511055
-0.175246
0.370006
-1.33288
0.182502
1.80362
-0.848882
-0.285379
-0.233787
0.519166
-0.234764
0.700357
0.00943682
0.0940327
-0.10347
-1.26997
-0.344595
0.286068
0.579664
0.0516259
-0.36968
-0.917037
0.00214417
0.146915
0.317165
-0.619907
0.0877725
-0.00726797
-0.281614
-1.70925
-1.35523
1.34354
0.276318
-0.0481757
0.0481757
-0.160274
-0.952994
0.0572688
-0.140454
0.582636
-1.44519
-0.0463497
0.213214
-0.166864
-0.0922983
0.0922983
1.35891
-0.337219
-1.02169
-0.373069
0.0597342
-0.876409
0.425814
0.247054
-0.128321
0.402192
-0.122317
0.336189
-1.45162
-0.82744
0.00399406
-0.691527
-0.166009
1.13799
-0.15718
0.106919
0.0502611
0.426727
0.237334
0.36829
0.806892
-1.6227
0.347149
-0.216737
-0.292141
-1.53466
0.651591
0.844614
0.138093
-0.138093
0.825513
0.199422
-0.489332
0.15754
0.179064
-0.614759
1.23307
-0.283401
-0.446829
-0.669748
1.43049
-0.655281
1.43072
1.94324
-0.0540135
0.066713
0.363263
0.896193
-0.669492
-1.03112
0.966995
-1.58549
-0.724249
0.186598
-0.426108
0.103825
0.322283
1.41667
-0.127749
0.100031
-0.963173
-0.0377605
-0.170931
-0.39777
0.342178
-1.53263
0.179943
0.541174
-0.0282997
-0.89269
0.182252
1.41722
-0.819483
0.344067
-0.83079
0.362753
0.0915624
0.978542
0.333888
0.319233
0.329253
-0.362033
0.60735
-0.529458
0.142705
-0.243997
0.956236
-0.196329
-0.255286
0.451615
0.84308
0.474193
1.30324
0.497108
0.311282
0.0384776
-0.170254
-0.236973
0.407226
-0.165585
-1.0766
-0.892142
0.0109368
-0.154417
0.543283
1.11847
-0.621783
-0.919747
0.0102429
-0.0686289
0.222896
-0.536458
1.20682
-0.154257
0.132422
0.487939
0.29259
-0.700135
0.652266
-0.296895
-0.358545
-0.110436
0.468981
-0.710946
-0.997904
0.332215
-0.0504657
-0.541024
0.742732
0.835356
-1.16121
0.325852
-0.320688
0.695059
-0.37437
0.00256438
-0.819797
-0.986414
1.30713
0.163733
-0.0243236
0.0814928
-0.400619
-0.135062
0.392689
0.327306
-0.508961
-0.283552
-0.0740361
0.357588
0.714976
0.263315
-0.263315
0.636006
-0.108335
-1.48436
-0.111129
-0.279074
0.763804
-0.421504
-0.15967
-0.435284
-0.146436
0.146436
-0.262953
-0.142451
0.405404
-0.481546
0.224228
-0.00840264
-0.190122
-0.274998
0.540093
-0.884373
-0.380374
0.983887
-0.620551
-0.349147
-0.894709
-1.22552
1.57153
-0.917979
-0.231231
-0.305227
-0.28557
-0.551282
-0.749436
1.1199
-0.329118
-0.369283
-0.234526
-0.292528
0.527055
-0.302164
0.494061
-1.24884
0.581285
-1.50103
0.257515
-0.199823
0.0576117
0.246802
0.644105
0.600576
-0.577952
-0.12936
-0.199663
-0.198073
0.397736
0.448852
0.677222
-0.225192
0.285621
-0.221775
-0.177529
0.603885
0.00176828
-0.465628
0.986176
-0.520548
-0.35037
-0.105223
0.455592
0.482124
0.161099
-0.02808
0.711696
-1.14629
-0.71058
-0.22721
0.715149
0.362836
-0.297743
-0.0650935
1.35376
-1.35376
-0.00189182
0.0755979
0.356354
-0.505734
1.24122
-0.302166
-0.0567607
0.358927
0.221893
1.53485
-0.804915
-0.752898
0.293218
-0.36901
1.42735
-0.626279
1.43317
0.00276849
0.951083
0.516043
-1.5533
-0.210034
-0.0470757
-0.0525994
0.0996751
-0.223557
-0.00337725
-0.292035
0.266442
-0.000230121
-0.173464
-0.232356
-0.0507626
0.0507626
-0.206982
-0.262945
0.469927
0.236536
-0.288515
1.31643
-0.00026608
0.00332823
-0.879672
-0.269108
0.230048
0.321588
-0.431912
0.257193
-0.846127
1.13703
-0.175891
-0.450991
-0.601922
-0.127566
0.48392
-0.0803215
0.258118
0.0714575
0.288338
-1.80713
0.667078
0.39056
-0.3458
0.26742
-0.0685481
-0.133438
0.637674
-0.262524
0.523127
0.0875463
-0.610674
0.287373
-0.244585
-0.450918
1.49444
-0.90115
-0.551332
0.971744
-0.0705497
-0.404249
0.346098
-0.395634
0.585635
-0.567946
-0.876257
1.42099
0.393546
-0.695943
-0.36538
0.422834
-0.0465046
0.356784
-0.461582
-0.177974
1.18212
0.890657
0.592323
0.310416
0.782448
-0.381688
-0.40076
0.347038
0.339064
1.58222
-1.21445
0.362596
-0.456455
0.785384
0.822725
-0.455693
-1.31844
0.0929201
-0.00563772
0.214053
0.267232
0.0102274
0.424972
-0.00430847
0.55871
-0.00133482
-0.00200541
-0.00220393
-0.013805
0.00490774
-1.26759
1.72473
-0.329936
-0.000908486
-0.60019
1.0283
1.0703
-1.69502
0.624726
-0.00318215
0.0633965
-0.000294983
-0.0322972
0.378395
-0.0891831
0.0891831
0.084099
0.00713359
-1.00978
1.55808
0.0755979
-0.341486
0.716345
0.00323226
-0.370659
-0.514267
0.382604
-0.22854
0.000455222
-0.865767
-0.258362
-0.00840841
-1.30336
0.0940796
-0.328678
0.011422
-1.35991
0.332816
0.231309
-0.29841
0.692179
-1.55795
-0.92741
0.409254
-0.165145
0.165145
-0.00292259
-0.0649912
0.00220954
-0.183584
0.187947
0.369162
1.54502
0.516445
-0.664814
1.54464
-0.00244323
0.418231
0.076854
-1.17456
-0.289387
0.231904
-0.159176
-0.336164
0.333827
-0.245284
-0.680729
0.683259
-0.0962928
-1.12438
0.573861
0.000536319
-0.390331
-0.005859
1.20433
0.953688
-0.684542
1.14221
-1.03083
0.624114
0.375773
-0.411994
0.442927
0.454692
-0.288233
0.259859
1.13186
0.0252888
-0.733501
-0.427738
0.186962
-0.219238
1.04347
0.46168
-0.146691
0.616521
-0.411846
-0.324505
-0.0485641
1.65158
0.170459
0.19051
-0.0329915
0.0113781
-0.187718
-0.343791
0.531509
-1.02046
-0.751234
-0.902707
0.135652
-0.0356687
-0.0999828
0.475336
-0.920128
-0.012519
-0.888555
-1.35857
-0.0233295
-0.0624029
-0.552781
0.175495
-0.00350993
-0.000450536
-1.27744
-0.0020984
0.272728
-0.563126
-1.14513
-0.631749
0.400792
1.28207
0.520928
-1.14271
0.616422
0.77916
-0.561856
0.143344
-0.0441746
-0.031535
1.45037
-0.444398
-1.09038
0.30442
0.136793
-1.02291
-0.392199
0.357312
0.293721
-0.247824
0.00225609
0.0217458
1.04109
0.686827
0.54334
0.725249
-0.809149
-0.279002
-1.16287
-0.602301
0.944481
-0.459259
-0.383779
-0.270514
-0.360699
0.411029
-1.13578
-1.66181
0.00728167
-0.301993
0.414065
-0.112072
-1.36991
-0.944028
0.000770015
1.39445
0.00530878
-0.225258
-1.40555
0.136847
-0.563609
-0.386991
0.241085
-0.616704
0.375619
0.443391
0.000560118
-0.509472
0.412662
-0.0674949
1.37409
-1.17039
-0.710526
0.416976
-1.40201
-0.0288568
-0.136392
0.154441
0.233921
1.03449
0.126936
-0.230831
0.293979
-0.0931613
1.51565
-0.899228
-0.000642678
-0.796326
-0.132616
-0.049911
0.182527
1.48743
-0.795255
-0.705891
-0.424564
-0.190012
0.614577
-0.574596
0.413841
-0.641051
-0.00563403
-0.00509837
0.446664
-0.606333
1.24618
0.511474
0.00370901
-0.258335
-0.373414
1.72499
-0.903198
0.0292728
0.178865
-0.00709417
0.308677
-0.0532956
-0.221587
0.195159
1.28873
-0.559041
-0.364749
0.523481
-0.158733
0.276617
0.4561
-0.626596
-0.570346
-0.00102193
-1.16879
0.679461
0.406774
-0.391884
-0.014336
0.764885
0.615343
-1.38023
0.00302749
-0.40282
0.266684
-0.000835505
-0.218987
-0.460458
-0.824984
-0.444615
-0.5962
0.361674
0.0771705
-0.0168725
-1.38566
0.335211
0.567637
0.66246
-0.0228273
0.115844
-0.665089
0.742154
-0.0341069
-1.05901
-0.115122
-0.58846
0.515001
-0.603393
0.101113
-0.527203
0.221976
-0.350097
1.02638
2.01793
-1.24922
0.0250781
0.866771
-0.761471
0.562943
0.0917272
0.143142
-0.195913
1.12878
-0.222974
0.20543
-0.0195159
0.393485
0.751797
0.922344
-0.832959
-0.947071
1.21868
0.432599
-0.476005
-1.23537
-0.435842
-0.342226
0.936661
0.745105
-0.657559
0.0471745
0.411533
-0.460501
-0.42847
-0.0620028
-0.59304
0.501785
0.265203
-0.68505
0.419847
-0.0694125
-1.46524
-1.33824
0.146607
0.102827
-0.590344
0.535448
-0.921228
-0.121829
1.0949
-0.725113
-0.522629
0.870675
-0.551978
-0.318697
-0.0209364
-0.28123
0.446843
-0.0142442
-0.299988
0.685778
-0.267308
-0.0772877
1.19117
1.19801
0.171077
-1.1012
-0.0350637
-0.186277
0.232086
-1.02518
-1.0943
-0.252413
0.119383
-0.115873
0.807192
-0.0999997
-0.285549
0.385548
0.300689
-0.11572
-0.310388
0.203205
1.06402
0.705158
0.247936
0.00179684
-1.31333
0.160715
-0.0900564
-0.506873
-0.0797794
-0.958838
-0.336557
0.0557403
0.153764
-0.154777
0.00101369
-1.02836
0.328172
-0.719077
0.963847
0.236631
-0.135518
0.509888
0.252143
0.707411
-0.0311166
0.108493
-0.109401
0.034609
0.117079
-0.116624
0.16885
-0.680998
-0.297056
0.35742
-0.425465
0.492349
0.370166
-0.493199
-0.0927289
0.0954974
-0.586412
0.346954
-0.132056
0.654709
0.213408
0.0269545
-0.0269545
-0.0152544
-0.108107
0.106773
-1.15285
0.144938
-0.701844
0.0155795
0.344188
-0.463689
1.04879
-0.330639
0.253616
-0.303692
0.0500762
0.630063
-0.388247
0.331152
0.0530618
0.0687291
-0.0877526
-0.313387
0.640656
-0.0850372
0.304951
-0.714181
-0.108363
0.455317
-0.433113
-1.36071
-0.916413
1.75511
-0.338851
0.307829
1.66565
0.458645
-0.0275536
-0.650524
0.260419
-1.10358
1.44811
-0.344536
0.0286982
-0.0286982
0.123106
0.129057
-0.252164
0.240232
-0.110247
-0.129984
-0.303801
0.407626
-0.0694719
0.298456
-0.301512
-0.636316
0.955284
0.49339
0.669343
-1.51823
-0.0989594
0.402935
-0.163108
-0.117394
-0.305068
-0.0307779
0.742512
-0.508591
0.288168
-0.222661
-0.0109124
-0.0519101
-0.220088
0.26716
-0.652904
0.316554
-0.419039
-0.718919
1.12276
-1.27842
-0.169852
-0.392003
0.0236188
0.372234
-0.00153628
-0.326706
0.68252
0.00523239
-0.627825
0.348026
1.33028
0.335895
-0.704779
0.266811
-0.310965
0.807555
-0.617974
-0.410388
0.271191
-0.223782
0.264573
-0.355242
-0.130406
0.028116
-0.00234714
-0.886208
-1.27746
1.493
-0.900682
-0.027457
-0.104552
0.0451598
0.00340118
-0.100723
1.033
-0.932274
0.190968
0.372389
0.188414
0.209772
-0.42295
0.343991
1.51591
0.272625
-0.379301
0.247161
-0.377438
-0.341199
-0.278852
0.0451598
0.104338
-0.231501
0.650515
0.157523
-0.0722188
0.148967
0.0853391
0.0149778
0.0458851
-0.0458851
-0.0438378
0.417039
-0.24797
-0.632623
1.03838
0.075912
-0.253655
0.312198
-0.0270521
-0.476744
0.353401
0.174564
-0.0418272
1.50861
-0.929952
-0.576351
-0.193993
-0.361198
-0.00453851
0.000175324
-0.605904
-0.895128
0.487462
-0.41687
-0.729416
0.0669034
0.290685
-0.536436
1.0127
0.0351964
0.126832
0.111791
-1.15206
-0.0351964
-0.915285
-0.376132
0.234487
-0.373712
0.0537221
0.409647
-1.49831
-0.670218
0.35755
-0.0862638
-0.137677
0.0926159
0.177115
-0.0273896
-0.586484
0.122108
0.283296
-0.343975
-0.0687642
-0.222443
-0.138219
-0.946375
0.155545
0.242191
0.400182
-0.546209
1.24578
-0.49223
-0.490019
0.372625
0.765705
-0.332809
0.300969
0.0183276
-1.29978
1.23037
0.899551
-0.438184
-0.461367
-0.341577
0.0438347
0.11469
-0.343597
-0.23582
0.344378
0.0792964
0.806283
-0.910627
-0.500382
0.264562
0.0843936
-0.0331424
-0.145038
-1.22555
0.170465
-0.201585
0.180333
0.0525771
-0.23291
0.012834
-0.0525761
0.0525761
0.400981
-1.05114
0.443204
-0.0963589
0.0963589
-0.693372
-0.345023
0.18402
-0.0101799
-0.291504
0.689568
-0.528956
0.266269
-0.111154
0.0750869
0.0547899
-0.0418272
0.920702
0.129801
0.354119
-0.576638
0.202267
-0.245829
0.588745
-1.33473
-0.472393
0.384333
-0.128462
0.143022
0.253519
-0.616628
-0.212192
0.0435282
-1.89414
-0.68448
-0.00647297
0.141907
-0.540641
0.917975
0.0209959
0.125163
0.0384502
0.666466
0.192031
-0.216307
-0.0384502
-0.0332618
-0.207437
-0.560887
-0.798226
-0.194765
-0.716211
0.775644
0.337557
0.00156783
-0.199882
0.47583
-1.29531
0.0317496
-0.189772
-0.127917
-0.0196185
0.315981
1.56368
-1.26681
-0.421773
0.0301414
-0.531632
1.24824
-0.0659026
0.76351
-0.630699
0.901047
-0.0196804
-0.775419
0.640105
0.025163
0.314055
-0.0907469
0.0374277
-0.749644
0.420526
-0.716933
0.48217
-0.00133578
0.10453
0.614687
-0.315105
-0.193856
0.013479
-0.659325
-0.304322
-0.00457956
0.415118
0.0126538
-0.466121
0.453467
-0.256621
0.0271055
0.334733
0.976959
-0.905624
1.04833
0.0883445
-0.0271055
1.65848
-0.544815
0.188075
0.0499675
-1.07043
-1.44804
0.233357
0.205471
0.329836
0.201673
-0.918124
0.199478
-0.0812278
0.59512
-0.692367
1.01671
0.0476339
-0.0469906
-0.0806667
-0.825699
1.06491
-0.1441
-0.0693186
-0.246692
-1.06436
-0.0817477
-0.133872
0.127295
-0.214343
-0.736741
1.06491
-0.00951941
0.00466907
-0.501277
-0.000174972
-0.134187
-0.0205903
-0.136532
-0.140353
0.322989
1.39195
0.698937
-0.437626
0.431767
1.43671
-0.395623
0.0676122
0.993383
0.439788
-0.358145
-0.557489
0.413389
0.166262
-0.146303
0.406924
-0.114148
-0.0797693
0.558498
0.149472
-0.051972
0.0443809
-0.30049
0.167009
0.619008
-0.0625249
-0.134775
-0.302299
-0.60091
0.333004
0.405854
1.86248
-0.0279838
0.272235
-0.364495
-0.0146229
0.186082
-0.307378
-0.163605
0.132062
-0.0272074
-1.39021
0.00455297
-0.1359
0.141034
0.353027
-1.44527
-0.442827
0.812916
-0.440605
-0.372311
0.102915
1.1383
0.322716
0.477526
-0.224584
-0.287763
-0.324278
-0.506513
1.15512
0.28467
-0.186013
-0.025163
-0.0139881
0.0783429
0.0625249
0.62575
-0.384149
-0.99608
0.0415446
-0.146904
0.0269837
0.181058
0.288869
-0.199586
-0.330543
0.265449
-0.306948
0.258414
-0.45227
0.289639
0.579177
-0.227103
0.21166
0.152456
-0.476665
-0.423249
0.27821
0.876891
-0.48994
-0.139798
-0.519463
-0.121588
-0.0625935
-0.143591
-0.124582
-1.15649
1.05577
0.406124
-0.860823
-0.0371811
0.0371811
-0.69632
-0.773668
-0.42743
0.451049
-0.584672
-0.19585
1.49014
-1.29429
0.0892479
-0.0911398
-0.726892
-1.1777
0.661186
-0.266462
0.6641
0.0264563
0.304343
0.0109972
-0.42433
0.313175
-0.10756
0.110792
-0.223323
0.0444121
0.123629
0.0372076
-0.75826
0.260262
-0.557157
0.0432574
0.283714
-0.385108
-0.112981
0.107094
-0.109099
-0.972285
-0.121299
0.0888487
-0.0997611
-0.18924
-0.277415
0.373274
0.124234
-0.326221
-0.0963846
1.21936
-0.818375
-1.21254
-0.88947
-0.518225
-0.707257
1.22548
0.214937
-0.137767
0.0966235
-0.825653
-0.092061
0.181765
-0.0939926
0.10394
-0.106383
-0.231162
-0.385466
-0.385342
0.164353
-0.132603
0.786973
-0.275499
0.348527
0.333348
-0.605247
-0.234221
-0.292982
-0.467449
0.810499
-1.85979
-0.252666
-0.338292
-0.0044881
0.0680496
0.442055
0.280662
-0.579566
1.43925
-0.520095
-0.166611
-0.203346
-0.768471
0.312778
1.09201
1.34346
-1.28047
0.0327748
-0.329226
-0.0488787
-0.973641
-0.0480539
1.53269
0.0871485
-0.0927825
0.322001
-0.0545819
-0.275417
-1.24376
0.494576
-0.342438
-0.268665
1.52341
0.201419
-0.0188334
0.0728379
0.086028
-0.241968
-0.665782
0.110857
0.00433682
0.0301414
-0.806371
0.0282776
-0.100317
0.0932227
-0.126599
0.342884
0.0633362
0.221955
-1.29367
-0.264657
0.836522
0.0833402
-0.619654
-0.41401
-0.414861
-0.466174
0.403365
-0.0116858
-0.069284
-0.0584649
0.631538
0.0776505
-1.4832
0.408733
-0.635189
0.412156
0.097896
-0.1001
0.453665
-1.09826
0.0519101
-0.00675027
0.610147
-0.153882
1.14726
-0.102579
0.181134
0.685216
1.20688
-1.26018
-0.194836
0.537098
-0.284563
0.261234
-0.179262
0.110233
-0.113156
-0.0921814
0.10485
0.0752886
0.150623
0.904966
-0.0824173
0.438985
-1.14624
0.273931
0.545076
-0.302296
-0.24278
0.463673
-1.28911
-0.051972
-0.32367
0.0797356
-0.0831128
0.499052
-0.0978492
0.0443869
-0.967515
1.07312
0.388082
0.153032
-1.45164
-0.258656
-0.240457
-0.0993493
-0.243155
-0.742486
-0.385114
1.1276
-0.0666477
-0.221704
-0.198725
-0.0385771
0.0157498
0.0974501
1.46524
-0.268836
-0.223809
-0.0362555
-0.262924
-0.00264261
-0.167819
0.0112032
0.0787087
-0.146728
-0.145638
-0.749071
0.158335
0.00229848
-1.45928
0.0232401
0.0722572
-0.0677757
0.204539
0.0416368
0.00706815
-0.246699
-0.345616
-0.8523
-0.0449217
-0.0844387
-0.817916
-0.418822
0.111341
0.590016
-0.36804
-1.16343
1.68421
0.343757
0.201002
1.01207
-0.0158511
-0.36791
-0.559515
0.285447
-0.27162
-0.0979556
-0.0827123
0.851347
-0.191113
-0.586196
0.260431
-0.166404
0.915487
-0.45205
-0.0325015
0.0396351
0.228745
1.53916
0.218473
0.26461
-1.26251
0.199956
0.0591678
-0.192512
-0.659787
-0.00904183
-0.592391
0.413103
-0.837065
-0.415538
-0.0197979
-0.580763
-0.347511
0.116588
-0.484629
0.48948
-0.691038
-0.335932
-0.134513
-0.414146
-0.400325
-0.181123
-0.277007
1.16307
-0.0205603
-1.31361
-0.462719
0.719132
-0.294932
0.119623
-0.492291
-0.621338
-0.499537
0.465563
0.201594
0.1284
-0.146669
-1.05762
0.112489
0.395988
0.0574783
0.732384
0.30098
1.03458
0.679788
-0.137746
0.554722
0.137745
0.013653
-0.701378
0.425961
0.0980993
-0.0840297
-0.0160702
-0.118766
0.553943
-0.14809
0.125027
0.599831
0.57365
-0.371977
-0.152632
0.0530612
-1.07824
0.394282
-0.199783
0.661034
0.168092
-0.13421
-0.0336086
0.131183
0.0171249
0.0111527
-1.38768
0.136869
-0.201491
0.349747
0.0135107
-0.00948592
0.554569
-0.555464
0.00986214
-0.144905
-1.1112
0.191229
-0.142451
-0.247713
0.230865
0.140578
0.0720271
0.111467
1.02948
-0.329364
0.244286
-0.42605
0.352847
-0.0621624
-1.01502
0.437087
-0.00187267
-0.754223
0.0958432
-0.32666
0.51764
-0.0314424
-0.413321
0.76403
-0.862453
0.328262
-0.906342
-0.649318
)
;

boundaryField
{
    SideWalls
    {
        type            empty;
        value           nonuniform List<scalar> 0();
    }
    Top
    {
        type            calculated;
        value           uniform 0;
    }
    Inlet
    {
        type            calculated;
        value           nonuniform List<scalar> 
18
(
-1.94444
-1.94444
-1.94444
-1.94444
-1.94444
-1.94444
-1.94444
-1.94444
-1.94444
-1.94444
-1.94444
-1.94444
-1.94444
-1.94444
-1.94444
-1.94444
-1.94444
-1.94444
)
;
    }
    Bottom
    {
        type            calculated;
        value           uniform 0;
    }
    Outlet
    {
        type            calculated;
        value           nonuniform List<scalar> 
18
(
1.9684
1.95539
1.95826
1.95141
1.95497
1.94707
1.95296
1.95731
1.95463
1.9636
1.95322
1.94327
1.89784
1.9477
1.89749
1.93685
1.93792
1.92171
)
;
    }
    Plate
    {
        type            calculated;
        value           uniform 0;
    }
}


// ************************************************************************* //
